9087.000000 -732.000000 -747.000000 -280.000000 -8132.000000 -32.000000
8677.000000 -1356.000000 -1860.000000 -483.000000 -7059.000000 873.000000
9247.000000 -1229.000000 -1819.000000 -585.000000 -4563.000000 1336.000000
9646.000000 -1279.000000 -1973.000000 -585.000000 -2554.000000 2007.000000
10124.000000 -1351.000000 -1674.000000 -463.000000 -1090.000000 2400.000000
10457.000000 -1467.000000 -1655.000000 -446.000000 -14.000000 2335.000000
10954.000000 -1527.000000 -1561.000000 -446.000000 493.000000 1829.000000
11260.000000 -1534.000000 -1566.000000 -463.000000 399.000000 1329.000000
11713.000000 -1523.000000 -1556.000000 -400.000000 129.000000 850.000000
12126.000000 -1474.000000 -1557.000000 -317.000000 -381.000000 357.000000
12471.000000 -1515.000000 -1577.000000 -239.000000 -708.000000 -196.000000
12653.000000 -1622.000000 -1701.000000 -167.000000 -827.000000 -782.000000
12861.000000 -1702.000000 -2048.000000 -149.000000 -910.000000 -1210.000000
13219.000000 -1750.000000 -2145.000000 -94.000000 -729.000000 -1593.000000
13550.000000 -1672.000000 -2435.000000 -140.000000 -143.000000 -2132.000000
13717.000000 -1697.000000 -2547.000000 -259.000000 358.000000 -2796.000000
13714.000000 -1700.000000 -2764.000000 -392.000000 736.000000 -3626.000000
13483.000000 -1716.000000 -2912.000000 -507.000000 937.000000 -4470.000000
13046.000000 -1745.000000 -3157.000000 -644.000000 1085.000000 -5323.000000
12751.000000 -1754.000000 -3421.000000 -875.000000 1411.000000 -6035.000000
12410.000000 -1785.000000 -3710.000000 -1115.000000 1819.000000 -6575.000000
12066.000000 -1707.000000 -4116.000000 -1254.000000 1843.000000 -7125.000000
11508.000000 -1679.000000 -4577.000000 -1375.000000 1708.000000 -7720.000000
10847.000000 -1727.000000 -4839.000000 -1760.000000 1712.000000 -8269.000000
10093.000000 -1819.000000 -5109.000000 -2342.000000 2182.000000 -8698.000000
9322.000000 -2006.000000 -5050.000000 -2952.000000 2650.000000 -8915.000000
8776.000000 -1944.000000 -4969.000000 -3375.000000 2430.000000 -8902.000000
8399.000000 -1858.000000 -4837.000000 -3613.000000 1778.000000 -8803.000000
8110.000000 -1720.000000 -4633.000000 -3825.000000 1260.000000 -8647.000000
7708.000000 -1619.000000 -4517.000000 -4060.000000 995.000000 -8477.000000
7255.000000 -1450.000000 -4434.000000 -4283.000000 685.000000 -8286.000000
6777.000000 -1291.000000 -4317.000000 -4559.000000 595.000000 -8067.000000
6284.000000 -1179.000000 -4239.000000 -4839.000000 729.000000 -7753.000000
5889.000000 -1014.000000 -4141.000000 -5153.000000 1093.000000 -7370.000000
5485.000000 -811.000000 -3996.000000 -5531.000000 1412.000000 -6917.000000
5079.000000 -686.000000 -3825.000000 -5946.000000 1670.000000 -6380.000000
4702.000000 -573.000000 -3608.000000 -6289.000000 1790.000000 -5838.000000
4539.000000 -325.000000 -3330.000000 -6606.000000 1755.000000 -5274.000000
4412.000000 -197.000000 -2947.000000 -6869.000000 1604.000000 -4819.000000
4304.000000 -75.000000 -2565.000000 -6996.000000 1288.000000 -4521.000000
4247.000000 12.000000 -2237.000000 -7062.000000 907.000000 -4235.000000
4101.000000 21.000000 -1878.000000 -7210.000000 925.000000 -3842.000000
3847.000000 92.000000 -1688.000000 -7369.000000 1350.000000 -3379.000000
3519.000000 147.000000 -1343.000000 -7519.000000 1949.000000 -2930.000000
3093.000000 308.000000 -1034.000000 -7548.000000 2416.000000 -2511.000000
2645.000000 319.000000 -838.000000 -7395.000000 2482.000000 -2051.000000
2424.000000 462.000000 -702.000000 -7172.000000 2027.000000 -1570.000000
2328.000000 695.000000 -547.000000 -7010.000000 1260.000000 -1135.000000
2312.000000 732.000000 -373.000000 -6908.000000 452.000000 -744.000000
2386.000000 774.000000 -215.000000 -6813.000000 -350.000000 -368.000000
2522.000000 857.000000 -98.000000 -6808.000000 -1190.000000 5.000000
2735.000000 887.000000 -32.000000 -6896.000000 -1920.000000 377.000000
2980.000000 1009.000000 536.000000 -7030.000000 -2725.000000 552.000000
3015.000000 925.000000 1366.000000 -6988.000000 -3868.000000 523.000000
2664.000000 796.000000 1717.000000 -6767.000000 -4441.000000 765.000000
1985.000000 749.000000 1700.000000 -6592.000000 -4021.000000 1517.000000
1811.000000 605.000000 1965.000000 -6460.000000 -3511.000000 2644.000000
2410.000000 354.000000 2588.000000 -6211.000000 -3969.000000 3737.000000
3087.000000 249.000000 3117.000000 -5870.000000 -4311.000000 4774.000000
3650.000000 -6.000000 3638.000000 -5522.000000 -3844.000000 5897.000000
4305.000000 -167.000000 4111.000000 -5089.000000 -3090.000000 6942.000000
5256.000000 -217.000000 4310.000000 -4505.000000 -2279.000000 7777.000000
5981.000000 -304.000000 4422.000000 -3812.000000 -1728.000000 8351.000000
6744.000000 -390.000000 4562.000000 -3077.000000 -1626.000000 8736.000000
7305.000000 -459.000000 4528.000000 -2388.000000 -1648.000000 9013.000000
7873.000000 -490.000000 4546.000000 -1795.000000 -1664.000000 9149.000000
8339.000000 -592.000000 4665.000000 -1231.000000 -1844.000000 9085.000000
8701.000000 -686.000000 4756.000000 -654.000000 -2017.000000 8923.000000
9289.000000 -870.000000 4805.000000 -83.000000 -2275.000000 8879.000000
9924.000000 -1062.000000 4887.000000 536.000000 -2593.000000 8902.000000
10631.000000 -1137.000000 4894.000000 1337.000000 -3140.000000 8876.000000
11273.000000 -1107.000000 4702.000000 2198.000000 -3724.000000 8709.000000
11650.000000 -1133.000000 4458.000000 3011.000000 -4117.000000 8357.000000
11970.000000 -1293.000000 4100.000000 3726.000000 -4063.000000 7954.000000
12246.000000 -1366.000000 3728.000000 4397.000000 -4054.000000 7487.000000
12301.000000 -1481.000000 2943.000000 5112.000000 -4424.000000 6995.000000
12461.000000 -1596.000000 2630.000000 5829.000000 -5588.000000 6665.000000
12837.000000 -1581.000000 1805.000000 6488.000000 -6239.000000 6434.000000
12942.000000 -1730.000000 1263.000000 6856.000000 -5252.000000 6110.000000
13154.000000 -1759.000000 685.000000 6913.000000 -3764.000000 5735.000000
13390.000000 -1808.000000 321.000000 6936.000000 -2297.000000 5408.000000
13431.000000 -1864.000000 -235.000000 7018.000000 -1145.000000 4950.000000
13463.000000 -1714.000000 -533.000000 7091.000000 -385.000000 4488.000000
13382.000000 -1818.000000 -792.000000 7089.000000 62.000000 3892.000000
13244.000000 -2008.000000 -1219.000000 7060.000000 140.000000 3242.000000
13365.000000 -2009.000000 -1549.000000 7019.000000 -174.000000 2710.000000
13466.000000 -1980.000000 -1630.000000 6919.000000 -773.000000 2092.000000
13462.000000 -2186.000000 -1835.000000 6831.000000 -1606.000000 1350.000000
13457.000000 -2335.000000 -2030.000000 6812.000000 -2244.000000 664.000000
13499.000000 -2475.000000 -2236.000000 6847.000000 -2808.000000 20.000000
13548.000000 -2492.000000 -2415.000000 6874.000000 -3118.000000 -609.000000
13652.000000 -2207.000000 -2396.000000 6702.000000 -3058.000000 -1270.000000
13589.000000 -2895.000000 -2693.000000 6281.000000 -3253.000000 -1820.000000
13414.000000 -3218.000000 -2946.000000 6162.000000 -2411.000000 -2560.000000
12867.000000 -3362.000000 -3457.000000 6202.000000 -1102.000000 -3310.000000
12346.000000 -3415.000000 -4000.000000 6146.000000 -373.000000 -3793.000000
12084.000000 -3287.000000 -4619.000000 6032.000000 263.000000 -4231.000000
12042.000000 -2893.000000 -5090.000000 5638.000000 523.000000 -4532.000000
11962.000000 -2721.000000 -5386.000000 5067.000000 589.000000 -4841.000000
11867.000000 -2582.000000 -5425.000000 4366.000000 515.000000 -5268.000000
11674.000000 -2505.000000 -5412.000000 3648.000000 277.000000 -5811.000000
11197.000000 -2486.000000 -5412.000000 3010.000000 -17.000000 -6322.000000
10676.000000 -2489.000000 -5468.000000 2402.000000 -259.000000 -6683.000000
10284.000000 -2466.000000 -5375.000000 1835.000000 -433.000000 -6792.000000
9852.000000 -2433.000000 -5343.000000 1311.000000 -331.000000 -6748.000000
9643.000000 -2313.000000 -5259.000000 768.000000 326.000000 -6602.000000
9297.000000 -2209.000000 -5331.000000 277.000000 887.000000 -6524.000000
9100.000000 -2046.000000 -5420.000000 -141.000000 1110.000000 -6527.000000
8898.000000 -1869.000000 -5360.000000 -628.000000 1220.000000 -6489.000000
8637.000000 -1619.000000 -5315.000000 -1140.000000 1123.000000 -6431.000000
8246.000000 -1344.000000 -5300.000000 -1686.000000 1034.000000 -6416.000000
7835.000000 -1159.000000 -5237.000000 -2283.000000 1023.000000 -6441.000000
7467.000000 -1036.000000 -4979.000000 -2954.000000 982.000000 -6456.000000
7204.000000 -943.000000 -4548.000000 -3556.000000 1005.000000 -6413.000000
6961.000000 -1013.000000 -4032.000000 -4090.000000 1173.000000 -6236.000000
6778.000000 -1066.000000 -3481.000000 -4448.000000 1237.000000 -5911.000000
6609.000000 -890.000000 -3154.000000 -4612.000000 1331.000000 -5417.000000
6425.000000 -715.000000 -2894.000000 -4730.000000 1473.000000 -4865.000000
6315.000000 -565.000000 -2616.000000 -4825.000000 1510.000000 -4411.000000
6343.000000 -369.000000 -2283.000000 -4919.000000 1429.000000 -4079.000000
6450.000000 -239.000000 -2010.000000 -5022.000000 1370.000000 -3857.000000
6421.000000 -185.000000 -1630.000000 -5057.000000 1262.000000 -3708.000000
6273.000000 -76.000000 -1296.000000 -5031.000000 1110.000000 -3553.000000
6059.000000 104.000000 -1164.000000 -5005.000000 1106.000000 -3353.000000
5912.000000 279.000000 -852.000000 -5086.000000 1331.000000 -3124.000000
5848.000000 306.000000 -537.000000 -5092.000000 1165.000000 -2886.000000
5766.000000 361.000000 -284.000000 -4944.000000 763.000000 -2641.000000
5804.000000 461.000000 -2.000000 -4815.000000 523.000000 -2361.000000
5765.000000 521.000000 318.000000 -4700.000000 432.000000 -2047.000000
5823.000000 562.000000 468.000000 -4517.000000 347.000000 -1698.000000
5890.000000 681.000000 540.000000 -4372.000000 465.000000 -1370.000000
5980.000000 799.000000 722.000000 -4318.000000 642.000000 -1087.000000
6157.000000 798.000000 970.000000 -4197.000000 537.000000 -876.000000
6424.000000 886.000000 1212.000000 -3999.000000 425.000000 -699.000000
6628.000000 940.000000 1299.000000 -3758.000000 304.000000 -561.000000
6695.000000 1028.000000 1432.000000 -3549.000000 335.000000 -419.000000
6708.000000 1097.000000 1532.000000 -3340.000000 347.000000 -345.000000
6876.000000 1139.000000 1686.000000 -3113.000000 317.000000 -264.000000
7025.000000 1162.000000 1782.000000 -2882.000000 221.000000 -131.000000
7112.000000 1219.000000 1812.000000 -2600.000000 173.000000 18.000000
7293.000000 1303.000000 1845.000000 -2314.000000 189.000000 175.000000
7537.000000 1470.000000 1720.000000 -1978.000000 12.000000 303.000000
7658.000000 1566.000000 1595.000000 -1720.000000 -4.000000 336.000000
7685.000000 1623.000000 1480.000000 -1582.000000 62.000000 323.000000
7754.000000 1624.000000 1427.000000 -1451.000000 47.000000 295.000000
7841.000000 1644.000000 1406.000000 -1331.000000 -123.000000 293.000000
7897.000000 1599.000000 1419.000000 -1235.000000 -285.000000 330.000000
7981.000000 1601.000000 1445.000000 -1083.000000 -302.000000 399.000000
8123.000000 1592.000000 1360.000000 -869.000000 -368.000000 498.000000
8351.000000 1680.000000 1180.000000 -685.000000 -370.000000 573.000000
