8464.000000 -967.000000 -2084.000000 -23.000000 -3987.000000 558.000000
9669.000000 -1612.000000 -2903.000000 151.000000 -4930.000000 1059.000000
9760.000000 -1425.000000 -2500.000000 -96.000000 -3352.000000 1124.000000
9837.000000 -1570.000000 -2511.000000 -396.000000 -3496.000000 1628.000000
9879.000000 -1665.000000 -2504.000000 -399.000000 -3260.000000 1872.000000
10192.000000 -1745.000000 -2569.000000 -396.000000 -2932.000000 1948.000000
10485.000000 -1758.000000 -2694.000000 -460.000000 -2532.000000 1913.000000
10664.000000 -1791.000000 -2922.000000 -549.000000 -1960.000000 1688.000000
10619.000000 -1662.000000 -2872.000000 -888.000000 -1349.000000 1430.000000
10742.000000 -1745.000000 -2866.000000 -1284.000000 -622.000000 1380.000000
10831.000000 -1966.000000 -2758.000000 -1600.000000 48.000000 1367.000000
11060.000000 -2101.000000 -2522.000000 -1727.000000 377.000000 1224.000000
11328.000000 -2336.000000 -2405.000000 -1617.000000 600.000000 915.000000
11684.000000 -2476.000000 -2317.000000 -1317.000000 704.000000 434.000000
11830.000000 -2332.000000 -2194.000000 -860.000000 319.000000 -126.000000
11956.000000 -2445.000000 -2296.000000 -353.000000 -193.000000 -665.000000
11921.000000 -2330.000000 -2435.000000 114.000000 -659.000000 -1230.000000
11987.000000 -2394.000000 -2689.000000 397.000000 -955.000000 -1677.000000
12010.000000 -2163.000000 -2884.000000 574.000000 -1107.000000 -2138.000000
11969.000000 -2299.000000 -3325.000000 556.000000 -1308.000000 -2494.000000
11992.000000 -2170.000000 -3435.000000 449.000000 -1083.000000 -2923.000000
11971.000000 -2294.000000 -3692.000000 229.000000 -811.000000 -3371.000000
11952.000000 -2287.000000 -3690.000000 125.000000 -541.000000 -3952.000000
11747.000000 -2211.000000 -3889.000000 65.000000 -501.000000 -4557.000000
11586.000000 -2239.000000 -4201.000000 -25.000000 -946.000000 -5075.000000
11383.000000 -2157.000000 -4172.000000 -168.000000 -1102.000000 -5602.000000
10981.000000 -2079.000000 -4382.000000 -148.000000 -924.000000 -6163.000000
10705.000000 -2007.000000 -4596.000000 -261.000000 -595.000000 -6572.000000
10318.000000 -2030.000000 -4840.000000 -493.000000 -511.000000 -6994.000000
9892.000000 -2044.000000 -5042.000000 -773.000000 -476.000000 -7390.000000
9437.000000 -2127.000000 -5164.000000 -1079.000000 -277.000000 -7696.000000
8993.000000 -2033.000000 -5261.000000 -1348.000000 -424.000000 -7821.000000
8685.000000 -1915.000000 -5414.000000 -1603.000000 -677.000000 -7752.000000
8584.000000 -1754.000000 -5481.000000 -1921.000000 -644.000000 -7649.000000
8271.000000 -1662.000000 -5596.000000 -2319.000000 -333.000000 -7546.000000
7935.000000 -1614.000000 -5650.000000 -2796.000000 243.000000 -7400.000000
7664.000000 -1527.000000 -5551.000000 -3270.000000 742.000000 -7231.000000
7416.000000 -1376.000000 -5413.000000 -3596.000000 958.000000 -7060.000000
7097.000000 -1168.000000 -5302.000000 -3802.000000 959.000000 -6945.000000
6715.000000 -869.000000 -5280.000000 -3913.000000 725.000000 -6914.000000
6296.000000 -676.000000 -5373.000000 -4015.000000 466.000000 -6855.000000
5869.000000 -484.000000 -5419.000000 -4209.000000 302.000000 -6710.000000
5550.000000 -333.000000 -5388.000000 -4462.000000 8.000000 -6409.000000
5373.000000 -113.000000 -5283.000000 -4796.000000 -136.000000 -5899.000000
5286.000000 79.000000 -5035.000000 -5191.000000 -37.000000 -5399.000000
5101.000000 204.000000 -4869.000000 -5540.000000 166.000000 -4914.000000
4925.000000 393.000000 -4622.000000 -5874.000000 712.000000 -4431.000000
4637.000000 505.000000 -4359.000000 -6227.000000 1317.000000 -4066.000000
4424.000000 615.000000 -4109.000000 -6529.000000 1505.000000 -3802.000000
4163.000000 708.000000 -3885.000000 -6735.000000 1395.000000 -3531.000000
3987.000000 744.000000 -3531.000000 -6986.000000 1259.000000 -3251.000000
3763.000000 767.000000 -3237.000000 -7159.000000 1170.000000 -2888.000000
3482.000000 829.000000 -2909.000000 -7266.000000 1202.000000 -2449.000000
3244.000000 947.000000 -2593.000000 -7379.000000 1435.000000 -2017.000000
2920.000000 1020.000000 -2330.000000 -7500.000000 1690.000000 -1665.000000
2558.000000 1095.000000 -1943.000000 -7572.000000 1761.000000 -1339.000000
2095.000000 1187.000000 -1649.000000 -7631.000000 1875.000000 -952.000000
1597.000000 1183.000000 -1367.000000 -7637.000000 1835.000000 -485.000000
1173.000000 1338.000000 -1072.000000 -7628.000000 1672.000000 160.000000
910.000000 1473.000000 -698.000000 -7631.000000 1463.000000 897.000000
831.000000 1424.000000 -184.000000 -7681.000000 1461.000000 1698.000000
899.000000 1343.000000 152.000000 -7540.000000 1255.000000 2516.000000
1246.000000 1298.000000 433.000000 -7345.000000 933.000000 3405.000000
1752.000000 1258.000000 790.000000 -7094.000000 687.000000 4320.000000
2364.000000 1011.000000 1109.000000 -6740.000000 540.000000 5140.000000
2979.000000 829.000000 1366.000000 -6333.000000 625.000000 5866.000000
3554.000000 629.000000 1586.000000 -5902.000000 1061.000000 6553.000000
4064.000000 530.000000 1794.000000 -5468.000000 1559.000000 7222.000000
4481.000000 461.000000 1998.000000 -5023.000000 1976.000000 7751.000000
4778.000000 340.000000 2176.000000 -4602.000000 2330.000000 7990.000000
4924.000000 181.000000 2298.000000 -4227.000000 2511.000000 7985.000000
4804.000000 85.000000 2327.000000 -3888.000000 2359.000000 7946.000000
4709.000000 -175.000000 2401.000000 -3667.000000 2114.000000 8009.000000
4854.000000 -417.000000 2605.000000 -3571.000000 1754.000000 8290.000000
5155.000000 -573.000000 2941.000000 -3466.000000 1435.000000 8751.000000
5451.000000 -884.000000 3269.000000 -3343.000000 1345.000000 9318.000000
5999.000000 -1380.000000 3584.000000 -3287.000000 1457.000000 10032.000000
6791.000000 -1774.000000 4091.000000 -3309.000000 1787.000000 10934.000000
7581.000000 -2052.000000 4584.000000 -3275.000000 2055.000000 11802.000000
8306.000000 -2379.000000 4984.000000 -3244.000000 2122.000000 12460.000000
9342.000000 -2550.000000 5646.000000 -3240.000000 1981.000000 12956.000000
10322.000000 -2749.000000 6169.000000 -3033.000000 1618.000000 13046.000000
11084.000000 -2979.000000 6643.000000 -2494.000000 492.000000 12590.000000
11723.000000 -3244.000000 6620.000000 -1678.000000 -644.000000 11878.000000
12312.000000 -3790.000000 6403.000000 -644.000000 -2135.000000 11179.000000
13549.000000 -3764.000000 6217.000000 482.000000 -4933.000000 10832.000000
14319.000000 -4471.000000 5306.000000 1066.000000 -6767.000000 11125.000000
15051.000000 -4712.000000 4401.000000 2024.000000 -7577.000000 10963.000000
15550.000000 -4402.000000 2688.000000 3425.000000 -6451.000000 9947.000000
15938.000000 -4251.000000 2377.000000 4546.000000 -4207.000000 8839.000000
15973.000000 -4199.000000 1593.000000 5093.000000 -1891.000000 7565.000000
16203.000000 -4000.000000 1363.000000 5208.000000 20.000000 6311.000000
16272.000000 -3901.000000 1426.000000 5178.000000 1134.000000 5058.000000
16122.000000 -3759.000000 1392.000000 5361.000000 1480.000000 3904.000000
15819.000000 -3646.000000 1145.000000 5607.000000 1273.000000 2678.000000
15177.000000 -3689.000000 936.000000 5932.000000 601.000000 1450.000000
14602.000000 -3619.000000 495.000000 6323.000000 -662.000000 421.000000
14151.000000 -3567.000000 108.000000 6585.000000 -2029.000000 -459.000000
13670.000000 -3625.000000 -328.000000 6682.000000 -3363.000000 -1235.000000
13210.000000 -3627.000000 -609.000000 6627.000000 -4186.000000 -1742.000000
12860.000000 -3646.000000 -875.000000 6465.000000 -4271.000000 -2110.000000
12443.000000 -3630.000000 -1162.000000 6278.000000 -4129.000000 -2497.000000
11989.000000 -3744.000000 -1350.000000 6022.000000 -3862.000000 -2954.000000
11672.000000 -3901.000000 -1382.000000 5657.000000 -3146.000000 -3380.000000
11321.000000 -4078.000000 -1314.000000 5365.000000 -2500.000000 -3739.000000
10922.000000 -4174.000000 -1344.000000 5176.000000 -1946.000000 -4012.000000
10765.000000 -4326.000000 -1331.000000 5036.000000 -1385.000000 -4156.000000
10684.000000 -4319.000000 -1431.000000 4968.000000 -1254.000000 -4240.000000
10680.000000 -4361.000000 -1495.000000 4904.000000 -1312.000000 -4390.000000
10600.000000 -4378.000000 -1572.000000 4852.000000 -1431.000000 -4631.000000
10457.000000 -4264.000000 -1779.000000 4858.000000 -1745.000000 -4926.000000
10397.000000 -4115.000000 -1976.000000 4811.000000 -2017.000000 -5257.000000
10300.000000 -3933.000000 -2242.000000 4737.000000 -2296.000000 -5618.000000
10294.000000 -3701.000000 -2672.000000 4652.000000 -2359.000000 -5914.000000
10149.000000 -3548.000000 -2902.000000 4455.000000 -2279.000000 -6245.000000
10058.000000 -3370.000000 -3349.000000 4273.000000 -2215.000000 -6546.000000
9970.000000 -3221.000000 -3737.000000 3979.000000 -1992.000000 -6800.000000
9753.000000 -3014.000000 -4055.000000 3565.000000 -1749.000000 -7018.000000
9654.000000 -2842.000000 -4316.000000 3098.000000 -1480.000000 -7161.000000
9605.000000 -2589.000000 -4596.000000 2628.000000 -1372.000000 -7315.000000
9549.000000 -2349.000000 -4735.000000 2086.000000 -1287.000000 -7513.000000
9350.000000 -2086.000000 -4816.000000 1477.000000 -939.000000 -7738.000000
8910.000000 -1927.000000 -4885.000000 875.000000 -447.000000 -7933.000000
8380.000000 -1728.000000 -4976.000000 334.000000 100.000000 -8032.000000
7868.000000 -1531.000000 -4986.000000 -209.000000 369.000000 -8093.000000
7453.000000 -1366.000000 -4917.000000 -797.000000 539.000000 -8070.000000
6977.000000 -1260.000000 -4722.000000 -1416.000000 721.000000 -7965.000000
6664.000000 -1091.000000 -4645.000000 -1974.000000 614.000000 -7749.000000
6429.000000 -961.000000 -4240.000000 -2588.000000 621.000000 -7400.000000
6260.000000 -783.000000 -4013.000000 -2959.000000 408.000000 -7008.000000
6143.000000 -545.000000 -3693.000000 -3346.000000 194.000000 -6597.000000
5860.000000 -364.000000 -3546.000000 -3615.000000 273.000000 -6208.000000
5617.000000 -96.000000 -3190.000000 -3903.000000 318.000000 -5858.000000
5280.000000 148.000000 -2984.000000 -4165.000000 392.000000 -5615.000000
4958.000000 329.000000 -2728.000000 -4473.000000 335.000000 -5366.000000
4784.000000 650.000000 -2248.000000 -4810.000000 281.000000 -4970.000000
4497.000000 583.000000 -2043.000000 -5205.000000 477.000000 -4435.000000
4444.000000 747.000000 -1663.000000 -5333.000000 566.000000 -3792.000000
4636.000000 875.000000 -1318.000000 -5432.000000 366.000000 -3199.000000
4769.000000 908.000000 -974.000000 -5535.000000 199.000000 -2744.000000
4917.000000 1020.000000 -606.000000 -5513.000000 -308.000000 -2358.000000
4972.000000 1005.000000 -337.000000 -5515.000000 -661.000000 -2029.000000
5144.000000 953.000000 62.000000 -5555.000000 -511.000000 -1604.000000
5436.000000 911.000000 437.000000 -5571.000000 -334.000000 -1086.000000
5778.000000 998.000000 839.000000 -5489.000000 -473.000000 -599.000000
6077.000000 1045.000000 1160.000000 -5247.000000 -608.000000 -232.000000
6245.000000 1100.000000 1336.000000 -4932.000000 -513.000000 24.000000
6487.000000 1167.000000 1471.000000 -4658.000000 -324.000000 247.000000
6653.000000 1132.000000 1571.000000 -4344.000000 -323.000000 429.000000
7031.000000 1160.000000 1675.000000 -3989.000000 -420.000000 624.000000
