9329.000000 -1120.000000 733.000000 -540.000000 -1762.000000 407.000000
9115.000000 -1506.000000 418.000000 -27.000000 -1744.000000 873.000000
9162.000000 -1253.000000 579.000000 128.000000 -981.000000 1064.000000
9407.000000 -1159.000000 674.000000 466.000000 -481.000000 1287.000000
9597.000000 -980.000000 677.000000 799.000000 -288.000000 1411.000000
9884.000000 -881.000000 620.000000 1002.000000 -258.000000 1500.000000
10507.000000 -1112.000000 359.000000 1202.000000 -449.000000 1563.000000
10812.000000 -738.000000 523.000000 1279.000000 -591.000000 1376.000000
11132.000000 -848.000000 721.000000 1381.000000 -1296.000000 1180.000000
11490.000000 -869.000000 837.000000 1503.000000 -1691.000000 816.000000
11676.000000 -932.000000 1111.000000 1686.000000 -1743.000000 434.000000
11982.000000 -883.000000 1187.000000 2089.000000 -2136.000000 259.000000
12343.000000 -925.000000 1043.000000 2524.000000 -2628.000000 162.000000
12830.000000 -1003.000000 803.000000 2925.000000 -3097.000000 40.000000
13473.000000 -1054.000000 534.000000 3291.000000 -3622.000000 -131.000000
14016.000000 -1056.000000 6.000000 3539.000000 -4192.000000 -458.000000
14504.000000 -986.000000 -632.000000 3597.000000 -4726.000000 -932.000000
14871.000000 -859.000000 -1062.000000 3396.000000 -5180.000000 -1635.000000
15063.000000 -896.000000 -1507.000000 2961.000000 -5150.000000 -2533.000000
15042.000000 -980.000000 -1911.000000 2474.000000 -4976.000000 -3484.000000
14871.000000 -961.000000 -2282.000000 2089.000000 -5139.000000 -4442.000000
14514.000000 -989.000000 -2639.000000 1667.000000 -5081.000000 -5412.000000
14056.000000 -1110.000000 -2763.000000 1122.000000 -4473.000000 -6220.000000
13573.000000 -1209.000000 -2812.000000 558.000000 -3594.000000 -6911.000000
13076.000000 -1299.000000 -2929.000000 195.000000 -3023.000000 -7654.000000
12413.000000 -1300.000000 -3208.000000 84.000000 -2898.000000 -8429.000000
11838.000000 -1283.000000 -3640.000000 -64.000000 -2780.000000 -9122.000000
11010.000000 -1319.000000 -4223.000000 -379.000000 -2429.000000 -9823.000000
9983.000000 -1409.000000 -4786.000000 -811.000000 -1798.000000 -10425.000000
9034.000000 -1361.000000 -5422.000000 -1275.000000 -1108.000000 -10794.000000
8078.000000 -1240.000000 -6147.000000 -1878.000000 -1278.000000 -10949.000000
7195.000000 -1280.000000 -6752.000000 -2782.000000 -1788.000000 -10750.000000
5936.000000 -1558.000000 -7537.000000 -3976.000000 -1960.000000 -10201.000000
5736.000000 -1322.000000 -7946.000000 -5256.000000 -2030.000000 -9373.000000
6402.000000 -1096.000000 -7512.000000 -6467.000000 -2277.000000 -8339.000000
7423.000000 -1347.000000 -6701.000000 -8008.000000 -1877.000000 -7269.000000
7825.000000 -1777.000000 -5594.000000 -9185.000000 -397.000000 -6628.000000
7346.000000 -1681.000000 -5055.000000 -9320.000000 1277.000000 -6719.000000
6392.000000 -1333.000000 -4880.000000 -8978.000000 1937.000000 -7267.000000
5324.000000 -1026.000000 -4935.000000 -8633.000000 1450.000000 -7903.000000
4197.000000 -840.000000 -5062.000000 -8507.000000 531.000000 -8301.000000
3061.000000 -499.000000 -5016.000000 -8715.000000 -120.000000 -8254.000000
1992.000000 -366.000000 -4680.000000 -9148.000000 -391.000000 -7730.000000
1420.000000 -54.000000 -4055.000000 -9674.000000 -439.000000 -6816.000000
1135.000000 116.000000 -3104.000000 -10150.000000 -348.000000 -5766.000000
860.000000 143.000000 -2103.000000 -10281.000000 -127.000000 -4838.000000
463.000000 187.000000 -1485.000000 -9976.000000 -22.000000 -4000.000000
314.000000 426.000000 -702.000000 -9429.000000 -83.000000 -3139.000000
374.000000 693.000000 -16.000000 -8759.000000 -236.000000 -2310.000000
417.000000 1020.000000 159.000000 -8011.000000 -495.000000 -1485.000000
396.000000 1407.000000 31.000000 -7469.000000 -541.000000 -757.000000
472.000000 1718.000000 197.000000 -7249.000000 -578.000000 -101.000000
580.000000 1956.000000 550.000000 -7183.000000 -617.000000 460.000000
857.000000 2092.000000 1089.000000 -7118.000000 -700.000000 1020.000000
1223.000000 2308.000000 1627.000000 -6939.000000 -798.000000 1542.000000
1467.000000 2433.000000 2215.000000 -6690.000000 -686.000000 2065.000000
1588.000000 2571.000000 2800.000000 -6275.000000 -547.000000 2512.000000
1879.000000 2764.000000 3065.000000 -5653.000000 -599.000000 2960.000000
2256.000000 2883.000000 3261.000000 -4996.000000 -691.000000 3436.000000
2745.000000 2958.000000 3598.000000 -4465.000000 -480.000000 3968.000000
3124.000000 2970.000000 3959.000000 -3992.000000 59.000000 4524.000000
3511.000000 2945.000000 4292.000000 -3509.000000 656.000000 5056.000000
4004.000000 2954.000000 4649.000000 -3004.000000 1172.000000 5631.000000
4472.000000 2890.000000 4925.000000 -2513.000000 1508.000000 6179.000000
4940.000000 2874.000000 5069.000000 -2056.000000 1568.000000 6559.000000
5604.000000 2683.000000 5318.000000 -1667.000000 1270.000000 6808.000000
6214.000000 2293.000000 5639.000000 -1305.000000 858.000000 6872.000000
6618.000000 1958.000000 5942.000000 -836.000000 590.000000 6739.000000
6893.000000 1648.000000 6143.000000 -184.000000 422.000000 6603.000000
7117.000000 1524.000000 6220.000000 566.000000 274.000000 6523.000000
7212.000000 1418.000000 6104.000000 1355.000000 72.000000 6450.000000
7341.000000 1253.000000 6009.000000 2041.000000 -5.000000 6412.000000
7677.000000 1068.000000 5963.000000 2685.000000 21.000000 6491.000000
8114.000000 826.000000 5900.000000 3381.000000 119.000000 6590.000000
8509.000000 540.000000 5604.000000 4121.000000 235.000000 6687.000000
9029.000000 260.000000 5174.000000 4825.000000 423.000000 6792.000000
9542.000000 110.000000 4679.000000 5568.000000 316.000000 6763.000000
9997.000000 13.000000 4007.000000 6273.000000 17.000000 6537.000000
10545.000000 -316.000000 3259.000000 6822.000000 -428.000000 6230.000000
11292.000000 -746.000000 2557.000000 7245.000000 -996.000000 6050.000000
12446.000000 -915.000000 1789.000000 7718.000000 -1572.000000 5906.000000
13520.000000 -1092.000000 935.000000 8202.000000 -1961.000000 5601.000000
14549.000000 -1073.000000 116.000000 8551.000000 -2136.000000 5158.000000
15205.000000 -992.000000 -908.000000 8698.000000 -1976.000000 4473.000000
15560.000000 -1073.000000 -1726.000000 8622.000000 -2241.000000 3523.000000
15924.000000 -1075.000000 -2609.000000 8404.000000 -2563.000000 2493.000000
16245.000000 -1035.000000 -3320.000000 7982.000000 -2018.000000 1396.000000
16099.000000 -1080.000000 -3771.000000 7395.000000 -1299.000000 181.000000
15620.000000 -1052.000000 -4032.000000 6813.000000 -507.000000 -1076.000000
14841.000000 -1051.000000 -4117.000000 6332.000000 235.000000 -2236.000000
13980.000000 -923.000000 -4237.000000 5956.000000 938.000000 -3191.000000
12923.000000 -829.000000 -4492.000000 5583.000000 1539.000000 -4013.000000
11802.000000 -718.000000 -4711.000000 5179.000000 1809.000000 -4660.000000
10586.000000 -627.000000 -4904.000000 4749.000000 1661.000000 -5075.000000
9551.000000 -458.000000 -5052.000000 4256.000000 1067.000000 -5251.000000
8739.000000 -263.000000 -5057.000000 3656.000000 403.000000 -5131.000000
8038.000000 -125.000000 -4897.000000 2996.000000 118.000000 -4769.000000
7333.000000 -34.000000 -4722.000000 2377.000000 66.000000 -4330.000000
6692.000000 90.000000 -4590.000000 1865.000000 -133.000000 -3827.000000
6349.000000 193.000000 -4398.000000 1371.000000 -181.000000 -3245.000000
6118.000000 302.000000 -4190.000000 920.000000 -19.000000 -2618.000000
5880.000000 353.000000 -4040.000000 563.000000 120.000000 -2040.000000
5580.000000 486.000000 -4035.000000 260.000000 253.000000 -1535.000000
5303.000000 591.000000 -4133.000000 -78.000000 248.000000 -992.000000
5198.000000 736.000000 -4194.000000 -474.000000 105.000000 -455.000000
5202.000000 858.000000 -4237.000000 -910.000000 -348.000000 -12.000000
5358.000000 804.000000 -4304.000000 -1389.000000 -681.000000 397.000000
5432.000000 791.000000 -4235.000000 -1883.000000 -661.000000 789.000000
5469.000000 748.000000 -4212.000000 -2351.000000 -607.000000 1171.000000
5500.000000 685.000000 -4152.000000 -2838.000000 -401.000000 1575.000000
5589.000000 663.000000 -4125.000000 -3303.000000 -120.000000 2030.000000
5606.000000 685.000000 -4086.000000 -3743.000000 128.000000 2487.000000
5722.000000 672.000000 -4009.000000 -4197.000000 302.000000 2920.000000
5949.000000 790.000000 -3957.000000 -4627.000000 267.000000 3286.000000
6024.000000 752.000000 -3849.000000 -5119.000000 289.000000 3595.000000
5988.000000 740.000000 -3717.000000 -5702.000000 352.000000 3861.000000
6007.000000 684.000000 -3459.000000 -6344.000000 407.000000 4168.000000
6270.000000 503.000000 -3152.000000 -7063.000000 547.000000 4519.000000
6508.000000 257.000000 -2680.000000 -7762.000000 683.000000 4877.000000
6742.000000 -35.000000 -2136.000000 -8274.000000 745.000000 5228.000000
7059.000000 -278.000000 -1619.000000 -8649.000000 801.000000 5644.000000
7395.000000 -436.000000 -1165.000000 -8902.000000 890.000000 6100.000000
7830.000000 -634.000000 -653.000000 -9062.000000 920.000000 6459.000000
8422.000000 -885.000000 -231.000000 -9181.000000 1003.000000 6726.000000
8894.000000 -1250.000000 369.000000 -9346.000000 1449.000000 6909.000000
9443.000000 -1639.000000 1114.000000 -9476.000000 1999.000000 6944.000000
9979.000000 -2065.000000 1816.000000 -9437.000000 2382.000000 6858.000000
10463.000000 -2410.000000 2564.000000 -9268.000000 2607.000000 6648.000000
10861.000000 -2678.000000 3260.000000 -8945.000000 2701.000000 6225.000000
11277.000000 -2864.000000 4002.000000 -8349.000000 2040.000000 5664.000000
11530.000000 -2953.000000 4470.000000 -7479.000000 1311.000000 5029.000000
11847.000000 -2939.000000 4679.000000 -6480.000000 1036.000000 4339.000000
11974.000000 -2840.000000 4665.000000 -5392.000000 835.000000 3668.000000
11869.000000 -2686.000000 4336.000000 -4283.000000 727.000000 3055.000000
11592.000000 -2437.000000 3766.000000 -3362.000000 746.000000 2580.000000
11555.000000 -2122.000000 3215.000000 -2756.000000 902.000000 2204.000000
11445.000000 -1864.000000 2899.000000 -2432.000000 1009.000000 1814.000000
11244.000000 -1736.000000 2606.000000 -2273.000000 1029.000000 1387.000000
10928.000000 -1710.000000 2501.000000 -2205.000000 1067.000000 991.000000
10648.000000 -1565.000000 2552.000000 -2129.000000 970.000000 642.000000
10399.000000 -1501.000000 2480.000000 -1925.000000 702.000000 377.000000
10152.000000 -1419.000000 2356.000000 -1621.000000 332.000000 124.000000
10012.000000 -1355.000000 2068.000000 -1309.000000 45.000000 -44.000000
9883.000000 -1403.000000 1917.000000 -1134.000000 -13.000000 -76.000000
9704.000000 -1388.000000 1845.000000 -978.000000 -69.000000 -156.000000
9514.000000 -1351.000000 1789.000000 -808.000000 -140.000000 -273.000000
9348.000000 -1318.000000 1673.000000 -680.000000 -197.000000 -397.000000
9168.000000 -1331.000000 1567.000000 -573.000000 -252.000000 -536.000000
9031.000000 -1324.000000 1481.000000 -458.000000 -395.000000 -656.000000
9005.000000 -1359.000000 1389.000000 -302.000000 -589.000000 -733.000000
