8358.000000 -928.000000 -572.000000 -2081.000000 259.000000 -149.000000
9721.000000 -1467.000000 -1064.000000 -1327.000000 -854.000000 522.000000
9528.000000 -1222.000000 -952.000000 -908.000000 -260.000000 491.000000
9647.000000 -946.000000 -914.000000 -697.000000 -269.000000 491.000000
9979.000000 -915.000000 -986.000000 -453.000000 -264.000000 518.000000
10201.000000 -746.000000 -961.000000 -269.000000 -419.000000 485.000000
10448.000000 -712.000000 -748.000000 -202.000000 -237.000000 412.000000
10808.000000 -714.000000 -555.000000 -127.000000 -94.000000 454.000000
11144.000000 -653.000000 -39.000000 114.000000 -354.000000 535.000000
11719.000000 -861.000000 -364.000000 530.000000 -445.000000 477.000000
11921.000000 -791.000000 -88.000000 869.000000 -402.000000 150.000000
12099.000000 -771.000000 -230.000000 1421.000000 -771.000000 -204.000000
12263.000000 -735.000000 -550.000000 1910.000000 -1174.000000 -533.000000
12439.000000 -628.000000 -670.000000 2170.000000 -1807.000000 -815.000000
12625.000000 -745.000000 -820.000000 2338.000000 -2642.000000 -1111.000000
12919.000000 -943.000000 -822.000000 2449.000000 -3066.000000 -1464.000000
13047.000000 -771.000000 -895.000000 2612.000000 -3375.000000 -1913.000000
12980.000000 -669.000000 -1050.000000 2784.000000 -3495.000000 -2431.000000
12929.000000 -538.000000 -1439.000000 2834.000000 -3521.000000 -2899.000000
12895.000000 -560.000000 -1741.000000 2764.000000 -3408.000000 -3354.000000
12805.000000 -485.000000 -2029.000000 2660.000000 -3245.000000 -3803.000000
12682.000000 -407.000000 -2377.000000 2480.000000 -3184.000000 -4357.000000
12414.000000 -506.000000 -2588.000000 2179.000000 -3179.000000 -4959.000000
12067.000000 -479.000000 -2844.000000 1800.000000 -3126.000000 -5534.000000
11843.000000 -518.000000 -2999.000000 1338.000000 -2892.000000 -6059.000000
11643.000000 -549.000000 -3243.000000 950.000000 -2620.000000 -6551.000000
11470.000000 -517.000000 -3647.000000 730.000000 -2423.000000 -7064.000000
11171.000000 -447.000000 -4182.000000 464.000000 -2153.000000 -7619.000000
10686.000000 -663.000000 -4595.000000 27.000000 -1685.000000 -8155.000000
10009.000000 -704.000000 -4846.000000 -282.000000 -1316.000000 -8699.000000
9399.000000 -593.000000 -5531.000000 -326.000000 -1712.000000 -9075.000000
8706.000000 -530.000000 -6241.000000 -538.000000 -2277.000000 -9117.000000
8286.000000 -398.000000 -6961.000000 -1104.000000 -2430.000000 -8830.000000
8064.000000 -85.000000 -7562.000000 -1960.000000 -2317.000000 -8401.000000
7796.000000 -134.000000 -7654.000000 -3000.000000 -1982.000000 -8033.000000
7959.000000 -115.000000 -7583.000000 -3967.000000 -1454.000000 -7697.000000
7876.000000 -118.000000 -7395.000000 -4782.000000 -998.000000 -7601.000000
7475.000000 -122.000000 -7466.000000 -5472.000000 -588.000000 -7715.000000
6817.000000 -331.000000 -7285.000000 -6174.000000 -30.000000 -7793.000000
5930.000000 -325.000000 -7125.000000 -6811.000000 462.000000 -7863.000000
5225.000000 -457.000000 -6809.000000 -7499.000000 762.000000 -7768.000000
4731.000000 -511.000000 -6297.000000 -8169.000000 930.000000 -7489.000000
4200.000000 -378.000000 -5822.000000 -8637.000000 763.000000 -7137.000000
3805.000000 -312.000000 -5312.000000 -9052.000000 634.000000 -6724.000000
3399.000000 -146.000000 -4865.000000 -9291.000000 657.000000 -6272.000000
2940.000000 125.000000 -4401.000000 -9369.000000 741.000000 -5808.000000
2598.000000 418.000000 -4079.000000 -9335.000000 890.000000 -5304.000000
2024.000000 569.000000 -3754.000000 -9397.000000 1278.000000 -4627.000000
1560.000000 715.000000 -3403.000000 -9535.000000 1933.000000 -3809.000000
1379.000000 1011.000000 -2793.000000 -9626.000000 2274.000000 -3017.000000
1279.000000 1195.000000 -2196.000000 -9713.000000 2447.000000 -2321.000000
1033.000000 1285.000000 -1569.000000 -9752.000000 2650.000000 -1747.000000
806.000000 1477.000000 -991.000000 -9624.000000 2417.000000 -1282.000000
598.000000 1568.000000 -321.000000 -9423.000000 1879.000000 -858.000000
367.000000 1678.000000 382.000000 -9231.000000 1458.000000 -344.000000
162.000000 1839.000000 1099.000000 -9019.000000 1144.000000 226.000000
124.000000 1917.000000 1849.000000 -8814.000000 807.000000 876.000000
217.000000 1877.000000 2697.000000 -8506.000000 348.000000 1544.000000
434.000000 1852.000000 3293.000000 -7928.000000 -185.000000 2191.000000
926.000000 1815.000000 3850.000000 -7257.000000 -639.000000 2894.000000
1275.000000 1591.000000 4094.000000 -6576.000000 -753.000000 3554.000000
1619.000000 1532.000000 4391.000000 -5960.000000 -512.000000 4193.000000
1859.000000 1594.000000 4588.000000 -5362.000000 -89.000000 4844.000000
2275.000000 1634.000000 4883.000000 -4928.000000 241.000000 5482.000000
2724.000000 1761.000000 5408.000000 -4489.000000 289.000000 5990.000000
3241.000000 1787.000000 5865.000000 -3970.000000 57.000000 6458.000000
3770.000000 1645.000000 6248.000000 -3444.000000 -222.000000 6904.000000
4349.000000 1550.000000 6624.000000 -2835.000000 -463.000000 7292.000000
5094.000000 1363.000000 7009.000000 -2104.000000 -676.000000 7624.000000
5814.000000 1184.000000 7153.000000 -1204.000000 -875.000000 7838.000000
6633.000000 1025.000000 7240.000000 -212.000000 -953.000000 8077.000000
7573.000000 957.000000 7225.000000 881.000000 -915.000000 8337.000000
8368.000000 928.000000 7032.000000 2089.000000 -758.000000 8504.000000
8974.000000 964.000000 6638.000000 3256.000000 -619.000000 8482.000000
9549.000000 1027.000000 6056.000000 4257.000000 -679.000000 8318.000000
10172.000000 1060.000000 5504.000000 4994.000000 -940.000000 7987.000000
10775.000000 985.000000 5091.000000 5467.000000 -1250.000000 7450.000000
11371.000000 630.000000 4643.000000 5907.000000 -1770.000000 6881.000000
12151.000000 213.000000 4305.000000 6401.000000 -2282.000000 6420.000000
13146.000000 67.000000 3815.000000 7074.000000 -2546.000000 6085.000000
13952.000000 171.000000 3122.000000 7816.000000 -2340.000000 5635.000000
14441.000000 75.000000 2233.000000 8486.000000 -2141.000000 4859.000000
14506.000000 -33.000000 1144.000000 8936.000000 -1898.000000 3971.000000
14506.000000 -160.000000 -180.000000 9075.000000 -1551.000000 3194.000000
14766.000000 -238.000000 -603.000000 9042.000000 -2559.000000 2421.000000
14984.000000 -184.000000 -1397.000000 9036.000000 -2859.000000 1625.000000
14935.000000 -190.000000 -2176.000000 8849.000000 -1889.000000 684.000000
14626.000000 -243.000000 -2788.000000 8479.000000 -1063.000000 -283.000000
14172.000000 -268.000000 -3425.000000 8150.000000 -522.000000 -1136.000000
13451.000000 -376.000000 -3934.000000 7696.000000 77.000000 -1818.000000
12789.000000 -445.000000 -4180.000000 7121.000000 662.000000 -2364.000000
12206.000000 -543.000000 -4309.000000 6571.000000 1002.000000 -2752.000000
11484.000000 -625.000000 -4569.000000 6155.000000 918.000000 -3039.000000
10885.000000 -572.000000 -4805.000000 5860.000000 447.000000 -3184.000000
10518.000000 -446.000000 -5105.000000 5585.000000 -335.000000 -3257.000000
10208.000000 -283.000000 -5361.000000 5200.000000 -1054.000000 -3348.000000
9593.000000 -178.000000 -5477.000000 4719.000000 -1482.000000 -3434.000000
8910.000000 -49.000000 -5659.000000 4235.000000 -1665.000000 -3447.000000
8357.000000 112.000000 -5824.000000 3770.000000 -1662.000000 -3342.000000
7953.000000 263.000000 -5923.000000 3271.000000 -1548.000000 -3175.000000
7498.000000 429.000000 -6067.000000 2735.000000 -1387.000000 -3022.000000
6881.000000 593.000000 -6241.000000 2146.000000 -1186.000000 -2824.000000
6418.000000 753.000000 -6294.000000 1445.000000 -941.000000 -2500.000000
6098.000000 739.000000 -6059.000000 661.000000 -730.000000 -2112.000000
5790.000000 709.000000 -5849.000000 77.000000 -876.000000 -1701.000000
5495.000000 840.000000 -5817.000000 -289.000000 -1057.000000 -1119.000000
5357.000000 973.000000 -5771.000000 -714.000000 -797.000000 -429.000000
5245.000000 1050.000000 -5737.000000 -1212.000000 -446.000000 140.000000
5144.000000 1082.000000 -5662.000000 -1740.000000 -227.000000 597.000000
5062.000000 980.000000 -5499.000000 -2314.000000 -103.000000 968.000000
5017.000000 822.000000 -5220.000000 -2816.000000 -106.000000 1371.000000
4994.000000 777.000000 -5043.000000 -3175.000000 -168.000000 1798.000000
4945.000000 715.000000 -4961.000000 -3474.000000 -121.000000 2174.000000
5022.000000 661.000000 -4823.000000 -3866.000000 -136.000000 2597.000000
5042.000000 529.000000 -4619.000000 -4315.000000 80.000000 3046.000000
5234.000000 440.000000 -4476.000000 -4763.000000 68.000000 3480.000000
5455.000000 392.000000 -4323.000000 -5220.000000 27.000000 3924.000000
5692.000000 331.000000 -4148.000000 -5718.000000 240.000000 4308.000000
5966.000000 124.000000 -3741.000000 -6242.000000 454.000000 4662.000000
6217.000000 -58.000000 -3400.000000 -6616.000000 568.000000 4991.000000
6466.000000 -156.000000 -3080.000000 -6910.000000 626.000000 5339.000000
6823.000000 -255.000000 -2799.000000 -7226.000000 714.000000 5715.000000
7047.000000 -441.000000 -2387.000000 -7629.000000 965.000000 6082.000000
7237.000000 -529.000000 -1908.000000 -8039.000000 1280.000000 6335.000000
7648.000000 -782.000000 -1361.000000 -8404.000000 1436.000000 6540.000000
8174.000000 -995.000000 -764.000000 -8605.000000 1296.000000 6630.000000
8723.000000 -1198.000000 -198.000000 -8586.000000 1047.000000 6616.000000
9235.000000 -1413.000000 201.000000 -8416.000000 950.000000 6650.000000
9702.000000 -1490.000000 558.000000 -8198.000000 1212.000000 6673.000000
10105.000000 -1618.000000 888.000000 -7997.000000 1479.000000 6571.000000
10425.000000 -1641.000000 1232.000000 -7782.000000 1577.000000 6332.000000
10730.000000 -1721.000000 1595.000000 -7571.000000 1575.000000 5933.000000
11032.000000 -1909.000000 1998.000000 -7316.000000 1469.000000 5434.000000
11281.000000 -2199.000000 2380.000000 -6984.000000 1319.000000 4904.000000
11441.000000 -2462.000000 2768.000000 -6588.000000 1360.000000 4462.000000
11447.000000 -2634.000000 3103.000000 -6106.000000 1548.000000 4165.000000
11453.000000 -2703.000000 3195.000000 -5531.000000 1545.000000 3838.000000
11555.000000 -2630.000000 3283.000000 -5003.000000 1356.000000 3554.000000
11748.000000 -2547.000000 3275.000000 -4418.000000 1002.000000 3122.000000
11825.000000 -2416.000000 3091.000000 -3824.000000 644.000000 2522.000000
11827.000000 -2218.000000 2918.000000 -3260.000000 324.000000 1902.000000
11592.000000 -2050.000000 2668.000000 -2736.000000 110.000000 1309.000000
11276.000000 -1869.000000 2297.000000 -2306.000000 116.000000 912.000000
10969.000000 -1637.000000 2092.000000 -1977.000000 202.000000 643.000000
10790.000000 -1449.000000 1863.000000 -1669.000000 202.000000 363.000000
10560.000000 -1330.000000 1545.000000 -1368.000000 260.000000 88.000000
10186.000000 -1300.000000 1294.000000 -1180.000000 348.000000 -119.000000
9875.000000 -1191.000000 1156.000000 -1037.000000 367.000000 -275.000000
9670.000000 -1123.000000 1004.000000 -877.000000 212.000000 -405.000000
9584.000000 -1084.000000 878.000000 -719.000000 3.000000 -511.000000
