7826.000000 3549.000000 -1498.000000 -212.000000 -3511.000000 -297.000000
8026.000000 3024.000000 -2228.000000 43.000000 -5073.000000 -1061.000000
7674.000000 3249.000000 -2432.000000 -577.000000 -2924.000000 -1637.000000
7031.000000 2879.000000 -2206.000000 -1289.000000 -1142.000000 -1893.000000
6591.000000 2566.000000 -1937.000000 -1546.000000 -623.000000 -1986.000000
6130.000000 2284.000000 -1664.000000 -1404.000000 -731.000000 -1593.000000
5921.000000 2109.000000 -1524.000000 -1011.000000 -1051.000000 -1032.000000
5926.000000 1773.000000 -1565.000000 -593.000000 -1282.000000 -369.000000
5840.000000 1810.000000 -1646.000000 -238.000000 -1170.000000 294.000000
5835.000000 1670.000000 -1677.000000 -220.000000 -599.000000 856.000000
5923.000000 1387.000000 -1835.000000 -194.000000 172.000000 1303.000000
5777.000000 2129.000000 -1194.000000 -139.000000 1023.000000 1472.000000
5747.000000 1870.000000 -1531.000000 140.000000 273.000000 1850.000000
5541.000000 1659.000000 -1514.000000 400.000000 906.000000 2012.000000
4944.000000 1613.000000 -1473.000000 498.000000 1716.000000 1905.000000
4155.000000 1508.000000 -1571.000000 643.000000 2107.000000 1930.000000
3564.000000 1249.000000 -1637.000000 728.000000 2476.000000 2225.000000
3331.000000 886.000000 -1623.000000 688.000000 2853.000000 3056.000000
3458.000000 605.000000 -1692.000000 646.000000 3006.000000 4260.000000
3902.000000 313.000000 -1720.000000 627.000000 2992.000000 5630.000000
4375.000000 328.000000 -1775.000000 759.000000 2359.000000 6777.000000
4813.000000 406.000000 -2016.000000 939.000000 1448.000000 7491.000000
5142.000000 360.000000 -2184.000000 915.000000 907.000000 7837.000000
5457.000000 132.000000 -2231.000000 684.000000 444.000000 7998.000000
5873.000000 -105.000000 -2061.000000 400.000000 -28.000000 8235.000000
6500.000000 -388.000000 -1832.000000 254.000000 -353.000000 8525.000000
7191.000000 -638.000000 -1775.000000 293.000000 -1147.000000 8860.000000
7462.000000 -1109.000000 -2050.000000 492.000000 -1914.000000 9169.000000
7858.000000 -1349.000000 -2430.000000 919.000000 -1713.000000 9282.000000
8477.000000 -1420.000000 -2772.000000 1136.000000 -1658.000000 9673.000000
9417.000000 -1634.000000 -3188.000000 1338.000000 -2313.000000 10025.000000
10410.000000 -1642.000000 -3693.000000 1499.000000 -3024.000000 10379.000000
11552.000000 -1497.000000 -4112.000000 1486.000000 -3486.000000 10518.000000
12514.000000 -1670.000000 -4596.000000 1287.000000 -3621.000000 10413.000000
13701.000000 -1728.000000 -5117.000000 924.000000 -3582.000000 10231.000000
14898.000000 -1871.000000 -5729.000000 490.000000 -3771.000000 10020.000000
16230.000000 -1833.000000 -6134.000000 -70.000000 -4009.000000 9602.000000
17418.000000 -1881.000000 -6443.000000 -594.000000 -4366.000000 8897.000000
18292.000000 -1789.000000 -6613.000000 -1098.000000 -4376.000000 7921.000000
19023.000000 -1762.000000 -6576.000000 -1721.000000 -3821.000000 6755.000000
19516.000000 -1761.000000 -6542.000000 -2234.000000 -3042.000000 5397.000000
19617.000000 -1662.000000 -6585.000000 -2488.000000 -2404.000000 3924.000000
19579.000000 -1452.000000 -6559.000000 -2666.000000 -1677.000000 2256.000000
19250.000000 -1310.000000 -6422.000000 -2924.000000 -816.000000 495.000000
18456.000000 -1197.000000 -6366.000000 -3051.000000 -366.000000 -1371.000000
17068.000000 -1264.000000 -6328.000000 -3255.000000 122.000000 -3083.000000
15659.000000 -1350.000000 -6326.000000 -3761.000000 977.000000 -4318.000000
14687.000000 -1317.000000 -5994.000000 -4434.000000 1682.000000 -5166.000000
13747.000000 -1341.000000 -5496.000000 -5081.000000 2319.000000 -5819.000000
12888.000000 -1361.000000 -4995.000000 -5641.000000 2837.000000 -6467.000000
12111.000000 -1384.000000 -4494.000000 -6130.000000 3066.000000 -7048.000000
11337.000000 -1567.000000 -3971.000000 -6482.000000 3193.000000 -7472.000000
10818.000000 -1601.000000 -3497.000000 -6680.000000 3252.000000 -7674.000000
10436.000000 -1489.000000 -3102.000000 -6729.000000 3195.000000 -7769.000000
10014.000000 -1361.000000 -2707.000000 -6657.000000 3154.000000 -7919.000000
9508.000000 -1189.000000 -2326.000000 -6508.000000 3250.000000 -8153.000000
8897.000000 -1020.000000 -2107.000000 -6313.000000 3668.000000 -8422.000000
8203.000000 -861.000000 -1759.000000 -6293.000000 4371.000000 -8702.000000
7308.000000 -776.000000 -1483.000000 -6168.000000 5081.000000 -8953.000000
6561.000000 -646.000000 -1239.000000 -5921.000000 5764.000000 -9024.000000
5957.000000 -550.000000 -912.000000 -5697.000000 6173.000000 -8907.000000
5417.000000 -412.000000 -672.000000 -5424.000000 6157.000000 -8716.000000
4909.000000 -288.000000 -433.000000 -5094.000000 5822.000000 -8438.000000
4282.000000 -89.000000 -243.000000 -4626.000000 5297.000000 -8064.000000
3781.000000 137.000000 -147.000000 -4094.000000 4498.000000 -7645.000000
3137.000000 375.000000 -154.000000 -3618.000000 3720.000000 -7184.000000
2658.000000 611.000000 -55.000000 -3171.000000 3076.000000 -6545.000000
2292.000000 698.000000 22.000000 -2871.000000 2651.000000 -5749.000000
2223.000000 754.000000 136.000000 -2617.000000 2395.000000 -4816.000000
2296.000000 846.000000 149.000000 -2237.000000 2207.000000 -3747.000000
2543.000000 1137.000000 216.000000 -1810.000000 1953.000000 -2715.000000
2595.000000 1372.000000 115.000000 -1430.000000 1748.000000 -1961.000000
2445.000000 1623.000000 -93.000000 -1128.000000 1630.000000 -1437.000000
2156.000000 1764.000000 -219.000000 -1034.000000 1697.000000 -1015.000000
1752.000000 1799.000000 -248.000000 -1079.000000 1687.000000 -599.000000
1415.000000 1749.000000 -147.000000 -1187.000000 1376.000000 -67.000000
1187.000000 1572.000000 -60.000000 -1264.000000 944.000000 605.000000
1312.000000 1383.000000 27.000000 -1193.000000 385.000000 1451.000000
1627.000000 1254.000000 131.000000 -1044.000000 -311.000000 2306.000000
2026.000000 1116.000000 145.000000 -803.000000 -891.000000 3052.000000
2458.000000 906.000000 67.000000 -537.000000 -1203.000000 3714.000000
2867.000000 723.000000 -123.000000 -243.000000 -1434.000000 4386.000000
3273.000000 526.000000 -342.000000 27.000000 -1577.000000 5069.000000
3707.000000 483.000000 -573.000000 191.000000 -1609.000000 5714.000000
4057.000000 360.000000 -763.000000 255.000000 -1598.000000 6262.000000
4287.000000 167.000000 -959.000000 254.000000 -1618.000000 6692.000000
4660.000000 107.000000 -958.000000 155.000000 -1718.000000 7094.000000
5370.000000 -146.000000 -1099.000000 54.000000 -1962.000000 7427.000000
6080.000000 -280.000000 -1105.000000 2.000000 -2239.000000 7738.000000
6626.000000 -412.000000 -1130.000000 47.000000 -2696.000000 7929.000000
7096.000000 -590.000000 -1245.000000 142.000000 -3063.000000 8019.000000
7468.000000 -785.000000 -1438.000000 184.000000 -2992.000000 8105.000000
7924.000000 -1039.000000 -1567.000000 156.000000 -2627.000000 8294.000000
8821.000000 -1365.000000 -1711.000000 120.000000 -2141.000000 8630.000000
9795.000000 -1450.000000 -1916.000000 185.000000 -2042.000000 9032.000000
10605.000000 -1481.000000 -2050.000000 191.000000 -2196.000000 9172.000000
11265.000000 -1532.000000 -2164.000000 115.000000 -2403.000000 9000.000000
11760.000000 -1692.000000 -2396.000000 52.000000 -2764.000000 8664.000000
12451.000000 -1917.000000 -2618.000000 -30.000000 -3238.000000 8378.000000
13249.000000 -1965.000000 -2818.000000 -53.000000 -3825.000000 8126.000000
14088.000000 -1945.000000 -3102.000000 -56.000000 -4495.000000 7715.000000
14899.000000 -1928.000000 -3271.000000 -167.000000 -4714.000000 7160.000000
15421.000000 -1972.000000 -3428.000000 -368.000000 -4295.000000 6416.000000
15753.000000 -2088.000000 -3499.000000 -574.000000 -3582.000000 5568.000000
16092.000000 -2102.000000 -3646.000000 -678.000000 -2919.000000 4743.000000
16430.000000 -2107.000000 -3742.000000 -725.000000 -2398.000000 3923.000000
16681.000000 -2013.000000 -3913.000000 -746.000000 -1949.000000 3033.000000
16929.000000 -1858.000000 -4054.000000 -844.000000 -1119.000000 2094.000000
17001.000000 -1733.000000 -4138.000000 -1142.000000 36.000000 1164.000000
16822.000000 -1669.000000 -4043.000000 -1486.000000 955.000000 130.000000
16354.000000 -1648.000000 -3939.000000 -1850.000000 1702.000000 -926.000000
15760.000000 -1723.000000 -3791.000000 -2230.000000 2305.000000 -1857.000000
15181.000000 -1701.000000 -3522.000000 -2529.000000 2538.000000 -2608.000000
14645.000000 -1587.000000 -3215.000000 -2782.000000 2521.000000 -3267.000000
14151.000000 -1494.000000 -2964.000000 -3027.000000 2496.000000 -3911.000000
13584.000000 -1444.000000 -2718.000000 -3256.000000 2406.000000 -4577.000000
13044.000000 -1492.000000 -2395.000000 -3435.000000 2326.000000 -5197.000000
12466.000000 -1489.000000 -2178.000000 -3504.000000 2174.000000 -5708.000000
11910.000000 -1493.000000 -1919.000000 -3515.000000 1978.000000 -6125.000000
11295.000000 -1403.000000 -1696.000000 -3489.000000 1789.000000 -6466.000000
10729.000000 -1303.000000 -1542.000000 -3439.000000 1608.000000 -6727.000000
10052.000000 -1250.000000 -1351.000000 -3386.000000 1426.000000 -6947.000000
9359.000000 -1115.000000 -1295.000000 -3305.000000 1261.000000 -7101.000000
8585.000000 -984.000000 -1089.000000 -3282.000000 1041.000000 -7232.000000
7817.000000 -1041.000000 -691.000000 -3258.000000 618.000000 -7299.000000
7325.000000 -759.000000 -1085.000000 -3074.000000 165.000000 -7067.000000
6783.000000 -685.000000 -688.000000 -2988.000000 1775.000000 -6515.000000
6306.000000 -557.000000 -451.000000 -2932.000000 2594.000000 -5982.000000
5891.000000 -332.000000 -352.000000 -2795.000000 2939.000000 -5488.000000
5603.000000 -274.000000 -252.000000 -2542.000000 3011.000000 -5087.000000
5590.000000 -32.000000 -278.000000 -2221.000000 2378.000000 -4657.000000
5691.000000 197.000000 -234.000000 -1906.000000 1845.000000 -4333.000000
5704.000000 312.000000 -119.000000 -1665.000000 1499.000000 -4179.000000
5561.000000 415.000000 -172.000000 -1435.000000 1083.000000 -4035.000000
5398.000000 514.000000 -217.000000 -1264.000000 767.000000 -3825.000000
5179.000000 557.000000 -180.000000 -1181.000000 567.000000 -3561.000000
5104.000000 646.000000 -177.000000 -1097.000000 235.000000 -3205.000000
5117.000000 745.000000 -101.000000 -962.000000 -137.000000 -2806.000000
5214.000000 827.000000 -165.000000 -816.000000 -268.000000 -2410.000000
5495.000000 935.000000 -160.000000 -672.000000 -219.000000 -2005.000000
5794.000000 978.000000 -178.000000 -490.000000 -289.000000 -1635.000000
6035.000000 1072.000000 -318.000000 -306.000000 -437.000000 -1335.000000
6186.000000 1194.000000 -487.000000 -156.000000 -658.000000 -1167.000000
6460.000000 1271.000000 -563.000000 -44.000000 -948.000000 -1028.000000
6658.000000 1339.000000 -691.000000 79.000000 -1158.000000 -903.000000
6764.000000 1392.000000 -799.000000 165.000000 -1253.000000 -819.000000
6872.000000 1440.000000 -928.000000 217.000000 -1295.000000 -702.000000
6976.000000 1472.000000 -919.000000 243.000000 -1298.000000 -575.000000
7111.000000 1441.000000 -909.000000 264.000000 -1196.000000 -476.000000
7257.000000 1446.000000 -952.000000 375.000000 -1133.000000 -371.000000
