7728.000000 2043.000000 177.000000 -2077.000000 1398.000000 -702.000000
6976.000000 2218.000000 646.000000 -1885.000000 1825.000000 -737.000000
6776.000000 2206.000000 843.000000 -1786.000000 1900.000000 -533.000000
6547.000000 1990.000000 1221.000000 -1567.000000 1806.000000 -431.000000
6528.000000 1930.000000 1538.000000 -1234.000000 1396.000000 -296.000000
6116.000000 2023.000000 1682.000000 -785.000000 1130.000000 -212.000000
5513.000000 1911.000000 1659.000000 -325.000000 806.000000 13.000000
5541.000000 1671.000000 1917.000000 -9.000000 484.000000 521.000000
5559.000000 1574.000000 2448.000000 242.000000 463.000000 946.000000
5139.000000 1481.000000 2693.000000 586.000000 600.000000 1165.000000
4501.000000 1560.000000 3001.000000 992.000000 557.000000 1320.000000
4074.000000 1584.000000 3035.000000 1460.000000 -20.000000 1490.000000
3861.000000 1550.000000 3205.000000 1790.000000 -683.000000 1666.000000
3748.000000 1111.000000 3446.000000 1976.000000 -1002.000000 1990.000000
4033.000000 560.000000 3998.000000 2179.000000 -853.000000 2682.000000
4771.000000 346.000000 4626.000000 2722.000000 -585.000000 3458.000000
5570.000000 200.000000 4814.000000 3703.000000 -718.000000 3912.000000
6047.000000 217.000000 4478.000000 4891.000000 -1131.000000 3987.000000
6258.000000 178.000000 4060.000000 5925.000000 -1254.000000 3777.000000
5975.000000 109.000000 3526.000000 6712.000000 -1242.000000 3494.000000
5601.000000 -337.000000 2940.000000 7259.000000 -1109.000000 3478.000000
5700.000000 -797.000000 2463.000000 7684.000000 -1195.000000 3961.000000
6431.000000 -1032.000000 2054.000000 8164.000000 -1667.000000 4686.000000
7433.000000 -1119.000000 1507.000000 8712.000000 -2325.000000 5335.000000
8388.000000 -1123.000000 851.000000 9188.000000 -2664.000000 5729.000000
9073.000000 -1163.000000 37.000000 9530.000000 -2809.000000 5780.000000
9625.000000 -1381.000000 -998.000000 9802.000000 -3139.000000 5618.000000
10320.000000 -1649.000000 -1851.000000 9900.000000 -3192.000000 5611.000000
11273.000000 -1851.000000 -2495.000000 9982.000000 -3065.000000 5751.000000
12310.000000 -1782.000000 -3391.000000 10238.000000 -3308.000000 5691.000000
12947.000000 -1658.000000 -4523.000000 10565.000000 -3769.000000 5225.000000
13215.000000 -1458.000000 -5882.000000 10729.000000 -4351.000000 4479.000000
13338.000000 -1317.000000 -7032.000000 10508.000000 -4084.000000 3689.000000
13246.000000 -1381.000000 -8121.000000 9844.000000 -3453.000000 3054.000000
13079.000000 -1397.000000 -8801.000000 8865.000000 -2636.000000 2577.000000
12969.000000 -1361.000000 -9367.000000 7773.000000 -1895.000000 2172.000000
13036.000000 -1366.000000 -9852.000000 6678.000000 -1606.000000 1757.000000
13187.000000 -1404.000000 -10314.000000 5541.000000 -1572.000000 1304.000000
13199.000000 -1302.000000 -10745.000000 4289.000000 -1502.000000 816.000000
12994.000000 -1266.000000 -10999.000000 2859.000000 -1292.000000 232.000000
12582.000000 -1221.000000 -10937.000000 1292.000000 -902.000000 -382.000000
12020.000000 -1213.000000 -10644.000000 -304.000000 -460.000000 -898.000000
11345.000000 -1199.000000 -10228.000000 -1804.000000 -114.000000 -1277.000000
10792.000000 -1250.000000 -9675.000000 -3159.000000 -47.000000 -1417.000000
10558.000000 -1207.000000 -9244.000000 -4428.000000 360.000000 -1416.000000
10275.000000 -1086.000000 -8703.000000 -5659.000000 839.000000 -1475.000000
10000.000000 -1129.000000 -8182.000000 -6813.000000 800.000000 -1569.000000
9911.000000 -1095.000000 -7452.000000 -7990.000000 1011.000000 -1657.000000
9909.000000 -1182.000000 -6489.000000 -9137.000000 1616.000000 -1706.000000
9811.000000 -1228.000000 -5514.000000 -10026.000000 1937.000000 -1727.000000
9706.000000 -1140.000000 -4848.000000 -10613.000000 2031.000000 -1842.000000
9620.000000 -1140.000000 -4182.000000 -11124.000000 2243.000000 -1999.000000
9470.000000 -1006.000000 -3337.000000 -11513.000000 2096.000000 -2197.000000
9301.000000 -816.000000 -2740.000000 -11749.000000 1985.000000 -2445.000000
9120.000000 -922.000000 -1911.000000 -12027.000000 2305.000000 -2646.000000
8859.000000 -991.000000 -1072.000000 -12189.000000 2389.000000 -2772.000000
8465.000000 -876.000000 -306.000000 -12102.000000 2789.000000 -2841.000000
8314.000000 -765.000000 180.000000 -11940.000000 3208.000000 -2768.000000
8006.000000 -690.000000 1044.000000 -11714.000000 3305.000000 -2763.000000
7676.000000 -466.000000 1572.000000 -11360.000000 3261.000000 -2835.000000
7307.000000 -589.000000 2513.000000 -10977.000000 3324.000000 -2848.000000
7168.000000 -150.000000 2777.000000 -10374.000000 2929.000000 -2820.000000
6844.000000 155.000000 3129.000000 -9750.000000 3099.000000 -2840.000000
6590.000000 222.000000 3556.000000 -9179.000000 3060.000000 -2727.000000
6380.000000 432.000000 3816.000000 -8508.000000 2736.000000 -2662.000000
6194.000000 712.000000 3992.000000 -7835.000000 2625.000000 -2582.000000
5905.000000 870.000000 4122.000000 -7247.000000 2537.000000 -2460.000000
5533.000000 891.000000 4190.000000 -6714.000000 2556.000000 -2337.000000
5297.000000 922.000000 4328.000000 -6157.000000 2385.000000 -2108.000000
5182.000000 979.000000 4528.000000 -5520.000000 2053.000000 -1769.000000
5063.000000 1079.000000 4650.000000 -4784.000000 1703.000000 -1402.000000
5062.000000 1217.000000 4608.000000 -4029.000000 1353.000000 -1040.000000
4906.000000 1194.000000 4623.000000 -3349.000000 1111.000000 -715.000000
4729.000000 1169.000000 4498.000000 -2734.000000 920.000000 -382.000000
4690.000000 1100.000000 4592.000000 -2212.000000 760.000000 31.000000
4705.000000 999.000000 4719.000000 -1672.000000 576.000000 490.000000
4832.000000 923.000000 4892.000000 -1075.000000 425.000000 937.000000
4968.000000 862.000000 4852.000000 -354.000000 308.000000 1356.000000
5151.000000 784.000000 4662.000000 410.000000 174.000000 1754.000000
5392.000000 734.000000 4379.000000 1053.000000 129.000000 2163.000000
5686.000000 641.000000 4180.000000 1614.000000 239.000000 2504.000000
5885.000000 538.000000 4003.000000 2169.000000 125.000000 2782.000000
6030.000000 432.000000 3710.000000 2724.000000 -49.000000 2989.000000
6125.000000 317.000000 3478.000000 3209.000000 -207.000000 3198.000000
6236.000000 182.000000 3277.000000 3633.000000 -468.000000 3416.000000
6465.000000 293.000000 3058.000000 4052.000000 -727.000000 3635.000000
6611.000000 -29.000000 2790.000000 4463.000000 -916.000000 3713.000000
6592.000000 -267.000000 2475.000000 4798.000000 -948.000000 3833.000000
6727.000000 -462.000000 2223.000000 5062.000000 -1009.000000 4082.000000
7152.000000 -717.000000 2029.000000 5320.000000 -1225.000000 4385.000000
7697.000000 -768.000000 1942.000000 5630.000000 -1359.000000 4705.000000
8187.000000 -894.000000 1711.000000 6007.000000 -1425.000000 4909.000000
8674.000000 -1036.000000 1280.000000 6377.000000 -1591.000000 5027.000000
9254.000000 -1175.000000 771.000000 6683.000000 -1747.000000 5098.000000
9970.000000 -1163.000000 237.000000 6901.000000 -2101.000000 5054.000000
10602.000000 -1407.000000 -128.000000 7073.000000 -2851.000000 4866.000000
11171.000000 -1400.000000 -739.000000 7183.000000 -2882.000000 4657.000000
11724.000000 -1432.000000 -1362.000000 7241.000000 -3898.000000 4303.000000
12267.000000 -1434.000000 -2126.000000 7118.000000 -4024.000000 3824.000000
12685.000000 -1379.000000 -2585.000000 6711.000000 -3665.000000 3272.000000
12981.000000 -1315.000000 -2781.000000 6199.000000 -3173.000000 2618.000000
13023.000000 -1350.000000 -2874.000000 5683.000000 -2488.000000 1929.000000
12758.000000 -1397.000000 -2920.000000 5231.000000 -1608.000000 1297.000000
12245.000000 -1223.000000 -2897.000000 4827.000000 -615.000000 812.000000
11640.000000 -1165.000000 -2984.000000 4492.000000 137.000000 439.000000
11074.000000 -1015.000000 -3148.000000 4200.000000 493.000000 183.000000
10635.000000 -866.000000 -3111.000000 3811.000000 561.000000 13.000000
10233.000000 -803.000000 -2932.000000 3415.000000 376.000000 -107.000000
9935.000000 -676.000000 -2827.000000 3144.000000 9.000000 -152.000000
9782.000000 -680.000000 -2848.000000 2959.000000 -492.000000 -142.000000
9575.000000 -711.000000 -2893.000000 2757.000000 -808.000000 -145.000000
9435.000000 -678.000000 -2941.000000 2502.000000 -949.000000 -105.000000
9323.000000 -655.000000 -3016.000000 2239.000000 -973.000000 -27.000000
9250.000000 -601.000000 -3048.000000 1950.000000 -1008.000000 34.000000
9228.000000 -511.000000 -3039.000000 1608.000000 -1075.000000 78.000000
9220.000000 -522.000000 -2942.000000 1216.000000 -1065.000000 91.000000
9218.000000 -547.000000 -2834.000000 838.000000 -894.000000 65.000000
9080.000000 -535.000000 -2768.000000 488.000000 -594.000000 38.000000
9043.000000 -524.000000 -2580.000000 150.000000 -369.000000 24.000000
8895.000000 -541.000000 -2328.000000 -127.000000 -259.000000 -37.000000
8844.000000 -601.000000 -2153.000000 -280.000000 -297.000000 -100.000000
8758.000000 -551.000000 -1960.000000 -382.000000 -367.000000 -92.000000
8624.000000 -538.000000 -1860.000000 -429.000000 -366.000000 -69.000000
8515.000000 -491.000000 -1798.000000 -438.000000 -363.000000 -23.000000
8540.000000 -396.000000 -1735.000000 -459.000000 -422.000000 35.000000
8452.000000 -353.000000 -1713.000000 -475.000000 -452.000000 52.000000
8461.000000 -227.000000 -1743.000000 -553.000000 -423.000000 75.000000
8427.000000 -185.000000 -1710.000000 -729.000000 -320.000000 73.000000
8368.000000 -210.000000 -1526.000000 -936.000000 -159.000000 72.000000
8331.000000 -243.000000 -1374.000000 -1085.000000 -48.000000 92.000000
8444.000000 -213.000000 -1160.000000 -1202.000000 -11.000000 142.000000
8501.000000 -214.000000 -1023.000000 -1293.000000 56.000000 173.000000
8527.000000 -234.000000 -951.000000 -1346.000000 155.000000 174.000000
8600.000000 -245.000000 -971.000000 -1361.000000 147.000000 154.000000
8734.000000 -269.000000 -936.000000 -1389.000000 6.000000 133.000000
8877.000000 -296.000000 -888.000000 -1422.000000 -85.000000 83.000000
8941.000000 -322.000000 -808.000000 -1442.000000 -28.000000 48.000000
8915.000000 -316.000000 -774.000000 -1414.000000 38.000000 -15.000000
8813.000000 -326.000000 -799.000000 -1363.000000 127.000000 -74.000000
8709.000000 -340.000000 -783.000000 -1332.000000 194.000000 -121.000000
8660.000000 -320.000000 -746.000000 -1320.000000 195.000000 -128.000000
8732.000000 -303.000000 -678.000000 -1335.000000 160.000000 -126.000000
8725.000000 -287.000000 -562.000000 -1345.000000 192.000000 -178.000000
8658.000000 -298.000000 -510.000000 -1322.000000 254.000000 -229.000000
8597.000000 -266.000000 -516.000000 -1259.000000 255.000000 -251.000000
8501.000000 -270.000000 -520.000000 -1185.000000 214.000000 -252.000000
8448.000000 -294.000000 -544.000000 -1139.000000 191.000000 -209.000000
8494.000000 -261.000000 -484.000000 -1116.000000 215.000000 -105.000000
8601.000000 -235.000000 -471.000000 -1078.000000 223.000000 -43.000000
8594.000000 -229.000000 -427.000000 -1016.000000 224.000000 -51.000000
