6203.000000 2406.000000 1206.000000 -696.000000 1433.000000 77.000000
5518.000000 1829.000000 1634.000000 -647.000000 944.000000 367.000000
5163.000000 2208.000000 2225.000000 -687.000000 759.000000 532.000000
4978.000000 1927.000000 2896.000000 -597.000000 494.000000 736.000000
4585.000000 1697.000000 3365.000000 -356.000000 78.000000 830.000000
4233.000000 1483.000000 3823.000000 -17.000000 -257.000000 1003.000000
4045.000000 1062.000000 4287.000000 426.000000 -644.000000 1311.000000
4129.000000 533.000000 4600.000000 1062.000000 -879.000000 1895.000000
4598.000000 273.000000 4895.000000 1990.000000 -1060.000000 2618.000000
4940.000000 75.000000 4878.000000 3127.000000 -1088.000000 3271.000000
5515.000000 -175.000000 4596.000000 4408.000000 -1097.000000 3916.000000
6051.000000 -69.000000 4119.000000 5713.000000 -1311.000000 4342.000000
6549.000000 -40.000000 3423.000000 6917.000000 -1682.000000 4451.000000
6760.000000 130.000000 2412.000000 7849.000000 -2060.000000 4309.000000
6744.000000 -26.000000 1703.000000 8401.000000 -2211.000000 4126.000000
6760.000000 -157.000000 1061.000000 8768.000000 -2272.000000 4161.000000
6969.000000 -24.000000 394.000000 9096.000000 -2514.000000 4377.000000
7506.000000 -6.000000 -454.000000 9304.000000 -2981.000000 4637.000000
8030.000000 -62.000000 -1418.000000 9428.000000 -3555.000000 4796.000000
8455.000000 -282.000000 -2103.000000 9302.000000 -3715.000000 5002.000000
8995.000000 -319.000000 -2790.000000 9223.000000 -3715.000000 5284.000000
9971.000000 -318.000000 -3480.000000 9329.000000 -3861.000000 5587.000000
11052.000000 -415.000000 -4534.000000 9643.000000 -4228.000000 5640.000000
11882.000000 -427.000000 -5871.000000 9828.000000 -4430.000000 5456.000000
12574.000000 -424.000000 -7031.000000 9598.000000 -4267.000000 5126.000000
13071.000000 -432.000000 -8040.000000 9003.000000 -3827.000000 4613.000000
13550.000000 -342.000000 -8862.000000 8141.000000 -3373.000000 3960.000000
13847.000000 -214.000000 -9665.000000 7151.000000 -2988.000000 3158.000000
13797.000000 -225.000000 -10409.000000 6074.000000 -2645.000000 2244.000000
13394.000000 -158.000000 -10867.000000 4824.000000 -2136.000000 1477.000000
13330.000000 -110.000000 -11081.000000 3460.000000 -1693.000000 955.000000
13267.000000 -16.000000 -11005.000000 2104.000000 -1209.000000 470.000000
12940.000000 -86.000000 -10840.000000 743.000000 -549.000000 -93.000000
12395.000000 -249.000000 -10405.000000 -633.000000 277.000000 -619.000000
11777.000000 -393.000000 -9864.000000 -1880.000000 1128.000000 -998.000000
11260.000000 -358.000000 -9373.000000 -2956.000000 1684.000000 -1252.000000
10846.000000 -374.000000 -8828.000000 -3930.000000 1741.000000 -1483.000000
10554.000000 -355.000000 -8302.000000 -4842.000000 1560.000000 -1693.000000
10114.000000 -407.000000 -7726.000000 -5776.000000 1660.000000 -1855.000000
9793.000000 -392.000000 -7135.000000 -6768.000000 1897.000000 -1909.000000
9669.000000 -395.000000 -6482.000000 -7739.000000 2156.000000 -1920.000000
9523.000000 -434.000000 -5562.000000 -8593.000000 2259.000000 -1974.000000
9278.000000 -457.000000 -4750.000000 -9235.000000 2193.000000 -2078.000000
8973.000000 -485.000000 -4110.000000 -9719.000000 2369.000000 -2184.000000
8778.000000 -401.000000 -3281.000000 -10078.000000 2436.000000 -2258.000000
8437.000000 -334.000000 -2648.000000 -10251.000000 2523.000000 -2347.000000
8041.000000 -223.000000 -2056.000000 -10356.000000 2584.000000 -2392.000000
7837.000000 -183.000000 -1344.000000 -10380.000000 2429.000000 -2397.000000
7663.000000 -168.000000 -674.000000 -10302.000000 2264.000000 -2351.000000
7450.000000 -115.000000 -151.000000 -10141.000000 2369.000000 -2199.000000
7263.000000 5.000000 383.000000 -9921.000000 2563.000000 -2010.000000
7134.000000 81.000000 913.000000 -9657.000000 2670.000000 -1833.000000
6955.000000 202.000000 1300.000000 -9345.000000 2625.000000 -1729.000000
6784.000000 297.000000 1920.000000 -9026.000000 2594.000000 -1612.000000
6566.000000 356.000000 2406.000000 -8621.000000 2552.000000 -1491.000000
6421.000000 433.000000 2781.000000 -8129.000000 2394.000000 -1374.000000
6162.000000 558.000000 3175.000000 -7606.000000 2196.000000 -1223.000000
5899.000000 640.000000 3526.000000 -7051.000000 2033.000000 -997.000000
5842.000000 749.000000 3875.000000 -6439.000000 1868.000000 -677.000000
5824.000000 740.000000 4188.000000 -5801.000000 1775.000000 -358.000000
5762.000000 781.000000 4371.000000 -5140.000000 1663.000000 -86.000000
5640.000000 809.000000 4543.000000 -4526.000000 1593.000000 163.000000
5570.000000 789.000000 4666.000000 -3905.000000 1466.000000 393.000000
5580.000000 749.000000 4801.000000 -3243.000000 1234.000000 606.000000
5549.000000 661.000000 4876.000000 -2564.000000 1002.000000 787.000000
5472.000000 545.000000 4971.000000 -1853.000000 841.000000 985.000000
5455.000000 564.000000 5044.000000 -1151.000000 663.000000 1226.000000
5445.000000 504.000000 5023.000000 -438.000000 496.000000 1466.000000
5460.000000 412.000000 4863.000000 300.000000 291.000000 1713.000000
5470.000000 342.000000 4731.000000 972.000000 59.000000 1977.000000
5617.000000 236.000000 4583.000000 1583.000000 78.000000 2293.000000
5669.000000 211.000000 4454.000000 2117.000000 201.000000 2562.000000
5658.000000 125.000000 4458.000000 2612.000000 15.000000 2777.000000
5499.000000 -38.000000 4506.000000 3140.000000 -283.000000 2977.000000
5568.000000 32.000000 4264.000000 3737.000000 -401.000000 3319.000000
5630.000000 -479.000000 3764.000000 4383.000000 -483.000000 3619.000000
5959.000000 -511.000000 3148.000000 5053.000000 -910.000000 4001.000000
6542.000000 -657.000000 2633.000000 5642.000000 -1669.000000 4401.000000
7307.000000 -721.000000 2062.000000 6167.000000 -2578.000000 4693.000000
8242.000000 -414.000000 1578.000000 6594.000000 -3187.000000 4844.000000
8673.000000 -792.000000 877.000000 6860.000000 -3145.000000 4669.000000
8797.000000 -803.000000 280.000000 6992.000000 -3171.000000 4433.000000
9302.000000 -962.000000 -315.000000 7052.000000 -3494.000000 4411.000000
9901.000000 -975.000000 -985.000000 7051.000000 -3642.000000 4484.000000
10542.000000 -930.000000 -1465.000000 6944.000000 -3632.000000 4439.000000
11004.000000 -903.000000 -1980.000000 6819.000000 -3606.000000 4195.000000
11324.000000 -963.000000 -2371.000000 6738.000000 -3739.000000 3816.000000
11367.000000 -1013.000000 -2758.000000 6647.000000 -3539.000000 3416.000000
11370.000000 -979.000000 -3174.000000 6411.000000 -2760.000000 3104.000000
11315.000000 -947.000000 -3451.000000 6102.000000 -2576.000000 2892.000000
11440.000000 -888.000000 -3954.000000 5800.000000 -2753.000000 2658.000000
11633.000000 -839.000000 -4156.000000 5314.000000 -2045.000000 2368.000000
11823.000000 -817.000000 -4204.000000 4800.000000 -1480.000000 2013.000000
11861.000000 -784.000000 -4226.000000 4384.000000 -1118.000000 1606.000000
11747.000000 -763.000000 -4435.000000 3959.000000 -693.000000 1207.000000
11495.000000 -763.000000 -4462.000000 3422.000000 -118.000000 832.000000
11081.000000 -710.000000 -4322.000000 2865.000000 412.000000 498.000000
10862.000000 -686.000000 -4141.000000 2355.000000 601.000000 255.000000
10582.000000 -687.000000 -3903.000000 1892.000000 617.000000 64.000000
10229.000000 -756.000000 -3611.000000 1488.000000 640.000000 -111.000000
9810.000000 -771.000000 -3378.000000 1160.000000 634.000000 -232.000000
9380.000000 -775.000000 -3235.000000 890.000000 489.000000 -324.000000
9124.000000 -761.000000 -3000.000000 617.000000 326.000000 -325.000000
8938.000000 -764.000000 -2716.000000 389.000000 164.000000 -237.000000
8744.000000 -806.000000 -2545.000000 215.000000 77.000000 -164.000000
8728.000000 -812.000000 -2369.000000 63.000000 110.000000 -24.000000
8715.000000 -864.000000 -2191.000000 -42.000000 164.000000 127.000000
8728.000000 -895.000000 -2052.000000 -74.000000 140.000000 215.000000
8756.000000 -885.000000 -1944.000000 -75.000000 75.000000 278.000000
8764.000000 -831.000000 -1866.000000 -85.000000 32.000000 331.000000
8703.000000 -806.000000 -1823.000000 -113.000000 49.000000 358.000000
8731.000000 -793.000000 -1778.000000 -161.000000 54.000000 378.000000
8715.000000 -770.000000 -1818.000000 -220.000000 29.000000 398.000000
8788.000000 -710.000000 -1774.000000 -305.000000 12.000000 417.000000
8879.000000 -670.000000 -1696.000000 -411.000000 7.000000 439.000000
8907.000000 -654.000000 -1750.000000 -518.000000 15.000000 410.000000
8891.000000 -680.000000 -1608.000000 -670.000000 103.000000 392.000000
8896.000000 -671.000000 -1487.000000 -844.000000 231.000000 351.000000
8824.000000 -697.000000 -1346.000000 -957.000000 300.000000 291.000000
8759.000000 -807.000000 -1207.000000 -1059.000000 342.000000 213.000000
8655.000000 -804.000000 -1020.000000 -1127.000000 406.000000 167.000000
8616.000000 -867.000000 -871.000000 -1122.000000 414.000000 190.000000
8660.000000 -843.000000 -783.000000 -1051.000000 342.000000 197.000000
8760.000000 -859.000000 -801.000000 -960.000000 256.000000 174.000000
8699.000000 -814.000000 -760.000000 -872.000000 192.000000 124.000000
8663.000000 -825.000000 -795.000000 -814.000000 170.000000 94.000000
8674.000000 -784.000000 -799.000000 -760.000000 186.000000 110.000000
8669.000000 -680.000000 -818.000000 -732.000000 202.000000 95.000000
8615.000000 -673.000000 -757.000000 -732.000000 245.000000 74.000000
8578.000000 -626.000000 -757.000000 -731.000000 249.000000 42.000000
8525.000000 -645.000000 -843.000000 -742.000000 147.000000 15.000000
8458.000000 -709.000000 -840.000000 -789.000000 193.000000 43.000000
8452.000000 -640.000000 -803.000000 -857.000000 296.000000 113.000000
8407.000000 -588.000000 -704.000000 -904.000000 325.000000 168.000000
8380.000000 -680.000000 -619.000000 -896.000000 253.000000 213.000000
8513.000000 -713.000000 -589.000000 -865.000000 125.000000 299.000000
8627.000000 -729.000000 -530.000000 -871.000000 127.000000 367.000000
8718.000000 -793.000000 -489.000000 -878.000000 136.000000 398.000000
8784.000000 -861.000000 -489.000000 -886.000000 149.000000 418.000000
8912.000000 -966.000000 -395.000000 -894.000000 146.000000 426.000000
9020.000000 -1011.000000 -302.000000 -834.000000 117.000000 442.000000
9125.000000 -1024.000000 -249.000000 -694.000000 46.000000 414.000000
9205.000000 -1027.000000 -319.000000 -513.000000 -41.000000 382.000000
9180.000000 -927.000000 -458.000000 -381.000000 -41.000000 326.000000
9124.000000 -904.000000 -648.000000 -338.000000 -23.000000 246.000000
9049.000000 -886.000000 -712.000000 -347.000000 -82.000000 175.000000
9047.000000 -890.000000 -694.000000 -391.000000 -180.000000 114.000000
9086.000000 -919.000000 -626.000000 -422.000000 -265.000000 70.000000
9078.000000 -923.000000 -640.000000 -399.000000 -338.000000 34.000000
9095.000000 -880.000000 -628.000000 -349.000000 -361.000000 18.000000
