5728.000000 3122.000000 3320.000000 -1563.000000 -4368.000000 -1204.000000
6950.000000 3262.000000 2737.000000 -522.000000 -4501.000000 -1853.000000
6780.000000 3406.000000 2843.000000 -182.000000 -1870.000000 -2472.000000
6541.000000 3590.000000 2848.000000 -347.000000 -708.000000 -2395.000000
5901.000000 4046.000000 3220.000000 -338.000000 758.000000 -2239.000000
6079.000000 4138.000000 2812.000000 -204.000000 1177.000000 -1918.000000
4460.000000 3918.000000 4623.000000 -193.000000 1180.000000 -1640.000000
5237.000000 4158.000000 4106.000000 315.000000 -2812.000000 -1019.000000
5957.000000 4415.000000 3281.000000 1159.000000 -3901.000000 -293.000000
6225.000000 4230.000000 2782.000000 1218.000000 -4133.000000 268.000000
6720.000000 4218.000000 2365.000000 819.000000 -4099.000000 518.000000
6894.000000 4206.000000 2295.000000 394.000000 -2498.000000 400.000000
6852.000000 4132.000000 2348.000000 163.000000 -602.000000 253.000000
6584.000000 4130.000000 2420.000000 5.000000 825.000000 178.000000
6358.000000 4182.000000 2599.000000 -175.000000 1462.000000 192.000000
6317.000000 4238.000000 2719.000000 -240.000000 1081.000000 203.000000
6355.000000 4202.000000 2709.000000 -121.000000 266.000000 177.000000
6413.000000 4206.000000 2611.000000 4.000000 -222.000000 135.000000
6435.000000 4267.000000 2529.000000 -9.000000 -455.000000 134.000000
6483.000000 4226.000000 2421.000000 -108.000000 -519.000000 168.000000
6533.000000 4256.000000 2388.000000 -243.000000 -291.000000 215.000000
6574.000000 4256.000000 2418.000000 -386.000000 27.000000 262.000000
6622.000000 4271.000000 2451.000000 -494.000000 279.000000 288.000000
6640.000000 4249.000000 2544.000000 -584.000000 400.000000 257.000000
6701.000000 4247.000000 2673.000000 -630.000000 281.000000 217.000000
6695.000000 4256.000000 2769.000000 -620.000000 126.000000 163.000000
6676.000000 4205.000000 2886.000000 -585.000000 -23.000000 112.000000
6683.000000 4176.000000 2939.000000 -538.000000 -124.000000 74.000000
6704.000000 4143.000000 2962.000000 -456.000000 -158.000000 43.000000
6677.000000 4152.000000 2919.000000 -353.000000 -166.000000 20.000000
6654.000000 4168.000000 2858.000000 -266.000000 -162.000000 9.000000
6609.000000 4204.000000 2799.000000 -201.000000 -174.000000 3.000000
6577.000000 4205.000000 2725.000000 -155.000000 -208.000000 -13.000000
6536.000000 4150.000000 2638.000000 -128.000000 -260.000000 -27.000000
6549.000000 4198.000000 2605.000000 -124.000000 -313.000000 -20.000000
6521.000000 4191.000000 2533.000000 -133.000000 -325.000000 -7.000000
6466.000000 4176.000000 2510.000000 -153.000000 -285.000000 19.000000
6528.000000 4152.000000 2516.000000 -221.000000 -222.000000 67.000000
6509.000000 4100.000000 2586.000000 -288.000000 -170.000000 85.000000
6488.000000 4080.000000 2579.000000 -310.000000 -149.000000 88.000000
6510.000000 4077.000000 2594.000000 -310.000000 -163.000000 116.000000
6574.000000 4103.000000 2670.000000 -313.000000 -192.000000 139.000000
6604.000000 4091.000000 2705.000000 -321.000000 -220.000000 124.000000
6578.000000 4081.000000 2684.000000 -340.000000 -217.000000 113.000000
6578.000000 4129.000000 2686.000000 -344.000000 -159.000000 122.000000
6601.000000 4140.000000 2679.000000 -322.000000 -119.000000 132.000000
6578.000000 4157.000000 2668.000000 -286.000000 -135.000000 122.000000
6580.000000 4166.000000 2654.000000 -267.000000 -196.000000 117.000000
6578.000000 4178.000000 2645.000000 -257.000000 -281.000000 125.000000
6601.000000 4183.000000 2625.000000 -249.000000 -270.000000 134.000000
6556.000000 4152.000000 2644.000000 -274.000000 -222.000000 120.000000
6606.000000 4168.000000 2648.000000 -296.000000 -211.000000 136.000000
6609.000000 4172.000000 2691.000000 -311.000000 -136.000000 153.000000
6641.000000 4188.000000 2701.000000 -313.000000 -67.000000 157.000000
6648.000000 4215.000000 2715.000000 -292.000000 -37.000000 148.000000
6650.000000 4227.000000 2752.000000 -241.000000 -138.000000 122.000000
6672.000000 4217.000000 2758.000000 -174.000000 -296.000000 82.000000
6660.000000 4193.000000 2582.000000 -135.000000 -434.000000 40.000000
6616.000000 4152.000000 2520.000000 -161.000000 -417.000000 27.000000
6604.000000 4108.000000 2482.000000 -220.000000 -379.000000 22.000000
6594.000000 4123.000000 2533.000000 -271.000000 -318.000000 10.000000
6556.000000 4058.000000 2546.000000 -310.000000 -320.000000 2.000000
6529.000000 4069.000000 2608.000000 -325.000000 -369.000000 2.000000
6566.000000 4072.000000 2637.000000 -322.000000 -364.000000 13.000000
6570.000000 4059.000000 2645.000000 -321.000000 -353.000000 29.000000
6622.000000 4124.000000 2660.000000 -318.000000 -297.000000 48.000000
6648.000000 4106.000000 2655.000000 -307.000000 -243.000000 69.000000
6687.000000 4112.000000 2664.000000 -297.000000 -200.000000 70.000000
6707.000000 4138.000000 2637.000000 -275.000000 -160.000000 67.000000
6693.000000 4121.000000 2549.000000 -239.000000 -154.000000 64.000000
6693.000000 4113.000000 2552.000000 -216.000000 -183.000000 68.000000
6672.000000 4150.000000 2456.000000 -201.000000 -250.000000 60.000000
6705.000000 4210.000000 2470.000000 -185.000000 -343.000000 45.000000
6666.000000 4184.000000 2438.000000 -201.000000 -434.000000 30.000000
6622.000000 4198.000000 2410.000000 -247.000000 -431.000000 41.000000
6642.000000 4175.000000 2384.000000 -277.000000 -368.000000 61.000000
6681.000000 4223.000000 2438.000000 -296.000000 -325.000000 64.000000
6689.000000 4196.000000 2500.000000 -310.000000 -384.000000 43.000000
6694.000000 4189.000000 2558.000000 -328.000000 -460.000000 22.000000
6703.000000 4165.000000 2633.000000 -337.000000 -520.000000 -2.000000
6690.000000 4091.000000 2645.000000 -341.000000 -522.000000 -5.000000
6619.000000 4083.000000 2612.000000 -357.000000 -338.000000 13.000000
6571.000000 4054.000000 2570.000000 -366.000000 -85.000000 62.000000
6576.000000 4107.000000 2522.000000 -334.000000 13.000000 87.000000
6543.000000 4082.000000 2467.000000 -286.000000 -50.000000 97.000000
6557.000000 4079.000000 2464.000000 -279.000000 -212.000000 103.000000
6559.000000 4099.000000 2442.000000 -291.000000 -367.000000 115.000000
6599.000000 4088.000000 2462.000000 -286.000000 -431.000000 136.000000
6649.000000 4117.000000 2405.000000 -291.000000 -414.000000 167.000000
6667.000000 4136.000000 2399.000000 -318.000000 -359.000000 185.000000
6678.000000 4111.000000 2413.000000 -344.000000 -378.000000 207.000000
6800.000000 4145.000000 2443.000000 -369.000000 -407.000000 219.000000
6801.000000 4106.000000 2437.000000 -400.000000 -417.000000 185.000000
6884.000000 4067.000000 2499.000000 -415.000000 -379.000000 166.000000
6904.000000 4122.000000 2561.000000 -393.000000 -322.000000 146.000000
6841.000000 4117.000000 2580.000000 -339.000000 -323.000000 108.000000
6835.000000 4162.000000 2562.000000 -289.000000 -364.000000 68.000000
6797.000000 4147.000000 2528.000000 -252.000000 -399.000000 38.000000
6748.000000 4120.000000 2411.000000 -257.000000 -346.000000 28.000000
6709.000000 4120.000000 2405.000000 -280.000000 -248.000000 39.000000
6673.000000 4099.000000 2387.000000 -286.000000 -202.000000 48.000000
6669.000000 4100.000000 2362.000000 -293.000000 -180.000000 66.000000
6673.000000 4116.000000 2382.000000 -313.000000 -191.000000 88.000000
6666.000000 4092.000000 2408.000000 -330.000000 -234.000000 89.000000
6726.000000 4064.000000 2413.000000 -333.000000 -251.000000 104.000000
6740.000000 4041.000000 2400.000000 -331.000000 -233.000000 121.000000
6759.000000 4038.000000 2375.000000 -326.000000 -203.000000 136.000000
6771.000000 4049.000000 2340.000000 -324.000000 -159.000000 152.000000
6783.000000 4051.000000 2338.000000 -342.000000 -106.000000 148.000000
6739.000000 4086.000000 2351.000000 -362.000000 -99.000000 140.000000
6709.000000 4055.000000 2348.000000 -376.000000 -123.000000 129.000000
6724.000000 4073.000000 2347.000000 -376.000000 -157.000000 138.000000
6727.000000 4051.000000 2337.000000 -371.000000 -201.000000 153.000000
6726.000000 4059.000000 2317.000000 -362.000000 -247.000000 173.000000
6784.000000 4054.000000 2343.000000 -360.000000 -281.000000 186.000000
6839.000000 4078.000000 2374.000000 -365.000000 -330.000000 196.000000
6883.000000 4083.000000 2368.000000 -383.000000 -355.000000 188.000000
6890.000000 4083.000000 2345.000000 -406.000000 -342.000000 187.000000
6953.000000 4129.000000 2352.000000 -425.000000 -284.000000 183.000000
6937.000000 4177.000000 2285.000000 -450.000000 -196.000000 158.000000
6915.000000 4124.000000 2242.000000 -509.000000 -113.000000 94.000000
6911.000000 4124.000000 2328.000000 -557.000000 6.000000 54.000000
6860.000000 4076.000000 2378.000000 -565.000000 63.000000 30.000000
6831.000000 4034.000000 2402.000000 -564.000000 23.000000 13.000000
6818.000000 4026.000000 2359.000000 -556.000000 -49.000000 4.000000
6776.000000 4029.000000 2397.000000 -528.000000 -102.000000 2.000000
6808.000000 4038.000000 2383.000000 -511.000000 -132.000000 0.000000
6812.000000 4042.000000 2430.000000 -509.000000 -142.000000 7.000000
6826.000000 4044.000000 2431.000000 -522.000000 -151.000000 7.000000
6848.000000 4021.000000 2414.000000 -538.000000 -162.000000 4.000000
6864.000000 4013.000000 2429.000000 -569.000000 -146.000000 0.000000
6867.000000 3992.000000 2461.000000 -575.000000 -134.000000 -9.000000
6891.000000 3964.000000 2460.000000 -547.000000 -166.000000 -23.000000
6913.000000 3970.000000 2467.000000 -503.000000 -236.000000 -45.000000
6986.000000 3962.000000 2430.000000 -454.000000 -340.000000 -81.000000
7021.000000 3935.000000 2331.000000 -446.000000 -420.000000 -115.000000
7093.000000 3917.000000 2284.000000 -458.000000 -388.000000 -134.000000
7096.000000 3957.000000 2241.000000 -471.000000 -272.000000 -169.000000
7060.000000 4046.000000 2303.000000 -488.000000 -165.000000 -220.000000
7028.000000 4025.000000 2231.000000 -515.000000 -102.000000 -267.000000
7021.000000 4072.000000 2268.000000 -553.000000 -28.000000 -289.000000
6997.000000 4105.000000 2299.000000 -602.000000 61.000000 -292.000000
6988.000000 4097.000000 2349.000000 -613.000000 110.000000 -326.000000
6976.000000 4113.000000 2455.000000 -581.000000 98.000000 -369.000000
6956.000000 4087.000000 2514.000000 -546.000000 59.000000 -386.000000
6968.000000 4070.000000 2575.000000 -522.000000 65.000000 -387.000000
6904.000000 4088.000000 2668.000000 -492.000000 35.000000 -354.000000
6876.000000 4123.000000 2682.000000 -405.000000 -267.000000 -367.000000
6889.000000 4061.000000 2621.000000 -299.000000 -399.000000 -438.000000
6872.000000 4002.000000 2694.000000 -237.000000 -74.000000 -458.000000
