8486.000000 451.000000 -2040.000000 496.000000 1059.000000 78.000000
8033.000000 769.000000 -2233.000000 845.000000 1079.000000 258.000000
8167.000000 884.000000 -2704.000000 1098.000000 1115.000000 420.000000
8462.000000 718.000000 -3276.000000 1192.000000 881.000000 520.000000
8647.000000 564.000000 -3727.000000 1075.000000 971.000000 419.000000
8510.000000 368.000000 -4196.000000 847.000000 1088.000000 238.000000
8448.000000 233.000000 -4560.000000 601.000000 971.000000 129.000000
8665.000000 46.000000 -4981.000000 354.000000 539.000000 187.000000
9117.000000 -141.000000 -5324.000000 131.000000 -140.000000 310.000000
9952.000000 -338.000000 -5703.000000 31.000000 -781.000000 470.000000
10957.000000 -616.000000 -6303.000000 77.000000 -1188.000000 614.000000
11863.000000 -718.000000 -7066.000000 210.000000 -1139.000000 584.000000
12437.000000 -585.000000 -7981.000000 217.000000 -738.000000 344.000000
12955.000000 -258.000000 -8988.000000 -85.000000 -70.000000 -41.000000
13207.000000 -65.000000 -9768.000000 -685.000000 438.000000 -738.000000
12687.000000 223.000000 -10271.000000 -1625.000000 870.000000 -1678.000000
11933.000000 536.000000 -10433.000000 -2891.000000 1230.000000 -2572.000000
10976.000000 599.000000 -10317.000000 -4380.000000 1649.000000 -3248.000000
10247.000000 638.000000 -9827.000000 -5936.000000 2102.000000 -3707.000000
9415.000000 802.000000 -9008.000000 -7409.000000 2411.000000 -3984.000000
8788.000000 893.000000 -8152.000000 -8711.000000 2416.000000 -4182.000000
8270.000000 847.000000 -7104.000000 -9882.000000 2290.000000 -4295.000000
7853.000000 1041.000000 -5950.000000 -10906.000000 2089.000000 -4357.000000
7340.000000 1019.000000 -4523.000000 -11935.000000 2193.000000 -4430.000000
6725.000000 989.000000 -2883.000000 -12811.000000 2593.000000 -4464.000000
6015.000000 945.000000 -1396.000000 -13358.000000 2910.000000 -4384.000000
5453.000000 953.000000 227.000000 -13685.000000 3060.000000 -4229.000000
5055.000000 821.000000 2054.000000 -13759.000000 3209.000000 -3901.000000
4705.000000 717.000000 3691.000000 -13390.000000 3333.000000 -3381.000000
4462.000000 739.000000 5066.000000 -12604.000000 3423.000000 -2718.000000
4379.000000 782.000000 6325.000000 -11575.000000 3668.000000 -1958.000000
4405.000000 811.000000 7287.000000 -10339.000000 3931.000000 -1068.000000
4660.000000 975.000000 7760.000000 -8886.000000 4219.000000 -224.000000
4759.000000 1237.000000 7892.000000 -7383.000000 4054.000000 242.000000
4806.000000 1602.000000 7969.000000 -6037.000000 3369.000000 403.000000
4897.000000 1962.000000 7892.000000 -4788.000000 2444.000000 372.000000
4722.000000 2213.000000 7534.000000 -3564.000000 1359.000000 158.000000
4712.000000 2425.000000 7113.000000 -2506.000000 192.000000 67.000000
4655.000000 2688.000000 6461.000000 -1582.000000 -682.000000 127.000000
4709.000000 2970.000000 5779.000000 -765.000000 -1361.000000 258.000000
4627.000000 3079.000000 5126.000000 -139.000000 -1771.000000 487.000000
4603.000000 3183.000000 4542.000000 400.000000 -1913.000000 690.000000
4568.000000 3194.000000 3892.000000 882.000000 -2037.000000 926.000000
4615.000000 3246.000000 3293.000000 1357.000000 -2104.000000 1205.000000
4393.000000 3305.000000 2582.000000 1823.000000 -2190.000000 1433.000000
3994.000000 3398.000000 1831.000000 2170.000000 -2219.000000 1644.000000
3383.000000 3442.000000 1223.000000 2310.000000 -2092.000000 1906.000000
2463.000000 3362.000000 659.000000 2295.000000 -2099.000000 2167.000000
1583.000000 3094.000000 193.000000 2138.000000 -2428.000000 2570.000000
1022.000000 2714.000000 -40.000000 1914.000000 -3103.000000 3238.000000
1373.000000 2038.000000 165.000000 1694.000000 -3798.000000 4298.000000
2418.000000 1659.000000 523.000000 1809.000000 -4264.000000 5479.000000
3195.000000 1322.000000 397.000000 2311.000000 -4393.000000 6304.000000
3770.000000 990.000000 96.000000 2867.000000 -4197.000000 6888.000000
4209.000000 609.000000 -323.000000 3301.000000 -4035.000000 7416.000000
4910.000000 211.000000 -526.000000 3544.000000 -3899.000000 8004.000000
5841.000000 -150.000000 -592.000000 3719.000000 -3805.000000 8552.000000
6828.000000 -643.000000 -707.000000 3996.000000 -3818.000000 8988.000000
8138.000000 -516.000000 -1223.000000 4408.000000 -4125.000000 9286.000000
8882.000000 -1006.000000 -2028.000000 4715.000000 -4591.000000 9186.000000
10321.000000 -1025.000000 -2420.000000 4711.000000 -4954.000000 9195.000000
11853.000000 -1290.000000 -2729.000000 4626.000000 -5111.000000 9051.000000
13825.000000 -1065.000000 -3127.000000 4531.000000 -4860.000000 8630.000000
14652.000000 -889.000000 -3789.000000 4413.000000 -4761.000000 7609.000000
15446.000000 -600.000000 -4474.000000 4264.000000 -4090.000000 6368.000000
15734.000000 -606.000000 -4937.000000 3743.000000 -2622.000000 5083.000000
15731.000000 -407.000000 -5235.000000 3064.000000 -1861.000000 3903.000000
15381.000000 -152.000000 -5474.000000 2403.000000 -1540.000000 2785.000000
14838.000000 -50.000000 -5363.000000 1653.000000 -1053.000000 1710.000000
14087.000000 -8.000000 -5025.000000 929.000000 -492.000000 801.000000
13254.000000 105.000000 -4701.000000 334.000000 -173.000000 95.000000
12390.000000 159.000000 -4359.000000 -188.000000 144.000000 -497.000000
11509.000000 180.000000 -3960.000000 -664.000000 626.000000 -947.000000
10535.000000 147.000000 -3616.000000 -1077.000000 1396.000000 -1179.000000
9832.000000 155.000000 -3265.000000 -1434.000000 2054.000000 -1200.000000
9334.000000 98.000000 -2808.000000 -1687.000000 2372.000000 -1087.000000
9091.000000 15.000000 -2516.000000 -1796.000000 2686.000000 -860.000000
8916.000000 -105.000000 -2257.000000 -1798.000000 2821.000000 -631.000000
8796.000000 -134.000000 -2055.000000 -1687.000000 2286.000000 -433.000000
8863.000000 -187.000000 -2008.000000 -1539.000000 1953.000000 -199.000000
8918.000000 -266.000000 -1833.000000 -1482.000000 2037.000000 4.000000
9060.000000 -236.000000 -1682.000000 -1439.000000 2073.000000 196.000000
9147.000000 -309.000000 -1472.000000 -1365.000000 2171.000000 326.000000
9224.000000 -344.000000 -1271.000000 -1246.000000 2128.000000 377.000000
9298.000000 -450.000000 -1223.000000 -1067.000000 1777.000000 373.000000
9277.000000 -443.000000 -1195.000000 -861.000000 1456.000000 335.000000
9299.000000 -401.000000 -1128.000000 -722.000000 1185.000000 269.000000
9294.000000 -352.000000 -1031.000000 -603.000000 901.000000 178.000000
9209.000000 -305.000000 -989.000000 -441.000000 571.000000 21.000000
9092.000000 -255.000000 -1004.000000 -272.000000 270.000000 -132.000000
8981.000000 -217.000000 -1118.000000 -126.000000 -8.000000 -239.000000
8845.000000 -212.000000 -1174.000000 -4.000000 -298.000000 -303.000000
8777.000000 -228.000000 -1270.000000 85.000000 -575.000000 -282.000000
8769.000000 -168.000000 -1375.000000 153.000000 -738.000000 -189.000000
8807.000000 -66.000000 -1504.000000 210.000000 -840.000000 -131.000000
8902.000000 -1.000000 -1549.000000 214.000000 -891.000000 -123.000000
8858.000000 1.000000 -1642.000000 191.000000 -873.000000 -153.000000
8807.000000 33.000000 -1789.000000 111.000000 -722.000000 -156.000000
8889.000000 58.000000 -1780.000000 -46.000000 -521.000000 -151.000000
8857.000000 53.000000 -1759.000000 -194.000000 -343.000000 -215.000000
8739.000000 0.000000 -1662.000000 -305.000000 -150.000000 -292.000000
8681.000000 -58.000000 -1561.000000 -410.000000 45.000000 -306.000000
8670.000000 -103.000000 -1445.000000 -459.000000 102.000000 -264.000000
8656.000000 -85.000000 -1404.000000 -464.000000 282.000000 -215.000000
8679.000000 -101.000000 -1351.000000 -483.000000 486.000000 -196.000000
8639.000000 -111.000000 -1285.000000 -448.000000 531.000000 -178.000000
8656.000000 -58.000000 -1326.000000 -380.000000 504.000000 -152.000000
8667.000000 1.000000 -1312.000000 -351.000000 484.000000 -133.000000
8671.000000 27.000000 -1352.000000 -336.000000 433.000000 -144.000000
8628.000000 72.000000 -1350.000000 -356.000000 350.000000 -168.000000
8595.000000 33.000000 -1248.000000 -408.000000 287.000000 -172.000000
8610.000000 44.000000 -1172.000000 -402.000000 239.000000 -126.000000
8677.000000 96.000000 -1214.000000 -349.000000 136.000000 -64.000000
8775.000000 102.000000 -1273.000000 -325.000000 69.000000 -22.000000
8750.000000 132.000000 -1261.000000 -325.000000 28.000000 -27.000000
8679.000000 96.000000 -1309.000000 -339.000000 -21.000000 -47.000000
8700.000000 132.000000 -1272.000000 -354.000000 -69.000000 -24.000000
8824.000000 98.000000 -1274.000000 -379.000000 -107.000000 -3.000000
8842.000000 86.000000 -1210.000000 -391.000000 -124.000000 -27.000000
8843.000000 -7.000000 -1191.000000 -420.000000 -76.000000 -43.000000
8864.000000 -14.000000 -1143.000000 -452.000000 -27.000000 -51.000000
8879.000000 -50.000000 -1124.000000 -441.000000 -24.000000 -72.000000
8867.000000 -117.000000 -1067.000000 -410.000000 -12.000000 -106.000000
8820.000000 -164.000000 -1024.000000 -377.000000 31.000000 -136.000000
8769.000000 -198.000000 -1064.000000 -319.000000 61.000000 -125.000000
8777.000000 -192.000000 -1033.000000 -248.000000 16.000000 -120.000000
8836.000000 -217.000000 -1103.000000 -157.000000 -104.000000 -114.000000
8869.000000 -192.000000 -1129.000000 -72.000000 -207.000000 -135.000000
8932.000000 -216.000000 -1176.000000 3.000000 -240.000000 -156.000000
8918.000000 -189.000000 -1266.000000 67.000000 -225.000000 -204.000000
8919.000000 -170.000000 -1366.000000 85.000000 -198.000000 -236.000000
8849.000000 -191.000000 -1489.000000 54.000000 -159.000000 -266.000000
8751.000000 -181.000000 -1537.000000 7.000000 -125.000000 -291.000000
8673.000000 -203.000000 -1503.000000 -41.000000 -111.000000 -301.000000
8556.000000 -167.000000 -1506.000000 -67.000000 -156.000000 -297.000000
8577.000000 -130.000000 -1488.000000 -89.000000 -231.000000 -270.000000
8604.000000 -170.000000 -1479.000000 -142.000000 -273.000000 -224.000000
8599.000000 -158.000000 -1464.000000 -197.000000 -225.000000 -172.000000
8578.000000 -157.000000 -1430.000000 -212.000000 -168.000000 -146.000000
8561.000000 -153.000000 -1465.000000 -194.000000 -209.000000 -132.000000
8552.000000 -134.000000 -1453.000000 -184.000000 -291.000000 -106.000000
8586.000000 -160.000000 -1514.000000 -195.000000 -292.000000 -61.000000
8644.000000 -157.000000 -1495.000000 -222.000000 -276.000000 -28.000000
8709.000000 -177.000000 -1519.000000 -243.000000 -318.000000 4.000000
8783.000000 -148.000000 -1468.000000 -270.000000 -341.000000 34.000000
8829.000000 -160.000000 -1465.000000 -289.000000 -351.000000 27.000000
8819.000000 -162.000000 -1492.000000 -296.000000 -349.000000 -19.000000
8753.000000 -158.000000 -1398.000000 -296.000000 -351.000000 -66.000000
8708.000000 -187.000000 -1408.000000 -278.000000 -359.000000 -84.000000
8711.000000 -120.000000 -1345.000000 -239.000000 -337.000000 -70.000000
