6817.000000 2192.000000 -2136.000000 -293.000000 930.000000 -545.000000
8828.000000 1233.000000 -2624.000000 -293.000000 556.000000 -226.000000
8204.000000 1389.000000 -2154.000000 -420.000000 1018.000000 -477.000000
8281.000000 1528.000000 -1927.000000 -359.000000 918.000000 -296.000000
8307.000000 1551.000000 -2096.000000 -203.000000 860.000000 -201.000000
8264.000000 1620.000000 -2192.000000 -125.000000 772.000000 -104.000000
8362.000000 1608.000000 -2273.000000 -103.000000 551.000000 -14.000000
8439.000000 1626.000000 -2411.000000 -119.000000 264.000000 -16.000000
8439.000000 1617.000000 -2351.000000 -197.000000 108.000000 -94.000000
8443.000000 1685.000000 -2430.000000 -277.000000 -10.000000 -188.000000
8447.000000 1480.000000 -2241.000000 -406.000000 187.000000 -183.000000
8358.000000 1657.000000 -2066.000000 -476.000000 314.000000 -145.000000
8458.000000 1404.000000 -2159.000000 -405.000000 160.000000 -99.000000
8431.000000 1235.000000 -2127.000000 -287.000000 22.000000 -72.000000
8394.000000 1213.000000 -2213.000000 -164.000000 -44.000000 -54.000000
8406.000000 1164.000000 -2368.000000 -61.000000 -122.000000 -28.000000
8435.000000 927.000000 -2648.000000 -3.000000 -182.000000 9.000000
8494.000000 679.000000 -2972.000000 39.000000 -271.000000 83.000000
8658.000000 156.000000 -3459.000000 21.000000 -349.000000 210.000000
8850.000000 -559.000000 -4146.000000 -82.000000 -470.000000 375.000000
9179.000000 -1192.000000 -4988.000000 -232.000000 -977.000000 551.000000
10113.000000 -1821.000000 -5685.000000 -414.000000 -2047.000000 823.000000
11469.000000 -2405.000000 -6232.000000 -484.000000 -3336.000000 1070.000000
12420.000000 -2682.000000 -7258.000000 -391.000000 -3594.000000 989.000000
13004.000000 -2652.000000 -8200.000000 -368.000000 -3204.000000 645.000000
13160.000000 -2571.000000 -9355.000000 -509.000000 -2737.000000 50.000000
12650.000000 -2301.000000 -10394.000000 -930.000000 -2215.000000 -775.000000
11774.000000 -1847.000000 -11207.000000 -1745.000000 -1433.000000 -1523.000000
10863.000000 -1400.000000 -11660.000000 -2964.000000 -657.000000 -2037.000000
10369.000000 -809.000000 -11527.000000 -4471.000000 -175.000000 -2314.000000
9859.000000 -353.000000 -10933.000000 -6077.000000 267.000000 -2611.000000
9220.000000 -46.000000 -9975.000000 -7730.000000 833.000000 -2957.000000
8230.000000 113.000000 -8633.000000 -9366.000000 1539.000000 -3343.000000
7619.000000 166.000000 -6856.000000 -10881.000000 2308.000000 -3495.000000
7115.000000 208.000000 -4690.000000 -12136.000000 2838.000000 -3531.000000
6753.000000 355.000000 -2247.000000 -12953.000000 3142.000000 -3490.000000
6560.000000 513.000000 -92.000000 -13219.000000 3238.000000 -3300.000000
6310.000000 611.000000 1735.000000 -13084.000000 3286.000000 -3105.000000
6389.000000 866.000000 3429.000000 -12575.000000 3093.000000 -2791.000000
6566.000000 1198.000000 4787.000000 -11662.000000 2457.000000 -2430.000000
6805.000000 1632.000000 5738.000000 -10533.000000 1776.000000 -2142.000000
6886.000000 1962.000000 6423.000000 -9343.000000 1403.000000 -1965.000000
6882.000000 2461.000000 6707.000000 -8071.000000 1151.000000 -1834.000000
6723.000000 2914.000000 6697.000000 -6818.000000 878.000000 -1731.000000
6518.000000 3431.000000 6483.000000 -5654.000000 480.000000 -1703.000000
6233.000000 3901.000000 6037.000000 -4574.000000 -50.000000 -1760.000000
5777.000000 4221.000000 5526.000000 -3705.000000 -552.000000 -1820.000000
5179.000000 4346.000000 4944.000000 -3028.000000 -825.000000 -1787.000000
4663.000000 4561.000000 4453.000000 -2373.000000 -1139.000000 -1564.000000
4569.000000 4714.000000 3861.000000 -1767.000000 -1548.000000 -1199.000000
4710.000000 4750.000000 3304.000000 -1293.000000 -1764.000000 -735.000000
4865.000000 4700.000000 2858.000000 -919.000000 -1682.000000 -300.000000
5115.000000 4600.000000 2289.000000 -606.000000 -1364.000000 94.000000
5595.000000 4606.000000 1654.000000 -387.000000 -1087.000000 513.000000
6071.000000 4586.000000 1154.000000 -350.000000 -908.000000 758.000000
6499.000000 4500.000000 908.000000 -430.000000 -608.000000 787.000000
6667.000000 4262.000000 703.000000 -457.000000 -345.000000 673.000000
6798.000000 3970.000000 558.000000 -417.000000 -183.000000 549.000000
7033.000000 3790.000000 389.000000 -361.000000 -38.000000 517.000000
7239.000000 3644.000000 346.000000 -302.000000 128.000000 456.000000
7198.000000 3367.000000 250.000000 -250.000000 378.000000 320.000000
7068.000000 3106.000000 43.000000 -163.000000 702.000000 259.000000
6868.000000 2969.000000 -205.000000 -24.000000 886.000000 282.000000
6715.000000 2930.000000 -527.000000 80.000000 761.000000 296.000000
6617.000000 2892.000000 -783.000000 18.000000 564.000000 363.000000
6471.000000 2751.000000 -781.000000 -196.000000 679.000000 442.000000
6125.000000 2530.000000 -788.000000 -391.000000 887.000000 465.000000
5650.000000 2342.000000 -770.000000 -503.000000 956.000000 504.000000
5082.000000 2046.000000 -805.000000 -553.000000 990.000000 676.000000
4255.000000 1840.000000 -932.000000 -552.000000 950.000000 981.000000
3654.000000 1843.000000 -1058.000000 -608.000000 803.000000 1498.000000
2999.000000 1700.000000 -908.000000 -823.000000 619.000000 2071.000000
2115.000000 1598.000000 -780.000000 -1053.000000 405.000000 2528.000000
985.000000 1453.000000 -645.000000 -1259.000000 84.000000 3005.000000
-122.000000 1140.000000 -588.000000 -1502.000000 -482.000000 3653.000000
-712.000000 703.000000 -268.000000 -1762.000000 -1367.000000 4632.000000
-854.000000 125.000000 218.000000 -1900.000000 -2365.000000 5846.000000
-614.000000 -520.000000 761.000000 -1737.000000 -3171.000000 7187.000000
245.000000 -1467.000000 1142.000000 -1194.000000 -3740.000000 8731.000000
2045.000000 -2359.000000 1280.000000 -205.000000 -4182.000000 10536.000000
4262.000000 -2764.000000 925.000000 1106.000000 -4333.000000 12229.000000
6618.000000 -3195.000000 277.000000 2328.000000 -4041.000000 13607.000000
9486.000000 -3127.000000 -747.000000 3331.000000 -3547.000000 14494.000000
12026.000000 -2787.000000 -2018.000000 4058.000000 -3267.000000 14567.000000
14294.000000 -1989.000000 -3479.000000 4264.000000 -3241.000000 13842.000000
16031.000000 -1424.000000 -4227.000000 3984.000000 -3923.000000 12238.000000
16963.000000 -1166.000000 -4602.000000 3081.000000 -2417.000000 10108.000000
17246.000000 -1300.000000 -4256.000000 1870.000000 -1669.000000 8121.000000
17179.000000 -1211.000000 -3865.000000 1070.000000 -1913.000000 6555.000000
17080.000000 -1122.000000 -3720.000000 680.000000 -1786.000000 5242.000000
16842.000000 -910.000000 -3528.000000 437.000000 -1124.000000 4046.000000
16312.000000 -776.000000 -3397.000000 281.000000 -376.000000 2864.000000
15596.000000 -633.000000 -3329.000000 198.000000 220.000000 1760.000000
14824.000000 -561.000000 -3316.000000 101.000000 701.000000 870.000000
13958.000000 -445.000000 -3301.000000 -81.000000 1373.000000 251.000000
13453.000000 -314.000000 -3258.000000 -358.000000 2198.000000 -198.000000
12723.000000 -306.000000 -3119.000000 -687.000000 2453.000000 -605.000000
12152.000000 -253.000000 -2786.000000 -1040.000000 2529.000000 -884.000000
11590.000000 -354.000000 -2449.000000 -1414.000000 2530.000000 -1091.000000
11038.000000 -426.000000 -2112.000000 -1708.000000 2492.000000 -1203.000000
10602.000000 -599.000000 -1779.000000 -2000.000000 2773.000000 -1243.000000
10290.000000 -758.000000 -1137.000000 -2221.000000 3001.000000 -1188.000000
10029.000000 -786.000000 -729.000000 -2207.000000 3082.000000 -1049.000000
9815.000000 -863.000000 -550.000000 -2050.000000 2967.000000 -949.000000
9575.000000 -912.000000 -319.000000 -1917.000000 2583.000000 -892.000000
9305.000000 -1008.000000 -218.000000 -1791.000000 2178.000000 -862.000000
9077.000000 -1118.000000 -52.000000 -1655.000000 1802.000000 -830.000000
8985.000000 -1157.000000 102.000000 -1492.000000 1309.000000 -756.000000
8896.000000 -1252.000000 235.000000 -1300.000000 840.000000 -687.000000
8895.000000 -1337.000000 293.000000 -1084.000000 562.000000 -646.000000
8885.000000 -1342.000000 390.000000 -830.000000 392.000000 -575.000000
8741.000000 -1295.000000 342.000000 -500.000000 241.000000 -541.000000
8659.000000 -1214.000000 188.000000 -155.000000 107.000000 -523.000000
8539.000000 -1132.000000 -29.000000 156.000000 -47.000000 -515.000000
8450.000000 -1083.000000 -328.000000 424.000000 -279.000000 -473.000000
8465.000000 -896.000000 -605.000000 588.000000 -486.000000 -393.000000
8538.000000 -808.000000 -821.000000 642.000000 -657.000000 -344.000000
8565.000000 -694.000000 -1017.000000 656.000000 -851.000000 -322.000000
8627.000000 -595.000000 -1164.000000 640.000000 -1041.000000 -317.000000
8679.000000 -498.000000 -1289.000000 593.000000 -1174.000000 -340.000000
8749.000000 -420.000000 -1385.000000 526.000000 -1316.000000 -419.000000
8759.000000 -374.000000 -1330.000000 437.000000 -1401.000000 -502.000000
8712.000000 -360.000000 -1389.000000 326.000000 -1305.000000 -554.000000
8600.000000 -400.000000 -1400.000000 215.000000 -1025.000000 -573.000000
8462.000000 -396.000000 -1433.000000 120.000000 -748.000000 -570.000000
8335.000000 -333.000000 -1578.000000 11.000000 -589.000000 -510.000000
8369.000000 -278.000000 -1513.000000 -192.000000 -371.000000 -397.000000
8380.000000 -301.000000 -1339.000000 -393.000000 -132.000000 -360.000000
8424.000000 -363.000000 -1243.000000 -469.000000 -61.000000 -374.000000
8376.000000 -467.000000 -1154.000000 -443.000000 -58.000000 -356.000000
8309.000000 -398.000000 -1104.000000 -387.000000 20.000000 -300.000000
8238.000000 -400.000000 -1096.000000 -326.000000 117.000000 -274.000000
8172.000000 -395.000000 -1124.000000 -270.000000 150.000000 -230.000000
8145.000000 -356.000000 -1182.000000 -238.000000 93.000000 -145.000000
8278.000000 -356.000000 -1100.000000 -243.000000 46.000000 -41.000000
8408.000000 -344.000000 -1008.000000 -238.000000 74.000000 51.000000
8508.000000 -311.000000 -1088.000000 -194.000000 59.000000 74.000000
8501.000000 -290.000000 -1161.000000 -228.000000 29.000000 114.000000
8586.000000 -340.000000 -1100.000000 -362.000000 103.000000 173.000000
8648.000000 -351.000000 -949.000000 -466.000000 148.000000 183.000000
8728.000000 -396.000000 -811.000000 -507.000000 74.000000 148.000000
8788.000000 -499.000000 -736.000000 -475.000000 -29.000000 117.000000
8843.000000 -518.000000 -734.000000 -419.000000 -69.000000 119.000000
8837.000000 -538.000000 -701.000000 -379.000000 -42.000000 116.000000
8853.000000 -559.000000 -612.000000 -330.000000 -95.000000 87.000000
8906.000000 -581.000000 -651.000000 -237.000000 -293.000000 33.000000
8929.000000 -570.000000 -704.000000 -154.000000 -508.000000 -27.000000
8988.000000 -581.000000 -662.000000 -87.000000 -606.000000 -93.000000
9047.000000 -620.000000 -720.000000 -27.000000 -641.000000 -130.000000
9040.000000 -631.000000 -706.000000 52.000000 -662.000000 -199.000000
