6681.000000 3194.000000 -819.000000 -1532.000000 4296.000000 -366.000000
7146.000000 2396.000000 -1440.000000 -1530.000000 3741.000000 206.000000
6366.000000 2495.000000 -225.000000 -1536.000000 3695.000000 220.000000
6437.000000 2614.000000 196.000000 -1309.000000 2902.000000 629.000000
6307.000000 2430.000000 524.000000 -1045.000000 2489.000000 864.000000
5992.000000 2367.000000 901.000000 -777.000000 2108.000000 1005.000000
5539.000000 2218.000000 1240.000000 -407.000000 1739.000000 1065.000000
5114.000000 2031.000000 1453.000000 5.000000 1195.000000 1134.000000
4717.000000 1872.000000 1811.000000 297.000000 800.000000 1282.000000
4446.000000 1650.000000 2343.000000 486.000000 665.000000 1524.000000
4184.000000 1316.000000 2723.000000 787.000000 725.000000 1813.000000
3969.000000 1004.000000 2941.000000 1314.000000 871.000000 2138.000000
3940.000000 640.000000 3054.000000 2024.000000 864.000000 2573.000000
4126.000000 373.000000 2938.000000 2918.000000 655.000000 3125.000000
4426.000000 238.000000 2950.000000 3881.000000 503.000000 3686.000000
4763.000000 177.000000 2747.000000 4880.000000 365.000000 4188.000000
4902.000000 179.000000 2373.000000 5767.000000 520.000000 4595.000000
5007.000000 179.000000 1948.000000 6469.000000 739.000000 4982.000000
5217.000000 93.000000 1443.000000 6926.000000 1224.000000 5380.000000
5739.000000 -46.000000 1047.000000 7226.000000 1607.000000 5837.000000
6445.000000 -117.000000 788.000000 7608.000000 1490.000000 6232.000000
7041.000000 -143.000000 444.000000 8058.000000 1306.000000 6466.000000
7426.000000 -277.000000 40.000000 8497.000000 1285.000000 6576.000000
7690.000000 -404.000000 -485.000000 8885.000000 1409.000000 6661.000000
8546.000000 -325.000000 -1170.000000 9091.000000 1522.000000 6912.000000
9556.000000 -300.000000 -1889.000000 9204.000000 1441.000000 7083.000000
10329.000000 -27.000000 -2542.000000 9199.000000 811.000000 6870.000000
11096.000000 54.000000 -3510.000000 9171.000000 -856.000000 6462.000000
11471.000000 -110.000000 -4491.000000 8798.000000 -692.000000 5926.000000
12269.000000 -2.000000 -5051.000000 8151.000000 409.000000 5584.000000
12852.000000 291.000000 -5659.000000 7487.000000 961.000000 5306.000000
12998.000000 384.000000 -6221.000000 6799.000000 1612.000000 4740.000000
13097.000000 200.000000 -6717.000000 5923.000000 2463.000000 4163.000000
13049.000000 367.000000 -6732.000000 4951.000000 3175.000000 3685.000000
13190.000000 229.000000 -6709.000000 3983.000000 3358.000000 3271.000000
13435.000000 89.000000 -6295.000000 3047.000000 3175.000000 2840.000000
13483.000000 -36.000000 -5666.000000 2298.000000 2963.000000 2364.000000
13300.000000 -177.000000 -5150.000000 1813.000000 2848.000000 1837.000000
12908.000000 -439.000000 -4871.000000 1529.000000 2763.000000 1313.000000
12495.000000 -558.000000 -4683.000000 1391.000000 2617.000000 926.000000
12089.000000 -736.000000 -4719.000000 1275.000000 2356.000000 660.000000
11714.000000 -881.000000 -4686.000000 1108.000000 2091.000000 536.000000
11599.000000 -898.000000 -4722.000000 971.000000 1703.000000 518.000000
11452.000000 -967.000000 -4862.000000 782.000000 1192.000000 466.000000
11161.000000 -915.000000 -5014.000000 446.000000 816.000000 311.000000
10961.000000 -914.000000 -5009.000000 -36.000000 459.000000 148.000000
10784.000000 -878.000000 -5005.000000 -568.000000 155.000000 22.000000
10586.000000 -742.000000 -4906.000000 -1187.000000 26.000000 -81.000000
10397.000000 -734.000000 -4847.000000 -1835.000000 -60.000000 -180.000000
10115.000000 -763.000000 -4597.000000 -2480.000000 -108.000000 -276.000000
9855.000000 -765.000000 -4412.000000 -3025.000000 -235.000000 -339.000000
9756.000000 -720.000000 -4199.000000 -3456.000000 -443.000000 -360.000000
9793.000000 -720.000000 -4020.000000 -3812.000000 -732.000000 -377.000000
9626.000000 -718.000000 -3928.000000 -4128.000000 -854.000000 -375.000000
9479.000000 -670.000000 -3941.000000 -4494.000000 -700.000000 -324.000000
9394.000000 -617.000000 -3867.000000 -4935.000000 -471.000000 -212.000000
9389.000000 -546.000000 -3749.000000 -5360.000000 -464.000000 -196.000000
9268.000000 -559.000000 -3556.000000 -5791.000000 -611.000000 -259.000000
9176.000000 -570.000000 -3372.000000 -6251.000000 -740.000000 -303.000000
9056.000000 -613.000000 -2987.000000 -6710.000000 -945.000000 -335.000000
8986.000000 -596.000000 -2594.000000 -7098.000000 -1177.000000 -360.000000
9056.000000 -705.000000 -2269.000000 -7428.000000 -1059.000000 -390.000000
9006.000000 -832.000000 -1395.000000 -7662.000000 -966.000000 -374.000000
9022.000000 -723.000000 -1268.000000 -7641.000000 -867.000000 -309.000000
8970.000000 -680.000000 -971.000000 -7635.000000 -268.000000 -254.000000
8841.000000 -636.000000 -764.000000 -7563.000000 -84.000000 -270.000000
8811.000000 -584.000000 -418.000000 -7495.000000 76.000000 -330.000000
8781.000000 -578.000000 -164.000000 -7388.000000 216.000000 -345.000000
8747.000000 -573.000000 74.000000 -7303.000000 479.000000 -341.000000
8634.000000 -621.000000 374.000000 -7272.000000 884.000000 -321.000000
8582.000000 -599.000000 742.000000 -7193.000000 1177.000000 -331.000000
8468.000000 -530.000000 1046.000000 -7015.000000 1293.000000 -354.000000
8424.000000 -526.000000 1273.000000 -6742.000000 1320.000000 -341.000000
8319.000000 -533.000000 1565.000000 -6399.000000 1364.000000 -337.000000
8217.000000 -490.000000 1722.000000 -5980.000000 1392.000000 -334.000000
8165.000000 -480.000000 1844.000000 -5576.000000 1425.000000 -284.000000
8161.000000 -415.000000 1681.000000 -5207.000000 1490.000000 -233.000000
8193.000000 -319.000000 1736.000000 -4944.000000 1576.000000 -208.000000
8255.000000 -252.000000 1867.000000 -4677.000000 1237.000000 -276.000000
8363.000000 -261.000000 1783.000000 -4356.000000 798.000000 -380.000000
8330.000000 -253.000000 1836.000000 -4103.000000 660.000000 -415.000000
8269.000000 -174.000000 1852.000000 -3806.000000 701.000000 -410.000000
8251.000000 -117.000000 1755.000000 -3445.000000 684.000000 -408.000000
8218.000000 -56.000000 1600.000000 -3075.000000 549.000000 -404.000000
8244.000000 64.000000 1600.000000 -2756.000000 376.000000 -371.000000
8348.000000 59.000000 1468.000000 -2469.000000 199.000000 -309.000000
8343.000000 75.000000 1360.000000 -2242.000000 300.000000 -246.000000
8256.000000 55.000000 1236.000000 -2055.000000 525.000000 -176.000000
8270.000000 65.000000 1236.000000 -1844.000000 545.000000 -97.000000
8443.000000 70.000000 1112.000000 -1592.000000 276.000000 -35.000000
8626.000000 44.000000 1087.000000 -1364.000000 39.000000 -18.000000
8763.000000 14.000000 1032.000000 -1210.000000 1.000000 -9.000000
8861.000000 -44.000000 983.000000 -1060.000000 92.000000 -21.000000
8959.000000 -53.000000 949.000000 -901.000000 202.000000 -54.000000
8994.000000 -74.000000 935.000000 -717.000000 246.000000 -130.000000
9008.000000 -28.000000 835.000000 -516.000000 180.000000 -264.000000
8974.000000 25.000000 717.000000 -318.000000 73.000000 -416.000000
8866.000000 55.000000 546.000000 -178.000000 18.000000 -567.000000
8772.000000 75.000000 359.000000 -104.000000 75.000000 -669.000000
8653.000000 93.000000 244.000000 -56.000000 160.000000 -749.000000
8557.000000 144.000000 225.000000 -12.000000 241.000000 -825.000000
8551.000000 151.000000 178.000000 6.000000 275.000000 -842.000000
8439.000000 151.000000 126.000000 52.000000 242.000000 -831.000000
8406.000000 155.000000 84.000000 86.000000 279.000000 -832.000000
8344.000000 135.000000 130.000000 122.000000 312.000000 -817.000000
8274.000000 132.000000 79.000000 176.000000 343.000000 -771.000000
8241.000000 126.000000 13.000000 248.000000 370.000000 -720.000000
8191.000000 193.000000 -62.000000 332.000000 342.000000 -651.000000
8123.000000 207.000000 -120.000000 401.000000 259.000000 -571.000000
8188.000000 260.000000 -174.000000 455.000000 190.000000 -459.000000
8227.000000 353.000000 -243.000000 485.000000 194.000000 -343.000000
8229.000000 457.000000 -280.000000 503.000000 293.000000 -284.000000
8166.000000 457.000000 -434.000000 512.000000 179.000000 -222.000000
8218.000000 524.000000 -503.000000 477.000000 91.000000 -88.000000
8363.000000 506.000000 -493.000000 422.000000 -2.000000 9.000000
8490.000000 533.000000 -513.000000 373.000000 -144.000000 77.000000
8614.000000 516.000000 -499.000000 292.000000 -186.000000 160.000000
8714.000000 504.000000 -476.000000 227.000000 -151.000000 178.000000
8820.000000 526.000000 -554.000000 198.000000 -114.000000 156.000000
8848.000000 508.000000 -543.000000 100.000000 -74.000000 85.000000
8785.000000 429.000000 -513.000000 33.000000 -204.000000 16.000000
8784.000000 453.000000 -441.000000 21.000000 -291.000000 -7.000000
8849.000000 391.000000 -434.000000 0.000000 -330.000000 -6.000000
8863.000000 346.000000 -407.000000 -46.000000 -226.000000 -4.000000
8873.000000 336.000000 -391.000000 -90.000000 -78.000000 -38.000000
8922.000000 313.000000 -331.000000 -92.000000 -57.000000 -84.000000
8910.000000 326.000000 -314.000000 -48.000000 -99.000000 -143.000000
8841.000000 309.000000 -374.000000 -19.000000 -81.000000 -209.000000
8687.000000 388.000000 -375.000000 -16.000000 1.000000 -236.000000
8509.000000 410.000000 -419.000000 -12.000000 67.000000 -249.000000
8383.000000 444.000000 -438.000000 -7.000000 65.000000 -234.000000
8359.000000 431.000000 -433.000000 19.000000 -26.000000 -193.000000
8362.000000 438.000000 -540.000000 24.000000 -71.000000 -139.000000
8345.000000 407.000000 -586.000000 -47.000000 11.000000 -76.000000
8315.000000 405.000000 -566.000000 -171.000000 143.000000 -11.000000
8319.000000 349.000000 -544.000000 -297.000000 171.000000 35.000000
8336.000000 282.000000 -484.000000 -407.000000 70.000000 72.000000
8425.000000 185.000000 -344.000000 -465.000000 -38.000000 96.000000
8500.000000 81.000000 -241.000000 -468.000000 -60.000000 156.000000
8592.000000 25.000000 -108.000000 -413.000000 -29.000000 217.000000
8589.000000 -12.000000 -97.000000 -336.000000 -26.000000 246.000000
8608.000000 -41.000000 -92.000000 -230.000000 -73.000000 252.000000
8585.000000 -84.000000 -127.000000 -112.000000 -161.000000 286.000000
8739.000000 -42.000000 -195.000000 -29.000000 -221.000000 351.000000
8838.000000 -49.000000 -159.000000 0.000000 -277.000000 388.000000
8813.000000 -24.000000 -241.000000 33.000000 -362.000000 298.000000
8803.000000 24.000000 -227.000000 50.000000 -484.000000 233.000000
8754.000000 92.000000 -207.000000 80.000000 -643.000000 165.000000
8727.000000 161.000000 -220.000000 117.000000 -714.000000 115.000000
8770.000000 214.000000 -252.000000 166.000000 -750.000000 107.000000
