8634.000000 1411.000000 429.000000 -1105.000000 -9931.000000 -2121.000000
7570.000000 2228.000000 832.000000 -1156.000000 -5628.000000 -1539.000000
7425.000000 2001.000000 795.000000 -1239.000000 -3569.000000 -744.000000
7208.000000 1929.000000 1191.000000 -1041.000000 -2881.000000 -340.000000
5429.000000 -1760.000000 853.000000 -527.000000 -1570.000000 -17.000000
6703.000000 1398.000000 -128.000000 -147.000000 406.000000 1096.000000
6454.000000 2317.000000 153.000000 -670.000000 3162.000000 1804.000000
6265.000000 2596.000000 863.000000 -1055.000000 6512.000000 2386.000000
6508.000000 2522.000000 2413.000000 -1302.000000 8775.000000 2716.000000
5924.000000 1811.000000 3552.000000 -1065.000000 9440.000000 2791.000000
5422.000000 1127.000000 3865.000000 -135.000000 8039.000000 2488.000000
3705.000000 1528.000000 2965.000000 999.000000 5685.000000 2092.000000
2626.000000 1197.000000 1516.000000 1575.000000 7014.000000 2429.000000
1974.000000 1363.000000 2756.000000 1561.000000 5770.000000 2484.000000
1214.000000 1202.000000 2549.000000 1277.000000 3880.000000 2771.000000
577.000000 491.000000 2686.000000 1159.000000 3236.000000 3281.000000
854.000000 65.000000 2726.000000 1013.000000 1774.000000 4257.000000
1390.000000 -97.000000 3098.000000 852.000000 494.000000 5380.000000
2207.000000 -303.000000 3416.000000 960.000000 -40.000000 6302.000000
3110.000000 -538.000000 3384.000000 1290.000000 -345.000000 7048.000000
4094.000000 -658.000000 3452.000000 1640.000000 -883.000000 7599.000000
5224.000000 -974.000000 3386.000000 2187.000000 -1337.000000 7871.000000
5766.000000 -615.000000 3524.000000 2923.000000 -1985.000000 7928.000000
6896.000000 -875.000000 2903.000000 3873.000000 -2538.000000 8015.000000
7805.000000 -1211.000000 2139.000000 4652.000000 -3016.000000 8072.000000
8595.000000 -1109.000000 1904.000000 5134.000000 -3327.000000 8195.000000
9566.000000 -1179.000000 1240.000000 5688.000000 -3332.000000 8395.000000
10906.000000 -1385.000000 -47.000000 6409.000000 -3813.000000 8632.000000
11442.000000 -1268.000000 -384.000000 6797.000000 -4719.000000 8709.000000
12654.000000 -1277.000000 -1654.000000 7039.000000 -4586.000000 8777.000000
13691.000000 -986.000000 -1938.000000 6753.000000 -4769.000000 8409.000000
14481.000000 -821.000000 -2264.000000 6381.000000 -4466.000000 7889.000000
14944.000000 -784.000000 -2726.000000 6217.000000 -4216.000000 7119.000000
15216.000000 -812.000000 -3228.000000 5977.000000 -4054.000000 6226.000000
15277.000000 -995.000000 -4049.000000 5587.000000 -3828.000000 5263.000000
14580.000000 -1099.000000 -4079.000000 4939.000000 -3380.000000 4190.000000
14182.000000 -1217.000000 -4421.000000 4428.000000 -2487.000000 3482.000000
14132.000000 -1125.000000 -4988.000000 3933.000000 -1640.000000 2937.000000
13620.000000 -1224.000000 -5206.000000 3250.000000 -1058.000000 2239.000000
13206.000000 -1361.000000 -5355.000000 2537.000000 -565.000000 1620.000000
12589.000000 -1363.000000 -5466.000000 1852.000000 -345.000000 1030.000000
12170.000000 -1533.000000 -5396.000000 1250.000000 -513.000000 577.000000
11926.000000 -1563.000000 -5446.000000 710.000000 -824.000000 198.000000
11577.000000 -1620.000000 -5588.000000 100.000000 -881.000000 -140.000000
11286.000000 -1756.000000 -5877.000000 -624.000000 -1103.000000 -520.000000
10657.000000 -1784.000000 -5300.000000 -1442.000000 -1495.000000 -956.000000
10074.000000 -2013.000000 -5695.000000 -2049.000000 -1521.000000 -1260.000000
9678.000000 -1932.000000 -5727.000000 -2802.000000 -2184.000000 -1419.000000
9464.000000 -1828.000000 -5164.000000 -3871.000000 -1902.000000 -1205.000000
9412.000000 -2046.000000 -4993.000000 -4783.000000 -674.000000 -791.000000
9491.000000 -2327.000000 -4668.000000 -5481.000000 -548.000000 -442.000000
9468.000000 -2145.000000 -4271.000000 -5934.000000 -646.000000 -346.000000
9431.000000 -1903.000000 -3955.000000 -6402.000000 -307.000000 -414.000000
9563.000000 -1905.000000 -3613.000000 -6957.000000 395.000000 -610.000000
9654.000000 -2030.000000 -3236.000000 -7553.000000 896.000000 -756.000000
9586.000000 -2121.000000 -2788.000000 -8034.000000 1095.000000 -894.000000
9605.000000 -2146.000000 -2547.000000 -8362.000000 973.000000 -1017.000000
9553.000000 -2039.000000 -2227.000000 -8736.000000 812.000000 -1142.000000
9350.000000 -1977.000000 -1558.000000 -9128.000000 885.000000 -1276.000000
9324.000000 -1934.000000 -1143.000000 -9389.000000 979.000000 -1316.000000
9039.000000 -1866.000000 -443.000000 -9528.000000 963.000000 -1394.000000
9009.000000 -1764.000000 -125.000000 -9457.000000 978.000000 -1329.000000
9084.000000 -1757.000000 117.000000 -9516.000000 1183.000000 -1254.000000
9031.000000 -1802.000000 819.000000 -9628.000000 1534.000000 -1241.000000
8903.000000 -1782.000000 1421.000000 -9480.000000 1436.000000 -1230.000000
8893.000000 -1706.000000 1868.000000 -9212.000000 1337.000000 -1134.000000
8994.000000 -1557.000000 2076.000000 -8927.000000 1116.000000 -1095.000000
8991.000000 -1108.000000 2320.000000 -8648.000000 482.000000 -1301.000000
8385.000000 -925.000000 3403.000000 -8453.000000 1018.000000 -1451.000000
8531.000000 -860.000000 3449.000000 -8031.000000 1219.000000 -1269.000000
8408.000000 -733.000000 3549.000000 -7573.000000 1554.000000 -1230.000000
8077.000000 -605.000000 3838.000000 -7079.000000 1729.000000 -1368.000000
7974.000000 -544.000000 3814.000000 -6405.000000 997.000000 -1507.000000
8060.000000 -410.000000 3664.000000 -5804.000000 398.000000 -1574.000000
7824.000000 -274.000000 3915.000000 -5592.000000 510.000000 -1594.000000
7112.000000 -202.000000 4315.000000 -5428.000000 1099.000000 -1424.000000
7308.000000 -262.000000 4415.000000 -5004.000000 1726.000000 -926.000000
7448.000000 -185.000000 4636.000000 -4436.000000 1249.000000 -588.000000
7495.000000 -311.000000 4831.000000 -3856.000000 1078.000000 -406.000000
7727.000000 -267.000000 4788.000000 -3274.000000 652.000000 -243.000000
7887.000000 -230.000000 4904.000000 -2705.000000 586.000000 -127.000000
8163.000000 -305.000000 5005.000000 -2133.000000 480.000000 -32.000000
8597.000000 -395.000000 5044.000000 -1583.000000 192.000000 111.000000
9175.000000 -409.000000 5333.000000 -1123.000000 72.000000 335.000000
9580.000000 -365.000000 5628.000000 -561.000000 2.000000 435.000000
10099.000000 -293.000000 5560.000000 243.000000 -319.000000 371.000000
10321.000000 -280.000000 5497.000000 1045.000000 -194.000000 164.000000
10708.000000 -73.000000 5437.000000 1743.000000 -464.000000 -47.000000
10848.000000 -50.000000 5129.000000 2393.000000 -638.000000 -390.000000
11080.000000 -47.000000 4884.000000 2959.000000 -870.000000 -760.000000
11084.000000 -162.000000 4743.000000 3488.000000 -1128.000000 -1172.000000
11219.000000 -381.000000 4439.000000 4007.000000 -1351.000000 -1544.000000
11166.000000 -625.000000 4177.000000 4537.000000 -1570.000000 -1812.000000
11142.000000 -506.000000 3702.000000 5172.000000 -2142.000000 -2095.000000
11006.000000 -455.000000 3143.000000 5706.000000 -2666.000000 -2450.000000
10694.000000 -436.000000 2487.000000 6059.000000 -2948.000000 -2806.000000
10342.000000 -489.000000 2087.000000 6127.000000 -2709.000000 -3015.000000
10025.000000 -488.000000 1703.000000 6167.000000 -2318.000000 -3161.000000
9736.000000 -407.000000 1297.000000 6287.000000 -1948.000000 -3286.000000
9556.000000 -362.000000 916.000000 6376.000000 -1507.000000 -3368.000000
9201.000000 -376.000000 361.000000 6420.000000 -902.000000 -3425.000000
8680.000000 -515.000000 -13.000000 6427.000000 -314.000000 -3447.000000
8236.000000 -412.000000 -561.000000 6440.000000 71.000000 -3303.000000
7951.000000 -290.000000 -904.000000 6497.000000 -75.000000 -3155.000000
7888.000000 -21.000000 -1610.000000 6587.000000 -823.000000 -3069.000000
7601.000000 184.000000 -2220.000000 6456.000000 -1146.000000 -3005.000000
7164.000000 188.000000 -2675.000000 6075.000000 -1458.000000 -2938.000000
6869.000000 312.000000 -3126.000000 5583.000000 -1710.000000 -2810.000000
6584.000000 374.000000 -3359.000000 4990.000000 -1791.000000 -2594.000000
6352.000000 452.000000 -3461.000000 4382.000000 -1909.000000 -2314.000000
6237.000000 412.000000 -3648.000000 3827.000000 -2015.000000 -1977.000000
6263.000000 441.000000 -3702.000000 3268.000000 -1996.000000 -1578.000000
6343.000000 452.000000 -3645.000000 2729.000000 -1882.000000 -1204.000000
6381.000000 454.000000 -3449.000000 2318.000000 -1985.000000 -962.000000
6408.000000 440.000000 -3359.000000 2042.000000 -2336.000000 -803.000000
6413.000000 400.000000 -3477.000000 1812.000000 -2621.000000 -639.000000
6507.000000 447.000000 -3484.000000 1550.000000 -2708.000000 -434.000000
6602.000000 462.000000 -3496.000000 1272.000000 -2647.000000 -263.000000
6687.000000 446.000000 -3564.000000 978.000000 -2357.000000 -120.000000
6828.000000 483.000000 -3421.000000 651.000000 -2014.000000 26.000000
6912.000000 510.000000 -3134.000000 365.000000 -1853.000000 102.000000
6951.000000 479.000000 -2961.000000 165.000000 -1772.000000 134.000000
7090.000000 370.000000 -2776.000000 -67.000000 -1540.000000 232.000000
7283.000000 282.000000 -2512.000000 -312.000000 -1128.000000 383.000000
7473.000000 324.000000 -2404.000000 -419.000000 -863.000000 506.000000
7726.000000 427.000000 -2402.000000 -431.000000 -841.000000 552.000000
7885.000000 451.000000 -2347.000000 -496.000000 -911.000000 474.000000
7931.000000 404.000000 -2265.000000 -577.000000 -878.000000 322.000000
7831.000000 404.000000 -2367.000000 -569.000000 -835.000000 202.000000
7954.000000 478.000000 -2193.000000 -603.000000 -901.000000 171.000000
8037.000000 495.000000 -2002.000000 -657.000000 -837.000000 175.000000
8045.000000 532.000000 -1979.000000 -615.000000 -693.000000 134.000000
8003.000000 548.000000 -1973.000000 -560.000000 -584.000000 113.000000
8037.000000 590.000000 -1852.000000 -507.000000 -545.000000 131.000000
8120.000000 588.000000 -1934.000000 -454.000000 -460.000000 153.000000
8080.000000 632.000000 -1901.000000 -468.000000 -276.000000 152.000000
8015.000000 676.000000 -1893.000000 -524.000000 -165.000000 148.000000
8023.000000 753.000000 -1784.000000 -564.000000 -205.000000 161.000000
8084.000000 765.000000 -1698.000000 -562.000000 -378.000000 179.000000
8079.000000 675.000000 -1690.000000 -486.000000 -551.000000 194.000000
8154.000000 695.000000 -1731.000000 -388.000000 -656.000000 251.000000
8312.000000 714.000000 -1650.000000 -368.000000 -540.000000 330.000000
8393.000000 683.000000 -1581.000000 -351.000000 -398.000000 362.000000
8434.000000 723.000000 -1626.000000 -287.000000 -303.000000 386.000000
8572.000000 746.000000 -1749.000000 -243.000000 -278.000000 430.000000
8749.000000 791.000000 -1804.000000 -276.000000 -234.000000 521.000000
8886.000000 851.000000 -1786.000000 -307.000000 -111.000000 536.000000
9062.000000 908.000000 -1769.000000 -285.000000 -22.000000 456.000000
9088.000000 926.000000 -1925.000000 -243.000000 56.000000 325.000000
8997.000000 953.000000 -2026.000000 -267.000000 157.000000 186.000000
