8840.000000 -1278.000000 -902.000000 -1408.000000 -2915.000000 2359.000000
9208.000000 -1169.000000 -795.000000 -674.000000 -3106.000000 2374.000000
9507.000000 -1233.000000 -990.000000 -175.000000 -3277.000000 2425.000000
9932.000000 -1150.000000 -1453.000000 227.000000 -3047.000000 2593.000000
10267.000000 -1180.000000 -1761.000000 357.000000 -2668.000000 2658.000000
10696.000000 -1212.000000 -1849.000000 277.000000 -2214.000000 2564.000000
11380.000000 -1267.000000 -2185.000000 189.000000 -1717.000000 2412.000000
12307.000000 -1314.000000 -2354.000000 -72.000000 -1235.000000 2181.000000
13407.000000 -1352.000000 -2407.000000 -370.000000 -1146.000000 1858.000000
14555.000000 -1487.000000 -2194.000000 -655.000000 -1181.000000 1388.000000
15755.000000 -1622.000000 -1872.000000 -833.000000 -1508.000000 880.000000
16747.000000 -1698.000000 -1735.000000 -689.000000 -2361.000000 177.000000
17757.000000 -1847.000000 -1894.000000 -322.000000 -3266.000000 -762.000000
18662.000000 -1897.000000 -2116.000000 -32.000000 -3518.000000 -1883.000000
19219.000000 -1802.000000 -2392.000000 61.000000 -3237.000000 -3191.000000
19409.000000 -1808.000000 -2502.000000 -43.000000 -2592.000000 -4651.000000
19147.000000 -1761.000000 -2483.000000 -206.000000 -1709.000000 -6264.000000
18544.000000 -1791.000000 -2552.000000 -356.000000 -1088.000000 -8054.000000
17528.000000 -1932.000000 -2733.000000 -425.000000 -810.000000 -9839.000000
16371.000000 -1984.000000 -2957.000000 -503.000000 -748.000000 -11404.000000
15271.000000 -1906.000000 -3024.000000 -673.000000 -913.000000 -12678.000000
14180.000000 -1832.000000 -3030.000000 -967.000000 -1175.000000 -13800.000000
12979.000000 -1771.000000 -2998.000000 -1355.000000 -1341.000000 -14828.000000
11598.000000 -1802.000000 -2924.000000 -1825.000000 -1384.000000 -15665.000000
10175.000000 -1856.000000 -2718.000000 -2268.000000 -1324.000000 -16316.000000
8925.000000 -1822.000000 -2500.000000 -2668.000000 -1217.000000 -16718.000000
7785.000000 -1608.000000 -2264.000000 -3002.000000 -870.000000 -16755.000000
6781.000000 -1375.000000 -2103.000000 -3291.000000 -251.000000 -16501.000000
5912.000000 -1073.000000 -1862.000000 -3633.000000 916.000000 -16011.000000
5070.000000 -802.000000 -1521.000000 -3898.000000 2207.000000 -15407.000000
4270.000000 -582.000000 -1400.000000 -3989.000000 3480.000000 -14761.000000
3474.000000 -316.000000 -1450.000000 -3963.000000 4212.000000 -14128.000000
2512.000000 12.000000 -1589.000000 -3738.000000 4080.000000 -13631.000000
1472.000000 307.000000 -1347.000000 -3515.000000 2898.000000 -13024.000000
740.000000 341.000000 -1459.000000 -3114.000000 590.000000 -12173.000000
477.000000 446.000000 -1504.000000 -2929.000000 -1082.000000 -11046.000000
621.000000 593.000000 -1247.000000 -3016.000000 -1717.000000 -9413.000000
865.000000 782.000000 -1080.000000 -3068.000000 -1248.000000 -7693.000000
909.000000 1033.000000 -999.000000 -3152.000000 147.000000 -6273.000000
785.000000 1348.000000 -903.000000 -3241.000000 1673.000000 -5329.000000
471.000000 1675.000000 -806.000000 -3245.000000 2444.000000 -4805.000000
57.000000 1901.000000 -751.000000 -3154.000000 2292.000000 -4645.000000
-294.000000 2093.000000 -518.000000 -3035.000000 1362.000000 -4637.000000
-486.000000 2209.000000 -231.000000 -2878.000000 156.000000 -4480.000000
-731.000000 2199.000000 -183.000000 -2569.000000 -797.000000 -4047.000000
-768.000000 2409.000000 -88.000000 -2224.000000 -1434.000000 -3391.000000
-792.000000 2549.000000 9.000000 -1912.000000 -1833.000000 -2573.000000
-818.000000 2610.000000 113.000000 -1613.000000 -1742.000000 -1546.000000
-727.000000 2700.000000 197.000000 -1349.000000 -1082.000000 -318.000000
-582.000000 2840.000000 189.000000 -986.000000 -204.000000 914.000000
-339.000000 3013.000000 140.000000 -648.000000 551.000000 2039.000000
-61.000000 3161.000000 95.000000 -341.000000 886.000000 2976.000000
254.000000 3230.000000 34.000000 19.000000 858.000000 3745.000000
631.000000 3237.000000 -88.000000 375.000000 674.000000 4477.000000
1017.000000 3217.000000 -285.000000 701.000000 475.000000 5192.000000
1443.000000 3222.000000 -494.000000 901.000000 422.000000 5894.000000
1698.000000 3204.000000 -535.000000 955.000000 540.000000 6554.000000
1834.000000 2976.000000 -516.000000 949.000000 622.000000 7066.000000
1796.000000 2693.000000 -458.000000 977.000000 507.000000 7522.000000
1778.000000 2315.000000 -329.000000 990.000000 308.000000 8074.000000
1931.000000 1872.000000 -192.000000 1057.000000 136.000000 8776.000000
2336.000000 1408.000000 -161.000000 1234.000000 -73.000000 9579.000000
3003.000000 1118.000000 -371.000000 1534.000000 -216.000000 10517.000000
3817.000000 823.000000 -570.000000 1856.000000 -382.000000 11431.000000
4616.000000 550.000000 -851.000000 2139.000000 -515.000000 12185.000000
5340.000000 250.000000 -1117.000000 2311.000000 -668.000000 12789.000000
6099.000000 -59.000000 -1316.000000 2316.000000 -872.000000 13268.000000
7137.000000 -387.000000 -1497.000000 2220.000000 -957.000000 13603.000000
8264.000000 -691.000000 -1698.000000 2015.000000 -824.000000 14028.000000
9762.000000 -928.000000 -1743.000000 1812.000000 -682.000000 14729.000000
11011.000000 -1012.000000 -1863.000000 1754.000000 -707.000000 15095.000000
11960.000000 -919.000000 -1878.000000 1786.000000 -898.000000 14863.000000
12581.000000 -940.000000 -1959.000000 1658.000000 -1152.000000 14128.000000
12888.000000 -1088.000000 -1930.000000 1398.000000 -1186.000000 13191.000000
13126.000000 -1222.000000 -1944.000000 1277.000000 -1765.000000 12237.000000
13376.000000 -1346.000000 -1923.000000 1456.000000 -3477.000000 11386.000000
13769.000000 -1394.000000 -2107.000000 1749.000000 -4003.000000 10726.000000
14310.000000 -1404.000000 -2351.000000 1951.000000 -3512.000000 10200.000000
14972.000000 -1258.000000 -2661.000000 2042.000000 -2785.000000 9764.000000
15516.000000 -916.000000 -3044.000000 2066.000000 -1879.000000 9375.000000
15667.000000 -996.000000 -3522.000000 1649.000000 -966.000000 8945.000000
15656.000000 -779.000000 -3631.000000 1348.000000 348.000000 7896.000000
15405.000000 -712.000000 -3807.000000 1069.000000 1296.000000 6584.000000
14919.000000 -692.000000 -3820.000000 595.000000 1528.000000 5276.000000
14375.000000 -781.000000 -3660.000000 42.000000 1341.000000 4096.000000
13806.000000 -937.000000 -3248.000000 -466.000000 974.000000 3102.000000
13238.000000 -1124.000000 -2762.000000 -868.000000 599.000000 2335.000000
12767.000000 -1259.000000 -2346.000000 -1069.000000 345.000000 1808.000000
12275.000000 -1389.000000 -2057.000000 -1099.000000 175.000000 1422.000000
11828.000000 -1451.000000 -1856.000000 -1057.000000 81.000000 1102.000000
11439.000000 -1527.000000 -1765.000000 -963.000000 30.000000 800.000000
10997.000000 -1552.000000 -1687.000000 -848.000000 39.000000 515.000000
10648.000000 -1606.000000 -1663.000000 -765.000000 142.000000 321.000000
10244.000000 -1637.000000 -1645.000000 -667.000000 199.000000 150.000000
9963.000000 -1552.000000 -1646.000000 -586.000000 126.000000 9.000000
9777.000000 -1499.000000 -1640.000000 -548.000000 -1.000000 -72.000000
9602.000000 -1522.000000 -1608.000000 -547.000000 -176.000000 -172.000000
9499.000000 -1535.000000 -1503.000000 -571.000000 -361.000000 -244.000000
9420.000000 -1497.000000 -1460.000000 -557.000000 -476.000000 -241.000000
9332.000000 -1452.000000 -1375.000000 -497.000000 -535.000000 -247.000000
9195.000000 -1511.000000 -1377.000000 -402.000000 -553.000000 -253.000000
9133.000000 -1484.000000 -1435.000000 -277.000000 -473.000000 -206.000000
9039.000000 -1363.000000 -1550.000000 -157.000000 -356.000000 -181.000000
8969.000000 -1273.000000 -1573.000000 -94.000000 -267.000000 -186.000000
8876.000000 -1241.000000 -1629.000000 -89.000000 -211.000000 -239.000000
8833.000000 -1227.000000 -1658.000000 -89.000000 -179.000000 -268.000000
8812.000000 -1187.000000 -1622.000000 -99.000000 -214.000000 -301.000000
8819.000000 -1145.000000 -1643.000000 -125.000000 -285.000000 -344.000000
8798.000000 -1153.000000 -1647.000000 -159.000000 -340.000000 -398.000000
8786.000000 -1168.000000 -1627.000000 -203.000000 -299.000000 -435.000000
8818.000000 -1199.000000 -1548.000000 -271.000000 -230.000000 -447.000000
8850.000000 -1211.000000 -1504.000000 -285.000000 -138.000000 -455.000000
8857.000000 -1238.000000 -1519.000000 -261.000000 -40.000000 -506.000000
8865.000000 -1278.000000 -1494.000000 -210.000000 -10.000000 -563.000000
8829.000000 -1270.000000 -1541.000000 -172.000000 21.000000 -584.000000
8768.000000 -1264.000000 -1512.000000 -191.000000 115.000000 -595.000000
8768.000000 -1270.000000 -1516.000000 -212.000000 159.000000 -629.000000
8728.000000 -1312.000000 -1533.000000 -187.000000 114.000000 -689.000000
8702.000000 -1293.000000 -1532.000000 -157.000000 94.000000 -741.000000
8654.000000 -1325.000000 -1554.000000 -148.000000 112.000000 -793.000000
8628.000000 -1281.000000 -1566.000000 -151.000000 113.000000 -842.000000
8520.000000 -1249.000000 -1552.000000 -173.000000 167.000000 -871.000000
8417.000000 -1210.000000 -1562.000000 -228.000000 251.000000 -891.000000
8293.000000 -1230.000000 -1597.000000 -295.000000 303.000000 -933.000000
8251.000000 -1257.000000 -1565.000000 -350.000000 297.000000 -912.000000
8186.000000 -1290.000000 -1549.000000 -378.000000 289.000000 -832.000000
8202.000000 -1316.000000 -1531.000000 -395.000000 283.000000 -709.000000
8277.000000 -1350.000000 -1500.000000 -412.000000 282.000000 -592.000000
8299.000000 -1381.000000 -1510.000000 -412.000000 264.000000 -499.000000
8352.000000 -1382.000000 -1520.000000 -386.000000 231.000000 -427.000000
8365.000000 -1426.000000 -1528.000000 -319.000000 155.000000 -380.000000
8425.000000 -1369.000000 -1585.000000 -271.000000 48.000000 -333.000000
8440.000000 -1342.000000 -1601.000000 -256.000000 -17.000000 -262.000000
8432.000000 -1323.000000 -1605.000000 -215.000000 -96.000000 -218.000000
8477.000000 -1303.000000 -1715.000000 -152.000000 -201.000000 -191.000000
8520.000000 -1289.000000 -1793.000000 -125.000000 -289.000000 -125.000000
8656.000000 -1223.000000 -1854.000000 -130.000000 -349.000000 -46.000000
8717.000000 -1185.000000 -1869.000000 -164.000000 -387.000000 -23.000000
8773.000000 -1175.000000 -1895.000000 -218.000000 -375.000000 -37.000000
8820.000000 -1160.000000 -1939.000000 -233.000000 -395.000000 -54.000000
8861.000000 -1097.000000 -1964.000000 -235.000000 -449.000000 -94.000000
8942.000000 -1073.000000 -1987.000000 -267.000000 -465.000000 -145.000000
8997.000000 -1064.000000 -2013.000000 -306.000000 -432.000000 -172.000000
8951.000000 -1034.000000 -1974.000000 -346.000000 -386.000000 -167.000000
8926.000000 -989.000000 -2007.000000 -405.000000 -336.000000 -189.000000
8848.000000 -972.000000 -1961.000000 -468.000000 -261.000000 -207.000000
8802.000000 -963.000000 -1874.000000 -538.000000 -205.000000 -207.000000
8839.000000 -1018.000000 -1740.000000 -609.000000 -186.000000 -237.000000
8909.000000 -1035.000000 -1677.000000 -607.000000 -178.000000 -281.000000
8877.000000 -1010.000000 -1662.000000 -538.000000 -174.000000 -296.000000
