9248.000000 -2344.000000 -2725.000000 3804.000000 -2293.000000 1939.000000
9523.000000 -2394.000000 -2831.000000 4626.000000 -1164.000000 2187.000000
9829.000000 -2334.000000 -2905.000000 5393.000000 -758.000000 2244.000000
10125.000000 -2415.000000 -3031.000000 6295.000000 -876.000000 2409.000000
10556.000000 -2516.000000 -3376.000000 7324.000000 -1693.000000 2467.000000
11078.000000 -2833.000000 -4093.000000 8259.000000 -2462.000000 2458.000000
11560.000000 -2721.000000 -4980.000000 8874.000000 -2708.000000 2081.000000
11824.000000 -2545.000000 -5750.000000 9153.000000 -3201.000000 1310.000000
11627.000000 -2243.000000 -6710.000000 9068.000000 -4477.000000 321.000000
11084.000000 -2041.000000 -7577.000000 8450.000000 -5966.000000 -660.000000
10664.000000 -1962.000000 -8231.000000 7174.000000 -6741.000000 -1364.000000
10571.000000 -2078.000000 -8453.000000 5291.000000 -6658.000000 -1649.000000
10847.000000 -2405.000000 -8252.000000 3218.000000 -6100.000000 -1686.000000
11245.000000 -2738.000000 -7744.000000 1474.000000 -5512.000000 -1729.000000
11737.000000 -2961.000000 -7310.000000 302.000000 -4997.000000 -1918.000000
12215.000000 -3219.000000 -7003.000000 -377.000000 -4383.000000 -2308.000000
12479.000000 -3386.000000 -7041.000000 -797.000000 -3561.000000 -2907.000000
12545.000000 -3266.000000 -7325.000000 -1064.000000 -2664.000000 -3543.000000
12237.000000 -3029.000000 -7793.000000 -1502.000000 -1878.000000 -4432.000000
11791.000000 -2803.000000 -8135.000000 -2325.000000 -1054.000000 -5451.000000
11255.000000 -2775.000000 -8218.000000 -3544.000000 -119.000000 -6541.000000
10850.000000 -2803.000000 -7866.000000 -5043.000000 1042.000000 -7490.000000
10349.000000 -2874.000000 -7447.000000 -6334.000000 1952.000000 -8365.000000
9854.000000 -2949.000000 -7155.000000 -7421.000000 2498.000000 -9193.000000
9421.000000 -3112.000000 -6618.000000 -8436.000000 3048.000000 -9863.000000
9201.000000 -3047.000000 -6278.000000 -9163.000000 3524.000000 -10391.000000
8917.000000 -2791.000000 -6104.000000 -9615.000000 3746.000000 -10844.000000
8602.000000 -2563.000000 -5971.000000 -10100.000000 4184.000000 -11214.000000
8095.000000 -2318.000000 -5802.000000 -10681.000000 5045.000000 -11531.000000
7650.000000 -1974.000000 -5825.000000 -11263.000000 5849.000000 -11916.000000
7159.000000 -1701.000000 -5850.000000 -11998.000000 6465.000000 -12333.000000
6327.000000 -1768.000000 -5427.000000 -12964.000000 7282.000000 -12827.000000
5508.000000 -1831.000000 -4703.000000 -13635.000000 7978.000000 -13306.000000
4456.000000 -1784.000000 -4205.000000 -13805.000000 7983.000000 -13567.000000
3414.000000 -1628.000000 -3694.000000 -13761.000000 7572.000000 -13492.000000
2346.000000 -1600.000000 -3172.000000 -13676.000000 7181.000000 -13065.000000
1279.000000 -1362.000000 -2483.000000 -13379.000000 6644.000000 -12252.000000
728.000000 -1003.000000 -1870.000000 -12851.000000 6055.000000 -11100.000000
468.000000 -526.000000 -1345.000000 -12262.000000 5230.000000 -9934.000000
269.000000 -181.000000 -730.000000 -11684.000000 4425.000000 -8889.000000
48.000000 22.000000 -171.000000 -11067.000000 4202.000000 -7816.000000
-297.000000 314.000000 322.000000 -10320.000000 4723.000000 -6530.000000
-713.000000 578.000000 712.000000 -9423.000000 5430.000000 -5174.000000
-951.000000 961.000000 1034.000000 -8394.000000 5629.000000 -3898.000000
-1170.000000 1349.000000 1273.000000 -7327.000000 5266.000000 -2774.000000
-1177.000000 1439.000000 1481.000000 -6277.000000 4523.000000 -1818.000000
-1020.000000 1415.000000 1703.000000 -5212.000000 3613.000000 -887.000000
-866.000000 1336.000000 1794.000000 -4147.000000 3003.000000 209.000000
-598.000000 1213.000000 1919.000000 -3103.000000 2717.000000 1544.000000
-202.000000 1026.000000 1792.000000 -2073.000000 2633.000000 3025.000000
320.000000 762.000000 1725.000000 -1034.000000 2408.000000 4547.000000
784.000000 585.000000 1602.000000 31.000000 1773.000000 6065.000000
1474.000000 482.000000 1399.000000 1027.000000 1068.000000 7584.000000
2129.000000 232.000000 1350.000000 1845.000000 739.000000 8972.000000
2909.000000 -43.000000 1437.000000 2620.000000 525.000000 10311.000000
3556.000000 -188.000000 1502.000000 3533.000000 123.000000 11531.000000
4135.000000 -182.000000 1420.000000 4639.000000 -530.000000 12430.000000
4710.000000 -407.000000 1128.000000 5736.000000 -1439.000000 12954.000000
5277.000000 -866.000000 751.000000 6740.000000 -2377.000000 13327.000000
5892.000000 -1181.000000 246.000000 7713.000000 -3459.000000 13727.000000
6682.000000 -1399.000000 -340.000000 8567.000000 -4711.000000 14035.000000
7416.000000 -1474.000000 -946.000000 9153.000000 -5762.000000 14303.000000
8124.000000 -1598.000000 -1427.000000 9599.000000 -6645.000000 14535.000000
8762.000000 -1716.000000 -2062.000000 9909.000000 -7329.000000 14634.000000
9558.000000 -1860.000000 -2935.000000 10030.000000 -7806.000000 14784.000000
10251.000000 -2066.000000 -3703.000000 9929.000000 -8163.000000 14863.000000
11165.000000 -2201.000000 -4410.000000 9546.000000 -8539.000000 14859.000000
11976.000000 -2151.000000 -5059.000000 9045.000000 -9116.000000 14674.000000
12452.000000 -2338.000000 -5441.000000 8358.000000 -9772.000000 14146.000000
12887.000000 -2684.000000 -5759.000000 7626.000000 -10047.000000 13603.000000
13463.000000 -3029.000000 -6045.000000 6911.000000 -9825.000000 13273.000000
14199.000000 -3316.000000 -6444.000000 6283.000000 -9433.000000 13027.000000
15158.000000 -3338.000000 -7230.000000 5656.000000 -8904.000000 12678.000000
15854.000000 -3125.000000 -7972.000000 4803.000000 -8447.000000 12126.000000
16359.000000 -3026.000000 -8391.000000 3573.000000 -7463.000000 11180.000000
16648.000000 -3297.000000 -8617.000000 2080.000000 -6056.000000 9918.000000
16840.000000 -3535.000000 -8557.000000 605.000000 -4666.000000 8548.000000
16929.000000 -3841.000000 -8408.000000 -647.000000 -3692.000000 7110.000000
17102.000000 -4080.000000 -8274.000000 -1602.000000 -3341.000000 5627.000000
17130.000000 -4088.000000 -8111.000000 -2293.000000 -3351.000000 4129.000000
16970.000000 -4053.000000 -7945.000000 -2851.000000 -3434.000000 2578.000000
16669.000000 -3935.000000 -7847.000000 -3332.000000 -3349.000000 996.000000
16029.000000 -3740.000000 -7861.000000 -3803.000000 -3036.000000 -477.000000
15250.000000 -3507.000000 -7872.000000 -4361.000000 -2448.000000 -1785.000000
14424.000000 -3337.000000 -7846.000000 -5065.000000 -1761.000000 -2978.000000
13725.000000 -3196.000000 -7625.000000 -5885.000000 -1244.000000 -4095.000000
13074.000000 -3104.000000 -7382.000000 -6753.000000 -972.000000 -5152.000000
12549.000000 -3195.000000 -7098.000000 -7663.000000 -537.000000 -6105.000000
12250.000000 -3196.000000 -6833.000000 -8534.000000 -223.000000 -7051.000000
12059.000000 -3050.000000 -6545.000000 -9299.000000 -212.000000 -7987.000000
11734.000000 -3044.000000 -6247.000000 -10086.000000 33.000000 -8885.000000
11379.000000 -3059.000000 -5833.000000 -10938.000000 881.000000 -9725.000000
11058.000000 -2944.000000 -5467.000000 -11628.000000 1784.000000 -10534.000000
10682.000000 -2771.000000 -5218.000000 -12190.000000 2541.000000 -11381.000000
10100.000000 -2762.000000 -4822.000000 -12770.000000 3400.000000 -12334.000000
9427.000000 -2750.000000 -4373.000000 -13231.000000 4374.000000 -13273.000000
8867.000000 -2549.000000 -4065.000000 -13540.000000 5297.000000 -14015.000000
8114.000000 -2285.000000 -3855.000000 -13836.000000 6227.000000 -14666.000000
7275.000000 -2205.000000 -3612.000000 -14159.000000 7357.000000 -15404.000000
6267.000000 -2288.000000 -3089.000000 -14382.000000 8474.000000 -16016.000000
5052.000000 -2698.000000 -2505.000000 -14314.000000 9268.000000 -16245.000000
4008.000000 -2104.000000 -2004.000000 -13857.000000 9252.000000 -15849.000000
3450.000000 -1608.000000 -1757.000000 -13090.000000 8476.000000 -15118.000000
2939.000000 -1111.000000 -1680.000000 -12312.000000 7543.000000 -14459.000000
2414.000000 -720.000000 -1594.000000 -11782.000000 6794.000000 -13698.000000
2011.000000 -307.000000 -1478.000000 -11479.000000 6300.000000 -12716.000000
1785.000000 58.000000 -1233.000000 -11273.000000 6285.000000 -11568.000000
1608.000000 428.000000 -910.000000 -11050.000000 6525.000000 -10435.000000
1379.000000 783.000000 -601.000000 -10663.000000 6637.000000 -9435.000000
1072.000000 1021.000000 -265.000000 -10062.000000 6403.000000 -8501.000000
761.000000 1253.000000 70.000000 -9354.000000 5846.000000 -7633.000000
529.000000 1555.000000 208.000000 -8540.000000 5056.000000 -6725.000000
226.000000 1816.000000 337.000000 -7818.000000 4184.000000 -5788.000000
-52.000000 1937.000000 600.000000 -7215.000000 3480.000000 -4795.000000
-108.000000 2048.000000 635.000000 -6573.000000 2941.000000 -3671.000000
-68.000000 2220.000000 553.000000 -6014.000000 2357.000000 -2417.000000
7.000000 2291.000000 513.000000 -5610.000000 1925.000000 -1105.000000
181.000000 2296.000000 620.000000 -5238.000000 1641.000000 163.000000
361.000000 2363.000000 552.000000 -4835.000000 1190.000000 1362.000000
558.000000 2456.000000 355.000000 -4533.000000 681.000000 2476.000000
779.000000 2471.000000 206.000000 -4464.000000 250.000000 3502.000000
1045.000000 2365.000000 76.000000 -4549.000000 -173.000000 4444.000000
1302.000000 2300.000000 224.000000 -4730.000000 -462.000000 5336.000000
1536.000000 2073.000000 556.000000 -4808.000000 -698.000000 6230.000000
1759.000000 1865.000000 837.000000 -4679.000000 -872.000000 7156.000000
1977.000000 1652.000000 994.000000 -4379.000000 -1019.000000 8132.000000
2296.000000 1454.000000 956.000000 -4079.000000 -1227.000000 9145.000000
2670.000000 1168.000000 910.000000 -3787.000000 -1522.000000 10062.000000
3271.000000 947.000000 1083.000000 -3435.000000 -1961.000000 10936.000000
3906.000000 688.000000 1201.000000 -3009.000000 -2419.000000 11774.000000
4685.000000 423.000000 1099.000000 -2522.000000 -2636.000000 12528.000000
5511.000000 172.000000 891.000000 -2017.000000 -2560.000000 13230.000000
6333.000000 122.000000 588.000000 -1607.000000 -2385.000000 13826.000000
7207.000000 -30.000000 520.000000 -1385.000000 -2125.000000 14280.000000
8106.000000 -272.000000 452.000000 -1233.000000 -1977.000000 14570.000000
9201.000000 -408.000000 493.000000 -1100.000000 -1919.000000 14790.000000
10378.000000 -422.000000 616.000000 -974.000000 -1952.000000 14797.000000
11662.000000 -256.000000 589.000000 -886.000000 -1782.000000 14355.000000
12309.000000 -504.000000 715.000000 -916.000000 -1276.000000 13405.000000
12532.000000 -570.000000 909.000000 -839.000000 -1126.000000 12462.000000
12822.000000 -699.000000 968.000000 -577.000000 -1559.000000 11567.000000
13189.000000 -635.000000 914.000000 -222.000000 -2045.000000 10750.000000
13575.000000 -949.000000 919.000000 131.000000 -2370.000000 9916.000000
14315.000000 -1142.000000 952.000000 627.000000 -2568.000000 9310.000000
15164.000000 -1418.000000 786.000000 1165.000000 -2444.000000 8848.000000
15967.000000 -1533.000000 474.000000 1593.000000 -1952.000000 8424.000000
16340.000000 -1653.000000 170.000000 1883.000000 -991.000000 7746.000000
15990.000000 -1314.000000 -324.000000 1398.000000 -63.000000 6565.000000
14873.000000 -1281.000000 14.000000 283.000000 1396.000000 5025.000000
13496.000000 -1610.000000 568.000000 -650.000000 2477.000000 3472.000000
