0.981445 0.162842 -0.567139 -0.068354 -0.174682 -0.058623
0.969238 0.158081 -0.578613 0.004035 -0.109177 -0.127689
0.912720 0.189087 -0.550659 0.064794 0.020174 -0.107278
0.705688 0.120361 -0.704712 0.156170 -0.026107 0.037974
0.705566 0.044312 -0.516479 0.242087 0.332276 0.374523
0.716675 0.141235 -0.474121 0.373099 0.038924 0.898333
0.912720 0.203369 -0.532104 0.631562 -0.069541 1.399121
1.073853 0.247803 -0.645142 0.896434 -0.066455 1.671113
1.234497 0.277710 -0.801636 0.987098 -0.130300 1.588044
1.343750 0.299438 -0.897217 0.877922 -0.219065 1.192398
1.381836 0.312500 -0.931763 0.662891 -0.131487 0.653398
1.312012 0.287476 -0.921631 0.471595 0.043196 0.152372
1.249512 0.274780 -0.851440 0.385441 0.025395 -0.217878
1.220093 0.289551 -0.805054 0.404665 -0.243036 -0.438605
1.218384 0.272217 -0.796021 0.480851 -0.579822 -0.557512
1.219727 0.245239 -0.830322 0.534253 -0.820011 -0.616135
1.175171 0.229004 -0.897095 0.506484 -0.812416 -0.618746
1.111816 0.218750 -0.974854 0.381168 -0.587180 -0.573177
1.044556 0.227417 -1.011353 0.185125 -0.287656 -0.490345
0.997437 0.221191 -1.007568 -0.023022 0.017326 -0.396833
0.966431 0.204102 -0.965210 -0.190584 0.258938 -0.319460
0.925171 0.184326 -0.906982 -0.291691 0.385678 -0.289080
0.916748 0.166138 -0.870850 -0.336786 0.375235 -0.312102
0.924683 0.191284 -0.876465 -0.356722 0.250394 -0.377134
0.950195 0.219238 -0.906982 -0.404665 0.176344 -0.491057
0.911377 0.230591 -0.969116 -0.541848 0.174445 -0.668350
0.815430 0.207031 -1.007690 -0.779663 0.190822 -0.887178
0.700928 0.183472 -0.997803 -1.072541 0.201502 -1.068743
0.609131 0.184692 -0.950684 -1.357586 0.224049 -1.121196
0.524780 0.151245 -0.875244 -1.597775 0.384017 -1.045009
0.486084 0.131348 -0.781616 -1.770558 0.476579 -0.915184
0.468872 0.132202 -0.715698 -1.857900 0.420330 -0.769220
0.435303 0.138916 -0.661621 -1.867868 0.432671 -0.631800
0.416748 0.138062 -0.623413 -1.840574 0.402766 -0.530218
0.412109 0.155884 -0.578247 -1.781476 0.261786 -0.452845
0.427734 0.172241 -0.565552 -1.722616 0.096835 -0.367165
0.447144 0.183960 -0.567993 -1.705053 0.039636 -0.270568
0.479980 0.196045 -0.551758 -1.738992 0.025395 -0.194619
0.483398 0.220825 -0.554321 -1.793818 0.045332 -0.146439
0.494629 0.226318 -0.531738 -1.837489 0.034414 -0.119620
0.498413 0.222900 -0.505493 -1.852916 -0.021598 -0.119382
0.495605 0.229248 -0.483154 -1.845083 -0.109414 -0.127214
0.483154 0.228882 -0.476318 -1.814941 -0.227609 -0.121281
0.479370 0.234741 -0.454834 -1.786223 -0.333938 -0.084493
0.478027 0.240356 -0.423950 -1.774356 -0.372387 -0.014715
0.484985 0.244751 -0.394897 -1.762964 -0.361232 0.076661
0.492554 0.251587 -0.372803 -1.727125 -0.348653 0.182040
0.510132 0.268188 -0.347046 -1.668265 -0.346517 0.280299
0.532959 0.274902 -0.329468 -1.601335 -0.351738 0.356010
0.558960 0.285889 -0.315308 -1.536066 -0.368589 0.400393
0.586426 0.294922 -0.297241 -1.489310 -0.401580 0.417244
0.610474 0.289551 -0.281250 -1.450624 -0.446200 0.413447
0.630005 0.289673 -0.265503 -1.400545 -0.477766 0.406089
0.637817 0.283691 -0.257568 -1.339549 -0.496516 0.400630
0.638062 0.285767 -0.241577 -1.276416 -0.526421 0.403241
0.647461 0.293091 -0.243652 -1.193347 -0.613762 0.418668
0.666016 0.306641 -0.231201 -1.092715 -0.682353 0.446437
0.674805 0.317139 -0.236816 -1.010120 -0.671436 0.477766
0.669800 0.338013 -0.233887 -0.965738 -0.584569 0.518114
0.652100 0.337769 -0.244507 -0.937019 -0.506959 0.572702
0.637451 0.351074 -0.253418 -0.912336 -0.434807 0.634411
0.610962 0.362671 -0.268188 -0.893111 -0.431485 0.693508
0.610596 0.375488 -0.280151 -0.896434 -0.454507 0.748571
0.598999 0.369629 -0.291748 -0.916846 -0.508620 0.802210
0.610107 0.361450 -0.286133 -0.944852 -0.592164 0.855137
0.631470 0.335571 -0.260254 -0.968823 -0.645328 0.905691
0.655151 0.302979 -0.243530 -0.975469 -0.674758 0.935595
0.647339 0.275635 -0.222412 -0.951260 -0.730533 0.947462
0.649536 0.266357 -0.192383 -0.911624 -0.770881 0.977842
0.653687 0.235229 -0.188477 -0.869140 -0.826656 1.030294
0.660156 0.229736 -0.158691 -0.813603 -0.871988 1.086069
0.685669 0.211548 -0.142334 -0.737179 -0.990184 1.139708
0.720581 0.183105 -0.123291 -0.633699 -1.081797 1.185040
0.744507 0.137939 -0.142578 -0.507434 -1.233220 1.191686
0.758179 0.133667 -0.134766 -0.381881 -1.362571 1.182192
0.783936 0.135742 -0.127808 -0.265346 -1.446589 1.184328
0.804565 0.147339 -0.106934 -0.151660 -1.484801 1.192872
0.830933 0.138550 -0.083984 -0.013054 -1.484326 1.192635
0.822144 0.112305 -0.071655 0.151898 -1.386067 1.176258
0.770508 0.081421 -0.097778 0.347466 -1.316289 1.157746
0.722290 0.064697 -0.128418 0.548256 -1.301574 1.178632
0.702515 0.083984 -0.149170 0.727685 -1.292318 1.239154
0.684937 0.095825 -0.174438 0.883143 -1.249122 1.310118
0.659302 0.108887 -0.206543 1.027446 -1.223964 1.369691
0.637085 0.091919 -0.229004 1.132350 -1.165578 1.420482
0.616333 0.080566 -0.285767 1.204265 -1.078000 1.476257
0.636597 0.068970 -0.324097 1.255293 -1.035516 1.556715
0.689087 0.080200 -0.362427 1.276891 -1.067794 1.618423
0.770996 0.091553 -0.377930 1.259802 -1.131401 1.608692
0.817261 0.069214 -0.394897 1.235594 -1.234169 1.513994
0.851685 0.032959 -0.410156 1.231559 -1.351178 1.375387
0.864136 0.011353 -0.417358 1.270008 -1.427602 1.242476
0.855225 -0.011108 -0.432251 1.335989 -1.429263 1.157746
0.832886 -0.019653 -0.449951 1.414311 -1.350229 1.118110
0.830688 -0.018921 -0.455688 1.485276 -1.212334 1.123332
0.829102 -0.046143 -0.480591 1.540813 -1.029345 1.153236
0.862061 -0.065430 -0.498535 1.578788 -0.858697 1.183379
0.902832 -0.081787 -0.500977 1.621746 -0.742163 1.199518
0.954834 -0.116821 -0.503418 1.676097 -0.678319 1.184091
0.997925 -0.140381 -0.522217 1.743027 -0.653872 1.129502
1.041626 -0.162720 -0.539185 1.815653 -0.649600 1.046196
1.074097 -0.182495 -0.565308 1.878548 -0.653872 0.950073
1.107910 -0.189941 -0.588501 1.916048 -0.633936 0.850865
1.117920 -0.216675 -0.609619 1.935747 -0.580060 0.751657
1.134766 -0.228149 -0.615356 1.937646 -0.537338 0.642480
1.137451 -0.257690 -0.620605 1.936222 -0.493668 0.530456
1.130493 -0.295776 -0.622314 1.954260 -0.448810 0.425314
1.145020 -0.337158 -0.634888 1.996269 -0.448098 0.339397
1.187866 -0.347778 -0.645508 2.070557 -0.470883 0.271517
1.233643 -0.353760 -0.666748 2.169528 -0.449997 0.195806
1.246216 -0.344971 -0.707031 2.279891 -0.384729 0.091376
1.240479 -0.325195 -0.743408 2.376726 -0.304508 -0.024209
1.214111 -0.304810 -0.787720 2.430365 -0.193195 -0.128876
1.188354 -0.295532 -0.821411 2.426092 -0.048655 -0.209809
1.162354 -0.286011 -0.862427 2.396662 0.071914 -0.276501
1.156616 -0.286621 -0.891968 2.352754 0.133623 -0.346992
1.155273 -0.278564 -0.930420 2.282264 0.162341 -0.431010
1.178345 -0.256348 -0.971313 2.182344 0.149287 -0.533066
1.193481 -0.258179 -1.019653 2.052519 0.131249 -0.662179
1.217407 -0.247314 -1.064697 1.888042 0.120094 -0.811941
1.254761 -0.243896 -1.098267 1.706239 0.136708 -0.968348
1.300293 -0.251343 -1.134521 1.504500 0.217878 -1.133775
1.293701 -0.276001 -1.155640 1.280451 0.358384 -1.321985
1.249512 -0.307373 -1.162598 1.081797 0.454269 -1.509722
1.221191 -0.325439 -1.145264 0.951497 0.459016 -1.660433
1.201782 -0.326782 -1.134399 0.866055 0.465899 -1.770321
1.187378 -0.329712 -1.119751 0.782986 0.554427 -1.858849
1.161621 -0.315918 -1.099731 0.698730 0.667638 -1.950700
1.144165 -0.314331 -1.065063 0.617559 0.759964 -2.057978
1.128784 -0.321533 -1.007324 0.537813 0.847542 -2.182344
1.091187 -0.342041 -0.966797 0.471358 0.961228 -2.305761
1.035156 -0.368408 -0.933228 0.441690 1.069693 -2.403545
0.937134 -0.396973 -0.955322 0.435757 1.127604 -2.442469
0.858643 -0.393066 -0.962036 0.395172 1.117635 -2.373166
0.787109 -0.382080 -1.009155 0.298811 1.023886 -2.204417
0.803955 -0.327148 -0.984619 0.124841 0.896672 -1.985826
0.851196 -0.287231 -0.962891 -0.089240 0.829742 -1.798802
0.882690 -0.246460 -0.948486 -0.272941 0.777289 -1.712173
0.896240 -0.240723 -0.950317 -0.401342 0.712258 -1.708138
0.885986 -0.251099 -0.981323 -0.525946 0.656246 -1.715733
0.886719 -0.248901 -0.988647 -0.684964 0.626578 -1.694847
0.896729 -0.256958 -0.980713 -0.858934 0.613050 -1.645955
0.893066 -0.251099 -0.967651 -1.002525 0.608778 -1.594927
0.867676 -0.242065 -0.967896 -1.087968 0.583145 -1.551731
0.842163 -0.213013 -0.961792 -1.140420 0.527370 -1.496431
0.833374 -0.187866 -0.947144 -1.201654 0.485124 -1.420719
0.814575 -0.171387 -0.928101 -1.298963 0.512655 -1.349517
0.803711 -0.159180 -0.899902 -1.402681 0.548256 -1.289707
0.792725 -0.145752 -0.866699 -1.488836 0.554190 -1.242002
0.779053 -0.121338 -0.830444 -1.558851 0.558224 -1.208537
