0.640381 -0.064209 -0.812012 0.147151 -0.386865 0.057911
0.650269 -0.134521 -0.782715 0.177293 -0.204350 0.059098
0.631592 -0.119263 -0.813110 0.174208 -0.110363 0.060522
0.611206 -0.103760 -0.816650 0.173970 -0.040111 0.061946
0.605469 -0.119385 -0.828125 0.155933 -0.040348 0.084256
0.598389 -0.111938 -0.822021 0.141217 -0.071914 0.101819
0.605469 -0.107544 -0.819214 0.124129 -0.102056 0.124129
0.607910 -0.111084 -0.818359 0.104192 -0.130774 0.147626
0.613525 -0.126465 -0.829712 0.087341 -0.142404 0.160917
0.580322 -0.179321 -0.917969 0.070965 -0.103955 0.159018
0.642334 -0.132080 -0.799072 0.015902 0.325156 0.134809
0.656860 -0.108521 -0.785400 -0.080458 0.320647 0.106803
0.625244 -0.125488 -0.863281 -0.111787 0.121518 0.068591
0.616821 -0.139404 -0.818115 -0.068591 0.097784 0.053402
0.604980 -0.128174 -0.816528 0.000475 0.017801 0.054588
0.616211 -0.130005 -0.810425 0.021598 -0.035838 0.070965
0.623901 -0.117310 -0.793335 0.016614 -0.065031 0.085917
0.637207 -0.118164 -0.800049 0.013054 -0.123417 0.074762
0.655884 -0.115601 -0.818726 0.018513 -0.156407 0.043433
0.663452 -0.116821 -0.847168 0.064557 -0.223337 -0.011630
0.652344 -0.122192 -0.886841 0.142879 -0.311628 -0.074762
0.641846 -0.128174 -0.913208 0.238290 -0.393985 -0.119620
0.637817 -0.124878 -0.965332 0.331090 -0.461627 -0.132436
0.658813 -0.115723 -1.029053 0.397545 -0.500788 -0.123180
0.699829 -0.103271 -1.102173 0.430535 -0.527845 -0.132673
0.740723 -0.087891 -1.192383 0.424602 -0.539712 -0.193907
0.785034 -0.077271 -1.288940 0.372862 -0.561310 -0.317087
0.797607 -0.098022 -1.385864 0.271043 -0.599522 -0.479665
0.802124 -0.125610 -1.472412 0.112025 -0.617085 -0.639632
0.811523 -0.117554 -1.546509 -0.093512 -0.598335 -0.765422
0.822510 -0.119141 -1.622681 -0.328004 -0.538050 -0.870327
0.809937 -0.127197 -1.682129 -0.583620 -0.476579 -0.995168
0.786743 -0.103027 -1.732178 -0.856561 -0.490820 -1.142319
0.786377 -0.071167 -1.807251 -1.140420 -0.616847 -1.290894
0.758179 -0.074951 -1.854248 -1.433061 -0.774679 -1.411937
0.731689 -0.063110 -1.896973 -1.758692 -0.955295 -1.518741
0.661621 -0.062988 -1.898438 -2.114465 -1.102446 -1.588281
0.586914 -0.048462 -1.861938 -2.485902 -1.137572 -1.583297
0.524414 -0.033447 -1.785767 -2.854254 -1.076338 -1.483614
0.463501 -0.041260 -1.687256 -3.198398 -0.974994 -1.330055
0.401367 -0.039551 -1.578247 -3.500294 -0.858697 -1.170088
0.339722 -0.044189 -1.471558 -3.743331 -0.738840 -1.012494
0.287109 -0.055420 -1.357544 -3.924184 -0.658619 -0.859409
0.230103 -0.062012 -1.234985 -4.059943 -0.647464 -0.717954
0.163086 -0.078979 -1.125488 -4.158677 -0.712258 -0.598335
0.085815 -0.088257 -1.003174 -4.212790 -0.810517 -0.481326
0.031616 -0.062866 -0.896606 -4.220385 -0.918032 -0.339159
-0.004517 -0.049316 -0.796265 -4.185971 -1.034329 -0.165189
-0.033569 -0.055542 -0.691406 -4.133518 -1.120484 0.023259
-0.036499 -0.065796 -0.588135 -4.077744 -1.152050 0.211233
-0.043945 -0.086426 -0.496582 -4.012712 -1.141844 0.401817
-0.042114 -0.111206 -0.403931 -3.920624 -1.121907 0.604506
-0.040649 -0.093994 -0.293579 -3.780593 -1.106243 0.806008
-0.055542 -0.058228 -0.194458 -3.581702 -1.061386 0.980927
-0.094604 -0.037231 -0.111206 -3.323951 -1.061623 1.121670
-0.133301 -0.036377 -0.023560 -3.022291 -1.140895 1.249359
-0.156982 -0.061768 0.063110 -2.686217 -1.321511 1.404342
-0.153320 -0.084717 0.108276 -2.306710 -1.593977 1.610354
-0.108765 -0.098877 0.140259 -1.873802 -1.907741 1.844609
-0.038818 -0.110474 0.151123 -1.397934 -2.212723 2.062962
0.057373 -0.157104 0.159790 -0.917795 -2.468102 2.238119
0.155273 -0.163574 0.137329 -0.451184 -2.606234 2.362960
0.229248 -0.177246 0.101196 -0.001661 -2.675062 2.442231
0.304565 -0.197388 0.071533 0.436706 -2.639461 2.486851
0.347900 -0.231079 0.028320 0.854662 -2.570633 2.512010
0.358643 -0.244385 -0.012451 1.253157 -2.535744 2.536693
0.412842 -0.229736 -0.049072 1.640496 -2.498956 2.568734
0.439331 -0.236084 -0.089478 1.995557 -2.446504 2.607420
0.476685 -0.207520 -0.134644 2.297691 -2.350856 2.617626
0.503784 -0.169678 -0.164063 2.532183 -2.198720 2.601962
0.530518 -0.152100 -0.216797 2.691676 -2.028073 2.543576
0.534912 -0.190674 -0.276733 2.792309 -1.883770 2.436061
0.522095 -0.216431 -0.324341 2.864697 -1.772932 2.300302
0.503174 -0.280029 -0.372803 2.957023 -1.719768 2.179733
0.517456 -0.327148 -0.417725 3.099190 -1.723802 2.080288
0.558472 -0.344360 -0.467163 3.288350 -1.758929 1.991048
0.598755 -0.375000 -0.530884 3.500294 -1.777204 1.896824
0.646362 -0.402588 -0.588013 3.700847 -1.738755 1.786223
0.695923 -0.440308 -0.651367 3.855593 -1.678470 1.652600
0.728271 -0.474731 -0.705811 3.951241 -1.656160 1.499279
0.760864 -0.520020 -0.762085 3.990877 -1.666841 1.331954
0.778442 -0.550415 -0.838379 3.999659 -1.664230 1.144455
0.784180 -0.581543 -0.921875 4.012000 -1.631952 0.931561
0.795776 -0.622559 -0.986816 4.049974 -1.557190 0.704901
0.784790 -0.659546 -1.072388 4.090085 -1.489548 0.484174
0.777466 -0.700806 -1.136108 4.105987 -1.433061 0.267957
0.786621 -0.708008 -1.194580 4.076794 -1.263362 0.063133
0.770996 -0.711182 -1.272461 3.998472 -1.078712 -0.113449
0.765747 -0.708862 -1.349609 3.907808 -0.943190 -0.295014
0.778687 -0.730103 -1.416992 3.792698 -0.919456 -0.503161
0.795410 -0.751587 -1.477295 3.613506 -0.974282 -0.733856
0.791382 -0.765015 -1.536499 3.363349 -1.019377 -0.979029
0.763428 -0.786621 -1.591553 3.086848 -0.983301 -1.239866
0.723633 -0.817261 -1.634033 2.849508 -0.853238 -1.501889
0.677246 -0.839844 -1.673096 2.674350 -0.682828 -1.739704
0.626709 -0.875000 -1.695801 2.535506 -0.536864 -1.923168
0.574341 -0.903809 -1.700195 2.385745 -0.451184 -2.045636
0.553589 -0.900757 -1.681152 2.177360 -0.468035 -2.108531
0.535889 -0.874634 -1.659180 1.913912 -0.557987 -2.153626
0.524536 -0.855957 -1.644897 1.643107 -0.647464 -2.246188
0.483521 -0.855469 -1.650269 1.437570 -0.651262 -2.424194
0.428711 -0.874268 -1.663818 1.312966 -0.509095 -2.637325
0.360596 -0.897339 -1.673340 1.245087 -0.230932 -2.808210
0.312012 -0.898926 -1.685547 1.169376 0.118195 -2.885583
0.260498 -0.880249 -1.684814 1.029345 0.421279 -2.879175
0.223022 -0.850098 -1.685425 0.796514 0.577924 -2.832182
0.198486 -0.826050 -1.675049 0.484174 0.555614 -2.792071
0.177368 -0.815063 -1.650757 0.138132 0.379270 -2.784476
0.146606 -0.813721 -1.622559 -0.193670 0.147388 -2.766201
0.132324 -0.815430 -1.597412 -0.478478 0.018750 -2.690727
0.120605 -0.830811 -1.567871 -0.725075 0.028481 -2.556630
0.111450 -0.849609 -1.556396 -0.957905 0.107278 -2.431788
0.097900 -0.841797 -1.561035 -1.158695 0.211233 -2.348719
0.093506 -0.816772 -1.556396 -1.324834 0.294065 -2.283214
0.118774 -0.774048 -1.541260 -1.483614 0.302846 -2.216996
0.151489 -0.732544 -1.512085 -1.679420 0.269381 -2.176885
0.184326 -0.692383 -1.448486 -1.921744 0.229745 -2.160271
0.151733 -0.675537 -1.378540 -2.184005 0.182277 -2.126094
0.101685 -0.634521 -1.328003 -2.417548 0.167325 -1.996032
0.071411 -0.579346 -1.297852 -2.608607 0.180379 -1.753233
0.045166 -0.554199 -1.289795 -2.800615 0.137657 -1.489073
0.053345 -0.508545 -1.294556 -3.021342 0.036076 -1.307745
0.048950 -0.488159 -1.298828 -3.262005 -0.134572 -1.212334
0.067261 -0.466553 -1.273438 -3.499108 -0.291454 -1.154898
0.076050 -0.471191 -1.217529 -3.714613 -0.358858 -1.075626
0.073853 -0.459351 -1.150391 -3.900688 -0.322071 -0.942478
0.068359 -0.418945 -1.078369 -4.045465 -0.174208 -0.748097
0.066162 -0.380249 -0.995117 -4.140401 -0.015902 -0.510756
0.086792 -0.316650 -0.939453 -4.218486 0.058623 -0.292641
0.111694 -0.306274 -0.877686 -4.297046 0.014478 -0.129825
0.145264 -0.284302 -0.795532 -4.372995 -0.090427 -0.015190
0.169922 -0.287964 -0.709961 -4.405985 -0.219540 0.089715
0.217773 -0.280640 -0.594360 -4.358517 -0.264397 0.202451
0.267822 -0.269409 -0.482544 -4.219436 -0.215030 0.322308
0.320801 -0.238403 -0.418823 -3.988029 -0.119382 0.416295
0.366943 -0.193481 -0.364380 -3.665246 -0.006883 0.460203
0.382324 -0.144897 -0.321655 -3.280755 0.045807 0.474206
0.390503 -0.087524 -0.298950 -2.873241 0.066455 0.488921
0.401611 -0.037109 -0.293945 -2.487564 0.069541 0.511468
0.436523 0.018433 -0.293579 -2.167392 0.054588 0.518114
0.455566 0.062256 -0.304688 -1.924118 0.037500 0.487497
0.456055 0.091553 -0.301392 -1.743739 0.027769 0.430535
0.463135 0.119141 -0.312744 -1.590655 0.018513 0.382118
0.475830 0.150635 -0.321045 -1.430687 0.009019 0.356248
0.488525 0.180908 -0.336548 -1.248647 0.006646 0.348890
0.510010 0.204102 -0.365479 -1.050231 0.009494 0.342719
0.521362 0.220459 -0.384888 -0.857510 0.019699 0.336549
0.523926 0.239868 -0.399292 -0.693271 0.032990 0.328954
0.534424 0.262329 -0.430298 -0.560835 0.034652 0.319460
0.541382 0.286133 -0.459961 -0.441690 0.029193 0.301659
