0.846313 0.388428 0.389038 0.026819 1.140895 -0.476342
0.766602 0.407471 0.374268 0.036788 1.077050 -0.509807
0.724121 0.422485 0.402710 0.027057 0.879583 -0.459253
0.701538 0.442749 0.408813 0.027769 0.665977 -0.357672
0.716553 0.450073 0.428589 0.011630 0.508858 -0.221913
0.737427 0.471924 0.449463 -0.018987 0.426738 -0.087341
0.811646 0.452026 0.430664 -0.041297 0.297862 0.061708
0.850830 0.464966 0.404419 -0.068354 0.334412 0.064794
0.863037 0.497681 0.384033 -0.122230 0.416295 0.056724
0.857544 0.502563 0.364868 -0.199603 0.448336 0.019699
0.770264 0.512573 0.425171 -0.303558 0.459728 -0.007832
0.801147 0.533813 0.475464 -0.344855 0.312577 0.072863
0.848633 0.531860 0.509644 -0.327292 0.048892 0.133148
0.917725 0.607666 0.513672 -0.295726 -0.203163 0.122942
0.914673 0.686768 0.499878 -0.284571 -0.427450 0.029430
0.864380 0.833496 0.535156 -0.316375 -0.520250 -0.025395
0.811401 1.073853 0.604736 -0.383542 -0.502687 0.000000
0.827515 1.194214 0.624023 -0.510044 -0.501025 0.047705
0.943359 1.108765 0.635376 -0.728635 -0.750707 0.056250
1.088501 0.928955 0.665405 -0.969060 -1.208299 0.014003
1.234619 0.755249 0.716675 -1.174122 -1.700068 -0.049367
1.354248 0.605103 0.855835 -1.340735 -2.055130 -0.103955
1.492065 0.458862 1.062012 -1.366605 -2.452674 -0.179904
1.644653 0.301514 1.202881 -1.204265 -2.591044 -0.320409
1.673706 0.203369 1.293701 -0.927526 -2.318340 -0.524047
1.620483 0.064087 1.328247 -0.533304 -2.122534 -0.943428
1.462891 -0.115112 1.290405 -0.014240 -2.031395 -1.381795
1.286987 -0.219604 1.234741 0.633224 -2.579177 -1.700543
1.077759 -0.238647 1.105835 1.308932 -3.127908 -1.899197
0.863037 -0.231079 1.026489 1.847457 -2.972450 -1.963042
0.681641 -0.220825 0.976074 2.342549 -2.711138 -1.899434
0.480591 -0.177246 0.851685 2.850931 -2.549984 -1.763913
0.310791 -0.139526 0.757324 3.338903 -2.232660 -1.603234
0.231567 -0.195068 0.623779 3.686369 -1.771983 -1.375150
0.235962 -0.228638 0.384766 3.936763 -1.580449 -1.085594
0.210205 -0.244995 0.273560 4.123075 -1.359010 -0.886466
0.161499 -0.283569 0.223755 4.358517 -1.302049 -0.778001
0.121704 -0.319458 0.135620 4.695540 -1.399121 -0.695170
0.071289 -0.287231 -0.000977 5.043481 -1.549832 -0.636547
-0.033325 -0.275391 -0.428833 5.380979 -2.021190 -0.590740
0.093018 -0.346802 -0.577881 5.846166 -2.950140 -0.557512
0.170410 -0.328979 -0.569824 6.400593 -2.253309 -0.492718
0.291504 -0.250854 -0.364136 6.893786 -0.535914 -0.234730
0.211426 -0.140381 -0.502686 7.069180 1.050705 0.542797
0.302002 -0.163574 -0.593994 6.648139 0.773017 1.394611
0.482422 -0.123047 -0.652710 6.066180 0.440029 1.817077
0.644775 -0.081543 -0.594849 5.609300 0.115585 1.890178
0.726563 -0.161621 -0.598633 5.448858 -0.420092 1.782663
0.787598 -0.265503 -0.680786 5.456928 -0.875548 1.597300
0.551147 -0.209839 -1.116821 5.462149 -1.065658 1.352128
0.793091 -0.239014 -1.047119 5.158828 -0.484886 1.326020
0.910522 -0.164429 -1.123779 4.932406 -0.871276 1.213996
0.906616 -0.079102 -1.300903 4.649971 -0.749995 0.949598
0.951294 -0.096802 -1.479126 4.134231 -0.182515 0.764236
0.927368 -0.031738 -1.552979 3.481782 0.070015 0.732669
0.942017 0.007080 -1.583008 2.760742 0.123417 0.669537
0.924194 0.011719 -1.534302 2.021902 0.139081 0.536152
0.916382 -0.023682 -1.464478 1.334802 0.074288 0.344381
0.894897 -0.105347 -1.398315 0.751657 -0.141692 0.112262
0.884521 -0.206421 -1.318359 0.314239 -0.502924 -0.095648
0.874634 -0.314697 -1.259399 0.031329 -0.882194 -0.243274
0.910645 -0.389771 -1.224976 -0.145015 -1.156322 -0.392798
0.970947 -0.426636 -1.201660 -0.221438 -1.425703 -0.501263
1.048096 -0.408447 -1.224609 -0.254429 -1.424516 -0.613050
1.111572 -0.340332 -1.258301 -0.300947 -1.139471 -0.773492
1.177246 -0.296753 -1.268188 -0.350552 -1.055452 -0.902130
1.216431 -0.186157 -1.357178 -0.455931 -0.776815 -1.030057
1.204346 -0.161743 -1.384521 -0.659094 -0.709885 -1.131401
1.155640 -0.128906 -1.433960 -0.974757 -0.658382 -1.188600
1.041382 -0.108032 -1.401489 -1.441130 -0.237578 -1.224439
0.981445 -0.158569 -1.381104 -1.932425 0.444064 -1.230847
0.922607 -0.204224 -1.234497 -2.372691 1.108379 -1.283299
0.898560 -0.218506 -1.181519 -2.651091 1.279501 -1.393425
0.868286 -0.209106 -1.159058 -2.818179 1.238204 -1.558851
0.863525 -0.164795 -1.141479 -2.914064 1.049044 -1.780764
0.859009 -0.130615 -1.139526 -3.018731 0.745723 -2.011696
0.857788 -0.050781 -1.194336 -3.226878 0.461864 -2.239068
0.810791 -0.006958 -1.246094 -3.582177 0.294302 -2.405681
0.771240 -0.011719 -1.251343 -4.074658 0.444064 -2.461931
0.734741 -0.012573 -1.204956 -4.629797 0.747385 -2.451013
0.663696 -0.001831 -1.177856 -5.163813 0.940580 -2.413276
0.570190 -0.043823 -1.104492 -5.670772 1.003475 -2.340650
0.423828 -0.110718 -1.002319 -6.109613 0.949836 -2.267787
0.268799 -0.154053 -0.899170 -6.441653 0.805770 -2.177835
0.124756 -0.132324 -0.846802 -6.666177 0.700391 -2.080762
0.075195 -0.131348 -0.738647 -6.799325 0.564395 -1.946428
0.031616 -0.079468 -0.728394 -6.817600 0.254666 -1.781001
0.038940 -0.048584 -0.731201 -6.906840 -0.219065 -1.521826
0.061401 -0.059570 -0.669067 -7.229385 -0.571753 -1.170088
-0.003540 -0.241333 -0.173462 -7.696946 -0.534016 -0.770644
0.159180 -0.185913 -0.324097 -7.725426 0.330140 -0.337498
0.161987 -0.204224 -0.038086 -7.528434 -0.014478 -0.240900
0.181396 -0.306519 0.273438 -7.318151 -0.310204 -0.184176
0.154785 -0.429932 0.851929 -6.867204 -0.029905 -0.154271
0.072510 -0.446411 1.068481 -5.724173 0.418194 -0.150236
0.064209 -0.326904 1.288086 -4.369197 0.265821 0.032753
0.150879 -0.151245 1.355591 -3.173952 -0.095173 0.504111
0.275146 -0.062012 1.318359 -2.316916 -0.637971 1.184328
0.445557 0.099854 1.231812 -1.829182 -0.811229 1.757742
0.662598 0.223145 1.123535 -1.672300 -0.577449 2.129892
0.834717 0.316772 1.045898 -1.620085 -0.067405 2.309796
0.952271 0.368774 0.984985 -1.517316 0.535440 2.317865
1.021606 0.425903 0.932495 -1.326970 1.000627 2.211299
1.067383 0.479614 0.867310 -1.046433 1.142319 2.017630
1.088257 0.519775 0.830566 -0.714632 0.963602 1.701967
1.092163 0.559448 0.779419 -0.397308 0.523810 1.247460
1.054321 0.553223 0.721069 -0.143354 0.041772 0.744774
0.998413 0.521240 0.676514 0.015427 -0.277925 0.278875
0.940796 0.483887 0.661987 0.051503 -0.449048 -0.027531
0.864258 0.449707 0.659180 0.031566 -0.467560 -0.163527
0.782837 0.415283 0.657837 0.033228 -0.334412 -0.187736
0.729248 0.404663 0.654419 0.066930 -0.167562 -0.122942
0.700073 0.403564 0.626709 0.092325 -0.004509 0.003797
0.696289 0.409912 0.605957 0.084256 0.136233 0.154746
0.716309 0.416382 0.592041 0.074050 0.231407 0.296438
0.756104 0.434448 0.582031 0.095648 0.289318 0.403953
0.806152 0.455688 0.564941 0.145490 0.321121 0.464712
0.848999 0.470947 0.538574 0.183939 0.325631 0.474443
0.873291 0.487793 0.526001 0.203638 0.339159 0.435045
0.885620 0.499512 0.506226 0.211708 0.333700 0.367165
0.885620 0.506226 0.507813 0.223337 0.287419 0.287656
0.875488 0.499756 0.520020 0.255853 0.192720 0.199128
0.859863 0.494385 0.514282 0.315425 0.100158 0.117009
0.843750 0.494751 0.508301 0.383305 0.056962 0.066693
0.820923 0.491577 0.497681 0.425788 0.075474 0.055063
0.790771 0.499634 0.494751 0.442165 0.139319 0.064794
0.769897 0.500854 0.482178 0.459491 0.187499 0.095173
0.753906 0.498901 0.471069 0.477529 0.227135 0.140980
0.747559 0.498657 0.459106 0.503399 0.293353 0.203401
0.753174 0.505127 0.431885 0.536626 0.373574 0.269619
0.773315 0.526855 0.406372 0.567955 0.449048 0.321833
0.791748 0.549805 0.383423 0.581958 0.502212 0.340583
0.796021 0.564087 0.362427 0.573177 0.486785 0.317087
0.800537 0.564209 0.349609 0.562022 0.395646 0.256802
0.777832 0.565063 0.358887 0.557512 0.283147 0.197230
0.776367 0.568970 0.341797 0.555139 0.147151 0.155933
0.770264 0.564819 0.326416 0.512180 0.058860 0.128876
0.767334 0.559692 0.317383 0.431247 0.001661 0.115110
0.762329 0.552490 0.306519 0.328479 0.011155 0.098971
0.762329 0.553711 0.319214 0.224049 0.115822 0.084493
0.771851 0.542969 0.329590 0.117958 0.229745 0.075712
0.765747 0.552490 0.397705 -0.013528 0.388763 0.035601
0.784912 0.538330 0.447510 -0.068591 0.456405 -0.029430
0.756470 0.513062 0.483643 0.003085 0.448098 -0.113449
0.735962 0.500854 0.487793 0.154746 0.398732 -0.170410
0.716309 0.476440 0.486328 0.297625 0.384254 -0.179429
0.693604 0.468872 0.480469 0.384017 0.374286 -0.140268
0.671143 0.450928 0.456543 0.420804 0.381643 -0.062658
0.655640 0.461060 0.441406 0.448573 0.398969 0.017801
0.664185 0.476807 0.446777 0.471595 0.383779 0.116771
