0.824951 0.122314 -0.506104 -0.037262 0.137895 0.081408
0.754761 0.196655 -0.486572 0.002136 0.038212 0.126740
0.787231 0.212891 -0.460449 0.077136 0.036788 0.143354
0.807251 0.231201 -0.527710 0.181565 -0.057911 0.153559
0.831177 0.257202 -0.549438 0.220964 -0.051503 0.143116
0.818237 0.269165 -0.570557 0.215030 -0.031092 0.106328
0.794189 0.263184 -0.569946 0.182040 -0.034177 0.041060
0.758301 0.250244 -0.578979 0.154509 -0.038449 -0.013528
0.731079 0.243774 -0.578247 0.121518 -0.028006 -0.011155
0.711182 0.233887 -0.580078 0.084493 -0.025395 0.030854
0.704468 0.229858 -0.562622 0.057199 -0.060047 0.072626
0.690796 0.230225 -0.562744 0.051978 -0.097072 0.107278
0.686890 0.230103 -0.567261 0.044145 -0.157119 0.143354
0.691528 0.225830 -0.566040 0.015427 -0.179192 0.182989
0.690186 0.216064 -0.549927 -0.036788 -0.118195 0.223337
0.676270 0.190796 -0.508789 -0.085205 -0.022547 0.245647
0.637573 0.166992 -0.466919 -0.094461 0.041297 0.253242
0.577393 0.132080 -0.443970 -0.056962 -0.000712 0.265584
0.518677 0.126343 -0.423828 -0.000237 -0.056250 0.305932
0.481079 0.123291 -0.431763 0.045095 -0.079272 0.377134
0.405151 0.121216 -0.402466 0.068591 -0.100632 0.454744
0.349243 0.121216 -0.399292 0.081645 -0.089003 0.526895
0.275757 0.106567 -0.393066 0.088765 -0.081170 0.603082
0.218018 0.109375 -0.357910 0.091851 -0.105854 0.697543
0.211792 0.078735 -0.332275 0.091851 -0.102531 0.816925
0.190674 0.021606 -0.296387 0.095648 -0.087341 0.956956
0.190063 0.009155 -0.274414 0.115110 -0.056012 1.111702
0.187988 -0.010620 -0.267334 0.171122 -0.109889 1.266448
0.224121 -0.039307 -0.283325 0.260600 -0.210283 1.404105
0.294556 -0.062256 -0.327637 0.343431 -0.347941 1.506161
0.371704 -0.093994 -0.359009 0.384729 -0.421516 1.565971
0.471313 -0.148926 -0.405640 0.403004 -0.488446 1.593977
0.563843 -0.188232 -0.447754 0.412023 -0.563446 1.601098
0.646118 -0.211182 -0.457764 0.434807 -0.582670 1.612490
0.730469 -0.218262 -0.473755 0.491057 -0.460678 1.657347
0.816162 -0.233398 -0.519653 0.589079 -0.261549 1.769847
0.930054 -0.216919 -0.614136 0.698492 -0.030854 1.915573
1.071411 -0.222778 -0.729248 0.756641 0.193907 2.014070
1.190796 -0.212036 -0.821655 0.729584 0.292166 2.006712
1.292480 -0.213135 -0.871460 0.630376 0.244460 1.879498
1.368042 -0.243530 -0.904541 0.520962 0.037025 1.671825
1.441162 -0.234619 -0.941772 0.435994 -0.277213 1.482427
1.575073 -0.224976 -0.975830 0.356248 -0.522623 1.348330
1.669556 -0.216187 -0.982910 0.249919 -0.503636 1.235594
1.723999 -0.187988 -0.964966 0.135047 -0.233305 1.102208
1.734619 -0.168945 -0.927856 0.073575 0.104904 0.957431
1.679565 -0.132080 -0.908813 0.089477 0.328004 0.807194
1.598389 -0.084229 -0.928101 0.144778 0.445250 0.635360
1.528809 -0.046997 -0.957886 0.188923 0.428162 0.471832
1.500244 -0.008545 -1.000732 0.187973 0.312815 0.344381
1.484375 0.026001 -1.048462 0.131249 0.198891 0.217166
1.461670 0.036011 -1.098877 0.024209 0.126740 0.066693
1.450928 0.031250 -1.140869 -0.117958 0.101819 -0.084018
1.408447 0.020508 -1.152588 -0.259888 0.106803 -0.210046
1.373779 0.015137 -1.173584 -0.370726 0.129825 -0.328479
1.343262 0.004761 -1.212158 -0.444301 0.132199 -0.435757
1.312744 0.003052 -1.252686 -0.510519 0.121756 -0.533304
1.286255 0.005371 -1.284790 -0.603082 0.123654 -0.629901
1.248657 -0.010132 -1.296143 -0.729821 0.119857 -0.735043
1.207031 -0.026733 -1.284058 -0.887178 0.097072 -0.842795
1.180176 -0.046143 -1.255615 -1.056402 0.036076 -0.942716
1.152832 -0.062378 -1.187988 -1.228236 -0.050553 -1.024361
1.145630 -0.091553 -1.109619 -1.389627 -0.075949 -1.092003
1.124146 -0.125488 -1.022217 -1.514943 -0.048180 -1.151100
1.079712 -0.147949 -0.919434 -1.588756 -0.024446 -1.200467
1.050903 -0.151855 -0.815552 -1.622458 -0.018275 -1.235119
1.012939 -0.158081 -0.720093 -1.627680 -0.015664 -1.251970
0.981689 -0.147339 -0.610352 -1.611541 -0.032041 -1.271907
0.945068 -0.152100 -0.511719 -1.572142 -0.074288 -1.315577
0.882324 -0.145874 -0.427246 -1.508060 -0.153559 -1.372539
0.816406 -0.143677 -0.362915 -1.424754 -0.255378 -1.399121
0.744263 -0.135864 -0.316650 -1.337412 -0.352450 -1.382507
0.687378 -0.117798 -0.286865 -1.254106 -0.441690 -1.337887
0.642090 -0.106812 -0.249878 -1.181955 -0.500076 -1.282824
0.584961 -0.099365 -0.214966 -1.119534 -0.563683 -1.231084
0.534668 -0.092651 -0.173340 -1.056402 -0.597148 -1.190261
0.462891 -0.105713 -0.138306 -0.984250 -0.585993 -1.136860
0.389282 -0.084106 -0.103394 -0.903554 -0.549680 -1.035990
0.323730 -0.074829 -0.069580 -0.816925 -0.475630 -0.891925
0.264404 -0.059448 -0.046875 -0.720565 -0.380694 -0.736704
0.198853 -0.042358 -0.025024 -0.610677 -0.307593 -0.592639
0.139282 -0.035400 -0.004761 -0.477054 -0.278400 -0.454032
0.096436 -0.036987 0.002686 -0.324207 -0.321121 -0.318985
0.075928 -0.045410 -0.001831 -0.166376 -0.384491 -0.167800
0.072876 -0.052856 -0.024536 -0.031329 -0.396121 0.003323
0.099487 -0.065918 -0.057495 0.071677 -0.366216 0.179192
0.132568 -0.083618 -0.096680 0.148338 -0.297625 0.350077
0.154907 -0.093384 -0.127930 0.205062 -0.228559 0.509332
0.175049 -0.094604 -0.151733 0.253005 -0.149050 0.645803
0.213135 -0.094360 -0.173584 0.299286 -0.106803 0.768033
0.242920 -0.100098 -0.200562 0.342007 -0.077848 0.872226
0.272095 -0.096313 -0.228516 0.366453 -0.004035 0.956719
0.274780 -0.115234 -0.247925 0.377846 0.083069 1.036940
0.291138 -0.133301 -0.258301 0.404191 0.148575 1.124044
0.316772 -0.134277 -0.281616 0.462339 0.124604 1.216844
0.344727 -0.137695 -0.314087 0.544696 0.050791 1.308457
0.396851 -0.137817 -0.368896 0.622069 -0.019225 1.396510
0.453979 -0.146851 -0.421509 0.664315 -0.073101 1.480766
0.522461 -0.151001 -0.478516 0.671910 -0.066218 1.553392
0.572754 -0.165771 -0.525635 0.666689 -0.024683 1.605607
0.629883 -0.180542 -0.583374 0.669774 -0.015427 1.655686
0.705444 -0.202148 -0.638184 0.681879 -0.043671 1.706477
0.786743 -0.200073 -0.688110 0.688999 -0.075949 1.730923
0.847046 -0.182251 -0.730835 0.685676 -0.112499 1.709562
0.899170 -0.190308 -0.771851 0.677369 -0.136945 1.661857
0.948730 -0.197510 -0.793335 0.666689 -0.143354 1.624120
1.015747 -0.183350 -0.832397 0.666452 -0.123654 1.608455
1.079102 -0.171265 -0.871948 0.683065 -0.093037 1.589705
1.118896 -0.165039 -0.897827 0.696119 -0.033228 1.532032
1.170654 -0.185181 -0.932495 0.702290 0.009256 1.450624
1.217773 -0.187256 -0.944580 0.723413 -0.037500 1.380134
1.267212 -0.163940 -0.956055 0.746435 -0.090901 1.316764
1.336792 -0.118408 -0.988037 0.745486 -0.112737 1.236780
1.375366 -0.085449 -1.022217 0.708935 -0.128876 1.120721
1.389771 -0.053223 -1.039063 0.630613 -0.098734 0.961940
1.384277 -0.030273 -1.046753 0.544459 -0.077136 0.793666
1.371338 -0.016235 -1.053223 0.487022 -0.081408 0.647464
1.374023 -0.014893 -1.085571 0.450472 -0.100870 0.524522
1.393921 0.011719 -1.134521 0.412972 -0.146914 0.412023
1.413086 0.016968 -1.202637 0.347704 -0.197467 0.283622
1.417847 0.015991 -1.259277 0.248970 -0.233068 0.124366
1.397705 0.015869 -1.314819 0.130774 -0.244935 -0.036313
1.376587 0.022095 -1.344849 -0.000712 -0.221676 -0.172309
1.336426 0.028076 -1.382324 -0.149762 -0.160679 -0.294539
1.285767 0.037231 -1.417480 -0.309017 -0.104192 -0.419855
1.238770 0.029541 -1.456177 -0.474681 -0.082120 -0.548968
1.174683 0.008667 -1.492065 -0.658857 -0.071439 -0.661705
1.117065 -0.003052 -1.505859 -0.858222 -0.030854 -0.738603
1.071045 -0.025757 -1.512695 -1.060911 0.022547 -0.785122
1.043457 -0.062378 -1.499268 -1.261938 0.074050 -0.815501
1.017944 -0.085449 -1.461914 -1.468899 0.163527 -0.839235
0.997192 -0.127319 -1.400391 -1.682268 0.279112 -0.862020
0.973755 -0.175659 -1.312500 -1.883533 0.397545 -0.884330
0.957520 -0.210571 -1.227661 -2.044212 0.477529 -0.905453
0.946533 -0.240723 -1.127319 -2.156949 0.484649 -0.932273
0.944824 -0.266479 -1.029175 -2.236932 0.451659 -0.970010
0.934814 -0.281372 -0.917725 -2.294606 0.360757 -1.027446
0.917480 -0.270508 -0.794556 -2.329020 0.251581 -1.096749
0.881226 -0.264771 -0.674561 -2.336378 0.129588 -1.157746
0.855957 -0.239258 -0.550659 -2.319764 0.017089 -1.190974
0.831909 -0.225464 -0.446533 -2.273720 -0.069303 -1.206401
0.792847 -0.203979 -0.336182 -2.187803 -0.125790 -1.218030
0.738403 -0.190552 -0.251953 -2.060826 -0.139319 -1.214233
0.683350 -0.170532 -0.182617 -1.908453 -0.133623 -1.168426
0.636841 -0.151611 -0.131348 -1.738280 -0.109177 -1.089867
0.594604 -0.139771 -0.089478 -1.557902 -0.104192 -1.012494
0.548462 -0.127197 -0.054199 -1.373963 -0.155695 -0.948174
0.504395 -0.103149 -0.011841 -1.191686 -0.220964 -0.879820
0.480469 -0.082642 0.010498 -1.015342 -0.308068 -0.804584
0.448730 -0.059326 0.010498 -0.835200 -0.348416 -0.729821
