0.210693 0.525879 -0.465332 -0.102294 -0.322071 0.674758
0.223145 0.472656 -0.466919 -0.051740 -0.406327 0.605692
0.217285 0.497314 -0.365967 0.043908 -0.401105 0.514079
0.226318 0.458740 -0.333252 0.215268 -0.621594 0.436706
0.164307 0.395874 -0.378540 0.450472 -0.879820 0.364792
0.172607 0.377930 -0.388794 0.678081 -0.675470 0.349840
0.155396 0.389526 -0.314575 0.859646 -0.289080 0.421042
0.136841 0.363525 -0.218384 0.956244 -0.149050 0.552291
0.181030 0.314453 -0.201904 1.073727 -0.204113 0.649126
0.248169 0.235474 -0.216797 1.265261 -0.231644 0.710122
0.292969 0.177856 -0.169189 1.493582 -0.157357 0.698255
0.338501 0.156372 -0.157715 1.748011 -0.117958 0.610914
0.369751 0.129028 -0.192383 2.069845 -0.213369 0.463763
0.380493 0.086670 -0.258911 2.471662 -0.424127 0.284096
0.381226 0.054932 -0.350220 2.921422 -0.713445 0.111075
0.354614 0.019287 -0.447144 3.359789 -0.929899 -0.026345
0.315186 -0.002075 -0.550171 3.731227 -1.030057 -0.121044
0.282837 -0.036377 -0.689087 4.022680 -1.036940 -0.178955
0.246826 -0.068359 -0.821289 4.248391 -0.919219 -0.207198
0.218506 -0.058960 -0.929932 4.429719 -0.756166 -0.218590
0.200439 -0.043091 -1.044312 4.561918 -0.655771 -0.229745
0.212891 -0.056885 -1.172729 4.634306 -0.603556 -0.240900
0.245972 -0.041260 -1.328247 4.652344 -0.548019 -0.253242
0.243286 -0.023926 -1.456055 4.595620 -0.473494 -0.263922
0.214600 -0.044922 -1.602051 4.430194 -0.391611 -0.281960
0.192017 -0.022583 -1.805908 4.171968 -0.372862 -0.310441
0.169434 0.006470 -1.925537 3.852508 -0.361232 -0.341058
0.153931 0.013672 -2.008667 3.460421 -0.270331 -0.357672
0.118408 0.006104 -2.067627 3.020630 -0.189398 -0.347229
0.119507 0.016846 -2.082642 2.610743 -0.071439 -0.324682
0.134033 0.015259 -2.095947 2.259005 -0.079509 -0.292878
0.142456 0.006104 -2.100220 1.976570 -0.140268 -0.268669
0.148560 -0.012573 -2.116211 1.723328 -0.163765 -0.267720
0.134521 -0.021606 -2.134644 1.478393 -0.198654 -0.291691
0.095703 -0.039429 -2.143433 1.234407 -0.250157 -0.320172
0.065796 -0.056274 -2.154297 0.985200 -0.326580 -0.325156
0.044312 -0.071655 -2.162842 0.736704 -0.370726 -0.286470
0.032227 -0.084473 -2.149902 0.495804 -0.325631 -0.226660
0.023804 -0.094727 -2.120972 0.256802 -0.237340 -0.175157
0.020020 -0.106934 -2.073853 0.018750 -0.138132 -0.143354
0.018188 -0.106323 -2.027588 -0.196755 -0.039873 -0.130300
0.004517 -0.097168 -1.977417 -0.380931 0.002848 -0.123180
-0.015137 -0.103760 -1.929199 -0.530930 0.005221 -0.114161
-0.026978 -0.093750 -1.883789 -0.660043 -0.016851 -0.098022
-0.045654 -0.087524 -1.837402 -0.788682 -0.058860 -0.069778
-0.059692 -0.083740 -1.797119 -0.944614 -0.089477 -0.026819
-0.075684 -0.072632 -1.755981 -1.133300 -0.095173 0.036313
-0.085205 -0.065186 -1.711182 -1.331954 -0.062183 0.113923
-0.085327 -0.066162 -1.661011 -1.517079 -0.026819 0.190822
-0.080688 -0.058105 -1.604858 -1.683455 -0.013766 0.265584
-0.064331 -0.058716 -1.558105 -1.832504 -0.031804 0.334650
-0.044312 -0.063477 -1.510620 -1.968975 -0.083306 0.402292
-0.028564 -0.060181 -1.465942 -2.102835 -0.097310 0.471832
-0.019775 -0.066528 -1.414063 -2.243340 -0.077610 0.536626
0.001465 -0.060059 -1.348145 -2.388593 -0.028956 0.592164
0.013916 -0.062744 -1.277344 -2.521266 0.063607 0.636547
0.030151 -0.050415 -1.200195 -2.618575 0.169698 0.666689
0.050171 -0.035400 -1.119385 -2.680521 0.250631 0.678556
0.062012 -0.018921 -1.052490 -2.718258 0.271992 0.683540
0.076172 -0.007446 -0.980713 -2.732499 0.281723 0.683540
0.093384 0.010620 -0.922974 -2.725141 0.276739 0.675470
0.108887 0.027344 -0.858398 -2.700458 0.241850 0.661705
0.124268 0.048340 -0.808105 -2.662009 0.198416 0.645566
0.142578 0.073364 -0.757568 -2.608845 0.173496 0.632275
0.145874 0.092163 -0.704712 -2.546899 0.173970 0.620882
0.153687 0.113525 -0.653076 -2.474272 0.193195 0.610439
0.163330 0.126343 -0.603271 -2.389542 0.212657 0.601895
0.172729 0.152466 -0.565674 -2.287248 0.233543 0.599996
0.171631 0.176392 -0.525879 -2.163119 0.262024 0.599522
0.171753 0.188843 -0.493286 -2.022614 0.265821 0.599047
0.180420 0.201050 -0.472412 -1.871191 0.248021 0.602607
0.194580 0.225464 -0.439209 -1.708375 0.229745 0.606167
0.204956 0.238525 -0.408325 -1.542712 0.218353 0.608066
0.215698 0.246338 -0.380249 -1.381558 0.197230 0.606879
0.217163 0.249023 -0.365234 -1.219692 0.177293 0.603319
0.216797 0.268188 -0.345825 -1.052130 0.153797 0.599284
0.226929 0.277954 -0.314087 -0.879820 0.140980 0.592876
0.236450 0.273315 -0.292603 -0.712258 0.097547 0.585044
0.244019 0.260864 -0.277344 -0.540424 0.036076 0.580534
0.250854 0.246582 -0.277222 -0.340583 -0.019937 0.581721
0.261719 0.241455 -0.280029 -0.093275 -0.060047 0.587655
0.280151 0.244385 -0.301514 0.206249 -0.112499 0.588841
0.297974 0.234863 -0.340698 0.554190 -0.187261 0.580534
0.311279 0.217529 -0.386230 0.922304 -0.283384 0.559174
0.326660 0.217651 -0.434326 1.274043 -0.382355 0.533066
0.334351 0.211792 -0.494385 1.572854 -0.455456 0.515028
0.338867 0.197632 -0.580444 1.812093 -0.507908 0.510282
0.341431 0.180542 -0.673462 2.014782 -0.514316 0.512418
0.339111 0.175049 -0.758423 2.189702 -0.472070 0.505060
0.342407 0.152222 -0.843506 2.332343 -0.439080 0.491532
0.340820 0.118530 -0.932007 2.435349 -0.441928 0.473969
0.353271 0.098389 -1.023560 2.503465 -0.418431 0.445250
0.381836 0.129028 -1.101929 2.535269 -0.365741 0.408225
0.389648 0.165771 -1.161865 2.514383 -0.287419 0.365979
0.394165 0.162476 -1.246094 2.428703 -0.202451 0.313052
0.393555 0.159058 -1.346924 2.298166 -0.153559 0.254666
0.389404 0.166870 -1.418213 2.177360 -0.075237 0.190584
0.376709 0.176025 -1.471924 2.052044 -0.032516 0.126977
0.355469 0.197754 -1.531616 1.933137 -0.102768 0.071914
0.347290 0.209961 -1.586060 1.819925 -0.192008 0.030854
0.342407 0.217773 -1.633423 1.699831 -0.240663 0.002611
0.342651 0.224121 -1.662476 1.549120 -0.289318 -0.014952
0.334961 0.208496 -1.671143 1.359010 -0.297387 -0.031804
0.321777 0.176147 -1.698730 1.135911 -0.252055 -0.048655
0.310425 0.155273 -1.707642 0.925627 -0.183939 -0.070490
0.302246 0.128296 -1.711670 0.763761 -0.082120 -0.102056
0.279663 0.108154 -1.687744 0.637259 -0.041772 -0.140743
0.256104 0.078125 -1.654663 0.518589 -0.024683 -0.171834
0.229248 0.060059 -1.607788 0.395409 -0.007358 -0.186312
0.212646 0.050537 -1.545654 0.274128 0.020649 -0.180141
0.199707 0.044922 -1.483765 0.162578 0.058386 -0.162815
0.196533 0.026123 -1.423950 0.067879 0.085205 -0.134809
0.187622 0.016602 -1.358887 0.003560 0.093749 -0.109414
0.187134 0.008423 -1.309204 -0.030142 0.094461 -0.091851
0.180664 0.003052 -1.263672 -0.040585 0.078797 -0.078797
0.171021 -0.005859 -1.224731 -0.030142 0.052215 -0.068354
0.160889 -0.004639 -1.201294 -0.003797 0.034652 -0.057674
0.165405 -0.000610 -1.186157 0.038212 0.011392 -0.039873
0.166382 -0.000122 -1.181763 0.090189 -0.008307 -0.018038
0.166382 0.003296 -1.191406 0.140505 -0.028481 0.002136
0.166016 0.011108 -1.199585 0.170173 -0.047468 0.026819
0.166016 0.012573 -1.217163 0.171122 -0.045807 0.056012
0.178711 0.015137 -1.222778 0.149762 -0.014478 0.088765
0.192261 0.015503 -1.231201 0.112737 0.027769 0.113923
0.199951 0.004517 -1.230103 0.070965 0.057199 0.126740
0.202759 -0.009155 -1.229004 0.032990 0.052215 0.122468
0.212646 -0.009399 -1.225952 0.002136 0.008070 0.109177
0.222778 -0.009766 -1.230347 -0.015664 -0.059572 0.099920
0.229370 -0.021606 -1.225220 -0.030142 -0.131961 0.097072
0.238770 -0.021484 -1.218140 -0.058386 -0.164714 0.101582
0.249146 -0.020264 -1.208496 -0.094224 -0.143354 0.112499
0.257446 -0.023071 -1.192627 -0.121281 -0.081882 0.119145
0.255249 -0.031616 -1.183716 -0.137657 -0.009968 0.120332
0.253662 -0.028687 -1.172241 -0.146439 0.042484 0.110601
0.248169 -0.022339 -1.165283 -0.150711 0.042721 0.097310
0.247681 -0.016724 -1.159668 -0.154746 0.018038 0.090664
0.252563 -0.020630 -1.153564 -0.163053 0.006171 0.092563
0.255127 -0.026489 -1.139771 -0.175869 0.014952 0.091376
0.255249 -0.024780 -1.131104 -0.184176 0.024209 0.082120
0.254028 -0.030518 -1.123169 -0.182040 0.021598 0.071202
0.256226 -0.034912 -1.118896 -0.166138 0.008070 0.058148
0.258301 -0.032715 -1.106567 -0.138132 -0.008307 0.038924
0.257324 -0.034546 -1.107788 -0.106803 -0.028718 0.016376
0.255371 -0.028076 -1.110718 -0.077848 -0.050316 -0.004272
0.244141 -0.024292 -1.120850 -0.053164 -0.063845 -0.015902
0.236938 -0.017700 -1.130371 -0.041297 -0.068117 -0.015664
0.230469 -0.014893 -1.131714 -0.040111 -0.063845 -0.008307
0.225952 -0.016846 -1.138672 -0.051266 -0.052927 0.001899
0.222412 -0.020874 -1.139404 -0.064794 -0.036313 0.010680
0.224121 -0.013062 -1.136841 -0.068829 -0.021123 0.016376
