0.961548 0.285278 -0.005249 -0.243036 0.103243 -0.078797
0.958374 0.245483 0.057983 -0.295014 0.256802 -0.136945
0.960083 0.255615 0.102051 -0.271280 0.429349 -0.181565
0.911743 0.288086 0.151978 -0.199603 0.628002 -0.226897
0.922607 0.310669 0.093140 -0.076424 0.643192 -0.220014
0.890625 0.366699 0.103149 -0.055775 0.843982 -0.182515
0.907959 0.370117 0.110107 -0.056724 0.859172 -0.111075
0.852661 0.307373 0.200806 -0.121756 0.702053 -0.078797
0.717163 0.406128 0.278076 -0.078797 0.412260 -0.034177
0.766113 0.444946 0.261475 0.133385 0.101344 0.217641
0.914795 0.351685 0.177979 0.307356 -0.145015 0.465899
0.982422 0.309326 0.143066 0.344143 -0.239951 0.520725
0.998291 0.348633 0.134155 0.365267 -0.217166 0.436469
0.980225 0.378784 0.118164 0.417007 -0.189872 0.321121
0.943726 0.360840 0.092285 0.461152 -0.223812 0.219777
0.912964 0.355591 0.080322 0.457117 -0.301659 0.136471
0.899414 0.339966 0.080322 0.411548 -0.367877 0.084968
0.883789 0.336182 0.109497 0.348416 -0.300473 0.088291
0.870728 0.322998 0.178467 0.299761 -0.044145 0.130062
0.863770 0.312744 0.244141 0.319935 0.238290 0.127689
0.860840 0.334473 0.296997 0.427687 0.398257 0.064319
0.853638 0.339722 0.312256 0.576737 0.439080 -0.034177
0.824341 0.307129 0.293091 0.717242 0.440978 -0.145015
0.789185 0.273438 0.291626 0.832827 0.455931 -0.280299
0.740723 0.250488 0.273682 0.933459 0.504348 -0.430773
0.630859 0.220459 0.256348 1.004187 0.549917 -0.572702
0.083130 0.334717 0.439087 1.094851 0.423178 -0.361944
0.539429 0.201294 0.329712 1.233220 0.305932 0.405615
0.444824 0.053589 0.252319 1.408377 -0.385678 1.005136
0.426270 -0.072998 0.184326 1.512095 -0.566294 1.427127
0.391113 -0.140137 0.233521 1.543661 -0.427450 1.373251
0.375854 -0.123047 0.147827 1.630528 0.014003 1.100072
0.307007 -0.178955 -0.030518 1.754419 0.249207 1.071591
0.347412 -0.267700 -0.155151 1.922694 0.198416 1.324121
0.390869 -0.219849 -0.261963 2.070794 0.043671 1.778153
0.559204 -0.209106 -0.342041 2.119211 -0.147151 2.253783
0.737305 -0.225708 -0.449829 2.041601 -0.394697 2.602674
0.946777 -0.158813 -0.596558 1.818027 -0.741451 2.816042
1.049683 -0.146240 -0.708374 1.483614 -1.081560 2.815805
1.104736 -0.124146 -0.831299 1.073253 -0.981639 2.713037
1.126465 -0.147217 -0.900024 0.710597 -1.063047 2.612405
1.162476 -0.194214 -0.920410 0.399681 -1.017478 2.512010
1.198120 -0.228760 -0.892944 0.147863 -0.911149 2.470950
1.263428 -0.308960 -0.874878 -0.069303 -0.922304 2.504889
1.298584 -0.351563 -0.793579 -0.317324 -0.985437 2.575617
1.516357 -0.232422 -0.816406 -0.542560 -0.734568 2.460744
1.549805 -0.341431 -0.696899 -0.930374 0.478953 2.098800
1.552612 -0.361938 -0.616699 -1.175784 1.676334 1.888991
1.556885 -0.405884 -0.522095 -1.231796 1.607743 1.853153
1.682129 -0.345337 -0.565918 -1.200704 0.444301 1.890653
1.816650 -0.293945 -0.593262 -1.244375 -0.191296 1.764862
1.961792 -0.250366 -0.539551 -1.386305 -0.478953 1.462491
2.026367 -0.242554 -0.527344 -1.589943 -0.614474 1.097461
2.074951 -0.237549 -0.538452 -1.769135 -0.850390 0.750945
2.202515 -0.225830 -0.464111 -1.998880 -0.870802 0.447624
2.302002 -0.227173 -0.347656 -2.237882 -0.362419 0.140980
2.276367 -0.266968 -0.226196 -2.432026 0.264397 -0.249919
2.161011 -0.296753 -0.183105 -2.511060 0.603082 -0.686151
2.015747 -0.283325 -0.160034 -2.557579 0.867241 -1.036702
1.863403 -0.270264 -0.155884 -2.662483 1.135911 -1.315103
1.777344 -0.195557 -0.109497 -2.829571 1.223727 -1.576414
1.603516 -0.215576 -0.090942 -3.029649 1.073253 -1.855052
1.484985 -0.187866 -0.027222 -3.220945 0.718666 -2.031395
1.463501 -0.169434 0.093262 -3.371181 0.117483 -2.143657
1.522949 -0.130859 0.251099 -3.473950 -0.389475 -2.309084
1.556885 -0.133301 0.486572 -3.492462 -0.440029 -2.509399
1.444092 -0.195435 0.643311 -3.352906 -0.082832 -2.660347
1.190430 -0.270508 0.648560 -3.061690 0.603556 -2.622848
0.970825 -0.235596 0.675781 -2.659635 1.424516 -2.398798
0.869629 -0.146606 0.684448 -2.160271 1.728549 -2.199907
0.834717 -0.041870 0.678833 -1.706239 1.555291 -2.147692
0.792603 0.030151 0.628662 -1.326970 1.295641 -2.209875
0.746094 0.075195 0.594604 -1.034566 0.925864 -2.348482
0.711670 0.116821 0.581055 -0.802922 0.665502 -2.526962
0.628662 0.124512 0.586792 -0.576500 0.586705 -2.703780
0.515625 0.107178 0.564819 -0.396833 0.638445 -2.787799
0.410522 0.078857 0.551392 -0.293353 0.853476 -2.636851
0.316528 0.091064 0.562378 -0.193195 1.100784 -2.288198
0.242554 0.113770 0.553955 -0.029905 1.290182 -1.974196
0.183350 0.150513 0.517090 0.165189 1.425228 -1.717869
0.122192 0.180908 0.482788 0.360045 1.527285 -1.490260
0.046875 0.196167 0.440918 0.562022 1.541525 -1.320561
-0.046509 0.195557 0.363525 0.731008 1.371590 -1.166765
-0.111450 0.180542 0.331665 0.865105 0.821197 -0.962652
-0.138550 0.197632 0.258911 0.996829 0.508620 -0.715818
-0.092773 0.214722 0.213989 1.098411 0.359571 -0.487022
-0.048218 0.205811 0.153564 1.170088 0.041772 -0.295489
0.010864 0.215332 0.078003 1.211622 -0.262498 -0.117958
0.051758 0.205566 0.000122 1.193584 -0.374048 0.061946
0.050293 0.181885 -0.065186 1.113601 -0.342957 0.286232
0.047607 0.172974 -0.090210 1.007509 -0.196280 0.578873
0.047974 0.156616 -0.109863 0.927763 0.039398 0.915659
0.042969 0.170288 -0.155151 0.899282 0.232831 1.259090
0.075195 0.135376 -0.195923 0.911387 0.280536 1.537253
0.176270 0.096436 -0.222412 0.909963 0.116771 1.770084
0.288208 0.084351 -0.237183 0.968348 -0.203875 1.976095
0.358643 0.034668 -0.281738 1.004899 -0.432434 2.104496
0.486694 -0.014771 -0.311157 0.991370 -0.519301 2.194923
0.620117 -0.075439 -0.358154 1.006086 -0.601658 2.315729
0.777710 -0.098999 -0.394043 1.039076 -0.709647 2.469051
0.956421 -0.070557 -0.372803 1.024361 -0.816213 2.658686
1.070068 -0.047363 -0.363403 1.018427 -0.817163 2.761217
1.111694 -0.055298 -0.369141 1.024123 -0.623730 2.768100
1.139893 -0.120728 -0.388428 1.021513 -0.469222 2.783052
1.228027 -0.092041 -0.381958 1.007272 -0.497228 2.835267
1.391602 -0.067993 -0.325195 0.977842 -0.545408 2.857814
1.497925 -0.074829 -0.316040 1.072303 -0.456405 2.783289
1.559814 -0.075317 -0.334961 1.123094 -0.414159 2.646819
1.664429 0.013062 -0.423340 1.046433 -0.224999 2.482817
1.731445 0.046143 -0.377319 0.798887 0.081408 2.251173
1.718506 0.037231 -0.305664 0.465187 0.365741 1.925779
1.674927 0.054688 -0.304565 0.206249 0.384017 1.549595
1.575439 0.000732 -0.233154 -0.086155 0.585518 1.148490
1.476563 -0.085205 -0.116089 -0.342245 0.675470 0.791292
1.408081 -0.158203 -0.003418 -0.452608 0.449522 0.609965
1.403687 -0.196411 0.091431 -0.412972 0.190347 0.582433
1.441406 -0.211060 0.126465 -0.275315 0.037025 0.574126
1.488892 -0.187378 0.131104 -0.092563 0.010206 0.553952
1.524170 -0.154907 0.068237 0.089240 0.054351 0.488684
1.527222 -0.109497 -0.002319 0.210283 0.101819 0.381406
1.508423 -0.081543 -0.060303 0.241612 0.163053 0.265821
1.467529 -0.055054 -0.075073 0.181328 0.262261 0.177531
1.411133 -0.037354 -0.076294 0.087341 0.301422 0.058148
1.335815 -0.033691 -0.070190 0.000237 0.331327 -0.099683
1.238037 -0.033447 -0.052612 -0.084730 0.291454 -0.209809
1.185303 -0.031372 -0.031006 -0.145252 0.183464 -0.255615
1.150879 -0.028198 0.003784 -0.169461 0.078797 -0.253242
1.122437 -0.035034 0.024170 -0.176344 0.074762 -0.210758
1.096436 -0.041870 0.036743 -0.164002 0.173733 -0.126977
1.077881 -0.039063 0.044922 -0.134809 0.274603 -0.073338
1.061035 -0.039063 0.036255 -0.104904 0.316137 -0.067879
1.044922 -0.046509 0.047363 -0.089952 0.305932 -0.073575
1.041138 -0.049194 0.045898 -0.068591 0.251106 -0.088765
1.047974 -0.053467 0.047607 -0.047468 0.194144 -0.106803
1.049072 -0.056519 0.050903 -0.035601 0.081645 -0.132673
1.040405 -0.059570 0.050415 -0.024683 -0.002373 -0.167088
1.023682 -0.059570 0.037720 -0.016614 -0.024921 -0.213606
1.005615 -0.064453 0.045532 -0.027294 -0.003323 -0.254191
0.997192 -0.075195 0.051758 -0.023022 -0.052452 -0.282672
0.991943 -0.071045 0.048462 0.008782 -0.154271 -0.296201
0.983765 -0.071411 0.021484 0.025158 -0.141692 -0.261549
0.977173 -0.074829 0.026245 0.014240 -0.002136 -0.184176
0.980225 -0.051392 0.007324 0.027769 0.090427 -0.122942
0.970947 -0.042480 -0.009644 0.044145 0.078560 -0.104430
0.982178 -0.038086 -0.026611 0.055538 0.054351 -0.090664
1.009155 -0.031128 -0.022949 0.045807 0.023971 -0.082832
1.009766 -0.034302 -0.021973 0.022547 -0.008070 -0.108939
0.989258 -0.033569 -0.034912 0.011867 -0.001899 -0.122942
0.999756 -0.032837 -0.027710 -0.011155 0.066693 -0.116771
1.008057 -0.043213 0.006226 -0.048655 0.150474 -0.113686
