1.746460 -0.217529 -0.111206 0.067167 -0.392086 0.004272
2.025635 -0.123535 -0.368530 0.128164 -0.116771 -0.076898
1.958374 -0.388428 -0.164063 -0.253954 -0.013054 -0.325394
2.016724 -0.349121 -0.051880 -0.287419 -0.130774 -0.938681
1.943970 -0.393921 -0.060913 0.190347 -0.130774 -1.355450
1.902100 -0.369019 -0.140503 0.745961 -0.251581 -1.688913
1.830200 -0.351318 -0.269775 0.995405 -0.370251 -1.960431
1.740723 -0.343140 -0.332397 0.798887 -0.451421 -2.179733
1.654053 -0.332886 -0.333740 0.437418 -0.526183 -2.360112
1.553833 -0.313110 -0.300537 0.151423 -0.624680 -2.541677
1.436523 -0.289673 -0.295044 -0.058386 -0.722464 -2.686455
1.335327 -0.258667 -0.296875 -0.221676 -0.785834 -2.782578
1.225342 -0.234985 -0.320435 -0.361707 -0.806720 -2.864460
1.132813 -0.214844 -0.347778 -0.467560 -0.764948 -2.886295
1.026001 -0.192505 -0.371338 -0.533066 -0.677132 -2.893653
0.906860 -0.152466 -0.401245 -0.560598 -0.551579 -2.888669
0.761841 -0.097168 -0.429443 -0.582908 -0.491057 -2.861849
0.626221 -0.057617 -0.455688 -0.672148 -0.470171 -2.825299
0.499146 -0.002075 -0.467285 -0.797463 -0.497228 -2.737720
0.380371 0.064941 -0.477783 -0.911861 -0.620645 -2.612879
0.303223 0.122559 -0.510132 -1.018664 -0.808381 -2.442944
0.228882 0.143188 -0.563721 -1.137572 -0.976655 -2.235034
0.136230 0.170044 -0.601563 -1.275941 -1.042873 -2.048247
0.059448 0.222168 -0.608154 -1.420007 -1.040974 -1.844134
-0.014526 0.250488 -0.604248 -1.546509 -1.034329 -1.611541
-0.077637 0.280884 -0.603516 -1.661857 -0.998491 -1.387254
-0.111816 0.311279 -0.583618 -1.765812 -0.881957 -1.116686
-0.149902 0.324829 -0.563354 -1.874751 -0.665739 -0.834963
-0.178589 0.340576 -0.515747 -1.958769 -0.410361 -0.540186
-0.167480 0.361938 -0.454102 -2.016206 -0.213132 -0.236628
-0.139404 0.370850 -0.384155 -2.075066 -0.092088 0.036550
-0.114746 0.386108 -0.299683 -2.149116 0.001187 0.249682
-0.091553 0.397827 -0.192871 -2.234796 0.088053 0.409887
-0.090332 0.394897 -0.077637 -2.317628 0.205774 0.564395
-0.065430 0.401978 0.064087 -2.370792 0.369539 0.741688
-0.031616 0.418579 0.241699 -2.390017 0.567955 0.933934
-0.031982 0.417358 0.429565 -2.377200 0.814789 1.119534
0.011353 0.444702 0.638428 -2.336378 1.068506 1.307270
0.076050 0.468628 0.847656 -2.279179 1.206401 1.544848
0.145142 0.448975 1.033569 -2.182819 1.252207 1.806160
0.272095 0.407349 1.214844 -2.037804 1.116211 2.066759
0.402222 0.320679 1.349976 -1.794530 0.880058 2.302438
0.550415 0.212280 1.441284 -1.440655 0.753081 2.490649
0.676636 0.117554 1.524414 -1.000389 0.685201 2.622848
0.823608 0.013916 1.581665 -0.541611 0.629901 2.721818
0.998291 -0.059082 1.618042 -0.082120 0.554190 2.764302
1.176270 -0.199463 1.611694 0.322545 0.475155 2.754809
1.352905 -0.291992 1.603271 0.721989 0.352688 2.657737
1.493042 -0.313965 1.562866 1.193347 0.240900 2.392390
1.562378 -0.306641 1.472168 1.710749 0.036788 2.042788
1.614014 -0.283936 1.324829 2.187565 -0.292878 1.684879
1.650635 -0.291992 1.127808 2.593417 -0.638683 1.407665
1.731079 -0.295166 0.879395 2.960345 -0.900944 1.196432
1.798706 -0.291382 0.597900 3.265802 -1.001339 1.001813
1.881226 -0.312744 0.277588 3.486054 -0.993981 0.872938
1.944336 -0.337769 -0.050171 3.623474 -0.967874 0.739078
1.988525 -0.344238 -0.345703 3.699186 -0.935358 0.516927
1.963135 -0.303345 -0.597046 3.692303 -0.925627 0.214318
1.902832 -0.236206 -0.807983 3.546813 -0.951497 -0.140268
1.789429 -0.161499 -0.944580 3.265565 -0.988048 -0.463051
1.674316 -0.097656 -1.056763 2.903858 -1.062335 -0.726261
1.550903 -0.058716 -1.151611 2.500380 -1.107192 -0.935833
1.416992 -0.024048 -1.213257 2.079338 -1.058063 -1.107667
1.246338 0.000000 -1.212158 1.734008 -0.873650 -1.274517
1.084961 0.032227 -1.206055 1.511620 -0.622306 -1.356637
0.941284 0.049683 -1.199097 1.358536 -0.356485 -1.340023
0.815674 0.115845 -1.178101 1.185515 -0.081170 -1.252919
0.729614 0.123047 -1.151001 0.894298 0.150474 -1.066607
0.668335 0.114868 -1.068481 0.547307 0.339397 -0.881244
0.612183 0.111450 -0.978394 0.275077 0.468984 -0.749521
0.545532 0.109131 -0.903320 0.105379 0.501737 -0.613762
0.504761 0.118408 -0.855591 -0.022547 0.421516 -0.447386
0.498901 0.123901 -0.810547 -0.160679 0.271280 -0.239002
0.489868 0.096802 -0.792358 -0.322545 0.137895 -0.036076
0.496338 0.076294 -0.763672 -0.480377 0.083306 0.153559
0.517212 0.061401 -0.737915 -0.596911 0.047468 0.351501
0.549072 0.041016 -0.720581 -0.684964 -0.000475 0.538288
0.585571 0.024536 -0.697876 -0.779900 -0.028243 0.708935
0.628052 0.012207 -0.666748 -0.871988 -0.036550 0.882194
0.698730 -0.000488 -0.646240 -0.937019 -0.046756 1.051417
0.785034 -0.005615 -0.637939 -0.992082 -0.041772 1.196195
0.814697 -0.042358 -0.598145 -1.097224 -0.002136 1.284723
0.938110 -0.033447 -0.569092 -1.242239 0.082357 1.343821
1.005005 -0.041382 -0.488159 -1.386542 0.114873 1.391051
1.070801 -0.045776 -0.395386 -1.553867 0.212894 1.389390
1.122192 -0.053711 -0.271362 -1.729261 0.327292 1.394611
1.187256 -0.058716 -0.132324 -1.868105 0.447149 1.398409
1.224365 -0.052734 0.019409 -1.933849 0.577449 1.378710
1.227051 -0.094482 0.119629 -1.942393 0.744536 1.375387
1.280640 -0.068970 0.249634 -1.887805 0.965026 1.300862
1.311768 -0.066772 0.365479 -1.792394 1.101259 1.243188
1.329590 -0.061768 0.468750 -1.709087 1.232508 1.172936
1.339966 -0.044189 0.566528 -1.614863 1.324359 1.071591
1.343140 -0.029663 0.644287 -1.498567 1.300150 0.971196
1.335083 -0.017578 0.682739 -1.350466 1.189787 0.841371
1.320679 -0.006348 0.689331 -1.196432 1.091528 0.698255
1.291260 -0.005249 0.692017 -1.061386 1.045721 0.541373
1.275879 0.017578 0.657959 -0.964788 1.131401 0.397782
1.247192 0.009766 0.615723 -0.873412 1.137335 0.332514
1.186646 0.001709 0.626587 -0.785359 0.928950 0.270568
1.165039 0.016235 0.607788 -0.680217 0.764948 0.226185
1.161377 0.027832 0.574097 -0.575788 0.676182 0.229983
1.179199 0.037598 0.528198 -0.490108 0.425076 0.203875
1.191406 0.049194 0.489014 -0.454981 0.178955 0.135047
1.169922 0.040894 0.440552 -0.421042 -0.058860 0.038449
1.160278 0.039917 0.395752 -0.358858 -0.253005 -0.026107
1.158081 0.041870 0.335205 -0.296201 -0.375710 -0.054826
1.159302 0.033325 0.289307 -0.257514 -0.446200 -0.072151
1.154419 0.027222 0.259155 -0.233068 -0.450947 -0.058860
1.157837 0.014282 0.234619 -0.195094 -0.410836 -0.052215
1.156372 0.012573 0.204956 -0.130062 -0.356722 -0.069541
1.150146 0.004272 0.180542 -0.067642 -0.287419 -0.090427
1.133667 -0.003418 0.163940 -0.018038 -0.223575 -0.111313
1.123291 -0.009155 0.157227 0.019699 -0.161154 -0.112025
1.126587 -0.002930 0.152344 0.049604 -0.103718 -0.105854
1.106201 -0.006226 0.135986 0.069066 -0.083069 -0.123417
1.090454 -0.004272 0.127441 0.079984 -0.113686 -0.133860
1.080444 -0.002808 0.086670 0.081170 -0.186549 -0.141692
1.074463 0.011597 0.061279 0.042721 -0.226423 -0.135047
1.073486 0.018433 0.054565 -0.031092 -0.215980 -0.137183
1.059204 0.022217 0.065430 -0.088765 -0.194382 -0.163527
1.049805 0.028809 0.076050 -0.092800 -0.188923 -0.182515
1.039917 0.031860 0.071777 -0.072863 -0.202451 -0.183701
1.038574 0.036499 0.053101 -0.073813 -0.207435 -0.167088
1.033691 0.034180 0.061035 -0.103955 -0.167325 -0.148575
1.023071 0.037720 0.068970 -0.108465 -0.100632 -0.146202
1.016602 0.035767 0.086304 -0.081408 -0.051503 -0.119857
1.010742 0.035889 0.097290 -0.019699 -0.030142 -0.093512
1.013184 0.038086 0.088989 0.043433 -0.033702 -0.063133
1.026489 0.037842 0.087891 0.075474 -0.050553 -0.024683
1.031982 0.032837 0.074463 0.093987 -0.068591 -0.006883
1.036865 0.035889 0.059326 0.098496 -0.094461 0.004272
1.036743 0.032471 0.042603 0.090189 -0.122942 0.017089
1.037109 0.030518 0.020020 0.066455 -0.149999 0.041060
1.050293 0.024536 0.002808 0.029430 -0.182040 0.091376
1.081299 0.003540 -0.007324 -0.010443 -0.189398 0.121993
1.099487 -0.005615 -0.014526 -0.046993 -0.166138 0.126028
1.103638 -0.015015 -0.018555 -0.084493 -0.127214 0.112025
1.101807 -0.014038 -0.013306 -0.115822 -0.100395 0.078797
1.100830 -0.008911 -0.011719 -0.120806 -0.089240 0.062183
1.098389 -0.005127 -0.004639 -0.118907 -0.077136 0.042484
1.099487 -0.003174 0.000610 -0.124366 -0.034889 0.025870
1.093872 -0.005005 0.011597 -0.116771 0.004747 0.014715
1.082642 -0.009033 0.019897 -0.098734 0.028243 -0.003797
1.078247 -0.007935 0.023926 -0.076186 0.037025 -0.012816
1.075928 0.001465 0.019287 -0.064794 0.015190 -0.013054
1.070679 -0.005615 0.021118 -0.079984 -0.011155 -0.008307
1.066162 -0.007935 0.024170 -0.106803 -0.014240 -0.005221
1.061646 -0.002075 0.032593 -0.114635 -0.011867 -0.009494
1.064453 0.003296 0.036011 -0.117721 -0.014478 0.004272
