0.062622 0.564209 -0.880371 0.009256 -0.418668 -0.206011
0.103027 0.532349 -0.883423 0.080458 -0.393748 -0.157831
0.040771 0.536865 -0.892212 0.163527 -0.446674 -0.124366
0.046631 0.528198 -0.946045 0.222625 -0.426026 -0.089477
0.043091 0.553223 -0.964844 0.229271 -0.308542 -0.079509
0.074463 0.580566 -1.031494 0.157119 -0.001187 -0.044383
0.083130 0.611084 -1.032227 0.031092 0.465424 0.002373
0.069092 0.614014 -0.953491 -0.154509 0.634648 0.059810
0.067749 0.587280 -0.910400 -0.249919 0.632275 0.097547
0.094116 0.571899 -0.888550 -0.264634 0.484174 0.141455
0.107056 0.574585 -0.870239 -0.237340 0.288368 0.174682
0.123047 0.565552 -0.856079 -0.205774 0.128638 0.198416
0.133667 0.557129 -0.854126 -0.186787 0.070727 0.196992
0.142334 0.551147 -0.836060 -0.178717 0.114873 0.173496
0.134277 0.541870 -0.811157 -0.181328 0.179192 0.138369
0.134766 0.520508 -0.779785 -0.183464 0.249682 0.103243
0.134155 0.516602 -0.735229 -0.181091 0.281011 0.072626
0.132446 0.514404 -0.682007 -0.178243 0.267957 0.052452
0.135620 0.502930 -0.624023 -0.175394 0.233305 0.056962
0.142700 0.489136 -0.553101 -0.186549 0.210996 0.090664
0.159546 0.484375 -0.485474 -0.224049 0.253479 0.143591
0.165039 0.465210 -0.406128 -0.289792 0.324919 0.197704
0.145630 0.414185 -0.337646 -0.357672 0.356248 0.229983
0.142700 0.363281 -0.276489 -0.365504 0.343669 0.214081
0.128296 0.309326 -0.223267 -0.262973 0.260837 0.146676
0.103516 0.238892 -0.173828 -0.048892 0.066930 0.037737
0.082520 0.167847 -0.120239 0.252055 -0.227609 -0.089477
0.063599 0.100220 -0.092285 0.616135 -0.515266 -0.199366
0.062988 0.067017 -0.079956 1.026497 -0.758302 -0.254429
0.070190 0.026245 -0.077759 1.465339 -0.927288 -0.245885
0.045410 -0.049561 -0.117188 1.904418 -0.963839 -0.183227
-0.006348 -0.058960 -0.144897 2.381710 -0.895010 -0.116771
-0.000366 -0.105591 -0.285522 3.012085 -0.708698 -0.075237
-0.023315 -0.156738 -0.486938 3.788663 -0.714394 -0.042721
0.001343 -0.222168 -0.774292 4.633832 -0.862020 0.001187
0.058472 -0.268799 -1.053345 5.417055 -0.808144 0.041772
0.195190 -0.175537 -1.434082 5.943238 -0.395646 0.096360
0.285889 -0.053711 -1.728271 6.073300 0.052452 0.147626
0.363770 -0.016968 -2.238525 5.727496 0.576025 0.144066
0.424438 0.045532 -2.675659 4.930270 0.851577 0.041297
0.342163 0.055298 -2.863281 3.700135 1.064234 -0.167562
0.255249 0.130493 -2.814209 2.222929 1.359960 -0.400156
0.160034 0.104248 -2.627319 0.927763 1.518028 -0.504111
0.039307 0.043335 -2.335327 0.004035 1.260989 -0.443826
-0.003784 0.011353 -2.050659 -0.543984 0.705613 -0.268907
0.059692 0.017822 -1.768433 -0.793666 0.094699 -0.036313
0.145386 0.058594 -1.554443 -0.776577 -0.504823 0.188923
0.193848 0.052979 -1.481323 -0.548731 -1.090104 0.321359
0.239502 0.031372 -1.479980 -0.176344 -1.533456 0.307593
0.265869 0.003784 -1.530029 0.282198 -1.699119 0.175632
0.246338 0.000488 -1.602173 0.759964 -1.617474 -0.006171
0.200439 0.000366 -1.709839 1.167952 -1.279976 -0.174445
0.143677 0.011475 -1.835205 1.440655 -0.790106 -0.288368
0.075562 0.013428 -1.979614 1.542475 -0.269856 -0.342482
0.036743 0.056519 -2.144531 1.440418 0.124129 -0.345805
-0.012817 0.093994 -2.294312 1.095800 0.380931 -0.314001
-0.055298 0.084961 -2.391479 0.499127 0.502924 -0.269381
-0.124512 0.036743 -2.349365 -0.281248 0.563209 -0.206249
-0.186035 -0.004395 -2.270142 -1.121196 0.629664 -0.096360
-0.186890 -0.039673 -2.101929 -1.859086 0.740502 0.078560
-0.183472 -0.064575 -1.926514 -2.376963 0.732195 0.289792
-0.158813 -0.069092 -1.771118 -2.686692 0.622544 0.493193
-0.108032 -0.055542 -1.620972 -2.868257 0.505772 0.660043
-0.051392 -0.041748 -1.505493 -2.944206 0.352925 0.777527
-0.003784 -0.041016 -1.414795 -2.960108 0.240900 0.839710
0.029175 -0.031372 -1.329346 -2.954649 0.143116 0.857036
0.056030 -0.030273 -1.240845 -2.954886 0.081882 0.857273
0.082275 -0.004150 -1.148071 -2.969127 0.141929 0.865817
0.107422 0.030396 -1.054688 -2.995946 0.247783 0.885279
0.131470 0.045044 -0.973511 -3.006152 0.317799 0.899520
0.152100 0.059326 -0.895264 -2.982418 0.346042 0.903792
0.166992 0.087524 -0.811279 -2.915488 0.354586 0.898808
0.176636 0.117676 -0.740601 -2.814381 0.368115 0.884093
0.188721 0.149780 -0.689087 -2.678148 0.336311 0.852764
0.198242 0.172974 -0.631470 -2.512722 0.251581 0.807194
0.217651 0.191284 -0.576172 -2.318103 0.149524 0.755217
0.216431 0.219238 -0.534790 -2.107819 0.053876 0.703714
0.228516 0.249878 -0.481934 -1.892314 -0.033228 0.657433
0.233887 0.269165 -0.456299 -1.673012 -0.118433 0.622306
0.236816 0.289917 -0.435303 -1.457507 -0.192720 0.599522
0.235718 0.311401 -0.421997 -1.242476 -0.236628 0.579110
0.239014 0.333252 -0.421631 -1.024123 -0.259650 0.551104
0.245972 0.358521 -0.426270 -0.813840 -0.272941 0.522149
0.242432 0.382690 -0.437378 -0.627765 -0.256802 0.495092
0.240601 0.404785 -0.432495 -0.483225 -0.212420 0.476342
0.244385 0.420044 -0.420532 -0.380219 -0.149050 0.473969
0.236450 0.428223 -0.417603 -0.299998 -0.076661 0.488446
0.230835 0.435059 -0.403564 -0.219540 -0.005934 0.502924
0.229004 0.455200 -0.393555 -0.128401 0.014715 0.506009
0.234863 0.457397 -0.385864 -0.020174 -0.055538 0.502212
0.239136 0.450562 -0.386353 0.113211 -0.178005 0.489870
0.242188 0.432007 -0.389160 0.274840 -0.309492 0.465187
0.230957 0.411255 -0.413208 0.458541 -0.410124 0.436469
0.218506 0.387817 -0.437500 0.663603 -0.480377 0.417007
0.219482 0.366821 -0.470581 0.886466 -0.566294 0.416532
0.220459 0.343872 -0.520020 1.121670 -0.606404 0.431010
0.224976 0.326782 -0.563965 1.358536 -0.591452 0.446200
0.253052 0.311646 -0.614136 1.579025 -0.606167 0.454744
0.286133 0.291016 -0.659302 1.775068 -0.626816 0.463763
0.308228 0.268188 -0.710205 1.947852 -0.645803 0.454032
0.328857 0.250366 -0.770996 2.109955 -0.654585 0.415108
0.337036 0.234619 -0.851807 2.242628 -0.657907 0.351264
0.343262 0.218994 -0.939087 2.369368 -0.655297 0.265346
0.351807 0.213013 -1.052490 2.466203 -0.628952 0.158781
0.354980 0.216431 -1.187500 2.516756 -0.596199 0.042247
0.346680 0.183838 -1.289917 2.492548 -0.505297 -0.068829
0.318848 0.167480 -1.375488 2.378862 -0.313527 -0.156407
0.302734 0.161865 -1.462646 2.198008 -0.128401 -0.202214
0.279663 0.144409 -1.515259 1.995082 -0.032753 -0.200078
0.260254 0.113159 -1.567993 1.768897 0.023259 -0.159255
0.247314 0.112793 -1.615234 1.548408 0.037262 -0.110838
0.248657 0.106934 -1.635376 1.331242 0.020649 -0.068354
0.246948 0.105713 -1.641357 1.106718 -0.009256 -0.023734
0.249146 0.121094 -1.627563 0.887415 -0.046519 0.016376
0.242188 0.127197 -1.591675 0.684015 -0.085443 0.037974
0.237671 0.123169 -1.551514 0.498177 -0.129113 0.037500
0.220703 0.125732 -1.502808 0.344618 -0.172309 0.018987
0.206177 0.117798 -1.455688 0.234018 -0.199366 0.008307
0.199829 0.117920 -1.412598 0.163290 -0.188448 0.014478
0.183838 0.104858 -1.375000 0.112262 -0.161391 0.023259
0.180786 0.094849 -1.343140 0.074525 -0.119620 0.018513
0.162842 0.078735 -1.330688 0.055300 -0.102768 0.001424
0.156860 0.060059 -1.310059 0.061234 -0.107515 -0.020886
0.150269 0.043335 -1.306274 0.083544 -0.138844 -0.035838
0.141479 0.025513 -1.309692 0.116534 -0.178955 -0.034889
0.141602 0.017212 -1.312866 0.150948 -0.189398 -0.022547
0.147583 0.030029 -1.323608 0.169698 -0.180616 -0.004035
0.155273 0.043091 -1.326416 0.163053 -0.171597 0.010680
0.165894 0.054199 -1.327393 0.126265 -0.153084 0.015190
0.163940 0.055786 -1.313354 0.060047 -0.134335 0.008307
0.163940 0.045654 -1.297241 -0.018275 -0.114398 0.002136
0.157349 0.038452 -1.274658 -0.082120 -0.103480 0.001899
0.159912 0.031860 -1.248901 -0.119857 -0.094224 0.008307
0.161865 0.034668 -1.225708 -0.141217 -0.084493 0.022073
0.167236 0.039429 -1.206665 -0.163765 -0.069541 0.038686
0.175659 0.036621 -1.194946 -0.188211 -0.055538 0.050316
0.173340 0.026489 -1.174438 -0.213369 -0.049129 0.053876
0.172485 0.021240 -1.156006 -0.230932 -0.040585 0.055775
0.171509 0.018066 -1.142456 -0.234967 -0.039873 0.059572
0.171997 0.016113 -1.129150 -0.223575 -0.043908 0.059098
0.173950 0.013672 -1.121948 -0.203401 -0.046993 0.054114
0.174683 0.011963 -1.120483 -0.183227 -0.046756 0.048180
0.169434 0.021362 -1.117310 -0.164002 -0.032278 0.040348
0.171875 0.025146 -1.110107 -0.141455 -0.015190 0.027531
0.165527 0.016479 -1.117676 -0.108939 -0.008544 0.013054
0.159912 0.023315 -1.118896 -0.069541 -0.013291 -0.002848
0.156128 0.026855 -1.135742 -0.032990 -0.019225 -0.018750
0.153198 0.030273 -1.143921 -0.013054 -0.024921 -0.028481
0.148682 0.032959 -1.159424 -0.011155 -0.032041 -0.028481
0.142944 0.042236 -1.168335 -0.020649 -0.034177 -0.012579
