0.510132 0.542847 -0.750122 -0.345805 0.126028 -0.187973
0.497070 0.548706 -0.712769 -0.415820 0.047943 -0.186312
0.521606 0.527466 -0.663208 -0.462814 -0.014240 -0.163527
0.490112 0.532471 -0.604492 -0.464950 -0.104667 -0.156407
0.511963 0.526611 -0.548096 -0.417956 -0.128401 -0.143116
0.501831 0.507080 -0.495239 -0.327055 -0.202451 -0.159967
0.504761 0.499390 -0.474365 -0.196043 -0.299049 -0.177768
0.503052 0.485962 -0.492432 -0.062658 -0.256328 -0.196280
0.545044 0.457764 -0.457764 0.038212 -0.005221 -0.176581
0.548828 0.438477 -0.380493 0.107752 0.069303 -0.121044
0.567993 0.432007 -0.353027 0.204825 0.008307 -0.093987
0.595947 0.421631 -0.378174 0.375472 -0.080221 -0.107752
0.608765 0.409424 -0.390869 0.577212 -0.119857 -0.141692
0.610596 0.388916 -0.403198 0.742638 -0.107278 -0.179192
0.615967 0.357300 -0.424927 0.850628 -0.084493 -0.229508
0.620239 0.328125 -0.451538 0.937019 -0.059098 -0.306406
0.619751 0.300049 -0.456665 1.036702 -0.027531 -0.406801
0.604248 0.266235 -0.474365 1.148727 -0.011392 -0.523335
0.571289 0.228638 -0.516968 1.273331 -0.035364 -0.643904
0.531128 0.182129 -0.562256 1.416447 -0.085680 -0.756404
0.464233 0.132080 -0.612793 1.569769 -0.140505 -0.846355
0.388184 0.115967 -0.656860 1.729261 -0.209334 -0.904504
0.322510 0.109253 -0.693970 1.883295 -0.259413 -0.914947
0.256470 0.071411 -0.745605 2.028548 -0.268907 -0.885279
0.201172 0.024414 -0.799316 2.168103 -0.210283 -0.841609
0.139771 0.001221 -0.864868 2.311457 -0.116297 -0.782274
0.075195 -0.013550 -0.937500 2.435586 -0.015427 -0.692559
0.000610 -0.037231 -1.027466 2.528623 0.033702 -0.579348
-0.066040 -0.064697 -1.124878 2.588196 -0.036788 -0.468272
-0.110229 -0.072144 -1.212646 2.628544 -0.191059 -0.381881
-0.147583 -0.097412 -1.313843 2.659873 -0.412735 -0.309254
-0.169189 -0.122437 -1.425171 2.680284 -0.602132 -0.218590
-0.191895 -0.134399 -1.516113 2.671977 -0.662417 -0.088291
-0.193359 -0.126953 -1.634155 2.611218 -0.712733 0.074050
-0.206909 -0.139404 -1.743408 2.521740 -0.764473 0.239476
-0.208252 -0.107300 -1.822876 2.424431 -0.744536 0.381643
-0.220947 -0.067139 -1.895020 2.311932 -0.711071 0.512655
-0.226318 -0.048218 -1.961670 2.188989 -0.665265 0.663603
-0.206177 -0.014282 -2.005493 2.030446 -0.606167 0.850390
-0.158691 -0.026123 -2.095093 1.830606 -0.561784 1.058538
-0.102539 -0.043457 -2.130249 1.594689 -0.556563 1.263837
-0.023193 -0.032837 -2.160278 1.323172 -0.510994 1.447538
0.049316 -0.022827 -2.185425 1.022937 -0.443589 1.606319
0.126709 -0.012329 -2.179321 0.703239 -0.392323 1.736382
0.209351 -0.006836 -2.196167 0.368589 -0.331327 1.847694
0.293701 0.008789 -2.204590 0.029905 -0.279587 1.940494
0.367798 0.014160 -2.202393 -0.296913 -0.269144 2.014544
0.434937 0.011353 -2.188354 -0.615186 -0.292878 2.061775
0.508789 0.027710 -2.161133 -0.917558 -0.340346 2.079101
0.584717 0.046631 -2.129639 -1.203553 -0.415583 2.078151
0.653564 0.066528 -2.100586 -1.483851 -0.490345 2.068895
0.722046 0.082397 -2.049194 -1.777916 -0.557038 2.048959
0.779541 0.088379 -1.976563 -2.096427 -0.572465 2.017630
0.834473 0.112549 -1.890503 -2.421820 -0.541136 1.967314
0.876221 0.126709 -1.798462 -2.723243 -0.511706 1.899434
0.931519 0.132202 -1.689941 -2.991674 -0.505772 1.822299
0.993042 0.145874 -1.566284 -3.221894 -0.489633 1.738992
1.052979 0.149170 -1.448608 -3.405121 -0.422703 1.638123
1.110962 0.150269 -1.312378 -3.520706 -0.269619 1.518503
1.140625 0.153198 -1.180542 -3.574345 0.009494 1.388203
1.133545 0.170776 -1.067505 -3.561528 0.346992 1.234407
1.097046 0.197876 -0.977905 -3.477747 0.631800 1.049519
1.050171 0.233398 -0.892822 -3.340327 0.807432 0.845169
0.994141 0.255981 -0.822998 -3.187005 0.850628 0.646040
0.944580 0.280151 -0.758545 -3.062402 0.810992 0.472782
0.889404 0.293945 -0.705811 -2.995234 0.751894 0.334412
0.852783 0.309448 -0.658936 -2.981706 0.716293 0.220726
0.826294 0.331299 -0.611084 -2.996658 0.693271 0.117009
0.808105 0.339600 -0.543457 -3.029174 0.696119 0.018513
0.778687 0.326538 -0.476929 -3.064063 0.760676 -0.083069
0.747314 0.321411 -0.397827 -3.083762 0.867479 -0.198654
0.704468 0.308960 -0.323975 -3.066911 0.951972 -0.329191
0.655029 0.297363 -0.249512 -2.998795 0.988997 -0.460440
0.591797 0.296021 -0.175903 -2.874665 0.982826 -0.580060
0.550781 0.301636 -0.096924 -2.700458 0.922067 -0.672860
0.509521 0.313354 -0.040161 -2.479969 0.844931 -0.724600
0.466309 0.311279 -0.000977 -2.214859 0.796514 -0.736230
0.430298 0.325317 0.041260 -1.916048 0.757115 -0.726024
0.396606 0.322876 0.079834 -1.597775 0.737654 -0.699205
0.382935 0.328003 0.083008 -1.262413 0.754030 -0.653872
0.358398 0.310303 0.076538 -0.910437 0.749758 -0.594063
0.343506 0.295776 0.056152 -0.555614 0.751182 -0.537813
0.344238 0.270264 0.022827 -0.221201 0.768745 -0.493905
0.326416 0.252441 -0.006714 0.079746 0.784884 -0.459491
0.328247 0.236206 -0.033569 0.339397 0.772068 -0.456643
0.330933 0.209961 -0.060303 0.557750 0.755691 -0.484886
0.332031 0.189209 -0.083008 0.744062 0.785834 -0.539237
0.307861 0.165161 -0.102905 0.922304 0.851102 -0.618983
0.244995 0.111328 -0.137817 1.127366 0.835912 -0.726499
0.174316 0.087036 -0.172363 1.383694 0.672385 -0.854900
0.151978 0.105835 -0.207397 1.691761 0.381406 -0.944140
0.115601 0.100098 -0.259033 2.018342 0.058386 -0.958617
0.084839 0.070923 -0.308716 2.318103 -0.226423 -0.940817
0.061523 0.048584 -0.368652 2.590569 -0.392798 -0.926339
0.027588 0.020142 -0.425293 2.850694 -0.425076 -0.914235
0.011353 -0.008423 -0.496948 3.115091 -0.374998 -0.880770
-0.003906 -0.023438 -0.594849 3.394203 -0.298099 -0.813128
-0.026245 -0.054565 -0.691162 3.664297 -0.216217 -0.723651
-0.021118 -0.083008 -0.794922 3.881226 -0.202926 -0.645803
-0.019775 -0.079834 -0.924316 4.044753 -0.272941 -0.589791
-0.001099 -0.083130 -1.080322 4.174578 -0.391137 -0.546595
0.025024 -0.078369 -1.211182 4.253375 -0.533066 -0.512180
0.051514 -0.045410 -1.315063 4.226318 -0.614711 -0.492718
0.052979 0.000244 -1.427368 4.056858 -0.621594 -0.478003
0.033325 0.013428 -1.507324 3.779407 -0.564158 -0.440978
0.038452 0.047974 -1.590942 3.457573 -0.553003 -0.377371
0.064087 0.060669 -1.680908 3.164933 -0.612813 -0.303796
0.098877 0.054443 -1.765137 2.924270 -0.695170 -0.217641
0.153687 0.078003 -1.819214 2.700695 -0.771831 -0.136233
0.222046 0.100830 -1.866699 2.454098 -0.751182 -0.057911
0.252441 0.114502 -1.879639 2.160509 -0.562971 0.018038
0.279663 0.132080 -1.890137 1.833691 -0.276501 0.082594
0.285278 0.130859 -1.895386 1.531082 -0.060284 0.123654
0.294800 0.121948 -1.873047 1.308932 0.093512 0.137657
0.315063 0.129395 -1.865234 1.146591 0.089240 0.128401
0.340820 0.132568 -1.862183 1.001101 0.020886 0.117721
0.358154 0.123779 -1.844482 0.838523 -0.021361 0.106091
0.370605 0.119019 -1.808350 0.638920 -0.021835 0.090427
0.368896 0.110107 -1.750244 0.420092 0.025158 0.078797
0.358276 0.116455 -1.681519 0.218828 0.110838 0.078797
0.349609 0.118408 -1.616455 0.066693 0.180379 0.084730
0.345459 0.107666 -1.562012 -0.039873 0.203163 0.096597
0.350098 0.095215 -1.509155 -0.125078 0.214793 0.112499
0.352051 0.087891 -1.466675 -0.190110 0.234255 0.124129
0.359985 0.080200 -1.427856 -0.221438 0.251343 0.122705
0.362061 0.077881 -1.392212 -0.226423 0.241612 0.104904
0.357544 0.074829 -1.351807 -0.220726 0.235679 0.074525
0.360352 0.073242 -1.333740 -0.220964 0.219540 0.054826
0.348267 0.074463 -1.297485 -0.233780 0.206723 0.051740
0.340820 0.074341 -1.277222 -0.264634 0.192246 0.053402
0.333252 0.061890 -1.251221 -0.308542 0.163053 0.054588
0.326904 0.056885 -1.224609 -0.348890 0.128638 0.059810
0.328369 0.051880 -1.196167 -0.374998 0.087104 0.062420
0.334229 0.044800 -1.170776 -0.385678 0.072863 0.065031
0.330200 0.036743 -1.146240 -0.390425 0.079746 0.081408
0.322632 0.049316 -1.116943 -0.380456 0.128638 0.106091
0.328979 0.043823 -1.101318 -0.347704 0.164239 0.125316
0.336792 0.046265 -1.085205 -0.297150 0.132199 0.125553
0.338989 0.037354 -1.077393 -0.240900 0.096360 0.112974
0.349976 0.029907 -1.084595 -0.191771 0.054588 0.094699
0.353149 0.029053 -1.093872 -0.151186 0.009968 0.068829
0.360474 0.029175 -1.102661 -0.114635 -0.017089 0.040111
0.367188 0.033936 -1.117676 -0.091139 -0.027294 0.014478
0.363525 0.031250 -1.135376 -0.083544 -0.015902 0.001424
0.349854 0.024170 -1.159668 -0.089952 0.014240 -0.001899
0.341797 0.015869 -1.170532 -0.110838 0.028243 0.002136
0.344116 0.013672 -1.176025 -0.140268 0.026345 0.014240
0.351563 0.008423 -1.174316 -0.174208 0.019225 0.027057
0.358032 0.002930 -1.175049 -0.205299 0.001661 0.028006
0.367188 -0.002197 -1.161377 -0.235916 -0.008070 0.025395
