0.674683 0.454224 -0.296021 -0.375235 0.389001 -0.393510
0.627441 0.444824 -0.255737 -0.535440 0.595487 -0.379032
0.559570 0.432983 -0.190308 -0.660993 0.796039 -0.342482
0.514404 0.436157 -0.130127 -0.694220 0.863207 -0.281723
0.436401 0.413574 -0.126831 -0.656009 0.923728 -0.199366
0.323120 0.465088 -0.043823 -0.561310 1.300625 -0.082594
0.261108 0.390137 -0.097534 -0.537576 1.248173 0.148338
0.285034 0.382813 -0.021362 -0.500313 1.059724 0.376896
0.315552 0.374146 -0.006714 -0.350314 0.792005 0.530218
0.340698 0.334229 -0.008545 -0.177056 0.569854 0.635597
0.340698 0.296387 -0.024292 -0.028956 0.462102 0.693034
0.299561 0.251831 -0.053467 0.101107 0.376184 0.721989
0.263794 0.216431 -0.096069 0.229983 0.202214 0.750233
0.221436 0.193237 -0.160034 0.327530 -0.016851 0.793666
0.194458 0.180786 -0.214355 0.355061 -0.174920 0.871514
0.172729 0.146729 -0.249634 0.312102 -0.214556 1.002763
0.158569 0.114136 -0.269653 0.232119 -0.112262 1.204265
0.149780 0.094604 -0.270874 0.148575 0.027769 1.435671
0.148315 0.067627 -0.275757 0.086155 0.055300 1.674198
0.198364 0.026978 -0.279175 0.049604 0.002373 1.907266
0.232544 0.014038 -0.266113 0.007595 -0.005696 2.102835
0.250732 -0.006958 -0.248779 -0.035364 0.004272 2.275144
0.281494 -0.011963 -0.243042 -0.042484 -0.045332 2.472136
0.343628 -0.033081 -0.255493 -0.024683 -0.107040 2.677436
0.454346 -0.027954 -0.281006 -0.011155 -0.175632 2.892229
0.602417 -0.020142 -0.320068 -0.046044 0.008307 3.068335
0.711060 -0.053223 -0.315918 -0.178955 0.469459 3.184632
0.831055 -0.053955 -0.286499 -0.349602 0.575076 3.299505
0.994629 -0.106689 -0.267334 -0.515266 0.328479 3.417938
1.217896 -0.165527 -0.264893 -0.656246 0.088053 3.580990
1.517456 -0.158813 -0.246216 -0.765897 -0.028956 3.690404
1.817749 -0.159424 -0.204712 -0.842321 -0.137895 3.653379
2.089600 -0.131348 -0.161621 -0.868903 -0.226660 3.457811
2.285767 -0.124878 -0.144531 -0.857985 -0.304508 3.088747
2.448608 -0.141846 -0.122925 -0.860121 -0.234018 2.676012
2.678345 -0.106079 -0.069580 -0.869140 -0.146676 2.252122
2.604126 -0.082520 0.003418 -0.893349 0.106566 1.799039
2.651855 -0.067261 0.022827 -0.873887 0.182515 1.179581
2.566284 -0.109009 0.072632 -0.830691 0.391849 0.689948
2.444336 -0.105957 0.147583 -0.778239 0.650075 0.291929
2.352905 -0.156128 0.123535 -0.643430 0.465187 -0.028243
2.271851 -0.195435 0.091309 -0.502924 0.622781 -0.182277
2.236572 -0.162476 0.091431 -0.382355 0.771593 -0.265346
2.248413 -0.095459 0.057495 -0.241138 0.654585 -0.377134
2.242310 -0.044556 0.009888 -0.120806 0.502449 -0.583382
2.182861 -0.020508 -0.076538 -0.032041 0.343431 -0.899520
2.100952 0.008057 -0.177368 -0.006883 0.234018 -1.248885
2.015991 0.026855 -0.220947 -0.058860 0.176106 -1.574278
1.917603 0.042969 -0.250977 -0.142642 0.094224 -1.882583
1.830078 0.043091 -0.244995 -0.252293 0.024921 -2.159796
1.741699 0.042236 -0.220459 -0.361469 0.048417 -2.393339
1.659058 0.036621 -0.182251 -0.443114 0.171834 -2.581076
1.566772 0.039185 -0.171265 -0.481801 0.372624 -2.735109
1.464966 0.044189 -0.188965 -0.501737 0.616847 -2.875852
1.353027 0.033447 -0.203735 -0.543747 0.878159 -2.986690
1.261108 0.025146 -0.210938 -0.614949 1.104107 -3.036769
1.183594 0.043091 -0.193726 -0.682116 1.219692 -3.041991
1.111694 0.044312 -0.161743 -0.734331 1.195483 -3.063114
1.058105 0.073853 -0.135620 -0.773255 1.069693 -3.101326
0.979004 0.093384 -0.106689 -0.826656 0.910912 -3.173002
0.890503 0.084961 -0.059570 -0.895010 0.746435 -3.261293
0.785156 0.076660 -0.008057 -0.943902 0.578636 -3.314457
0.685181 0.081787 0.034546 -0.965263 0.428637 -3.312796
0.579224 0.087769 0.085205 -0.968823 0.328716 -3.242780
0.505981 0.076782 0.101685 -0.963602 0.260600 -3.100376
0.429443 0.094849 0.120361 -0.923491 0.431010 -2.929729
0.355469 0.126465 0.129028 -0.886466 0.574126 -2.739619
0.299927 0.155396 0.149902 -0.854425 0.640107 -2.562800
0.224243 0.178467 0.177612 -0.819773 0.666452 -2.421108
0.151978 0.198242 0.192261 -0.769220 0.553003 -2.301014
0.078491 0.213013 0.197876 -0.708461 0.357909 -2.169290
0.011475 0.237061 0.205200 -0.674046 0.256090 -2.006949
-0.053589 0.255127 0.209717 -0.621832 0.139081 -1.826334
-0.107178 0.278198 0.199463 -0.561072 -0.032041 -1.633613
-0.143433 0.287720 0.232300 -0.501500 -0.419855 -1.440655
-0.166870 0.296021 0.204102 -0.447624 -0.616135 -1.242951
-0.209839 0.302246 0.203735 -0.441690 -0.363843 -1.055215
-0.275757 0.286133 0.195190 -0.447149 -0.134097 -0.849204
-0.322998 0.296509 0.201172 -0.438368 0.005459 -0.613762
-0.355469 0.302368 0.204956 -0.413921 0.091139 -0.346754
-0.370850 0.302246 0.225220 -0.370014 0.137420 -0.039398
-0.362915 0.317627 0.228882 -0.292166 0.108939 0.277451
-0.324829 0.318359 0.228638 -0.183701 -0.029668 0.573414
-0.245361 0.317261 0.212158 -0.049129 -0.300235 0.840659
-0.195679 0.300537 0.164307 0.084493 -0.563209 1.075151
-0.149902 0.276123 0.116089 0.161391 -0.659094 1.294929
-0.105591 0.242554 0.077637 0.173258 -0.642955 1.522063
-0.045044 0.199829 0.046143 0.163527 -0.609015 1.755606
0.027832 0.167480 0.028564 0.162578 -0.623256 1.966602
0.099731 0.152222 0.030029 0.172309 -0.639395 2.144607
0.169189 0.134521 0.018921 0.182277 -0.637971 2.324273
0.241577 0.111572 0.014648 0.156645 -0.585281 2.516519
0.313232 0.107544 0.029297 0.102294 -0.441453 2.716122
0.387085 0.104004 0.055054 0.058860 -0.267008 2.909792
0.475464 0.092773 0.073120 0.042247 -0.169224 3.049348
0.525391 0.049072 0.067505 0.043671 -0.154746 3.150455
0.594482 0.033447 0.102783 0.069778 -0.211470 3.285027
0.687622 0.016479 0.088013 0.144066 -0.369776 3.401086
0.815063 -0.020264 0.043823 0.166850 -0.285520 3.501244
0.960327 -0.044067 0.070068 0.105379 -0.109414 3.615879
1.179565 -0.026245 0.092529 0.032278 -0.034177 3.712002
1.310303 -0.022583 0.079590 -0.100870 1.226575 3.703695
1.363159 0.011719 0.202759 -0.312340 1.880210 3.611132
1.463135 0.025391 0.241943 -0.383542 1.250309 3.472051
1.578979 0.046875 0.197998 -0.325631 0.321833 3.299267
1.723633 0.014648 0.123047 -0.256802 -0.456405 3.118414
1.877686 0.048706 0.076538 -0.259413 -0.811941 2.924982
2.010620 0.045898 0.088013 -0.335836 -0.886941 2.706154
2.133057 0.040405 0.134644 -0.424839 -0.783698 2.454573
2.209229 0.040283 0.192017 -0.486548 -0.547544 2.171189
2.248779 0.032227 0.239990 -0.489396 -0.253479 1.857662
2.261475 0.012573 0.237671 -0.433146 0.012816 1.555054
2.283081 0.005615 0.196899 -0.356722 0.304508 1.272619
2.262695 0.016724 0.147583 -0.315425 0.566057 0.984725
2.234009 0.038208 0.124023 -0.333938 0.623968 0.697543
2.191284 0.036987 0.119263 -0.393036 0.544221 0.419380
2.150757 0.019897 0.133545 -0.449048 0.422940 0.167325
2.111572 0.011108 0.143799 -0.477291 0.297387 -0.061234
2.074829 0.007202 0.154175 -0.501975 0.176819 -0.271992
2.024536 -0.004395 0.169800 -0.534016 0.109889 -0.486073
1.966675 -0.030396 0.181396 -0.562259 0.077848 -0.696119
1.901367 -0.040405 0.197876 -0.567006 0.043908 -0.889077
1.841309 -0.053711 0.210693 -0.552528 -0.019225 -1.075389
1.777100 -0.069214 0.219238 -0.535914 -0.090427 -1.251495
1.729858 -0.081665 0.223022 -0.515978 -0.134097 -1.401969
1.679199 -0.098755 0.232178 -0.491532 -0.130062 -1.540576
1.646606 -0.093628 0.225098 -0.456405 -0.092563 -1.661857
1.616089 -0.079956 0.223755 -0.426500 0.017326 -1.780290
1.560181 -0.070190 0.213623 -0.400630 0.214318 -1.920083
1.504395 -0.059937 0.187500 -0.363605 0.306881 -2.055130
1.461670 -0.042358 0.156494 -0.333700 0.296438 -2.179971
1.406860 -0.034302 0.138550 -0.329428 0.285283 -2.299590
1.372192 -0.014404 0.106079 -0.348890 0.239239 -2.415887
1.315063 -0.006836 0.090210 -0.411073 0.275789 -2.558053
1.247681 -0.004517 0.090454 -0.508146 0.379744 -2.698796
1.157837 0.000000 0.105591 -0.609490 0.512418 -2.814618
1.036377 -0.000244 0.138916 -0.693746 0.657907 -2.903384
0.923584 -0.000488 0.170898 -0.748809 0.764948 -2.942545
0.816772 0.002441 0.207886 -0.756404 0.855137 -2.931627
0.713745 0.013184 0.225220 -0.710122 0.908301 -2.894365
0.605713 0.028198 0.243530 -0.634173 0.930137 -2.830045
0.504883 0.035034 0.251099 -0.546832 0.889314 -2.727277
0.388916 0.094971 0.240356 -0.453320 0.749995 -2.608845
0.288940 0.127563 0.221924 -0.378320 0.608778 -2.447216
0.213379 0.148682 0.224976 -0.339634 0.408463 -2.226727
0.164429 0.170288 0.239014 -0.304270 0.121044 -1.970636
0.136719 0.197144 0.252075 -0.257040 -0.130062 -1.706714
0.136475 0.228394 0.260132 -0.203875 -0.262973 -1.438519
0.179077 0.261597 0.265137 -0.155695 -0.267720 -1.183141
0.205933 0.274902 0.267700 -0.133623 -0.176344 -0.965500
