0.680542 0.346191 -0.437744 -0.096360 0.009494 0.136471
0.862793 0.306274 -0.337280 -0.192246 0.320409 0.316137
0.874390 0.326660 -0.400024 -0.165426 0.169698 0.329903
0.884155 0.342163 -0.391968 -0.144778 0.079984 0.304508
0.925903 0.333252 -0.426514 -0.165189 0.038449 0.305694
0.888306 0.327759 -0.448364 -0.220489 0.136471 0.276264
0.908936 0.334106 -0.364868 -0.282672 0.323257 0.268432
0.963745 0.307373 -0.352173 -0.244935 0.150948 0.289555
0.975586 0.280396 -0.366333 -0.191771 -0.009256 0.241612
0.967896 0.286011 -0.358154 -0.155458 -0.008544 0.151186
0.945313 0.295044 -0.361450 -0.105616 -0.017089 0.074050
0.938354 0.309204 -0.385376 -0.074288 -0.034652 0.032990
0.924316 0.306396 -0.382690 -0.097072 -0.020649 0.031804
0.919312 0.301147 -0.368530 -0.132911 0.014240 0.051266
0.925049 0.302246 -0.361328 -0.144540 0.056487 0.065031
0.921021 0.303223 -0.356689 -0.135284 0.087104 0.067879
0.914551 0.298096 -0.349365 -0.113449 0.084730 0.060047
0.913574 0.306519 -0.357178 -0.086155 0.046756 0.047231
0.906128 0.306885 -0.372559 -0.075949 0.027769 0.039398
0.889526 0.303101 -0.369263 -0.085680 0.048417 0.045095
0.882813 0.297119 -0.368774 -0.098496 0.073101 0.067879
0.894165 0.298950 -0.361938 -0.105616 0.085917 0.094936
0.887939 0.297974 -0.358887 -0.113923 0.085443 0.120094
0.869141 0.295288 -0.343384 -0.119382 0.060522 0.150711
0.912231 0.290649 -0.331909 -0.103243 0.013766 0.180379
0.936401 0.284302 -0.323853 -0.076661 0.008782 0.170410
0.951416 0.280518 -0.316772 -0.044620 0.032516 0.142404
0.941040 0.284668 -0.316406 0.009494 0.030380 0.089952
0.929565 0.293579 -0.323120 0.070490 -0.013291 0.039161
0.920654 0.293945 -0.332886 0.102294 -0.056724 0.022785
0.909058 0.293823 -0.342773 0.108227 -0.058386 0.037025
0.912476 0.297852 -0.350708 0.103243 -0.035601 0.075712
0.918823 0.304565 -0.353516 0.103243 -0.024446 0.095885
0.932007 0.312866 -0.358643 0.110601 -0.027769 0.097072
0.938477 0.323120 -0.364380 0.121281 -0.025870 0.099208
0.946533 0.336914 -0.358154 0.127689 -0.027769 0.100395
0.963501 0.358276 -0.348267 0.134572 -0.046044 0.100158
0.997070 0.380493 -0.338379 0.164714 -0.075237 0.099920
1.029785 0.407959 -0.332886 0.216692 -0.092088 0.093275
1.063965 0.447632 -0.337524 0.291929 -0.098734 0.075237
1.110107 0.495728 -0.346558 0.380931 -0.105854 0.059335
1.163452 0.551514 -0.363525 0.460203 -0.123892 0.050553
1.234253 0.592041 -0.401978 0.518826 -0.119382 0.044383
1.341309 0.625122 -0.453491 0.562734 -0.111787 0.035126
1.468262 0.659546 -0.505981 0.607116 -0.127689 -0.021835
1.552979 0.705322 -0.558838 0.655534 -0.168749 -0.137183
1.610596 0.738037 -0.627197 0.709410 -0.222151 -0.288131
1.655396 0.785278 -0.689941 0.757828 -0.251581 -0.436231
1.702881 0.829834 -0.761841 0.780850 -0.239239 -0.571278
1.750977 0.833740 -0.810059 0.747859 -0.228321 -0.719141
1.801514 0.825928 -0.841309 0.672622 -0.241612 -0.893349
1.833130 0.798584 -0.869141 0.594775 -0.244935 -1.103158
1.814087 0.744873 -0.884766 0.522386 -0.263210 -1.355925
1.755615 0.696289 -0.902954 0.453795 -0.315900 -1.630290
1.670044 0.639282 -0.934937 0.381881 -0.372624 -1.887567
1.556274 0.577515 -0.955566 0.276739 -0.408700 -2.101648
1.439087 0.503418 -0.961548 0.121518 -0.412497 -2.243340
1.340454 0.433594 -0.946655 -0.071439 -0.407988 -2.332106
1.264648 0.362305 -0.924561 -0.278875 -0.379982 -2.376014
1.176270 0.304199 -0.919312 -0.458541 -0.327530 -2.379574
1.064331 0.265991 -0.952759 -0.606642 -0.253005 -2.349194
0.975586 0.243408 -0.996582 -0.776103 -0.210521 -2.288198
0.894653 0.214233 -1.026367 -0.993506 -0.214793 -2.239543
0.782349 0.172363 -1.038818 -1.262888 -0.200315 -2.210825
0.645630 0.112915 -1.008545 -1.568345 -0.173970 -2.161695
0.530518 0.069336 -0.940674 -1.890890 -0.152372 -2.061063
0.424927 0.008301 -0.858398 -2.217945 -0.127689 -1.887093
0.352905 -0.036011 -0.754272 -2.487801 -0.178480 -1.673486
0.269165 -0.085938 -0.652344 -2.671502 -0.271043 -1.452048
0.206543 -0.094482 -0.559082 -2.713749 -0.424602 -1.241764
0.130859 -0.094238 -0.528564 -2.652515 -0.474681 -1.066133
0.048584 -0.083374 -0.503418 -2.651803 -0.421516 -0.975469
-0.021362 -0.052246 -0.489868 -2.682657 -0.473494 -0.898808
-0.062866 -0.035889 -0.474976 -2.684793 -0.578873 -0.816925
-0.093506 -0.027710 -0.443726 -2.665094 -0.633461 -0.774441
-0.137817 -0.025146 -0.400513 -2.660347 -0.611389 -0.780612
-0.202026 -0.032593 -0.327393 -2.682657 -0.624205 -0.734568
-0.273315 -0.038940 -0.259521 -2.672926 -0.689236 -0.590977
-0.355713 -0.038086 -0.211792 -2.567785 -0.812416 -0.382355
-0.363647 0.003540 -0.179321 -2.406868 -0.978554 -0.113449
-0.323853 0.059570 -0.148438 -2.273483 -1.096987 0.165189
-0.291016 0.103516 -0.122437 -2.185192 -1.218980 0.400868
-0.222900 0.143066 -0.087646 -2.133452 -1.319849 0.608066
-0.138916 0.133911 -0.011353 -2.122297 -1.313679 0.801023
-0.051636 0.087158 0.104126 -2.121110 -1.240103 0.999677
0.039917 0.030518 0.205688 -2.052994 -1.171986 1.209249
0.170532 -0.005249 0.304688 -1.881871 -1.173885 1.376574
0.326294 -0.025879 0.414673 -1.644294 -1.210910 1.475307
0.462769 -0.033203 0.508423 -1.377286 -1.246749 1.540101
0.567871 -0.038696 0.564453 -1.086069 -1.240815 1.609167
0.677734 -0.017944 0.610840 -0.779188 -1.157034 1.696746
0.791382 -0.017456 0.656128 -0.485361 -1.023411 1.771508
0.875122 -0.013794 0.716919 -0.223100 -0.899757 1.790495
0.937500 0.006592 0.779053 0.020411 -0.812416 1.753945
1.006226 0.032837 0.822998 0.266058 -0.812653 1.671113
1.075439 0.056274 0.844482 0.523573 -0.901656 1.552205
1.135132 0.073853 0.837036 0.789394 -0.960516 1.437095
1.207642 0.100220 0.804199 1.076338 -0.930849 1.367317
1.313232 0.142822 0.729126 1.385118 -0.787732 1.363757
1.408081 0.191284 0.634766 1.671113 -0.523098 1.377760
1.508911 0.255005 0.541138 1.905843 -0.210046 1.356874
1.587891 0.300049 0.475464 2.073642 0.055300 1.238916
1.610962 0.325073 0.442383 2.185667 0.210758 1.007747
1.574585 0.318726 0.404175 2.315017 0.222388 0.716530
1.509399 0.317261 0.342285 2.494921 0.100870 0.434333
1.493164 0.368042 0.221802 2.737008 -0.219302 0.210046
1.536499 0.469116 0.009766 3.004016 -0.558462 0.009019
1.535278 0.544678 -0.339600 3.160898 -0.548493 -0.212657
1.589600 0.636230 -0.439087 3.149506 -1.094139 -0.419855
1.585938 0.677124 -0.567139 2.963431 -0.824995 -0.625154
1.568481 0.685669 -0.673706 2.795631 -0.156407 -0.793429
1.523682 0.704834 -0.797241 2.701882 0.281486 -0.912099
1.435791 0.734863 -0.973633 2.629968 0.510994 -1.026022
1.321777 0.781738 -1.151367 2.488038 0.612101 -1.135673
1.194336 0.803345 -1.263306 2.203705 0.625866 -1.232508
1.073242 0.820435 -1.313843 1.825384 0.496991 -1.317239
1.003906 0.836548 -1.346558 1.469611 0.290267 -1.392475
0.944702 0.846069 -1.400513 1.205451 0.178717 -1.481715
0.847168 0.829102 -1.469604 0.991370 0.203401 -1.564072
0.701050 0.795654 -1.500488 0.741926 0.255853 -1.585908
0.541992 0.740112 -1.483032 0.411785 0.425551 -1.499279
0.395020 0.662598 -1.395508 0.047943 0.640819 -1.301337
0.268921 0.586426 -1.262817 -0.282198 0.758065 -1.048807
0.203003 0.521362 -1.107300 -0.540424 0.817637 -0.799362
0.179810 0.449097 -0.937866 -0.738603 0.831878 -0.604031
0.152466 0.378418 -0.759766 -0.863444 0.700629 -0.510044
0.110718 0.312866 -0.598633 -0.904504 0.456405 -0.479190
0.075562 0.264160 -0.467651 -0.864393 0.180616 -0.451184
0.042236 0.225342 -0.389648 -0.738603 -0.032753 -0.396358
0.005371 0.198975 -0.350098 -0.571753 -0.206011 -0.292403
-0.024536 0.183960 -0.322388 -0.420330 -0.295489 -0.123180
-0.039063 0.180176 -0.298706 -0.282910 -0.293827 0.099208
-0.048706 0.187134 -0.271729 -0.134097 -0.245410 0.335362
-0.058350 0.192871 -0.281006 0.033228 -0.193907 0.561310
-0.061768 0.211426 -0.325562 0.209809 -0.193195 0.779426
-0.043091 0.236938 -0.400146 0.354349 -0.241375 0.994930
0.007080 0.249878 -0.459961 0.426263 -0.315425 1.188363
0.074341 0.259521 -0.505371 0.445250 -0.391137 1.360672
0.163818 0.265747 -0.563599 0.441453 -0.435519 1.534642
0.258545 0.286377 -0.632446 0.421042 -0.429586 1.705765
0.349976 0.308594 -0.704590 0.372387 -0.394460 1.854814
0.441040 0.339233 -0.791382 0.274603 -0.370726 1.982741
0.520874 0.366455 -0.861084 0.123180 -0.361707 2.092155
0.628174 0.375977 -0.887573 -0.077373 -0.414871 2.163119
0.744263 0.385254 -0.886230 -0.295726 -0.556326 2.164306
0.841064 0.370117 -0.864380 -0.514316 -0.657670 2.130841
0.921143 0.344727 -0.836426 -0.717005 -0.711309 2.109718
1.008301 0.317993 -0.796509 -0.883618 -0.736230 2.097376
1.093384 0.274414 -0.745239 -1.022225 -0.691372 2.081237
1.167603 0.226807 -0.684204 -1.136623 -0.594775 2.085034
