0.883057 0.530640 -0.102173 -0.797938 -0.050079 -0.291929
0.913208 0.561646 -0.119751 -0.735043 -0.311153 -0.263922
0.723511 0.239868 -0.137939 -0.703239 -0.199128 -0.189635
0.847412 0.504517 0.007568 -0.678793 0.965263 -0.265584
0.913696 0.568726 0.007324 -0.796751 1.118585 -0.344143
0.910522 0.580322 0.040649 -0.792717 0.666689 -0.307356
0.914307 0.478271 0.056763 -0.656246 0.441453 -0.253954
0.931030 0.429321 0.106567 -0.504111 0.458067 -0.283147
0.956665 0.406128 0.175537 -0.306406 0.578398 -0.397308
0.921387 0.375488 0.202515 -0.130062 0.644854 -0.585518
0.817993 0.375610 0.219116 0.028481 0.626104 -0.787495
0.738281 0.381104 0.165039 0.200315 0.513367 -0.936070
0.703857 0.413574 0.142822 0.383305 0.340821 -0.964551
0.686035 0.401001 0.113403 0.592876 0.202451 -0.877922
0.659790 0.364868 0.098999 0.808144 0.048180 -0.736942
0.650391 0.336304 0.132690 1.004187 0.018513 -0.599047
0.651733 0.295044 0.160522 1.189787 -0.005459 -0.510282
0.596924 0.227295 0.188965 1.393425 -0.110126 -0.473731
0.570190 0.208740 0.223755 1.691287 -0.305694 -0.467086
0.592163 0.183716 0.222168 2.130366 -0.461152 -0.435282
0.561157 0.124878 0.213257 2.709477 -0.548968 -0.329903
0.518799 0.039429 0.161743 3.364061 -0.653160 -0.176581
0.470703 -0.071045 0.090332 4.036921 -0.799362 -0.005221
0.417969 -0.151123 0.039795 4.665635 -0.947225 0.157831
0.392578 -0.227661 -0.028320 5.211281 -1.148727 0.314713
0.381958 -0.306274 -0.115356 5.666499 -1.334327 0.480851
0.381104 -0.356934 -0.245483 6.043159 -1.430687 0.651974
0.378296 -0.423706 -0.395996 6.332714 -1.432111 0.804584
0.374390 -0.437622 -0.537476 6.518313 -1.333140 0.926339
0.366333 -0.423706 -0.656616 6.581921 -1.196670 1.027209
0.409180 -0.392700 -0.823242 6.511193 -0.958380 1.146828
0.431030 -0.319092 -0.989624 6.246796 -0.599047 1.279501
0.446533 -0.334595 -1.033447 5.731768 -0.115110 1.355213
0.441772 -0.322021 -1.089111 5.010491 0.301185 1.368979
0.421753 -0.362427 -1.083496 4.319118 0.639632 1.415735
0.424316 -0.447632 -1.051636 3.799581 0.845406 1.560512
0.448242 -0.521729 -0.994751 3.437637 0.943902 1.763438
0.514893 -0.545532 -0.931274 3.198635 1.004187 1.945241
0.588013 -0.539673 -0.880371 3.039854 1.019139 2.069133
0.658936 -0.538574 -0.848511 2.914539 1.078712 2.131078
0.724487 -0.542847 -0.849243 2.747926 1.185277 2.183531
0.766968 -0.528931 -0.841064 2.501804 1.409089 2.236458
0.782104 -0.509766 -0.836304 2.182106 1.709087 2.265176
0.776855 -0.556519 -0.809692 1.844609 1.954023 2.260904
0.730713 -0.541016 -0.769775 1.557427 2.112091 2.258055
0.673706 -0.563599 -0.749512 1.330530 2.170952 2.310745
0.600464 -0.572876 -0.741089 1.175784 2.148167 2.436061
0.535278 -0.570313 -0.779541 1.061860 2.081949 2.631629
0.497314 -0.551270 -0.820435 0.969298 1.918422 2.863748
0.525757 -0.558594 -0.872681 0.840897 1.632901 3.096579
0.620728 -0.610596 -0.931763 0.583620 1.283536 3.308049
0.752686 -0.621948 -0.968750 0.195331 0.958143 3.491513
0.893799 -0.706177 -0.979004 -0.256802 0.738366 3.616117
0.979858 -0.798828 -0.970337 -0.701341 0.689711 3.691828
0.998047 -0.876587 -0.983887 -1.090579 0.815264 3.754011
1.015747 -0.875610 -1.000488 -1.424042 1.016291 3.796732
1.052124 -0.909302 -1.043823 -1.750622 1.137097 3.798156
1.082520 -0.895386 -1.098022 -2.104971 1.262176 3.746416
1.134521 -0.896729 -1.096558 -2.512722 1.442792 3.646734
1.206665 -0.897705 -1.073608 -2.953700 1.483139 3.506703
1.322021 -0.915527 -1.021729 -3.382336 1.398172 3.337242
1.459961 -0.957397 -0.974121 -3.779644 1.253631 3.149268
1.575317 -0.996582 -0.954224 -4.146335 1.110041 2.938035
1.642212 -1.067993 -0.926147 -4.482646 1.140895 2.691676
1.683716 -1.108521 -0.891968 -4.780746 1.313441 2.389067
1.702393 -1.109253 -0.874268 -5.002658 1.441368 2.025225
1.693481 -1.089600 -0.810791 -5.111361 1.574515 1.601810
1.670166 -1.035034 -0.774780 -5.128686 1.715496 1.152524
1.626953 -0.959473 -0.766113 -5.094272 1.839387 0.721752
1.576660 -0.890381 -0.753906 -5.069589 1.882583 0.328242
1.530640 -0.838623 -0.756104 -5.097357 1.872852 -0.046044
1.504028 -0.812378 -0.704712 -5.159066 1.842710 -0.438368
1.464600 -0.812256 -0.636963 -5.209382 1.705765 -0.858222
1.442139 -0.808838 -0.580322 -5.189920 1.542000 -1.275467
1.423706 -0.786377 -0.509766 -5.072436 1.398646 -1.638597
1.370117 -0.774902 -0.416504 -4.883039 1.384881 -1.941444
1.282349 -0.729858 -0.343506 -4.656854 1.516842 -2.183293
1.228149 -0.688232 -0.287720 -4.411681 1.602996 -2.354416
1.206421 -0.628662 -0.271240 -4.133518 1.565259 -2.502991
1.180664 -0.571289 -0.257813 -3.809074 1.454896 -2.671502
1.167969 -0.520020 -0.247437 -3.480121 1.323647 -2.868495
1.129272 -0.482788 -0.228394 -3.171816 1.176021 -3.066674
1.068359 -0.453735 -0.187988 -2.914539 1.040500 -3.234236
1.010376 -0.431396 -0.141724 -2.685980 0.902605 -3.350058
0.952271 -0.418091 -0.102173 -2.452674 0.776103 -3.399188
0.907349 -0.372681 -0.064697 -2.174274 0.675945 -3.399425
0.894409 -0.320190 -0.060913 -1.836064 0.576737 -3.378539
0.891113 -0.265991 -0.068848 -1.451098 0.506484 -3.370232
0.867432 -0.232910 -0.088989 -1.056876 0.502212 -3.387083
0.838867 -0.192627 -0.101318 -0.695407 0.548968 -3.424346
0.789307 -0.180176 -0.136597 -0.387102 0.632037 -3.438349
0.730835 -0.169922 -0.157227 -0.126028 0.732432 -3.398950
0.655273 -0.126953 -0.169556 0.090664 0.793666 -3.302353
0.585083 -0.096924 -0.190063 0.266533 0.754979 -3.204806
0.530640 -0.065796 -0.208496 0.416770 0.614474 -3.143335
0.476563 -0.011108 -0.250366 0.584332 0.467798 -3.124347
0.436401 0.031982 -0.337646 0.794141 0.368589 -3.118889
0.365845 0.046997 -0.441162 1.025785 0.378083 -3.091120
0.304565 0.089478 -0.535400 1.235119 0.442877 -3.013510
0.248535 0.133667 -0.633667 1.374675 0.455693 -2.866121
0.227539 0.189331 -0.727051 1.407428 0.407751 -2.670316
0.211914 0.245972 -0.803833 1.307982 0.345330 -2.470238
0.180908 0.287109 -0.838501 1.068981 0.278637 -2.306473
0.148926 0.307007 -0.842407 0.717005 0.236866 -2.178546
0.116089 0.290649 -0.822388 0.313764 0.199128 -2.059164
0.071045 0.281250 -0.784546 -0.051503 0.168749 -1.921507
0.019653 0.278931 -0.750854 -0.295014 0.144303 -1.767236
-0.025635 0.280518 -0.723511 -0.397308 0.088765 -1.611303
-0.053833 0.257446 -0.678101 -0.399206 -0.021123 -1.453947
-0.087402 0.244873 -0.642578 -0.354112 -0.079746 -1.285435
-0.122070 0.213623 -0.586792 -0.313764 -0.084256 -1.091053
-0.143555 0.186279 -0.513916 -0.306406 -0.083306 -0.853238
-0.132935 0.146118 -0.458496 -0.328954 -0.113211 -0.586943
-0.101318 0.103394 -0.391602 -0.344618 -0.169461 -0.328716
-0.081421 0.053955 -0.331177 -0.314713 -0.195331 -0.108227
-0.072754 -0.001343 -0.279053 -0.216692 -0.175632 0.065981
-0.088867 -0.040771 -0.239990 -0.023497 -0.129113 0.210521
-0.107178 -0.059570 -0.245483 0.284571 -0.099208 0.362181
-0.131714 -0.087769 -0.255615 0.698730 -0.126502 0.569142
-0.143066 -0.136475 -0.256104 1.155373 -0.175157 0.846118
-0.103760 -0.202271 -0.210449 1.571667 -0.306881 1.167952
-0.004272 -0.247559 -0.169922 1.947377 -0.491769 1.486462
0.109619 -0.267456 -0.179688 2.321425 -0.644142 1.748961
0.225830 -0.286377 -0.205933 2.733448 -0.697543 1.920320
0.271729 -0.307983 -0.267090 3.164458 -0.591689 2.001253
0.267090 -0.351074 -0.308716 3.564376 -0.395172 2.045161
0.273438 -0.427734 -0.376709 3.908045 -0.263685 2.116126
0.288940 -0.518188 -0.463623 4.244594 -0.263922 2.265888
0.323486 -0.587524 -0.498169 4.621965 -0.380219 2.476171
0.421021 -0.627441 -0.525635 5.063655 -0.480851 2.712325
0.654175 -0.529541 -0.724487 5.527181 -0.584332 2.903146
0.746460 -0.479248 -0.896851 5.902416 -0.571990 2.908368
0.737915 -0.465576 -1.025757 6.008981 -0.363131 2.667467
0.689697 -0.500854 -1.154297 5.809853 -0.157594 2.405206
0.616699 -0.531738 -1.202759 5.501310 0.003560 2.340413
0.601929 -0.628784 -1.228882 5.268717 0.052452 2.498956
0.659912 -0.735474 -1.211792 5.209619 -0.097310 2.750299
0.774902 -0.853516 -1.211304 5.333036 -0.375472 2.960345
0.873291 -0.883423 -1.241699 5.611674 -0.733144 3.054807
0.946411 -0.811890 -1.326538 5.950358 -0.965738 2.997608
0.980591 -0.790039 -1.419678 6.213331 -0.972383 2.792071
1.021851 -0.803223 -1.528564 6.253442 -0.768983 2.500854
1.026123 -0.919434 -1.629883 6.003997 -0.513604 2.211537
0.950439 -0.969116 -1.652832 5.517687 -0.352450 1.953073
0.869873 -0.976074 -1.624390 4.928133 -0.187499 1.757980
0.827881 -1.041992 -1.598633 4.383200 -0.080933 1.667078
0.808960 -1.101685 -1.557739 3.931304 -0.135759 1.648803
0.807861 -1.088501 -1.490112 3.547288 -0.268432 1.596825
0.815063 -1.069702 -1.443481 3.191040 -0.345567 1.445402
0.804810 -1.066650 -1.408447 2.832894 -0.304982 1.198094
