0.889038 0.527588 -0.257568 0.401105 -0.307593 -0.192008
0.871216 0.513550 -0.280396 0.356960 -0.248495 -0.159967
0.873291 0.506592 -0.294312 0.277925 -0.141217 -0.056962
0.882935 0.500244 -0.294189 0.164002 0.040348 0.056487
0.878662 0.497314 -0.285400 0.041535 0.244460 0.140743
0.861694 0.507446 -0.268799 -0.049129 0.353637 0.187499
0.777954 0.564697 -0.252930 -0.089952 0.366453 0.204350
0.836182 0.467407 -0.229614 -0.114873 0.385441 0.256328
0.734985 0.457886 -0.227539 -0.140031 0.192008 0.316849
0.765503 0.505981 -0.201416 -0.161391 0.158543 0.410599
0.837891 0.478882 -0.212402 -0.175394 -0.013766 0.553240
0.887085 0.436035 -0.182861 -0.184651 0.047943 0.622544
0.924194 0.441772 -0.175659 -0.199841 0.108702 0.579585
0.936890 0.437866 -0.144531 -0.178005 0.099208 0.467086
0.906128 0.404663 -0.133789 -0.116297 0.069303 0.316612
0.904541 0.379028 -0.141602 -0.050316 -0.004035 0.162815
0.868530 0.369873 -0.150757 0.001424 -0.047705 0.029430
0.822510 0.373901 -0.152710 0.033940 0.009968 -0.050079
0.735596 0.354858 -0.173340 0.034414 0.114873 -0.081882
0.635986 0.335205 -0.182129 0.005459 0.197467 -0.081645
0.559448 0.317871 -0.177002 -0.040111 0.245885 -0.041060
0.453735 0.269043 -0.200562 -0.110126 0.269144 0.054114
0.310059 0.207886 -0.173218 -0.216929 0.373574 0.179904
0.193848 0.188599 -0.103027 -0.343906 0.539000 0.322071
0.118530 0.132324 -0.067627 -0.444538 0.645328 0.491294
0.009521 0.050415 0.069092 -0.504823 0.614711 0.621832
0.061401 -0.051636 0.111206 -0.478715 0.747385 0.689474
-0.045898 -0.113525 0.180786 -0.358384 0.590503 0.699916
-0.132202 -0.204956 0.234985 -0.129113 0.377371 0.718192
-0.154907 -0.249390 0.238281 0.158543 0.033465 0.756641
-0.161743 -0.292847 0.204834 0.434333 -0.402529 0.859646
-0.096924 -0.356201 0.143921 0.671673 -0.773017 1.064946
0.070557 -0.382080 0.079834 0.831640 -1.099598 1.316764
0.273804 -0.398560 0.033569 0.946276 -1.193822 1.566208
0.494751 -0.398071 -0.031494 1.072541 -1.126180 1.750622
0.734741 -0.329468 -0.132080 1.222540 -1.034566 1.806397
0.934204 -0.276245 -0.231567 1.351890 -0.926576 1.731635
1.070679 -0.250488 -0.342773 1.422618 -0.802922 1.584009
1.147461 -0.214844 -0.396118 1.444928 -0.588841 1.476969
1.191895 -0.137451 -0.436890 1.452285 -0.316375 1.462016
1.239502 -0.065552 -0.455444 1.478630 -0.070490 1.509247
1.260986 0.005615 -0.490601 1.536541 0.010918 1.526573
1.284790 0.100708 -0.545044 1.597063 -0.058148 1.513994
1.310669 0.177979 -0.599609 1.598724 -0.128876 1.539152
1.317993 0.229858 -0.688721 1.495006 0.024921 1.629104
1.303711 0.264160 -0.725220 1.269296 0.249919 1.724277
1.288574 0.246704 -0.701172 0.953871 0.501025 1.800226
1.265625 0.197876 -0.622437 0.619458 0.724125 1.850542
1.230835 0.136230 -0.507202 0.352925 0.846355 1.880447
1.184814 0.065308 -0.396851 0.206723 0.856086 1.926491
1.147827 -0.033081 -0.323975 0.154983 0.858934 2.019054
1.179199 -0.096069 -0.285645 0.145252 0.791055 2.163357
1.290405 -0.141113 -0.239746 0.190347 0.622069 2.316441
1.414673 -0.169556 -0.207153 0.321121 0.475867 2.380760
1.481934 -0.179688 -0.239258 0.477291 0.315188 2.287723
1.515503 -0.174927 -0.292847 0.595724 0.060522 2.063674
1.571167 -0.183716 -0.355225 0.652211 -0.281486 1.793581
1.660156 -0.218140 -0.395630 0.632987 -0.519063 1.554816
1.770630 -0.206665 -0.403931 0.589316 -0.510282 1.383456
1.858765 -0.181519 -0.388306 0.584569 -0.388526 1.246037
1.898560 -0.155273 -0.407959 0.632037 -0.240663 1.071354
1.936646 -0.096924 -0.437378 0.680692 -0.210996 0.834726
1.950195 -0.050537 -0.471924 0.707274 -0.285283 0.557512
1.908691 -0.029175 -0.507446 0.690660 -0.326106 0.289792
1.831665 0.005493 -0.551758 0.620408 -0.309017 0.088291
1.750732 0.033691 -0.565796 0.495804 -0.203401 -0.018038
1.676270 0.048584 -0.558472 0.346992 -0.045332 -0.065269
1.598633 0.054810 -0.546753 0.208859 0.058860 -0.109889
1.539673 0.065918 -0.529175 0.107752 0.071202 -0.162578
1.468628 0.063599 -0.540527 0.022547 0.090901 -0.218590
1.400269 0.043457 -0.557251 -0.082120 0.113686 -0.270805
1.351685 0.028931 -0.556152 -0.215030 0.109177 -0.308305
1.327026 -0.005859 -0.541748 -0.349602 0.078085 -0.338922
1.320557 -0.038086 -0.508667 -0.459965 0.055538 -0.392323
1.297607 -0.092896 -0.479980 -0.551579 0.068591 -0.467560
1.284058 -0.143799 -0.440674 -0.627528 0.063845 -0.544459
1.263916 -0.194946 -0.388062 -0.678081 0.052215 -0.604031
1.231812 -0.227417 -0.346313 -0.699916 0.085917 -0.643667
1.221313 -0.238525 -0.309082 -0.693508 0.100158 -0.668350
1.221313 -0.231201 -0.291748 -0.657670 0.095173 -0.696594
1.220215 -0.215454 -0.306396 -0.614949 0.106091 -0.735518
1.233398 -0.183838 -0.320679 -0.578398 0.056724 -0.802447
1.240967 -0.171875 -0.344238 -0.560123 -0.021123 -0.894536
1.229370 -0.140137 -0.357300 -0.562259 -0.073101 -0.999440
1.229126 -0.107544 -0.367920 -0.567718 -0.145964 -1.104819
1.245728 -0.065308 -0.394531 -0.557512 -0.248733 -1.215657
1.235107 -0.044678 -0.429199 -0.543509 -0.320172 -1.332428
1.231079 0.003296 -0.470093 -0.549917 -0.371438 -1.445402
1.230835 0.034668 -0.513184 -0.577924 -0.417956 -1.527997
1.240112 0.079468 -0.557251 -0.618509 -0.444064 -1.585670
1.236206 0.104248 -0.607910 -0.678319 -0.473731 -1.656398
1.216431 0.133545 -0.655396 -0.773255 -0.513604 -1.755606
1.166260 0.132813 -0.669434 -0.899520 -0.545408 -1.868580
1.116333 0.126099 -0.663696 -1.028870 -0.590503 -1.974671
1.023560 0.088501 -0.632324 -1.138521 -0.598098 -2.022851
0.911133 0.048096 -0.618286 -1.219217 -0.499601 -1.943105
0.793701 -0.010376 -0.591064 -1.305846 -0.238290 -1.713122
0.709717 -0.024536 -0.579956 -1.416447 0.116771 -1.392475
0.660767 -0.018799 -0.550903 -1.518741 0.432909 -1.069455
0.606567 -0.037231 -0.522217 -1.592316 0.660755 -0.821435
0.550903 -0.044189 -0.492676 -1.655211 0.727685 -0.669537
0.524170 -0.048218 -0.470093 -1.712885 0.695882 -0.565345
0.498535 -0.058228 -0.442261 -1.780290 0.609965 -0.492956
0.477539 -0.085571 -0.406128 -1.853865 0.534965 -0.449048
0.462280 -0.084595 -0.356201 -1.887093 0.438368 -0.417244
0.431030 -0.113770 -0.305664 -1.857900 0.361232 -0.385915
0.409790 -0.128296 -0.273315 -1.783850 0.272467 -0.353400
0.387695 -0.149414 -0.243408 -1.686065 0.157357 -0.298574
0.398315 -0.168457 -0.212036 -1.585670 0.043433 -0.227135
0.393188 -0.185303 -0.176880 -1.503313 -0.006171 -0.143116
0.388062 -0.188599 -0.129761 -1.424042 -0.002848 -0.045807
0.369751 -0.190796 -0.082642 -1.336700 0.004272 0.057911
0.362549 -0.191406 -0.037598 -1.230135 -0.008782 0.154746
0.361084 -0.185303 0.013916 -1.094376 -0.070727 0.238764
0.365601 -0.187256 0.047485 -0.944614 -0.140031 0.311865
0.374146 -0.194702 0.074341 -0.802685 -0.207673 0.375472
0.401489 -0.189453 0.094482 -0.679268 -0.283859 0.442640
0.434570 -0.167358 0.088867 -0.579822 -0.332751 0.507671
0.452515 -0.158081 0.083130 -0.518114 -0.331564 0.557750
0.466309 -0.139404 0.088013 -0.491057 -0.320647 0.601183
0.475342 -0.138184 0.101196 -0.462102 -0.309729 0.654347
0.500488 -0.125122 0.119507 -0.394460 -0.351501 0.705375
0.542847 -0.098633 0.120361 -0.292878 -0.406564 0.760201
0.571289 -0.070313 0.101318 -0.177768 -0.414396 0.829504
0.613159 -0.030762 0.077515 -0.069303 -0.408700 0.905928
0.654175 0.005371 0.043945 0.018038 -0.384017 0.977605
0.699829 0.038940 -0.004150 0.078322 -0.354586 1.042399
0.768799 0.077759 -0.047119 0.097784 -0.326580 1.101734
0.814697 0.105347 -0.085327 0.067405 -0.227609 1.148490
0.846069 0.114502 -0.109741 0.001661 -0.106328 1.170325
0.857910 0.111816 -0.116333 -0.062420 -0.026819 1.174360
0.879150 0.101685 -0.114868 -0.113211 0.000475 1.175072
0.884521 0.074341 -0.096436 -0.156882 0.036550 1.174360
0.894531 0.052979 -0.079346 -0.184413 0.085680 1.176970
0.885986 0.039307 -0.046143 -0.179904 0.142167 1.196670
0.883179 0.038208 -0.020996 -0.132436 0.158781 1.218030
0.883911 0.038452 -0.022217 -0.048180 0.124841 1.237255
0.894531 0.035400 -0.038086 0.047468 0.053639 1.256242
0.934448 0.029541 -0.064331 0.125553 -0.039398 1.279501
0.979614 0.025146 -0.105103 0.172072 -0.100870 1.299675
1.029541 0.017334 -0.136719 0.176344 -0.129825 1.306558
1.069458 0.000000 -0.155396 0.144778 -0.154509 1.288283
1.127441 -0.019409 -0.158081 0.106566 -0.183464 1.255530
1.183838 -0.056763 -0.159302 0.079272 -0.201265 1.218505
1.254517 -0.087769 -0.155640 0.062183 -0.206961 1.182429
1.310669 -0.123291 -0.155396 0.058148 -0.213606 1.142556
1.381348 -0.144043 -0.154175 0.067405 -0.211708 1.084882
1.416016 -0.166870 -0.152588 0.087579 -0.199841 0.999677
1.445435 -0.190430 -0.163818 0.121044 -0.173021 0.901656
1.469360 -0.195435 -0.184814 0.156407 -0.162341 0.807669
