1.122681 0.074341 -0.158447 -0.104667 -0.383305 -0.270093
1.118286 0.078857 -0.150391 -0.092325 -0.340821 -0.333938
1.115356 0.082886 -0.155151 -0.063370 -0.307118 -0.342957
1.102783 0.096436 -0.190186 -0.038449 -0.134097 -0.301659
1.188232 0.068359 -0.004883 -0.016851 0.276501 -0.215742
1.155396 0.077393 -0.133545 0.060522 -0.017563 -0.169936
1.110718 -0.002930 -0.374268 0.050791 0.371675 -0.063607
1.013184 0.149902 -0.079834 -0.150948 1.011782 0.144540
1.180298 0.070801 0.045410 -0.075712 0.776340 0.485124
1.313843 -0.011475 0.111572 0.168037 0.346517 0.605218
1.441772 0.031006 0.065796 0.480851 -0.144778 0.611626
1.533813 0.042603 0.022217 0.733856 -0.366691 0.583145
1.668945 0.034302 -0.040649 0.926576 -0.520725 0.500313
1.788696 0.013062 -0.103149 1.085832 -0.568905 0.321596
1.911133 0.033081 -0.177002 1.223964 -0.533541 0.052215
1.949707 0.047241 -0.251953 1.307982 -0.527845 -0.317561
1.902344 0.040161 -0.318848 1.311542 -0.557275 -0.734806
1.835693 0.024902 -0.377808 1.240340 -0.616373 -1.093901
1.775513 0.019775 -0.451172 1.108616 -0.683065 -1.351178
1.760376 0.007202 -0.491577 0.919931 -0.736942 -1.518266
1.750000 -0.008667 -0.527466 0.708698 -0.790343 -1.662331
1.760498 -0.016113 -0.580566 0.512418 -0.910675 -1.823485
1.781372 -0.011230 -0.627930 0.331090 -1.080373 -2.017867
1.819702 -0.007324 -0.689453 0.137657 -1.270008 -2.240018
1.827393 -0.020752 -0.737305 -0.077610 -1.397697 -2.498244
1.765747 -0.034546 -0.769287 -0.344381 -1.273805 -2.785188
1.629639 -0.047119 -0.780151 -0.670724 -0.914472 -3.096816
1.444580 -0.054199 -0.770996 -0.992320 -0.556800 -3.402273
1.215454 -0.066284 -0.747925 -1.295403 -0.238764 -3.678300
0.969727 -0.065063 -0.723267 -1.612727 0.070965 -3.878615
0.711182 -0.089844 -0.668213 -1.927203 0.332988 -4.002744
0.432983 -0.130005 -0.625977 -2.156236 0.462102 -4.052111
0.161865 -0.199097 -0.521118 -2.273483 0.478478 -3.965007
0.031982 -0.117432 -0.471802 -2.248799 0.492006 -3.736448
-0.112061 -0.049438 -0.543213 -2.249511 0.190347 -3.482494
-0.171265 0.023438 -0.491211 -2.412327 -0.325156 -3.183445
-0.206421 0.057617 -0.421021 -2.643971 -0.482987 -2.837403
-0.226074 0.017700 -0.269409 -2.842625 -0.361469 -2.516282
-0.256836 -0.019287 -0.165527 -2.902434 -0.452608 -2.254258
-0.291870 -0.004272 -0.075195 -2.844049 -0.720090 -1.975146
-0.258179 0.045532 -0.012207 -2.663195 -1.104582 -1.609879
-0.180176 0.092529 0.011230 -2.441519 -1.550544 -1.210198
-0.079590 0.149536 0.022339 -2.276093 -1.833928 -0.867479
-0.032104 0.174438 0.000366 -2.196347 -1.857662 -0.617797
0.017822 0.193604 -0.021606 -2.138199 -1.684404 -0.402054
0.076172 0.207764 -0.019165 -2.070557 -1.409327 -0.184413
0.106689 0.257813 -0.035767 -1.999829 -1.186939 -0.019225
0.142578 0.314819 -0.041504 -1.961380 -1.155610 0.095885
0.170776 0.358887 -0.049438 -1.982266 -1.244850 0.178480
0.201782 0.379028 -0.016235 -2.052281 -1.160357 0.246834
0.197510 0.377563 0.054443 -2.163119 -0.810280 0.311390
0.175049 0.388672 0.152588 -2.262328 -0.570329 0.382830
0.141602 0.395508 0.245850 -2.319289 -0.466374 0.469222
0.117798 0.393799 0.333374 -2.320476 -0.418668 0.569142
0.077881 0.406128 0.397705 -2.236695 -0.504111 0.703239
0.087769 0.430420 0.434204 -2.100936 -0.682353 0.890975
0.151733 0.428345 0.476074 -1.957345 -0.836862 1.112414
0.237305 0.414917 0.519897 -1.809008 -0.850628 1.327682
0.300537 0.392578 0.566895 -1.644531 -0.754505 1.504737
0.335083 0.388794 0.584106 -1.472696 -0.662654 1.659721
0.406250 0.382568 0.608643 -1.334564 -0.604268 1.839387
0.467407 0.333618 0.659302 -1.236068 -0.443826 2.019766
0.536743 0.321655 0.734985 -1.113838 -0.261312 2.157898
0.603638 0.307007 0.814819 -0.936307 -0.131724 2.266600
0.680420 0.307007 0.879150 -0.693271 -0.079509 2.319052
0.798340 0.300415 0.946045 -0.409649 -0.094699 2.324036
0.847656 0.250977 1.025269 -0.116534 -0.046281 2.315492
0.931152 0.196777 1.050049 0.224761 -0.029905 2.301726
1.008667 0.147339 1.079468 0.661467 -0.218116 2.261378
1.112549 0.098022 1.070313 1.153948 -0.464712 2.213910
1.208374 0.076172 1.030762 1.676809 -0.594300 2.173800
1.303833 0.054810 0.966797 2.178309 -0.404665 2.153863
1.383423 0.004028 0.908691 2.638275 -0.066218 2.151490
1.479248 -0.064575 0.846924 3.112006 0.260837 2.165255
1.602783 -0.123779 0.788940 3.660262 0.472545 2.163831
1.744507 -0.154663 0.644775 4.268090 0.319460 2.112091
1.916138 -0.121582 0.450073 4.942849 -0.311153 1.944766
1.985840 -0.059570 0.092407 5.478763 -0.282435 1.612490
2.005615 0.025024 -0.181396 5.717765 -0.587655 1.200230
2.039673 0.180664 -0.454102 5.728683 -1.679420 0.741688
1.970093 0.218384 -0.829956 5.543082 -1.865020 0.216454
1.798706 0.182251 -1.078003 5.093560 -1.722616 -0.339397
1.527222 0.148315 -1.261963 4.455114 -1.787172 -0.878396
1.359985 0.237427 -1.315552 3.710341 -2.227676 -1.264074
1.241943 0.241333 -1.291504 2.992386 -1.893263 -1.442792
1.132080 0.223267 -1.226196 2.412089 -1.508772 -1.505924
1.043457 0.196533 -1.203369 1.985589 -1.211147 -1.505449
0.958496 0.198486 -1.160889 1.632901 -0.951497 -1.494532
0.861572 0.203735 -1.112671 1.352602 -0.638445 -1.471510
0.762695 0.208496 -1.065430 1.122382 -0.288368 -1.425466
0.684570 0.205811 -1.030396 0.910437 0.025870 -1.364469
0.616455 0.194946 -1.009155 0.710597 0.245173 -1.312966
0.540039 0.181152 -0.959961 0.520725 0.392561 -1.246511
0.491455 0.157593 -0.946289 0.363843 0.475867 -1.118822
0.464844 0.155029 -0.950317 0.200553 0.510044 -0.966450
0.459961 0.155884 -0.939575 0.002136 0.509095 -0.842321
0.440308 0.144043 -0.924927 -0.216692 0.525946 -0.762812
0.413452 0.123047 -0.892090 -0.444776 0.554664 -0.673809
0.377930 0.107544 -0.827515 -0.661230 0.610439 -0.542797
0.365723 0.100708 -0.755005 -0.843033 0.697543 -0.378795
0.361084 0.084351 -0.704102 -0.966212 0.751182 -0.209097
0.361084 0.076294 -0.671509 -1.033617 0.768508 -0.043433
0.350220 0.080078 -0.637695 -1.078474 0.786546 0.120094
0.344727 0.078003 -0.615479 -1.127129 0.854900 0.285283
0.340820 0.062256 -0.601074 -1.176733 0.909488 0.438130
0.338867 0.064819 -0.573975 -1.224913 0.810754 0.579348
0.333984 0.073364 -0.573486 -1.284011 0.642717 0.740027
0.350830 0.072632 -0.571167 -1.366605 0.579585 0.927051
0.400024 0.077515 -0.551758 -1.487412 0.654585 1.123094
0.445679 0.070190 -0.526978 -1.636699 0.763524 1.289707
0.487915 0.070068 -0.506592 -1.776967 0.816925 1.425228
0.509277 0.084839 -0.492432 -1.914624 0.799125 1.543187
0.549927 0.096436 -0.466431 -2.067708 0.734568 1.670164
0.622437 0.098999 -0.444214 -2.229100 0.620408 1.809720
0.726440 0.096924 -0.413208 -2.407342 0.506009 1.946665
0.835693 0.086792 -0.366333 -2.633291 0.505772 2.073405
0.950684 0.046265 -0.318604 -2.923320 0.725787 2.200145
1.104492 -0.000977 -0.213379 -3.207654 0.879583 2.293182
1.216187 -0.005615 -0.101807 -3.477273 0.889077 2.310745
1.339355 -0.062744 0.089722 -3.709391 0.794141 2.264464
1.465454 -0.088013 0.213623 -3.785103 0.705613 2.179971
1.617188 -0.070679 0.341309 -3.778695 0.514316 2.006475
1.699219 -0.037231 0.517944 -3.691354 0.453083 1.680844
1.748413 -0.018433 0.655273 -3.477035 0.305220 1.290419
1.746094 -0.027954 0.730469 -3.182021 0.148575 0.903080
1.702271 -0.048828 0.771851 -2.881074 0.168274 0.590265
1.627808 -0.070679 0.822144 -2.591993 0.449285 0.381406
1.510986 -0.051025 0.859375 -2.261141 0.837337 0.240900
1.384888 -0.029907 0.849976 -1.862172 1.098886 0.149762
1.269165 -0.014282 0.795532 -1.424279 1.153948 0.092800
1.195313 0.041870 0.725708 -1.000864 1.070642 0.060047
1.132935 0.089600 0.658203 -0.649600 0.886466 0.055538
1.112793 0.118042 0.589722 -0.362656 0.650550 0.052690
1.105469 0.142334 0.526978 -0.133623 0.443352 0.028481
1.083008 0.151978 0.469604 0.034177 0.312815 -0.017563
1.064087 0.159424 0.421631 0.147388 0.234492 -0.059335
1.035889 0.171265 0.390137 0.222151 0.196043 -0.091376
1.014160 0.170288 0.352905 0.281011 0.148338 -0.111075
1.002441 0.169678 0.321411 0.333938 0.081882 -0.117009
0.994141 0.174072 0.278442 0.372387 0.002611 -0.112737
0.993408 0.170654 0.262207 0.386390 -0.078797 -0.102768
0.992676 0.172119 0.238037 0.388526 -0.158069 -0.092088
0.994019 0.169312 0.212891 0.373336 -0.232356 -0.074525
1.001953 0.154663 0.201782 0.333226 -0.252293 -0.048655
1.016846 0.149292 0.191772 0.294777 -0.247546 -0.042959
1.011963 0.145508 0.172607 0.266533 -0.225948 -0.052215
1.014160 0.149048 0.159058 0.234730 -0.185837 -0.069303
1.009155 0.145264 0.155884 0.198891 -0.143828 -0.090901
1.011230 0.132324 0.148682 0.167325 -0.113211 -0.101344
1.007935 0.125732 0.145020 0.141455 -0.068829 -0.094461
