0.651855 0.154907 -0.597168 0.109889 -0.101819 -0.287656
0.710083 0.133911 -0.611450 0.107990 -0.066218 -0.201265
0.702148 0.167114 -0.638672 0.110601 0.014240 -0.130774
0.679810 0.201904 -0.605835 0.098259 0.137420 -0.088053
0.688965 0.214844 -0.652222 0.090189 0.129113 -0.042009
0.680542 0.211670 -0.671387 0.054588 0.125078 -0.016376
0.648438 0.218384 -0.688965 -0.014478 0.148100 -0.016851
0.614136 0.207764 -0.665771 -0.101344 0.174920 -0.012816
0.577026 0.188477 -0.644165 -0.159967 0.151423 0.013054
0.564209 0.174683 -0.622559 -0.175869 0.091376 0.063370
0.561157 0.158569 -0.609375 -0.157119 0.046756 0.123417
0.551758 0.151001 -0.602783 -0.119382 0.008307 0.174682
0.540527 0.141602 -0.615479 -0.079509 -0.027057 0.212182
0.513306 0.119995 -0.624634 -0.056724 -0.056250 0.249445
0.475830 0.108765 -0.616699 -0.065506 -0.044857 0.295726
0.426025 0.083374 -0.609497 -0.102294 -0.020649 0.354586
0.364990 0.060303 -0.581543 -0.153084 0.018513 0.424364
0.315674 0.050293 -0.547974 -0.207910 0.047468 0.505297
0.265381 0.028564 -0.497803 -0.255853 0.061234 0.605455
0.239624 -0.008179 -0.459961 -0.278400 0.053876 0.720328
0.240723 -0.046387 -0.434326 -0.270093 -0.005696 0.849204
0.259644 -0.086304 -0.424927 -0.243511 -0.112499 0.979741
0.310181 -0.119751 -0.412354 -0.205062 -0.211233 1.104107
0.387329 -0.148071 -0.401978 -0.148338 -0.251818 1.227049
0.465576 -0.177612 -0.386841 -0.073101 -0.198416 1.338837
0.535767 -0.197388 -0.361938 0.026345 -0.051028 1.417634
0.590942 -0.190186 -0.348999 0.164239 0.130537 1.479342
0.639404 -0.181274 -0.346436 0.336786 0.282910 1.557190
0.696899 -0.177490 -0.388428 0.519063 0.368115 1.648328
0.773071 -0.143921 -0.452759 0.698255 0.354349 1.738992
0.873291 -0.109009 -0.560059 0.856086 0.264160 1.802837
0.977783 -0.082397 -0.683472 0.958143 0.149999 1.818739
1.082764 -0.049927 -0.807007 0.966924 0.094936 1.799277
1.188599 -0.025269 -0.923584 0.889789 0.084968 1.757030
1.287354 -0.000366 -1.023926 0.758065 0.062183 1.679420
1.382813 0.037354 -1.093506 0.596911 0.008544 1.548408
1.452271 0.046997 -1.157593 0.421754 -0.046993 1.379896
1.506470 0.053101 -1.216064 0.253717 -0.091851 1.200467
1.568848 0.059692 -1.260376 0.107040 -0.160679 1.030769
1.625366 0.056763 -1.294434 -0.018038 -0.230932 0.854662
1.672485 0.069458 -1.322266 -0.126502 -0.287419 0.658619
1.691040 0.084961 -1.346313 -0.234967 -0.313052 0.445725
1.666870 0.094727 -1.348999 -0.366928 -0.282435 0.221438
1.609985 0.106201 -1.326416 -0.525234 -0.190584 -0.001661
1.510864 0.105713 -1.283203 -0.694458 -0.101107 -0.204350
1.399658 0.096191 -1.227905 -0.856086 -0.052690 -0.375947
1.295410 0.092529 -1.162476 -0.999677 -0.065981 -0.510044
1.215698 0.072021 -1.099243 -1.124993 -0.127452 -0.614949
1.157227 0.048584 -1.034424 -1.232508 -0.194144 -0.699442
1.106079 0.027466 -0.971924 -1.322697 -0.239002 -0.772780
1.054077 0.005737 -0.901855 -1.396273 -0.260362 -0.836625
1.012207 -0.019775 -0.841187 -1.449912 -0.268907 -0.890738
0.968140 -0.043701 -0.785156 -1.483139 -0.262024 -0.937969
0.915649 -0.059692 -0.726440 -1.491209 -0.242324 -0.974994
0.866821 -0.083862 -0.677368 -1.479817 -0.229983 -0.995642
0.822632 -0.101929 -0.629150 -1.453472 -0.235442 -0.999203
0.788940 -0.110229 -0.583618 -1.413124 -0.264160 -0.989234
0.757202 -0.113159 -0.548950 -1.361621 -0.303796 -0.971908
0.716553 -0.116455 -0.509155 -1.309881 -0.327292 -0.960041
0.675293 -0.109619 -0.468018 -1.262413 -0.325156 -0.951260
0.625610 -0.104370 -0.424805 -1.220166 -0.318036 -0.930611
0.570190 -0.102051 -0.375244 -1.182192 -0.285520 -0.890738
0.520874 -0.099731 -0.334229 -1.143268 -0.228084 -0.835438
0.467896 -0.094604 -0.284424 -1.088917 -0.181565 -0.772305
0.423828 -0.095459 -0.235840 -1.012494 -0.167800 -0.704189
0.384888 -0.087402 -0.201782 -0.912811 -0.167088 -0.628477
0.341675 -0.077881 -0.177124 -0.789868 -0.179192 -0.545408
0.299072 -0.066284 -0.163940 -0.651974 -0.192008 -0.453083
0.251953 -0.047974 -0.164673 -0.508146 -0.195094 -0.346042
0.222900 -0.037842 -0.163452 -0.366691 -0.194856 -0.223100
0.210083 -0.033447 -0.173096 -0.239476 -0.178243 -0.085443
0.219360 -0.033691 -0.168213 -0.135284 -0.115822 0.065031
0.234985 -0.032349 -0.180786 -0.048655 -0.029193 0.216692
0.250122 -0.043823 -0.192505 0.032278 0.044383 0.351264
0.268433 -0.050049 -0.211060 0.112974 0.090901 0.464238
0.274414 -0.047119 -0.236084 0.194856 0.106091 0.561784
0.278564 -0.039673 -0.262451 0.275789 0.114161 0.651974
0.295654 -0.028198 -0.294434 0.353400 0.125553 0.746910
0.307739 -0.027588 -0.314575 0.417244 0.147863 0.852052
0.320190 -0.032715 -0.328613 0.469459 0.197942 0.961703
0.354126 -0.052734 -0.348145 0.522149 0.236628 1.082272
0.393188 -0.071289 -0.375854 0.592876 0.222625 1.212097
0.458008 -0.078613 -0.406128 0.685913 0.179667 1.326732
0.521362 -0.084106 -0.459106 0.790343 0.133148 1.407665
0.583618 -0.080933 -0.516113 0.888839 0.090427 1.460117
0.647095 -0.061768 -0.574951 0.966450 0.076424 1.499041
0.678955 -0.038940 -0.631470 1.009646 0.084730 1.519690
0.709839 -0.028076 -0.684937 1.016291 0.095173 1.524199
0.742065 -0.030762 -0.731445 1.000864 0.075949 1.536541
0.788086 -0.027710 -0.775635 0.970484 0.047468 1.574278
0.859009 -0.016724 -0.826782 0.941529 0.008070 1.608930
0.925049 0.001953 -0.876099 0.928475 -0.084968 1.598724
0.991699 0.011108 -0.924805 0.915659 -0.205062 1.549357
1.062256 0.021484 -0.985107 0.885042 -0.300947 1.487649
1.137817 0.019897 -1.056274 0.838998 -0.332276 1.431399
1.213135 -0.002930 -1.154175 0.782986 -0.334175 1.362333
1.285645 -0.005737 -1.248047 0.714869 -0.357672 1.264786
1.345581 0.012939 -1.340088 0.624680 -0.420567 1.138996
1.392822 0.027710 -1.424194 0.491294 -0.455693 0.982589
1.426636 0.009888 -1.500366 0.300947 -0.418906 0.814789
1.456543 -0.004395 -1.537964 0.068829 -0.326343 0.664553
1.463135 -0.016846 -1.548584 -0.180853 -0.194856 0.522149
1.462036 -0.027466 -1.530640 -0.423178 -0.077373 0.364792
1.441772 -0.031982 -1.496826 -0.644142 -0.017089 0.187973
1.394775 -0.033936 -1.451172 -0.842321 0.001187 0.011867
1.339966 -0.034424 -1.407104 -1.024361 0.031566 -0.152372
1.266357 -0.038696 -1.359619 -1.195958 0.057199 -0.299998
1.200073 -0.056396 -1.297607 -1.354738 0.075237 -0.431722
1.134155 -0.075073 -1.244507 -1.503076 0.088765 -0.539474
1.073120 -0.101807 -1.196045 -1.634562 0.091613 -0.616610
1.029053 -0.123657 -1.145874 -1.755369 0.098971 -0.667401
0.989258 -0.137085 -1.090698 -1.868105 0.108465 -0.711309
0.942261 -0.143433 -1.041138 -1.964940 0.117958 -0.760201
0.899414 -0.158813 -0.971313 -2.043975 0.135284 -0.803634
0.854492 -0.166992 -0.904419 -2.109955 0.163053 -0.828318
0.804688 -0.173584 -0.819458 -2.162882 0.201502 -0.842083
0.753174 -0.178345 -0.747070 -2.191125 0.238527 -0.853238
0.701782 -0.174683 -0.672852 -2.186616 0.275552 -0.849441
0.656982 -0.163208 -0.600098 -2.150778 0.295251 -0.827606
0.614746 -0.155029 -0.524658 -2.094528 0.297387 -0.800786
0.574463 -0.146240 -0.444946 -2.029497 0.295489 -0.775865
0.542603 -0.135864 -0.375488 -1.954735 0.274128 -0.749758
0.511475 -0.130249 -0.307983 -1.862172 0.240426 -0.710359
0.496948 -0.120850 -0.238281 -1.748249 0.199841 -0.656958
0.489868 -0.106445 -0.182495 -1.606556 0.149287 -0.595724
0.484985 -0.096069 -0.138062 -1.434485 0.075474 -0.538288
0.493530 -0.081543 -0.107544 -1.244138 0.004272 -0.482038
0.493286 -0.059692 -0.091064 -1.047857 -0.028243 -0.415108
0.502197 -0.028809 -0.092896 -0.849678 -0.044857 -0.345330
0.509277 0.007446 -0.102905 -0.660281 -0.053876 -0.286470
0.518311 0.053101 -0.136841 -0.492956 -0.052927 -0.240188
0.529663 0.090210 -0.175049 -0.358858 -0.037737 -0.200553
0.540527 0.117554 -0.217529 -0.264397 0.014715 -0.165664
0.557373 0.148804 -0.262939 -0.207198 0.082832 -0.131249
0.553467 0.168701 -0.297241 -0.171834 0.132436 -0.098496
0.544434 0.184082 -0.323853 -0.146914 0.167800 -0.063607
0.546387 0.189087 -0.347290 -0.121993 0.170410 -0.009731
0.560303 0.191528 -0.373047 -0.091613 0.120806 0.056962
0.588867 0.212524 -0.396729 -0.051740 0.025633 0.108702
0.625610 0.220337 -0.415405 -0.007358 -0.063370 0.141217
0.652344 0.227783 -0.442871 0.033702 -0.093037 0.163527
0.676147 0.229004 -0.461060 0.076661 -0.054826 0.184176
0.697510 0.230835 -0.487061 0.124604 0.001187 0.204350
0.716187 0.235962 -0.520996 0.178480 0.035364 0.219065
0.732056 0.253540 -0.553955 0.226185 0.047468 0.221913
0.736328 0.250977 -0.599976 0.257277 0.058148 0.220252
0.747437 0.258179 -0.635864 0.272467 0.056962 0.223100
0.768921 0.263672 -0.678589 0.274603 0.039398 0.232119
0.789063 0.269287 -0.716553 0.254666 0.028718 0.241138
0.805298 0.276611 -0.738892 0.213369 0.035838 0.234967
