1.041016 0.292114 -0.190308 0.821672 0.085680 -0.179192
1.004761 0.301392 -0.245728 0.843270 0.234255 -0.081408
0.957886 0.306152 -0.295898 0.813365 0.358858 -0.025870
0.905518 0.347412 -0.382324 0.731483 0.394934 -0.048180
0.828857 0.390747 -0.424438 0.579110 0.334175 -0.148100
0.636475 0.246826 -0.427979 0.353400 0.087341 -0.285046
0.627075 0.300659 -0.392212 0.140505 -0.040823 -0.347229
0.552002 0.316772 -0.345825 0.032278 -0.012816 -0.225473
0.514648 0.251099 -0.305786 -0.006408 0.104904 0.007832
0.514282 0.206543 -0.307495 -0.018275 0.095885 0.207910
0.505127 0.179932 -0.315674 -0.017563 0.058623 0.291217
0.496948 0.170898 -0.319702 -0.000712 0.099446 0.271992
0.452637 0.173828 -0.308716 0.017326 0.110838 0.190110
0.364380 0.151245 -0.300293 0.026819 0.111075 0.086629
0.294678 0.141968 -0.285889 0.011867 0.004984 -0.001661
0.249634 0.118652 -0.265259 -0.029430 -0.198654 -0.032753
0.240234 0.073486 -0.261353 -0.072151 -0.410361 0.037737
0.236206 0.041016 -0.252075 -0.096835 -0.524522 0.229271
0.259644 0.000366 -0.235107 -0.110126 -0.533541 0.512892
0.333374 -0.048584 -0.225952 -0.088291 -0.532354 0.840659
0.445923 -0.033813 -0.240723 0.023734 -0.558936 1.166765
0.562134 0.027710 -0.293091 0.224999 -0.562496 1.460592
0.621826 0.047974 -0.373291 0.438605 -0.532592 1.667078
0.657593 0.056152 -0.469849 0.606404 -0.568193 1.761302
0.632080 0.078613 -0.565674 0.711784 -0.700866 1.808058
0.656616 0.083008 -0.612793 0.726499 -0.886703 1.882346
0.736328 0.066528 -0.657837 0.632275 -1.052604 1.984402
0.796021 0.020020 -0.653809 0.438130 -0.933934 2.083848
0.843384 -0.001953 -0.603882 0.174920 -0.627053 2.132028
0.858398 -0.030884 -0.490723 -0.037025 -0.257040 2.118974
0.891235 -0.092163 -0.387451 -0.103718 -0.177056 2.057028
0.976440 -0.141602 -0.317749 -0.016139 -0.230695 1.964940
1.032471 -0.179810 -0.305664 0.165189 -0.398969 1.854340
1.080444 -0.204224 -0.296021 0.338447 -0.527845 1.742315
1.112427 -0.227295 -0.308594 0.466374 -0.565582 1.663993
1.125244 -0.232178 -0.316040 0.539237 -0.482987 1.662806
1.179443 -0.213379 -0.317017 0.571515 -0.349365 1.709087
1.237061 -0.185669 -0.322266 0.611151 -0.227847 1.740891
1.311401 -0.123535 -0.338501 0.678081 -0.219065 1.704815
1.315186 -0.084229 -0.397705 0.721989 -0.241138 1.589943
1.305298 -0.059082 -0.451782 0.703714 -0.315188 1.434722
1.283569 -0.035034 -0.470825 0.621594 -0.351264 1.323172
1.291138 -0.008057 -0.482300 0.502212 -0.277688 1.286859
1.292480 0.025513 -0.473877 0.382593 -0.115347 1.295641
1.282227 0.050171 -0.458862 0.293353 0.057911 1.298014
1.263062 0.084106 -0.457886 0.239002 0.161154 1.260989
1.239014 0.094971 -0.470093 0.193670 0.210521 1.204739
1.225220 0.082886 -0.485107 0.120806 0.257514 1.178395
1.244629 0.092896 -0.476196 0.033465 0.300710 1.188838
1.275757 0.081665 -0.444092 -0.023734 0.310441 1.191448
1.307861 0.071411 -0.430054 -0.036076 0.243511 1.143743
1.327393 0.053101 -0.430542 -0.026345 0.142879 1.068031
1.345215 0.037720 -0.429199 -0.016851 0.061708 0.994456
1.371460 0.022827 -0.426758 -0.019937 0.023734 0.923254
1.406128 -0.001953 -0.419556 -0.021361 0.013528 0.850153
1.445435 -0.036621 -0.407715 -0.018513 0.006171 0.759014
1.472046 -0.069458 -0.405029 -0.014240 0.006171 0.655534
1.486694 -0.095459 -0.405640 -0.007120 0.008782 0.562022
1.490479 -0.121826 -0.406128 0.003085 0.011630 0.475393
1.503174 -0.139526 -0.413940 0.005934 -0.001187 0.381168
1.507446 -0.156128 -0.433472 0.005934 -0.040348 0.276264
1.526733 -0.161011 -0.460693 -0.009494 -0.114873 0.160917
1.522705 -0.179077 -0.484863 -0.056250 -0.157594 0.026107
1.512939 -0.183838 -0.498535 -0.119620 -0.179904 -0.116059
1.498169 -0.188232 -0.513062 -0.167800 -0.232356 -0.249919
1.484497 -0.182983 -0.538452 -0.191771 -0.294539 -0.378320
1.444580 -0.184937 -0.576050 -0.210046 -0.343669 -0.501737
1.405151 -0.199219 -0.614014 -0.244935 -0.371200 -0.592164
1.391846 -0.189819 -0.650879 -0.288131 -0.403716 -0.640344
1.412354 -0.179443 -0.700684 -0.323495 -0.468272 -0.684727
1.439209 -0.177490 -0.767212 -0.366928 -0.556800 -0.757828
1.494385 -0.164673 -0.839722 -0.431485 -0.651262 -0.845406
1.562378 -0.147095 -0.907715 -0.509807 -0.718429 -0.939868
1.620361 -0.132446 -0.973633 -0.609965 -0.748334 -1.061623
1.676270 -0.125732 -1.015869 -0.745011 -0.724837 -1.204977
1.679688 -0.122192 -1.049438 -0.899757 -0.641293 -1.371115
1.663086 -0.115356 -1.055420 -1.070879 -0.551341 -1.553630
1.582397 -0.132324 -1.048462 -1.270483 -0.371675 -1.708613
1.473511 -0.139771 -1.002930 -1.509009 -0.139556 -1.817552
1.353638 -0.151855 -0.921265 -1.749910 0.040585 -1.906554
1.253906 -0.180908 -0.806396 -1.948801 0.121518 -1.988912
1.148682 -0.209229 -0.679077 -2.088594 0.159255 -2.058690
1.026245 -0.229858 -0.563599 -2.152914 0.172309 -2.118499
0.906738 -0.242432 -0.453735 -2.142233 0.103955 -2.154575
0.817993 -0.255737 -0.352783 -2.080525 0.002611 -2.148404
0.728760 -0.270630 -0.270508 -1.994370 -0.017089 -2.096427
0.636597 -0.256958 -0.202393 -1.888279 0.007358 -2.011696
0.539185 -0.242188 -0.149048 -1.761540 0.008782 -1.894688
0.465332 -0.216431 -0.110474 -1.617474 -0.054826 -1.761777
0.416748 -0.185547 -0.080933 -1.468662 -0.175394 -1.618898
0.390869 -0.156494 -0.077148 -1.325071 -0.264397 -1.448725
0.381104 -0.104370 -0.083130 -1.185277 -0.293353 -1.254818
0.365845 -0.070190 -0.088623 -1.049281 -0.267245 -1.067082
0.348145 -0.019897 -0.096924 -0.918507 -0.234967 -0.907589
0.332520 0.023682 -0.106934 -0.781799 -0.232593 -0.782036
0.322266 0.059814 -0.131226 -0.651024 -0.256565 -0.694220
0.305420 0.097290 -0.160278 -0.552054 -0.293590 -0.633461
0.305298 0.129761 -0.179199 -0.513604 -0.339159 -0.585044
0.309204 0.148071 -0.191895 -0.530693 -0.367403 -0.544221
0.315430 0.164429 -0.184570 -0.558936 -0.386153 -0.517877
0.308960 0.165039 -0.171875 -0.553952 -0.438842 -0.495329
0.333862 0.156616 -0.158569 -0.515740 -0.506484 -0.451184
0.352051 0.151978 -0.147949 -0.458304 -0.523335 -0.379982
0.377930 0.156982 -0.138184 -0.387102 -0.508858 -0.289792
0.417480 0.158691 -0.129761 -0.304982 -0.483462 -0.193907
0.461548 0.162354 -0.132080 -0.210996 -0.418194 -0.112499
0.485229 0.192261 -0.135986 -0.094936 -0.365267 -0.056724
0.501587 0.221680 -0.157593 0.036076 -0.337023 -0.018275
0.526367 0.258545 -0.187622 0.164952 -0.346517 0.006646
0.562134 0.289673 -0.229248 0.282435 -0.368827 0.015190
0.590210 0.328491 -0.282471 0.368589 -0.377134 0.000237
0.583008 0.345581 -0.345947 0.403004 -0.362181 -0.037262
0.565918 0.343262 -0.389282 0.369776 -0.308305 -0.062420
0.540649 0.336304 -0.425537 0.281011 -0.187024 -0.043196
0.526855 0.328369 -0.423828 0.170885 -0.019225 0.012579
0.500854 0.323608 -0.412842 0.079984 0.129825 0.068354
0.477539 0.312744 -0.387817 0.038924 0.252767 0.111313
0.427002 0.283813 -0.390625 0.046756 0.313289 0.140980
0.385376 0.255127 -0.392456 0.064319 0.325394 0.180616
0.339478 0.218750 -0.388794 0.073575 0.325868 0.237815
0.305298 0.163574 -0.379150 0.080933 0.331090 0.309966
0.272705 0.103760 -0.369507 0.088291 0.342245 0.393510
0.258667 0.054810 -0.348022 0.091139 0.369064 0.503873
0.250854 -0.000610 -0.316162 0.102531 0.398257 0.630850
0.248169 -0.032227 -0.283447 0.127926 0.392323 0.740976
0.234375 -0.054932 -0.245850 0.167800 0.360045 0.835200
0.208374 -0.075195 -0.214478 0.233543 0.299523 0.928950
0.189209 -0.096680 -0.192871 0.352688 0.195094 1.040262
0.214844 -0.122559 -0.198120 0.527370 0.047705 1.179344
0.290405 -0.121338 -0.229858 0.727448 -0.080696 1.338599
0.398560 -0.127930 -0.297852 0.900706 -0.133385 1.486462
0.503418 -0.119385 -0.364868 0.988997 -0.080696 1.603234
0.566040 -0.114868 -0.408936 0.983538 0.058386 1.672062
0.614014 -0.093994 -0.431641 0.946750 0.177056 1.726888
0.665771 -0.097412 -0.453857 0.928713 0.237103 1.803311
0.750000 -0.101318 -0.458862 0.924440 0.254903 1.892314
0.833130 -0.097534 -0.473755 0.922304 0.272229 1.976333
0.945190 -0.097656 -0.500000 0.918270 0.308305 2.056791
1.066528 -0.080322 -0.528198 0.905928 0.376422 2.111617
1.162109 -0.063599 -0.557495 0.862020 0.509570 2.109718
1.222778 -0.029419 -0.596436 0.774204 0.649600 2.052756
1.259521 -0.019897 -0.626099 0.643667 0.767084 1.968026
1.298462 -0.020386 -0.634277 0.484886 0.830454 1.872140
1.331787 -0.003784 -0.622192 0.318985 0.884567 1.779815
1.332031 -0.005737 -0.615967 0.169698 0.936782 1.692236
1.333984 -0.010986 -0.608643 0.043908 0.950785 1.607268
1.357300 -0.011108 -0.596436 -0.064794 0.940105 1.553155
1.379028 -0.015015 -0.569214 -0.159018 0.928475 1.505687
1.410278 -0.016602 -0.532959 -0.237103 0.910675 1.432111
1.414673 -0.021484 -0.507813 -0.282672 0.870089 1.335039
