0.514282 0.663574 -0.213745 -0.465187 1.297777 0.661705
0.548340 0.727661 -0.266602 -0.195806 1.102208 0.604268
0.537476 0.701416 -0.324097 0.099208 0.862732 0.539237
0.530151 0.741333 -0.385742 0.346992 0.568667 0.477766
0.520386 0.791748 -0.474243 0.480614 0.131012 0.366216
0.511353 0.825562 -0.516968 0.509332 -0.357434 0.248733
0.504272 0.834106 -0.553345 0.455931 -0.718904 0.149287
0.489380 0.825562 -0.570435 0.355061 -0.907115 0.070253
0.465210 0.814331 -0.547119 0.253479 -0.964076 0.022547
0.459839 0.820068 -0.510620 0.175632 -0.809093 0.001899
0.442749 0.840942 -0.479248 0.132199 -0.608303 0.007595
0.414551 0.859131 -0.486572 0.134335 -0.476105 0.043196
0.381958 0.859985 -0.511963 0.157594 -0.181565 0.112737
0.352051 0.876343 -0.488037 0.187261 0.127926 0.218353
0.348999 0.880371 -0.482056 0.170648 0.324682 0.341058
0.374512 0.878784 -0.435913 0.131724 0.329903 0.444301
0.397827 0.862793 -0.460083 0.083306 0.241850 0.512418
0.415283 0.859863 -0.453003 0.024209 0.158069 0.551816
0.433228 0.864624 -0.430054 -0.008544 0.146439 0.565582
0.480225 0.884521 -0.450806 -0.026345 0.167562 0.559411
0.532227 0.908325 -0.443115 -0.041060 0.137657 0.544459
0.566528 0.911743 -0.426147 -0.042247 0.132673 0.512418
0.600464 0.907471 -0.418701 -0.051028 0.190584 0.450947
0.608154 0.890747 -0.395020 -0.069066 0.259888 0.356485
0.604736 0.871338 -0.386230 -0.089003 0.298099 0.228559
0.592163 0.855469 -0.373657 -0.113211 0.282435 0.089715
0.565308 0.847290 -0.360229 -0.130062 0.247546 -0.037025
0.552002 0.843628 -0.354370 -0.121281 0.213132 -0.140505
0.534546 0.838135 -0.341553 -0.086392 0.187261 -0.209334
0.516357 0.818481 -0.332520 -0.028006 0.159493 -0.253242
0.495605 0.811890 -0.339844 0.046281 0.067405 -0.285758
0.455688 0.818237 -0.343506 0.114398 -0.066930 -0.314713
0.444336 0.802368 -0.340454 0.157594 -0.188923 -0.340583
0.438110 0.789551 -0.358276 0.168986 -0.296201 -0.352213
0.435547 0.791138 -0.380859 0.153322 -0.382830 -0.341058
0.426880 0.786987 -0.377319 0.119857 -0.387339 -0.309492
0.411377 0.765259 -0.374146 0.071677 -0.291454 -0.262973
0.419922 0.761719 -0.371338 0.020886 -0.180616 -0.204113
0.426758 0.773071 -0.376465 -0.014715 -0.120094 -0.137183
0.433594 0.782837 -0.378296 -0.027294 -0.096360 -0.071677
0.436890 0.784424 -0.382324 -0.024683 -0.060759 -0.012816
0.445068 0.788574 -0.386841 -0.019225 -0.008070 0.033228
0.449463 0.783447 -0.389771 -0.019462 0.051503 0.061946
0.444702 0.778198 -0.390137 -0.022073 0.095173 0.071439
0.453613 0.777588 -0.391357 -0.018987 0.127689 0.063607
0.465820 0.775757 -0.394043 -0.004272 0.127689 0.043671
0.464600 0.780151 -0.400513 0.020886 0.105854 0.018275
0.460449 0.785767 -0.398926 0.048655 0.088053 -0.003560
0.458862 0.790039 -0.399780 0.070015 0.090901 -0.017563
0.459717 0.780762 -0.413818 0.076424 0.081645 -0.027057
0.463867 0.783447 -0.426025 0.069303 0.021835 -0.030854
0.467773 0.792969 -0.426880 0.051503 -0.014952 -0.027057
0.472412 0.798462 -0.427124 0.030617 0.013054 -0.012104
0.469238 0.807251 -0.420166 0.006408 0.073101 0.008544
0.459595 0.804688 -0.413086 -0.014715 0.120332 0.032041
0.455566 0.799316 -0.406616 -0.032753 0.145964 0.049604
0.456177 0.798218 -0.401855 -0.040111 0.153084 0.058623
0.451904 0.792847 -0.398804 -0.032041 0.151423 0.058623
0.449463 0.789673 -0.393066 -0.010443 0.137895 0.054351
0.446655 0.793213 -0.387695 0.018987 0.119382 0.043196
0.454834 0.791870 -0.388062 0.050079 0.104667 0.029193
0.467529 0.789795 -0.410034 0.074288 0.057199 0.014715
0.462646 0.803345 -0.422729 0.088053 -0.016139 0.004509
0.463989 0.808838 -0.432495 0.088053 -0.037025 -0.007120
0.465576 0.807495 -0.439941 0.072389 -0.026107 -0.017326
0.456909 0.802490 -0.439453 0.037500 -0.009019 -0.016139
0.449829 0.797241 -0.429199 -0.011867 0.026107 0.002373
0.444458 0.789307 -0.413574 -0.064557 0.097310 0.039161
0.437744 0.779053 -0.402832 -0.107515 0.211470 0.089477
0.430420 0.780640 -0.378540 -0.129588 0.366691 0.142404
0.434082 0.778809 -0.363403 -0.127689 0.539237 0.194144
0.444702 0.779053 -0.359375 -0.101582 0.685676 0.246834
0.438232 0.792847 -0.342529 -0.054351 0.748097 0.300710
0.456299 0.806152 -0.314697 -0.000712 0.769457 0.346517
0.522095 0.835205 -0.320068 0.049841 0.755929 0.373336
0.598267 0.887329 -0.329590 0.101344 0.636784 0.371675
0.684448 0.921021 -0.354004 0.151898 0.492006 0.320884
0.754272 0.994751 -0.411499 0.184888 0.256328 0.189160
0.845337 1.097046 -0.453125 0.177056 -0.049367 -0.036313
0.911377 1.163574 -0.561157 0.089477 -0.168749 -0.348416
0.897949 1.081421 -0.580322 -0.105854 -0.357197 -0.715106
0.828491 0.902344 -0.533081 -0.413684 -0.584332 -1.090341
0.715454 0.834839 -0.484863 -0.771119 -0.724125 -1.432111
0.643066 0.836670 -0.417114 -1.093901 -0.699205 -1.724040
0.524292 0.817871 -0.366089 -1.302286 -0.625154 -1.945478
0.440674 0.823975 -0.208984 -1.342871 -0.875074 -2.038990
0.371826 0.708984 -0.056763 -1.204027 -1.545323 -2.072455
0.372803 0.556641 -0.035645 -0.769457 -2.390491 -2.053943
0.299072 0.326660 0.071655 -0.044383 -3.307574 -2.091205
0.179810 0.093506 0.221436 0.895010 -3.511924 -2.212249
0.149536 -0.086670 0.259399 1.937646 -2.749587 -2.411615
0.085693 -0.334961 0.292603 2.943257 -1.902045 -2.628306
-0.081665 -0.570313 0.275269 3.876716 -1.435197 -2.742230
-0.106812 -0.656006 0.222778 4.799021 -1.188363 -2.632341
-0.139282 -0.754517 0.156006 5.787068 -0.971434 -2.276093
-0.273438 -0.857788 0.106934 6.896397 -0.716056 -1.702917
-0.222412 -1.066772 0.036621 7.776929 -0.641293 -1.031718
-0.163940 -1.296143 -0.083496 7.776929 -0.310916 -0.332514
-0.084839 -1.283936 -0.248169 7.776929 0.162103 0.324682
0.066284 -1.334961 -0.427734 7.776929 0.460915 0.865580
0.220947 -1.246582 -0.521118 7.776929 0.821435 1.237018
0.352417 -1.213745 -0.659668 7.776929 1.235831 1.387966
0.398682 -1.251831 -0.777222 7.776929 1.573566 1.330767
0.479492 -1.060913 -1.012329 7.776929 1.989386 1.170325
0.464722 -0.736816 -1.372437 7.776929 2.130604 0.985912
0.412720 -0.675537 -1.809082 7.776929 2.007662 0.722938
0.361328 -0.707764 -2.353027 7.776929 1.647379 0.385203
0.244629 -0.501709 -2.887939 7.646392 0.898333 0.005221
0.110962 -0.474243 -3.219482 6.711983 0.144303 -0.324207
0.084106 -0.616943 -3.355469 5.475677 -0.207673 -0.432671
0.092285 -0.742432 -3.407227 3.926795 -0.191296 -0.147863
0.095337 -0.837280 -3.421875 2.305049 0.192958 0.436943
0.119873 -0.873657 -3.431519 0.881719 0.844931 1.031718
0.127441 -0.826538 -3.390625 -0.247546 1.381558 1.406241
0.128418 -0.772461 -3.280396 -1.173648 1.618661 1.496668
0.116089 -0.688110 -3.144775 -2.005288 1.607743 1.377523
0.093628 -0.575806 -2.999146 -2.787087 1.476257 1.193347
0.073853 -0.490601 -2.856079 -3.549424 1.341922 1.071354
0.068481 -0.421875 -2.763672 -4.340242 1.240103 1.032668
0.084839 -0.342896 -2.693237 -5.165236 1.085594 1.027683
0.118774 -0.331909 -2.596313 -5.999962 0.892874 0.988285
0.173706 -0.412964 -2.444946 -6.829229 0.652448 0.906403
0.233032 -0.528320 -2.294678 -7.610791 0.409649 0.842083
0.258789 -0.661865 -2.150269 -7.777166 0.185600 0.818824
0.274414 -0.798828 -1.999512 -7.777166 -0.047231 0.849204
0.295898 -0.822876 -1.897705 -7.777166 -0.277451 0.956244
0.317627 -0.794067 -1.781006 -7.777166 -0.447149 1.127129
0.356079 -0.822144 -1.602905 -7.777166 -0.583857 1.269533
0.412720 -0.893555 -1.375244 -7.777166 -0.759964 1.321511
0.469482 -0.922119 -1.138550 -7.777166 -1.043823 1.297065
0.521606 -0.917847 -0.898560 -7.777166 -1.368504 1.237255
0.562256 -0.905029 -0.683228 -7.777166 -1.594215 1.161781
0.597046 -0.846558 -0.477661 -7.777166 -1.691287 1.066607
0.592407 -0.759033 -0.291504 -7.777166 -1.623645 0.951735
0.571533 -0.680542 -0.111816 -7.498766 -1.426415 0.814789
0.542847 -0.620850 0.039185 -6.883343 -1.113601 0.668825
0.516968 -0.575806 0.158325 -6.238015 -0.758302 0.516215
0.481689 -0.523560 0.275879 -5.548779 -0.510756 0.365504
0.447144 -0.494385 0.391968 -4.808514 -0.341058 0.217878
0.419800 -0.491089 0.459473 -4.017934 -0.239951 0.056724
0.382446 -0.488403 0.498779 -3.190328 -0.245410 -0.137657
0.346313 -0.479614 0.506836 -2.341125 -0.271517 -0.366216
0.312500 -0.439453 0.497803 -1.501415 -0.239714 -0.604743
0.255249 -0.356201 0.500610 -0.709410 -0.120806 -0.810042
0.232300 -0.262207 0.487183 0.018038 0.014952 -0.939868
0.258301 -0.263062 0.400024 0.667638 0.202214 -0.969772
0.287842 -0.303101 0.338745 1.255293 0.344618 -0.911387
0.292236 -0.284302 0.310181 1.796903 0.478003 -0.798413
0.276367 -0.221680 0.291382 2.324511 0.614711 -0.656958
0.234741 -0.211914 0.275879 2.862561 0.678319 -0.496991
