0.951904 -0.062988 -0.299683 -0.156170 0.209571 -0.041297
0.947266 -0.058228 -0.296753 -0.196755 0.234967 -0.031566
0.951782 -0.067871 -0.274170 -0.235679 0.265346 -0.011867
0.946533 -0.078369 -0.250488 -0.256328 0.285995 0.004747
0.951660 -0.090942 -0.216431 -0.244223 0.270568 0.009968
0.958374 -0.109741 -0.196655 -0.195568 0.221201 0.004509
0.971436 -0.124634 -0.170166 -0.117246 0.161154 -0.010918
0.968262 -0.143066 -0.166626 -0.015190 0.117958 -0.030380
0.965210 -0.147217 -0.161377 0.096835 0.058623 -0.044857
0.952393 -0.141113 -0.160645 0.207910 -0.019937 -0.039636
0.950684 -0.119751 -0.164307 0.296913 -0.017326 0.005459
0.924438 -0.159668 -0.185303 0.360283 -0.139081 0.069066
1.006836 -0.110229 -0.166138 0.402529 -0.160205 0.120332
0.963623 -0.062378 -0.232422 0.407276 -0.111550 0.132199
1.004272 -0.103760 -0.280640 0.324682 0.068591 0.150474
0.991699 -0.082520 -0.291626 0.161866 0.183227 0.145490
1.044556 -0.060303 -0.244507 -0.000475 0.207435 0.117721
1.080200 -0.066772 -0.194336 -0.077610 0.269856 0.063845
1.105469 -0.082397 -0.137939 -0.085680 0.387577 -0.008544
1.098877 -0.098633 -0.102539 -0.026819 0.530930 -0.099208
1.041748 -0.127563 -0.093018 0.094224 0.580060 -0.183701
0.997803 -0.110718 -0.111694 0.248258 0.431722 -0.235204
0.972656 -0.093262 -0.126343 0.387102 0.224524 -0.224999
0.989624 -0.089111 -0.148926 0.468984 0.074525 -0.169461
1.005371 -0.091431 -0.164429 0.486073 0.049841 -0.098971
1.026978 -0.075562 -0.165527 0.457829 0.081408 -0.044857
1.043091 -0.058228 -0.161133 0.409175 0.109177 -0.018513
1.018677 -0.048828 -0.137939 0.353874 0.079509 -0.011867
1.034790 -0.028931 -0.117432 0.308068 -0.040111 -0.014003
1.088013 -0.023682 -0.108032 0.290979 -0.076898 -0.008782
1.122925 -0.021362 -0.100342 0.285283 -0.097547 -0.001661
1.148193 -0.005859 -0.093994 0.284808 -0.113686 0.005696
1.171265 -0.016235 -0.096558 0.313764 -0.111550 0.011155
1.191528 -0.019531 -0.089844 0.368115 -0.185600 -0.002373
1.207886 -0.023682 -0.103027 0.433383 -0.312102 -0.034652
1.212891 -0.040161 -0.111938 0.491294 -0.364080 -0.071439
1.191528 -0.057861 -0.135620 0.529269 -0.355773 -0.096360
1.162842 -0.066650 -0.137573 0.541136 -0.338922 -0.100870
1.139771 -0.079712 -0.124268 0.548256 -0.308068 -0.086392
1.122314 -0.101685 -0.108032 0.579822 -0.292641 -0.064082
1.106812 -0.125000 -0.096802 0.654347 -0.283147 -0.031092
1.075928 -0.129150 -0.101318 0.756878 -0.238764 0.034414
1.027466 -0.139893 -0.129639 0.851577 -0.078560 0.135047
0.987305 -0.130371 -0.145142 0.908301 0.042959 0.232356
0.966187 -0.119873 -0.163574 0.926339 0.088291 0.304745
0.943604 -0.117065 -0.167969 0.925152 0.107752 0.347941
0.922485 -0.117188 -0.171631 0.920880 0.083069 0.359808
0.887329 -0.122803 -0.165527 0.922067 -0.000475 0.332039
0.872192 -0.120361 -0.146606 0.930611 -0.181803 0.268669
0.847168 -0.128052 -0.138184 0.939393 -0.404191 0.193432
0.825684 -0.145508 -0.138062 0.947937 -0.609727 0.130774
0.810181 -0.165161 -0.134644 0.964551 -0.778239 0.096360
0.810181 -0.191528 -0.139160 0.989234 -0.915421 0.103955
0.805054 -0.224365 -0.158569 1.014392 -0.961228 0.156645
0.806885 -0.254150 -0.194458 1.037177 -0.902368 0.245173
0.850220 -0.238281 -0.235474 1.047620 -0.833302 0.350789
0.886719 -0.230591 -0.283447 1.037889 -0.837811 0.434095
0.962891 -0.233154 -0.347046 1.001339 -0.934171 0.444776
1.037720 -0.214478 -0.399902 0.942241 -1.088205 0.364317
1.128906 -0.199951 -0.471924 0.852526 -1.148727 0.216217
1.164307 -0.165161 -0.553955 0.714869 -1.000627 0.013766
1.164673 -0.135986 -0.627808 0.511943 -0.726499 -0.230220
1.110840 -0.117920 -0.679810 0.253242 -0.523573 -0.477766
1.052246 -0.117310 -0.687866 -0.014478 -0.342957 -0.687575
0.990112 -0.147949 -0.663696 -0.250631 -0.201265 -0.838286
0.948608 -0.166626 -0.615967 -0.418194 -0.139556 -0.925864
0.903564 -0.195679 -0.558228 -0.496041 -0.062895 -0.962890
0.856445 -0.205322 -0.510010 -0.494142 0.039161 -0.968111
0.805664 -0.203369 -0.472900 -0.435282 0.133860 -0.950311
0.740112 -0.210327 -0.450439 -0.345093 0.267482 -0.893586
0.676025 -0.217041 -0.457520 -0.250157 0.412023 -0.797463
0.629517 -0.196655 -0.467529 -0.180379 0.486785 -0.685676
0.640015 -0.156250 -0.485718 -0.158781 0.512892 -0.579110
0.662598 -0.126587 -0.515137 -0.198416 0.488684 -0.501025
0.704956 -0.110474 -0.535767 -0.289555 0.467560 -0.466611
0.737305 -0.077881 -0.536133 -0.400156 0.440029 -0.465662
0.764526 -0.062012 -0.539673 -0.504111 0.378083 -0.471595
0.788330 -0.062012 -0.528076 -0.581246 0.270331 -0.472070
0.829712 -0.045532 -0.500122 -0.630138 0.092088 -0.457355
0.890503 -0.034912 -0.476440 -0.655771 -0.065981 -0.424127
0.982056 -0.017700 -0.456909 -0.665502 -0.164714 -0.378558
1.082642 0.004395 -0.461304 -0.661942 -0.204587 -0.334412
1.196899 0.032104 -0.466187 -0.647227 -0.224049 -0.289792
1.314331 0.065186 -0.473511 -0.623256 -0.229271 -0.251343
1.441040 0.082275 -0.444946 -0.602132 -0.143591 -0.228559
1.516113 0.087280 -0.437134 -0.588604 0.144066 -0.226185
1.532471 0.066895 -0.443604 -0.573889 0.556800 -0.248021
1.527222 0.053711 -0.466553 -0.551104 0.849916 -0.296675
1.498169 0.053345 -0.495605 -0.523810 0.950785 -0.344618
1.475586 0.058960 -0.494507 -0.517164 0.967636 -0.377846
1.463013 0.060425 -0.474731 -0.571515 0.933697 -0.420567
1.452393 0.040283 -0.449463 -0.683540 0.891213 -0.498889
1.433716 0.022339 -0.390137 -0.803634 0.875074 -0.613050
1.409180 0.018433 -0.317505 -0.885279 0.865580 -0.737179
1.365234 -0.009399 -0.244019 -0.916371 0.849204 -0.858460
1.316040 -0.028442 -0.190063 -0.896672 0.799837 -0.965263
1.257324 -0.032471 -0.139160 -0.819536 0.727923 -1.055215
1.211060 -0.024902 -0.093750 -0.687337 0.604506 -1.127129
1.158936 -0.032471 -0.076416 -0.517164 0.411311 -1.181243
1.110718 -0.031250 -0.067261 -0.332039 0.191059 -1.218980
1.065186 -0.024658 -0.057617 -0.155695 -0.037025 -1.229897
1.031250 -0.009399 -0.052612 -0.005459 -0.198654 -1.202841
1.010132 0.007202 -0.077026 0.116771 -0.268195 -1.137809
0.986938 0.035767 -0.108276 0.204587 -0.285283 -1.070167
0.965454 0.070801 -0.143066 0.234492 -0.279587 -1.028158
0.952637 0.120850 -0.197632 0.204825 -0.322308 -1.021038
0.953125 0.160767 -0.237915 0.133623 -0.385678 -1.045009
0.947388 0.184204 -0.265991 0.019937 -0.460203 -1.104582
0.930908 0.184326 -0.278687 -0.137183 -0.488684 -1.184565
0.901001 0.189453 -0.275513 -0.314476 -0.429586 -1.262176
0.862061 0.180176 -0.252075 -0.482038 -0.343194 -1.322697
0.810059 0.158813 -0.221313 -0.615898 -0.288368 -1.360435
0.771484 0.161255 -0.195923 -0.693508 -0.279112 -1.376099
0.734985 0.193726 -0.164307 -0.706562 -0.319460 -1.369453
0.718018 0.219360 -0.137085 -0.675945 -0.387814 -1.335276
0.693481 0.224487 -0.129395 -0.627053 -0.438605 -1.273805
0.683594 0.235474 -0.119873 -0.569379 -0.429823 -1.199281
0.679688 0.226685 -0.115845 -0.505772 -0.373811 -1.117635
0.681519 0.218872 -0.106445 -0.428162 -0.303084 -1.030057
0.661255 0.232666 -0.099121 -0.322783 -0.192483 -0.935121
0.653931 0.245483 -0.107544 -0.198416 -0.138844 -0.836150
0.641113 0.254639 -0.109375 -0.075474 -0.156645 -0.733381
0.661255 0.255371 -0.123657 0.035126 -0.213844 -0.630138
0.687256 0.262207 -0.140259 0.135996 -0.293353 -0.534253
0.730347 0.286133 -0.157471 0.228796 -0.349840 -0.464000
0.782837 0.300293 -0.174438 0.305694 -0.379032 -0.424127
0.809937 0.302856 -0.199341 0.361469 -0.336074 -0.403004
0.810913 0.297363 -0.240356 0.390187 -0.243036 -0.396358
0.797363 0.307373 -0.283447 0.372862 -0.210521 -0.380694
0.792358 0.318848 -0.317261 0.303084 -0.201739 -0.339397
0.789307 0.334961 -0.337280 0.187973 -0.117246 -0.272229
0.794800 0.357422 -0.342163 0.042959 -0.021361 -0.201739
0.807129 0.359375 -0.363525 -0.111787 0.026345 -0.150474
0.822021 0.365723 -0.364258 -0.268195 0.059810 -0.137895
0.826538 0.366699 -0.340088 -0.430773 0.071202 -0.175869
0.837036 0.358643 -0.308472 -0.571041 0.029430 -0.250394
0.848389 0.353882 -0.266968 -0.639632 -0.068829 -0.324444
0.864380 0.353760 -0.214600 -0.620170 -0.207910 -0.387814
0.890869 0.340454 -0.183350 -0.531880 -0.358858 -0.441453
0.910156 0.346924 -0.171631 -0.388763 -0.462339 -0.478715
0.927490 0.351318 -0.185181 -0.214556 -0.501263 -0.487972
0.952148 0.370605 -0.240356 -0.042009 -0.511943 -0.474206
0.964966 0.393677 -0.287354 0.097310 -0.471595 -0.461390
0.964722 0.414063 -0.361328 0.175157 -0.429823 -0.472782
0.957642 0.448608 -0.423828 0.187024 -0.443589 -0.496516
0.950928 0.469482 -0.467529 0.140031 -0.452371 -0.515740
0.942017 0.477295 -0.490234 0.041297 -0.431722 -0.529506
0.924072 0.486084 -0.495728 -0.088291 -0.386627 -0.537813
0.906616 0.479004 -0.473633 -0.224761 -0.311153 -0.538525
0.886475 0.472900 -0.452148 -0.351264 -0.227372 -0.532592
