0.989014 0.245117 -0.182617 -0.180379 0.077848 -0.109177
0.990723 0.249023 -0.179932 -0.166376 0.083781 -0.107040
0.968262 0.342529 -0.183472 -0.137895 0.084018 -0.104430
0.952515 0.185425 -0.190918 -0.117483 0.031566 -0.077610
0.971802 0.251953 -0.176880 -0.107040 0.075712 -0.082832
0.958008 0.260986 -0.182373 -0.121993 0.067642 -0.126740
0.943726 0.252808 -0.178101 -0.119857 0.009256 -0.133385
0.958862 0.253296 -0.173462 -0.121044 -0.050791 -0.122942
0.956543 0.249634 -0.167603 -0.127689 -0.046993 -0.112499
0.953979 0.255005 -0.172729 -0.140980 -0.002373 -0.114398
0.947876 0.257813 -0.169800 -0.162341 0.022073 -0.114873
0.950562 0.260132 -0.177246 -0.183227 0.037500 -0.111313
0.947754 0.256348 -0.168579 -0.201502 0.068354 -0.115110
0.923096 0.236938 -0.151489 -0.221676 0.100158 -0.137895
0.914307 0.236328 -0.134644 -0.231644 0.112499 -0.164714
0.910645 0.242676 -0.113525 -0.221201 0.096597 -0.164952
0.903687 0.238403 -0.105957 -0.194619 0.048655 -0.131249
0.905518 0.237793 -0.117432 -0.163053 0.004035 -0.093275
0.912231 0.241699 -0.114380 -0.146439 -0.040348 -0.071202
0.909302 0.245850 -0.118896 -0.143828 -0.070253 -0.071914
0.910767 0.247192 -0.125732 -0.148100 -0.102294 -0.087816
0.907349 0.249878 -0.120728 -0.155933 -0.121993 -0.112262
0.898926 0.244995 -0.102417 -0.168986 -0.124366 -0.133623
0.884033 0.235840 -0.092896 -0.181565 -0.098022 -0.152372
0.833740 0.215576 -0.084351 -0.174208 -0.065269 -0.155221
0.802734 0.221558 -0.067749 -0.132436 -0.090189 -0.117721
0.792847 0.219727 -0.053711 -0.078797 -0.135284 -0.032516
0.780396 0.205566 -0.043579 -0.028718 -0.155933 0.055775
0.759277 0.201294 -0.019775 0.012816 -0.164239 0.118907
0.732056 0.180420 0.014404 0.050791 -0.218353 0.164477
0.690186 0.141479 0.060547 0.087579 -0.323969 0.196992
0.666382 0.090942 0.139282 0.143591 -0.447624 0.219302
0.644653 0.054321 0.194580 0.246122 -0.609727 0.241138
0.648682 -0.030396 0.250366 0.418906 -0.573889 0.295726
0.620850 -0.038086 0.299072 0.658619 -0.541136 0.399444
0.613525 -0.062988 0.274536 0.974282 -0.542797 0.557750
0.597290 -0.074463 0.223389 1.407903 -0.504585 0.758540
0.588135 -0.099365 0.164551 1.888517 -0.540424 0.981639
0.641113 -0.076904 0.081909 2.329970 -0.607116 1.189075
0.714722 -0.076172 -0.002075 2.680996 -0.632987 1.371827
0.803467 -0.080933 -0.079468 2.898637 -0.594537 1.474358
0.865723 -0.089844 -0.156250 3.004016 -0.626816 1.504975
0.917358 -0.127930 -0.240112 3.063826 -0.688762 1.481241
0.979492 -0.094482 -0.339600 3.104648 -0.746198 1.448013
1.039063 -0.082275 -0.430908 3.093019 -0.757115 1.445877
1.086426 -0.076050 -0.522949 2.982181 -0.679505 1.444453
1.124878 -0.085693 -0.607910 2.782103 -0.542323 1.402681
1.146362 -0.087524 -0.658325 2.531946 -0.370488 1.289707
1.166870 -0.027588 -0.674194 2.258293 -0.173021 1.147303
1.166992 -0.021729 -0.698364 1.977045 -0.031804 1.018902
1.165161 -0.035156 -0.706665 1.697220 0.056487 0.919931
1.184082 -0.036133 -0.710327 1.418108 0.112737 0.841609
1.192871 -0.048584 -0.698853 1.162018 0.150236 0.763286
1.196533 -0.062866 -0.676514 0.945326 0.167800 0.664790
1.201538 -0.081665 -0.653442 0.777052 0.180379 0.558936
1.190796 -0.099365 -0.634033 0.654347 0.208622 0.464000
1.176392 -0.111938 -0.620728 0.551104 0.237815 0.382830
1.158569 -0.113037 -0.616577 0.452608 0.291217 0.313764
1.130371 -0.116211 -0.617798 0.355298 0.334650 0.262973
1.104492 -0.120728 -0.616821 0.259888 0.353637 0.234492
1.092285 -0.125488 -0.615234 0.155458 0.357434 0.216929
1.079712 -0.133911 -0.596558 0.043908 0.360045 0.200315
1.070435 -0.141724 -0.577026 -0.061471 0.361232 0.175632
1.060913 -0.152344 -0.559326 -0.150474 0.346992 0.145490
1.057129 -0.155762 -0.564087 -0.215268 0.335599 0.112262
1.050171 -0.165161 -0.562134 -0.263210 0.307593 0.079746
1.053833 -0.175781 -0.565063 -0.308542 0.273179 0.051266
1.062378 -0.185791 -0.577515 -0.369064 0.273416 0.018750
1.061279 -0.175537 -0.586304 -0.448098 0.311153 -0.026107
1.026245 -0.192627 -0.606079 -0.536389 0.349128 -0.080933
1.001099 -0.171265 -0.628784 -0.638683 0.345805 -0.122468
0.999268 -0.167480 -0.652832 -0.752843 0.335362 -0.129825
0.972412 -0.175781 -0.671875 -0.865105 0.344855 -0.116534
0.983765 -0.161621 -0.686279 -0.979503 0.399206 -0.094936
0.989380 -0.141968 -0.711182 -1.103395 0.449285 -0.078797
0.986816 -0.126465 -0.716675 -1.246274 0.502687 -0.085205
0.982544 -0.132690 -0.731323 -1.402206 0.549205 -0.110363
0.972534 -0.132324 -0.729492 -1.560275 0.552528 -0.133148
0.981445 -0.133179 -0.720093 -1.734245 0.551816 -0.140980
0.997925 -0.113281 -0.701538 -1.944529 0.553003 -0.148575
1.007568 -0.110718 -0.644897 -2.173088 0.569617 -0.176819
1.007568 -0.108643 -0.581787 -2.394052 0.585044 -0.227609
1.015991 -0.108398 -0.498413 -2.594129 0.584332 -0.280062
1.023804 -0.113037 -0.426270 -2.758606 0.610202 -0.309966
1.034058 -0.135742 -0.346313 -2.883210 0.662891 -0.328954
1.038696 -0.191650 -0.255005 -2.959871 0.705138 -0.355536
1.020508 -0.193970 -0.134155 -2.972212 0.709885 -0.406327
1.001465 -0.185913 -0.023315 -2.898400 0.647939 -0.450472
0.984253 -0.173950 0.085327 -2.757419 0.468272 -0.461152
0.985596 -0.165283 0.141846 -2.587484 0.239951 -0.417719
0.981445 -0.175293 0.195679 -2.416599 0.076424 -0.345805
0.983154 -0.184570 0.245239 -2.264701 -0.030854 -0.294777
0.988892 -0.171631 0.284546 -2.101411 -0.083306 -0.282198
0.989746 -0.171631 0.293213 -1.883770 -0.129113 -0.299761
0.987793 -0.146118 0.304565 -1.611778 -0.170410 -0.326580
0.967529 -0.132935 0.292358 -1.326257 -0.159493 -0.328479
0.940918 -0.108398 0.276001 -1.078237 -0.090189 -0.300235
0.913208 -0.087891 0.253540 -0.898333 -0.022547 -0.257989
0.885132 -0.072021 0.234985 -0.789868 -0.008070 -0.225948
0.863403 -0.075562 0.228271 -0.731957 -0.060759 -0.211470
0.844971 -0.082886 0.229492 -0.684489 -0.159730 -0.197704
0.832275 -0.107056 0.240234 -0.623018 -0.270568 -0.179192
0.816406 -0.132568 0.255127 -0.533066 -0.353400 -0.147626
0.790527 -0.150879 0.260254 -0.393985 -0.368589 -0.095648
0.763184 -0.164307 0.254395 -0.201027 -0.366928 -0.021598
0.729004 -0.168091 0.240112 0.021598 -0.399681 0.066218
0.708130 -0.168945 0.222412 0.247546 -0.449997 0.155458
0.689453 -0.173828 0.199585 0.449760 -0.517164 0.234492
0.668701 -0.195679 0.189697 0.617797 -0.622544 0.300473
0.656250 -0.222412 0.190186 0.759964 -0.778476 0.362181
0.663086 -0.255249 0.203247 0.907115 -0.955057 0.427925
0.678711 -0.284912 0.213867 1.090579 -1.090104 0.509332
0.680176 -0.324341 0.202637 1.338362 -1.141607 0.611863
0.681519 -0.346313 0.162842 1.677046 -1.095800 0.744536
0.669189 -0.378540 0.094604 2.082661 -0.998016 0.902130
0.687866 -0.388916 0.026611 2.495158 -0.936307 1.063522
0.708008 -0.376465 -0.050659 2.861137 -0.975231 1.202841
0.729614 -0.378906 -0.115601 3.154252 -1.059250 1.315103
0.739990 -0.385010 -0.153687 3.345311 -1.147303 1.389865
0.764160 -0.389160 -0.217407 3.458048 -1.241527 1.438282
0.788818 -0.411255 -0.302246 3.571496 -1.310118 1.481003
0.828735 -0.445679 -0.407104 3.722208 -1.283299 1.580686
0.889648 -0.445313 -0.500244 3.869833 -1.167240 1.717632
0.971313 -0.427979 -0.603271 3.949105 -1.034329 1.829656
1.047363 -0.419678 -0.671143 3.916352 -0.902605 1.830843
1.085449 -0.416870 -0.715942 3.757097 -0.828318 1.681319
1.093018 -0.423950 -0.740967 3.519756 -0.797226 1.456795
1.093262 -0.449219 -0.754395 3.278144 -0.776577 1.258615
1.079224 -0.503296 -0.769531 3.060503 -0.768033 1.130689
1.089111 -0.521240 -0.779053 2.853305 -0.734093 1.057826
1.111938 -0.511353 -0.806519 2.646581 -0.665739 1.002763
1.127075 -0.491943 -0.833740 2.427991 -0.566294 0.924678
1.145264 -0.441650 -0.882324 2.169290 -0.450947 0.807906
1.138184 -0.417114 -0.882690 1.841998 -0.290979 0.664790
1.099487 -0.414063 -0.860718 1.451336 -0.126502 0.520487
1.058838 -0.422241 -0.806763 1.047145 -0.001424 0.400156
1.017700 -0.457275 -0.732666 0.695644 0.041535 0.313289
0.989380 -0.496216 -0.655518 0.424602 0.004984 0.242087
0.976318 -0.517822 -0.587036 0.249682 -0.063370 0.173733
0.963745 -0.541626 -0.543457 0.170410 -0.102294 0.118907
0.951904 -0.557617 -0.509399 0.155458 -0.082120 0.088528
0.942261 -0.555664 -0.503052 0.160917 -0.010443 0.077848
0.922363 -0.541992 -0.501831 0.154034 0.073338 0.075474
0.908447 -0.527832 -0.497925 0.117483 0.115822 0.072863
0.905273 -0.519531 -0.487671 0.042484 0.113686 0.063607
0.895508 -0.519775 -0.463013 -0.055775 0.098496 0.048655
0.882568 -0.530640 -0.423828 -0.156645 0.085917 0.032278
0.875244 -0.536865 -0.395020 -0.235204 0.071439 0.018275
0.867920 -0.546265 -0.368530 -0.275552 0.059572 0.007595
0.868530 -0.551636 -0.343994 -0.285046 0.053639 -0.008307
