0.464478 0.596802 0.007080 -0.171597 1.139233 -0.123892
0.704956 0.336914 0.020752 -0.092800 0.899994 0.054826
0.650757 0.368896 0.095947 -0.051503 1.000389 -0.020411
0.546143 0.409912 0.200928 -0.003085 1.059012 0.051740
0.515381 0.453247 0.131714 0.063607 1.116211 0.275552
0.511353 0.258667 0.252686 -0.013528 1.208299 0.528557
0.468384 0.197754 0.419678 -0.084018 1.304659 0.582670
0.438965 0.244873 0.549438 0.000949 1.029819 0.626341
0.465088 0.246704 0.620483 0.239951 0.581246 0.683303
0.552979 0.175171 0.647949 0.545408 0.144540 0.784172
0.682739 0.093872 0.647095 0.905691 -0.183464 0.906877
0.818726 0.036865 0.616943 1.335039 -0.355298 1.011544
0.936646 0.024658 0.549072 1.821824 -0.440504 1.042399
1.020508 0.050537 0.445190 2.305049 -0.504348 0.968111
1.063599 0.095581 0.270996 2.758843 -0.541136 0.815264
1.092529 0.121704 0.038208 3.116753 -0.520250 0.600471
1.123413 0.163086 -0.193726 3.270074 -0.467560 0.390187
1.199341 0.214111 -0.411865 3.226878 -0.394460 0.197942
1.278198 0.247437 -0.526978 3.060028 -0.487972 -0.089952
1.253784 0.238159 -0.579590 2.831470 -0.559174 -0.485361
1.192383 0.187378 -0.560181 2.616439 -0.457592 -0.837811
1.151733 0.145874 -0.559937 2.533845 -0.503873 -1.086306
1.096924 0.116699 -0.622681 2.527199 -0.684252 -1.236543
1.008911 0.099854 -0.764282 2.492785 -0.775153 -1.231321
0.940552 0.140625 -0.943237 2.408292 -0.732195 -1.063285
0.915405 0.218018 -1.102905 2.276331 -0.547544 -0.803634
0.942139 0.294556 -1.223877 2.092155 -0.346992 -0.571515
0.942871 0.333008 -1.323120 1.875700 -0.221438 -0.474206
0.921387 0.339600 -1.404419 1.645005 -0.192720 -0.463051
0.846680 0.368530 -1.462524 1.394849 -0.201739 -0.464238
0.828003 0.401611 -1.557495 1.134961 -0.221676 -0.417956
0.811523 0.413574 -1.609131 0.723176 -0.251106 -0.366216
0.802734 0.393433 -1.554321 0.211233 -0.247546 -0.315425
0.794678 0.359497 -1.467407 -0.225948 -0.139319 -0.260125
0.793335 0.329102 -1.424072 -0.546595 -0.018513 -0.191059
0.797607 0.304932 -1.354248 -0.843982 0.140980 -0.125790
0.821899 0.275879 -1.283325 -1.101259 0.231407 -0.070015
0.830200 0.256470 -1.243652 -1.331242 0.284808 -0.027531
0.828979 0.254639 -1.161133 -1.584246 0.389238 0.004035
0.819458 0.239258 -1.067017 -1.847219 0.522861 0.027769
0.834839 0.226929 -0.969971 -2.095952 0.636072 0.069066
0.854736 0.222046 -0.870605 -2.313593 0.736467 0.112025
0.835571 0.214600 -0.763794 -2.488513 0.804109 0.127452
0.850342 0.222900 -0.655884 -2.603148 0.773017 0.140268
0.861328 0.238770 -0.576660 -2.689777 0.700154 0.143828
0.852661 0.260986 -0.486572 -2.790172 0.688049 0.126977
0.824463 0.272217 -0.389160 -2.895789 0.716293 0.140743
0.792969 0.268066 -0.282227 -2.980519 0.765422 0.175157
0.792847 0.277832 -0.172974 -2.986453 0.610677 0.204587
0.792358 0.344604 -0.113159 -2.943969 0.423415 0.221913
0.801270 0.368530 -0.046997 -2.962481 0.365029 0.286232
0.858154 0.323608 0.057983 -3.050535 0.389950 0.391137
0.864990 0.275757 0.163574 -3.120313 0.454507 0.446437
0.861328 0.278442 0.251587 -3.115566 0.511468 0.461390
0.867065 0.279419 0.313232 -3.072607 0.522623 0.485361
0.902832 0.256592 0.411865 -2.978621 0.425551 0.509570
0.926025 0.257568 0.453857 -2.796581 0.269144 0.490345
0.938965 0.294800 0.459229 -2.562088 0.082832 0.440266
0.929932 0.320068 0.475952 -2.366045 -0.023971 0.377371
0.933594 0.324219 0.516113 -2.237170 -0.043908 0.334887
0.888550 0.290161 0.631714 -2.102360 0.095885 0.295726
0.866821 0.271362 0.663696 -1.853153 0.132673 0.266296
0.822388 0.252441 0.690430 -1.564310 0.211708 0.232119
0.784180 0.238159 0.711426 -1.256005 0.206486 0.223100
0.714355 0.213623 0.755859 -0.917083 0.124604 0.237340
0.736694 0.237061 0.673462 -0.548493 -0.112499 0.288606
0.725220 0.213501 0.662476 -0.225711 -0.170173 0.332039
0.731323 0.209595 0.625610 0.089240 -0.315663 0.393273
0.718262 0.210449 0.587402 0.363131 -0.403478 0.456405
0.689575 0.210083 0.537476 0.590740 -0.471120 0.514554
0.684570 0.197021 0.484497 0.759014 -0.511706 0.615186
0.679932 0.175415 0.455811 0.895722 -0.501500 0.712970
0.686035 0.169189 0.442505 1.047145 -0.478003 0.787970
0.695068 0.156982 0.423340 1.209961 -0.451184 0.852526
0.685913 0.142090 0.403320 1.361147 -0.405615 0.913760
0.687622 0.110962 0.372559 1.525149 -0.363843 0.968348
0.690918 0.087524 0.345215 1.714546 -0.372862 1.018902
0.704834 0.061768 0.330200 1.938595 -0.411548 1.068031
0.703613 0.015747 0.294800 2.163357 -0.475155 1.141132
0.737915 -0.025391 0.253540 2.367944 -0.488446 1.270008
0.773560 -0.070923 0.205688 2.577990 -0.461152 1.422855
0.855225 -0.083740 0.127197 2.804175 -0.438130 1.588993
0.949463 -0.079834 0.061279 2.995472 -0.385441 1.717394
1.070801 -0.075073 -0.004395 3.161135 -0.316375 1.784562
1.170654 -0.060669 -0.128418 3.334868 -0.195806 1.744926
1.246216 -0.026001 -0.231812 3.501956 -0.328242 1.554579
1.244141 0.008911 -0.361450 3.599028 -0.566057 1.274992
1.251099 0.025146 -0.472534 3.551560 -0.616135 1.008222
1.258667 -0.020874 -0.547607 3.431228 -0.422466 0.803634
1.307373 -0.059326 -0.648315 3.296419 -0.201265 0.679505
1.382446 -0.022949 -0.718994 3.130281 0.027057 0.591452
1.497314 0.070313 -0.793579 2.907656 0.448336 0.462102
1.407471 0.062012 -0.789185 2.550459 0.969772 0.260362
1.319458 0.089355 -0.775146 2.129654 1.481241 0.144303
1.208618 0.086914 -0.688232 1.709562 1.890415 0.063370
1.075195 0.080688 -0.631836 1.417159 1.842710 -0.024209
0.994995 0.096191 -0.603149 1.204739 1.336938 -0.075237
0.981812 0.103882 -0.597900 1.014155 0.852526 -0.048892
0.982056 0.082397 -0.586060 0.810280 0.522623 0.034652
1.004028 0.080200 -0.550171 0.586468 0.283147 0.123417
1.056763 0.072998 -0.495972 0.356248 0.098496 0.172784
1.096313 0.062012 -0.432739 0.137420 -0.014003 0.179192
1.122314 0.057007 -0.368652 -0.045332 -0.072863 0.156645
1.138428 0.027222 -0.319580 -0.190347 -0.090664 0.131487
1.153809 -0.009766 -0.266235 -0.282672 -0.068591 0.121756
1.171387 -0.027588 -0.209839 -0.317799 0.063133 0.142167
1.184692 -0.026489 -0.171387 -0.304270 0.209334 0.173496
1.188232 -0.034790 -0.157227 -0.238052 0.236154 0.168037
1.178101 -0.024902 -0.182739 -0.131961 0.157594 0.130774
1.165161 0.010864 -0.204712 -0.054588 0.099683 0.093275
1.157227 0.027832 -0.217896 -0.045569 0.072151 0.058860
1.153442 0.030762 -0.207153 -0.090901 0.054351 0.031092
1.153809 0.036987 -0.193970 -0.145727 0.038686 0.003797
1.135620 0.034912 -0.179932 -0.197467 0.029905 -0.032753
1.112061 0.032471 -0.166504 -0.257989 0.025395 -0.056487
1.092163 0.021851 -0.142700 -0.308780 0.058386 -0.064794
1.072876 0.019897 -0.116821 -0.325156 0.107990 -0.065981
1.051758 0.019287 -0.091919 -0.317799 0.146914 -0.059572
1.036011 0.032593 -0.063965 -0.289555 0.171834 -0.052452
1.030762 0.034790 -0.052368 -0.238764 0.123892 -0.048655
1.032959 0.032959 -0.057373 -0.180853 0.032990 -0.050316
1.036743 0.042847 -0.068115 -0.131012 -0.039873 -0.059572
1.037964 0.055664 -0.074219 -0.090664 -0.099920 -0.080696
1.033936 0.059570 -0.082886 -0.069541 -0.138132 -0.105854
1.025757 0.056641 -0.087891 -0.076424 -0.122230 -0.119382
1.008179 0.057617 -0.083862 -0.096835 -0.062183 -0.117483
0.992432 0.055420 -0.079712 -0.105379 -0.050553 -0.109889
0.984375 0.045166 -0.092163 -0.102056 -0.087579 -0.102294
0.983765 0.054077 -0.097778 -0.103955 -0.080933 -0.077610
0.985352 0.061890 -0.101807 -0.116059 -0.043908 -0.060759
0.982056 0.062866 -0.082886 -0.130062 -0.047705 -0.058386
0.981201 0.058838 -0.077637 -0.138132 -0.047468 -0.045807
0.973755 0.050781 -0.085571 -0.123180 -0.044383 -0.025158
0.981567 0.053833 -0.083496 -0.095173 -0.069066 -0.027531
0.996094 0.056885 -0.068970 -0.061708 -0.075237 -0.039161
0.987793 0.053467 -0.076660 -0.029193 -0.051266 -0.041772
0.983521 0.052490 -0.088501 -0.006646 -0.041297 -0.038449
0.986206 0.055176 -0.096191 0.012816 -0.054114 -0.046044
0.990356 0.060669 -0.116821 0.027531 -0.069303 -0.052927
0.991943 0.062500 -0.134033 0.011867 -0.067167 -0.051266
0.996704 0.056396 -0.142700 -0.019937 -0.051978 -0.053639
0.999390 0.050293 -0.148438 -0.041297 -0.045095 -0.059335
0.996704 0.046875 -0.169922 -0.046756 -0.079509 -0.066455
1.008423 0.052612 -0.172119 -0.063133 -0.138844 -0.079272
1.019287 0.053589 -0.191406 -0.065269 -0.151898 -0.098734
1.020386 0.052490 -0.186401 -0.111787 -0.137420 -0.100870
1.024780 0.071533 -0.190674 -0.146676 -0.074288 -0.096597
1.037720 0.068604 -0.184326 -0.181565 -0.057436 -0.125078
1.061890 0.066284 -0.178955 -0.214793 -0.049604 -0.172072
1.072754 0.066162 -0.186157 -0.244698 0.054588 -0.217641
