0.939819 0.311035 -0.240845 -0.076186 -0.050079 0.019699
0.934814 0.317383 -0.235474 -0.058623 -0.085917 -0.015190
0.920410 0.321045 -0.243530 -0.055063 -0.151423 -0.036313
0.923950 0.319580 -0.274536 -0.056962 -0.168274 -0.033228
0.983032 0.315308 -0.201050 -0.078322 -0.006171 -0.001187
0.963257 0.341797 -0.248779 -0.100632 -0.226185 -0.012579
0.961304 0.318359 -0.241089 -0.075000 -0.189398 -0.041535
0.940430 0.195679 -0.397827 -0.029193 -0.169698 -0.092325
0.953613 0.348145 -0.233887 -0.053164 0.543272 -0.150474
0.956177 0.383057 -0.177490 -0.213369 0.477529 -0.156170
0.945313 0.355957 -0.248901 -0.290505 0.026107 -0.143828
0.983398 0.328247 -0.191895 -0.249207 -0.089003 -0.153797
0.982788 0.336304 -0.184814 -0.134097 -0.110838 -0.183464
0.959717 0.335815 -0.223145 -0.060996 -0.103955 -0.208147
0.941528 0.355103 -0.221313 -0.031566 -0.060522 -0.200315
0.924805 0.349365 -0.235962 -0.032516 -0.034177 -0.162341
0.924316 0.336548 -0.246826 -0.070490 -0.015427 -0.123180
0.921875 0.356689 -0.231079 -0.103718 -0.008544 -0.111787
0.920776 0.348022 -0.240723 -0.121756 -0.051028 -0.127452
0.924683 0.362549 -0.245361 -0.129350 -0.120094 -0.157831
0.933228 0.348267 -0.247437 -0.127452 -0.150948 -0.182515
0.925049 0.357910 -0.240967 -0.127689 -0.148575 -0.198179
0.923096 0.359253 -0.230835 -0.136233 -0.077610 -0.196043
0.921021 0.363525 -0.238403 -0.144303 0.006171 -0.166850
0.910278 0.371216 -0.232544 -0.153084 0.116534 -0.115822
0.907715 0.368042 -0.231323 -0.163053 0.171360 -0.061471
0.912476 0.373413 -0.234741 -0.173733 0.161866 -0.031804
0.921021 0.368652 -0.240845 -0.189398 0.121518 -0.049604
0.923340 0.361084 -0.243042 -0.213369 0.060522 -0.102294
0.925171 0.371216 -0.246094 -0.241375 0.008307 -0.165664
0.925415 0.376465 -0.234497 -0.267008 -0.037737 -0.210996
0.926147 0.379761 -0.228394 -0.286707 -0.063133 -0.236628
0.930908 0.372803 -0.216309 -0.295963 -0.072626 -0.239239
0.918945 0.376099 -0.206421 -0.292166 -0.056724 -0.229508
0.908569 0.378784 -0.190308 -0.281723 -0.026819 -0.217404
0.906616 0.372314 -0.191528 -0.264872 -0.043196 -0.209334
0.896362 0.364014 -0.188110 -0.251106 -0.086629 -0.206961
0.882690 0.368896 -0.180298 -0.247309 -0.113211 -0.217166
0.865967 0.364868 -0.164307 -0.254191 -0.147151 -0.232119
0.851685 0.371582 -0.157471 -0.270331 -0.191296 -0.245885
0.847168 0.350342 -0.144043 -0.279350 -0.265109 -0.253242
0.841187 0.356201 -0.120117 -0.266296 -0.351738 -0.260837
0.835449 0.343384 -0.101929 -0.229508 -0.371675 -0.268907
0.821167 0.329102 -0.075439 -0.167088 -0.368352 -0.263448
0.797607 0.321411 -0.079102 -0.093275 -0.338447 -0.239476
0.776123 0.314453 -0.069702 -0.026107 -0.318511 -0.192483
0.779419 0.289429 -0.063354 0.028006 -0.293827 -0.125316
0.770508 0.279663 -0.028931 0.069066 -0.237340 -0.049129
0.764893 0.277344 -0.012085 0.121756 -0.178717 0.014715
0.757080 0.261108 0.007324 0.200078 -0.220726 0.043908
0.740967 0.255615 0.041382 0.291217 -0.353874 0.040823
0.727295 0.241089 0.053833 0.379982 -0.483462 0.028956
0.716919 0.211182 0.088135 0.462814 -0.558936 0.035364
0.695557 0.192627 0.097534 0.557275 -0.553478 0.068591
0.679810 0.170410 0.096558 0.683777 -0.481326 0.142404
0.667725 0.167725 0.071167 0.842795 -0.405140 0.251343
0.664307 0.159424 0.053467 1.001101 -0.354824 0.362893
0.670776 0.160156 0.031250 1.155135 -0.339871 0.443114
0.665283 0.142212 0.014526 1.295166 -0.419618 0.491532
0.661987 0.121216 0.019531 1.411937 -0.547544 0.524522
0.686035 0.089844 0.004883 1.503788 -0.663603 0.562971
0.730103 0.040283 -0.001343 1.599199 -0.687100 0.620882
0.762329 0.026001 -0.050293 1.721192 -0.616373 0.683540
0.784668 0.012573 -0.128052 1.915336 -0.493905 0.745723
0.788330 0.005615 -0.205566 2.137724 -0.377846 0.814315
0.813599 -0.003784 -0.264648 2.309558 -0.303084 0.901656
0.866455 -0.019531 -0.274292 2.393339 -0.273891 0.989234
0.934448 -0.009521 -0.308472 2.408529 -0.305932 1.028870
0.995605 -0.021606 -0.312256 2.396425 -0.366216 0.983063
1.025757 -0.008789 -0.360474 2.402833 -0.442877 0.859884
1.016357 -0.003906 -0.443970 2.460981 -0.501263 0.733381
1.017944 0.016602 -0.550537 2.558291 -0.476579 0.673097
1.023560 0.042358 -0.673706 2.618575 -0.341533 0.686151
1.043701 0.079102 -0.782593 2.568022 -0.125553 0.737179
1.061279 0.114746 -0.883179 2.390254 0.097310 0.777052
1.067383 0.130737 -0.927734 2.114227 0.238764 0.776577
1.083740 0.131958 -0.941040 1.785274 0.254903 0.725549
1.105469 0.129028 -0.941772 1.490260 0.187024 0.642480
1.130981 0.119507 -0.939453 1.261938 0.104667 0.546120
1.135376 0.098145 -0.929443 1.095325 0.104904 0.443826
1.116821 0.084961 -0.924072 0.957905 0.191296 0.356485
1.086426 0.074951 -0.917358 0.835200 0.313764 0.309017
1.057373 0.074951 -0.913818 0.714632 0.398020 0.293827
1.048340 0.080566 -0.912842 0.589553 0.420804 0.282435
1.024902 0.076294 -0.908081 0.461152 0.385678 0.253954
1.008179 0.068237 -0.906616 0.341058 0.302134 0.221676
1.000366 0.057983 -0.917358 0.226660 0.218828 0.202214
0.997559 0.046875 -0.916138 0.121993 0.172309 0.203163
0.998535 0.037720 -0.919678 0.031092 0.172784 0.206486
0.986572 0.025269 -0.916016 -0.053876 0.215980 0.204113
0.964722 0.009277 -0.917236 -0.143116 0.265584 0.200315
0.949463 -0.004395 -0.918823 -0.239476 0.301659 0.203401
0.937500 -0.019043 -0.925781 -0.342007 0.316137 0.206486
0.906860 -0.033936 -0.916626 -0.445725 0.304270 0.193195
0.888428 -0.039185 -0.920288 -0.547069 0.261786 0.178480
0.876953 -0.052856 -0.922485 -0.637733 0.209334 0.181091
0.861328 -0.067383 -0.927124 -0.728872 0.195806 0.199841
0.841797 -0.065796 -0.930664 -0.832827 0.232831 0.224524
0.825806 -0.062134 -0.946167 -0.946750 0.274128 0.254666
0.818481 -0.052002 -0.950684 -1.065183 0.289318 0.285046
0.824341 -0.053345 -0.956543 -1.190261 0.290505 0.308542
0.830200 -0.054321 -0.964844 -1.317476 0.296913 0.333700
0.846680 -0.054443 -0.962769 -1.453235 0.303321 0.358858
0.860962 -0.051514 -0.941650 -1.608692 0.291454 0.373336
0.872803 -0.056885 -0.894409 -1.778628 0.255378 0.368352
0.884033 -0.064209 -0.817749 -1.947852 0.179429 0.356485
0.908203 -0.081543 -0.742188 -2.098563 0.080458 0.353400
0.929077 -0.096191 -0.647339 -2.220081 0.000475 0.364317
0.965820 -0.109375 -0.566162 -2.297691 -0.058623 0.374286
0.995605 -0.127197 -0.479858 -2.318577 -0.072863 0.374998
1.004150 -0.127441 -0.388916 -2.294369 -0.053876 0.367877
1.016968 -0.120117 -0.321899 -2.252122 -0.059810 0.345567
1.015625 -0.106934 -0.237427 -2.204891 -0.101107 0.313289
1.023560 -0.108154 -0.168335 -2.166917 -0.153797 0.280299
1.033325 -0.120728 -0.103394 -2.131316 -0.190822 0.253242
1.046875 -0.122070 -0.054810 -2.080288 -0.204113 0.228084
1.059448 -0.123535 -0.026733 -1.994608 -0.198891 0.191534
1.067139 -0.111450 -0.004395 -1.876650 -0.192720 0.135759
1.056274 -0.110840 0.021118 -1.755606 -0.182989 0.072863
1.040039 -0.101929 0.048584 -1.662331 -0.161391 0.024446
1.036377 -0.095947 0.094360 -1.593740 -0.143116 0.000712
1.026978 -0.103882 0.150879 -1.526573 -0.127926 -0.005459
1.019043 -0.107422 0.207642 -1.437807 -0.122230 -0.011867
1.011597 -0.111694 0.250610 -1.304659 -0.135047 -0.020411
0.994019 -0.106567 0.275513 -1.122620 -0.162815 -0.034177
0.978271 -0.094360 0.275391 -0.910200 -0.157119 -0.052690
0.943237 -0.085449 0.260376 -0.693746 -0.102294 -0.065743
0.903687 -0.070923 0.234741 -0.498889 -0.045569 -0.066218
0.879150 -0.060791 0.208130 -0.338922 -0.029905 -0.062895
0.851440 -0.060547 0.197754 -0.215742 -0.034889 -0.056724
0.825195 -0.068726 0.184814 -0.118907 -0.047705 -0.044383
0.807129 -0.080566 0.181519 -0.022785 -0.082357 -0.019937
0.787476 -0.096313 0.180298 0.086155 -0.133623 0.010918
0.763428 -0.115479 0.175171 0.207673 -0.168037 0.040111
0.738159 -0.144165 0.162109 0.348416 -0.193907 0.070015
0.709351 -0.165405 0.158813 0.510756 -0.214318 0.107752
0.685791 -0.192017 0.155762 0.671673 -0.211708 0.151423
0.655518 -0.218140 0.163940 0.809568 -0.213369 0.196280
0.631104 -0.255249 0.193237 0.931561 -0.248258 0.241375
0.625854 -0.297974 0.220825 1.063285 -0.312815 0.287419
0.630859 -0.348389 0.253052 1.220641 -0.383067 0.335836
0.656860 -0.382690 0.234253 1.414311 -0.428874 0.383542
0.671387 -0.427124 0.197144 1.655686 -0.425314 0.437655
0.675781 -0.444702 0.101196 1.951174 -0.418194 0.504823
0.703857 -0.428955 -0.042236 2.252359 -0.450709 0.582196
0.732544 -0.389648 -0.185303 2.509161 -0.493193 0.641768
0.772583 -0.337158 -0.325073 2.666518 -0.500076 0.659569
0.787842 -0.313477 -0.422363 2.701882 -0.459728 0.656246
0.798584 -0.310303 -0.495239 2.631866 -0.421279 0.665502
0.829590 -0.321289 -0.532471 2.520317 -0.384491 0.707986
