0.342773 0.179199 0.416138 -1.866444 0.605218 -1.855764
0.407227 0.074707 0.433838 -1.809482 1.180531 -1.683929
0.363892 0.063354 0.534424 -1.717632 1.291131 -1.506399
0.274292 0.036133 0.578003 -1.622458 1.392950 -1.374912
0.250610 0.010254 0.574341 -1.498567 1.494532 -1.239154
0.211304 -0.041138 0.608154 -1.322697 1.126417 -1.135911
0.149902 -0.063477 0.664795 -1.112414 0.516690 -0.988997
0.155029 -0.088257 0.692871 -0.846355 0.147388 -0.818349
0.130859 -0.090088 0.707642 -0.522623 -0.021123 -0.650787
0.087646 -0.076660 0.703125 -0.165426 -0.079272 -0.454032
0.077515 -0.084595 0.679321 0.200553 -0.107040 -0.228084
0.042603 -0.113525 0.659668 0.551579 -0.074050 0.006646
0.015503 -0.139038 0.645386 0.875548 0.014952 0.246359
0.008423 -0.155396 0.607910 1.184091 0.075712 0.502924
0.019897 -0.159912 0.552490 1.478630 0.087104 0.794378
0.057983 -0.143433 0.488525 1.753945 0.106803 1.122620
0.099121 -0.146362 0.407349 1.996032 0.224761 1.469848
0.135254 -0.153931 0.337891 2.189702 0.416532 1.818027
0.173462 -0.175049 0.267456 2.316441 0.628002 2.169528
0.206665 -0.181641 0.208374 2.364859 0.799125 2.519842
0.266602 -0.203613 0.164063 2.343735 0.954345 2.873004
0.335205 -0.228149 0.156250 2.270160 1.004661 3.231388
0.392944 -0.255249 0.162231 2.201806 1.014392 3.597604
0.472900 -0.297729 0.171265 2.207027 1.025073 3.974738
0.550537 -0.371826 0.176880 2.344210 0.904266 4.358754
0.689819 -0.411865 0.146118 2.644920 0.665265 4.727344
0.854370 -0.324097 0.131104 3.110344 0.336074 5.056297
1.043335 -0.248047 0.058716 3.691828 0.307593 5.340394
1.297974 -0.199829 0.004761 4.274973 0.672622 5.583668
1.513062 -0.232788 0.004517 4.740872 1.167714 5.730819
1.686523 -0.234863 -0.062378 5.022595 1.500940 5.658905
1.821899 -0.054443 -0.274658 5.178528 1.525386 5.314761
2.118652 0.074463 -0.625244 5.334460 1.188600 4.834621
2.372070 0.247314 -0.944824 5.509617 0.742875 4.353533
2.419678 0.439697 -1.168945 5.539760 0.807194 3.852270
2.343140 0.557983 -1.339966 5.216027 1.515892 3.271736
2.230957 0.651978 -1.413208 4.426634 2.229100 2.596265
1.898804 0.677734 -1.402344 3.280043 2.279416 1.915811
1.732788 0.809326 -1.360962 2.064148 1.616050 1.435671
1.776733 0.598389 -1.246582 1.041212 0.926814 1.263600
1.970337 0.496216 -1.138916 0.335362 0.763286 1.432111
1.970703 0.510742 -1.046875 -0.054826 0.785596 1.617237
2.014160 0.503540 -0.938965 -0.148812 0.977130 1.652600
2.093628 0.469727 -0.905151 -0.056487 1.092715 1.454184
2.071777 0.478027 -0.973389 0.077848 1.012731 0.990658
1.961182 0.488281 -1.081177 0.121756 0.600708 0.359096
1.872559 0.505249 -1.235840 -0.048655 0.014952 -0.322783
1.712036 0.469971 -1.373657 -0.469696 -0.638208 -0.921830
1.506958 0.374634 -1.402588 -1.081797 -1.063285 -1.375387
1.342285 0.271362 -1.332642 -1.789783 -1.121670 -1.654024
1.224365 0.177490 -1.207153 -2.487564 -0.931086 -1.750622
1.146484 0.110718 -1.059326 -3.077354 -0.597623 -1.700543
1.106812 0.056396 -0.939575 -3.509551 -0.279824 -1.579500
1.088013 0.019531 -0.857300 -3.795546 -0.170648 -1.458456
1.062012 -0.021118 -0.796997 -3.977111 -0.200553 -1.392001
1.015503 -0.057495 -0.770508 -4.107173 -0.282435 -1.393188
0.967896 -0.098511 -0.752563 -4.246017 -0.466611 -1.436383
0.898438 -0.150513 -0.717285 -4.440399 -0.733619 -1.480529
0.825317 -0.232910 -0.634399 -4.696964 -0.913523 -1.495481
0.782593 -0.339355 -0.501465 -4.977026 -1.065895 -1.464152
0.787964 -0.454102 -0.332764 -5.211993 -1.289944 -1.382270
0.821289 -0.521851 -0.146973 -5.332087 -1.513044 -1.270483
0.880249 -0.581665 0.068848 -5.297672 -1.674436 -1.157746
0.926147 -0.619629 0.317993 -5.098307 -1.774593 -1.055927
0.926025 -0.601807 0.618286 -4.740872 -1.743264 -0.974757
0.904419 -0.586060 0.909058 -4.236049 -1.619610 -0.906403
0.902588 -0.548950 1.110352 -3.601876 -1.546272 -0.802922
0.948975 -0.473877 1.220947 -2.854966 -1.575465 -0.623968
0.993164 -0.401001 1.256958 -2.041601 -1.650464 -0.381406
1.012085 -0.332642 1.240723 -1.228473 -1.651888 -0.133623
1.006714 -0.278809 1.184326 -0.486073 -1.569294 0.037025
1.004517 -0.212158 1.085693 0.128876 -1.556952 0.098022
0.996094 -0.149902 0.973633 0.580060 -1.680607 0.075712
0.971924 -0.105103 0.863281 0.870089 -1.844371 0.024921
0.940674 -0.074463 0.758179 1.032668 -1.904893 -0.004035
0.884277 -0.079346 0.667969 1.123332 -1.822773 0.009019
0.826294 -0.082031 0.585693 1.185989 -1.685353 0.070253
0.781128 -0.068726 0.514404 1.243663 -1.536778 0.183464
0.742676 -0.076172 0.441406 1.295403 -1.326020 0.346517
0.725952 -0.095459 0.388428 1.345957 -1.028870 0.544221
0.688843 -0.150513 0.370850 1.402918 -0.700154 0.752606
0.644531 -0.200195 0.374878 1.482902 -0.467323 0.936070
0.639648 -0.210083 0.428223 1.607506 -0.431247 1.085832
0.660156 -0.251587 0.491089 1.778865 -0.500551 1.207350
0.717285 -0.305786 0.528198 2.021190 -0.576500 1.317001
0.781616 -0.368774 0.560303 2.361536 -0.680692 1.431162
0.870117 -0.430420 0.587158 2.838590 -0.749758 1.545797
0.995850 -0.463989 0.575439 3.461371 -0.663366 1.646430
1.094849 -0.495117 0.484375 4.188344 -0.447624 1.734720
1.172852 -0.465210 0.385864 4.920301 -0.172546 1.796429
1.222290 -0.444580 0.285767 5.523383 0.237578 1.826808
1.256348 -0.443970 0.133911 5.897906 0.621119 1.813280
1.284912 -0.442383 -0.133057 6.055500 0.757353 1.741128
1.316406 -0.425293 -0.429443 6.097984 0.718192 1.618898
1.382568 -0.371094 -0.761230 6.091339 0.663603 1.477918
1.423218 -0.326172 -1.087769 6.039361 0.574363 1.328631
1.436523 -0.231079 -1.364380 5.895058 0.546595 1.134012
1.449341 -0.129150 -1.567871 5.594348 0.499839 0.867953
1.420410 -0.045654 -1.675171 5.091187 0.398494 0.552291
1.389771 0.011230 -1.699829 4.362314 0.290979 0.214318
1.338013 0.035889 -1.673706 3.448554 0.210758 -0.099920
1.267578 0.001953 -1.561646 2.436298 0.131724 -0.344143
1.212891 -0.083984 -1.392578 1.434010 0.153559 -0.463051
1.161011 -0.193604 -1.259521 0.542560 0.209097 -0.428874
1.129028 -0.211670 -1.087158 -0.133623 0.440741 -0.279350
1.146729 -0.219604 -0.919800 -0.594775 0.717717 -0.112262
1.168579 -0.231689 -0.806519 -0.869377 0.762812 -0.023734
1.181641 -0.233643 -0.667847 -0.956244 0.433858 -0.054351
1.191162 -0.195435 -0.565552 -0.900706 -0.059572 -0.179667
1.185913 -0.172363 -0.511353 -0.760201 -0.504585 -0.366691
1.192383 -0.096436 -0.460571 -0.612575 -0.809805 -0.578636
1.210693 -0.030762 -0.452026 -0.544696 -0.954583 -0.819061
1.170654 -0.059692 -0.435425 -0.592639 -1.032193 -1.084170
1.114136 -0.229492 -0.463501 -0.737891 -1.239628 -1.296590
1.055908 -0.297119 -0.477783 -0.913997 -1.364232 -1.391289
0.978027 -0.268433 -0.454468 -1.069930 -1.080373 -1.371590
0.936157 -0.195801 -0.428589 -1.147066 -0.407513 -1.271907
0.943848 -0.112793 -0.421997 -1.153474 0.375947 -1.133300
0.976807 -0.001709 -0.412354 -1.125468 0.927288 -0.986861
1.012695 0.089844 -0.398315 -1.110278 1.126417 -0.860596
1.067749 0.092285 -0.387939 -1.153236 1.152762 -0.810517
1.103271 0.059326 -0.360596 -1.279264 1.133062 -0.848491
1.150513 0.035400 -0.338745 -1.470560 1.118585 -0.954820
1.173462 0.039551 -0.304077 -1.689388 1.125705 -1.096749
1.167603 0.045166 -0.259399 -1.894450 1.168426 -1.227999
1.172729 0.054810 -0.236572 -2.056791 1.203553 -1.324121
1.155396 0.069214 -0.216064 -2.170002 1.113601 -1.370878
1.104126 0.072998 -0.206421 -2.246663 0.927763 -1.362096
1.040039 0.078491 -0.226563 -2.295793 0.740502 -1.312492
0.985840 0.091431 -0.242798 -2.315254 0.562259 -1.242002
0.945068 0.095459 -0.234497 -2.299827 0.475630 -1.158221
0.925415 0.123535 -0.202637 -2.249037 0.548019 -1.086306
0.936035 0.146362 -0.159058 -2.166205 0.739315 -1.047383
0.946289 0.151367 -0.086914 -2.062250 0.898808 -1.050705
0.972046 0.127563 -0.066406 -1.950700 0.914947 -1.082746
0.990601 0.095459 -0.015747 -1.841761 0.498177 -1.119534
0.967651 0.061157 0.005859 -1.748486 -0.095173 -1.131639
0.942383 0.038330 -0.000977 -1.650227 -0.534253 -1.120484
0.938599 0.049072 -0.020386 -1.535592 -0.684489 -1.090341
0.948975 0.093018 -0.035034 -1.401020 -0.610914 -1.048332
0.953735 0.127808 -0.030640 -1.256242 -0.430298 -1.008934
0.964722 0.162720 -0.041992 -1.119297 -0.227135 -0.975469
0.974976 0.188721 -0.036133 -1.002288 -0.071677 -0.943428
0.965332 0.178833 -0.051880 -0.919456 0.039873 -0.907589
0.940674 0.165771 -0.052734 -0.869852 0.089240 -0.859172
0.928345 0.163330 -0.069580 -0.843033 0.126265 -0.795565
0.904663 0.170166 -0.078369 -0.829742 0.168986 -0.716293
0.891724 0.196289 -0.077271 -0.818349 0.204113 -0.629426
0.895264 0.214478 -0.069336 -0.805533 0.271280 -0.546832
0.894287 0.219482 -0.048462 -0.792005 0.346754 -0.468747
