0.312744 0.562866 -0.791138 -0.404428 0.393985 -0.299049
0.339966 0.538208 -0.725708 -0.421042 0.286232 -0.238527
0.411621 0.461426 -0.679688 -0.377608 0.148100 -0.148338
0.407104 0.408325 -0.604858 -0.290030 -0.010206 -0.077610
0.464844 0.398560 -0.623413 -0.174208 -0.041060 -0.033465
0.561157 0.323975 -0.618286 -0.128401 0.306644 -0.002373
0.554321 0.299194 -0.466187 -0.159967 0.569617 0.078085
0.685913 0.290894 -0.333008 -0.187736 0.427213 0.135759
0.828735 0.261719 -0.297119 -0.043196 0.097784 0.090901
0.908081 0.250366 -0.291504 0.230695 -0.283147 -0.060047
0.940186 0.234985 -0.342041 0.570091 -0.546595 -0.338922
0.940796 0.214722 -0.433960 0.916846 -0.775391 -0.740502
0.921875 0.148926 -0.545776 1.238679 -0.865817 -1.178157
0.889771 0.130981 -0.639893 1.484326 -0.732669 -1.566683
0.825562 0.099487 -0.710449 1.596588 -0.440029 -1.856238
0.758667 0.067871 -0.770020 1.550781 -0.014478 -2.019054
0.656006 0.046021 -0.817261 1.414785 0.338922 -2.090019
0.549438 0.064819 -0.857300 1.287571 0.627765 -2.133689
0.448730 0.100464 -0.895996 1.252207 0.712021 -2.211537
0.377441 0.107056 -0.942505 1.284486 0.582908 -2.330207
0.311768 0.119019 -0.983765 1.308220 0.373574 -2.474272
0.236694 0.111938 -1.039551 1.287571 0.267008 -2.618813
0.132813 0.124268 -1.105713 1.259802 0.256328 -2.759081
-0.012817 0.145874 -1.167480 1.270008 0.263685 -2.905282
-0.182617 0.198730 -1.206665 1.298489 0.255378 -3.041991
-0.369141 0.249756 -1.245850 1.319375 0.251818 -3.105123
-0.553955 0.302612 -1.318726 1.344295 0.249207 -3.065724
-0.718506 0.341553 -1.392456 1.394611 0.258464 -2.928779
-0.855591 0.366699 -1.471191 1.442317 0.235679 -2.695948
-0.947632 0.417725 -1.559692 1.459405 0.275789 -2.378387
-1.021851 0.461548 -1.636841 1.424991 0.361232 -2.006000
-1.062012 0.481079 -1.699219 1.317239 0.474443 -1.620085
-1.085693 0.500000 -1.749268 1.139233 0.597623 -1.254343
-1.075684 0.516357 -1.785400 0.918507 0.648176 -0.913760
-1.057129 0.526123 -1.787109 0.678081 0.623493 -0.608066
-1.037720 0.514038 -1.781372 0.422228 0.482513 -0.348890
-1.010498 0.506958 -1.759155 0.159730 0.260362 -0.140743
-0.990234 0.490845 -1.719482 -0.089715 -0.024209 0.036076
-0.970825 0.474976 -1.655273 -0.318036 -0.336549 0.202926
-0.942749 0.452881 -1.595459 -0.532829 -0.614949 0.384254
-0.902832 0.418823 -1.525391 -0.731008 -0.791055 0.598572
-0.847900 0.390015 -1.453491 -0.898808 -0.850153 0.842795
-0.801880 0.356079 -1.378296 -1.030057 -0.848017 1.089155
-0.741943 0.304810 -1.313477 -1.115737 -0.822384 1.318188
-0.675659 0.290161 -1.252563 -1.140183 -0.802685 1.523013
-0.608398 0.275513 -1.214355 -1.102920 -0.814789 1.718818
-0.546509 0.257324 -1.188110 -1.026022 -0.827606 1.910827
-0.471436 0.240845 -1.167236 -0.945801 -0.821197 2.097851
-0.385620 0.228149 -1.158569 -0.882194 -0.796277 2.283926
-0.285889 0.212891 -1.147217 -0.840897 -0.715818 2.472848
-0.176636 0.179321 -1.135620 -0.818824 -0.608066 2.652515
-0.056152 0.148315 -1.122070 -0.808381 -0.487734 2.808922
0.079834 0.136841 -1.105103 -0.794141 -0.361232 2.928542
0.214355 0.133057 -1.080200 -0.762574 -0.231407 3.001642
0.324341 0.165283 -1.042603 -0.713445 -0.104192 3.017782
0.423462 0.213745 -1.002075 -0.670249 -0.007358 2.965804
0.487671 0.245605 -0.971680 -0.641768 0.039873 2.846659
0.539063 0.279175 -0.943848 -0.613525 0.054114 2.675062
0.580566 0.322021 -0.908203 -0.576737 0.032516 2.470950
0.626343 0.344971 -0.894775 -0.530930 -0.045807 2.274907
0.658203 0.358643 -0.873413 -0.466136 -0.141929 2.095477
0.687622 0.371338 -0.845215 -0.394934 -0.215742 1.916997
0.722656 0.366699 -0.828247 -0.326818 -0.270568 1.740416
0.739502 0.364136 -0.812622 -0.263448 -0.299049 1.579500
0.755859 0.353149 -0.807251 -0.210996 -0.290030 1.443741
0.772095 0.344116 -0.806274 -0.170885 -0.227609 1.335514
0.796021 0.329956 -0.799561 -0.137895 -0.120332 1.253394
0.820068 0.320679 -0.787231 -0.095173 0.023971 1.172224
0.841431 0.334595 -0.772583 -0.033940 0.150236 1.073727
0.874390 0.362061 -0.768555 0.052690 0.217878 0.950073
0.893188 0.371216 -0.768188 0.155221 0.254191 0.790581
0.904785 0.380371 -0.765137 0.258226 0.287419 0.595724
0.899170 0.379395 -0.778320 0.346992 0.300947 0.385678
0.883057 0.372559 -0.797241 0.431247 0.310678 0.182040
0.856689 0.368164 -0.809082 0.513842 0.299286 -0.006408
0.829590 0.362793 -0.814087 0.587892 0.280536 -0.172784
0.803345 0.359375 -0.807861 0.637496 0.264872 -0.317799
0.789795 0.356323 -0.797974 0.652923 0.236628 -0.447149
0.773926 0.333130 -0.778809 0.641531 0.195094 -0.569854
0.766113 0.296875 -0.761963 0.616135 0.150948 -0.690423
0.750854 0.267944 -0.751343 0.598335 0.088765 -0.806482
0.721558 0.239014 -0.771484 0.624442 0.004272 -0.936070
0.681396 0.222900 -0.786255 0.716530 -0.102768 -1.095800
0.637695 0.210938 -0.815552 0.861308 -0.239002 -1.281163
0.578857 0.210693 -0.850830 1.021987 -0.364080 -1.465814
0.514038 0.216187 -0.910522 1.159882 -0.434807 -1.629816
0.436401 0.233154 -0.985718 1.253157 -0.438130 -1.748961
0.344238 0.234619 -1.064209 1.304659 -0.375947 -1.829656
0.230225 0.230713 -1.120728 1.323647 -0.309492 -1.897773
0.126709 0.240479 -1.193237 1.331479 -0.228796 -1.960905
0.034180 0.262939 -1.268677 1.343583 -0.174920 -2.008136
-0.070557 0.279297 -1.346924 1.343346 -0.196755 -2.014782
-0.176880 0.269043 -1.427734 1.298489 -0.250157 -1.969687
-0.270630 0.252930 -1.500000 1.202129 -0.246597 -1.866919
-0.323120 0.278442 -1.545898 1.057826 -0.167800 -1.692948
-0.350464 0.303589 -1.567871 0.875074 -0.043433 -1.460117
-0.360229 0.298462 -1.565186 0.666214 0.095885 -1.206875
-0.348999 0.302002 -1.555786 0.440741 0.202689 -0.975706
-0.311890 0.325928 -1.519043 0.217166 0.228796 -0.787258
-0.264282 0.326782 -1.472656 0.015427 0.209809 -0.654585
-0.235474 0.317261 -1.413330 -0.164239 0.162103 -0.577924
-0.214233 0.310303 -1.372559 -0.309966 0.038924 -0.545408
-0.193237 0.310303 -1.318604 -0.407988 -0.076186 -0.524522
-0.177002 0.290405 -1.268677 -0.463526 -0.146676 -0.484412
-0.158325 0.285156 -1.230835 -0.487972 -0.185125 -0.421991
-0.135376 0.283081 -1.194458 -0.489396 -0.196518 -0.350077
-0.163086 0.278076 -1.195435 -0.469934 -0.183939 -0.283859
-0.220703 0.319580 -1.270264 -0.448098 -0.296913 -0.209571
-0.262207 0.340942 -1.338989 -0.462339 -0.543509 -0.130300
-0.210083 0.333984 -1.340454 -0.537576 -0.690186 -0.042721
-0.165161 0.318359 -1.286011 -0.643192 -0.744299 0.023259
-0.098877 0.317871 -1.199219 -0.736704 -0.648176 0.066930
-0.017578 0.327637 -1.131104 -0.778713 -0.471832 0.109177
0.006714 0.290405 -1.098755 -0.764948 -0.233305 0.145252
0.019043 0.293823 -1.031982 -0.698492 -0.010443 0.173496
0.040161 0.314819 -1.021118 -0.573889 0.170648 0.204825
0.042603 0.321045 -1.016357 -0.426026 0.300235 0.223337
0.051636 0.340332 -1.016113 -0.276027 0.364080 0.224049
0.072266 0.363281 -1.028931 -0.155933 0.343906 0.193907
0.089478 0.363770 -1.071655 -0.086155 0.289792 0.140743
0.102417 0.370605 -1.105835 -0.058860 0.238052 0.081882
0.112183 0.370850 -1.136841 -0.063845 0.169224 0.028718
0.121094 0.357178 -1.149902 -0.082120 0.086629 -0.018513
0.134399 0.350220 -1.156006 -0.098496 0.011630 -0.056250
0.140991 0.345825 -1.150879 -0.099683 -0.031566 -0.078085
0.123291 0.335815 -1.146729 -0.075237 -0.037737 -0.083544
0.123291 0.349243 -1.124268 -0.040823 -0.041772 -0.073101
0.147461 0.345215 -1.136841 -0.000237 -0.034889 -0.050553
0.149048 0.345581 -1.131470 0.026345 -0.026582 -0.047231
0.137817 0.323242 -1.121704 0.032516 -0.007358 -0.053402
0.143311 0.333130 -1.122559 0.037262 0.033228 -0.067879
0.117554 0.312622 -1.116089 0.049604 0.096597 -0.072626
0.108887 0.307739 -1.093628 0.075949 0.135759 -0.070965
0.099243 0.310425 -1.087402 0.107990 0.135759 -0.063845
0.103149 0.305054 -1.070068 0.138369 0.098496 -0.052215
0.085327 0.311279 -1.068848 0.165189 0.072151 -0.041772
0.090942 0.312744 -1.067139 0.182040 0.032990 -0.038449
0.077393 0.316406 -1.077515 0.184651 -0.006171 -0.040348
0.066772 0.309326 -1.077515 0.170410 -0.032041 -0.046993
0.060913 0.316895 -1.094482 0.137420 -0.073101 -0.052927
0.057861 0.322266 -1.105225 0.093512 -0.097784 -0.052927
0.056152 0.324219 -1.116211 0.043433 -0.103480 -0.041535
0.063721 0.314209 -1.126709 -0.015190 -0.096597 -0.025158
0.075806 0.308350 -1.130615 -0.075000 -0.060759 -0.006883
0.083984 0.297852 -1.125732 -0.124841 -0.002848 0.015427
0.093384 0.296143 -1.118286 -0.156882 0.060522 0.038212
0.102295 0.290649 -1.114746 -0.171360 0.085205 0.060284
0.108643 0.285400 -1.119995 -0.169936 0.086867 0.076186
0.119629 0.287842 -1.120728 -0.158781 0.067642 0.089715
0.123779 0.294189 -1.119751 -0.150711 0.044857 0.098971
