0.735840 0.793335 0.092041 -0.271043 0.001424 -0.792479
0.580811 0.655151 0.166016 -0.292403 0.259888 -0.697543
0.491821 0.592651 0.195435 -0.285283 0.482987 -0.531642
0.381226 0.413208 0.131592 -0.259888 0.812416 -0.375235
0.357056 0.447144 0.167114 -0.264397 1.649752 -0.186787
0.360718 0.513916 0.347534 -0.358384 1.829419 0.098022
0.382080 0.500488 0.339600 -0.429823 1.812093 0.382118
0.368530 0.387817 0.354614 -0.466848 1.829656 0.633936
0.414795 0.291748 0.451782 -0.422940 1.942393 0.825469
0.457275 0.244141 0.468140 -0.298099 2.246901 0.890975
0.478516 0.209595 0.487061 -0.128876 2.433925 0.849678
0.400757 0.151001 0.461304 0.089003 2.366757 0.747147
0.263550 0.005859 0.410767 0.341295 1.948326 0.630613
0.176025 -0.091675 0.369995 0.616373 1.404817 0.586231
0.144531 -0.100342 0.380859 0.925390 0.920168 0.678319
0.146606 -0.051636 0.466187 1.213521 0.680929 0.899282
0.205933 -0.085083 0.523071 1.427127 0.681641 1.212572
0.289551 -0.140869 0.520386 1.573803 0.501025 1.588756
0.353149 -0.180786 0.611328 1.670164 0.238764 1.998168
0.458130 -0.255371 0.621582 1.785036 0.343669 2.429890
0.553711 -0.307617 0.564819 1.991997 0.668825 2.874903
0.429321 -0.432251 0.409668 2.329020 0.947700 3.315169
0.568726 -0.388916 0.358643 2.808685 0.735992 3.735973
0.763062 -0.426758 0.156250 3.371656 0.656009 4.156778
0.899780 -0.434448 -0.009644 3.967855 0.417007 4.574259
1.123047 -0.239990 -0.140503 4.485257 0.049367 4.926235
1.431519 -0.058960 -0.313965 4.772913 -0.118670 5.150047
1.776001 0.084106 -0.624023 4.758435 -0.093749 5.139129
1.923706 0.259033 -0.919678 4.407409 0.071914 4.767217
1.966797 0.316406 -1.156006 3.669755 0.484174 3.989453
1.991577 0.355957 -1.377930 2.670790 0.699916 3.010187
1.932739 0.480347 -1.479370 1.750147 0.338685 2.157898
1.885986 0.550537 -1.512817 1.143031 -0.132199 1.645955
1.880127 0.569336 -1.508545 0.853950 -0.298811 1.462965
1.906494 0.599487 -1.489014 0.764948 -0.188211 1.450861
1.960205 0.618774 -1.482544 0.720565 -0.060047 1.434010
1.981689 0.612305 -1.476196 0.604031 0.016376 1.326732
2.004639 0.594604 -1.496948 0.367877 0.159730 1.121907
2.040527 0.616821 -1.538818 0.050079 0.235679 0.843982
1.959473 0.600098 -1.524902 -0.314476 0.200790 0.486785
1.848267 0.583618 -1.465820 -0.752606 0.116771 0.017089
1.729370 0.485596 -1.408203 -1.259802 -0.079746 -0.491294
1.578125 0.306519 -1.346802 -1.769847 -0.393273 -0.915659
1.401123 0.187866 -1.269165 -2.207027 -0.530456 -1.156322
1.258179 0.147217 -1.175171 -2.559003 -0.387577 -1.192635
1.207397 0.102905 -1.082275 -2.838590 -0.213132 -1.084170
1.200562 0.026978 -1.019775 -3.066674 -0.130300 -0.930137
1.159302 -0.095459 -0.939209 -3.269600 -0.196992 -0.828792
1.127319 -0.174438 -0.833862 -3.474424 -0.388289 -0.812653
1.091431 -0.206543 -0.708862 -3.684945 -0.603319 -0.868903
1.037598 -0.280273 -0.561646 -3.880039 -0.845169 -0.981402
0.989746 -0.368530 -0.447266 -4.037395 -1.283774 -1.117873
0.964111 -0.441284 -0.285889 -4.133756 -1.813280 -1.237018
0.937622 -0.497925 -0.129150 -4.125686 -2.222454 -1.327444
0.861694 -0.560425 0.017090 -3.948868 -2.590332 -1.400308
0.759155 -0.611572 0.120728 -3.577905 -3.075930 -1.445640
0.725830 -0.616821 0.229858 -3.089696 -3.520706 -1.419295
0.715942 -0.604858 0.368652 -2.612405 -3.845150 -1.262413
0.671631 -0.540283 0.471436 -2.320476 -4.025528 -0.929662
0.615479 -0.437744 0.476196 -2.296030 -3.601876 -0.441216
0.645874 -0.354126 0.476807 -2.487326 -2.748400 0.122942
0.775513 -0.277588 0.510620 -2.803226 -1.970874 0.689474
0.970215 -0.196777 0.581665 -3.066437 -1.354976 1.150151
1.170410 -0.119507 0.705444 -3.134316 -1.003712 1.410039
1.314331 -0.064331 0.846436 -2.968652 -0.956007 1.418583
1.412720 -0.024170 1.013916 -2.606471 -1.209249 1.215657
1.438843 0.050903 1.137939 -2.112091 -1.518503 0.879346
1.409058 0.110596 1.168701 -1.563360 -1.677996 0.534965
1.346924 0.138428 1.113770 -1.042399 -1.582348 0.289318
1.246582 0.140625 1.010620 -0.612813 -1.269533 0.183227
1.116699 0.136597 0.898438 -0.310678 -0.875548 0.186075
0.987793 0.127563 0.789063 -0.131012 -0.488684 0.249207
0.864990 0.107788 0.699097 -0.040585 -0.120332 0.335836
0.761597 0.101196 0.625732 0.002373 0.130774 0.439554
0.691040 0.088623 0.567139 0.027531 0.221913 0.562496
0.642578 0.053223 0.533691 0.068591 0.225948 0.693746
0.609619 0.006348 0.513184 0.153559 0.193195 0.799837
0.578369 -0.056763 0.501221 0.295014 0.169936 0.856086
0.531860 -0.117432 0.527710 0.486073 0.128638 0.860833
0.467163 -0.167114 0.584961 0.700154 0.069541 0.838998
0.402344 -0.257568 0.686279 0.928238 0.072151 0.823808
0.318970 -0.406982 0.802490 1.194296 0.147388 0.859172
0.239746 -0.541870 0.935059 1.537965 0.244698 1.012731
0.200439 -0.700073 1.024902 1.961855 0.318036 1.365893
0.225830 -0.801636 1.026978 2.453861 0.309729 1.949988
0.321655 -0.827026 1.056763 2.985029 0.372624 2.695711
0.497437 -0.905273 1.037476 3.506703 0.633699 3.460896
0.721558 -0.959106 0.933472 4.046177 0.758777 4.076319
0.971924 -0.854004 0.794922 4.686047 0.392798 4.376792
1.294556 -0.759277 0.385254 5.397830 -0.234255 4.294435
1.558960 -0.698608 -0.105469 6.062858 -1.111227 3.850371
1.752930 -0.688721 -0.637085 6.484611 -1.799989 3.219046
1.971313 -0.719238 -1.218750 6.556525 -2.191838 2.590332
2.059814 -0.754517 -1.713623 6.308505 -2.269211 2.106870
2.071533 -0.648926 -2.106567 5.816973 -1.889229 1.766761
1.982544 -0.456543 -2.324951 5.150996 -1.105768 1.471035
1.825684 -0.383179 -2.337036 4.308201 -0.320884 1.107667
1.675415 -0.307373 -2.102905 3.280280 -0.205774 0.637733
1.609253 -0.269775 -1.838013 2.137487 -0.679031 0.169698
1.582642 -0.362183 -1.699829 1.153711 -1.183379 -0.146439
1.486328 -0.453125 -1.550903 0.568193 -1.299675 -0.320884
1.375488 -0.522827 -1.383545 0.340821 -1.018664 -0.453320
1.234009 -0.521973 -1.216553 0.255853 -0.693983 -0.574838
1.096069 -0.520996 -1.088379 0.178005 -0.378558 -0.682591
0.993774 -0.530518 -0.981201 0.087816 -0.077136 -0.763998
0.925659 -0.541748 -0.909790 0.007120 0.114398 -0.803634
0.864502 -0.543213 -0.871704 -0.042721 0.152610 -0.799599
0.837280 -0.535278 -0.833618 -0.054351 0.166138 -0.775391
0.820068 -0.519165 -0.786255 -0.028718 0.149524 -0.745486
0.797729 -0.506714 -0.715698 0.012104 0.073575 -0.711546
0.763794 -0.501831 -0.641724 0.039398 -0.050079 -0.663603
0.728271 -0.472412 -0.577759 0.035601 -0.143354 -0.583382
0.722778 -0.436401 -0.518066 -0.002373 -0.182989 -0.474681
0.735107 -0.412354 -0.458496 -0.067167 -0.181091 -0.364555
0.771973 -0.407959 -0.397583 -0.149524 -0.139081 -0.267008
0.818359 -0.405029 -0.351318 -0.221913 -0.094699 -0.197704
0.848633 -0.408569 -0.337524 -0.231881 -0.049604 -0.170648
0.873779 -0.391479 -0.335083 -0.160205 0.009968 -0.178717
0.866211 -0.367065 -0.339722 -0.046993 0.086155 -0.201977
0.846069 -0.349976 -0.355835 0.046993 0.116059 -0.231169
0.823730 -0.337158 -0.366821 0.084968 0.064319 -0.260362
0.809937 -0.322021 -0.375732 0.064794 -0.035601 -0.286707
0.810059 -0.302246 -0.384399 0.013528 -0.168274 -0.305457
0.812256 -0.298584 -0.378418 -0.042721 -0.336311 -0.315663
0.809326 -0.312134 -0.359253 -0.091613 -0.528082 -0.313289
0.815674 -0.309082 -0.327881 -0.128164 -0.700154 -0.285283
0.827148 -0.296387 -0.295288 -0.148575 -0.804584 -0.228321
0.859619 -0.285278 -0.267700 -0.152610 -0.758302 -0.146439
0.897339 -0.281860 -0.237915 -0.150236 -0.551104 -0.050079
0.932861 -0.279663 -0.222900 -0.152372 -0.243748 0.046993
0.963257 -0.269409 -0.206421 -0.165664 0.083781 0.131961
0.982666 -0.256104 -0.204712 -0.181328 0.367640 0.186075
1.002441 -0.237427 -0.212402 -0.194382 0.561547 0.198179
1.013794 -0.230957 -0.221924 -0.201502 0.642005 0.166850
1.017578 -0.228638 -0.232788 -0.204113 0.637021 0.100158
1.010742 -0.239014 -0.243286 -0.194619 0.591927 0.012579
0.999756 -0.253662 -0.262085 -0.168749 0.522386 -0.076898
0.989502 -0.260132 -0.275635 -0.132911 0.439317 -0.149524
0.981201 -0.264893 -0.288574 -0.097310 0.367640 -0.194856
0.974609 -0.268677 -0.294189 -0.066930 0.301422 -0.212182
0.964355 -0.272095 -0.300903 -0.042247 0.239951 -0.211470
0.950806 -0.279419 -0.311279 -0.021361 0.199128 -0.203163
0.941772 -0.271240 -0.308472 -0.007832 0.179904 -0.193432
0.941040 -0.260620 -0.314819 -0.004984 0.162341 -0.183701
0.936890 -0.252319 -0.319702 -0.010443 0.115347 -0.182515
0.939087 -0.248047 -0.336060 -0.022310 0.017326 -0.196992
0.941162 -0.239136 -0.346313 -0.036076 -0.099446 -0.231169
0.946655 -0.228027 -0.354614 -0.050791 -0.189635 -0.282435
0.953491 -0.221191 -0.362427 -0.066693 -0.254429 -0.339159
0.957520 -0.215820 -0.370239 -0.087816 -0.310678 -0.394460
