0.807861 0.656860 -0.474365 -0.315188 -0.083544 -0.296201
0.795532 0.641235 -0.446777 -0.327530 -0.286707 -0.363605
0.783813 0.624023 -0.414185 -0.327292 -0.416532 -0.383542
0.853638 0.638306 -0.402100 -0.299761 -0.476342 -0.344381
0.782959 0.574707 -0.396484 -0.258701 -0.502687 -0.270568
0.814941 0.569702 -0.395874 -0.200553 -0.489870 -0.180379
0.815796 0.564941 -0.394287 -0.167325 -0.391611 -0.155458
0.803711 0.535156 -0.442627 -0.152135 -0.269856 -0.144778
0.791016 0.578491 -0.471436 -0.162578 0.089952 -0.174208
0.817383 0.583984 -0.415649 -0.208622 0.519538 -0.201265
0.772461 0.571655 -0.346680 -0.267482 0.454032 -0.190584
0.745605 0.576416 -0.334106 -0.261786 0.162815 -0.198416
0.750000 0.592896 -0.329102 -0.135996 -0.058860 -0.200553
0.758911 0.606934 -0.337769 0.051978 -0.173258 -0.163290
0.768066 0.607056 -0.371216 0.209334 -0.219065 -0.105854
0.759033 0.596802 -0.400513 0.296675 -0.252293 -0.057674
0.751831 0.608032 -0.441284 0.323257 -0.236628 -0.028481
0.742920 0.627197 -0.469849 0.324919 -0.201027 -0.003797
0.746826 0.645264 -0.506714 0.317561 -0.193670 0.027294
0.752930 0.658203 -0.544556 0.296913 -0.214081 0.053164
0.757324 0.650024 -0.564331 0.242324 -0.213369 0.061471
0.773804 0.634033 -0.575073 0.147388 -0.183939 0.045095
0.783936 0.625488 -0.569580 0.028956 -0.155458 0.020886
0.787842 0.613770 -0.557983 -0.085205 -0.120094 0.000475
0.776855 0.597900 -0.527100 -0.171834 -0.066693 -0.004272
0.764404 0.581665 -0.489746 -0.219302 -0.021361 0.000949
0.761841 0.573364 -0.458496 -0.228084 -0.010680 0.013054
0.762207 0.562012 -0.439941 -0.205062 -0.028718 0.027769
0.760254 0.563110 -0.422974 -0.157594 -0.045332 0.044383
0.758301 0.568604 -0.422607 -0.102056 -0.055538 0.058386
0.758301 0.580078 -0.429199 -0.046519 -0.068117 0.071202
0.754517 0.584473 -0.438477 0.002136 -0.076186 0.077610
0.756348 0.597412 -0.459351 0.036788 -0.088291 0.077136
0.761963 0.611084 -0.487671 0.053402 -0.097784 0.070253
0.763306 0.611938 -0.493042 0.046993 -0.084730 0.059810
0.770630 0.616699 -0.504639 0.016139 -0.075474 0.046281
0.780762 0.616821 -0.518799 -0.023259 -0.085443 0.033940
0.785156 0.609619 -0.513062 -0.062895 -0.086867 0.030142
0.785522 0.601196 -0.506226 -0.100395 -0.072863 0.041060
0.791870 0.591553 -0.497314 -0.135759 -0.061471 0.063607
0.801880 0.580566 -0.476318 -0.159018 -0.053402 0.093275
0.808838 0.565674 -0.461182 -0.162103 -0.043671 0.116059
0.814819 0.567139 -0.450195 -0.149762 -0.033465 0.128401
0.820679 0.566284 -0.445313 -0.127689 -0.025158 0.126977
0.818237 0.570435 -0.437988 -0.101344 -0.022310 0.109889
0.819946 0.574341 -0.446167 -0.075000 -0.022785 0.080458
0.813721 0.581421 -0.449219 -0.046756 -0.026107 0.041535
0.801880 0.588013 -0.452881 -0.019225 -0.030380 0.000712
0.788696 0.596680 -0.471191 0.003560 -0.045095 -0.035601
0.780640 0.603027 -0.484741 0.024446 -0.065269 -0.061471
0.768921 0.614014 -0.506836 0.037025 -0.082832 -0.076424
0.755615 0.619263 -0.520874 0.027294 -0.084730 -0.077610
0.747559 0.620605 -0.529419 -0.009494 -0.077848 -0.065269
0.744385 0.616455 -0.531128 -0.063370 -0.060047 -0.037974
0.749390 0.611938 -0.522827 -0.119382 -0.028956 0.004747
0.764648 0.602783 -0.512329 -0.167800 -0.001424 0.054826
0.787964 0.589844 -0.497437 -0.205537 0.017326 0.101344
0.802856 0.573242 -0.483643 -0.228796 0.025158 0.134809
0.817139 0.564209 -0.462524 -0.236154 0.025870 0.147626
0.827271 0.558105 -0.442871 -0.222625 0.020886 0.139081
0.837524 0.553833 -0.431641 -0.191771 0.009019 0.117009
0.840820 0.559937 -0.429077 -0.143828 -0.008782 0.086629
0.838989 0.564819 -0.425903 -0.085205 -0.023022 0.052452
0.830200 0.571655 -0.442261 -0.029193 -0.038686 0.016614
0.821289 0.581787 -0.454224 0.016614 -0.063370 -0.018038
0.812988 0.589233 -0.478271 0.051740 -0.081170 -0.049604
0.804199 0.604248 -0.504395 0.070015 -0.096123 -0.072863
0.792114 0.615845 -0.522705 0.069303 -0.108465 -0.084730
0.784668 0.622314 -0.545288 0.047231 -0.109414 -0.088053
0.778320 0.623901 -0.558105 0.010918 -0.098496 -0.082832
0.772583 0.619019 -0.564575 -0.036076 -0.082120 -0.070015
0.775146 0.614746 -0.557495 -0.089715 -0.071439 -0.050316
0.780396 0.601440 -0.547119 -0.149524 -0.045807 -0.021835
0.787109 0.586548 -0.524902 -0.206961 -0.009019 0.005934
0.792603 0.570557 -0.503296 -0.252293 0.012816 0.025158
0.803833 0.557129 -0.472900 -0.277213 0.018750 0.033940
0.803833 0.546265 -0.453247 -0.271280 0.012816 0.032041
0.808105 0.544434 -0.424072 -0.241138 0.004509 0.021361
0.804565 0.539429 -0.414307 -0.191771 -0.006646 0.003797
0.805298 0.543457 -0.411133 -0.129825 -0.018987 -0.017326
0.794678 0.552246 -0.422607 -0.063845 -0.026582 -0.037500
0.782837 0.562744 -0.445190 -0.008307 -0.039398 -0.059572
0.769897 0.575562 -0.461304 0.028956 -0.064319 -0.077373
0.758789 0.589722 -0.482544 0.045569 -0.084493 -0.086155
0.751099 0.600952 -0.502441 0.046519 -0.088053 -0.082594
0.751587 0.608154 -0.514038 0.034414 -0.082357 -0.064794
0.748779 0.613281 -0.529419 0.012104 -0.069066 -0.039398
0.754761 0.616211 -0.538696 -0.019462 -0.053164 -0.011630
0.761108 0.615845 -0.537109 -0.060047 -0.044620 0.019462
0.776978 0.607544 -0.529663 -0.105854 -0.036076 0.049604
0.789795 0.592285 -0.513672 -0.154271 -0.028718 0.075949
0.808838 0.583618 -0.498779 -0.190110 -0.018038 0.095885
0.826172 0.572266 -0.479248 -0.207673 -0.007120 0.104430
0.838501 0.565918 -0.466797 -0.209809 -0.002848 0.099920
0.853027 0.559692 -0.449341 -0.200315 -0.002848 0.079746
0.857910 0.563477 -0.438232 -0.177293 0.000237 0.045332
0.853638 0.562500 -0.437256 -0.143354 -0.000949 0.001424
0.843018 0.561523 -0.433838 -0.103955 -0.010206 -0.047705
0.818115 0.579590 -0.452148 -0.059810 -0.037025 -0.096123
0.791382 0.589722 -0.468628 -0.015664 -0.075237 -0.131961
0.769043 0.596802 -0.479004 0.022310 -0.093512 -0.142167
0.762817 0.608154 -0.492798 0.042009 -0.107278 -0.131249
0.754517 0.613159 -0.523071 0.044857 -0.123417 -0.113449
0.746094 0.618042 -0.542480 0.035364 -0.116534 -0.089477
0.747314 0.618530 -0.551636 0.001187 -0.083781 -0.056012
0.757202 0.614868 -0.554688 -0.059098 -0.062658 -0.020886
0.766846 0.599976 -0.546143 -0.131249 -0.050791 0.006408
0.780762 0.583862 -0.523926 -0.197942 -0.026819 0.031804
0.798828 0.572876 -0.497681 -0.238764 0.005696 0.053164
0.811035 0.554321 -0.467896 -0.244223 0.023971 0.065743
0.822144 0.546509 -0.447388 -0.220489 0.021598 0.062658
0.823486 0.545410 -0.433472 -0.178005 0.011630 0.044857
0.823853 0.549194 -0.425903 -0.127689 0.000000 0.011155
0.821045 0.555176 -0.435791 -0.072389 -0.018038 -0.030380
0.805908 0.564087 -0.449219 -0.018987 -0.044383 -0.072626
0.785034 0.578979 -0.467896 0.025395 -0.075712 -0.108227
0.764404 0.589478 -0.488037 0.051266 -0.099920 -0.127689
0.747803 0.606201 -0.511963 0.058860 -0.106566 -0.128164
0.736206 0.613525 -0.526855 0.048892 -0.094224 -0.112499
0.730591 0.615112 -0.545532 0.024683 -0.072151 -0.086155
0.741821 0.614502 -0.556885 -0.014478 -0.054351 -0.051978
0.747192 0.621704 -0.564087 -0.063607 -0.042009 -0.014478
0.759644 0.613037 -0.557007 -0.118670 -0.023971 0.024446
0.774780 0.594971 -0.542969 -0.173021 0.008307 0.062420
0.799927 0.578125 -0.518433 -0.213369 0.032278 0.089477
0.820435 0.562988 -0.498901 -0.229508 0.037500 0.095411
0.830322 0.557495 -0.474976 -0.220014 0.030617 0.079272
0.835938 0.553955 -0.460693 -0.193195 0.021598 0.048417
0.840576 0.550659 -0.445190 -0.157357 0.005934 0.011630
0.833008 0.552368 -0.445557 -0.114398 -0.014715 -0.027769
0.820190 0.557739 -0.451294 -0.065031 -0.034652 -0.065269
0.798096 0.570801 -0.462891 -0.017801 -0.050553 -0.094461
0.776978 0.584106 -0.480591 0.019699 -0.064082 -0.112025
0.765991 0.592529 -0.502441 0.039636 -0.081170 -0.116059
0.757080 0.607300 -0.527222 0.042721 -0.089003 -0.109889
0.743896 0.616699 -0.550903 0.029193 -0.081408 -0.092800
0.739502 0.621338 -0.558228 -0.004747 -0.065031 -0.071202
0.738770 0.620728 -0.563599 -0.057199 -0.050791 -0.043908
0.750244 0.612305 -0.558105 -0.116534 -0.032990 -0.016376
0.757568 0.599976 -0.540649 -0.170173 -0.009256 0.013766
0.770874 0.586304 -0.517456 -0.213606 0.011392 0.044145
0.788330 0.574097 -0.497925 -0.238290 0.028956 0.070253
0.801392 0.562012 -0.473755 -0.243986 0.038924 0.086629
0.813232 0.555786 -0.451660 -0.232831 0.047231 0.086629
0.822021 0.550415 -0.442017 -0.205537 0.047231 0.070015
0.821899 0.551270 -0.431763 -0.166850 0.033702 0.043196
0.818726 0.554932 -0.429932 -0.118433 0.014003 0.009731
0.813354 0.566895 -0.437866 -0.064557 -0.012104 -0.024683
0.799072 0.579590 -0.452637 -0.013054 -0.043196 -0.053876
0.787354 0.591919 -0.476196 0.026345 -0.068829 -0.075237
