0.759766 -0.452515 -0.513916 0.361944 -0.321833 0.318748
0.746704 -0.407349 -0.535278 0.407751 -0.320172 0.326343
0.730835 -0.483521 -0.537231 0.422940 -0.339159 0.328716
0.755005 -0.465820 -0.553467 0.432197 -0.245647 0.337023
0.734863 -0.461792 -0.558960 0.424127 -0.135284 0.307118
0.726563 -0.469971 -0.556519 0.435519 -0.115822 0.313052
0.721802 -0.475586 -0.568237 0.463763 -0.155695 0.320884
0.704346 -0.478027 -0.582031 0.500076 -0.203163 0.325631
0.690674 -0.478760 -0.590820 0.535677 -0.245647 0.328004
0.683960 -0.483521 -0.600342 0.557750 -0.293115 0.322783
0.672119 -0.487305 -0.597656 0.558462 -0.340583 0.320409
0.673096 -0.489624 -0.598511 0.540899 -0.390899 0.322545
0.671509 -0.493408 -0.596313 0.510519 -0.434807 0.332751
0.673340 -0.502319 -0.595947 0.473731 -0.476105 0.343669
0.673828 -0.503052 -0.599609 0.436469 -0.508383 0.350552
0.677246 -0.510254 -0.597656 0.397308 -0.529743 0.348890
0.676514 -0.508911 -0.598633 0.356485 -0.543272 0.338685
0.679443 -0.514282 -0.592407 0.313764 -0.541611 0.320172
0.680786 -0.521973 -0.588623 0.269381 -0.530930 0.298574
0.682129 -0.531494 -0.579712 0.226897 -0.505535 0.281248
0.683594 -0.532959 -0.574341 0.196280 -0.453320 0.271043
0.687134 -0.536377 -0.573608 0.176819 -0.390187 0.269144
0.682495 -0.543335 -0.573486 0.165664 -0.331327 0.267245
0.683472 -0.553833 -0.575195 0.159493 -0.276027 0.259650
0.676514 -0.552734 -0.590088 0.160917 -0.231881 0.243511
0.669067 -0.553467 -0.598145 0.168986 -0.202451 0.222151
0.666382 -0.551514 -0.606201 0.178955 -0.187024 0.196992
0.655396 -0.551636 -0.608765 0.184651 -0.187024 0.171122
0.646606 -0.549438 -0.611938 0.181091 -0.196755 0.145015
0.645752 -0.544312 -0.613647 0.171122 -0.221913 0.123417
0.638794 -0.550903 -0.619385 0.160679 -0.256090 0.103718
0.635254 -0.553833 -0.619507 0.154271 -0.282672 0.081645
0.633179 -0.555054 -0.627197 0.150948 -0.292403 0.061471
0.627197 -0.560547 -0.627808 0.148338 -0.291217 0.042247
0.621338 -0.565063 -0.628174 0.141455 -0.284571 0.027769
0.617554 -0.566162 -0.624878 0.128638 -0.267720 0.018987
0.607910 -0.570557 -0.626465 0.108465 -0.249682 0.017801
0.601807 -0.571655 -0.622314 0.087579 -0.224524 0.026107
0.598145 -0.571655 -0.614624 0.068354 -0.201027 0.046993
0.593262 -0.568848 -0.608154 0.054588 -0.184651 0.078797
0.603271 -0.566406 -0.610107 0.048892 -0.173970 0.116297
0.608887 -0.564819 -0.605713 0.048655 -0.168037 0.148812
0.620972 -0.557861 -0.603882 0.051028 -0.167562 0.168037
0.636475 -0.556396 -0.606445 0.049841 -0.171360 0.168274
0.639160 -0.559204 -0.604980 0.045332 -0.170173 0.146676
0.643188 -0.563477 -0.603149 0.038212 -0.159967 0.112499
0.639282 -0.569580 -0.604858 0.030617 -0.148100 0.075237
0.634888 -0.571533 -0.606567 0.026345 -0.133148 0.040823
0.633179 -0.572998 -0.608276 0.023022 -0.118195 0.015427
0.625854 -0.580200 -0.605225 0.019225 -0.104192 -0.001899
0.621948 -0.579834 -0.612305 0.013291 -0.092325 -0.015427
0.618652 -0.580566 -0.609741 0.002373 -0.080458 -0.028006
0.614258 -0.577759 -0.605957 -0.013291 -0.072863 -0.037500
0.607910 -0.577759 -0.602539 -0.032990 -0.062183 -0.045095
0.603516 -0.576782 -0.598389 -0.052452 -0.050316 -0.050553
0.590332 -0.575928 -0.590210 -0.064794 -0.040348 -0.056962
0.583496 -0.579956 -0.590698 -0.066218 -0.034652 -0.062420
0.581787 -0.580322 -0.588379 -0.059810 -0.032990 -0.064319
0.574097 -0.583130 -0.585693 -0.044620 -0.026345 -0.063370
0.574219 -0.586060 -0.586426 -0.026819 -0.021835 -0.061234
0.566772 -0.585938 -0.585815 -0.011392 -0.018750 -0.055775
0.561279 -0.582764 -0.588623 -0.002373 -0.017326 -0.049129
0.566406 -0.576294 -0.594482 0.005934 -0.023259 -0.039161
0.565796 -0.572266 -0.596313 0.013766 -0.036550 -0.028481
0.568237 -0.572510 -0.601074 0.020411 -0.053639 -0.020649
0.579834 -0.572388 -0.604614 0.027294 -0.072626 -0.018038
0.579712 -0.575806 -0.607300 0.034177 -0.095411 -0.021835
0.580933 -0.577026 -0.610718 0.038924 -0.114398 -0.030854
0.586792 -0.578003 -0.608032 0.042009 -0.127926 -0.038212
0.585693 -0.581055 -0.612183 0.041772 -0.134572 -0.045569
0.587891 -0.587524 -0.611938 0.037974 -0.132911 -0.049841
0.591431 -0.587280 -0.610107 0.025395 -0.123180 -0.053164
0.593628 -0.586792 -0.611084 0.009019 -0.109177 -0.053876
0.597900 -0.587158 -0.608887 -0.010680 -0.088291 -0.052690
0.596191 -0.587646 -0.604248 -0.031804 -0.061946 -0.051740
0.591919 -0.585815 -0.592651 -0.053164 -0.030854 -0.050791
0.594482 -0.585693 -0.586060 -0.072389 -0.000475 -0.050791
0.595581 -0.590088 -0.584351 -0.088053 0.034414 -0.050791
0.593872 -0.586304 -0.579712 -0.102531 0.080933 -0.050553
0.597290 -0.587646 -0.583008 -0.117009 0.137895 -0.045807
0.586792 -0.590454 -0.581055 -0.134572 0.204113 -0.037262
0.575684 -0.587769 -0.591187 -0.152135 0.259176 -0.026107
0.567383 -0.587646 -0.587646 -0.160205 0.285995 -0.020411
0.556274 -0.592896 -0.585449 -0.157357 0.286232 -0.018987
0.545044 -0.591064 -0.587402 -0.140031 0.254429 -0.020649
0.546631 -0.592163 -0.590454 -0.110838 0.190822 -0.020174
0.544189 -0.591797 -0.592041 -0.070253 0.109177 -0.016851
0.551514 -0.586182 -0.593384 -0.026582 0.022310 -0.016139
0.563110 -0.584839 -0.592163 0.012104 -0.060047 -0.020174
0.572388 -0.586914 -0.593384 0.041060 -0.124841 -0.028481
0.578125 -0.587891 -0.591675 0.055775 -0.161629 -0.038449
0.583496 -0.588013 -0.593628 0.059572 -0.180853 -0.046756
0.581299 -0.591797 -0.598511 0.055538 -0.181328 -0.051740
0.582886 -0.588745 -0.597290 0.050553 -0.161629 -0.049129
0.581299 -0.587280 -0.597412 0.048655 -0.134572 -0.041772
0.579956 -0.586304 -0.607422 0.045807 -0.108702 -0.032753
0.579956 -0.582153 -0.613892 0.041297 -0.086155 -0.025870
0.579590 -0.578369 -0.612671 0.032041 -0.065981 -0.023734
0.573975 -0.579102 -0.613281 0.021361 -0.051266 -0.022785
0.579590 -0.579590 -0.610107 0.009019 -0.041535 -0.022547
0.570313 -0.581177 -0.611084 0.000237 -0.033940 -0.023022
0.570679 -0.579468 -0.613403 -0.002136 -0.037974 -0.022073
0.568604 -0.583984 -0.613159 0.004035 -0.053876 -0.022073
0.564453 -0.588867 -0.620728 0.013766 -0.074050 -0.025633
0.567627 -0.585571 -0.623047 0.024921 -0.093987 -0.032990
0.565552 -0.584595 -0.621216 0.030380 -0.109414 -0.039161
0.564941 -0.583496 -0.619019 0.031092 -0.118433 -0.040348
0.566406 -0.584473 -0.622437 0.029905 -0.121993 -0.036788
0.566406 -0.586060 -0.624268 0.030854 -0.120569 -0.030142
0.563599 -0.588135 -0.630981 0.034177 -0.113923 -0.024921
0.571045 -0.586182 -0.635864 0.032753 -0.106566 -0.023734
0.564331 -0.587158 -0.637329 0.024683 -0.096360 -0.023971
0.564209 -0.585083 -0.636841 0.009019 -0.080221 -0.020649
0.565796 -0.582764 -0.637695 -0.011155 -0.064794 -0.013054
0.561523 -0.582764 -0.637207 -0.035126 -0.050553 -0.000712
0.562744 -0.585449 -0.631592 -0.062658 -0.034889 0.012816
0.567017 -0.583496 -0.626099 -0.090664 -0.021835 0.027057
0.567017 -0.583618 -0.613525 -0.113449 -0.011630 0.038212
0.574219 -0.581299 -0.604004 -0.128401 -0.000237 0.045095
0.578613 -0.580811 -0.594971 -0.133385 0.007358 0.046993
0.575806 -0.585449 -0.586426 -0.131012 0.008782 0.044620
0.580322 -0.588501 -0.578247 -0.125316 0.007595 0.038924
0.582031 -0.591919 -0.577515 -0.117721 0.005221 0.032990
0.578857 -0.593384 -0.571777 -0.109414 0.000712 0.028956
0.583740 -0.594238 -0.570801 -0.099208 0.004035 0.028243
0.582153 -0.592773 -0.571045 -0.089477 0.010443 0.031329
0.580811 -0.588745 -0.569458 -0.082357 0.017801 0.035838
0.583496 -0.582153 -0.570313 -0.078560 0.031566 0.042959
0.580811 -0.582397 -0.566650 -0.080696 0.050553 0.052215
0.581177 -0.583130 -0.559326 -0.088528 0.073338 0.063607
0.582397 -0.577515 -0.554443 -0.101819 0.097784 0.080458
0.580322 -0.573608 -0.550781 -0.108939 0.118433 0.103718
0.592163 -0.564819 -0.549805 -0.105142 0.129350 0.126977
0.597534 -0.559814 -0.548096 -0.084730 0.126028 0.142404
0.610596 -0.553223 -0.553467 -0.048892 0.100870 0.143828
0.623779 -0.549805 -0.558594 -0.003085 0.053164 0.124366
0.630615 -0.551880 -0.578003 0.042484 0.000712 0.082832
0.632568 -0.553955 -0.591553 0.082594 -0.040823 0.025633
0.630493 -0.561768 -0.603882 0.110126 -0.064557 -0.037737
0.622192 -0.565674 -0.615967 0.121518 -0.066218 -0.093275
0.606812 -0.567261 -0.629028 0.116534 -0.057911 -0.126502
0.598267 -0.567749 -0.643066 0.098022 -0.052452 -0.136945
0.586060 -0.569214 -0.650391 0.071677 -0.045569 -0.133623
0.584717 -0.571655 -0.653320 0.042959 -0.039873 -0.127926
0.578125 -0.575195 -0.654053 0.019462 -0.030142 -0.127689
0.572388 -0.583130 -0.651245 -0.001661 -0.024209 -0.135996
0.566162 -0.589233 -0.655518 -0.018275 -0.023022 -0.146676
0.561035 -0.600464 -0.642578 -0.032278 -0.021835 -0.153797
0.549316 -0.603027 -0.641235 -0.040348 -0.015902 -0.152135
0.547974 -0.603638 -0.637695 -0.047468 -0.005696 -0.140743
