0.824951 0.447998 -0.142456 -0.043908 0.286707 -0.283147
0.796875 0.453247 -0.167847 -0.120332 0.421754 -0.283859
0.792847 0.464355 -0.172729 -0.215980 0.555376 -0.261312
0.785522 0.477539 -0.161987 -0.329428 0.629426 -0.217404
0.785767 0.486450 -0.144531 -0.434333 0.638445 -0.167562
0.787231 0.482544 -0.106079 -0.507671 0.588129 -0.125316
0.782715 0.480225 -0.078613 -0.533304 0.467323 -0.096597
0.774780 0.472900 -0.060547 -0.516452 0.333700 -0.078085
0.756958 0.466675 -0.063965 -0.478241 0.263685 -0.052927
0.766968 0.474487 -0.047852 -0.437418 0.328954 -0.015190
0.747192 0.466431 -0.046387 -0.386627 0.216929 0.037262
0.760986 0.450317 -0.039429 -0.340346 0.125790 0.075000
0.760620 0.442383 -0.031616 -0.293115 0.130774 0.081645
0.766235 0.440430 -0.027588 -0.263448 0.113449 0.088291
0.748047 0.433960 -0.024536 -0.234967 0.098259 0.101819
0.727783 0.430664 -0.037720 -0.195806 0.168512 0.121756
0.753784 0.428101 -0.055420 -0.160442 0.291691 0.163290
0.767212 0.449219 -0.022461 -0.148575 0.347941 0.233305
0.775879 0.454834 -0.006104 -0.134572 0.244935 0.297150
0.814819 0.436035 -0.015747 -0.109889 0.125078 0.340821
0.839355 0.425293 -0.017822 -0.084018 0.047468 0.368352
0.855469 0.427246 -0.024902 -0.060522 0.046519 0.391849
0.863281 0.431641 -0.030640 -0.041772 0.107752 0.402766
0.862061 0.432007 -0.020996 -0.029430 0.165664 0.402766
0.864380 0.432983 -0.025391 -0.020886 0.200790 0.395646
0.854126 0.427368 -0.029785 -0.011630 0.216454 0.385203
0.849365 0.426025 -0.030273 0.003560 0.215742 0.373099
0.841797 0.427246 -0.037720 0.022073 0.206723 0.362181
0.834595 0.427246 -0.038452 0.037025 0.190584 0.351501
0.820679 0.421997 -0.049927 0.046519 0.162578 0.337735
0.810791 0.416504 -0.052979 0.051978 0.118907 0.324919
0.803711 0.410034 -0.047974 0.059335 0.065269 0.313527
0.814209 0.407349 -0.043823 0.069066 -0.006646 0.315663
0.831787 0.403076 -0.048096 0.075237 -0.090901 0.336549
0.859863 0.406006 -0.044556 0.073101 -0.152847 0.378558
0.880249 0.402832 -0.042847 0.059572 -0.167562 0.426738
0.907837 0.402954 -0.042847 0.034889 -0.149524 0.468272
0.928345 0.401489 -0.044678 0.000949 -0.120332 0.496279
0.946533 0.403442 -0.042969 -0.035601 -0.075474 0.511943
0.952026 0.400391 -0.036377 -0.066930 -0.032278 0.517639
0.954468 0.400269 -0.032104 -0.088765 -0.007358 0.519301
0.958984 0.403687 -0.030640 -0.098496 -0.005221 0.523573
0.959106 0.407593 -0.026245 -0.098496 -0.003797 0.536626
0.958862 0.406128 -0.018677 -0.100395 0.000712 0.559411
0.962524 0.401855 -0.013428 -0.113211 -0.014715 0.589316
0.975220 0.407715 -0.009155 -0.140743 -0.047231 0.618509
1.001465 0.437134 0.008301 -0.182040 -0.135759 0.646515
1.050171 0.474731 0.017578 -0.235679 -0.221913 0.679743
1.107666 0.491821 0.031860 -0.281960 -0.229033 0.736230
1.152100 0.484985 0.042847 -0.310916 -0.129113 0.817637
1.173462 0.461304 0.054810 -0.315188 0.090427 0.890263
1.186768 0.437744 0.065186 -0.294065 0.278637 0.907115
1.180054 0.411743 0.063110 -0.251343 0.353400 0.840897
1.159912 0.376709 0.053833 -0.194382 0.325631 0.705138
1.120728 0.347046 0.044434 -0.126502 0.218353 0.523573
1.083862 0.331299 0.026367 -0.049367 0.089952 0.323732
1.038818 0.287109 0.015503 0.029430 -0.025870 0.128638
0.997437 0.238892 0.018677 0.088765 -0.148100 -0.032990
0.956665 0.210815 0.010010 0.112262 -0.269856 -0.143591
0.933228 0.212158 0.002808 0.105616 -0.330615 -0.197230
0.925049 0.212769 -0.012207 0.087341 -0.333463 -0.206011
0.916382 0.211426 -0.025146 0.066455 -0.326106 -0.186312
0.920166 0.212769 -0.039673 0.041297 -0.297862 -0.158069
0.920654 0.221191 -0.051636 0.010443 -0.267245 -0.130774
0.948730 0.241333 -0.056274 -0.025870 -0.253479 -0.112974
0.964722 0.253662 -0.069214 -0.066693 -0.250394 -0.105854
0.988403 0.271606 -0.076904 -0.104904 -0.239002 -0.103955
0.996582 0.285034 -0.076294 -0.134097 -0.203163 -0.101819
1.009399 0.303467 -0.077393 -0.155933 -0.151186 -0.095411
1.006226 0.317871 -0.080444 -0.170885 -0.098734 -0.085680
1.009766 0.324219 -0.082275 -0.182277 -0.049129 -0.078797
0.999268 0.327759 -0.077026 -0.189160 -0.010443 -0.077848
0.993164 0.332397 -0.066772 -0.194856 0.018038 -0.083544
0.977661 0.335938 -0.066528 -0.200790 0.044857 -0.091139
0.967041 0.335327 -0.062866 -0.210046 0.070490 -0.095885
0.957642 0.336670 -0.060303 -0.223100 0.100158 -0.092088
0.946167 0.336304 -0.056641 -0.240900 0.130537 -0.078560
0.936035 0.339478 -0.046265 -0.261074 0.156882 -0.056487
0.930542 0.335938 -0.038330 -0.281723 0.176581 -0.029905
0.929077 0.331177 -0.027344 -0.295251 0.187736 -0.003323
0.930176 0.322144 -0.013062 -0.297625 0.187973 0.017326
0.940308 0.315063 -0.006592 -0.286944 0.174920 0.029668
0.935913 0.308594 -0.000366 -0.264397 0.158306 0.034414
0.941528 0.303101 0.009644 -0.231881 0.144778 0.036788
0.940186 0.301880 0.016479 -0.193907 0.129588 0.037500
0.950195 0.301758 0.024292 -0.150948 0.112974 0.038449
0.949463 0.300415 0.018188 -0.107278 0.091376 0.038686
0.955322 0.307129 0.020630 -0.069303 0.070015 0.033228
0.955688 0.303833 0.015625 -0.039398 0.046756 0.023497
0.959473 0.310303 0.004517 -0.018987 0.024209 0.010443
0.957886 0.311890 0.001953 -0.006646 0.007595 -0.003797
0.952515 0.314941 0.000610 -0.003085 -0.005459 -0.016376
0.951660 0.313599 -0.000244 -0.006883 -0.018038 -0.024209
0.948486 0.316040 -0.003906 -0.012104 -0.023971 -0.026582
0.949707 0.315430 -0.001221 -0.017326 -0.026345 -0.024921
0.950439 0.317017 -0.003052 -0.021835 -0.030380 -0.024209
0.954834 0.313232 -0.003540 -0.025395 -0.031804 -0.025870
0.948730 0.313599 0.001953 -0.027057 -0.032990 -0.028006
0.955200 0.317505 -0.001587 -0.025395 -0.035126 -0.029905
0.949463 0.317627 -0.001587 -0.021598 -0.038686 -0.031092
0.952515 0.314331 -0.002441 -0.016614 -0.044383 -0.031566
0.949707 0.312500 -0.003418 -0.012579 -0.055300 -0.029905
0.957275 0.311890 -0.003784 -0.007120 -0.064082 -0.030142
0.958740 0.311157 -0.007446 0.000237 -0.075000 -0.033228
0.968018 0.309937 -0.007324 0.010680 -0.089715 -0.043671
0.961792 0.306885 -0.009277 0.019699 -0.105142 -0.060759
0.960205 0.307251 -0.008789 0.027294 -0.116534 -0.079034
0.958740 0.310669 -0.016724 0.036550 -0.130300 -0.094461
0.955200 0.310059 -0.019775 0.048892 -0.146914 -0.104430
0.951416 0.312866 -0.018921 0.063370 -0.159730 -0.113923
0.949341 0.313965 -0.027954 0.075712 -0.165426 -0.120569
0.946655 0.320190 -0.033325 0.082594 -0.175869 -0.120332
0.946289 0.323120 -0.038696 0.086155 -0.181803 -0.112974
0.948608 0.322876 -0.043823 0.083306 -0.180853 -0.101582
0.943604 0.326904 -0.049927 0.073575 -0.173496 -0.089715
0.950317 0.331421 -0.055908 0.060047 -0.160679 -0.077610
0.949707 0.331177 -0.055908 0.043196 -0.142879 -0.065031
0.955811 0.334106 -0.059937 0.024921 -0.120094 -0.051740
0.953247 0.330688 -0.060791 0.007120 -0.096123 -0.040585
0.959717 0.328857 -0.060913 -0.006646 -0.072626 -0.037500
0.952026 0.329346 -0.061401 -0.017801 -0.051266 -0.040348
0.951904 0.329224 -0.062378 -0.027294 -0.035364 -0.042721
0.941528 0.328735 -0.054443 -0.036076 -0.022310 -0.038449
0.941772 0.331787 -0.059082 -0.044857 -0.006883 -0.026819
0.935547 0.326050 -0.054810 -0.055063 0.008070 -0.011630
0.938477 0.327759 -0.052368 -0.064082 0.018038 0.003085
0.940674 0.326782 -0.047119 -0.072863 0.020886 0.012579
0.952148 0.323975 -0.039673 -0.078797 0.021598 0.014952
0.949463 0.327026 -0.036987 -0.078797 0.017801 0.010680
0.953491 0.323364 -0.033081 -0.073338 0.012816 0.004747
0.955200 0.322144 -0.030518 -0.061708 0.001899 -0.002611
0.953003 0.322632 -0.025513 -0.045807 -0.010206 -0.008070
0.951538 0.322021 -0.025635 -0.030854 -0.021598 -0.012579
0.948364 0.323608 -0.028564 -0.019937 -0.027294 -0.018038
0.951172 0.323608 -0.037720 -0.015427 -0.030617 -0.025870
0.948120 0.324951 -0.040649 -0.014240 -0.031329 -0.032516
0.948364 0.325562 -0.044922 -0.014478 -0.029430 -0.036313
0.938354 0.328735 -0.043091 -0.016614 -0.024921 -0.035601
0.945435 0.330200 -0.046265 -0.020411 -0.020886 -0.032990
0.945190 0.329346 -0.052856 -0.024209 -0.011867 -0.027531
0.948730 0.331909 -0.044556 -0.028481 -0.005696 -0.020886
0.945190 0.328735 -0.045654 -0.031566 -0.001424 -0.016614
0.950073 0.330322 -0.047974 -0.032278 0.003560 -0.014478
0.949219 0.331543 -0.052124 -0.032516 0.001187 -0.016139
0.955688 0.330811 -0.051270 -0.033228 -0.000237 -0.021835
0.956543 0.330078 -0.051025 -0.036550 -0.002611 -0.029430
0.954468 0.330444 -0.056030 -0.038924 -0.002136 -0.038449
0.952881 0.333374 -0.057983 -0.041535 0.028006 -0.037737
0.943726 0.331055 -0.053223 -0.049367 0.040585 -0.027294
0.941406 0.325439 -0.051025 -0.063370 0.037262 -0.012579
