-0.203979 -0.908081 0.464600 -0.239476 -0.619695 0.107040
-0.225952 -0.935425 0.441650 -0.227609 -0.520962 0.202214
-0.196533 -0.922241 0.397705 -0.129588 -0.361232 0.223812
-0.172485 -0.907837 0.380493 -0.003085 -0.160679 0.126028
-0.173462 -0.884521 0.373535 0.122468 0.033940 -0.017089
-0.164673 -0.881226 0.358398 0.185363 0.074288 -0.165664
-0.163696 -0.843994 0.357544 0.160205 0.051503 -0.304508
-0.136597 -0.836548 0.367310 0.089477 0.075237 -0.410124
-0.149170 -0.857178 0.337646 0.001187 0.111787 -0.457829
-0.161499 -0.879639 0.336304 -0.071677 0.149524 -0.431010
-0.166992 -0.893311 0.343384 -0.121756 0.227135 -0.338922
-0.174805 -0.928467 0.335815 -0.161391 0.299286 -0.195331
-0.158447 -0.917358 0.381836 -0.192958 0.173496 -0.035364
-0.134277 -0.937134 0.398560 -0.216692 -0.014003 0.117246
-0.120728 -0.954956 0.399414 -0.215742 -0.226423 0.237815
-0.108887 -0.944214 0.394409 -0.175632 -0.315900 0.304745
-0.099854 -0.940918 0.390137 -0.105379 -0.228321 0.299523
-0.101929 -0.916504 0.395142 -0.029668 -0.137420 0.222151
-0.105835 -0.896973 0.397583 0.030142 -0.085680 0.099920
-0.120117 -0.892822 0.388672 0.064319 -0.032990 -0.034177
-0.124634 -0.888306 0.372681 0.065743 0.022785 -0.131249
-0.139893 -0.883789 0.379883 0.040111 0.084730 -0.165664
-0.144409 -0.879517 0.400757 -0.002373 0.151898 -0.142642
-0.139526 -0.879028 0.417358 -0.046044 0.086155 -0.081645
-0.136230 -0.868774 0.422241 -0.082832 -0.067642 -0.014003
-0.125610 -0.878662 0.403564 -0.108939 -0.161629 0.033465
-0.119019 -0.900879 0.371948 -0.135759 -0.149999 0.057199
-0.121338 -0.932373 0.380493 -0.165189 -0.064319 0.072389
-0.123657 -0.941772 0.416260 -0.183701 0.001661 0.087104
-0.121094 -0.955566 0.436401 -0.173733 0.001187 0.096123
-0.120605 -0.952148 0.434692 -0.131487 -0.054114 0.098259
-0.104858 -0.947510 0.420166 -0.072151 -0.072626 0.095648
-0.098633 -0.943726 0.411499 -0.003560 -0.049604 0.090901
-0.098267 -0.932983 0.398438 0.066455 -0.035601 0.085917
-0.109009 -0.916870 0.398682 0.123654 -0.014478 0.076661
-0.129028 -0.906250 0.406982 0.160442 0.022547 0.055775
-0.132813 -0.896240 0.396851 0.168037 0.045332 0.019225
-0.134521 -0.882324 0.384521 0.145727 0.025158 -0.010680
-0.124146 -0.872070 0.379150 0.094936 -0.026819 -0.020886
-0.132202 -0.869385 0.380615 0.037262 -0.066218 -0.021123
-0.130249 -0.871094 0.380371 -0.008307 -0.052690 -0.014478
-0.125122 -0.880859 0.382568 -0.029668 -0.033940 0.002136
-0.110229 -0.900269 0.386230 -0.042484 -0.028006 0.027057
-0.107666 -0.932861 0.391479 -0.056012 0.001899 0.053402
-0.106201 -0.931641 0.395508 -0.071202 0.004272 0.065981
-0.105103 -0.933472 0.395386 -0.071202 0.009256 0.058386
-0.119873 -0.929321 0.400024 -0.044620 0.037500 0.037500
-0.118774 -0.913208 0.407227 0.003323 0.041535 0.005459
-0.112427 -0.897583 0.405029 0.060284 0.047231 -0.025633
-0.114990 -0.891479 0.402466 0.107040 0.064082 -0.048180
-0.123413 -0.881592 0.384033 0.131961 0.071914 -0.058386
-0.127808 -0.870728 0.365112 0.135759 0.049367 -0.057674
-0.132935 -0.858887 0.356934 0.117009 0.037737 -0.047468
-0.137695 -0.867676 0.363281 0.075949 0.066455 -0.037974
-0.147217 -0.871826 0.372192 0.025395 0.085680 -0.023022
-0.153198 -0.886353 0.388184 -0.025158 0.073813 -0.002848
-0.152100 -0.896729 0.406860 -0.066455 0.027531 0.025395
-0.144165 -0.905151 0.414917 -0.094461 -0.002136 0.055300
-0.128174 -0.914551 0.421753 -0.103480 -0.001899 0.084493
-0.116577 -0.925171 0.409424 -0.096123 -0.018513 0.104667
-0.131226 -0.927246 0.414551 -0.071914 -0.008070 0.111075
-0.144287 -0.929077 0.431396 -0.037974 0.006646 0.095411
-0.139648 -0.923462 0.427124 0.005459 -0.043908 0.050079
-0.124634 -0.912231 0.407715 0.041297 -0.114398 -0.012342
-0.116455 -0.900146 0.396606 0.056012 -0.095648 -0.074050
-0.125366 -0.889038 0.399170 0.051028 -0.023022 -0.138132
-0.136230 -0.897095 0.402466 0.037737 0.006883 -0.193195
-0.150269 -0.891235 0.397949 0.031329 -0.026345 -0.224761
-0.160156 -0.882324 0.393921 0.038449 -0.050316 -0.215505
-0.157349 -0.877930 0.392334 0.051503 -0.055063 -0.177293
-0.155396 -0.880737 0.397339 0.055300 -0.054826 -0.122230
-0.147827 -0.887207 0.381226 0.039636 -0.042721 -0.064319
-0.136108 -0.889893 0.378540 0.005696 -0.018275 -0.005221
-0.128418 -0.894287 0.392090 -0.038686 -0.005459 0.048655
-0.112427 -0.909546 0.397217 -0.079034 -0.017563 0.084968
-0.115601 -0.932007 0.399292 -0.107752 -0.001899 0.098734
-0.125244 -0.941040 0.422241 -0.117246 0.035364 0.097547
-0.129761 -0.937866 0.439941 -0.096597 0.022785 0.078085
-0.134644 -0.940552 0.448120 -0.050553 -0.021598 0.045095
-0.123291 -0.933105 0.448608 0.009019 -0.053639 0.006171
-0.114136 -0.914185 0.443848 0.066218 -0.072626 -0.028006
-0.108276 -0.900513 0.430786 0.109651 -0.045095 -0.046993
-0.102051 -0.880371 0.420410 0.138369 -0.018750 -0.053639
-0.108398 -0.868164 0.404053 0.153559 -0.036076 -0.054351
-0.117432 -0.853271 0.393433 0.157119 -0.079509 -0.061471
-0.129028 -0.861938 0.385620 0.144778 -0.097784 -0.075237
-0.140381 -0.865112 0.376099 0.116297 -0.073338 -0.087104
-0.138306 -0.869873 0.384521 0.071677 -0.014478 -0.078797
-0.140015 -0.879517 0.400513 0.018750 0.022785 -0.040585
-0.137451 -0.899536 0.416138 -0.034652 0.021835 0.009968
-0.125732 -0.909912 0.429565 -0.079509 0.002848 0.053876
-0.119629 -0.914551 0.432861 -0.100632 -0.023734 0.074288
-0.114990 -0.919556 0.418457 -0.089477 -0.039873 0.068117
-0.113525 -0.911987 0.408813 -0.051503 -0.048180 0.041772
-0.110352 -0.906128 0.403931 -0.006646 -0.016139 0.010680
-0.107666 -0.901001 0.413940 0.029430 0.027769 -0.013528
-0.115601 -0.893311 0.413330 0.044145 0.039398 -0.030854
-0.115967 -0.879272 0.414917 0.042721 0.015190 -0.041297
-0.117798 -0.872437 0.405762 0.032278 -0.015902 -0.045807
-0.125366 -0.866211 0.396484 0.020411 -0.032278 -0.042721
-0.128174 -0.857178 0.406250 0.011867 -0.037500 -0.032278
-0.127930 -0.865723 0.410278 0.004509 -0.053876 -0.021598
-0.123169 -0.868042 0.402222 -0.011630 -0.073813 -0.016139
-0.113037 -0.871216 0.402344 -0.040585 -0.061234 -0.010680
-0.115723 -0.879272 0.410645 -0.075712 -0.027531 -0.007120
-0.111206 -0.892334 0.424316 -0.103955 -0.000712 -0.009731
-0.109131 -0.900269 0.437866 -0.110838 0.003323 -0.018513
-0.108276 -0.899536 0.438843 -0.090189 -0.003560 -0.027294
-0.100464 -0.903320 0.433472 -0.050316 -0.004272 -0.041297
-0.103149 -0.900146 0.415527 -0.001899 0.012342 -0.059335
-0.104248 -0.895752 0.404785 0.039873 0.049604 -0.081645
-0.107300 -0.903931 0.400024 0.058386 0.063370 -0.103480
-0.111328 -0.903442 0.407715 0.045569 0.059810 -0.111787
-0.110107 -0.888428 0.422485 0.008782 0.046993 -0.103718
-0.118530 -0.893433 0.420776 -0.037025 0.029905 -0.086867
-0.129639 -0.899536 0.429688 -0.076186 0.020886 -0.070015
-0.130493 -0.899414 0.441406 -0.100158 0.008544 -0.053639
-0.127930 -0.911621 0.442383 -0.102768 -0.009968 -0.034652
-0.120972 -0.914307 0.445068 -0.086867 -0.041060 -0.015427
-0.118530 -0.904541 0.442383 -0.053402 -0.067167 -0.001899
-0.119873 -0.897339 0.428711 -0.010680 -0.066930 -0.002373
-0.117432 -0.898438 0.413330 0.027531 -0.053876 -0.014478
-0.121338 -0.894409 0.401001 0.047468 -0.015902 -0.032041
-0.125000 -0.886841 0.402832 0.043433 0.023259 -0.041297
-0.127319 -0.888184 0.414307 0.022547 0.019699 -0.038212
-0.135132 -0.895996 0.423706 -0.003797 -0.006646 -0.025870
-0.128296 -0.894775 0.422241 -0.027294 -0.023734 -0.015427
-0.115356 -0.894531 0.419434 -0.042959 -0.036550 -0.003560
-0.114502 -0.891357 0.422852 -0.050553 -0.040585 0.010680
-0.117310 -0.891235 0.430054 -0.049841 -0.041060 0.015664
-0.123779 -0.912964 0.424561 -0.040823 -0.058148 0.001661
-0.115845 -0.906616 0.419067 -0.031092 -0.089477 -0.014952
-0.116577 -0.898560 0.420410 -0.025870 -0.074525 -0.019462
-0.131348 -0.895996 0.432495 -0.018038 -0.054351 -0.019699
-0.137451 -0.907593 0.437256 -0.010206 -0.067642 -0.026819
-0.124390 -0.943604 0.416626 -0.010680 -0.102531 -0.030617
-0.094849 -0.948608 0.403320 -0.026582 -0.087341 0.003085
-0.088989 -0.945190 0.430298 -0.048655 0.001424 0.078797
-0.106689 -0.947388 0.465942 -0.056012 0.059572 0.153084
-0.114624 -0.947266 0.481079 -0.036076 0.031329 0.185363
-0.112427 -0.941772 0.478516 0.012816 -0.031092 0.164002
-0.112915 -0.921509 0.448975 0.080221 -0.057674 0.102531
-0.117188 -0.890381 0.431885 0.147151 -0.027769 0.029668
-0.129883 -0.864380 0.428345 0.194856 0.027769 -0.035126
-0.135620 -0.848877 0.428223 0.212894 0.057199 -0.080696
-0.130981 -0.839355 0.422363 0.193432 0.047231 -0.100395
-0.125977 -0.837158 0.412354 0.145964 0.047231 -0.092800
-0.114990 -0.838379 0.410522 0.084018 0.067167 -0.056962
-0.118774 -0.833984 0.413696 0.026582 0.038449 -0.008782
-0.105957 -0.831909 0.428711 -0.009019 -0.045095 0.031092
