-0.165405 -0.882446 -0.396851 -0.859884 0.677132 -0.152847
-0.061157 -0.971680 -0.386353 -0.850153 0.599996 -0.028481
-0.002197 -0.958618 -0.376709 -0.811466 0.447861 0.039636
-0.058960 -0.960938 -0.372925 -0.763524 0.448810 0.022073
0.000610 -0.975464 -0.345337 -0.661942 0.342719 -0.006171
0.012695 -0.951294 -0.334961 -0.539474 0.148575 -0.031092
0.014404 -0.984497 -0.327393 -0.420567 0.024446 -0.034177
0.056396 -0.990112 -0.328247 -0.307593 0.002611 -0.057436
0.031372 -0.974854 -0.326294 -0.206249 0.004984 -0.115347
0.001343 -0.967041 -0.327393 -0.104192 -0.027294 -0.201027
-0.021118 -0.959473 -0.344727 -0.009256 -0.067167 -0.287656
-0.059692 -0.962646 -0.361938 0.069303 -0.123892 -0.338210
-0.065430 -0.944092 -0.374023 0.125790 -0.225948 -0.338685
-0.069092 -0.936035 -0.381714 0.146439 -0.285283 -0.297862
-0.064819 -0.931152 -0.387573 0.121518 -0.290505 -0.245885
-0.049927 -0.934692 -0.401123 0.057199 -0.273179 -0.202926
-0.056519 -0.948120 -0.401367 -0.022547 -0.214556 -0.160442
-0.068237 -0.943115 -0.394531 -0.093749 -0.118195 -0.105379
-0.068848 -0.947144 -0.402344 -0.140268 -0.026107 -0.028956
-0.060181 -0.948364 -0.402466 -0.162341 0.046756 0.048180
-0.044434 -0.960571 -0.393677 -0.165901 0.079034 0.102531
-0.028076 -0.969971 -0.389771 -0.154034 0.064319 0.112974
-0.005127 -0.970825 -0.381958 -0.126502 0.023497 0.091376
0.023926 -0.965576 -0.372803 -0.069778 -0.025395 0.046519
0.023804 -0.951782 -0.363647 0.017089 -0.098496 -0.017801
0.008179 -0.956543 -0.366821 0.117483 -0.157831 -0.093749
-0.000488 -0.945923 -0.380615 0.188448 -0.181328 -0.148100
-0.023926 -0.940552 -0.383789 0.213844 -0.174208 -0.167088
-0.033203 -0.938232 -0.390381 0.205537 -0.155695 -0.145727
-0.028320 -0.923462 -0.399170 0.189398 -0.119620 -0.084493
-0.009399 -0.905396 -0.404663 0.173970 -0.066455 -0.001187
0.006348 -0.898804 -0.405518 0.150236 -0.009494 0.063607
0.026001 -0.899780 -0.416626 0.107752 0.023734 0.084968
0.035645 -0.901123 -0.422363 0.048655 0.030854 0.070015
0.033691 -0.901855 -0.423218 -0.014715 0.036076 0.039398
0.035034 -0.904907 -0.415771 -0.070490 0.053164 0.006883
0.024780 -0.915161 -0.421631 -0.115347 0.079984 -0.017801
0.013672 -0.919556 -0.417358 -0.142642 0.111313 -0.034177
-0.003174 -0.933472 -0.416016 -0.152372 0.112974 -0.037025
-0.019775 -0.942993 -0.410767 -0.142879 0.075000 -0.018275
-0.020020 -0.925903 -0.419800 -0.120806 0.032516 0.018275
-0.001709 -0.920898 -0.411011 -0.096123 -0.002611 0.061708
0.016724 -0.917236 -0.395508 -0.077136 -0.031092 0.085443
0.035889 -0.906128 -0.390381 -0.064082 -0.058386 0.078797
0.041992 -0.902222 -0.382080 -0.056962 -0.076186 0.049841
0.033691 -0.903687 -0.383667 -0.057436 -0.075712 0.014478
0.029175 -0.905884 -0.391357 -0.068354 -0.055775 -0.011392
0.022583 -0.905396 -0.389893 -0.085680 -0.026819 -0.025158
0.016357 -0.905396 -0.390869 -0.103480 0.010680 -0.026819
0.005005 -0.911743 -0.394531 -0.119382 0.053164 -0.019225
-0.009033 -0.911743 -0.395874 -0.127214 0.084730 -0.004035
-0.007690 -0.904419 -0.390747 -0.126502 0.094936 0.016851
0.003174 -0.899292 -0.394043 -0.118195 0.075474 0.034889
0.012451 -0.903564 -0.393799 -0.110126 0.030380 0.036313
0.019775 -0.903076 -0.401855 -0.100632 -0.022310 0.016614
0.015259 -0.902954 -0.401489 -0.093749 -0.069303 -0.017326
0.018555 -0.902832 -0.401978 -0.090189 -0.104430 -0.046519
0.019775 -0.906738 -0.402954 -0.093275 -0.119857 -0.063133
0.016113 -0.914185 -0.403809 -0.103480 -0.112025 -0.070490
0.022339 -0.909058 -0.406128 -0.116771 -0.090901 -0.073101
0.022583 -0.916382 -0.404907 -0.125790 -0.068829 -0.076186
0.014771 -0.935303 -0.400146 -0.124604 -0.046044 -0.082832
0.006958 -0.939941 -0.395142 -0.108939 -0.018513 -0.086867
-0.004272 -0.935669 -0.393799 -0.079034 0.008782 -0.079746
-0.008179 -0.938843 -0.389648 -0.043908 0.020886 -0.063370
-0.018311 -0.942871 -0.393799 -0.009494 0.013054 -0.046519
-0.022095 -0.929932 -0.403442 0.018987 -0.007358 -0.037025
-0.019653 -0.924805 -0.404541 0.042247 -0.034889 -0.030380
-0.017334 -0.921997 -0.408325 0.055300 -0.059335 -0.025870
-0.008057 -0.916870 -0.406738 0.049604 -0.068117 -0.024446
-0.003662 -0.919189 -0.408325 0.023971 -0.062183 -0.026582
-0.008545 -0.922974 -0.412476 -0.013291 -0.036076 -0.029668
-0.010742 -0.922485 -0.416870 -0.053402 -0.000712 -0.028481
-0.009399 -0.927612 -0.411255 -0.084256 0.028718 -0.018513
0.000244 -0.929077 -0.413086 -0.100870 0.052927 -0.004509
0.006836 -0.932007 -0.413696 -0.100632 0.069778 0.000712
0.005005 -0.936035 -0.411499 -0.090664 0.068117 -0.010206
-0.001709 -0.939209 -0.411011 -0.078560 0.051503 -0.027769
-0.010376 -0.939331 -0.417847 -0.064557 0.026107 -0.038449
-0.021362 -0.935303 -0.416992 -0.049367 0.006883 -0.033702
-0.012817 -0.928711 -0.422607 -0.037737 -0.002611 -0.013766
-0.013672 -0.931885 -0.418091 -0.031804 -0.003085 0.009019
-0.005737 -0.922729 -0.415649 -0.034414 0.001661 0.023497
0.002075 -0.916260 -0.413940 -0.041060 0.001899 0.032753
0.000977 -0.912109 -0.414307 -0.052215 0.004509 0.036550
0.013306 -0.910522 -0.406982 -0.067405 0.014952 0.033940
0.013306 -0.907349 -0.402222 -0.081408 0.027294 0.024446
0.016724 -0.907349 -0.400024 -0.090901 0.033465 0.011155
0.020752 -0.914185 -0.401978 -0.091139 0.039161 0.001424
0.016602 -0.914917 -0.399414 -0.083306 0.046756 -0.000475
0.019287 -0.913696 -0.399170 -0.070015 0.063370 0.003085
0.017944 -0.917969 -0.405151 -0.054588 0.074762 0.005459
0.019531 -0.914063 -0.404785 -0.040111 0.079746 0.001424
0.009521 -0.919922 -0.414307 -0.027769 0.073813 -0.004272
-0.005127 -0.916138 -0.424683 -0.013291 0.057674 -0.005221
-0.019409 -0.916870 -0.429077 -0.000475 0.034652 0.004509
-0.016479 -0.920654 -0.422729 0.009968 0.005696 0.023022
-0.010620 -0.912476 -0.423950 0.018987 -0.018987 0.043908
0.000610 -0.904663 -0.417236 0.026582 -0.044620 0.058148
0.010498 -0.900635 -0.414307 0.029430 -0.066930 0.054826
0.020386 -0.903442 -0.415283 0.017089 -0.079272 0.038686
0.026978 -0.901367 -0.411743 -0.010918 -0.067167 0.016614
0.023438 -0.904785 -0.410522 -0.044620 -0.032753 -0.002611
0.022827 -0.906982 -0.413818 -0.073813 0.013766 -0.014952
0.014893 -0.910767 -0.412476 -0.093749 0.056724 -0.020411
-0.000122 -0.917603 -0.416626 -0.101582 0.072863 -0.020411
-0.001465 -0.916382 -0.424805 -0.098259 0.058623 -0.020886
-0.008057 -0.916260 -0.427734 -0.086155 0.024446 -0.020649
-0.011108 -0.917969 -0.423706 -0.072863 -0.015190 -0.022547
-0.000977 -0.918213 -0.415649 -0.064794 -0.047705 -0.028243
-0.001221 -0.922119 -0.416504 -0.064557 -0.067405 -0.033702
0.004761 -0.919922 -0.414185 -0.070965 -0.066930 -0.031804
0.006592 -0.918335 -0.410278 -0.078322 -0.044383 -0.023971
0.007202 -0.921021 -0.406250 -0.084493 -0.013054 -0.012342
0.005981 -0.922363 -0.410889 -0.086867 0.016851 -0.006646
0.005615 -0.924072 -0.411133 -0.085205 0.035364 -0.005221
0.009644 -0.920654 -0.412354 -0.076424 0.038924 -0.005696
0.007568 -0.921753 -0.416504 -0.059810 0.025870 -0.008307
0.002441 -0.918579 -0.419922 -0.042009 0.005221 -0.018275
-0.000854 -0.921021 -0.419922 -0.025633 -0.020649 -0.033702
-0.007080 -0.921509 -0.419922 -0.015427 -0.048655 -0.044620
-0.012329 -0.921753 -0.415527 -0.010680 -0.067879 -0.041297
-0.013550 -0.924561 -0.422119 -0.010918 -0.073813 -0.026582
-0.009766 -0.920288 -0.416748 -0.013291 -0.067405 -0.006408
-0.002197 -0.916870 -0.414185 -0.016851 -0.058623 0.013528
0.005249 -0.913574 -0.417358 -0.020174 -0.049604 0.024209
0.006104 -0.915405 -0.414185 -0.022073 -0.041772 0.022073
0.013794 -0.914795 -0.412231 -0.022310 -0.030854 0.010443
0.013062 -0.914795 -0.418335 -0.023734 -0.024209 -0.006883
0.012573 -0.912598 -0.414917 -0.028956 -0.014240 -0.022785
0.003418 -0.914917 -0.418701 -0.038449 0.000475 -0.032516
-0.004761 -0.910278 -0.424194 -0.048417 0.011155 -0.032041
-0.006836 -0.907471 -0.421753 -0.058148 0.012342 -0.021123
-0.007690 -0.912109 -0.416992 -0.064557 0.004272 -0.002373
-0.001831 -0.908569 -0.414917 -0.067879 -0.003323 0.013528
0.007446 -0.911743 -0.411011 -0.067879 -0.003797 0.023022
0.004028 -0.913574 -0.409912 -0.063607 -0.000237 0.023497
0.011475 -0.911133 -0.409546 -0.057674 0.003797 0.018513
0.011353 -0.904541 -0.404053 -0.051266 0.008070 0.014715
0.012329 -0.900879 -0.404785 -0.048180 0.015190 0.009968
0.022095 -0.897705 -0.404053 -0.050553 0.027057 0.002848
0.018799 -0.900757 -0.408447 -0.058148 0.037262 -0.005221
0.011719 -0.907349 -0.413330 -0.061946 0.043908 -0.012104
0.000000 -0.907593 -0.419067 -0.057199 0.039636 -0.015664
-0.013306 -0.910278 -0.417603 -0.045095 0.017801 -0.013054
-0.009521 -0.905518 -0.420654 -0.029668 -0.018275 -0.005459
-0.000854 -0.902222 -0.411377 -0.011392 -0.057436 0.003560
0.009644 -0.903076 -0.414551 0.006646 -0.089477 0.005696
0.023193 -0.901367 -0.415771 0.021361 -0.101582 0.000949
0.021973 -0.903564 -0.410034 0.029668 -0.102531 -0.008782
