0.527954 0.664307 0.430176 -0.234255 0.524047 -0.428399
0.499634 0.646851 0.468262 -0.257277 0.655297 -0.285046
0.307739 0.684448 0.493652 -0.251343 0.760913 -0.132673
0.593994 0.606445 0.495483 -0.250631 0.729821 0.094936
0.552368 0.606567 0.529419 -0.261312 0.706087 0.077848
0.558960 0.655518 0.521606 -0.220252 0.627765 0.045332
0.562256 0.655762 0.496216 -0.174920 0.590265 0.069066
0.555542 0.637329 0.479858 -0.165901 0.554427 0.087816
0.550659 0.631226 0.459106 -0.184413 0.534016 0.103006
0.552368 0.655640 0.494873 -0.197942 0.482987 0.135996
0.556152 0.629150 0.515381 -0.180853 0.313527 0.177768
0.653076 0.652954 0.486938 -0.165664 0.341295 0.230220
0.618896 0.628296 0.520508 -0.157357 0.330615 0.179192
0.637695 0.648193 0.501587 -0.142404 0.282910 0.147388
0.608887 0.639160 0.502075 -0.125553 0.234967 0.103718
0.594116 0.630493 0.500488 -0.115347 0.200078 0.071202
0.588013 0.627441 0.501831 -0.123417 0.184176 0.058623
0.582642 0.628052 0.506104 -0.132911 0.186787 0.048892
0.581177 0.628174 0.508423 -0.140031 0.176106 0.039873
0.582764 0.629028 0.506592 -0.146439 0.149524 0.028243
0.588501 0.632080 0.510376 -0.156170 0.143116 0.016851
0.577026 0.629883 0.517212 -0.171360 0.159730 0.008782
0.570313 0.619385 0.531250 -0.176106 0.164002 0.004035
0.569092 0.616089 0.535889 -0.168037 0.134572 -0.005221
0.568604 0.615967 0.546997 -0.153322 0.102056 -0.003797
0.562378 0.614136 0.555420 -0.128401 0.083544 0.005696
0.571167 0.618286 0.557251 -0.091139 0.043671 0.013528
0.570313 0.620361 0.543457 -0.060522 0.007595 0.009256
0.566162 0.626099 0.528442 -0.047468 -0.000949 0.011867
0.580078 0.627686 0.524902 -0.044145 0.013054 0.020886
0.582642 0.619507 0.525513 -0.042721 0.027057 0.023022
0.574341 0.616821 0.517944 -0.041772 0.018038 0.015664
0.582520 0.625854 0.516602 -0.050791 0.030142 0.010918
0.580688 0.623901 0.532959 -0.060284 0.064557 0.011867
0.570923 0.615967 0.541504 -0.058623 0.069778 0.009494
0.565308 0.614380 0.534180 -0.045332 0.033702 0.000475
0.566284 0.617432 0.528687 -0.041060 0.009019 -0.001661
0.567017 0.618774 0.537598 -0.049129 0.017563 0.003797
0.574707 0.620361 0.544678 -0.049841 0.026345 0.006171
0.574829 0.614136 0.545898 -0.039161 0.009256 0.003323
0.574585 0.616577 0.537842 -0.028006 -0.009019 0.001424
0.573975 0.621826 0.527588 -0.020886 -0.018750 0.001187
0.577515 0.622803 0.515259 -0.022310 -0.026582 0.001424
0.571045 0.619385 0.512573 -0.035126 -0.022073 0.004035
0.565063 0.618286 0.518433 -0.054588 -0.004984 0.005934
0.566772 0.621948 0.530396 -0.070490 0.005221 0.009968
0.567627 0.619751 0.540283 -0.076424 0.006171 0.013291
0.573730 0.617188 0.550293 -0.070965 -0.002611 0.013528
0.575684 0.612061 0.546875 -0.057199 -0.017089 0.010206
0.574463 0.620117 0.540649 -0.042484 -0.036313 0.004747
0.582520 0.622314 0.538574 -0.032516 -0.034652 0.001661
0.584717 0.617065 0.535522 -0.029668 -0.020886 0.000949
0.583252 0.612915 0.535645 -0.026107 -0.015190 -0.002611
0.586182 0.619873 0.532349 -0.021835 -0.006646 -0.009731
0.583862 0.625488 0.529907 -0.022310 0.012104 -0.012579
0.573853 0.620361 0.527222 -0.027057 0.020886 -0.014240
0.565552 0.617676 0.527710 -0.030142 0.016139 -0.018275
0.556274 0.621582 0.523682 -0.037025 0.009019 -0.013766
0.557617 0.622314 0.533691 -0.047705 0.014478 -0.000475
0.561890 0.622925 0.534546 -0.054114 0.014952 0.009019
0.574097 0.621338 0.541992 -0.049367 0.010680 0.013291
0.580444 0.618408 0.539673 -0.041060 0.009019 0.009494
0.577026 0.615479 0.532227 -0.034652 0.000475 0.004509
0.569946 0.616577 0.527222 -0.030617 -0.001899 0.001661
0.566528 0.619629 0.522461 -0.038686 0.008307 0.004747
0.572388 0.621094 0.535034 -0.053639 0.026819 0.009019
0.579468 0.610962 0.555542 -0.056012 0.032041 0.006883
0.568848 0.605469 0.556030 -0.040585 0.011867 0.000949
0.574707 0.614136 0.552368 -0.021835 -0.008782 -0.004272
0.577026 0.617188 0.541870 -0.011155 -0.012816 -0.004272
0.570190 0.616943 0.533325 -0.009494 -0.015427 -0.004984
0.571777 0.618896 0.522095 -0.011630 -0.020411 -0.007358
0.570923 0.623779 0.517090 -0.022310 -0.014003 -0.004035
0.567139 0.621582 0.523926 -0.036550 0.007595 0.000475
0.572021 0.617065 0.539185 -0.046756 0.020886 0.002136
0.573120 0.618652 0.545166 -0.042721 0.014952 0.001187
0.574219 0.616699 0.549438 -0.032516 0.008782 -0.000475
0.573242 0.615845 0.543457 -0.021835 0.000237 -0.002611
0.567383 0.619141 0.539063 -0.013291 -0.013291 -0.005934
0.568726 0.620850 0.529541 -0.010680 -0.019937 -0.005934
0.572632 0.621460 0.531494 -0.016376 -0.010443 -0.004509
0.570190 0.618164 0.535156 -0.021123 -0.001424 -0.003323
0.561768 0.617188 0.536255 -0.022073 -0.008307 -0.003085
0.567993 0.620239 0.535645 -0.023259 -0.018987 -0.001187
0.569824 0.616211 0.541748 -0.026107 -0.016139 0.001899
0.568970 0.616089 0.541382 -0.023734 -0.019462 0.003797
0.569214 0.620605 0.533936 -0.012342 -0.031092 0.000712
0.579346 0.621582 0.532349 -0.009731 -0.028956 0.001187
0.578979 0.617188 0.530640 -0.015190 -0.018987 -0.001424
0.577881 0.617432 0.524536 -0.019937 -0.011392 -0.007595
0.569580 0.618896 0.527588 -0.025395 -0.002373 -0.007832
0.562866 0.617310 0.537354 -0.032753 0.009256 -0.002373
0.566162 0.616699 0.536621 -0.033940 0.007120 0.002611
0.566895 0.619629 0.533569 -0.030854 -0.007832 0.004035
0.566772 0.618896 0.535889 -0.030617 -0.014952 0.004747
0.569824 0.616699 0.535767 -0.034652 -0.016614 0.006646
0.577148 0.620361 0.541748 -0.037500 -0.012816 0.006883
0.580200 0.613770 0.549805 -0.031092 -0.008070 0.004509
0.579224 0.617554 0.544434 -0.016614 -0.011867 0.000949
0.577881 0.619385 0.531982 -0.003797 -0.016139 -0.005696
0.565918 0.621216 0.519043 -0.002848 -0.016851 -0.004984
0.566406 0.621460 0.520142 -0.018275 -0.005221 -0.002611
0.563354 0.617676 0.537842 -0.035364 0.010680 0.000712
0.566895 0.617554 0.544556 -0.042009 0.015190 0.006408
0.574341 0.613770 0.549805 -0.035126 0.007120 0.006883
0.574829 0.615479 0.544434 -0.021835 -0.006408 0.003085
0.574829 0.620239 0.533691 -0.009968 -0.016376 0.001424
0.577881 0.620361 0.522583 -0.009494 -0.012816 0.000712
0.572632 0.619507 0.521851 -0.020649 -0.002611 0.001424
0.567383 0.617432 0.529175 -0.033940 0.011155 0.000712
0.570190 0.616333 0.539185 -0.039161 0.018513 0.002611
0.576660 0.614624 0.552002 -0.037025 0.014952 0.001187
0.578491 0.610352 0.559326 -0.024446 0.002848 -0.009256
0.588745 0.611938 0.557495 -0.001661 -0.020174 -0.029905
0.580444 0.616455 0.541870 0.023734 -0.030142 -0.051503
0.545654 0.620117 0.515381 0.031329 -0.034889 -0.054114
0.549438 0.633789 0.509521 0.008544 -0.038449 -0.039636
0.578369 0.626465 0.528809 -0.019225 -0.025633 -0.022073
0.590332 0.616333 0.542969 -0.032990 -0.010680 -0.019225
0.594604 0.613281 0.555908 -0.025158 -0.014003 -0.033228
0.581665 0.608887 0.539185 -0.002611 -0.012816 -0.055538
0.561157 0.628784 0.514893 0.002611 -0.014478 -0.056724
0.570190 0.633179 0.504883 -0.022073 -0.014715 -0.037737
0.564331 0.629517 0.515137 -0.065506 0.022073 -0.023022
0.563599 0.620361 0.532959 -0.091139 0.060047 -0.019462
0.572754 0.615967 0.541138 -0.097072 0.071677 -0.020886
0.558228 0.624512 0.534302 -0.099446 0.052927 -0.022547
0.569580 0.625610 0.546021 -0.092800 0.047231 -0.022785
0.577759 0.623901 0.559204 -0.072863 0.042721 -0.032516
0.565796 0.618042 0.543091 -0.048180 0.029430 -0.041297
0.546387 0.624023 0.510254 -0.037737 0.004272 -0.039398
0.542969 0.633911 0.501953 -0.061946 0.005221 -0.029668
0.549194 0.624146 0.518311 -0.095648 0.043433 -0.015190
0.549438 0.618652 0.549194 -0.121756 0.075949 0.000237
0.567139 0.614624 0.574463 -0.115110 0.077610 0.011630
0.573364 0.613281 0.582764 -0.078322 0.029430 0.010918
0.564697 0.622925 0.560791 -0.034414 -0.045332 0.007358
0.567871 0.621948 0.532715 -0.019937 -0.054351 0.013766
0.566040 0.617432 0.528687 -0.035601 0.019462 0.018038
0.555786 0.617432 0.535767 -0.052215 0.040111 0.018513
0.559082 0.619873 0.538452 -0.061946 0.018750 0.027057
0.571899 0.614990 0.545166 -0.064319 0.014478 0.029193
0.578247 0.614990 0.550781 -0.064557 0.027294 0.023734
0.569214 0.611450 0.551270 -0.060759 0.039873 0.015190
0.559082 0.612305 0.548706 -0.053164 0.028718 0.004984
0.553955 0.616089 0.551147 -0.050079 0.018275 0.005221
0.558838 0.614014 0.548950 -0.042009 0.018038 0.014952
0.556519 0.617554 0.543579 -0.032041 0.009968 0.026107
0.550293 0.621338 0.538574 -0.031804 -0.002136 0.034652
0.568481 0.616455 0.541626 -0.039873 0.008307 0.042721
