0.107666 0.362183 -1.087402 -0.362656 -0.296201 -0.283384
0.105469 0.364868 -1.071777 -0.368827 -0.326818 -0.261074
0.073486 0.389526 -1.050415 -0.354824 -0.378320 -0.242324
0.114258 0.335938 -1.022827 -0.313527 -0.402529 -0.220252
0.141113 0.299683 -1.025757 -0.251343 -0.332039 -0.212182
0.126343 0.344238 -1.000366 -0.163053 -0.243511 -0.234730
0.104248 0.255859 -1.062622 -0.057199 -0.234492 -0.244460
0.121094 0.281738 -1.075073 0.009256 0.093987 -0.278400
0.067749 0.385010 -1.093994 0.006171 0.326580 -0.301659
0.074829 0.345703 -1.100586 -0.028956 0.279824 -0.306169
0.053833 0.284546 -1.121094 -0.018750 0.169936 -0.316849
0.023560 0.248901 -1.163574 -0.042009 0.134335 -0.334412
-0.023804 0.209595 -1.200439 -0.105379 0.174920 -0.344855
-0.085938 0.173828 -1.214355 -0.167562 0.252293 -0.353637
-0.168457 0.161865 -1.209595 -0.204587 0.289318 -0.380219
-0.270020 0.177612 -1.211182 -0.202926 0.272704 -0.420092
-0.363037 0.193726 -1.211060 -0.162578 0.213369 -0.433858
-0.476929 0.242310 -1.234985 -0.096123 0.201739 -0.391374
-0.596191 0.267334 -1.283325 -0.029193 0.253005 -0.300710
-0.707275 0.283813 -1.346069 0.021123 0.273891 -0.175632
-0.805176 0.308350 -1.388672 0.035126 0.218590 0.011155
-0.893799 0.306641 -1.493652 0.011392 0.219777 0.272467
-0.953491 0.307007 -1.563354 -0.058860 0.051503 0.573177
-0.960083 0.281860 -1.677246 -0.131961 -0.222388 0.899045
-0.916138 0.231812 -1.761108 -0.202926 -0.628714 1.220641
-0.825195 0.189331 -1.767212 -0.289318 -0.915659 1.554342
-0.690918 0.182739 -1.740845 -0.420330 -0.942478 1.913200
-0.545044 0.151489 -1.692261 -0.605930 -0.684964 2.283926
-0.327759 0.140015 -1.618652 -0.832352 -0.289792 2.639699
-0.103149 0.126831 -1.512573 -1.073490 0.004509 2.942545
0.152832 0.119873 -1.399048 -1.315103 0.132673 3.152354
0.410156 0.065308 -1.287231 -1.536778 0.153322 3.243255
0.639282 0.044922 -1.168457 -1.745163 0.088765 3.211214
0.828247 0.077881 -1.014771 -1.952124 -0.019937 3.051009
0.973389 0.123779 -0.871338 -2.157660 -0.180616 2.797293
1.078247 0.151733 -0.727417 -2.326410 -0.374286 2.504652
1.160522 0.156616 -0.602295 -2.412327 -0.548019 2.219844
1.201538 0.183960 -0.484253 -2.384795 -0.607591 1.956159
1.226440 0.243652 -0.381836 -2.246901 -0.557038 1.709325
1.224487 0.298218 -0.313354 -2.019054 -0.445962 1.475307
1.196533 0.332886 -0.285156 -1.722853 -0.293353 1.230609
1.144653 0.376099 -0.269287 -1.376574 -0.133860 0.960041
1.068970 0.394409 -0.284058 -1.008222 -0.002136 0.686863
0.986694 0.417969 -0.302734 -0.652923 0.080933 0.431485
0.909424 0.453613 -0.334717 -0.349365 0.076424 0.204587
0.837280 0.479370 -0.367676 -0.128638 0.018750 0.011630
0.753174 0.489624 -0.391968 -0.004509 -0.024921 -0.149050
0.676025 0.505493 -0.394897 0.048892 -0.068591 -0.280299
0.588623 0.506348 -0.406616 0.074050 -0.116059 -0.381168
0.507568 0.505737 -0.393677 0.089240 -0.185600 -0.461864
0.417603 0.485352 -0.396118 0.108227 -0.272941 -0.524522
0.352539 0.463867 -0.373291 0.140980 -0.361232 -0.562971
0.298584 0.433350 -0.360596 0.187024 -0.496753 -0.577449
0.269409 0.413818 -0.336670 0.243986 -0.609490 -0.579348
0.253418 0.396118 -0.309814 0.307830 -0.734331 -0.592164
0.245850 0.384888 -0.276245 0.376184 -0.861308 -0.634411
0.223511 0.374878 -0.244141 0.446200 -1.009646 -0.705850
0.198608 0.322876 -0.217773 0.527133 -1.162493 -0.780850
0.186279 0.258179 -0.202759 0.644142 -1.306796 -0.840185
0.164551 0.185059 -0.216675 0.823808 -1.409089 -0.894298
0.123291 0.106445 -0.242310 1.077525 -1.453709 -0.950785
0.068237 0.052002 -0.266724 1.380846 -1.429263 -0.999203
0.005981 0.020020 -0.313477 1.721429 -1.377998 -1.026497
-0.052246 0.001587 -0.369629 2.104022 -1.343346 -1.034804
-0.099487 -0.006470 -0.455933 2.511297 -1.303948 -1.030057
-0.121826 -0.027832 -0.614746 2.917861 -1.279501 -1.018664
-0.135132 -0.032471 -0.864502 3.300217 -1.270957 -1.017952
-0.130981 -0.013794 -1.171143 3.611370 -1.157271 -1.009408
-0.146484 0.069580 -1.547241 3.783442 -0.916846 -0.977842
-0.164551 0.123901 -1.894531 3.718647 -0.509570 -0.890738
-0.207886 0.156372 -2.187988 3.362637 0.026107 -0.726973
-0.220337 0.238647 -2.367432 2.779017 0.520962 -0.514791
-0.210327 0.299805 -2.446167 2.120398 0.735992 -0.319223
-0.178345 0.319702 -2.445801 1.512807 0.639869 -0.194382
-0.119751 0.321655 -2.373291 0.970247 0.386390 -0.135284
-0.051025 0.303711 -2.272217 0.483700 0.081408 -0.094699
0.008789 0.281006 -2.138306 0.070727 -0.108227 -0.062658
0.038696 0.278198 -1.996216 -0.244223 -0.165664 -0.042721
0.046753 0.273438 -1.863159 -0.459965 -0.143591 -0.031092
0.055298 0.253784 -1.743408 -0.587655 -0.060284 -0.019699
0.044434 0.233154 -1.625488 -0.636547 0.037025 -0.003797
0.040405 0.207397 -1.532959 -0.613050 0.133623 0.022073
0.025757 0.199707 -1.442261 -0.533541 0.216929 0.056012
0.022461 0.200317 -1.380127 -0.430061 0.280536 0.092800
0.031128 0.207153 -1.325928 -0.327767 0.339397 0.121993
0.034058 0.212646 -1.279175 -0.243274 0.371912 0.135759
0.035522 0.214844 -1.241089 -0.184413 0.374998 0.132436
0.030884 0.218140 -1.207886 -0.136945 0.344618 0.115110
0.031616 0.220703 -1.180664 -0.097310 0.288368 0.095885
0.030762 0.222778 -1.171265 -0.070490 0.235442 0.077848
0.031250 0.214722 -1.167358 -0.067405 0.185600 0.058386
0.027222 0.213745 -1.165161 -0.078797 0.146914 0.042959
0.015869 0.195068 -1.165894 -0.095885 0.089003 0.034652
0.016235 0.173096 -1.164551 -0.121281 0.041060 0.036550
0.033081 0.161377 -1.160767 -0.147863 -0.025395 0.055538
0.042847 0.147217 -1.159058 -0.152847 -0.079034 0.073338
0.060181 0.142578 -1.146973 -0.136471 -0.112025 0.071914
0.069580 0.145996 -1.143188 -0.105854 -0.140980 0.058386
0.068848 0.140991 -1.138916 -0.064794 -0.168274 0.042009
0.072632 0.133423 -1.149170 -0.018038 -0.185600 0.025633
0.058594 0.143066 -1.161621 0.014478 -0.182515 0.024683
0.049805 0.144653 -1.173706 0.004509 -0.118195 0.050316
0.049805 0.155151 -1.181519 -0.040823 -0.023971 0.091139
0.056274 0.166992 -1.184570 -0.085205 0.036313 0.125316
0.067627 0.169922 -1.180298 -0.102768 0.028243 0.131012
0.072021 0.174561 -1.170288 -0.109177 0.001187 0.110363
0.068237 0.180542 -1.162109 -0.128164 -0.028718 0.085443
0.069336 0.178955 -1.143188 -0.148812 -0.031804 0.069541
0.068237 0.174561 -1.131592 -0.160679 -0.023971 0.062183
0.062500 0.173096 -1.106445 -0.164477 -0.017563 0.055300
0.068604 0.166870 -1.097168 -0.157357 -0.033702 0.046281
0.076416 0.164673 -1.083740 -0.132911 -0.064794 0.036076
0.084839 0.158569 -1.080322 -0.097784 -0.085443 0.023497
0.088867 0.163330 -1.071411 -0.066218 -0.079509 0.013766
0.096680 0.156250 -1.072876 -0.045807 -0.047231 0.008782
0.101074 0.163330 -1.075317 -0.023022 -0.022073 0.000949
0.097656 0.164795 -1.086304 0.007358 -0.029668 -0.015664
0.087646 0.153442 -1.112305 0.033465 -0.056962 -0.031804
0.085327 0.147217 -1.126831 0.044857 -0.046993 -0.031804
0.088379 0.153076 -1.139160 0.046281 -0.035364 -0.014952
0.096680 0.153931 -1.157471 0.045095 -0.026107 0.000712
0.096802 0.156738 -1.161011 0.037737 -0.021123 0.004984
0.102051 0.153687 -1.174316 0.014478 -0.018987 -0.002136
0.105225 0.153442 -1.179321 -0.013766 -0.020886 -0.015190
0.100830 0.144653 -1.181274 -0.037974 -0.031804 -0.030854
0.095703 0.147217 -1.180176 -0.057674 -0.040585 -0.045807
0.086426 0.140747 -1.180054 -0.076898 -0.036550 -0.053876
0.084106 0.150146 -1.172974 -0.086629 -0.040111 -0.056962
0.075195 0.143066 -1.169556 -0.085443 -0.041772 -0.065981
0.068237 0.147461 -1.152100 -0.084256 -0.032041 -0.079272
0.060059 0.152466 -1.145264 -0.087341 -0.023734 -0.089003
0.052734 0.154785 -1.136108 -0.085205 -0.016614 -0.089003
0.044678 0.151489 -1.131104 -0.077373 -0.012342 -0.080458
0.034790 0.148438 -1.123535 -0.071439 -0.005934 -0.070490
0.027832 0.147461 -1.116699 -0.062183 -0.009019 -0.058623
0.020142 0.152832 -1.121704 -0.044383 -0.030617 -0.036313
0.031982 0.151489 -1.118652 -0.017089 -0.045095 -0.006171
0.049683 0.152588 -1.132080 0.008782 -0.048655 0.010680
0.059692 0.150635 -1.138428 0.035126 -0.041772 0.006171
0.072266 0.159912 -1.146606 0.055063 -0.044383 -0.011392
0.070313 0.152100 -1.149170 0.062658 -0.047943 -0.036076
0.065918 0.145630 -1.154297 0.059572 -0.041772 -0.060759
0.050781 0.144409 -1.167114 0.053639 -0.038686 -0.072626
0.042969 0.152100 -1.185059 0.039161 -0.043196 -0.061708
0.044922 0.145020 -1.195068 0.004272 -0.033940 -0.039636
0.050659 0.152222 -1.193359 -0.037262 -0.024683 -0.027294
0.058594 0.153442 -1.187012 -0.071439 -0.023734 -0.023259
0.063599 0.147705 -1.183472 -0.095648 -0.030617 -0.023022
0.072998 0.142456 -1.175537 -0.109651 -0.037974 -0.025870
0.076660 0.145508 -1.170532 -0.113923 -0.043196 -0.034889
