1.226807 0.195801 -0.047241 -0.797463 -0.442402 -0.677844
1.191528 0.217651 -0.024658 -0.676420 -0.197942 -0.697780
1.130859 0.234985 -0.028442 -0.498415 -0.127214 -0.704901
1.086914 0.271606 -0.043823 -0.329903 -0.240188 -0.693746
1.038452 0.265869 -0.085449 -0.180616 -0.394934 -0.656009
1.017212 0.293213 -0.095215 -0.040585 -0.604743 -0.614711
1.136597 -0.038574 -0.177124 0.119857 -0.895248 -0.578161
0.798950 0.229980 -0.078491 0.302372 -0.765422 -0.704901
0.838989 0.531860 -0.011597 0.534728 0.375472 -0.841371
0.691162 0.421997 -0.028442 0.667401 0.114398 -0.701103
0.680664 0.301270 -0.126465 0.816451 -1.041449 -0.221676
0.886475 0.323730 -0.254272 1.019614 -1.219929 0.267482
0.913330 0.363403 -0.285522 1.158458 -0.650312 0.587892
0.967651 0.256226 -0.268799 1.131639 -0.192720 0.609490
0.943115 0.287109 -0.328857 0.995168 -0.344381 0.345093
0.949829 0.348877 -0.362183 0.872226 -0.409412 -0.034652
0.876831 0.277832 -0.363037 0.809330 -0.421279 -0.357909
0.796387 0.209717 -0.351196 0.772543 -0.481563 -0.538050
0.773438 0.201416 -0.317383 0.742875 -0.470408 -0.543272
0.791260 0.216187 -0.282349 0.734093 -0.345567 -0.373099
0.820435 0.247314 -0.335083 0.731957 -0.127689 -0.099208
0.813721 0.259888 -0.410767 0.699442 0.160205 0.162103
0.787964 0.256470 -0.485352 0.599522 0.421042 0.309966
0.814453 0.281738 -0.555542 0.418668 0.565582 0.320172
0.820435 0.284546 -0.601563 0.187973 0.655534 0.239476
0.761841 0.260132 -0.605469 -0.084256 0.643192 0.104904
0.770752 0.269409 -0.598877 -0.390662 0.411311 -0.031804
0.757324 0.251099 -0.621460 -0.691847 0.306881 -0.079746
0.782471 0.245972 -0.623047 -0.975231 0.322545 -0.049129
0.844116 0.235229 -0.632446 -1.284960 0.309254 0.016376
0.894043 0.210938 -0.650269 -1.630290 0.447149 0.081882
0.924072 0.176147 -0.619385 -1.999355 0.674046 0.100158
0.923218 0.128540 -0.576660 -2.352517 0.830691 0.067642
0.936157 0.122192 -0.526489 -2.618575 0.838761 0.001899
0.986816 0.126953 -0.495239 -2.780916 0.734806 -0.062895
1.037720 0.107300 -0.498535 -2.917624 0.626816 -0.116297
1.047607 0.092163 -0.479248 -3.113904 0.600471 -0.193907
1.033203 0.069214 -0.422607 -3.368571 0.586705 -0.317324
1.035034 0.058594 -0.319580 -3.592382 0.464238 -0.457355
1.046143 0.044922 -0.173828 -3.705119 0.328004 -0.580772
1.042725 0.036499 -0.030151 -3.684945 0.288843 -0.686388
1.025757 0.022339 0.088623 -3.544440 0.313052 -0.760438
0.977783 0.032349 0.182495 -3.299979 0.369301 -0.768033
0.939209 0.061768 0.257813 -2.979570 0.492481 -0.685201
0.898682 0.099976 0.298828 -2.628544 0.640107 -0.530693
0.888428 0.150635 0.296021 -2.291283 0.732432 -0.355061
0.891235 0.190186 0.287476 -2.016443 0.734093 -0.226423
0.927856 0.224487 0.284546 -1.834640 0.693983 -0.185125
0.946533 0.264404 0.283813 -1.724040 0.591927 -0.241138
0.951294 0.298218 0.301147 -1.629578 0.466848 -0.374760
0.931030 0.308472 0.299805 -1.547933 0.327530 -0.524522
0.903931 0.334106 0.289185 -1.468662 0.213369 -0.634885
0.880981 0.341919 0.272705 -1.401257 0.146676 -0.669537
0.857056 0.357056 0.280151 -1.352840 0.136708 -0.630850
0.857300 0.365479 0.303101 -1.321273 0.122942 -0.559648
0.853882 0.367065 0.346680 -1.266448 0.133623 -0.491532
0.863159 0.375000 0.376099 -1.163205 0.147626 -0.440741
0.860352 0.392944 0.379150 -1.020801 0.151186 -0.392323
0.869629 0.407593 0.363281 -0.861071 0.154509 -0.354586
0.878540 0.424316 0.331177 -0.740264 0.146202 -0.330615
0.896240 0.432861 0.309204 -0.681404 0.108227 -0.337023
0.924194 0.449829 0.301270 -0.662891 0.023259 -0.393036
0.940063 0.458984 0.288208 -0.636072 -0.045095 -0.477766
0.946045 0.463379 0.285522 -0.584332 -0.105854 -0.556088
0.950073 0.461792 0.291992 -0.521674 -0.163290 -0.614237
0.941528 0.458862 0.264526 -0.447624 -0.169224 -0.645803
0.919067 0.457031 0.243530 -0.366928 -0.143354 -0.644616
0.919556 0.443359 0.213623 -0.299523 -0.111550 -0.609727
0.927979 0.434082 0.169067 -0.267008 -0.025633 -0.553715
0.946411 0.410889 0.145996 -0.277213 0.054114 -0.508146
0.972656 0.386108 0.137817 -0.332039 0.072863 -0.510519
0.974243 0.374146 0.152710 -0.398257 0.073575 -0.573651
0.946167 0.343506 0.179443 -0.441928 0.053402 -0.688049
0.892700 0.309448 0.194580 -0.436469 -0.032278 -0.829504
0.804688 0.267212 0.214233 -0.389713 -0.123417 -0.965263
0.681274 0.222534 0.240601 -0.326818 -0.217166 -1.067319
0.516113 0.166138 0.250977 -0.260125 -0.294302 -1.115737
0.322876 0.134644 0.262573 -0.170173 -0.370251 -1.095325
0.119995 0.096436 0.293335 -0.048892 -0.436943 -0.980690
-0.096680 0.080078 0.326172 0.090901 -0.483225 -0.745486
-0.289917 0.072510 0.323975 0.259176 -0.482513 -0.372624
-0.473022 0.038208 0.319336 0.459965 -0.504585 0.130062
-0.581543 -0.023315 0.311646 0.660755 -0.488209 0.771356
-0.654419 -0.027954 0.300781 0.859409 -0.307356 1.554816
-0.691895 -0.087158 0.276978 1.024598 0.053164 2.464067
-0.626465 -0.111328 0.261963 1.175309 0.322783 3.383760
-0.420654 -0.087524 0.209229 1.281875 0.393985 4.143012
-0.220825 -0.031738 0.156738 1.344295 0.368827 4.659702
0.003418 -0.014526 0.081421 1.384406 0.251106 4.967532
0.246704 -0.050049 -0.012817 1.371590 0.048417 5.147911
0.494995 -0.127808 -0.075684 1.239154 -0.117009 5.249255
0.752197 -0.189331 -0.109863 0.979503 -0.255853 5.287467
1.007568 -0.212769 -0.100342 0.685676 -0.379032 5.262072
1.216797 -0.219727 -0.054443 0.468984 -0.451659 5.160490
1.371826 -0.227173 -0.031128 0.364317 -0.511706 4.983434
1.470703 -0.224609 -0.053589 0.344855 -0.571753 4.745144
1.543335 -0.268799 -0.125854 0.342245 -0.676657 4.458674
1.626465 -0.335815 -0.172607 0.277451 -0.839947 4.114057
1.672852 -0.390259 -0.180298 0.126977 -0.942478 3.733600
1.677856 -0.438354 -0.149292 -0.041060 -0.981402 3.359552
1.649292 -0.472046 -0.071655 -0.137657 -0.994693 3.031785
1.579712 -0.509155 -0.041016 -0.127214 -0.962178 2.788986
1.522705 -0.572754 -0.030273 -0.034177 -0.894536 2.637325
1.493530 -0.647095 -0.030151 0.067642 -0.825469 2.564462
1.488037 -0.723633 -0.075317 0.122230 -0.704901 2.534794
1.506958 -0.793823 -0.090576 0.131012 -0.569142 2.500143
1.548096 -0.834473 -0.087891 0.112499 -0.496753 2.418972
1.582764 -0.823364 -0.082520 0.105616 -0.466611 2.249274
1.605225 -0.802612 -0.073364 0.135759 -0.530693 1.961380
1.604492 -0.787720 -0.081299 0.177768 -0.665739 1.581161
1.606445 -0.807129 -0.064575 0.202451 -0.800786 1.190974
1.517944 -0.763672 -0.045776 0.218828 -0.819536 0.849441
1.445190 -0.746582 -0.063965 0.258701 -0.806245 0.574363
1.380249 -0.683838 -0.060059 0.334887 -0.846830 0.375947
1.323730 -0.647583 -0.083008 0.411548 -0.842795 0.271992
1.295898 -0.607666 -0.125122 0.478478 -0.775391 0.218116
1.275146 -0.578003 -0.152710 0.523810 -0.698967 0.187736
1.267090 -0.546631 -0.180786 0.538762 -0.619221 0.150236
1.247559 -0.520020 -0.210693 0.523335 -0.532829 0.076424
1.226196 -0.487305 -0.224243 0.485598 -0.483700 -0.029193
1.188354 -0.471680 -0.239380 0.431247 -0.452133 -0.142167
1.147217 -0.465942 -0.244873 0.366453 -0.416770 -0.243274
1.109741 -0.461670 -0.249268 0.291454 -0.370251 -0.318985
1.072021 -0.464966 -0.248901 0.215742 -0.322308 -0.369539
1.045044 -0.467529 -0.243286 0.144778 -0.279824 -0.402766
1.013550 -0.473633 -0.242310 0.087579 -0.219540 -0.415345
0.999634 -0.477173 -0.242676 0.044383 -0.170885 -0.421042
0.994019 -0.483276 -0.232666 0.009968 -0.160442 -0.436231
0.988037 -0.488037 -0.217651 -0.020886 -0.140031 -0.463526
0.974609 -0.497192 -0.207031 -0.048892 -0.114398 -0.500788
0.965698 -0.499268 -0.191650 -0.060522 -0.103006 -0.542797
0.952881 -0.507202 -0.185913 -0.056962 -0.105142 -0.580772
0.945801 -0.508667 -0.184204 -0.053876 -0.096835 -0.610202
0.935059 -0.503296 -0.173828 -0.059572 -0.063370 -0.628952
0.930786 -0.500488 -0.172974 -0.069778 -0.031566 -0.638445
0.936890 -0.501831 -0.169678 -0.084256 -0.001424 -0.650550
0.930542 -0.504150 -0.156006 -0.100870 0.076424 -0.657907
0.933960 -0.493408 -0.148071 -0.115822 0.144303 -0.663366
0.930908 -0.482910 -0.140869 -0.123180 0.170648 -0.678319
0.940918 -0.467896 -0.137939 -0.126977 0.179429 -0.710597
0.944824 -0.465576 -0.132568 -0.140268 0.170173 -0.757353
0.934204 -0.451904 -0.130127 -0.158543 0.211708 -0.809093
0.924194 -0.448486 -0.128784 -0.179904 0.194619 -0.858460
0.921021 -0.441162 -0.121460 -0.199841 0.148812 -0.899282
0.923462 -0.434326 -0.112061 -0.220726 0.122942 -0.928001
0.922974 -0.419067 -0.105103 -0.243274 0.101344 -0.948174
0.927979 -0.412109 -0.093750 -0.254666 0.120094 -0.963839
0.912598 -0.399414 -0.093506 -0.250869 0.078085 -0.982589
0.926392 -0.363770 -0.085449 -0.231407 0.004509 -1.009883
0.920166 -0.353516 -0.085571 -0.205774 -0.064319 -1.037414
