0.820557 0.223999 0.149536 -0.446912 -0.002848 0.160205
0.736450 0.343262 0.162598 -0.407988 0.124604 0.191059
0.723022 0.342041 0.190796 -0.322071 0.217166 0.192958
0.708008 0.312378 0.222656 -0.234730 0.246834 0.226185
0.682861 0.270874 0.235596 -0.181565 0.234255 0.257514
0.675781 0.231445 0.280396 -0.148100 0.252530 0.322545
0.669800 0.203735 0.334717 -0.131249 0.348178 0.375947
0.660889 0.188354 0.409180 -0.134335 0.507908 0.430773
0.628418 0.156494 0.496460 -0.155933 0.707749 0.466374
0.595093 0.143433 0.583862 -0.155933 0.870089 0.494142
0.564575 0.145630 0.665039 -0.075237 0.954108 0.538050
0.521851 0.141479 0.726929 0.063607 0.991608 0.567243
0.497559 0.183838 0.793091 0.205062 0.950548 0.637971
0.511963 0.194214 0.849243 0.397308 0.754505 0.803397
0.544800 0.163086 0.847412 0.703239 0.450472 1.018190
0.614868 0.124390 0.776733 1.097936 0.202926 1.289232
0.699463 0.099121 0.662231 1.521114 0.074288 1.531082
0.802368 0.107300 0.515747 1.891839 0.029430 1.700781
0.898682 0.104004 0.372803 2.125382 0.027057 1.822061
1.003540 0.081421 0.231445 2.214859 -0.043671 1.885669
1.100464 0.046753 0.095337 2.232660 -0.126502 1.923168
1.205933 0.004395 -0.046997 2.230049 -0.218353 1.900621
1.293701 -0.019409 -0.159302 2.218894 -0.312340 1.813992
1.379639 -0.067261 -0.293945 2.191363 -0.337973 1.762964
1.475464 -0.057373 -0.430420 2.168578 -0.205299 1.693898
1.591064 -0.033813 -0.561035 2.087408 0.000712 1.634562
1.657593 -0.059082 -0.654663 1.938121 0.133623 1.567633
1.719482 -0.036011 -0.714233 1.687964 0.252055 1.396273
1.722290 -0.023560 -0.709473 1.385355 0.240900 1.184091
1.685181 0.003418 -0.692993 1.104107 0.106803 0.943428
1.657959 0.004395 -0.657104 0.861545 -0.066455 0.726499
1.628906 0.006348 -0.635376 0.665739 -0.283147 0.547544
1.582275 0.001953 -0.645630 0.517402 -0.471832 0.389950
1.518555 0.007202 -0.621216 0.398969 -0.528557 0.261074
1.439941 -0.013306 -0.605713 0.305457 -0.441690 0.158069
1.365845 -0.039917 -0.603760 0.248258 -0.237578 0.117009
1.306641 -0.058838 -0.613892 0.201502 -0.036788 0.142404
1.281616 -0.080200 -0.625244 0.122468 0.095411 0.192008
1.269897 -0.096191 -0.616821 0.010680 0.182752 0.229271
1.249756 -0.103516 -0.574219 -0.129588 0.229033 0.210046
1.227051 -0.126831 -0.533813 -0.257752 0.239476 0.164714
1.214478 -0.133789 -0.508057 -0.331090 0.213606 0.137895
1.188232 -0.137085 -0.503662 -0.381168 0.164002 0.102531
1.162964 -0.143311 -0.480957 -0.440266 0.087341 0.068354
1.139648 -0.139282 -0.473022 -0.513130 -0.031092 0.028006
1.128662 -0.132813 -0.481445 -0.599759 -0.169698 -0.009019
1.124634 -0.126953 -0.517578 -0.730771 -0.285283 -0.021835
1.110718 -0.122437 -0.548950 -0.923016 -0.346279 -0.037025
1.094727 -0.120239 -0.535034 -1.145642 -0.387814 -0.050079
1.078735 -0.106689 -0.509155 -1.341210 -0.452133 -0.063133
1.074219 -0.099365 -0.478638 -1.486937 -0.545645 -0.060996
1.084595 -0.085083 -0.453491 -1.615338 -0.627053 -0.031092
1.098633 -0.081177 -0.425293 -1.729261 -0.639395 -0.019225
1.106689 -0.076538 -0.378662 -1.838912 -0.556326 -0.022547
1.098022 -0.067627 -0.312744 -1.942156 -0.387814 -0.038212
1.089478 -0.055420 -0.246826 -2.012171 -0.140031 -0.063133
1.068848 -0.039063 -0.164063 -2.025937 0.121518 -0.086155
1.053345 -0.030151 -0.086792 -2.034718 0.346279 -0.117958
1.041992 -0.016113 0.014526 -2.052756 0.500076 -0.135521
1.044678 -0.020142 0.137573 -2.087408 0.574838 -0.143591
1.042847 -0.039917 0.266724 -2.096189 0.604743 -0.162341
1.038940 -0.047607 0.393921 -2.064148 0.611626 -0.163290
1.028442 -0.045288 0.488403 -1.980605 0.585518 -0.164714
1.000488 -0.027222 0.523071 -1.868343 0.526183 -0.164714
0.996338 0.006592 0.621460 -1.692474 0.457117 -0.155458
0.990845 0.002808 0.624634 -1.566446 0.303084 -0.133860
1.000854 -0.005005 0.681763 -1.390814 0.293590 -0.091613
1.009277 -0.019531 0.693970 -1.257192 0.363368 -0.014240
1.023682 -0.012451 0.716064 -1.116449 0.555376 0.059810
1.038208 0.002808 0.729004 -0.943190 0.741214 0.118433
1.049072 0.020142 0.727417 -0.762574 0.769932 0.149524
1.055786 0.031860 0.676147 -0.583382 0.667638 0.154271
1.058838 0.045166 0.617554 -0.451659 0.530456 0.133385
1.049683 0.043945 0.582764 -0.370963 0.383779 0.092800
1.052734 0.044556 0.550415 -0.312815 0.221913 0.067405
1.058105 0.044434 0.526489 -0.238764 0.048655 0.040111
1.066040 0.043091 0.479126 -0.126740 -0.103718 0.029193
1.070801 0.043335 0.414551 0.005934 -0.187973 0.034889
1.070313 0.049927 0.349487 0.128876 -0.206249 0.038212
1.065430 0.055054 0.284180 0.223575 -0.173258 0.051266
1.067261 0.051147 0.242554 0.282910 -0.114873 0.060284
1.069092 0.056152 0.190918 0.324444 -0.071439 0.062895
1.076416 0.060181 0.153442 0.325156 -0.057674 0.063133
1.086060 0.059448 0.122437 0.287182 -0.066693 0.058148
1.083862 0.054199 0.098145 0.245647 -0.056250 0.052690
1.084595 0.053711 0.090698 0.208622 -0.037500 0.036550
1.089722 0.051147 0.081421 0.165189 -0.030142 0.027769
1.085571 0.045288 0.077515 0.130537 -0.024921 0.024683
1.081543 0.038330 0.066284 0.104904 -0.013054 0.007120
1.086792 0.037354 0.062012 0.077848 0.002611 0.004509
1.080200 0.044189 0.065186 0.046044 0.015664 -0.010206
1.073364 0.043335 0.069824 0.018513 0.029193 -0.030854
1.071289 0.047974 0.085327 0.007832 0.041535 -0.028718
1.076904 0.040771 0.085083 0.007358 0.064557 -0.017801
1.077148 0.039551 0.083740 0.006883 0.098734 -0.003085
1.074585 0.034180 0.083740 0.012342 0.126265 -0.000712
1.065796 0.032959 0.083618 0.017801 0.116297 -0.004272
1.066284 0.030640 0.086304 0.019225 0.074288 0.006171
1.064697 0.024780 0.078857 0.025158 0.021835 0.013528
1.072510 0.027222 0.072876 0.030380 -0.013766 0.028956
1.079224 0.026245 0.074829 0.036313 -0.037262 0.044145
1.087891 0.022461 0.064209 0.029193 -0.056487 0.049367
1.084473 0.022095 0.059937 0.007358 -0.071202 0.051740
1.078857 0.021606 0.066040 -0.002611 -0.103955 0.040585
1.079834 0.021729 0.058838 -0.005696 -0.159730 0.041060
1.084595 0.025757 0.047974 0.001187 -0.196043 0.051978
1.089478 0.025513 0.032349 -0.004272 -0.188448 0.047943
1.090454 0.021851 0.033813 -0.008544 -0.164002 0.047705
1.092407 0.019897 0.036133 -0.017801 -0.153559 0.044620
1.095337 0.019775 0.032227 -0.024446 -0.151186 0.046519
1.091309 0.022949 0.035400 -0.030854 -0.143591 0.045569
1.081299 0.018066 0.047729 -0.038449 -0.147626 0.031566
1.076782 0.019775 0.046753 -0.035126 -0.156170 0.035126
1.072510 0.017090 0.046387 -0.035601 -0.160205 0.037974
1.078003 0.008545 0.045654 -0.038212 -0.152610 0.044620
1.081665 0.008667 0.046875 -0.045569 -0.134335 0.056724
1.084961 0.006592 0.058716 -0.044383 -0.128876 0.053402
1.091064 0.002197 0.061279 -0.032990 -0.145252 0.053639
1.091797 0.005493 0.054810 -0.014715 -0.150236 0.051740
1.095703 0.003418 0.042358 -0.009494 -0.127214 0.042009
1.096680 0.006470 0.034302 -0.012104 -0.092800 0.032041
1.092407 0.006592 0.033081 -0.014478 -0.073338 0.007595
1.085571 0.010742 0.029907 -0.028956 -0.095411 -0.010680
1.072632 0.010254 0.026001 -0.043433 -0.123892 -0.024446
1.067139 0.013428 0.034424 -0.063845 -0.155221 -0.037974
1.061646 0.019775 0.037720 -0.077610 -0.174920 -0.032990
1.055176 0.019165 0.040283 -0.075474 -0.171597 -0.032753
1.047241 0.025391 0.039307 -0.066693 -0.156170 -0.025395
1.046143 0.024292 0.040649 -0.057199 -0.134809 -0.010443
1.051147 0.016724 0.050293 -0.055300 -0.102056 0.000237
1.061157 0.011475 0.060669 -0.055300 -0.064557 0.023734
1.068970 0.009766 0.066162 -0.044383 -0.031566 0.027057
1.072388 0.003906 0.065674 -0.019225 -0.026819 0.025633
1.076050 0.003418 0.063110 0.000237 -0.048180 0.027057
1.074463 0.007446 0.053711 0.008544 -0.073101 0.021123
1.075195 0.005737 0.043579 0.012342 -0.080933 0.028718
1.075317 0.009888 0.036865 0.013766 -0.065031 0.024446
1.067139 0.016602 0.032715 0.013766 -0.045332 0.013528
1.065552 0.019897 0.030151 0.013528 -0.044383 0.013054
1.058105 0.020020 0.029175 0.002611 -0.064319 0.009019
1.057495 0.023682 0.029663 -0.008070 -0.092325 0.019699
1.062988 0.021240 0.028687 -0.017801 -0.117483 0.029668
1.065430 0.021362 0.022339 -0.010206 -0.128164 0.029430
1.067871 0.018066 0.024902 -0.007832 -0.117483 0.043433
1.074341 0.013550 0.020874 -0.005221 -0.099920 0.045095
1.080566 0.009888 0.021118 0.000949 -0.083306 0.052690
1.085205 0.005127 0.023926 0.002373 -0.071914 0.058860
1.089111 -0.000977 0.029053 -0.000237 -0.068591 0.048417
1.091187 -0.005615 0.030029 0.009019 -0.065269 0.048417
1.089966 -0.001343 0.030884 0.018987 -0.058148 0.041297
