0.078003 0.633545 -0.770264 -0.363605 -0.493905 0.104430
0.155151 0.515503 -0.706055 -0.272467 -0.533541 0.169698
0.186035 0.514160 -0.687012 -0.157119 -0.659094 0.178717
0.122070 0.593994 -0.735229 -0.016139 -0.630850 0.151186
0.194458 0.565918 -0.893066 0.052452 -0.075474 0.183701
0.137085 0.465454 -0.792969 -0.060759 0.857036 0.298811
0.127319 0.561157 -0.688110 -0.304270 1.085832 0.407751
0.196289 0.584961 -0.599365 -0.418194 0.887415 0.383067
0.332275 0.531982 -0.548950 -0.314239 0.390899 0.369539
0.418945 0.468140 -0.520264 -0.118433 -0.067879 0.338210
0.468750 0.433838 -0.478638 0.062183 -0.283384 0.244223
0.531006 0.415771 -0.462646 0.215268 -0.347941 0.087579
0.584839 0.385620 -0.439331 0.354586 -0.376896 -0.098971
0.624146 0.334961 -0.410522 0.475393 -0.403953 -0.256328
0.657349 0.286743 -0.391602 0.553715 -0.411311 -0.342719
0.695068 0.260742 -0.366333 0.576974 -0.365504 -0.345567
0.739868 0.216431 -0.352417 0.559174 -0.266296 -0.303084
0.806641 0.140259 -0.326416 0.538288 -0.186787 -0.276264
0.876099 0.048828 -0.308472 0.530456 -0.099920 -0.288606
0.928589 -0.027832 -0.279175 0.561547 0.027531 -0.353637
0.988403 -0.088623 -0.230103 0.644142 0.145727 -0.482750
0.977417 -0.108643 -0.241089 0.787020 0.291691 -0.682591
0.957886 -0.086426 -0.263672 1.035753 0.440978 -0.963364
0.891724 -0.090332 -0.344482 1.415972 0.440978 -1.353552
0.819946 -0.128296 -0.454590 1.903232 0.369301 -1.847219
0.702759 -0.146484 -0.614990 2.417785 0.317799 -2.408055
0.541504 -0.168945 -0.784790 2.847609 0.342007 -2.953225
0.324707 -0.172852 -0.987305 3.123161 0.464000 -3.381624
0.073364 -0.138550 -1.166504 3.258207 0.663129 -3.640563
-0.199097 -0.136108 -1.338501 3.305676 0.834963 -3.741195
-0.427979 -0.098022 -1.505737 3.294995 0.834251 -3.698474
-0.710449 -0.036499 -1.677612 3.266040 0.678319 -3.510737
-0.808228 0.020996 -1.795166 3.210027 0.455219 -3.164933
-0.871582 0.005005 -1.897583 3.114379 0.198416 -2.655838
-0.915161 0.039917 -1.986206 2.964855 0.051266 -2.098325
-0.883911 0.098755 -2.058716 2.763828 0.137183 -1.610354
-0.788696 0.188721 -2.119263 2.504415 0.272704 -1.235594
-0.843506 0.216553 -2.203369 2.234084 -0.072389 -1.013918
-0.844360 0.268799 -2.160278 1.943580 -0.636547 -0.900944
-0.826782 0.265259 -2.191895 1.594452 -0.703002 -0.860596
-0.816895 0.279297 -2.189819 1.194534 -0.833539 -0.835200
-0.840332 0.247803 -2.152466 0.752131 -0.938206 -0.739078
-0.848267 0.213013 -2.077148 0.308068 -0.906165 -0.576974
-0.864258 0.173950 -1.963501 -0.128164 -0.781799 -0.371912
-0.837524 0.120361 -1.863647 -0.509807 -0.414633 -0.133860
-0.786987 0.085693 -1.759277 -0.779663 -0.216929 0.132436
-0.738647 0.070190 -1.659424 -0.937257 -0.269144 0.392323
-0.661865 0.068604 -1.589233 -1.007509 -0.375947 0.605930
-0.622681 0.058838 -1.475830 -1.037889 -0.580297 0.778713
-0.540894 0.069946 -1.411621 -1.071829 -0.309017 0.942241
-0.472290 0.073486 -1.366699 -1.110753 -0.041297 1.127841
-0.426758 0.083740 -1.308594 -1.153711 0.031804 1.331954
-0.407227 0.096558 -1.237671 -1.181480 0.050791 1.493820
-0.401001 0.101685 -1.177368 -1.201179 0.096123 1.583060
-0.390503 0.096191 -1.122559 -1.199043 0.097547 1.612727
-0.377441 0.098999 -1.069702 -1.167477 0.048180 1.625069
-0.358643 0.092163 -1.037109 -1.109566 -0.059810 1.647854
-0.329834 0.095093 -1.009888 -1.036702 -0.192720 1.681793
-0.299072 0.121460 -1.004639 -0.963602 -0.365741 1.719056
-0.244019 0.134521 -1.008179 -0.916608 -0.544933 1.767473
-0.204956 0.139282 -1.030762 -0.918744 -0.604268 1.840811
-0.182251 0.133911 -1.023193 -0.976181 -0.535677 1.940494
-0.161377 0.113647 -1.009521 -1.064946 -0.368827 2.045398
-0.133789 0.104980 -0.981079 -1.135673 -0.227372 2.139623
-0.086548 0.114380 -0.936401 -1.149914 -0.156882 2.218420
-0.022217 0.118286 -0.908936 -1.108379 -0.209334 2.277755
0.049927 0.128174 -0.882080 -1.008459 -0.340346 2.305286
0.125732 0.141479 -0.864136 -0.853001 -0.458541 2.292470
0.216675 0.174927 -0.886841 -0.650550 -0.533541 2.249748
0.294434 0.183228 -0.911743 -0.418906 -0.591689 2.195872
0.378906 0.189575 -0.957153 -0.199366 -0.592401 2.147692
0.457275 0.206909 -1.001465 -0.027294 -0.492718 2.116601
0.522095 0.250000 -1.046265 0.081882 -0.289318 2.091917
0.559814 0.273315 -1.075684 0.119857 -0.074525 2.032820
0.588745 0.312744 -1.095581 0.096835 0.123654 1.918184
0.610840 0.321777 -1.113281 0.048655 0.268195 1.751097
0.614258 0.326660 -1.126099 0.020649 0.283147 1.549595
0.612061 0.333496 -1.137207 0.027294 0.198654 1.335989
0.604370 0.333374 -1.156250 0.041060 0.078560 1.133775
0.608276 0.322388 -1.165039 0.034889 0.000712 0.971434
0.606323 0.325073 -1.163940 0.015427 -0.001424 0.852526
0.599731 0.334229 -1.159790 0.005221 0.065981 0.757828
0.571899 0.345215 -1.155151 0.012104 0.140980 0.662891
0.541016 0.370361 -1.152344 0.029430 0.179192 0.559174
0.501587 0.364014 -1.176025 0.048892 0.145727 0.454032
0.453857 0.388916 -1.187134 0.054114 0.115347 0.355298
0.416138 0.399902 -1.191528 0.022073 0.127452 0.264634
0.380615 0.401855 -1.191162 -0.044620 0.132911 0.196518
0.345581 0.404419 -1.173584 -0.116771 0.153559 0.143591
0.314209 0.401367 -1.159180 -0.170885 0.168749 0.098496
0.286499 0.394043 -1.150024 -0.192246 0.159730 0.057674
0.266113 0.394653 -1.140015 -0.184176 0.134097 0.031566
0.247681 0.393555 -1.139893 -0.160442 0.120569 0.022785
0.234863 0.389282 -1.138184 -0.141217 0.121518 0.025158
0.219971 0.392456 -1.137817 -0.137183 0.124129 0.033702
0.213501 0.389038 -1.133179 -0.147863 0.124366 0.044857
0.207153 0.386108 -1.137939 -0.172784 0.119382 0.056250
0.205200 0.385376 -1.129028 -0.205537 0.122942 0.071202
0.201416 0.372925 -1.109009 -0.248495 0.135996 0.084018
0.200439 0.368408 -1.094116 -0.287419 0.139556 0.088053
0.206787 0.363159 -1.074341 -0.303084 0.124841 0.080221
0.211426 0.354858 -1.059204 -0.292403 0.094461 0.065269
0.213989 0.355103 -1.052490 -0.260362 0.046756 0.047943
0.216797 0.352173 -1.054199 -0.221201 0.005221 0.027294
0.222168 0.348022 -1.053345 -0.185363 -0.018987 0.007832
0.222168 0.344971 -1.048584 -0.152135 -0.027769 -0.012342
0.216675 0.343994 -1.061890 -0.125553 -0.036076 -0.033228
0.201538 0.343262 -1.069824 -0.107990 -0.059810 -0.053876
0.193237 0.343384 -1.083862 -0.103480 -0.067167 -0.068117
0.185669 0.357666 -1.089722 -0.108227 -0.060522 -0.069778
0.177734 0.354126 -1.089600 -0.117721 -0.048892 -0.062420
0.171509 0.345703 -1.088257 -0.129350 -0.020649 -0.057436
0.164673 0.347290 -1.072510 -0.139556 0.015902 -0.055538
0.159546 0.344360 -1.071899 -0.139081 0.030142 -0.058386
0.157471 0.344360 -1.072876 -0.121281 0.013291 -0.062183
0.156006 0.348389 -1.083252 -0.093987 -0.020174 -0.059572
0.156494 0.350952 -1.092041 -0.074288 -0.049841 -0.047943
0.153809 0.355225 -1.097534 -0.075237 -0.049604 -0.031804
0.157593 0.347656 -1.111816 -0.102294 -0.029668 -0.009494
0.162354 0.343994 -1.101807 -0.141929 0.020411 0.017089
0.163330 0.345703 -1.091553 -0.172072 0.074050 0.039636
0.168091 0.352295 -1.083984 -0.185600 0.096123 0.046756
0.172729 0.349243 -1.076538 -0.181091 0.075237 0.036550
0.173218 0.348267 -1.078125 -0.163527 0.036076 0.017326
0.173218 0.348022 -1.075562 -0.142642 0.009494 0.000237
0.169067 0.349609 -1.072754 -0.125078 0.000237 -0.009731
0.169800 0.347290 -1.074463 -0.115585 -0.003797 -0.006646
0.171509 0.345947 -1.071289 -0.108702 0.004747 0.006646
0.178223 0.349365 -1.070679 -0.104192 0.024446 0.023734
0.178711 0.349854 -1.070801 -0.107278 0.046993 0.033702
0.177368 0.349609 -1.073486 -0.118907 0.061234 0.034652
0.179565 0.348022 -1.077759 -0.131249 0.066693 0.034177
0.179443 0.360474 -1.080200 -0.139556 0.075712 0.036788
0.184570 0.355347 -1.090454 -0.137183 0.074288 0.038686
0.191772 0.344849 -1.084839 -0.125316 0.071202 0.035838
0.191528 0.357666 -1.087280 -0.111787 0.066218 0.031804
0.198486 0.368164 -1.089966 -0.101344 0.060996 0.027294
0.194702 0.363770 -1.091431 -0.101582 0.062420 0.021598
0.178589 0.360840 -1.093506 -0.122705 0.057674 0.015427
0.174683 0.361084 -1.083618 -0.154746 0.037262 0.022310
0.187012 0.359497 -1.068604 -0.186312 0.027294 0.048655
0.199463 0.348999 -1.055420 -0.203638 0.031092 0.072626
0.213135 0.342041 -1.045410 -0.196280 0.046281 0.078797
0.214966 0.340576 -1.042480 -0.167325 0.048892 0.066693
0.217773 0.338501 -1.057373 -0.124129 0.033940 0.048180
0.219727 0.339233 -1.068237 -0.079984 0.020174 0.034652
0.211426 0.344849 -1.079468 -0.050791 0.019937 0.029668
0.212769 0.350098 -1.096924 -0.038449 0.026819 0.032278
0.217041 0.357544 -1.106079 -0.045807 0.038924 0.037737
0.218628 0.358643 -1.095581 -0.068354 0.056250 0.038686
