0.988770 0.488525 0.099121 -0.444776 0.163290 -0.145964
0.917725 0.340332 0.062866 -0.349840 0.189398 -0.062895
0.886230 0.350952 0.114990 -0.268907 0.313052 -0.164477
0.858276 0.340576 0.156738 -0.258226 0.376896 -0.176819
0.816284 0.335815 0.201660 -0.258464 0.421516 -0.185837
0.771240 0.327271 0.247437 -0.264160 0.448098 -0.156882
0.733643 0.317505 0.291504 -0.300235 0.468272 -0.096123
0.688965 0.316284 0.334595 -0.371675 0.520487 -0.056487
0.641479 0.333740 0.396973 -0.446437 0.638208 -0.050316
0.593018 0.317383 0.496582 -0.543984 0.788444 -0.051266
0.527100 0.276978 0.622070 -0.673572 0.919931 -0.066930
0.453979 0.234009 0.751831 -0.759964 0.986861 -0.061234
0.389893 0.210815 0.882813 -0.772780 0.954583 -0.028006
0.335938 0.186646 0.981567 -0.717480 0.786783 0.036076
0.288574 0.160767 1.071167 -0.608540 0.517877 0.143828
0.255493 0.135010 1.120605 -0.426263 0.212657 0.288606
0.246338 0.102905 1.150391 -0.163053 -0.005459 0.506721
0.286987 0.066772 1.155640 0.208859 -0.116059 0.838523
0.386719 0.020752 1.084106 0.720565 -0.098971 1.263362
0.574341 -0.019165 0.917236 1.315340 0.083069 1.671588
0.697144 -0.043457 0.773438 1.828707 0.303796 1.981079
0.799927 -0.069946 0.606445 2.166917 0.445725 2.207027
0.916016 -0.088135 0.460327 2.370555 0.404191 2.335666
1.017944 -0.103638 0.329590 2.406156 0.170648 2.412801
1.140503 -0.145508 0.176147 2.380523 -0.159493 2.463355
1.197510 -0.188110 0.024170 2.366283 -0.482987 2.419684
1.342163 -0.150513 -0.140625 2.287248 -0.693983 2.295081
1.494385 -0.148804 -0.240112 2.167629 -0.856086 2.177360
1.636108 -0.161499 -0.367676 2.058452 -0.904029 2.079813
1.776123 -0.151611 -0.517944 1.999117 -0.809093 1.983215
1.875244 -0.144043 -0.653442 1.970874 -0.626341 1.826808
1.901489 -0.140625 -0.778931 1.878786 -0.365029 1.601810
1.857910 -0.113037 -0.865967 1.694610 -0.132436 1.374912
1.843262 -0.091797 -0.875366 1.445877 0.039636 1.152050
1.822021 -0.077515 -0.841797 1.205451 0.126740 0.941292
1.803833 -0.087769 -0.799683 0.951972 0.145964 0.784172
1.779297 -0.105225 -0.795410 0.697306 0.169698 0.599047
1.708984 -0.127930 -0.778320 0.524759 0.098496 0.414159
1.606567 -0.149536 -0.788696 0.366453 -0.055538 0.248733
1.494873 -0.173828 -0.805298 0.190822 -0.218828 0.119620
1.405640 -0.184692 -0.781006 -0.020886 -0.340583 0.023497
1.317993 -0.195679 -0.743530 -0.257040 -0.425314 -0.041535
1.254150 -0.187622 -0.704224 -0.453320 -0.530930 -0.057911
1.215088 -0.182983 -0.687256 -0.604268 -0.645566 -0.066930
1.191040 -0.195435 -0.703979 -0.771356 -0.690423 -0.057199
1.173218 -0.202393 -0.683105 -0.987810 -0.610439 -0.032516
1.188843 -0.208984 -0.636475 -1.242714 -0.423415 -0.011392
1.140747 -0.263428 -0.550781 -1.458693 -0.213606 0.041060
1.142456 -0.260864 -0.479370 -1.610829 -0.057674 0.037025
1.060791 -0.244385 -0.410278 -1.704578 -0.008070 0.017089
1.123535 -0.194092 -0.370239 -1.795005 -0.073101 -0.004984
1.126221 -0.185425 -0.318848 -1.920083 -0.199603 0.004747
1.116943 -0.174927 -0.249756 -2.091443 -0.174445 -0.027769
1.087891 -0.159424 -0.133057 -2.230761 0.017089 -0.099683
1.030518 -0.152832 -0.054077 -2.269448 0.229983 -0.166138
1.012329 -0.120483 0.121216 -2.217708 0.440266 -0.208385
1.013184 -0.112549 0.285767 -2.232423 0.517164 -0.209809
0.999146 -0.114502 0.387451 -2.254733 0.599522 -0.165426
0.989258 -0.118652 0.475342 -2.204654 0.782986 -0.152610
1.009766 -0.103760 0.672485 -2.031870 1.042636 -0.195806
0.977905 -0.079468 0.738403 -1.947377 1.086544 -0.152847
0.993652 -0.056152 0.811523 -1.762964 1.042636 -0.131724
1.005493 -0.036865 0.841919 -1.520877 0.943428 -0.068354
1.003784 -0.026733 0.828613 -1.314865 0.849204 -0.002136
0.989624 -0.024170 0.804565 -1.118585 0.812416 0.023497
0.979370 -0.010132 0.788940 -0.939393 0.795565 0.038212
0.977539 -0.004639 0.763794 -0.813840 0.749283 0.040823
0.973389 0.001953 0.739868 -0.708223 0.674046 0.041772
0.971436 0.004028 0.708374 -0.584806 0.578398 0.024446
0.964600 -0.015503 0.668213 -0.482513 0.453557 -0.012104
0.963013 -0.017578 0.637451 -0.420567 0.349365 -0.020411
0.967896 -0.006470 0.618774 -0.351738 0.272704 -0.023259
0.978394 0.004395 0.595947 -0.261312 0.180853 -0.015427
0.980957 0.010620 0.551514 -0.157357 0.051503 -0.004747
0.969727 0.014893 0.480225 -0.056962 -0.076898 -0.009019
0.965576 0.020020 0.429688 0.015664 -0.177768 0.016376
0.989258 0.020264 0.373169 0.053876 -0.261549 0.049841
1.014160 0.009033 0.319702 0.067405 -0.290505 0.078085
1.031982 0.013428 0.285645 0.076898 -0.235679 0.091376
1.037109 0.013672 0.273315 0.077610 -0.150948 0.079984
1.040039 0.018188 0.260010 0.079746 -0.081882 0.071914
1.045410 0.002930 0.252075 0.070490 -0.029430 0.071439
1.053101 0.002930 0.250854 0.072863 0.015902 0.060759
1.056396 -0.003174 0.252441 0.087104 0.043671 0.058860
1.052979 -0.004883 0.245483 0.100395 0.046044 0.042959
1.051514 -0.009888 0.235229 0.122468 0.026107 0.038686
1.050659 -0.012695 0.213989 0.135284 -0.000712 0.038449
1.046021 -0.019165 0.198730 0.140743 -0.019462 0.032753
1.046265 -0.027832 0.197632 0.135996 -0.049604 0.037262
1.050415 -0.028809 0.178955 0.127926 -0.096360 0.037500
1.048706 -0.040405 0.164429 0.104430 -0.132911 0.041297
1.060913 -0.043457 0.160278 0.067405 -0.131724 0.058623
1.066406 -0.041748 0.163940 0.057674 -0.109414 0.072151
1.069946 -0.039063 0.154907 0.051028 -0.097547 0.082594
1.078247 -0.038940 0.145508 0.051266 -0.093987 0.074762
1.080444 -0.052612 0.130371 0.054351 -0.083069 0.065506
1.081055 -0.054443 0.134399 0.044145 -0.072151 0.063133
1.087524 -0.058472 0.141357 0.024683 -0.060522 0.046993
1.084106 -0.062134 0.155762 0.012342 -0.070253 0.038212
1.087891 -0.061279 0.165771 0.011392 -0.097072 0.022073
1.094360 -0.060547 0.170166 0.008782 -0.119620 0.004984
1.091309 -0.064209 0.179199 0.010206 -0.113923 -0.003797
1.087646 -0.063965 0.174927 0.026819 -0.102768 -0.018513
1.085571 -0.063354 0.179321 0.042247 -0.088765 -0.012816
1.092407 -0.066772 0.182251 0.048892 -0.061946 -0.013291
1.105591 -0.058960 0.191895 0.052215 -0.047705 -0.025158
1.109497 -0.052734 0.189819 0.060759 -0.035364 -0.041297
1.095703 -0.049927 0.196289 0.067642 -0.031092 -0.081408
1.083496 -0.034058 0.200806 0.080696 -0.041772 -0.103006
1.069458 -0.024292 0.202148 0.093275 -0.069778 -0.117009
1.053589 -0.014404 0.192017 0.101344 -0.111075 -0.138607
1.033813 -0.013428 0.188599 0.098734 -0.159730 -0.148812
1.018311 -0.001221 0.182251 0.091613 -0.204350 -0.149524
1.010254 0.004761 0.180298 0.087341 -0.221438 -0.133623
1.013062 0.006836 0.180054 0.080221 -0.217641 -0.110838
1.015137 0.006470 0.179688 0.082594 -0.203401 -0.094224
1.029663 0.006470 0.170166 0.086867 -0.188686 -0.070490
1.040283 -0.002197 0.161011 0.090664 -0.175394 -0.056724
1.042847 -0.004395 0.153076 0.086392 -0.157594 -0.049841
1.045166 0.000122 0.148682 0.079746 -0.115110 -0.052690
1.045898 -0.006470 0.149292 0.071677 -0.073575 -0.057436
1.044434 -0.011963 0.154297 0.063370 -0.037974 -0.037262
1.054688 -0.015869 0.165649 0.056487 -0.038449 -0.024683
1.064697 -0.018433 0.165405 0.050079 -0.047943 -0.013528
1.073975 -0.023804 0.169922 0.050791 -0.048180 -0.003797
1.078247 -0.026733 0.171021 0.060522 -0.059572 -0.019225
1.081909 -0.034912 0.160156 0.071914 -0.115110 -0.002373
1.072266 -0.036865 0.153809 0.067642 -0.144778 -0.010443
1.094360 -0.032959 0.155640 0.064319 -0.162815 -0.031804
1.093140 -0.034912 0.139404 0.066455 -0.213844 -0.016851
1.100098 -0.045044 0.133667 0.057436 -0.218828 -0.023259
1.098022 -0.046631 0.144409 0.040585 -0.187499 -0.025158
1.124634 -0.041992 0.140869 0.035126 -0.135996 -0.048417
1.130493 -0.045898 0.145386 0.043908 -0.132673 -0.070490
1.117432 -0.048096 0.143188 0.057199 -0.158069 -0.078085
1.110229 -0.050293 0.137573 0.065506 -0.184176 -0.108702
1.114990 -0.049683 0.140625 0.078560 -0.203875 -0.131961
1.106079 -0.046265 0.137939 0.093037 -0.227372 -0.139319
1.096313 -0.041016 0.137695 0.100870 -0.243274 -0.166850
1.082642 -0.032227 0.137695 0.112499 -0.255141 -0.177056
1.071533 -0.021973 0.138184 0.117009 -0.270093 -0.191771
1.056274 -0.013550 0.135742 0.119145 -0.305220 -0.206249
1.048462 -0.007568 0.121338 0.129588 -0.346042 -0.211708
1.033203 0.000244 0.102661 0.134809 -0.381643 -0.215030
1.028564 0.003174 0.099121 0.113923 -0.393273 -0.192958
1.038086 -0.001221 0.092407 0.087579 -0.375235 -0.178480
1.037354 0.005371 0.090942 0.085917 -0.352213 -0.164952
1.041626 0.009521 0.093750 0.073575 -0.306406 -0.143116
1.041382 0.011719 0.097656 0.074288 -0.242562 -0.133860
1.046753 0.019897 0.098999 0.086867 -0.186549 -0.111550
