0.746826 0.589478 0.307129 -0.517639 0.592876 -0.535202
0.701172 0.585327 0.304565 -0.494854 0.496991 -0.501975
0.692749 0.600464 0.288208 -0.438130 0.368827 -0.406801
0.694336 0.615112 0.183105 -0.408225 0.382830 -0.306169
0.756348 0.553345 0.338257 -0.451421 0.693034 -0.250869
0.669678 0.597656 0.294067 -0.492481 0.676894 -0.219065
0.605469 0.609009 0.404541 -0.496041 0.868428 -0.102768
0.645752 0.594116 0.476563 -0.376184 0.603794 0.046044
0.684570 0.595459 0.465088 -0.136945 0.112499 0.078085
0.712036 0.602539 0.382202 0.122942 -0.390425 0.018038
0.752197 0.663208 0.224121 0.292878 -0.739078 -0.069303
0.731689 0.734741 0.081665 0.251106 -0.879583 -0.187024
0.727295 0.754028 0.042603 -0.021835 -0.849678 -0.295489
0.772949 0.712646 0.124390 -0.398257 -0.657907 -0.372150
0.741577 0.583252 0.319824 -0.683540 -0.309017 -0.416058
0.713867 0.574829 0.340332 -0.744299 -0.088765 -0.412497
0.763672 0.643188 0.263428 -0.744774 0.060047 -0.376184
0.713989 0.634888 0.230713 -0.816925 0.139081 -0.401105
0.593140 0.610352 0.292969 -0.923966 0.153084 -0.438130
0.614868 0.613403 0.328003 -0.997067 0.113449 -0.402292
0.600464 0.628052 0.369995 -1.058538 0.051266 -0.404665
0.625122 0.634644 0.446411 -1.109803 -0.105379 -0.471120
0.600708 0.584106 0.509644 -1.144455 -0.238052 -0.599284
0.623047 0.558960 0.580688 -1.151812 -0.477054 -0.734568
0.620239 0.519043 0.711182 -1.115025 -0.751419 -0.887653
0.577881 0.445435 0.903198 -0.954345 -1.123332 -1.058775
0.381104 0.354736 1.061768 -0.511706 -1.510196 -1.209723
0.277466 0.325562 1.072632 0.150948 -1.846745 -1.113838
0.314331 0.292358 1.088745 0.719853 -2.102597 -0.798650
-0.239014 0.255493 0.983643 1.131639 -1.986538 -0.323969
0.466919 0.096802 1.096069 1.456795 -1.635275 0.692796
0.378906 0.145020 1.075806 1.911539 -1.016528 1.143268
0.345215 0.052490 0.940674 2.410428 -0.189160 1.669926
0.448730 0.010986 0.896973 3.045551 -0.015427 2.226015
0.565918 -0.014282 0.828735 3.778932 0.140268 2.619287
0.617432 -0.073975 0.703857 4.576158 0.328004 2.837166
0.667969 -0.124756 0.560669 5.337783 0.277451 3.004728
0.752563 -0.193604 0.393066 5.980501 0.093037 3.142385
0.820801 -0.299316 0.229248 6.503599 -0.060759 3.224742
0.894287 -0.414063 0.027344 6.927488 -0.062895 3.308286
1.014526 -0.501831 -0.146606 7.230809 -0.046756 3.421735
1.095093 -0.513916 -0.344727 7.438482 -0.049841 3.480358
1.333618 -0.373291 -0.612061 7.569968 -0.157594 3.435026
1.487061 -0.256470 -0.891724 7.572816 -0.375235 3.148556
1.505615 -0.162476 -1.064819 7.363719 -0.690423 2.596977
1.480835 -0.077637 -1.271484 6.944339 -0.895960 2.014307
1.390381 -0.043457 -1.340332 6.241100 -0.836150 1.534405
1.302002 -0.122437 -1.355713 5.399254 -0.628477 1.229185
1.187012 -0.159180 -1.336670 4.631933 -0.274840 1.103395
1.095337 -0.209961 -1.339600 3.994200 0.042484 1.101259
1.030396 -0.205688 -1.341309 3.491513 0.294539 1.102683
0.999512 -0.203247 -1.357666 3.030123 0.397070 1.090104
0.975830 -0.194702 -1.371338 2.536693 0.384017 1.046433
0.975830 -0.181152 -1.352539 2.001016 0.291217 0.986861
0.965942 -0.192627 -1.317505 1.442317 0.198654 0.934171
0.952393 -0.192017 -1.296753 0.891213 0.148812 0.901418
0.999634 -0.197144 -1.272095 0.332751 0.149524 0.880532
1.065186 -0.163696 -1.186035 -0.251106 0.268669 0.819299
1.098511 -0.166504 -1.118896 -0.788682 0.453083 0.673097
1.092896 -0.155151 -1.086426 -1.272619 0.669300 0.486310
1.031738 -0.225464 -1.111206 -1.763676 0.861071 0.335124
1.017090 -0.187622 -1.119995 -2.275619 1.039313 0.222388
0.956909 -0.151367 -1.164063 -2.815093 1.235831 0.059572
0.920898 -0.203979 -1.048706 -3.345549 1.310356 -0.038686
0.877563 -0.173828 -1.017578 -3.845625 1.539389 -0.065743
0.860596 -0.172974 -0.960205 -4.354245 1.688439 -0.143828
0.829590 -0.182617 -0.886230 -4.858118 1.779815 -0.221913
0.833496 -0.271118 -0.798340 -5.343479 1.701493 -0.316375
0.825806 -0.345337 -0.681152 -5.777575 1.738992 -0.309017
0.788696 -0.366699 -0.623413 -6.192208 2.106632 -0.246122
0.764526 -0.424683 -0.514038 -6.553915 2.282264 -0.234492
0.804688 -0.430786 -0.357910 -6.827568 2.249274 -0.263210
0.822144 -0.400635 -0.138672 -6.966650 2.195398 -0.391374
0.810913 -0.403809 -0.114136 -6.972583 2.626645 -0.584094
0.891113 -0.373779 0.004272 -6.967361 2.356314 -0.673572
0.785767 -0.427246 -0.032227 -6.895922 2.199907 -0.698018
0.805298 -0.540405 0.059204 -6.917283 1.900621 -0.836387
0.866821 -0.593506 0.200195 -6.899245 1.865257 -0.782986
0.859863 -0.587158 0.493652 -6.754704 1.960193 -0.808144
0.770142 -0.572998 0.724731 -6.257002 2.165018 -0.885754
0.722412 -0.577881 0.872314 -5.544269 2.100224 -0.831403
0.612427 -0.561646 0.958374 -4.855507 1.998168 -0.626816
0.585693 -0.549561 1.066772 -4.275210 1.900858 -0.320172
0.517456 -0.503540 1.102905 -3.688268 1.718344 0.051028
0.648071 -0.375732 1.172729 -3.039380 1.551731 0.382118
0.730469 -0.301514 1.170654 -2.418498 1.798090 0.568667
0.773560 -0.260010 1.122681 -1.885431 1.838438 0.578873
0.842407 -0.213989 1.026245 -1.446589 1.652363 0.563920
0.890259 -0.180054 0.944458 -1.166528 1.573566 0.513842
0.902832 -0.187256 0.865845 -0.980453 1.540338 0.412260
0.887573 -0.199829 0.785522 -0.806008 1.390102 0.293353
0.886108 -0.212158 0.755615 -0.680455 1.105768 0.218353
0.924194 -0.197754 0.781982 -0.630138 0.782274 0.204350
0.968384 -0.194946 0.830200 -0.614474 0.545645 0.198891
0.982300 -0.189331 0.866943 -0.554190 0.438368 0.176344
0.957031 -0.180908 0.856201 -0.463288 0.424127 0.160205
0.934204 -0.168457 0.850220 -0.342957 0.453083 0.142879
0.927979 -0.132324 0.820557 -0.192246 0.419380 0.120806
0.932373 -0.101440 0.746338 -0.063370 0.303321 0.078085
0.907349 -0.097656 0.692139 -0.014240 0.256565 0.041297
0.901367 -0.072266 0.655518 0.016851 0.255853 0.014240
0.891479 -0.047485 0.642578 0.067642 0.224999 -0.017563
0.892334 -0.020996 0.605103 0.142404 0.098022 -0.059098
0.873291 -0.024048 0.545288 0.196280 -0.030380 -0.101344
0.843750 -0.028564 0.515747 0.208385 -0.108227 -0.134809
0.844727 -0.024170 0.498901 0.206486 -0.175869 -0.140505
0.833252 -0.026733 0.493164 0.174682 -0.205774 -0.112025
0.840088 -0.023560 0.502075 0.123180 -0.178717 -0.073101
0.848389 -0.009277 0.512817 0.084730 -0.079034 -0.029668
0.863770 -0.012329 0.514648 0.063133 0.001424 0.004035
0.877686 -0.011719 0.521240 0.065743 0.046993 0.031804
0.894897 -0.013184 0.520508 0.087816 0.044383 0.061471
0.905518 -0.019409 0.499878 0.119382 0.002848 0.075474
0.920654 -0.009277 0.490967 0.147388 -0.072151 0.061946
0.933472 0.001343 0.487305 0.149762 -0.184651 0.023259
0.938110 -0.003418 0.495605 0.146914 -0.336549 -0.042959
0.932617 0.019043 0.510132 0.139319 -0.463526 -0.115585
0.931641 -0.008423 0.517334 0.100870 -0.487260 -0.135521
0.934937 -0.012451 0.558472 0.083069 -0.457592 -0.130062
0.931152 -0.007202 0.587769 0.112974 -0.454269 -0.128638
0.927979 -0.017944 0.585938 0.173021 -0.488209 -0.133860
0.911743 -0.028198 0.567261 0.231407 -0.539474 -0.129113
0.908447 -0.025513 0.565186 0.275077 -0.569854 -0.110363
0.931885 -0.010498 0.576660 0.304508 -0.588604 -0.078797
0.929810 -0.011597 0.555420 0.336311 -0.551579 -0.047231
0.939697 -0.004517 0.529663 0.368352 -0.460440 -0.023497
0.942017 -0.005859 0.487183 0.395646 -0.364792 -0.025633
0.921265 -0.011719 0.447266 0.417956 -0.265821 -0.046281
0.902100 -0.023438 0.400879 0.433858 -0.214556 -0.063845
0.884033 -0.034058 0.362549 0.452845 -0.219302 -0.083306
0.878052 -0.041138 0.329956 0.468510 -0.271517 -0.103243
0.855103 -0.044189 0.299683 0.477529 -0.323969 -0.131487
0.852905 -0.045288 0.297119 0.460678 -0.375947 -0.154509
0.855713 -0.045654 0.312500 0.438605 -0.416058 -0.170173
0.861206 -0.047119 0.316772 0.408225 -0.332039 -0.176106
0.844238 -0.039795 0.330078 0.367403 -0.193670 -0.174920
0.833618 -0.036499 0.339111 0.356960 -0.152135 -0.202926
0.806274 -0.038818 0.344971 0.373574 -0.149287 -0.245173
0.774902 -0.033325 0.360596 0.393273 -0.162341 -0.282910
0.748535 -0.031616 0.364380 0.425076 -0.236154 -0.308780
0.719238 -0.013184 0.367554 0.473494 -0.309729 -0.309254
0.721924 0.013916 0.366455 0.532829 -0.441453 -0.286944
0.746094 0.048706 0.346924 0.608778 -0.611863 -0.250631
0.780884 0.083618 0.307251 0.665739 -0.694220 -0.206486
0.801025 0.117310 0.269165 0.669774 -0.619933 -0.149287
0.840088 0.153198 0.242920 0.632749 -0.500076 -0.083781
0.888794 0.183105 0.222412 0.589079 -0.406089 -0.044857
0.930786 0.198364 0.193848 0.531880 -0.375947 -0.042484
0.990723 0.219604 0.180054 0.467798 -0.349602 -0.044620
1.009277 0.209717 0.176880 0.396833 -0.345093 -0.069066
