0.416382 0.574097 -0.097046 -0.028006 -0.776577 -0.396358
0.483032 0.592529 -0.047119 0.195331 -0.591689 -0.276027
0.320190 0.494263 -0.158936 0.403953 -0.415583 -0.103006
-0.016357 0.468628 -0.366699 0.351026 0.665977 0.168274
0.074341 0.583374 0.031006 0.110838 2.051095 0.805296
0.282471 0.680664 0.184326 0.254903 1.771983 1.490260
0.461792 0.487671 0.073608 0.595961 1.048095 1.903706
0.583130 0.413452 0.079712 0.792717 0.865817 1.968738
0.659790 0.437012 0.060791 1.006797 0.877922 1.762489
0.673462 0.408813 -0.018188 1.224913 0.617797 1.455845
0.646606 0.370239 -0.117920 1.289707 0.295014 1.114787
0.570923 0.346069 -0.104126 1.199281 0.187973 0.821197
0.459717 0.340210 -0.037720 1.138521 0.280774 0.663129
0.450073 0.351074 0.032715 1.229660 0.279587 0.671436
0.569458 0.323120 0.130859 1.519215 0.132436 0.735755
0.561401 0.323975 -0.184570 1.948326 -0.166376 0.725787
0.422363 0.311035 -0.326904 2.019291 -0.216217 0.766846
0.361450 0.290894 -0.250610 1.890178 0.028481 1.010358
0.543823 0.303955 -0.224365 1.803549 0.252293 1.378472
0.590698 0.294067 -0.210449 1.785274 0.149762 1.625306
0.649292 0.259399 -0.202881 1.792868 0.178243 1.759404
0.714233 0.256592 -0.188843 1.817077 0.223100 1.825147
0.802612 0.266357 -0.215820 1.980130 0.115822 1.814704
0.900269 0.280762 -0.326294 2.258530 -0.007832 1.712173
0.996582 0.324829 -0.497192 2.516044 -0.118195 1.563598
1.044922 0.367065 -0.672485 2.653702 -0.159967 1.384169
1.043091 0.421387 -0.842163 2.664857 -0.120569 1.194059
1.013672 0.490845 -1.006226 2.568734 -0.062183 1.052130
0.962646 0.548950 -1.142212 2.366045 -0.003323 0.974994
0.946777 0.594849 -1.225464 2.064623 0.058860 0.949361
0.962769 0.627075 -1.271973 1.707901 0.097310 0.939630
0.982788 0.645142 -1.309082 1.348567 0.096835 0.930137
1.008667 0.650391 -1.333252 1.016291 0.088053 0.907589
1.021240 0.657959 -1.344116 0.721514 0.110126 0.856324
1.007690 0.670044 -1.336304 0.445250 0.185125 0.795565
1.003540 0.679321 -1.317017 0.169461 0.297150 0.739552
0.984131 0.674683 -1.284668 -0.105379 0.432434 0.681167
0.962524 0.651123 -1.224854 -0.364555 0.514791 0.628952
0.938354 0.609863 -1.160400 -0.595487 0.529506 0.588604
0.920776 0.566772 -1.098389 -0.777289 0.486073 0.554427
0.899414 0.535278 -1.054321 -0.912573 0.410836 0.521911
0.881836 0.515991 -1.014648 -1.036940 0.357909 0.515028
0.868896 0.481323 -0.963623 -1.185752 0.324919 0.539000
0.860718 0.444214 -0.893433 -1.334564 0.301185 0.562259
0.850830 0.413940 -0.832397 -1.447776 0.289318 0.571753
0.840820 0.382690 -0.768555 -1.520877 0.273179 0.574601
0.830811 0.357910 -0.724121 -1.558614 0.231169 0.572465
0.820068 0.347534 -0.695190 -1.570006 0.170410 0.565345
0.813354 0.355835 -0.675415 -1.565734 0.132199 0.561547
0.810669 0.359741 -0.662109 -1.561699 0.100870 0.556326
0.800903 0.355591 -0.647583 -1.588281 0.048892 0.552528
0.801025 0.348755 -0.623291 -1.634325 -0.012816 0.550867
0.807739 0.343994 -0.608521 -1.667790 -0.075712 0.550867
0.818970 0.338257 -0.593872 -1.683692 -0.124129 0.553003
0.826904 0.328979 -0.581177 -1.701255 -0.144066 0.557987
0.834473 0.326172 -0.583252 -1.709799 -0.180616 0.571278
0.844727 0.328491 -0.584717 -1.711936 -0.213606 0.602370
0.860962 0.335571 -0.590088 -1.730685 -0.229033 0.641768
0.877930 0.336914 -0.592896 -1.790020 -0.208622 0.697306
0.906250 0.325562 -0.578491 -1.887567 -0.167800 0.755929
0.938843 0.307983 -0.553711 -1.996744 -0.131249 0.785359
0.955200 0.293335 -0.509644 -2.099750 -0.104904 0.783460
0.970215 0.278076 -0.466431 -2.196110 -0.111313 0.762100
0.987427 0.254883 -0.412842 -2.289859 -0.155695 0.728872
0.999756 0.224487 -0.349731 -2.376251 -0.199841 0.691610
1.005005 0.188843 -0.285034 -2.438671 -0.238290 0.660518
1.016602 0.154907 -0.209106 -2.465491 -0.257040 0.643430
1.035034 0.136963 -0.134521 -2.450776 -0.262736 0.644142
1.067871 0.114136 -0.065918 -2.392153 -0.255378 0.644142
1.091675 0.093872 -0.003784 -2.283926 -0.240188 0.619458
1.109009 0.080078 0.048828 -2.152439 -0.209809 0.587417
1.126343 0.073608 0.101807 -2.029022 -0.167088 0.564158
1.123901 0.069214 0.163086 -1.903706 -0.105616 0.537813
1.119995 0.059570 0.213501 -1.753233 -0.059572 0.498415
1.124634 0.061768 0.256836 -1.567870 -0.041535 0.435519
1.123169 0.075317 0.296265 -1.347618 -0.049604 0.347466
1.115479 0.088013 0.302490 -1.099123 -0.077136 0.254666
1.096313 0.106567 0.281128 -0.831878 -0.110126 0.173970
1.078491 0.135620 0.226685 -0.576025 -0.126265 0.110363
1.057495 0.176392 0.159912 -0.378558 -0.103006 0.063133
1.028198 0.204102 0.107544 -0.258938 -0.067167 0.025395
1.004028 0.224609 0.060303 -0.183939 -0.051266 -0.008307
0.983521 0.246460 0.025391 -0.125790 -0.061946 -0.044145
0.969116 0.258545 -0.012939 -0.072863 -0.092088 -0.077610
0.952759 0.280029 -0.041382 -0.014715 -0.167800 -0.105142
0.936401 0.301636 -0.074585 0.047943 -0.193195 -0.126028
0.926025 0.321411 -0.112427 0.109889 -0.162103 -0.124604
0.913696 0.338013 -0.155640 0.153084 -0.104430 -0.098259
0.901733 0.344482 -0.190063 0.161629 -0.018513 -0.056250
0.902344 0.352417 -0.210327 0.145015 0.052690 -0.008782
0.909302 0.358521 -0.221680 0.121756 0.084256 0.032278
0.920532 0.364624 -0.230225 0.106803 0.089952 0.056250
0.927734 0.372559 -0.234985 0.105379 0.079272 0.059810
0.934570 0.385498 -0.246216 0.107278 0.063370 0.049604
0.927734 0.379883 -0.253174 0.098022 0.056962 0.039873
0.921021 0.372437 -0.255859 0.078560 0.051503 0.038449
0.916138 0.368774 -0.251465 0.057674 0.045807 0.046756
0.928467 0.361450 -0.243652 0.043196 0.045807 0.060522
0.935303 0.356934 -0.233154 0.040111 0.040111 0.072151
0.940552 0.356445 -0.235474 0.053876 0.032041 0.075474
0.952148 0.366455 -0.243652 0.077848 0.025870 0.073101
0.956909 0.374268 -0.257568 0.097547 0.028243 0.069778
0.960815 0.373657 -0.273926 0.100870 0.035126 0.066930
0.956787 0.375122 -0.284180 0.088053 0.039398 0.061234
0.959595 0.371704 -0.275024 0.067642 0.037500 0.057436
0.964355 0.365112 -0.266479 0.050791 0.032041 0.049129
0.966797 0.356689 -0.263428 0.048655 0.020174 0.036313
0.963867 0.360352 -0.272949 0.064557 0.007595 0.024446
0.962402 0.364014 -0.286255 0.085680 0.006171 0.013528
0.952637 0.365967 -0.297852 0.090189 0.009256 0.006883
0.941650 0.366333 -0.301270 0.074525 0.006408 0.002848
0.936157 0.363403 -0.291626 0.048417 0.001661 0.000237
0.936279 0.359253 -0.276489 0.023022 -0.008307 -0.000712
0.937012 0.353027 -0.264404 0.009019 -0.016139 -0.004984
0.938843 0.348267 -0.257690 0.013054 -0.027769 -0.009968
0.937256 0.351807 -0.261841 0.035364 -0.035364 -0.016139
0.935059 0.358643 -0.272461 0.060047 -0.025870 -0.022073
0.930420 0.357178 -0.295044 0.060522 -0.009256 -0.016614
0.932007 0.360107 -0.299805 0.039873 0.004509 -0.007358
0.935913 0.359253 -0.297119 0.008782 0.017089 -0.005221
0.932373 0.351807 -0.283813 -0.022310 0.018750 -0.009731
0.928711 0.342896 -0.261475 -0.038924 0.009019 -0.015190
0.928223 0.340698 -0.256714 -0.031329 -0.001187 -0.016139
0.931641 0.345093 -0.256104 -0.009256 0.000712 -0.014715
0.927002 0.345581 -0.254150 0.004272 0.018513 -0.009256
0.928345 0.340820 -0.258667 0.005696 0.036313 -0.000475
0.929321 0.346191 -0.258423 0.003797 0.041772 0.006408
0.933838 0.344849 -0.250244 0.004035 0.037500 0.000949
0.927734 0.343140 -0.243042 0.006408 0.028006 -0.013528
0.918457 0.341064 -0.244019 0.012816 0.048655 -0.022310
0.917480 0.341675 -0.252686 0.027531 0.068354 -0.014478
0.917969 0.344727 -0.259521 0.034652 0.075949 0.002848
0.916260 0.349487 -0.268677 0.030617 0.092563 0.015902
0.913452 0.351318 -0.269043 0.021123 0.090664 0.024209
0.913574 0.353882 -0.270264 0.013766 0.082832 0.029193
0.921631 0.350220 -0.273315 0.006408 0.085917 0.034414
0.917236 0.351440 -0.267822 -0.006408 0.078560 0.033465
0.917236 0.347412 -0.260620 -0.014240 0.066455 0.029905
0.921143 0.343018 -0.262451 -0.009968 0.053164 0.030854
0.927124 0.344727 -0.265137 -0.004035 0.044857 0.037262
0.935913 0.345337 -0.266968 -0.008782 0.047705 0.045332
0.942261 0.343628 -0.269043 -0.021123 0.044145 0.044383
0.948975 0.345947 -0.264160 -0.028481 0.027769 0.036313
0.951416 0.347534 -0.257935 -0.029668 0.001661 0.025158
0.941528 0.343262 -0.253662 -0.027057 -0.019462 0.010680
0.935913 0.340332 -0.250610 -0.024683 -0.028956 0.000712
0.927979 0.340942 -0.256470 -0.019225 -0.034177 -0.001899
0.922363 0.341064 -0.260742 -0.016614 -0.037974 0.000949
0.919800 0.340210 -0.255493 -0.019225 -0.045095 0.006883
0.923584 0.336304 -0.247559 -0.019462 -0.054114 0.007358
