0.466675 0.823364 0.030151 -0.417719 -0.192246 -0.145964
0.526123 0.797241 0.093750 -0.656958 -0.005459 0.050079
0.577148 0.830322 0.219238 -0.801261 0.308542 0.176819
0.530396 0.814209 0.248779 -0.847780 0.551579 0.273416
0.577026 0.750488 0.382324 -0.761150 1.120484 0.335362
0.555786 0.788452 0.391602 -0.667164 1.043585 0.338685
0.524902 0.733521 0.382568 -0.473494 0.856086 0.336074
0.493652 0.773804 0.363159 -0.209334 0.513130 0.273179
0.449463 0.843262 0.250122 0.053639 0.202214 0.187024
0.384277 0.863770 0.149536 0.173258 0.068829 0.099920
0.270874 0.886719 0.081543 0.100632 0.187973 0.021361
0.147461 0.831543 0.132935 -0.092563 0.266296 0.004035
0.041138 0.766235 0.206909 -0.252293 0.145964 0.048180
-0.037964 0.704834 0.308105 -0.354112 -0.069303 0.194856
-0.032837 0.654785 0.408081 -0.423415 -0.293353 0.460678
-0.006714 0.608887 0.467651 -0.464238 -0.396596 0.730059
0.018066 0.557739 0.504395 -0.475630 -0.380931 0.994930
0.025391 0.486328 0.555786 -0.443589 -0.296438 1.271195
-0.001221 0.392578 0.659424 -0.305220 -0.200790 1.576177
0.023315 0.323975 0.800659 -0.007832 -0.212894 1.940969
0.074585 0.235718 0.931274 0.517164 -0.469222 2.312169
0.166016 0.124268 1.012329 1.262176 -0.946038 2.664619
0.304810 0.045410 0.953125 2.156474 -1.475782 2.999744
0.446655 -0.009521 0.814697 3.078541 -1.990336 3.306150
0.637817 0.001587 0.644531 3.824976 -2.163594 3.619202
0.745483 -0.135498 0.551270 4.334546 -1.793581 3.983519
0.982544 -0.307739 0.480103 4.690556 -1.616762 4.332884
1.171265 -0.402100 0.380859 5.122515 -1.684879 4.386998
1.303711 -0.385010 0.112305 5.634221 -0.977367 4.237948
1.326538 -0.421509 0.243652 6.332714 -0.534016 4.079642
1.370483 -0.583252 -0.081665 6.780812 -0.350789 3.907570
1.334961 -0.715942 -0.455566 7.325745 -0.516690 3.652192
1.378296 -0.729858 -0.718384 7.699556 -1.141369 3.453064
1.422729 -0.486206 -0.944580 7.776929 -1.731160 3.209078
1.463257 -0.519531 -1.229980 7.695047 -2.086221 2.938747
1.603760 -0.470459 -1.479614 7.219180 -2.390729 2.576329
1.588745 -0.386230 -1.681030 6.416020 -2.180208 2.004101
1.565063 -0.188721 -1.896240 5.424175 -1.537965 1.439944
1.392944 -0.083130 -1.911377 4.289214 -0.824045 0.944852
1.249268 -0.090942 -1.885620 3.136927 -0.220014 0.641056
1.151733 -0.116455 -1.706055 2.025225 0.271517 0.524997
1.081543 -0.147339 -1.493042 1.083458 0.578161 0.477766
1.007080 -0.163330 -1.352783 0.388289 0.601658 0.397070
0.922485 -0.217041 -1.259644 -0.123654 0.452371 0.304270
0.836670 -0.263184 -1.172852 -0.515266 0.248970 0.243748
0.787598 -0.274292 -1.073120 -0.846830 0.072626 0.251106
0.773560 -0.249146 -1.004395 -1.078474 0.005221 0.259650
0.779907 -0.226440 -0.977783 -1.212809 0.076898 0.217641
0.751221 -0.228271 -1.002930 -1.328156 0.304745 0.116059
0.708984 -0.262451 -1.031372 -1.485988 0.656721 0.025633
0.658203 -0.294800 -1.047485 -1.679420 0.990658 -0.007595
0.618164 -0.317749 -1.071167 -1.907741 1.228711 0.020174
0.628296 -0.308960 -1.083252 -2.200856 1.354738 0.102768
0.649536 -0.268799 -1.032227 -2.533133 1.412175 0.182515
0.649536 -0.238281 -0.990723 -2.844049 1.441130 0.230220
0.644653 -0.217773 -0.972900 -3.169205 1.411937 0.259413
0.654053 -0.223755 -0.972656 -3.560816 1.398409 0.307118
0.669556 -0.209106 -0.885132 -4.021019 1.466526 0.366691
0.708496 -0.196777 -0.772461 -4.454402 1.516842 0.390187
0.726563 -0.221680 -0.698364 -4.809464 1.575940 0.369064
0.758423 -0.220703 -0.653687 -5.138892 1.668502 0.318273
0.748047 -0.264404 -0.578735 -5.463099 1.664942 0.233780
0.746216 -0.312500 -0.432251 -5.752179 1.688201 0.169224
0.692993 -0.376099 -0.258301 -5.926149 1.920083 0.127214
0.721069 -0.366211 -0.134766 -5.905976 2.395950 0.128638
0.730347 -0.345947 -0.035522 -5.817923 2.529573 0.131249
0.663818 -0.154419 0.078979 -5.505583 2.090968 0.111787
0.835083 -0.389771 0.311401 -5.319271 1.283299 0.197467
0.861694 -0.326172 0.396118 -5.017136 0.897858 0.253005
0.893921 -0.226807 0.502075 -4.710018 1.173885 0.346279
0.937866 -0.280151 0.608398 -4.353770 1.504500 0.415345
0.975586 -0.310181 0.710693 -3.914453 1.849830 0.438368
0.915771 -0.287842 0.826538 -3.336530 1.786698 0.459728
0.887207 -0.218506 0.759766 -2.690727 1.834166 0.483462
0.867920 -0.284180 0.793701 -2.168816 2.030921 0.570803
0.890259 -0.244385 0.757446 -1.657347 1.897298 0.735280
0.951172 -0.219360 0.710327 -1.186939 1.880210 0.904504
1.079590 -0.167480 0.710938 -0.775628 1.697458 1.005136
1.173584 -0.106812 0.593628 -0.440504 2.096189 0.947225
1.126465 -0.111938 0.697144 -0.199366 2.630205 0.792954
1.080200 -0.100708 0.482300 0.171597 2.876564 0.709410
1.031982 -0.070801 0.349487 0.207910 2.495158 0.602607
1.048462 -0.075684 0.451904 0.027294 1.815653 0.498177
1.031494 -0.058472 0.438477 -0.047705 1.472696 0.423652
1.063843 -0.038086 0.440063 -0.109651 1.213046 0.330852
1.086304 -0.039429 0.470093 -0.160679 0.864393 0.233305
1.076050 -0.060669 0.510864 -0.199603 0.667164 0.143591
1.061768 -0.068359 0.541260 -0.206723 0.593825 0.088528
1.051636 -0.082153 0.532959 -0.142167 0.403241 0.060759
1.055054 -0.072388 0.509277 -0.066930 0.267245 0.047943
1.055542 -0.065186 0.503784 -0.013291 0.182277 0.030380
1.041504 -0.069214 0.475952 0.041772 0.128876 -0.001899
1.020508 -0.056519 0.440796 0.089715 0.022547 -0.022547
1.005005 -0.042847 0.407593 0.132199 -0.100158 -0.054588
0.991455 -0.041382 0.364624 0.173970 -0.158781 -0.082357
0.965942 0.022339 0.217529 0.173970 -0.193670 -0.073101
0.987061 -0.064209 0.375000 0.010918 0.044857 -0.029905
1.004883 -0.023315 0.378784 -0.027294 -0.134572 -0.032516
1.001343 -0.000244 0.363525 0.079034 -0.212182 -0.086867
0.977173 -0.013550 0.314697 0.124841 -0.307118 -0.115347
0.963745 -0.003418 0.308350 0.094936 -0.277688 -0.115822
0.966431 0.001099 0.305786 0.096835 -0.251343 -0.110601
0.969604 0.002319 0.284058 0.122942 -0.274365 -0.115822
0.950439 0.003662 0.288086 0.129588 -0.232356 -0.129588
0.937012 -0.000244 0.281860 0.132199 -0.212894 -0.130062
0.945557 0.013062 0.278564 0.123892 -0.202451 -0.111075
0.952026 0.022705 0.278687 0.113449 -0.182989 -0.100158
0.952515 0.034302 0.280151 0.113686 -0.200078 -0.111550
0.951660 0.042358 0.269165 0.123654 -0.227609 -0.130537
0.945313 0.036621 0.256226 0.127452 -0.233068 -0.147151
0.922119 0.025391 0.237671 0.115347 -0.215505 -0.147863
0.929688 0.032471 0.230347 0.095648 -0.212420 -0.124841
0.950684 0.048218 0.232666 0.071677 -0.232119 -0.101107
0.953491 0.042480 0.233154 0.034652 -0.244223 -0.095885
0.969604 0.047363 0.254517 0.000475 -0.216929 -0.097784
0.966187 0.033936 0.264771 -0.015427 -0.163527 -0.094461
0.977661 0.036865 0.279663 -0.003323 -0.126265 -0.094461
0.958252 0.025879 0.275757 0.027294 -0.131012 -0.101819
0.960205 0.022095 0.270996 0.061234 -0.155458 -0.099446
0.964966 0.019775 0.263428 0.088765 -0.167562 -0.081645
0.966553 0.024902 0.253906 0.118670 -0.165426 -0.069303
0.968140 0.027588 0.241089 0.133385 -0.154271 -0.064082
0.978027 0.027344 0.232544 0.139556 -0.159493 -0.064319
0.979736 0.038208 0.225220 0.141217 -0.179904 -0.072151
0.974854 0.038818 0.230347 0.130774 -0.187261 -0.079509
0.980713 0.053833 0.219971 0.107278 -0.161629 -0.082832
0.964722 0.048462 0.214722 0.046519 -0.127452 -0.081408
0.957642 0.041504 0.222412 -0.014952 -0.083781 -0.073813
0.960938 0.041138 0.240967 -0.068117 -0.033702 -0.060047
0.969482 0.044922 0.256958 -0.095885 -0.003323 -0.052690
0.966431 0.040283 0.265991 -0.091376 -0.034889 -0.059810
0.974976 0.036499 0.274658 -0.081170 -0.077610 -0.061471
0.978760 0.035278 0.283325 -0.075949 -0.073101 -0.051028
0.975952 0.032959 0.293091 -0.062658 -0.051503 -0.041060
0.979492 0.029297 0.279785 -0.033465 -0.054826 -0.028956
0.976318 0.028931 0.270752 -0.010206 -0.059572 -0.019462
0.985474 0.031006 0.262085 0.017326 -0.091139 -0.019699
0.988525 0.041504 0.250854 0.040348 -0.126502 -0.028006
0.987793 0.037354 0.246460 0.044383 -0.139319 -0.032753
0.991943 0.043457 0.239502 0.042959 -0.134572 -0.035126
0.990845 0.032349 0.235718 0.031804 -0.117958 -0.038212
0.992065 0.037964 0.237793 0.018987 -0.098971 -0.041535
0.984741 0.040039 0.238892 0.008307 -0.073575 -0.044620
0.984741 0.041992 0.236206 0.012342 -0.088291 -0.052927
0.984009 0.040894 0.232422 0.018513 -0.107752 -0.050791
0.986084 0.048950 0.220459 0.007358 -0.088528 -0.037025
0.994141 0.052002 0.232544 -0.016376 -0.031804 -0.028718
0.991577 0.055664 0.233154 -0.017563 0.006646 -0.032990
0.970337 0.046265 0.215088 -0.002611 -0.011867 -0.048892
0.975220 0.052612 0.213013 0.001661 -0.051028 -0.050316
