0.447998 0.802124 -0.208252 -0.144778 0.232593 0.180141
0.473755 0.783203 -0.197388 -0.183464 0.330378 0.284334
0.385010 0.734985 -0.136475 -0.196518 0.309492 0.328716
0.307251 0.780762 -0.117920 -0.147863 0.260837 0.395884
0.356567 0.808472 -0.071411 -0.091139 0.398020 0.626816
0.468140 0.706177 -0.082520 -0.012342 0.386153 0.876023
0.546509 0.661621 -0.084229 0.027294 0.304982 0.896909
0.538208 0.658447 -0.104004 0.070253 0.287894 0.762574
0.455933 0.638184 -0.138672 0.145252 0.249682 0.618271
0.392700 0.626953 -0.151245 0.234018 0.160205 0.540661
0.395752 0.624268 -0.142944 0.317799 0.060996 0.523098
0.411499 0.605713 -0.103638 0.382830 0.009968 0.520962
0.421753 0.570313 -0.058960 0.436706 -0.005696 0.514079
0.397827 0.531250 -0.026733 0.495567 -0.003323 0.516215
0.355469 0.490723 -0.009644 0.571278 0.012342 0.561310
0.266846 0.455811 0.069824 0.676657 -0.055300 0.688999
0.387207 0.421143 0.011475 0.851340 -0.018513 0.901656
0.411743 0.413208 -0.012329 1.013680 0.032041 1.059012
0.400635 0.442383 -0.044800 1.150388 0.071914 1.160594
0.414185 0.441162 -0.072266 1.239866 0.130774 1.262650
0.443237 0.428101 -0.084106 1.308220 0.117721 1.368504
0.483521 0.410645 -0.092773 1.375387 0.091139 1.435197
0.520142 0.376709 -0.099365 1.424991 0.079984 1.469611
0.552368 0.340698 -0.105591 1.471510 0.059572 1.509722
0.601318 0.319702 -0.126587 1.553392 0.031804 1.539864
0.641113 0.302490 -0.168945 1.684879 0.034414 1.558851
0.672852 0.311768 -0.196899 1.822299 0.093037 1.568107
0.705811 0.315918 -0.227539 1.949038 0.141217 1.584958
0.744629 0.317993 -0.260498 2.054180 0.190584 1.609167
0.792603 0.340576 -0.320801 2.159322 0.239476 1.629816
0.843506 0.373657 -0.417236 2.273008 0.269856 1.627442
0.884399 0.411377 -0.526733 2.363672 0.322545 1.593977
0.912354 0.434448 -0.652954 2.394052 0.384017 1.538202
0.937256 0.455078 -0.771240 2.339226 0.451184 1.476257
0.943115 0.475830 -0.874268 2.216046 0.500313 1.387017
0.931519 0.504517 -0.960571 2.052281 0.482038 1.288046
0.924194 0.549316 -1.031738 1.874276 0.406801 1.206875
0.941284 0.591431 -1.107544 1.694135 0.315663 1.150863
0.977417 0.644897 -1.201416 1.508535 0.222625 1.100072
1.019531 0.699951 -1.318970 1.302998 0.135521 1.030294
1.036377 0.740479 -1.429932 1.040025 0.091376 0.937019
1.032227 0.745972 -1.508423 0.688762 0.118907 0.839235
1.019043 0.739502 -1.519165 0.281486 0.166613 0.767321
0.991211 0.713013 -1.491577 -0.125790 0.235679 0.727211
0.963623 0.668457 -1.435791 -0.507908 0.331564 0.723888
0.933228 0.630127 -1.357910 -0.832115 0.382118 0.745486
0.913452 0.593384 -1.273193 -1.086306 0.398732 0.770407
0.906372 0.548584 -1.185669 -1.289470 0.401342 0.777764
0.899170 0.505005 -1.100708 -1.472934 0.393273 0.771593
0.893311 0.473999 -1.008179 -1.636461 0.384254 0.769695
0.892212 0.439697 -0.924316 -1.761302 0.362656 0.769220
0.895996 0.414917 -0.845581 -1.846507 0.319935 0.757590
0.896973 0.392090 -0.781372 -1.900384 0.263448 0.736704
0.901367 0.380859 -0.720093 -1.927203 0.210283 0.710122
0.922119 0.374878 -0.685669 -1.923643 0.152847 0.674046
0.943359 0.372681 -0.656616 -1.900384 0.063133 0.631562
0.956543 0.378174 -0.643433 -1.884482 -0.003797 0.587892
0.958374 0.371704 -0.631836 -1.890653 -0.044145 0.553478
0.955200 0.373779 -0.617920 -1.912488 -0.104904 0.525946
0.955078 0.366211 -0.597900 -1.939545 -0.143828 0.500551
0.945923 0.358765 -0.572144 -1.970636 -0.178005 0.474443
0.936035 0.355835 -0.545532 -2.019528 -0.218590 0.453795
0.932861 0.348145 -0.509033 -2.075778 -0.264397 0.446674
0.938477 0.327637 -0.476318 -2.133926 -0.307830 0.446200
0.946899 0.307129 -0.437622 -2.188277 -0.342007 0.449285
0.955078 0.276489 -0.403687 -2.239305 -0.354112 0.457355
0.964844 0.251587 -0.352417 -2.294606 -0.358146 0.470883
0.966553 0.230591 -0.289185 -2.338751 -0.361469 0.480139
0.960693 0.205200 -0.219116 -2.362723 -0.360757 0.478003
0.948486 0.186157 -0.139526 -2.366995 -0.359808 0.466611
0.940552 0.156372 -0.059570 -2.347770 -0.354586 0.455456
0.940308 0.132202 0.018799 -2.295081 -0.376659 0.447624
0.940063 0.116455 0.086670 -2.196110 -0.428874 0.437655
0.939087 0.112427 0.127930 -2.046823 -0.465899 0.428399
0.947632 0.107666 0.152588 -1.879023 -0.481326 0.431722
0.961304 0.114990 0.176636 -1.716445 -0.499364 0.441928
0.970703 0.119751 0.182007 -1.562174 -0.482038 0.447624
0.984863 0.121704 0.200439 -1.422380 -0.435282 0.444776
0.996094 0.132935 0.216553 -1.288758 -0.434570 0.433146
1.001099 0.143677 0.227295 -1.149202 -0.440504 0.404428
1.017578 0.149414 0.239502 -0.993506 -0.459965 0.356485
1.024902 0.167114 0.230957 -0.810992 -0.496516 0.301659
1.038452 0.194336 0.192749 -0.609253 -0.484886 0.245885
1.037720 0.222778 0.136963 -0.423652 -0.438368 0.201977
1.035889 0.245239 0.082642 -0.286470 -0.385203 0.168274
1.030396 0.258179 0.041138 -0.191296 -0.331802 0.141217
1.020020 0.276611 0.008667 -0.120569 -0.284571 0.115822
1.015503 0.295654 -0.026123 -0.059335 -0.270093 0.087579
1.009888 0.320435 -0.062866 -0.001187 -0.279587 0.053639
0.999512 0.337891 -0.112305 0.053639 -0.279112 0.011630
0.978149 0.357300 -0.158569 0.090901 -0.267245 -0.016851
0.959106 0.365112 -0.193604 0.099920 -0.220964 -0.022073
0.946899 0.377808 -0.211060 0.088528 -0.157119 -0.011155
0.944702 0.383789 -0.227051 0.070490 -0.090901 0.010443
0.937622 0.388916 -0.238525 0.054114 -0.032516 0.030854
0.938965 0.395142 -0.242798 0.041297 0.017801 0.045569
0.943481 0.402832 -0.251831 0.034177 0.058860 0.053639
0.943115 0.409424 -0.269653 0.032753 0.096835 0.053876
0.934204 0.409912 -0.279785 0.031329 0.127214 0.051503
0.928223 0.416138 -0.289795 0.024683 0.149050 0.046281
0.922852 0.411987 -0.288086 0.009019 0.167325 0.044857
0.915649 0.407104 -0.286133 -0.015427 0.173021 0.046519
0.910156 0.408203 -0.281982 -0.036076 0.172309 0.050791
0.912842 0.407837 -0.283447 -0.043196 0.167562 0.053164
0.913940 0.408936 -0.280762 -0.046756 0.164714 0.055775
0.910278 0.406738 -0.286255 -0.055063 0.159967 0.055063
0.906616 0.400513 -0.282349 -0.068591 0.151660 0.053639
0.910767 0.391479 -0.271973 -0.085680 0.142167 0.058148
0.921143 0.384399 -0.253540 -0.095411 0.134572 0.065269
0.926880 0.377563 -0.236694 -0.089240 0.124604 0.065031
0.937134 0.374023 -0.232178 -0.067642 0.109414 0.058148
0.940552 0.371216 -0.234131 -0.026819 0.095648 0.050553
0.934448 0.375244 -0.249023 0.021835 0.088765 0.040348
0.931274 0.381226 -0.263916 0.058386 0.087104 0.032278
0.925415 0.379517 -0.271729 0.071202 0.077610 0.027294
0.924438 0.373291 -0.267334 0.067642 0.063607 0.019699
0.917236 0.368896 -0.255737 0.059335 0.041060 0.008782
0.911255 0.353149 -0.236084 0.061471 0.007358 -0.003323
0.907715 0.354004 -0.225098 0.085917 -0.035601 -0.015190
0.902832 0.360718 -0.230591 0.138369 -0.070490 -0.018275
0.893433 0.369873 -0.262207 0.201977 -0.084018 -0.014715
0.886353 0.380737 -0.292358 0.243986 -0.075474 -0.002136
0.883667 0.386353 -0.319702 0.253242 -0.068354 0.012342
0.883911 0.385864 -0.334717 0.238052 -0.067642 0.024683
0.883911 0.385742 -0.340942 0.210996 -0.076661 0.034177
0.889160 0.383179 -0.336060 0.176344 -0.093749 0.043433
0.900879 0.380371 -0.330566 0.143828 -0.107515 0.051978
0.907104 0.378052 -0.325806 0.120332 -0.106091 0.060284
0.917969 0.376343 -0.324585 0.105854 -0.096360 0.068829
0.930420 0.378418 -0.326782 0.093987 -0.082120 0.075712
0.942749 0.377930 -0.330811 0.079034 -0.063845 0.076661
0.946655 0.377319 -0.330444 0.057674 -0.042484 0.075712
0.948608 0.373657 -0.322998 0.032041 -0.010680 0.076424
0.952271 0.369385 -0.305054 0.011867 0.017326 0.068117
0.946533 0.369263 -0.299561 -0.005221 0.025158 0.056962
0.941528 0.366577 -0.281982 -0.012579 0.034889 0.049367
0.934448 0.364136 -0.273438 -0.013291 0.043908 0.047705
0.927979 0.367310 -0.264893 -0.007358 0.053639 0.043908
0.924438 0.363281 -0.262085 0.006171 0.063370 0.041297
0.919067 0.364868 -0.270630 0.025870 0.059335 0.040348
0.914551 0.366089 -0.274902 0.040585 0.061471 0.037737
0.920288 0.367432 -0.278564 0.041535 0.060996 0.034889
0.924927 0.366943 -0.279297 0.034177 0.058860 0.034414
0.921143 0.365601 -0.283691 0.027769 0.052215 0.032278
0.924438 0.365356 -0.283569 0.025395 0.047705 0.026345
0.920166 0.363892 -0.284790 0.020886 0.037974 0.022547
0.924805 0.359619 -0.288086 0.020886 0.022785 0.018038
0.923218 0.361938 -0.289063 0.027057 0.009256 0.015902
0.920898 0.363770 -0.294312 0.026107 -0.000712 0.015427
0.922363 0.362061 -0.294312 0.014478 -0.012342 0.015664
