0.595947 0.812134 -0.214355 -0.135759 -0.419618 -0.220014
0.585938 0.809937 -0.204834 -0.117009 -0.460678 -0.227847
0.500977 0.788452 -0.248535 -0.071439 -0.460440 -0.201977
0.584473 0.792725 -0.238525 -0.081408 -0.239951 -0.079746
0.520020 0.712402 -0.262939 -0.062420 -0.129588 0.004984
0.490845 0.843506 -0.210327 -0.034177 0.049129 0.065743
0.436768 0.910034 -0.262329 0.039161 0.146439 0.247546
0.523926 0.820923 -0.351685 0.039636 0.006883 0.501737
0.614990 0.842285 -0.356689 -0.116534 -0.013766 0.575313
0.643677 0.850952 -0.331299 -0.255141 0.027769 0.539000
0.640137 0.840210 -0.306274 -0.343194 0.045807 0.484174
0.672363 0.842407 -0.235718 -0.386865 0.042959 0.408937
0.686768 0.830444 -0.207153 -0.359571 0.026107 0.284334
0.638794 0.803345 -0.195068 -0.293590 -0.032278 0.136233
0.591431 0.797241 -0.202637 -0.219540 -0.074525 0.038449
0.559814 0.789551 -0.207642 -0.159967 -0.084018 0.024209
0.570923 0.786621 -0.206909 -0.115822 -0.035838 0.053876
0.580078 0.791870 -0.206177 -0.087104 0.004984 0.078797
0.565674 0.798096 -0.227417 -0.089715 0.031804 0.095411
0.549316 0.795044 -0.243896 -0.143354 0.074050 0.121518
0.561523 0.784790 -0.224121 -0.211233 0.132911 0.162103
0.565918 0.773560 -0.211304 -0.259413 0.196043 0.181565
0.537964 0.753418 -0.177246 -0.299286 0.235442 0.175394
0.410522 0.711548 -0.129150 -0.311153 0.246834 0.187973
0.446411 0.708740 -0.090698 -0.275315 0.146676 0.306406
0.549072 0.669922 -0.064575 -0.199128 0.152372 0.402292
0.536743 0.666138 -0.035156 -0.126265 0.116059 0.398732
0.515259 0.615845 -0.011353 -0.074762 0.080933 0.381881
0.498047 0.560303 0.033691 -0.024209 0.023022 0.397070
0.490967 0.500732 0.087280 0.072626 -0.049604 0.405377
0.491333 0.447266 0.137939 0.204825 -0.099920 0.399206
0.494751 0.384521 0.171997 0.354349 -0.167800 0.399681
0.474609 0.321777 0.210571 0.515978 -0.208147 0.399918
0.463989 0.276611 0.258789 0.679505 -0.207435 0.431485
0.462280 0.233887 0.302979 0.843745 -0.196755 0.496516
0.463989 0.207153 0.330322 1.025073 -0.167562 0.579110
0.468018 0.186035 0.337280 1.237967 -0.117009 0.668825
0.479126 0.173828 0.308350 1.467475 -0.080458 0.757353
0.490967 0.167725 0.260132 1.694135 -0.073101 0.835438
0.496338 0.180542 0.184204 1.902757 -0.101344 0.897146
0.511475 0.204468 0.078369 2.091443 -0.119382 0.956719
0.522949 0.269165 -0.056641 2.250223 -0.121756 1.000627
0.515015 0.321045 -0.204468 2.381947 -0.078797 1.039076
0.512085 0.366455 -0.359131 2.476408 -0.011155 1.092003
0.524780 0.413330 -0.518799 2.517468 0.048180 1.164866
0.564087 0.465576 -0.660889 2.484003 0.110126 1.256242
0.634277 0.512207 -0.767456 2.373640 0.173970 1.350466
0.707520 0.551270 -0.861816 2.214859 0.201027 1.411225
0.792114 0.578369 -0.929932 2.044687 0.201977 1.435909
0.880127 0.596313 -0.992798 1.858849 0.197942 1.430687
0.954224 0.607788 -1.017700 1.657585 0.199603 1.413599
1.009033 0.619995 -1.026855 1.463678 0.212420 1.386779
1.043579 0.621460 -1.032227 1.305134 0.235679 1.335751
1.068848 0.624390 -1.045654 1.165578 0.244460 1.265973
1.085815 0.639648 -1.085205 1.053791 0.237103 1.192635
1.077637 0.661133 -1.135498 0.955769 0.240663 1.104582
1.051392 0.675781 -1.205811 0.834963 0.234967 1.007035
1.021729 0.703003 -1.290283 0.675470 0.203401 0.917795
0.969238 0.715576 -1.361694 0.465424 0.174920 0.839235
0.911499 0.721436 -1.396729 0.194856 0.155221 0.774679
0.860229 0.719482 -1.382690 -0.121756 0.117958 0.745011
0.828857 0.698608 -1.335938 -0.445013 0.102768 0.755454
0.817871 0.674561 -1.272949 -0.734331 0.105142 0.789868
0.804565 0.643066 -1.211670 -0.967162 0.102768 0.814315
0.798706 0.610718 -1.167847 -1.158458 0.095648 0.828318
0.799316 0.574585 -1.133301 -1.328868 0.060759 0.835438
0.796875 0.550049 -1.110107 -1.484801 0.001187 0.835675
0.802124 0.535645 -1.093750 -1.625069 -0.041535 0.828792
0.809570 0.519165 -1.073975 -1.762014 -0.068591 0.812653
0.805786 0.491455 -1.039429 -1.919134 -0.112262 0.795327
0.807007 0.458862 -0.985596 -2.082186 -0.173021 0.775153
0.804565 0.426270 -0.928223 -2.217233 -0.270568 0.748334
0.809814 0.396484 -0.873291 -2.328783 -0.342719 0.726973
0.813965 0.372803 -0.833984 -2.418735 -0.402529 0.722701
0.832153 0.363647 -0.800049 -2.494209 -0.435282 0.746198
0.860718 0.357300 -0.786377 -2.562563 -0.445488 0.782036
0.891602 0.338623 -0.772461 -2.642072 -0.431247 0.814315
0.922974 0.304932 -0.729248 -2.761929 -0.389475 0.838286
0.950439 0.258667 -0.661865 -2.903858 -0.373336 0.842795
0.976929 0.209839 -0.564087 -3.028699 -0.385203 0.816925
0.992798 0.162354 -0.450928 -3.122449 -0.426500 0.777052
1.010864 0.126587 -0.333984 -3.174664 -0.480614 0.737654
1.021484 0.100098 -0.213379 -3.161847 -0.526183 0.706087
1.044556 0.077148 -0.112427 -3.080440 -0.577686 0.671436
1.067505 0.048340 -0.032227 -2.952988 -0.623968 0.626341
1.084106 0.019897 0.053101 -2.812720 -0.635835 0.589791
1.099854 0.003418 0.146606 -2.667467 -0.594537 0.566769
1.117554 -0.015991 0.247681 -2.488750 -0.519775 0.541136
1.130615 -0.034912 0.324951 -2.259242 -0.477529 0.496753
1.134888 -0.040161 0.380249 -1.982978 -0.464238 0.442640
1.142456 -0.029419 0.417358 -1.683217 -0.457829 0.387577
1.141113 -0.003784 0.437500 -1.382270 -0.448336 0.330615
1.130249 0.018555 0.425659 -1.078474 -0.436706 0.265346
1.104248 0.047485 0.392944 -0.782986 -0.437181 0.190584
1.080566 0.074707 0.339111 -0.530930 -0.449522 0.119620
1.057861 0.111328 0.291016 -0.333226 -0.457355 0.062183
1.038452 0.143799 0.229126 -0.156645 -0.442877 0.016614
1.020630 0.174805 0.164917 0.008307 -0.446912 -0.027294
1.012451 0.219482 0.093140 0.137895 -0.454981 -0.070253
1.001587 0.263428 0.000366 0.235679 -0.440266 -0.111075
0.990845 0.309082 -0.076050 0.296201 -0.383542 -0.143116
0.968506 0.343140 -0.155273 0.319697 -0.330852 -0.166138
0.946167 0.373901 -0.230347 0.310204 -0.270331 -0.179904
0.921753 0.395142 -0.275513 0.268669 -0.252767 -0.180379
0.892334 0.412842 -0.292358 0.194856 -0.217166 -0.164952
0.876099 0.423096 -0.297852 0.116771 -0.104904 -0.126265
0.869019 0.433594 -0.290771 0.053164 -0.001424 -0.065743
0.867310 0.437622 -0.287964 0.010680 0.090664 -0.005459
0.863892 0.443970 -0.278198 -0.012579 0.165664 0.036550
0.862915 0.442627 -0.276855 -0.022073 0.196755 0.057911
0.865234 0.439819 -0.273804 -0.025870 0.188923 0.063133
0.869385 0.440674 -0.278320 -0.022547 0.165189 0.061708
0.871460 0.439819 -0.280396 -0.019699 0.148338 0.063133
0.882324 0.438599 -0.275024 -0.017563 0.137657 0.066693
0.892456 0.433594 -0.272461 -0.010918 0.127214 0.068829
0.900879 0.432251 -0.283203 0.007832 0.123892 0.069778
0.904907 0.430176 -0.291992 0.035601 0.123417 0.066930
0.908203 0.430298 -0.300537 0.057911 0.121281 0.057911
0.909058 0.428345 -0.315918 0.066930 0.115347 0.049841
0.907837 0.421997 -0.318115 0.061471 0.104904 0.041535
0.901245 0.421143 -0.311890 0.050079 0.080221 0.026819
0.906982 0.416992 -0.305298 0.046993 0.046993 0.010680
0.904785 0.414063 -0.295166 0.054826 0.021835 0.000712
0.905640 0.415405 -0.299438 0.075000 0.009731 -0.003560
0.905396 0.414429 -0.317139 0.095411 0.017326 -0.005221
0.905029 0.419922 -0.322388 0.095173 0.035601 0.002848
0.897461 0.415894 -0.321777 0.081170 0.053164 0.011630
0.896973 0.414185 -0.314331 0.064557 0.062183 0.015664
0.900757 0.409302 -0.304810 0.049841 0.046044 0.009731
0.902954 0.405884 -0.297119 0.046281 0.014240 -0.003323
0.895996 0.407471 -0.303833 0.061471 -0.014715 -0.019699
0.889526 0.409180 -0.315674 0.080933 -0.017563 -0.029430
0.884155 0.412476 -0.325439 0.085205 -0.015902 -0.027531
0.877319 0.415161 -0.331665 0.075237 -0.015427 -0.022785
0.871460 0.411743 -0.334595 0.061708 -0.016376 -0.017326
0.871338 0.413696 -0.328125 0.045095 -0.021123 -0.010680
0.870605 0.414307 -0.320923 0.027769 -0.024446 -0.007358
0.869751 0.413574 -0.315674 0.014715 -0.030617 -0.004272
0.864014 0.405640 -0.316650 0.011630 -0.034889 -0.000237
0.867432 0.410645 -0.316040 0.011155 -0.029905 0.013528
0.876831 0.409790 -0.315308 0.008544 -0.011867 0.030617
0.872314 0.413208 -0.316040 -0.001424 0.003323 0.041772
0.874512 0.411011 -0.311890 -0.006883 0.010918 0.046756
0.880737 0.411987 -0.311646 -0.005221 0.014003 0.054351
0.887695 0.413940 -0.306519 -0.006883 0.021598 0.059335
0.885620 0.408569 -0.303467 -0.016139 0.032041 0.060522
0.889526 0.406250 -0.296875 -0.019937 0.038449 0.060522
0.893799 0.404785 -0.294189 -0.014478 0.044383 0.061946
0.901001 0.406738 -0.291504 -0.011392 0.057674 0.067642
0.898560 0.407837 -0.281006 -0.013528 0.072151 0.068591
