1.004517 0.982300 -0.256836 -0.896434 0.806957 -0.293115
1.017822 0.984863 -0.242676 -0.886703 0.893824 -0.307118
1.120605 0.970581 -0.216064 -0.834488 0.910200 -0.268195
1.166260 0.968750 -0.173584 -0.759726 0.689948 -0.323257
1.261597 1.126831 -0.171997 -0.660043 0.270331 -0.432434
1.373169 1.205078 -0.211914 -0.518351 -0.066693 -0.591215
1.400024 1.224243 -0.245850 -0.369301 -0.240900 -0.794378
1.393555 1.248413 -0.273315 -0.229271 -0.223100 -1.036940
1.359131 1.244141 -0.300049 -0.113923 -0.124366 -1.342871
1.267822 1.185669 -0.303711 -0.048180 -0.075000 -1.686777
1.206421 1.099854 -0.270142 -0.057436 -0.164239 -2.027123
1.169556 1.014771 -0.230469 -0.165664 -0.388051 -2.340175
1.104980 0.975342 -0.243042 -0.379507 -0.746673 -2.580601
1.044556 0.957031 -0.260986 -0.657670 -1.228236 -2.734397
1.007568 0.930542 -0.248413 -0.963127 -1.565022 -2.803938
0.984009 0.847656 -0.195801 -1.287096 -1.519927 -2.803463
0.960083 0.751831 -0.130005 -1.639309 -1.273331 -2.763353
0.923218 0.685913 -0.055420 -2.009798 -0.992794 -2.710901
0.891357 0.613281 0.015259 -2.363197 -0.688049 -2.673638
0.849976 0.503052 0.096802 -2.669366 -0.369064 -2.666993
0.822388 0.352783 0.156250 -2.920235 -0.060047 -2.676249
0.764404 0.271851 0.261108 -3.111294 0.125316 -2.680284
0.702393 0.195435 0.349365 -3.247527 0.459491 -2.681945
0.660400 0.105103 0.419312 -3.317305 0.983063 -2.704493
0.504272 0.002075 0.461182 -3.306387 1.364232 -2.741280
0.312134 -0.008545 0.619629 -3.203856 0.781799 -2.755521
0.238037 -0.003540 0.714844 -3.032497 -0.021598 -2.717546
0.181885 -0.066162 0.827393 -2.751011 -0.486073 -2.593655
0.135132 -0.184082 0.922485 -2.350856 -0.812416 -2.407580
0.069946 -0.302002 0.969604 -1.842947 -1.072778 -2.173800
-0.007813 -0.385742 0.967041 -1.238679 -1.159882 -1.916523
-0.058350 -0.386230 0.961548 -0.577212 -0.961940 -1.664942
-0.054565 -0.348022 0.961548 0.088765 -0.572465 -1.406716
-0.024536 -0.318848 0.924072 0.714157 -0.304982 -1.097699
-0.016846 -0.294312 0.865601 1.254581 -0.299761 -0.727448
0.005859 -0.263794 0.825684 1.700781 -0.403716 -0.335124
0.060059 -0.243530 0.771973 2.036380 -0.418668 0.044857
0.109619 -0.229126 0.711426 2.262802 -0.283859 0.400868
0.148804 -0.198486 0.665405 2.396188 -0.054588 0.748097
0.198853 -0.165649 0.623657 2.461456 0.207198 1.096749
0.249512 -0.148071 0.581543 2.488513 0.460678 1.439232
0.303589 -0.133789 0.545044 2.500380 0.694695 1.775068
0.350830 -0.151123 0.506836 2.520079 0.952209 2.092867
0.389282 -0.169067 0.462524 2.566598 1.226100 2.396662
0.412109 -0.160645 0.413574 2.662958 1.398409 2.689065
0.435181 -0.146973 0.375488 2.825773 1.479579 2.968890
0.497803 -0.157227 0.334839 3.050060 1.536778 3.238745
0.552856 -0.217773 0.268188 3.318017 1.573091 3.499345
0.612061 -0.225464 0.169189 3.630357 1.478630 3.742856
0.684082 -0.181030 0.078247 4.014374 1.302049 3.949817
0.770142 -0.139282 -0.029541 4.460811 1.233457 4.102190
0.882080 -0.143921 -0.132324 4.932880 1.349280 4.199499
0.976440 -0.192749 -0.223877 5.376944 1.627442 4.247204
1.048340 -0.189819 -0.288940 5.722512 1.919608 4.257173
1.101074 -0.120972 -0.345825 5.904314 2.049908 4.217062
1.161377 -0.106323 -0.406372 5.885564 2.057266 4.114057
1.287109 -0.104004 -0.505127 5.694268 1.987250 3.951478
1.426636 -0.105835 -0.624023 5.431058 1.786223 3.742382
1.557129 -0.001709 -0.795410 5.208670 1.461541 3.489140
1.646484 0.167358 -0.981934 5.068164 1.018190 3.170392
1.657471 0.301514 -1.094116 4.939051 0.642717 2.795631
1.673462 0.322266 -1.181519 4.687945 0.495804 2.384558
1.755005 0.273560 -1.233765 4.226081 0.385441 1.982503
1.864746 0.278931 -1.320557 3.579329 0.230932 1.656398
1.943359 0.381226 -1.438354 2.921896 0.072626 1.413599
1.960815 0.483887 -1.567627 2.421583 -0.001187 1.202603
1.933350 0.530396 -1.639893 2.107344 0.019462 0.972620
1.848877 0.572998 -1.658203 1.885906 0.142879 0.711784
1.733765 0.597290 -1.636841 1.649040 0.351501 0.426738
1.619385 0.589600 -1.594727 1.330292 0.501025 0.136945
1.488892 0.562378 -1.526978 0.898808 0.518826 -0.128638
1.355713 0.535889 -1.456665 0.376896 0.500551 -0.348890
1.243530 0.488647 -1.372681 -0.186549 0.515740 -0.513604
1.149292 0.427490 -1.272583 -0.740739 0.531880 -0.606404
1.069580 0.361450 -1.163818 -1.247935 0.522149 -0.632512
1.001587 0.290649 -1.052979 -1.680369 0.505535 -0.609727
0.942139 0.220093 -0.941162 -2.024513 0.496041 -0.557512
0.907471 0.147705 -0.832764 -2.279416 0.470408 -0.500076
0.869873 0.090210 -0.726807 -2.455048 0.421754 -0.449522
0.851929 0.057739 -0.640625 -2.556155 0.363605 -0.408700
0.842896 0.027954 -0.579468 -2.581788 0.241612 -0.372150
0.835571 0.000610 -0.538330 -2.533845 0.054351 -0.340346
0.828735 -0.026001 -0.506226 -2.423956 -0.133148 -0.305932
0.818237 -0.039795 -0.480469 -2.277517 -0.252055 -0.274128
0.816650 -0.035522 -0.453857 -2.122772 -0.321833 -0.248733
0.802124 -0.032104 -0.448364 -1.993658 -0.386153 -0.216692
0.773315 -0.051270 -0.436157 -1.914624 -0.432671 -0.176581
0.741211 -0.080811 -0.416626 -1.908691 -0.492244 -0.117009
0.706665 -0.106323 -0.413330 -1.978706 -0.576262 -0.032990
0.661255 -0.096069 -0.436768 -2.109480 -0.717717 0.079984
0.643555 -0.076904 -0.467163 -2.268736 -0.884330 0.224524
0.611206 -0.092285 -0.465820 -2.430365 -1.018190 0.405852
0.594360 -0.106201 -0.450928 -2.584398 -1.094851 0.607828
0.593140 -0.111572 -0.412842 -2.725141 -1.147778 0.808618
0.598633 -0.121704 -0.363281 -2.846422 -1.238916 1.003712
0.618286 -0.134399 -0.311401 -2.945393 -1.366131 1.197856
0.646118 -0.141602 -0.256226 -3.012560 -1.506399 1.395324
0.706055 -0.133789 -0.209351 -3.043652 -1.666366 1.594689
0.774170 -0.122070 -0.150269 -3.037006 -1.854340 1.788359
0.873413 -0.095581 -0.055420 -2.995234 -1.957108 1.959007
0.997925 -0.008423 0.098755 -2.909792 -1.807821 2.057503
1.165405 0.088257 0.287598 -2.758843 -1.308457 1.997456
1.339111 0.119263 0.406738 -2.508212 -0.809093 1.727600
1.469360 0.114502 0.421021 -2.111854 -0.926814 1.306796
1.552856 0.176392 0.401978 -1.571430 -1.711698 0.855849
1.591309 0.316895 0.319458 -0.968111 -2.442469 0.443589
1.636719 0.458496 0.228149 -0.408463 -2.596977 0.088528
1.678589 0.601318 0.168701 0.000237 -2.289622 -0.166376
1.709351 0.680054 0.124634 0.197704 -1.966839 -0.285283
1.685547 0.734497 0.102539 0.183227 -1.821587 -0.279112
1.666016 0.784668 0.081787 -0.003797 -1.695084 -0.208147
1.664307 0.839966 0.099609 -0.281723 -1.315103 -0.162815
1.690918 0.899292 0.121460 -0.568667 -0.664315 -0.229033
1.669800 0.911133 0.160034 -0.803397 -0.018038 -0.422940
1.591187 0.870361 0.195068 -0.961228 0.419380 -0.691610
1.529297 0.845459 0.186279 -1.041212 0.636072 -0.958855
1.452148 0.839233 0.139282 -1.042161 0.731245 -1.190024
1.354492 0.836182 0.069702 -0.965026 0.806720 -1.393899
1.266357 0.841675 -0.001465 -0.820248 0.847780 -1.580686
1.165649 0.811401 -0.048828 -0.623968 0.797463 -1.743976
1.110229 0.784546 -0.074219 -0.400393 0.681404 -1.876175
1.072144 0.788208 -0.076782 -0.163527 0.581246 -1.976807
1.041382 0.820068 -0.063110 0.075000 0.533778 -2.051095
1.043701 0.855957 -0.043945 0.301897 0.546120 -2.100224
1.064331 0.879883 -0.047241 0.509807 0.642480 -2.128942
1.102905 0.899780 -0.093140 0.697068 0.725312 -2.162645
1.129639 0.928345 -0.157593 0.867953 0.689711 -2.213673
1.119629 0.962891 -0.218140 1.006797 0.643667 -2.272296
1.083984 0.976563 -0.271729 1.101496 0.652211 -2.323561
1.044556 1.004639 -0.329224 1.156559 0.669300 -2.363672
0.994507 1.044434 -0.366821 1.195008 0.573889 -2.397612
0.963135 1.068604 -0.392578 1.250546 0.398257 -2.443181
0.962524 1.053711 -0.401855 1.340973 0.215742 -2.507975
1.017578 0.973633 -0.395020 1.442554 0.001424 -2.585110
1.094482 0.882935 -0.399414 1.499279 -0.310441 -2.657024
1.131226 0.847168 -0.410767 1.465814 -0.682353 -2.716834
1.141479 0.825928 -0.446289 1.344533 -0.875786 -2.777119
1.170166 0.770874 -0.479736 1.142556 -0.921830 -2.834792
1.192383 0.711914 -0.484375 0.855374 -0.930374 -2.857102
1.188232 0.656250 -0.490234 0.487260 -0.901181 -2.822451
1.173950 0.598877 -0.490234 0.071677 -0.761388 -2.729413
1.169800 0.551025 -0.482056 -0.337261 -0.470883 -2.594841
1.150024 0.507446 -0.471924 -0.683303 -0.073101 -2.458608
1.122314 0.445435 -0.456909 -0.937969 0.354349 -2.369368
1.075073 0.380493 -0.440918 -1.101734 0.734806 -2.359162
1.005981 0.322266 -0.431030 -1.186464 1.048807 -2.425618
0.928833 0.253174 -0.421997 -1.200704 1.259090 -2.543813
0.814575 0.159790 -0.418823 -1.157746 1.339074 -2.672926
0.690063 0.084839 -0.407959 -1.068981 1.267872 -2.771422
0.548218 0.041626 -0.399658 -0.944852 1.074440 -2.803938
