0.916504 0.332520 -0.102295 -0.039636 -0.429823 -0.060047
0.933228 0.344727 -0.067017 0.049604 -0.301185 0.007832
0.991333 0.343994 -0.130493 0.095885 -0.414633 0.085917
0.954590 0.371582 -0.162720 0.167562 -0.493905 0.127214
0.889282 0.238403 -0.271973 0.173258 -0.367640 0.138844
0.957397 0.369751 -0.165161 0.086392 0.226423 0.087816
0.966797 0.384888 -0.203369 -0.140505 0.121993 0.074288
0.974854 0.343262 -0.204956 -0.269144 0.126977 0.075000
0.936401 0.352051 -0.124878 -0.303558 0.185600 0.063845
0.948120 0.349854 -0.133911 -0.307356 0.033465 0.045095
0.967041 0.355835 -0.145264 -0.233305 -0.068829 0.014003
0.973389 0.353638 -0.158813 -0.159255 -0.121518 -0.008544
0.973755 0.354492 -0.164917 -0.119620 -0.142404 -0.025870
0.965332 0.365723 -0.172974 -0.107752 -0.160917 -0.042247
0.982788 0.359375 -0.157837 -0.131724 -0.164952 -0.060759
1.000366 0.368530 -0.148804 -0.176344 -0.197230 -0.076661
1.009521 0.360107 -0.157227 -0.224999 -0.184651 -0.101107
1.000732 0.363281 -0.155029 -0.261074 -0.081170 -0.125553
1.000977 0.369751 -0.166260 -0.267008 0.057674 -0.139793
1.007324 0.394653 -0.189941 -0.248495 0.138844 -0.145727
1.020752 0.412842 -0.218994 -0.225236 0.163527 -0.166850
1.036133 0.429321 -0.255005 -0.220489 0.148812 -0.221438
1.031128 0.417969 -0.256348 -0.268669 0.140980 -0.303558
1.019165 0.429443 -0.265259 -0.354824 0.165901 -0.382830
1.002197 0.430420 -0.260254 -0.450709 0.178480 -0.423178
0.994019 0.438354 -0.244507 -0.535914 0.160205 -0.424602
0.989380 0.433228 -0.220947 -0.601183 0.130774 -0.410124
0.979736 0.425903 -0.208862 -0.670961 0.098496 -0.417719
0.935669 0.429688 -0.179199 -0.743350 0.036550 -0.452133
0.900269 0.432373 -0.156372 -0.810042 -0.073575 -0.477054
0.884644 0.439209 -0.142578 -0.864868 -0.190584 -0.442165
0.884277 0.426880 -0.113281 -0.911861 -0.246597 -0.354112
0.874512 0.407715 -0.089722 -0.981877 -0.254429 -0.277688
0.852417 0.388184 -0.071655 -1.061860 -0.233068 -0.253005
0.815308 0.382324 -0.033325 -1.122857 -0.240900 -0.275552
0.777588 0.376221 0.010620 -1.141844 -0.335836 -0.311865
0.745850 0.359497 0.032104 -1.110515 -0.511706 -0.335836
0.723145 0.340454 0.063110 -1.042161 -0.675233 -0.341770
0.696533 0.321045 0.083130 -0.955295 -0.752843 -0.325156
0.665161 0.296387 0.097900 -0.864156 -0.753318 -0.273653
0.646484 0.275513 0.127686 -0.781087 -0.699916 -0.177768
0.636230 0.237061 0.175049 -0.711309 -0.620170 -0.057199
0.625732 0.188843 0.246216 -0.651262 -0.513130 0.074050
0.619507 0.144897 0.341919 -0.577212 -0.409412 0.205062
0.604614 0.098755 0.429565 -0.449522 -0.387339 0.318036
0.600464 0.067139 0.486694 -0.223100 -0.466611 0.392561
0.602417 0.027222 0.533447 0.119857 -0.611151 0.428874
0.589111 -0.007568 0.543579 0.563920 -0.794615 0.421991
0.554443 -0.048828 0.535034 1.073015 -0.993506 0.386153
0.501831 -0.072510 0.496216 1.600860 -1.166528 0.385915
0.429565 -0.099854 0.441040 2.125620 -1.262650 0.506959
0.389282 -0.096558 0.372925 2.614303 -1.266448 0.783698
0.424438 -0.100342 0.278809 3.041041 -1.151338 1.190974
0.478516 -0.136475 0.179443 3.404172 -0.931798 1.632664
0.543213 -0.167358 0.097290 3.699423 -0.745248 1.986063
0.633179 -0.194702 0.042480 3.941747 -0.689236 2.181157
0.716309 -0.246216 -0.006470 4.146098 -0.795802 2.208214
0.795898 -0.293457 -0.065063 4.322441 -1.002051 2.085272
0.841431 -0.336914 -0.143921 4.508516 -1.192398 1.881871
0.877441 -0.358276 -0.274170 4.712866 -1.340261 1.699356
0.954834 -0.355835 -0.401245 4.868799 -1.372776 1.612965
1.009155 -0.355713 -0.506226 4.886125 -1.218980 1.634800
1.085938 -0.307129 -0.613159 4.716901 -0.879583 1.692711
1.109375 -0.294434 -0.669067 4.380352 -0.419855 1.694847
1.098877 -0.295654 -0.748291 3.952428 -0.089240 1.599436
1.091064 -0.280151 -0.834717 3.568411 0.015427 1.448250
1.088989 -0.286377 -0.906372 3.292384 -0.077373 1.305134
1.107544 -0.282837 -0.977905 3.068335 -0.198416 1.167002
1.147705 -0.268799 -1.010010 2.813669 -0.224761 1.051417
1.197266 -0.247192 -1.033813 2.500380 -0.159018 0.953871
1.241333 -0.236084 -1.003418 2.146506 -0.002611 0.838523
1.250854 -0.263306 -0.955688 1.783612 0.211470 0.688999
1.234619 -0.294312 -0.922607 1.457981 0.398969 0.532829
1.200195 -0.325806 -0.893677 1.231796 0.540899 0.415345
1.169556 -0.352905 -0.874878 1.107430 0.611626 0.337023
1.155762 -0.342163 -0.873657 1.044297 0.600946 0.283147
1.143677 -0.328735 -0.865112 0.993981 0.561784 0.229983
1.132813 -0.308838 -0.864014 0.906640 0.534253 0.170648
1.110596 -0.304810 -0.836426 0.764236 0.526183 0.115585
1.093872 -0.300903 -0.805664 0.580060 0.569142 0.090189
1.078613 -0.312012 -0.755859 0.382830 0.637259 0.090901
1.055054 -0.335083 -0.717773 0.206249 0.698492 0.091851
1.038818 -0.356201 -0.677002 0.094224 0.696119 0.068591
1.030762 -0.360107 -0.639893 0.075474 0.622069 0.014478
1.016479 -0.359497 -0.618530 0.133385 0.534490 -0.063370
0.985718 -0.353882 -0.613770 0.212894 0.494854 -0.134572
0.934326 -0.340454 -0.621460 0.253005 0.530218 -0.159018
0.881348 -0.327759 -0.643433 0.227609 0.627053 -0.125790
0.837280 -0.323486 -0.666138 0.144066 0.731245 -0.060759
0.809937 -0.321411 -0.691162 0.020411 0.766372 -0.000475
0.792236 -0.324341 -0.702637 -0.127689 0.718429 0.034177
0.771973 -0.346191 -0.710327 -0.295014 0.638683 0.042721
0.742310 -0.390137 -0.701660 -0.474206 0.610202 0.063370
0.721313 -0.420166 -0.680908 -0.646278 0.655059 0.128164
0.721802 -0.448608 -0.659912 -0.782748 0.736942 0.216454
0.730103 -0.470947 -0.652466 -0.862020 0.840422 0.281960
0.742065 -0.489990 -0.650024 -0.898570 0.931798 0.303084
0.741455 -0.493896 -0.663818 -0.934409 0.983538 0.295014
0.726196 -0.494873 -0.674072 -0.999440 1.018902 0.290030
0.717651 -0.494385 -0.696411 -1.106955 1.057588 0.321833
0.721069 -0.475830 -0.731567 -1.250309 1.061623 0.392323
0.747437 -0.469971 -0.765747 -1.420007 1.054740 0.467323
0.785645 -0.466064 -0.796265 -1.608930 1.042636 0.504348
0.813599 -0.470459 -0.820679 -1.809482 1.043348 0.506247
0.836182 -0.473511 -0.841431 -2.006712 1.034566 0.497940
0.844116 -0.487305 -0.841309 -2.207739 1.004899 0.489870
0.856445 -0.488525 -0.807495 -2.430365 0.942478 0.486073
0.890503 -0.493164 -0.752930 -2.668417 0.859884 0.492244
0.910645 -0.508057 -0.672363 -2.906232 0.812653 0.498177
0.912964 -0.532349 -0.606567 -3.121974 0.812178 0.496753
0.910522 -0.542847 -0.547729 -3.296894 0.828318 0.513130
0.910400 -0.546021 -0.497070 -3.428618 0.827368 0.557750
0.904663 -0.546875 -0.437866 -3.541829 0.809093 0.599522
0.917114 -0.554688 -0.364746 -3.651718 0.784884 0.622069
0.912964 -0.565063 -0.286255 -3.745942 0.754267 0.639395
0.896118 -0.561401 -0.204590 -3.813109 0.717480 0.667164
0.896606 -0.575073 -0.110229 -3.857492 0.676420 0.700866
0.897461 -0.589600 0.003540 -3.887397 0.613762 0.741926
0.914307 -0.614502 0.112915 -3.881938 0.537338 0.778951
0.918091 -0.635864 0.208130 -3.795071 0.459016 0.806245
0.926880 -0.636963 0.292603 -3.610658 0.369539 0.826182
0.955200 -0.643188 0.374634 -3.350058 0.233068 0.834251
0.992065 -0.623291 0.411987 -3.036769 0.078560 0.820248
1.027588 -0.626587 0.432861 -2.703306 -0.041772 0.793429
1.076782 -0.630737 0.469116 -2.396662 -0.070727 0.782274
1.107056 -0.622925 0.500366 -2.151252 -0.018987 0.787970
1.135986 -0.609985 0.515869 -1.934798 0.061946 0.788444
1.157715 -0.586060 0.527466 -1.694610 0.113449 0.759726
1.169434 -0.567749 0.519409 -1.425466 0.091613 0.688999
1.176880 -0.530518 0.492310 -1.135199 0.004035 0.572465
1.192261 -0.500366 0.466797 -0.847067 -0.097547 0.446674
1.201294 -0.476074 0.442139 -0.605930 -0.159493 0.348653
1.231934 -0.448975 0.413086 -0.430298 -0.158781 0.288843
1.264771 -0.432129 0.385986 -0.300710 -0.122705 0.252293
1.300049 -0.426392 0.354370 -0.185125 -0.089715 0.205537
1.351074 -0.425903 0.333862 -0.066930 -0.098022 0.131012
1.406616 -0.430542 0.323486 0.053164 -0.159730 0.018275
1.459961 -0.428223 0.306519 0.181091 -0.237340 -0.126977
1.512573 -0.421753 0.296265 0.319223 -0.308542 -0.292166
1.553223 -0.411377 0.287598 0.454269 -0.379982 -0.476579
1.605835 -0.418335 0.269897 0.586231 -0.440978 -0.671673
1.669556 -0.444214 0.245605 0.730771 -0.471832 -0.854662
1.731812 -0.452881 0.205566 0.903554 -0.435519 -1.008934
1.797729 -0.452148 0.147705 1.087493 -0.322071 -1.149202
1.855469 -0.455322 0.101685 1.246511 -0.186312 -1.324834
1.889038 -0.460205 0.046875 1.360672 -0.089003 -1.576651
1.920410 -0.479492 0.027588 1.455371 -0.034177 -1.888991
1.902100 -0.526245 0.014160 1.535354 -0.007832 -2.221268
1.834473 -0.566162 0.011963 1.598961 0.014715 -2.545475
1.719604 -0.611206 0.015625 1.665417 0.014952 -2.841201
