0.838745 0.223389 0.398071 -0.864393 0.093987 0.006408
0.638184 0.254639 0.449951 -0.869140 0.156882 0.191534
0.582886 0.232178 0.521729 -0.702527 0.319460 0.312577
0.455933 0.193115 0.674072 -0.526895 0.337973 0.452371
0.464111 0.130859 0.706177 -0.333226 0.132673 0.626578
0.356079 0.109619 0.767090 -0.132911 -0.073575 0.642243
0.296143 0.082031 0.830688 -0.036788 -0.273179 0.655297
0.249878 0.020996 0.891479 0.075949 -0.360995 0.697068
0.188843 -0.052124 0.919556 0.296675 -0.394460 0.746435
0.156982 -0.087158 0.915771 0.586468 -0.413684 0.853001
0.183105 -0.103882 0.911621 0.890026 -0.426026 1.032905
0.243530 -0.132690 0.866455 1.204265 -0.397308 1.282824
0.380371 -0.156006 0.800659 1.577126 -0.273179 1.579025
0.597656 -0.176392 0.680664 2.025699 -0.071439 1.912488
0.849121 -0.218994 0.499023 2.455285 0.145964 2.237170
1.074463 -0.248779 0.299316 2.775457 0.316612 2.490174
1.277710 -0.260254 0.094849 2.921659 0.318985 2.588196
1.490723 -0.273560 -0.128296 2.915725 0.086629 2.553069
1.674438 -0.270874 -0.305054 2.884634 -0.216692 2.344210
1.811768 -0.182617 -0.426147 2.804650 -0.572702 1.976807
1.854248 -0.163086 -0.603760 2.685268 -0.902842 1.581873
1.882568 -0.099365 -0.771362 2.613829 -1.067557 1.156085
1.865967 -0.052002 -0.934814 2.441282 -1.223964 0.827843
1.851440 -0.007813 -1.068237 2.163594 -1.283062 0.604980
1.818604 0.015869 -1.200195 1.832030 -1.207587 0.432671
1.775757 0.022705 -1.255249 1.513756 -0.934883 0.335599
1.721558 0.015381 -1.299072 1.174122 -0.616373 0.294065
1.709351 0.020630 -1.254395 0.856798 -0.332039 0.286232
1.701294 -0.014526 -1.234375 0.595012 -0.165426 0.273416
1.691406 -0.056885 -1.200195 0.394460 0.014715 0.162578
1.626221 -0.115845 -1.158936 0.145490 0.139081 -0.003085
1.534180 -0.160400 -1.115356 -0.131487 0.171834 -0.172072
1.454346 -0.192139 -1.017944 -0.350789 0.153084 -0.320172
1.340088 -0.215088 -0.966187 -0.545645 0.032041 -0.422940
1.256104 -0.259155 -0.884521 -0.674521 -0.089477 -0.464950
1.239014 -0.290894 -0.829956 -0.679268 -0.245410 -0.472545
1.196899 -0.319946 -0.773560 -0.570566 -0.377846 -0.487972
1.126587 -0.322876 -0.742432 -0.510044 -0.409412 -0.494142
1.060791 -0.307251 -0.756836 -0.670724 -0.400393 -0.430535
0.995117 -0.317627 -0.751221 -1.129977 -0.383305 -0.328479
0.921021 -0.324707 -0.684937 -1.751809 -0.292403 -0.255378
0.852661 -0.291260 -0.526611 -2.296504 -0.109651 -0.206486
0.786499 -0.256348 -0.327881 -2.615490 0.066218 -0.159730
0.739258 -0.202881 -0.164063 -2.712800 0.172309 -0.079984
0.720825 -0.122681 -0.023071 -2.685268 0.240188 0.056962
0.726196 -0.056641 0.130127 -2.670553 0.305457 0.230932
0.753540 -0.018311 0.271362 -2.660585 0.357672 0.384491
0.784058 0.030518 0.369995 -2.597215 0.387814 0.481326
0.811035 0.035034 0.450562 -2.583449 0.440266 0.587180
0.844604 0.023193 0.536499 -2.634715 0.556800 0.659806
0.888428 0.021973 0.629761 -2.633291 0.680692 0.703951
0.929932 0.021606 0.706177 -2.563987 0.770644 0.734331
0.943359 0.029053 0.797607 -2.472848 0.855612 0.698492
0.928833 0.041870 0.883667 -2.398561 0.906877 0.642005
0.912598 0.058960 0.950684 -2.314780 0.875548 0.616373
0.905640 0.076172 1.000977 -2.203942 0.738840 0.610914
0.935913 0.101807 1.018433 -2.056791 0.510756 0.646990
1.010254 0.125732 1.013550 -1.865257 0.251106 0.699442
1.102905 0.098877 0.987549 -1.645955 0.089003 0.754267
1.177979 0.065308 0.949829 -1.405054 0.114398 0.769932
1.232056 0.049927 0.929565 -1.144692 0.255141 0.757115
1.276001 0.052246 0.934692 -0.890501 0.414396 0.756878
1.324219 0.058838 0.942749 -0.653398 0.521199 0.750470
1.385376 0.048950 0.949585 -0.436469 0.541373 0.720802
1.438232 0.035767 0.949219 -0.215268 0.472070 0.661942
1.498901 0.010986 0.946411 0.015190 0.352213 0.578398
1.551880 -0.002563 0.930664 0.239002 0.214793 0.497465
1.602295 -0.014282 0.900391 0.439080 0.078797 0.397308
1.672852 -0.045166 0.851807 0.600708 -0.025870 0.249682
1.729858 -0.075439 0.808838 0.739078 -0.066218 0.056487
1.730591 -0.116211 0.749512 0.890263 -0.060759 -0.183939
1.717285 -0.134644 0.701904 1.055215 -0.026582 -0.419855
1.693970 -0.135986 0.657593 1.213046 -0.010206 -0.628477
1.635010 -0.131836 0.612061 1.325308 -0.041297 -0.842321
1.567871 -0.144653 0.580078 1.377760 -0.106091 -1.033142
1.482300 -0.154663 0.549438 1.414311 -0.190347 -1.237492
1.390747 -0.152344 0.505005 1.471272 -0.311865 -1.434247
1.292236 -0.146484 0.448120 1.518978 -0.470408 -1.575940
1.193481 -0.148804 0.393555 1.534880 -0.596199 -1.696983
1.098755 -0.146484 0.334595 1.555054 -0.658382 -1.748961
0.983887 -0.141479 0.265259 1.598012 -0.682116 -1.751334
0.886108 -0.112305 0.189209 1.646430 -0.713445 -1.695559
0.811646 -0.086426 0.093750 1.679183 -0.755217 -1.567158
0.765137 -0.049438 -0.008545 1.683217 -0.773967 -1.427602
0.734619 -0.024048 -0.083618 1.652600 -0.760676 -1.280926
0.697632 -0.001587 -0.163696 1.620085 -0.724363 -1.165103
0.665527 0.016113 -0.239746 1.603708 -0.666926 -1.075626
0.655518 0.041870 -0.296265 1.593028 -0.639395 -0.960754
0.608765 0.050659 -0.371948 1.578313 -0.669537 -0.858697
0.589111 0.083740 -0.438843 1.553867 -0.695882 -0.715818
0.602539 0.125366 -0.511963 1.477443 -0.789631 -0.507434
0.636719 0.125488 -0.563843 1.311780 -0.871039 -0.352688
0.658813 0.095703 -0.574585 1.104344 -0.808618 -0.256328
0.674805 0.080688 -0.565186 0.919931 -0.662179 -0.194144
0.694336 0.061279 -0.538818 0.790343 -0.549680 -0.126502
0.735962 0.055908 -0.536865 0.672148 -0.540661 -0.068117
0.765015 0.040161 -0.538086 0.545171 -0.551104 -0.069541
0.767944 0.042236 -0.515137 0.417956 -0.505772 -0.098971
0.747314 0.057495 -0.467163 0.322783 -0.423890 -0.119620
0.734253 0.069946 -0.418213 0.237340 -0.360045 -0.084968
0.743530 0.088867 -0.367920 0.179904 -0.332988 0.002373
0.766968 0.104248 -0.320679 0.171360 -0.371675 0.076661
0.775391 0.105713 -0.327271 0.185363 -0.421754 0.141217
0.828857 0.123413 -0.327515 0.169224 -0.434807 0.208622
0.890747 0.104370 -0.331299 0.117009 -0.393510 0.269619
0.944824 0.102173 -0.316895 0.061946 -0.273416 0.300235
0.985474 0.104492 -0.302368 0.007832 -0.130300 0.299286
1.016357 0.111084 -0.267212 -0.056724 -0.016851 0.287419
1.042480 0.116699 -0.225830 -0.108702 0.048417 0.258464
1.058960 0.121460 -0.193604 -0.145964 0.058860 0.209334
1.070557 0.128906 -0.167847 -0.169224 0.051740 0.178480
1.076782 0.139771 -0.138672 -0.184413 0.049604 0.151186
1.088745 0.145752 -0.116943 -0.184651 0.053402 0.131487
1.094849 0.146118 -0.109253 -0.178717 0.055063 0.125078
1.097900 0.142700 -0.097168 -0.180379 0.053402 0.111313
1.099365 0.144043 -0.088623 -0.166138 0.033228 0.114873
1.107422 0.155029 -0.086060 -0.136233 -0.018513 0.104192
1.108521 0.157104 -0.092896 -0.121518 -0.043908 0.084018
1.111206 0.157959 -0.084839 -0.109414 -0.033228 0.080458
1.110962 0.161255 -0.083008 -0.085680 -0.018038 0.070490
1.113770 0.167969 -0.084839 -0.055300 -0.013766 0.067405
1.108398 0.175903 -0.098633 -0.026107 -0.018513 0.054588
1.117432 0.180298 -0.096313 -0.018513 -0.026582 0.028006
1.111694 0.177612 -0.100952 -0.026345 -0.037737 0.008782
1.112305 0.171021 -0.102661 -0.026107 -0.033228 -0.010918
1.112183 0.166504 -0.109131 -0.013054 -0.022785 -0.031092
1.104980 0.162842 -0.113770 0.005459 -0.003797 -0.057199
1.112793 0.164795 -0.127563 0.011392 -0.010206 -0.084493
1.127930 0.171021 -0.117798 0.002136 -0.008782 -0.105142
1.114014 0.166504 -0.111816 -0.007832 0.006883 -0.154034
1.081543 0.170776 -0.107178 -0.007358 0.008307 -0.209571
1.054932 0.185059 -0.109253 0.007595 -0.057674 -0.217641
1.054077 0.188477 -0.133301 0.017089 -0.163290 -0.187736
1.059692 0.191650 -0.142456 -0.003560 -0.215980 -0.128401
1.065796 0.184692 -0.140381 -0.037025 -0.209334 -0.093275
1.072510 0.178467 -0.142334 -0.060284 -0.182752 -0.079034
1.072144 0.174683 -0.147949 -0.055300 -0.132673 -0.073101
1.075317 0.175049 -0.149414 -0.044145 -0.073101 -0.075712
1.081909 0.171875 -0.140015 -0.033940 -0.038212 -0.066693
1.079468 0.174438 -0.141968 -0.020649 -0.014715 -0.069303
1.072998 0.181152 -0.143555 -0.019937 -0.019462 -0.085917
1.066528 0.183594 -0.152222 -0.037025 -0.037262 -0.087341
1.059570 0.184082 -0.151733 -0.053639 -0.047943 -0.101344
1.047241 0.187378 -0.155396 -0.058860 -0.059810 -0.112262
1.037964 0.196899 -0.169312 -0.076186 -0.072626 -0.105854
1.029663 0.196411 -0.163208 -0.120094 -0.052927 -0.104667
1.024658 0.197632 -0.155029 -0.157357 -0.014003 -0.099446
1.009033 0.201904 -0.143066 -0.149762 0.026107 -0.101344
0.999512 0.212036 -0.136108 -0.135996 0.044857 -0.093037
1.000854 0.209595 -0.130859 -0.133148 0.042721 -0.061946
