0.585815 0.762207 -0.196899 -0.084968 -0.087104 0.154034
0.608276 0.770630 -0.257935 -0.117246 0.005221 0.233068
0.609497 0.743530 -0.220703 -0.184176 0.045569 0.292878
0.599731 0.757080 -0.225342 -0.219777 0.054826 0.257989
0.612427 0.756836 -0.192871 -0.230932 0.090189 0.240188
0.625854 0.750244 -0.205688 -0.217404 0.040823 0.232593
0.627563 0.758179 -0.199097 -0.226660 0.042959 0.214081
0.625610 0.771362 -0.200928 -0.226660 0.041060 0.216929
0.628296 0.743286 -0.207397 -0.228796 0.032990 0.235442
0.636597 0.740601 -0.189087 -0.258226 0.117483 0.215980
0.631592 0.767334 -0.145142 -0.249445 0.200315 0.171122
0.623901 0.766602 -0.140259 -0.190822 0.137420 0.154509
0.627075 0.759155 -0.143188 -0.149287 0.032990 0.166613
0.652710 0.755859 -0.150269 -0.131249 -0.034652 0.168986
0.669189 0.757813 -0.161865 -0.126028 -0.059572 0.152610
0.666504 0.754272 -0.168701 -0.129825 -0.049129 0.133860
0.655151 0.752319 -0.167114 -0.138369 -0.018275 0.121993
0.656738 0.750732 -0.151489 -0.145252 0.014003 0.125316
0.657593 0.743652 -0.144897 -0.146202 0.040111 0.131249
0.650513 0.736572 -0.136719 -0.149287 0.064557 0.126502
0.650024 0.732422 -0.123291 -0.150948 0.078797 0.121044
0.640381 0.711792 -0.110229 -0.145252 0.084018 0.121044
0.629150 0.693481 -0.095581 -0.130774 0.085205 0.121518
0.621216 0.673828 -0.077759 -0.109889 0.093037 0.130774
0.599609 0.639771 -0.053711 -0.079272 0.103480 0.152135
0.546753 0.608765 -0.023315 -0.029668 0.112499 0.185363
0.534912 0.553955 0.024536 0.032753 0.103006 0.267957
0.544067 0.491333 0.079956 0.103243 0.074288 0.357909
0.539063 0.443359 0.155396 0.176106 0.076186 0.421279
0.531860 0.387695 0.248901 0.278163 0.082832 0.473494
0.519409 0.323120 0.319824 0.428399 -0.011630 0.521911
0.511719 0.261841 0.377319 0.632037 -0.117958 0.545408
0.488892 0.194946 0.412476 0.887890 -0.217878 0.566769
0.461304 0.142700 0.406738 1.187651 -0.337023 0.608540
0.463989 0.108154 0.386230 1.497143 -0.421754 0.681641
0.463135 0.060059 0.349365 1.772457 -0.462576 0.766134
0.449097 0.023682 0.301880 2.017630 -0.442165 0.824045
0.427246 -0.017212 0.239136 2.257106 -0.408225 0.882431
0.404297 -0.039429 0.165527 2.487089 -0.402766 0.969060
0.414917 -0.035767 0.065308 2.731549 -0.450947 1.059012
0.428345 -0.018677 -0.053223 2.968178 -0.497940 1.133062
0.461792 -0.000488 -0.174805 3.141436 -0.492956 1.199993
0.503418 0.016479 -0.291992 3.235898 -0.453795 1.263125
0.572144 0.077759 -0.439819 3.279331 -0.450709 1.314628
0.658203 0.160034 -0.621094 3.332495 -0.469459 1.349042
0.736206 0.240356 -0.825806 3.368571 -0.426026 1.347618
0.798950 0.312012 -1.020142 3.294520 -0.337735 1.335039
0.849121 0.369629 -1.155151 3.084000 -0.253242 1.342397
0.903687 0.419067 -1.246826 2.786850 -0.176819 1.350941
0.973022 0.458862 -1.298096 2.462168 -0.104667 1.361859
1.040039 0.490112 -1.331177 2.150540 -0.039873 1.355450
1.082275 0.529541 -1.377319 1.885431 0.004509 1.314865
1.107788 0.554565 -1.448608 1.663043 0.090427 1.259565
1.114258 0.582520 -1.506470 1.428551 0.183939 1.203790
1.105835 0.606445 -1.581055 1.176733 0.277213 1.152524
1.068115 0.625122 -1.643188 0.903080 0.380219 1.099598
1.020996 0.634766 -1.692749 0.585281 0.467323 1.044060
0.963989 0.634399 -1.720215 0.215742 0.501500 1.001576
0.900757 0.610229 -1.716797 -0.189635 0.505535 0.970247
0.832153 0.563477 -1.670776 -0.607591 0.492481 0.955057
0.785522 0.503418 -1.586182 -1.021038 0.478241 0.965263
0.743408 0.423706 -1.474243 -1.405766 0.470883 1.008222
0.710083 0.344727 -1.362793 -1.724514 0.477054 1.067082
0.680664 0.269043 -1.269165 -1.968026 0.485598 1.129265
0.666016 0.214233 -1.200684 -2.159085 0.462339 1.193347
0.643311 0.178467 -1.170288 -2.310508 0.421279 1.248410
0.638306 0.153687 -1.154541 -2.443655 0.346279 1.282112
0.634155 0.130737 -1.135010 -2.589857 0.204825 1.280688
0.629761 0.104370 -1.103516 -2.751723 0.041535 1.263125
0.635010 0.076416 -1.072021 -2.911216 -0.059098 1.268584
0.643677 0.061523 -1.041504 -3.043414 -0.152372 1.302049
0.661743 0.039185 -1.016357 -3.163983 -0.188923 1.360197
0.692261 0.010864 -0.973633 -3.300454 -0.180616 1.444216
0.731079 -0.031372 -0.878906 -3.467067 -0.108939 1.554104
0.806274 -0.091187 -0.749023 -3.637715 0.003085 1.677284
0.897583 -0.146240 -0.622437 -3.769439 0.088291 1.788834
0.978882 -0.181641 -0.492798 -3.845150 0.118907 1.855289
1.052124 -0.214844 -0.347290 -3.887159 0.035126 1.839387
1.138794 -0.243286 -0.188354 -3.892855 -0.135759 1.738043
1.214478 -0.274292 -0.023438 -3.818331 -0.333700 1.598724
1.288452 -0.308350 0.136719 -3.670230 -0.466848 1.494769
1.367798 -0.326660 0.289429 -3.465643 -0.487022 1.450387
1.446045 -0.317993 0.435425 -3.187955 -0.423178 1.444216
1.523193 -0.295044 0.548096 -2.845473 -0.321359 1.423092
1.588745 -0.259888 0.620972 -2.460507 -0.237340 1.341447
1.649780 -0.214844 0.636353 -2.045398 -0.238052 1.194059
1.722900 -0.167358 0.613770 -1.651414 -0.319460 0.985437
1.785278 -0.115601 0.585205 -1.321748 -0.403478 0.745248
1.828979 -0.062500 0.558716 -1.053316 -0.418431 0.497465
1.843140 -0.018555 0.536621 -0.821909 -0.354112 0.251818
1.823730 0.034058 0.527832 -0.601183 -0.262498 0.018038
1.788086 0.087158 0.495361 -0.359571 -0.173021 -0.214318
1.742065 0.149658 0.427856 -0.095411 -0.097310 -0.431959
1.702148 0.210327 0.329590 0.136233 0.027769 -0.612101
1.678101 0.263916 0.208862 0.286232 0.164714 -0.741926
1.687866 0.313721 0.121582 0.350789 0.258701 -0.853238
1.725830 0.332764 0.043945 0.375472 0.227847 -0.987098
1.753906 0.352051 -0.010742 0.349840 0.111787 -1.126417
1.780518 0.346191 -0.030518 0.288131 0.337023 -1.262650
1.778198 0.329590 -0.028320 0.242799 0.599047 -1.380608
1.779785 0.312500 -0.024536 0.241612 0.835912 -1.508060
1.763794 0.320068 -0.026001 0.299998 1.010120 -1.668977
1.713623 0.311035 -0.033081 0.379982 1.167240 -1.860510
1.644897 0.278809 -0.074707 0.459965 1.301574 -2.055841
1.588257 0.265991 -0.123535 0.531405 1.366368 -2.205129
1.530884 0.254639 -0.149170 0.583382 1.429738 -2.324986
1.459961 0.240356 -0.168457 0.615898 1.502127 -2.435823
1.379639 0.222168 -0.176270 0.641056 1.562648 -2.536456
1.296509 0.206665 -0.184692 0.674284 1.631477 -2.623322
1.212402 0.190186 -0.211426 0.725787 1.679420 -2.704730
1.121216 0.180908 -0.234619 0.785596 1.703866 -2.788748
1.052856 0.155640 -0.253784 0.849916 1.696271 -2.876801
0.961914 0.121338 -0.278320 0.928475 1.629578 -2.999744
0.833130 0.089478 -0.327637 1.018902 1.468187 -3.136927
0.695190 0.074585 -0.396362 1.086544 1.267635 -3.220945
0.572876 0.067993 -0.444702 1.085120 1.101971 -3.201483
0.468750 0.062866 -0.473633 1.017952 1.034092 -3.064063
0.385254 0.061646 -0.475464 0.918744 1.089867 -2.816755
0.329590 0.082642 -0.460205 0.828792 1.201654 -2.517943
0.279541 0.104492 -0.440308 0.780138 1.295641 -2.235508
0.233154 0.138062 -0.443481 0.780138 1.302761 -2.010035
0.188965 0.191528 -0.452515 0.805533 1.252207 -1.837963
0.150635 0.252197 -0.473877 0.837337 1.175309 -1.706714
0.130127 0.300049 -0.496948 0.840422 1.106718 -1.579974
0.126831 0.333130 -0.501343 0.805296 1.036465 -1.440655
0.118530 0.370117 -0.504150 0.761150 0.943428 -1.304422
0.108154 0.423218 -0.508545 0.732432 0.852764 -1.165815
0.102905 0.477783 -0.529907 0.708698 0.777052 -1.030057
0.088257 0.541016 -0.539185 0.659094 0.704663 -0.899757
0.084473 0.607300 -0.534546 0.576974 0.646990 -0.772305
0.084717 0.661133 -0.519043 0.471358 0.557750 -0.659094
0.091431 0.704468 -0.503418 0.358621 0.445013 -0.546832
0.112427 0.730469 -0.483032 0.251106 0.350314 -0.426263
0.138184 0.748169 -0.463867 0.146676 0.278400 -0.312815
0.172974 0.750977 -0.446289 0.051266 0.215030 -0.195568
0.216431 0.753662 -0.424561 -0.034177 0.165426 -0.065743
0.272217 0.766602 -0.389404 -0.117246 0.143116 0.072151
0.330444 0.773560 -0.342407 -0.202214 0.140031 0.200078
0.388184 0.777954 -0.291504 -0.274128 0.143354 0.311153
0.440918 0.778198 -0.248901 -0.321596 0.148812 0.404665
0.501587 0.780762 -0.201172 -0.347466 0.134572 0.467560
0.556152 0.772949 -0.166016 -0.352450 0.083069 0.486785
0.609863 0.756104 -0.136719 -0.338447 0.051028 0.475155
0.650513 0.744507 -0.111572 -0.303321 0.041535 0.449997
0.686279 0.737671 -0.097534 -0.255853 0.056724 0.421754
0.715088 0.741333 -0.081543 -0.211233 0.082594 0.388051
0.724487 0.748047 -0.058105 -0.168512 0.098971 0.337498
0.725464 0.756470 -0.052734 -0.118670 0.101582 0.272229
0.722412 0.764160 -0.053345 -0.064794 0.084968 0.195806
0.712036 0.774414 -0.067871 -0.006408 0.049604 0.115585
