1.020142 0.304810 -0.175903 -0.203401 0.407513 -0.561310
0.919678 0.298340 -0.176025 -0.306406 0.797463 -0.539949
0.926025 0.255249 -0.254150 -0.372624 0.815027 -0.373574
0.851929 0.224976 -0.217651 -0.503161 0.950073 -0.207673
0.852783 0.272217 -0.303345 -0.622306 0.842795 -0.069303
0.900269 0.265259 -0.101929 -0.704901 0.666689 0.006408
0.754150 0.396240 -0.097290 -0.593825 0.453557 0.101582
0.847900 0.231934 -0.178467 -0.561072 0.495804 0.359808
0.873901 0.167358 -0.117432 -0.638445 0.586468 0.443826
0.920776 0.288452 -0.062256 -0.676894 0.548019 0.452845
0.973633 0.309204 -0.041870 -0.608303 0.383305 0.430061
0.989624 0.292358 -0.049194 -0.510044 0.158781 0.332276
0.963989 0.299438 -0.077515 -0.438368 -0.042721 0.179192
0.935059 0.307861 -0.088379 -0.394460 -0.180616 0.054351
0.930298 0.319824 -0.043091 -0.392798 -0.264634 -0.030380
0.956177 0.315552 0.045044 -0.391849 -0.232119 -0.110838
0.943237 0.296753 0.097412 -0.349128 -0.151186 -0.223575
0.905518 0.285156 0.135986 -0.272229 0.014715 -0.331564
0.847656 0.265625 0.181030 -0.206011 0.358858 -0.402529
0.785889 0.255127 0.272949 -0.157357 0.864631 -0.451421
0.689941 0.203003 0.369995 -0.092563 1.399596 -0.523335
0.568359 0.153687 0.455444 -0.003797 1.704341 -0.589079
0.447266 0.044556 0.440552 0.130300 1.935747 -0.667401
-0.180542 0.056519 0.703857 0.295014 1.651888 -0.775865
-0.042603 0.100342 0.902710 0.753555 1.451810 -0.298811
0.097900 -0.052490 0.772095 1.419770 1.030769 0.171834
-0.014893 -0.100708 0.674561 1.856476 0.708698 0.411073
0.040649 -0.163330 0.610229 2.097613 0.523573 0.902368
0.144531 -0.241089 0.580566 2.299353 0.422703 1.373963
0.288452 -0.267700 0.539917 2.621186 0.199128 1.802362
0.393677 -0.341553 0.455200 3.044127 -0.143828 2.207027
0.696411 -0.393555 0.344238 3.501007 -0.569142 2.591993
0.965210 -0.438354 0.203491 3.930118 -0.881244 2.886770
1.200195 -0.418579 0.017212 4.260733 -0.802210 3.018256
1.457031 -0.317139 -0.165283 4.396729 -0.481801 3.008051
1.692017 -0.306641 -0.352051 4.353058 -0.241850 2.742704
1.851807 -0.167603 -0.534790 4.208281 -0.318511 2.354653
1.971558 -0.062622 -0.652832 3.995624 -0.276264 1.891602
1.960327 -0.008911 -0.806641 3.744043 0.313289 1.325308
1.834717 0.002563 -0.881958 3.381387 0.896434 0.778001
1.669678 0.015747 -0.990234 2.811296 1.574990 0.439080
1.507813 0.000610 -0.924438 2.128942 1.945004 0.253717
1.349609 -0.069702 -0.869263 1.559563 1.743502 0.114398
1.281128 -0.097900 -0.820923 1.140657 0.991370 0.080458
1.256348 -0.135376 -0.767456 0.790818 0.529743 0.093275
1.275879 -0.156982 -0.708984 0.469696 0.113211 0.140505
1.325684 -0.167603 -0.636841 0.200315 -0.220964 0.253717
1.359619 -0.178833 -0.559814 -0.001661 -0.261549 0.316849
1.361450 -0.202637 -0.472900 -0.189635 -0.134809 0.280062
1.344604 -0.227051 -0.398560 -0.372150 -0.065269 0.226423
1.296753 -0.266357 -0.361694 -0.540424 -0.012579 0.204113
1.251343 -0.308228 -0.319458 -0.715581 0.005934 0.168749
1.202881 -0.345337 -0.258301 -0.872226 0.154034 0.142167
1.154907 -0.373291 -0.190918 -0.945326 0.272704 0.167800
1.101440 -0.402588 -0.173218 -0.950073 0.330140 0.218828
1.026245 -0.437256 -0.172241 -0.944377 0.329428 0.290742
0.933350 -0.454102 -0.209106 -0.923016 0.293353 0.420804
0.893188 -0.447510 -0.244995 -0.918032 0.238527 0.612338
0.922852 -0.412476 -0.288086 -0.905928 -0.043196 0.796277
1.013550 -0.351074 -0.298828 -0.932035 -0.623730 0.895010
1.070679 -0.319702 -0.389282 -1.012731 -0.939393 0.870089
1.094849 -0.287476 -0.467651 -1.160831 -1.043111 0.801735
1.062744 -0.283325 -0.567505 -1.380371 -1.060436 0.736230
1.086304 -0.246826 -0.642212 -1.749910 -1.055927 0.763761
1.111816 -0.244507 -0.616089 -2.243103 -1.032668 0.820960
1.134155 -0.249634 -0.538818 -2.656550 -0.984962 0.745723
1.152466 -0.255493 -0.439697 -2.967940 -0.979029 0.596436
1.151978 -0.309570 -0.319702 -3.213825 -0.945564 0.477291
1.183838 -0.319458 -0.163086 -3.357416 -0.614237 0.387339
1.164917 -0.300171 -0.051392 -3.366435 -0.373574 0.286944
1.136475 -0.285400 0.016113 -3.326324 -0.027294 0.186075
1.074951 -0.260376 0.136475 -3.274821 0.384729 0.092800
1.004150 -0.254150 0.269409 -3.158762 0.656009 -0.017089
0.963989 -0.224609 0.372681 -2.864223 0.562022 -0.114398
0.976929 -0.170776 0.495361 -2.551408 0.280536 -0.144778
0.981934 -0.133911 0.538330 -2.253071 0.181091 -0.120806
0.984985 -0.133789 0.481079 -1.989149 0.285283 -0.084493
0.963501 -0.089233 0.606201 -1.748723 0.992320 0.006646
0.934448 -0.079224 0.585938 -1.530370 0.643904 0.094936
0.936523 -0.029663 0.509888 -1.291843 0.515740 0.173258
0.922119 0.001221 0.464355 -1.107192 0.513604 0.253242
0.947510 0.036499 0.425415 -0.975706 0.384254 0.313527
0.989624 0.052612 0.403931 -0.885517 0.317087 0.363131
1.005493 0.059082 0.376831 -0.793903 0.246597 0.378795
1.038818 0.067627 0.354248 -0.683777 0.152847 0.361232
1.079712 0.068359 0.337524 -0.578873 0.077136 0.337261
1.088867 0.040527 0.290649 -0.480614 0.044145 0.310678
1.105103 0.033569 0.245728 -0.384966 0.025633 0.287419
1.129395 0.030151 0.197876 -0.306644 -0.062183 0.262973
1.129028 0.029053 0.155884 -0.252767 -0.122942 0.234967
1.172607 -0.003906 0.152832 -0.211470 -0.275789 0.214081
1.197754 0.008179 0.138062 -0.139319 -0.428399 0.156882
1.212280 0.002686 0.116821 -0.076661 -0.506484 0.103480
1.241699 -0.010742 0.084717 -0.053639 -0.515978 0.074762
1.297974 0.000977 0.075317 -0.039398 -0.472307 0.010206
1.313965 0.013062 0.057617 -0.034889 -0.234730 -0.129825
1.315552 -0.000244 0.070923 -0.035838 -0.134809 -0.269144
1.320190 -0.016479 0.072266 -0.021598 -0.117009 -0.389713
1.327271 -0.039917 0.082642 -0.004035 -0.103955 -0.500313
1.346802 -0.056274 0.114136 0.010680 -0.135521 -0.607591
1.366577 -0.089233 0.136108 0.024446 -0.112974 -0.691847
1.391846 -0.119751 0.163696 0.043908 -0.056250 -0.765897
1.412598 -0.126953 0.180542 0.084018 0.000237 -0.857985
1.413452 -0.130859 0.222290 0.151186 0.094699 -1.000152
1.379761 -0.142090 0.254517 0.248733 0.115347 -1.183853
1.325928 -0.173218 0.264038 0.368827 0.149762 -1.358536
1.260254 -0.197876 0.290894 0.517164 0.174445 -1.496431
1.173096 -0.208862 0.295654 0.698018 0.185125 -1.611066
1.094849 -0.207886 0.246826 0.909013 0.269856 -1.703391
1.016235 -0.211060 0.197144 1.107904 0.369301 -1.738043
0.926514 -0.220093 0.098999 1.285198 0.377134 -1.724514
0.816406 -0.218018 -0.028931 1.422380 0.340109 -1.669214
0.747559 -0.173828 -0.162720 1.484801 0.198654 -1.531082
0.659058 -0.147461 -0.273315 1.456795 0.046519 -1.332191
0.608032 -0.100098 -0.387207 1.380608 -0.143591 -1.108616
0.651611 -0.020874 -0.486084 1.262650 -0.355061 -0.873650
0.707153 0.060791 -0.551758 1.095088 -0.430298 -0.698255
0.737427 0.110596 -0.581543 0.886703 -0.493668 -0.621594
0.729736 0.102905 -0.609497 0.664790 -0.502212 -0.601420
0.692871 0.078613 -0.603516 0.455693 -0.399681 -0.580772
0.675049 0.056030 -0.581787 0.284808 -0.273179 -0.515266
0.686646 0.048706 -0.557251 0.168274 -0.228321 -0.408225
0.736328 0.051758 -0.512939 0.092088 -0.239239 -0.299286
0.773071 0.048462 -0.485474 0.018513 -0.240426 -0.201977
0.820923 0.051880 -0.457031 -0.044620 -0.179192 -0.130062
0.840698 0.053223 -0.412842 -0.082120 -0.076186 -0.106328
0.854858 0.055298 -0.384399 -0.081408 -0.157594 -0.098971
0.877441 0.069336 -0.355225 -0.061471 -0.284334 -0.086867
0.903320 0.083496 -0.338379 -0.048892 -0.379744 -0.079509
0.922729 0.087891 -0.312378 -0.056487 -0.391137 -0.082594
0.949097 0.087036 -0.287842 -0.079509 -0.341058 -0.071677
0.964966 0.091797 -0.265259 -0.098971 -0.321359 -0.037025
0.995239 0.101318 -0.229370 -0.114873 -0.220489 -0.031566
1.004639 0.095581 -0.233276 -0.127452 -0.091851 -0.046993
1.008789 0.098389 -0.220337 -0.149524 -0.004272 -0.048655
1.003784 0.102051 -0.197754 -0.164477 0.066693 -0.062183
0.992798 0.104736 -0.190796 -0.146202 0.071914 -0.096360
0.968262 0.106567 -0.190430 -0.112974 0.014715 -0.126977
0.952393 0.111572 -0.190796 -0.093749 -0.054351 -0.135284
0.943726 0.119507 -0.184692 -0.098734 -0.067642 -0.126265
0.939453 0.121948 -0.166016 -0.107515 -0.067167 -0.109414
0.932983 0.118774 -0.163330 -0.101582 -0.079746 -0.086392
0.935547 0.126221 -0.160889 -0.088528 -0.087104 -0.048417
0.939331 0.133057 -0.159668 -0.072151 -0.093749 -0.002611
0.962036 0.138916 -0.157471 -0.053402 -0.099208 0.023259
0.965332 0.152344 -0.179443 -0.033702 -0.093512 0.027531
0.966187 0.156982 -0.185791 -0.036550 -0.054588 0.032278
0.974976 0.151855 -0.178833 -0.051266 -0.028006 0.037500
0.982178 0.156982 -0.179443 -0.047705 -0.045095 0.033940
0.983276 0.157959 -0.184814 -0.037737 -0.075712 0.016614
