0.959351 0.189331 0.429443 0.102056 0.135047 -0.341058
0.938843 0.179565 0.389404 0.055300 0.201739 -0.403953
0.883057 0.158447 0.395752 -0.036788 0.428399 -0.426263
0.839355 0.142822 0.426270 -0.112499 0.636784 -0.393036
0.806152 0.136230 0.458252 -0.120094 0.742163 -0.320884
0.755615 0.093994 0.485352 -0.067879 0.730533 -0.236391
0.681030 0.117310 0.479980 -0.000237 0.667401 -0.137420
0.634277 0.190674 0.527100 0.078560 0.562734 0.100870
0.786987 0.097534 0.509155 0.194856 0.213844 0.377608
0.864136 0.141113 0.500732 0.283859 0.086629 0.440741
0.913940 0.175049 0.446655 0.321833 0.046993 0.445488
0.924072 0.177856 0.421753 0.301422 0.079034 0.400156
0.942627 0.169434 0.420532 0.251581 0.089715 0.334650
0.947998 0.159546 0.429565 0.191771 0.126265 0.280774
0.946167 0.164429 0.453857 0.153559 0.180141 0.226660
0.933960 0.178467 0.456787 0.149287 0.207198 0.175632
0.928467 0.179565 0.449951 0.155458 0.202689 0.129350
0.919922 0.192017 0.442261 0.162815 0.169461 0.086629
0.909058 0.189819 0.435669 0.162815 0.115585 0.056724
0.907471 0.187988 0.432617 0.152135 0.042247 0.030142
0.920044 0.182007 0.434448 0.139793 -0.038449 0.009731
0.960327 0.166626 0.446045 0.109414 -0.064557 -0.002611
0.966309 0.189575 0.479004 0.052690 0.005696 -0.017563
0.979614 0.184814 0.502441 0.000712 0.122705 -0.022547
0.968628 0.178467 0.535156 -0.034414 0.291217 -0.007358
0.938232 0.224609 0.560303 -0.050079 0.439554 0.037262
0.955200 0.268677 0.566040 -0.069066 0.520962 0.128164
0.996582 0.287720 0.601440 -0.116059 0.604743 0.253954
1.042847 0.301758 0.660767 -0.137420 0.689948 0.357197
1.069824 0.276611 0.696167 -0.097784 0.716768 0.459253
1.152954 0.252319 0.722656 -0.007832 0.618509 0.567718
1.291382 0.234619 0.735352 0.082832 0.377134 0.653160
1.479736 0.227295 0.782349 0.096835 0.053639 0.694932
1.714600 0.211304 0.892212 0.045807 -0.271043 0.664553
1.963867 0.193359 1.006226 0.029193 -0.685439 0.493193
2.264526 0.167969 1.100098 0.131961 -1.161781 0.145252
2.468994 0.170776 1.123169 0.393273 -1.584484 -0.433621
2.460327 0.213013 1.111206 0.737179 -1.990098 -1.265024
2.320313 0.213867 1.005859 1.058300 -2.275619 -2.043975
2.184448 0.214355 0.834106 1.286622 -2.409953 -2.605996
1.995728 0.199585 0.709839 1.410276 -2.260904 -3.057655
1.757935 0.191650 0.569214 1.475782 -1.931713 -3.429567
1.547241 0.169434 0.446655 1.443029 -1.481953 -3.677113
1.339233 0.138306 0.346680 1.345957 -1.035753 -3.814533
1.157349 0.086304 0.274170 1.220641 -0.740976 -3.875530
0.990112 0.069336 0.225098 1.098648 -0.586468 -3.880276
0.817261 0.087036 0.223511 1.009171 -0.471358 -3.854644
0.694946 0.094360 0.222412 0.980453 -0.535677 -3.814058
0.561890 0.079224 0.216064 0.985200 -0.607828 -3.776084
0.438843 0.108154 0.198730 0.989234 -0.698492 -3.685895
0.340454 0.120361 0.191040 0.974045 -0.802685 -3.530674
0.238770 0.125977 0.211304 0.950785 -0.840422 -3.363586
0.155273 0.130737 0.188843 0.946038 -0.940105 -3.172290
0.100464 0.130249 0.168091 0.945326 -0.956956 -2.949665
0.047485 0.142456 0.135864 0.940342 -0.985674 -2.718496
-0.000488 0.168091 0.089844 0.918507 -1.081085 -2.488513
-0.041748 0.200317 0.039307 0.871988 -1.193584 -2.261141
-0.073730 0.200317 -0.005981 0.775628 -1.250783 -1.991760
-0.079834 0.239624 -0.029175 0.647702 -1.204265 -1.706239
-0.120239 0.270630 -0.011475 0.533066 -1.033854 -1.498329
-0.117432 0.295532 0.012939 0.463526 -0.876735 -1.332191
-0.115356 0.321777 -0.014648 0.438605 -0.846355 -1.201416
-0.130249 0.349121 -0.027954 0.396121 -0.815027 -1.098648
-0.111450 0.381348 -0.017456 0.346517 -0.797938 -1.002525
-0.073975 0.416992 -0.003052 0.283384 -0.737179 -0.916134
-0.245605 0.442627 -0.116211 0.233780 -0.698255 -0.863681
-0.074219 0.412964 -0.028198 0.112025 -0.585993 -0.684015
-0.105957 0.423096 -0.027466 0.025395 -0.648888 -0.578873
-0.144409 0.432495 -0.052734 -0.017801 -0.663366 -0.450472
-0.193115 0.386108 -0.081909 -0.072389 -0.557987 -0.250394
-0.197876 0.401611 -0.069092 -0.132911 -0.396358 0.000237
-0.199829 0.463257 -0.078491 -0.151423 -0.271280 0.215980
-0.179688 0.500610 -0.069458 -0.144303 -0.165189 0.391611
-0.135498 0.527588 -0.089844 -0.133148 -0.206486 0.565819
-0.082275 0.559814 -0.083008 -0.162578 -0.144303 0.721752
-0.065430 0.574585 -0.061646 -0.211945 -0.032990 0.857273
-0.063599 0.576294 -0.068848 -0.235204 0.040348 0.990658
-0.022217 0.560791 -0.094116 -0.270093 0.123654 1.129502
-0.005249 0.532593 -0.108765 -0.359571 0.211945 1.282350
0.003784 0.507935 -0.090332 -0.494854 0.251106 1.443741
0.041382 0.455322 -0.059814 -0.622306 0.353874 1.608930
0.035645 0.459961 -0.036255 -0.695407 0.553715 1.743027
0.055176 0.421753 -0.001099 -0.751182 0.524285 1.891839
0.090088 0.407349 0.008667 -0.781562 0.483937 2.037092
0.117798 0.381226 0.038574 -0.831166 0.567006 2.154575
0.083130 0.365601 0.089600 -0.874836 0.537813 2.268498
0.057861 0.367432 0.105103 -0.885517 0.361944 2.423244
0.152588 0.301025 0.070313 -0.904266 0.172072 2.681471
0.208862 0.210571 0.138428 -0.954345 0.046044 2.976485
0.447510 0.154297 0.433350 -0.959329 0.208147 3.377352
0.491089 0.133057 0.244995 -1.220166 3.020867 3.627034
0.826660 0.035034 0.352051 -1.158933 0.909251 3.801242
1.218018 0.060669 0.333496 -0.883618 -0.262498 3.956463
1.642578 0.153442 0.387695 -0.534253 -1.871903 3.829011
1.930176 0.283325 0.322510 -0.199128 -2.725141 3.501719
2.181274 0.427490 0.283325 0.124129 -3.410580 2.911216
2.192017 0.454834 0.203491 0.391611 -3.852745 2.192312
2.052124 0.427734 0.086792 0.625866 -4.051399 1.570718
1.873291 0.417725 -0.031494 0.808381 -4.091509 1.185752
1.712646 0.435547 -0.165771 0.976893 -4.128534 1.022937
1.629517 0.436279 -0.303955 1.116923 -4.344039 0.970247
1.574463 0.450317 -0.330444 1.216844 -4.108123 0.995642
1.476074 0.463013 -0.521851 1.150388 -3.029174 1.057826
1.391479 0.483521 -0.640869 1.114550 -2.467390 1.034566
1.369751 0.446411 -0.621094 1.032193 -2.766676 0.956719
1.449707 0.449097 -0.608154 0.913997 -2.610981 0.951260
1.516235 0.432495 -0.653687 0.773967 -1.977045 0.923491
1.557129 0.447998 -0.696533 0.563683 -1.298489 0.780612
1.511230 0.434326 -0.683228 0.273891 -0.536864 0.586231
1.431274 0.397949 -0.606934 -0.014478 0.145252 0.400868
1.341187 0.367920 -0.529297 -0.182989 0.693746 0.282672
1.282837 0.321777 -0.555786 -0.288131 1.173885 0.236391
1.234375 0.358643 -0.610229 -0.390899 1.506873 0.227609
1.186523 0.369385 -0.619141 -0.557275 1.701018 0.158781
1.101318 0.363525 -0.570313 -0.726261 1.655211 0.009256
0.995605 0.300049 -0.527588 -0.834963 1.393425 -0.175157
0.982178 0.372437 -0.516357 -0.839710 0.795090 -0.317087
0.989868 0.336182 -0.355591 -0.782986 -0.182515 -0.512180
0.917358 0.290283 -0.226807 -0.779900 -0.733144 -0.695644
0.821411 0.232178 -0.142822 -0.749046 -0.724600 -0.741926
0.972290 0.225830 -0.122192 -0.502687 -0.508620 -0.501263
0.969849 0.289551 -0.085571 -0.515978 -0.312577 -0.368589
0.941895 0.292114 -0.054565 -0.602370 0.053164 -0.432671
0.891602 0.245850 -0.094604 -0.563920 0.403004 -0.497703
0.888428 0.205933 -0.127075 -0.512655 0.719378 -0.363843
0.887207 0.238159 -0.141846 -0.549917 0.982826 -0.169698
0.876343 0.247192 -0.143188 -0.556326 1.197144 -0.092800
0.884399 0.308838 -0.147339 -0.504823 1.220404 -0.073338
0.859619 0.318359 -0.186646 -0.411785 0.915659 -0.118195
0.853394 0.293091 -0.208130 -0.324207 0.524759 -0.182040
0.824097 0.295776 -0.162476 -0.241612 0.023734 -0.204113
0.886230 0.285278 -0.090088 -0.128401 -0.431247 -0.158543
0.876587 0.303467 0.008789 0.075949 -0.592639 -0.138844
0.923828 0.387207 0.006226 0.290505 -0.478715 -0.101107
0.921265 0.351929 -0.039429 0.410361 -0.309729 -0.034414
0.877319 0.319946 -0.128418 0.461627 0.021598 0.066455
0.876709 0.306274 -0.166016 0.496041 0.324919 0.182040
0.846436 0.308472 -0.106812 0.517164 0.551816 0.285283
0.957153 0.366455 -0.178345 0.484174 0.833776 0.360757
1.053223 0.364624 -0.147217 0.519775 0.773255 0.357909
1.053589 0.409180 -0.247070 0.478241 0.712970 0.239002
1.126343 0.409058 -0.225708 0.510994 0.445962 0.082357
1.122559 0.383057 -0.227295 0.358621 0.096597 -0.016851
1.087402 0.351074 -0.215332 0.239239 -0.200315 -0.096597
1.064575 0.324585 -0.239258 0.214793 -0.124366 -0.182277
1.015503 0.326050 -0.233154 0.156645 0.168986 -0.251343
0.952026 0.321289 -0.296387 0.073575 0.437181 -0.253005
0.988037 0.265259 -0.103149 0.025633 0.557987 -0.203875
0.962646 0.286255 -0.141113 0.040823 0.888839 -0.179667
1.000488 0.377563 -0.190063 0.085205 0.967399 -0.164477
