0.995361 0.073975 0.006592 0.121281 -0.343194 -0.169224
1.017578 0.136841 -0.039429 0.140268 -0.320172 -0.139793
0.997681 0.087769 -0.026367 0.109177 -0.154034 -0.117721
1.018188 0.112183 -0.039429 0.046993 0.210758 -0.036788
1.046265 0.118286 -0.025146 -0.005221 0.422703 0.056250
1.034302 0.136719 -0.006836 -0.030380 0.553003 0.117483
1.140625 0.034790 -0.057251 0.025395 0.372624 0.196043
1.032349 0.033813 -0.022217 0.023022 0.489633 0.105854
1.043091 0.126099 0.005981 -0.003085 0.554427 0.085443
0.998413 0.159424 0.024292 0.004747 0.453795 0.134335
0.942871 0.041626 0.044678 0.037974 0.329191 0.237103
0.943359 0.039429 0.026367 0.079272 0.281723 0.344618
1.039917 0.085693 -0.006226 0.090664 0.336786 0.473019
1.085205 0.096313 -0.019897 0.079272 0.376659 0.492956
1.135376 0.104248 0.002075 0.029905 0.292403 0.488446
1.097412 0.075195 0.024902 -0.003797 0.141455 0.445962
1.222168 0.113525 0.034424 -0.020649 0.077136 0.429823
1.268311 0.092896 0.062012 -0.006646 -0.144778 0.342719
1.380249 0.056274 0.071533 0.028718 -0.367640 0.254666
1.527466 0.023193 0.068359 0.082594 -0.570091 0.159730
1.682251 -0.031860 0.097168 0.134097 -0.584094 0.050079
1.854736 -0.060181 0.075806 0.237103 -0.821197 -0.070253
2.011719 -0.082886 0.018799 0.352688 -1.026497 -0.293590
2.133179 -0.103271 -0.054321 0.409412 -1.045009 -0.599759
2.218384 -0.100342 -0.097778 0.404428 -0.975469 -0.959092
2.214600 -0.110962 -0.133179 0.337973 -0.793666 -1.406953
2.168335 -0.112061 -0.153320 0.238527 -0.672148 -1.888754
2.047119 -0.089355 -0.187134 0.109414 -0.534016 -2.381947
1.923950 -0.046997 -0.203247 -0.053164 -0.335836 -2.851644
1.789917 -0.030029 -0.221924 -0.232593 -0.143828 -3.306625
1.669312 -0.026245 -0.199341 -0.438368 0.017089 -3.730752
1.567017 -0.016479 -0.177734 -0.642480 -0.130774 -4.102901
1.338989 -0.061890 -0.209839 -0.840659 -0.071439 -4.422599
1.183350 -0.073120 -0.207642 -1.006560 0.014715 -4.615557
1.049805 -0.085693 -0.162598 -1.114075 0.308780 -4.707644
0.893433 -0.037109 -0.166748 -1.128790 0.431247 -4.737549
0.803101 0.026733 -0.118896 -1.119297 0.485361 -4.724970
0.573242 0.124512 -0.085205 -1.115737 0.432909 -4.714053
0.536499 0.156860 -0.033936 -1.082984 0.194382 -4.602028
0.432617 0.113403 0.000000 -0.992557 0.119620 -4.502345
0.272217 0.147827 0.057861 -0.829504 -0.000712 -4.419513
0.083862 0.200562 0.089111 -0.564870 -0.309966 -4.217774
-0.091187 0.223389 0.136108 -0.281960 -0.627290 -3.910419
-0.208618 0.273193 0.095459 -0.029193 -0.853238 -3.538981
-0.290771 0.328979 0.060425 0.142642 -0.844219 -3.144047
-0.329956 0.389160 0.027344 0.232831 -0.716293 -2.738432
-0.353516 0.424072 0.007813 0.281011 -0.638683 -2.333055
-0.354614 0.451416 -0.023193 0.306406 -0.673572 -1.952599
-0.362305 0.481079 -0.046387 0.275077 -0.732907 -1.603946
-0.361816 0.505005 -0.048584 0.187024 -0.750233 -1.268821
-0.374023 0.523926 -0.028442 0.073575 -0.667876 -0.952921
-0.381592 0.530151 0.013672 -0.032990 -0.465662 -0.638920
-0.380981 0.534180 0.045044 -0.122942 -0.161391 -0.315425
-0.373779 0.547729 0.073120 -0.187736 0.131961 0.006646
-0.330444 0.571411 0.099854 -0.216454 0.365029 0.291454
-0.286255 0.591553 0.117065 -0.193195 0.510756 0.518826
-0.284058 0.596680 0.116821 -0.115347 0.490820 0.699205
-0.294800 0.623901 0.097534 -0.010206 0.329903 0.876735
-0.276367 0.647827 0.069458 0.099920 0.112499 1.081322
-0.226685 0.655273 0.033569 0.181803 -0.049367 1.334802
-0.190063 0.633667 0.007568 0.219540 -0.131487 1.631952
-0.135864 0.605591 -0.022949 0.219302 -0.124604 1.944054
-0.067627 0.580444 -0.028198 0.184413 -0.000475 2.263040
-0.032349 0.564697 -0.039307 0.156882 0.187024 2.578465
0.017334 0.536499 -0.010986 0.131012 0.324207 2.912877
0.021729 0.487427 -0.037354 0.103006 0.553478 3.260581
0.072388 0.418823 -0.046143 0.059810 0.814077 3.624424
0.169556 0.360962 -0.064453 0.020886 0.820960 3.973551
0.287354 0.302856 -0.050049 -0.014715 0.678081 4.316033
0.411621 0.247803 -0.020508 -0.051740 0.595012 4.622914
0.562012 0.163818 0.009644 -0.015190 0.547544 4.832960
0.743896 0.089844 0.009277 0.100158 0.419855 4.899178
0.956055 0.028198 -0.019165 0.268195 0.023497 4.845302
1.135620 0.014771 -0.057617 0.460678 -0.517164 4.745619
1.242798 -0.006104 -0.086792 0.590265 -0.971196 4.619117
1.283936 -0.068848 -0.116943 0.591927 -1.179344 4.437077
1.329834 -0.076172 -0.128296 0.543984 -1.141607 4.326001
1.580078 -0.122925 -0.064697 0.508146 -0.925627 4.335020
1.740234 -0.140259 -0.003174 0.484649 -0.515028 4.077032
1.858643 -0.154663 0.119507 0.584806 -0.642955 3.651006
1.908569 -0.192505 0.070679 0.855374 -0.319223 3.250375
1.815186 -0.106934 -0.015503 0.997541 0.622544 2.745552
1.745483 -0.234131 -0.067139 0.938681 1.885431 2.382422
1.748413 -0.101440 -0.230835 0.816925 2.363435 2.183293
1.760620 -0.053833 -0.218262 0.623256 1.125942 1.738043
1.771240 -0.032715 -0.281250 0.437418 -0.149524 1.152762
1.699097 -0.018066 -0.319458 0.197704 -0.784410 0.646515
1.650146 -0.021362 -0.281860 -0.107752 -0.964076 0.275552
1.618164 -0.037231 -0.116821 -0.440741 -0.773967 0.030142
1.519897 -0.120728 -0.016968 -0.713682 -0.012816 -0.130537
1.387329 -0.169800 0.069824 -0.659331 0.222863 -0.162815
1.344116 -0.142456 0.114014 -0.500313 0.293827 -0.115585
1.295288 -0.106323 0.105469 -0.280299 0.416058 -0.080933
1.229126 -0.085205 0.054321 -0.084018 0.490108 -0.075949
1.190918 -0.042358 -0.005493 0.069066 0.459253 -0.073575
1.134888 -0.015381 -0.050293 0.144540 0.318985 -0.091613
1.105591 0.018188 -0.111694 0.129113 0.142879 -0.117483
1.107788 0.031982 -0.105469 0.021835 0.027057 -0.120806
1.095581 0.019409 -0.061523 -0.086392 -0.088291 -0.154983
1.065552 0.009521 -0.052368 -0.139319 -0.191059 -0.211470
1.062134 0.006592 -0.026611 -0.168749 -0.225711 -0.234730
1.057007 -0.005981 0.016968 -0.166376 -0.263685 -0.219065
1.037720 -0.014404 0.034546 -0.109414 -0.333938 -0.219065
1.002319 -0.013916 0.016357 -0.029193 -0.354824 -0.204825
0.987183 -0.000854 -0.006348 0.030142 -0.304508 -0.144540
0.988525 0.009399 -0.024292 0.060996 -0.240900 -0.090189
1.000854 0.028320 -0.047607 0.097784 -0.261786 -0.083781
1.001709 0.036499 -0.082397 0.130300 -0.319460 -0.107990
0.985596 0.047119 -0.102295 0.123417 -0.327292 -0.118907
0.982178 0.041626 -0.110596 0.083069 -0.312815 -0.118195
0.984253 0.044922 -0.100830 0.054114 -0.333463 -0.140743
0.974854 0.037720 -0.106323 0.041060 -0.381168 -0.177293
0.979980 0.052246 -0.134644 0.029430 -0.411548 -0.175157
0.954346 0.029663 -0.101440 -0.012342 -0.363131 -0.148575
0.979248 0.036499 -0.081665 -0.035601 -0.247546 -0.136233
0.959473 0.020508 -0.071045 -0.012579 -0.193195 -0.130537
0.968628 0.023315 -0.089600 0.037974 -0.123892 -0.081645
0.973999 0.035156 -0.092651 0.075000 -0.045095 -0.017563
0.993774 0.042725 -0.101807 0.102531 -0.013528 -0.008544
0.997681 0.044678 -0.134399 0.122468 -0.012579 -0.025158
0.995239 0.052002 -0.152466 0.119620 -0.020174 -0.032516
0.998291 0.053955 -0.146973 0.094461 -0.012104 -0.037500
0.992432 0.057739 -0.149414 0.068117 -0.001661 -0.036550
0.998657 0.047241 -0.159424 0.026107 0.089240 0.003797
1.012695 0.042725 -0.147461 -0.019462 0.092800 0.037974
1.008545 0.050171 -0.132813 -0.023497 0.035364 -0.004747
0.992188 0.051514 -0.146973 -0.016851 0.046044 -0.037974
0.986938 0.051147 -0.136963 -0.042247 0.092563 -0.010206
0.989624 0.044678 -0.122803 -0.067167 0.144303 0.019699
1.001587 0.049683 -0.117432 -0.070490 0.176106 0.028718
1.021851 0.046631 -0.117798 -0.073101 0.151423 0.031329
1.027954 0.038940 -0.109497 -0.076661 0.099208 0.038449
1.039917 0.044434 -0.113281 -0.076424 0.104667 0.037974
1.036499 0.041626 -0.110474 -0.071202 0.093987 0.021361
1.042969 0.038086 -0.109741 -0.068591 0.077848 0.006883
1.031250 0.029663 -0.106934 -0.078797 0.076898 0.000712
1.021606 0.031616 -0.089478 -0.095885 0.109889 0.000475
1.007568 0.031738 -0.079956 -0.101819 0.130537 -0.003797
1.008301 0.016846 -0.077515 -0.096835 0.103955 -0.001661
1.027832 0.018188 -0.077759 -0.090427 0.055300 0.010918
1.030151 0.020630 -0.062012 -0.091139 0.059098 0.013528
1.029175 0.014526 -0.058350 -0.080221 0.037262 0.000949
1.026489 0.017944 -0.065186 -0.062895 0.023734 -0.003085
1.027954 0.009399 -0.051758 -0.051740 0.017089 0.007120
1.016602 0.006592 -0.056274 -0.034652 -0.007120 -0.004272
1.025269 0.017822 -0.065430 -0.020411 0.014478 -0.009256
1.024658 0.022949 -0.068970 -0.008782 -0.002373 -0.001424
1.027222 0.031006 -0.075684 -0.000949 -0.025870 -0.006408
1.020264 0.034424 -0.079956 0.003085 -0.054588 -0.028956
1.014771 0.037354 -0.084106 0.000949 -0.070253 -0.041535
