0.846191 0.063477 0.616455 -0.510282 -1.547696 -0.412497
0.892700 0.066284 0.642944 -0.501975 -1.589705 -0.307830
0.965698 0.072266 0.652222 -0.489633 -1.460592 -0.192008
0.805542 0.022339 0.622803 -0.508858 -0.930137 -0.045332
0.958740 0.066162 0.539063 -0.490108 0.058386 0.189398
0.848755 -0.006348 0.570557 -0.611389 -1.295641 0.158781
0.892822 0.198120 0.675659 -0.687100 -1.697695 0.271755
0.969849 0.256226 0.686035 -0.727685 -1.078474 0.461864
1.074951 0.064941 0.736572 -0.652686 -1.240578 0.634173
1.196899 -0.022827 0.702026 -0.571278 -1.536304 0.773017
1.151733 -0.008301 0.633789 -0.524759 -1.795954 0.778713
1.129761 -0.024536 0.600586 -0.360520 -1.814466 0.670486
1.084839 -0.033203 0.530762 -0.080696 -1.733296 0.445725
1.009888 0.001831 0.392090 0.175632 -1.754182 0.094224
0.952026 0.076660 0.235474 0.171597 -1.710037 -0.120332
0.893677 0.147339 0.177612 -0.113211 -1.619847 -0.082357
0.904663 0.137085 0.233643 -0.552528 -1.339074 0.071914
0.984619 0.115967 0.355713 -0.919931 -1.053316 0.193907
1.073608 0.091064 0.493042 -1.027446 -0.790343 0.193670
0.893066 0.068115 0.660034 -0.882194 -0.588129 0.108939
1.160156 0.004150 0.685547 -0.525234 -1.093427 0.107515
1.333252 0.029297 0.709106 -0.332514 -1.112414 0.336074
1.424683 0.006592 0.581665 -0.152847 -1.299675 0.550155
1.572876 -0.005127 0.561646 0.146439 -1.191923 0.558936
1.831421 -0.014160 0.490967 0.464000 -0.745486 0.385915
2.113403 0.091797 0.564697 0.639869 -0.013528 0.141455
2.323608 0.111328 0.494629 0.564395 0.333700 -0.142879
2.478149 -0.052612 0.543945 0.482038 0.452133 -0.552766
2.489868 -0.022949 0.538452 0.376422 0.289555 -1.126180
2.420532 0.005371 0.555176 0.377371 -0.183701 -1.802599
2.328491 0.018066 0.557617 0.433146 -0.683777 -2.470712
2.211792 -0.057007 0.522949 0.462814 -0.889314 -3.060740
2.025879 -0.120728 0.500977 0.505772 -0.852052 -3.589297
1.810913 -0.151733 0.446167 0.588604 -0.739790 -4.015798
1.613403 -0.144043 0.351685 0.681641 -0.563446 -4.318644
1.431274 -0.135620 0.250488 0.753081 -0.408937 -4.516823
1.293091 -0.113525 0.168091 0.798650 -0.424364 -4.714290
1.155396 -0.119263 0.075195 0.780850 -0.562734 -4.889210
0.996460 -0.128662 -0.013916 0.642005 -0.462339 -5.001472
0.842896 -0.166748 -0.073242 0.400156 -0.270568 -5.031614
0.637085 -0.176514 -0.063599 0.110601 -0.193670 -5.035649
0.483398 -0.209351 -0.078735 -0.134335 -0.312815 -5.111598
0.302124 -0.018799 0.022705 -0.278163 -0.328716 -5.243559
0.145264 -0.018433 0.021362 -0.263210 -0.686625 -5.132958
0.071045 -0.074829 0.034302 -0.187261 -1.096987 -4.904874
-0.013184 -0.064941 0.047974 -0.054351 -1.473646 -4.769353
-0.083862 -0.043701 0.047729 0.060522 -1.668977 -4.632408
-0.132935 -0.039673 0.092407 0.109889 -1.606082 -4.462234
-0.180542 -0.037109 0.148193 0.136471 -1.435671 -4.239847
-0.238403 -0.052856 0.181641 0.143591 -1.184328 -3.940086
-0.287598 -0.028687 0.176636 0.103718 -0.889077 -3.571259
-0.341431 -0.012939 0.161499 0.001424 -0.556800 -3.191278
-0.381714 0.047241 0.186890 -0.060284 -0.370726 -2.823637
-0.441528 0.073608 0.207520 -0.122230 -0.451896 -2.448877
-0.471069 0.112549 0.226685 -0.114635 -0.786546 -2.049196
-0.503662 0.143677 0.270508 -0.055775 -1.178869 -1.637173
-0.551392 0.157715 0.319824 0.029193 -1.495244 -1.229423
-0.585327 0.160156 0.353149 0.089003 -1.661619 -0.855849
-0.600342 0.191772 0.358521 0.177293 -1.654737 -0.518589
-0.581543 0.241333 0.338745 0.297862 -1.450149 -0.210046
-0.545898 0.276611 0.320190 0.417719 -1.141844 0.104904
-0.464966 0.322021 0.299927 0.539474 -0.890263 0.424364
-0.460815 0.316284 0.256348 0.671673 -0.687337 0.775628
-0.463379 0.320435 0.173828 0.804821 -0.502687 1.167952
-0.414795 0.349121 0.084717 0.924915 -0.368352 1.577126
-0.424927 0.358398 0.056274 1.074914 -0.210996 2.027598
-0.386841 0.380005 0.027100 1.147066 -0.093749 2.459795
-0.375732 0.377808 -0.014771 1.150626 -0.002611 2.893415
-0.350342 0.307251 -0.036987 1.116211 0.065506 3.280280
-0.292358 0.234375 -0.058472 1.070879 0.127689 3.685895
-0.147827 0.250366 -0.134521 1.162255 -0.053639 4.057332
0.098511 0.269653 -0.142456 1.548883 -0.280062 4.237236
0.270264 0.206177 -0.117188 1.965652 -0.252530 4.353058
0.417236 0.244141 -0.207886 2.286536 0.082120 4.692217
0.535522 0.265747 -0.223633 2.569683 0.792717 5.070301
0.783691 0.205566 -0.122070 2.570870 2.319289 5.203211
1.008789 0.166748 -0.128906 1.815653 3.928931 5.491817
1.258545 0.118774 -0.235107 0.597386 5.495615 6.112225
1.499512 0.173706 0.000122 -0.370963 6.422666 6.444738
1.866699 0.108765 0.266113 -1.040974 6.337461 6.230183
1.889038 0.255005 0.591187 -1.412649 5.483510 5.618082
2.017578 0.261108 0.725098 -1.320799 3.564376 4.941899
2.143188 0.390869 0.576294 -0.800549 1.769372 4.043092
1.976196 0.411865 0.350586 -0.351976 1.348093 3.093256
1.764038 0.370361 0.215332 -0.300235 1.208299 2.329732
1.599976 0.340332 0.061646 -0.462102 0.715106 1.800463
1.432495 0.244873 0.208374 -0.679268 0.306644 1.464390
1.463257 0.139526 0.338501 -0.791767 -1.238204 1.233932
1.493286 0.223145 0.157715 -0.651736 -2.736533 0.988285
1.655029 0.131714 0.149658 -0.501500 -3.323239 0.837811
1.599609 0.139160 0.135498 -0.421279 -3.354330 0.663603
1.649292 0.109009 0.226318 -0.511468 -2.779967 0.570091
1.639893 0.080811 0.316284 -0.614711 -2.288435 0.594300
1.596191 0.026855 0.325073 -0.572702 -1.994133 0.538762
1.525391 0.014282 0.299072 -0.381881 -1.832267 0.488684
1.446655 0.026123 0.258789 -0.175869 -1.672537 0.448336
1.367065 0.014282 0.176392 -0.034889 -1.366368 0.418906
1.323730 0.034668 0.081421 0.066218 -0.981402 0.425076
1.300781 0.063477 0.025269 0.134097 -0.719616 0.424839
1.274658 0.075439 -0.045532 0.165426 -0.697068 0.390187
1.270996 0.112671 -0.122559 0.175869 -0.792717 0.306169
1.243774 0.116211 -0.177124 0.138132 -0.770881 0.215980
1.214355 0.124023 -0.192505 0.043908 -0.521911 0.108465
1.203247 0.113159 -0.130127 -0.113449 -0.126028 0.005221
1.202026 0.091431 -0.099365 -0.233543 0.114635 -0.078797
1.168457 0.062134 -0.072388 -0.290979 0.215030 -0.146439
1.119995 0.026733 -0.051392 -0.300473 0.191059 -0.181565
1.092163 0.020996 -0.042236 -0.277451 0.134809 -0.190822
1.066040 0.040039 -0.058716 -0.224049 0.084018 -0.163527
1.064453 0.053955 -0.077271 -0.166138 0.084730 -0.089952
1.065430 0.069214 -0.098511 -0.149050 0.141692 -0.032990
1.076904 0.072754 -0.100586 -0.190584 0.210996 -0.027531
1.071411 0.078979 -0.101074 -0.247309 0.257040 -0.055775
1.058594 0.080933 -0.088379 -0.297150 0.271280 -0.097784
1.033203 0.075195 -0.076294 -0.327292 0.253242 -0.137657
1.016602 0.071167 -0.061768 -0.344143 0.195331 -0.169698
1.019287 0.066650 -0.054199 -0.361469 0.094461 -0.189635
1.027222 0.058960 -0.047607 -0.373811 -0.005934 -0.212420
1.037476 0.066650 -0.040405 -0.376896 -0.065031 -0.234730
1.024780 0.066406 -0.048340 -0.374286 -0.079746 -0.258938
1.022339 0.062988 -0.023560 -0.386390 -0.030142 -0.263685
1.046021 0.026733 -0.002930 -0.398257 -0.046519 -0.239476
1.041870 0.038452 0.001343 -0.386627 -0.068829 -0.235916
1.032593 0.064819 0.015869 -0.350552 -0.009731 -0.237340
1.035034 0.067383 0.023438 -0.317087 0.031092 -0.247546
1.034302 0.073975 0.021606 -0.289555 0.024683 -0.277451
1.028076 0.080078 0.024048 -0.277213 0.005934 -0.299523
1.018799 0.096802 0.024414 -0.282910 0.016851 -0.307830
0.999878 0.106567 0.023682 -0.299286 0.060522 -0.320647
0.981079 0.119873 0.022339 -0.314239 0.108227 -0.337261
0.978638 0.127075 0.016357 -0.318036 0.134809 -0.357909
0.973755 0.116577 -0.008423 -0.323732 0.137420 -0.379032
0.973511 0.107544 -0.023193 -0.342482 0.184651 -0.371912
0.971313 0.105957 -0.016113 -0.363843 0.291691 -0.326106
0.990234 0.114624 0.005493 -0.389713 0.390662 -0.299286
1.006592 0.127197 0.017212 -0.405377 0.369776 -0.315663
1.017334 0.134766 0.023071 -0.401105 0.218353 -0.364317
1.020386 0.134521 0.027100 -0.406089 0.028481 -0.418431
1.014526 0.135498 0.043457 -0.432434 -0.089952 -0.455219
1.010254 0.139648 0.059937 -0.446200 -0.104192 -0.475155
0.990356 0.142212 0.071655 -0.435994 -0.088528 -0.492244
0.983398 0.148438 0.069702 -0.404428 -0.089715 -0.505297
0.974487 0.143799 0.062988 -0.361707 -0.064794 -0.511231
0.966187 0.158325 0.064819 -0.318985 0.016376 -0.503873
0.950562 0.168213 0.059692 -0.298811 0.103006 -0.481326
0.949829 0.175659 0.048706 -0.298811 0.141692 -0.445013
0.950684 0.194214 0.044067 -0.302846 0.150711 -0.401817
0.954102 0.205811 0.040894 -0.298337 0.135996 -0.367877
0.962158 0.222534 0.035156 -0.282672 0.125553 -0.339871
0.946899 0.246704 0.032104 -0.263448 0.144066 -0.316375
