0.966919 -0.020142 -0.023193 -0.220726 0.461152 0.269144
1.010376 0.015747 0.006226 -0.316375 0.703002 0.417956
1.066772 0.026489 0.060791 -0.377846 0.888127 0.524047
1.054565 0.049072 0.139648 -0.375947 0.846830 0.555851
0.894165 0.069824 0.234863 -0.276501 0.421991 0.652448
1.029053 -0.117432 0.251831 0.012816 -0.301659 0.827131
1.127197 -0.066895 0.001587 0.262498 -0.946276 0.822621
1.198975 -0.015625 -0.015381 0.276264 -0.873412 0.919219
1.384888 -0.005981 0.002930 0.172309 -0.795565 0.951972
1.556885 0.009155 0.002563 0.094936 -0.743350 0.779663
1.623413 -0.000732 -0.003540 0.064319 -0.648176 0.468272
1.642578 -0.020142 0.010010 0.032753 -0.546120 0.137420
1.650757 -0.063477 0.041870 0.002373 -0.432909 -0.136945
1.653564 -0.124878 0.061157 0.016614 -0.338685 -0.357434
1.665894 -0.179443 0.056274 0.098022 -0.330852 -0.532592
1.683716 -0.224243 0.011230 0.226897 -0.393748 -0.678319
1.706665 -0.217041 -0.074951 0.348653 -0.469222 -0.795565
1.772339 -0.179688 -0.145996 0.388051 -0.512892 -0.901656
1.833496 -0.149170 -0.213379 0.346517 -0.546595 -1.070642
1.864380 -0.137451 -0.261597 0.243986 -0.543747 -1.318900
1.871582 -0.144409 -0.300415 0.101344 -0.514079 -1.616525
1.850586 -0.112549 -0.328003 -0.050316 -0.445962 -1.951174
1.797852 -0.091187 -0.367188 -0.207673 -0.358146 -2.307185
1.725464 -0.096680 -0.399292 -0.406327 -0.241138 -2.641360
1.617188 -0.114990 -0.405396 -0.636784 -0.080221 -2.961057
1.453613 -0.167358 -0.395508 -0.860359 0.107278 -3.226404
1.277100 -0.188599 -0.366699 -1.034329 0.313289 -3.406070
1.090576 -0.207642 -0.351074 -1.134961 0.443826 -3.495548
0.828613 -0.187256 -0.369751 -1.195720 0.463763 -3.480833
0.765259 -0.116333 -0.370483 -1.295641 0.410361 -3.289536
0.695801 -0.070435 -0.341187 -1.455608 0.305694 -3.103224
0.610962 -0.022827 -0.303345 -1.605132 0.177768 -3.022528
0.492676 0.005737 -0.278076 -1.733533 0.058860 -2.939934
0.417114 0.008423 -0.205566 -1.852441 0.034889 -2.819840
0.326538 0.010254 -0.131836 -1.920795 -0.018987 -2.701170
0.240356 0.029053 -0.076904 -1.926491 -0.068591 -2.552120
0.170288 0.049194 -0.022827 -1.905843 -0.056012 -2.359162
0.110107 0.070313 0.030762 -1.862172 0.059335 -2.151252
0.060059 0.106079 0.078857 -1.782188 0.199841 -1.943105
0.016724 0.141602 0.114136 -1.659958 0.280774 -1.738992
-0.034180 0.171631 0.134033 -1.516130 0.252055 -1.533456
-0.078735 0.209473 0.136841 -1.387491 0.179667 -1.314865
-0.113647 0.230347 0.154541 -1.280926 0.149999 -1.071117
-0.125977 0.253662 0.179321 -1.166765 0.111550 -0.807194
-0.145996 0.265625 0.192749 -1.034092 0.042247 -0.548019
-0.160034 0.279907 0.213745 -0.913285 -0.028481 -0.300947
-0.182861 0.273071 0.234619 -0.801498 -0.129350 -0.055300
-0.197388 0.252319 0.247314 -0.694695 -0.265109 0.214793
-0.168945 0.225952 0.271484 -0.566531 -0.413684 0.528794
-0.098145 0.235718 0.272461 -0.391137 -0.566294 0.865817
-0.021729 0.229858 0.263916 -0.204350 -0.695170 1.175784
0.055298 0.210693 0.245117 -0.052215 -0.745011 1.449437
0.134399 0.166992 0.228149 0.080458 -0.738840 1.706951
0.214233 0.125488 0.207031 0.221676 -0.714632 1.990810
0.309448 0.092163 0.204590 0.393273 -0.641056 2.290571
0.379150 0.064087 0.198242 0.617559 -0.534965 2.570870
0.447388 0.064331 0.189819 0.875548 -0.499127 2.811533
0.508423 0.049316 0.178711 1.132588 -0.641531 2.973162
0.569580 0.027710 0.124390 1.373488 -0.998728 3.096341
0.668457 0.014404 0.110840 1.594215 -1.224913 3.203856
0.734131 -0.044800 0.055420 1.762726 -0.881719 3.322052
0.815918 -0.093506 0.022705 1.880447 -0.680929 3.486054
0.894409 -0.136719 -0.031250 1.965890 -0.780612 3.667145
1.008179 -0.135864 -0.108765 2.021427 -0.921830 3.807413
1.116943 -0.100586 -0.193359 2.001491 -0.940342 3.892143
1.201416 -0.086670 -0.262573 1.860273 -0.875074 3.883599
1.277222 -0.111816 -0.323975 1.638835 -0.826894 3.816432
1.379028 -0.117432 -0.380127 1.391289 -0.833064 3.739296
1.531616 -0.105103 -0.450073 1.119297 -0.895960 3.655990
1.678833 -0.089111 -0.495239 0.810042 -1.018664 3.512874
1.822388 -0.095337 -0.509277 0.486310 -1.137097 3.264853
1.929321 -0.136353 -0.528076 0.209809 -1.221116 2.937323
2.027100 -0.180298 -0.538086 0.002373 -1.313916 2.584398
2.133789 -0.228149 -0.556519 -0.156407 -1.414073 2.226964
2.221191 -0.260986 -0.585693 -0.289318 -1.510434 1.877836
2.299805 -0.283691 -0.633789 -0.397308 -1.576177 1.525623
2.327393 -0.313110 -0.677002 -0.497703 -1.535354 1.192160
2.317017 -0.306030 -0.709717 -0.609253 -1.318425 0.857985
2.301025 -0.285889 -0.739502 -0.751419 -1.096512 0.528082
2.258789 -0.265747 -0.748169 -0.929899 -0.908776 0.192246
2.190674 -0.244263 -0.717163 -1.140895 -0.649126 -0.151423
2.093628 -0.246582 -0.679199 -1.358061 -0.295726 -0.504111
1.986450 -0.247559 -0.639771 -1.553155 -0.026107 -0.839947
1.877686 -0.256226 -0.574829 -1.712173 0.075949 -1.155847
1.789673 -0.242554 -0.542603 -1.827757 0.169224 -1.443741
1.696777 -0.239258 -0.489868 -1.931713 0.280062 -1.706239
1.618164 -0.219971 -0.449219 -2.008611 0.275552 -1.953310
1.535278 -0.208008 -0.426758 -2.072455 0.253717 -2.197059
1.439819 -0.201172 -0.418213 -2.144369 0.288131 -2.422058
1.343018 -0.189575 -0.393433 -2.222929 0.290267 -2.606708
1.241211 -0.182861 -0.376343 -2.324036 0.259650 -2.759556
1.150269 -0.178467 -0.337646 -2.416124 0.245647 -2.898162
1.057007 -0.165894 -0.296387 -2.494209 0.219777 -2.999032
0.961426 -0.154541 -0.241577 -2.535269 0.210758 -3.081626
0.855591 -0.136597 -0.190552 -2.542626 0.234018 -3.131943
0.754272 -0.111206 -0.142334 -2.530760 0.318748 -3.136214
0.624634 -0.106689 -0.105591 -2.498007 0.465424 -3.110582
0.486572 -0.104126 -0.086304 -2.427279 0.576500 -3.049823
0.380859 -0.061768 -0.081177 -2.343735 0.613050 -2.927593
0.286377 -0.031006 -0.054077 -2.279179 0.609015 -2.750536
0.238159 0.003052 -0.021973 -2.222929 0.567006 -2.529810
0.226074 0.041016 0.022705 -2.142946 0.502212 -2.290571
0.219849 0.087402 0.049561 -2.030921 0.477291 -2.081237
0.201050 0.117432 0.088989 -1.921982 0.548256 -1.921982
0.166504 0.134521 0.116699 -1.819213 0.642243 -1.795005
0.117432 0.145630 0.135498 -1.703154 0.687100 -1.666841
0.051758 0.157104 0.153442 -1.578788 0.653872 -1.514706
0.011597 0.186768 0.166504 -1.445640 0.532117 -1.336700
-0.031738 0.215698 0.165405 -1.309406 0.378320 -1.151100
-0.059448 0.240723 0.179443 -1.182904 0.222388 -0.964788
-0.063965 0.254150 0.186523 -1.075863 0.090189 -0.757353
-0.056763 0.277344 0.181030 -0.970722 0.034414 -0.532829
-0.045166 0.284668 0.185303 -0.879108 0.027531 -0.318511
-0.052612 0.248169 0.199219 -0.800549 0.024683 -0.123892
-0.053223 0.257935 0.213867 -0.720565 0.025158 0.094224
-0.043335 0.241699 0.229614 -0.619695 -0.000949 0.310204
-0.024902 0.204590 0.243408 -0.509570 -0.027057 0.517877
-0.003540 0.187744 0.251831 -0.383305 -0.006883 0.737179
0.033081 0.184570 0.262085 -0.239714 0.009968 0.957905
0.076050 0.174805 0.261597 -0.097547 -0.040348 1.162493
0.118164 0.166870 0.253052 0.043196 -0.109651 1.351178
0.168701 0.150024 0.238037 0.167800 -0.122230 1.551968
0.225098 0.131226 0.224487 0.264872 -0.074525 1.776492
0.319580 0.123779 0.203613 0.347704 -0.007595 1.995082
0.394531 0.117188 0.195923 0.404191 -0.079984 2.192312
0.463501 0.136230 0.147705 0.467560 -0.290505 2.310508
0.518066 0.110352 0.133789 0.490345 -0.131487 2.334004
0.571411 0.047485 0.143066 0.467798 0.264872 2.368893
0.669312 0.002930 0.172974 0.452371 0.581721 2.476171
0.787598 -0.042969 0.199219 0.463526 0.874362 2.664382
0.920044 -0.040771 0.192261 0.507671 1.108379 2.908130
1.082642 -0.044312 0.207886 0.564395 0.968348 3.113667
1.257446 -0.039063 0.172974 0.651024 0.473019 3.131943
1.399902 0.016968 0.071899 0.717005 0.051740 2.984792
1.523071 0.035278 0.024414 0.724837 -0.117483 2.774745
1.634766 0.034912 -0.016479 0.686625 -0.222388 2.561614
1.737061 0.039307 -0.030029 0.624205 -0.325631 2.320001
1.807251 0.051270 -0.049194 0.566057 -0.386627 2.047772
1.875977 0.089355 -0.063232 0.515028 -0.377371 1.762726
1.890137 0.080444 -0.088867 0.446200 -0.257040 1.470086
1.871704 0.088257 -0.100830 0.395646 -0.118433 1.226812
1.815063 0.090332 -0.122070 0.378083 -0.013291 0.980690
1.763062 0.084961 -0.131348 0.367403 0.065031 0.763998
1.732910 0.080566 -0.136475 0.346754 0.097310 0.603319
1.696289 0.090454 -0.151855 0.331564 0.196043 0.465899
1.631226 0.100586 -0.158936 0.309966 0.362893 0.324207
1.564331 0.098877 -0.162476 0.255853 0.517164 0.185600
1.491089 0.083862 -0.153076 0.168986 0.612338 0.068354
1.433350 0.067993 -0.131348 0.087341 0.627528 -0.014003
1.380737 0.058472 -0.107666 0.035364 0.602132 -0.063607
