1.008301 -0.109375 -0.248657 -0.124841 0.460915 0.051978
1.010254 -0.107666 -0.215820 -0.122468 0.520725 0.099683
1.023560 -0.144287 -0.184326 -0.049367 0.468035 0.121281
1.111084 -0.122681 -0.213379 0.036550 0.445725 0.201739
1.114258 -0.148804 -0.175171 0.060996 0.439317 0.193432
1.166382 -0.148926 -0.193481 0.194619 0.119145 0.137420
1.191650 -0.212402 -0.325562 0.283859 -0.014715 0.075712
1.225952 -0.100830 -0.186523 0.183227 0.269144 -0.006171
1.162476 -0.039063 -0.044312 0.190110 0.711071 -0.019462
1.312256 -0.083862 -0.089966 0.437893 0.348653 0.148575
1.474487 -0.109009 -0.159546 0.675233 -0.174920 0.145727
1.519165 -0.107910 -0.200928 0.785596 -0.226185 -0.114398
1.469116 -0.123657 -0.224609 0.830691 -0.086155 -0.440741
1.404785 -0.149658 -0.259399 0.871276 -0.044145 -0.669537
1.395020 -0.149170 -0.312500 0.889551 -0.154746 -0.770644
1.403198 -0.121216 -0.349731 0.836862 -0.257752 -0.844219
1.414795 -0.104248 -0.400513 0.723888 -0.246834 -0.929425
1.410400 -0.094727 -0.447632 0.561547 -0.193907 -1.036940
1.412231 -0.078613 -0.465332 0.358384 -0.062658 -1.156322
1.395996 -0.067993 -0.474121 0.136708 0.046519 -1.295403
1.377686 -0.046509 -0.480469 -0.066930 0.086867 -1.453947
1.345947 -0.033936 -0.470215 -0.258464 0.121518 -1.637648
1.327393 -0.017212 -0.434204 -0.451659 0.214081 -1.803074
1.291748 -0.020874 -0.403076 -0.632987 0.373099 -1.963042
1.212769 -0.041626 -0.351563 -0.777527 0.426738 -2.108294
1.163818 -0.043335 -0.316040 -0.855137 0.229508 -2.170239
1.139282 -0.032471 -0.312256 -0.868903 -0.012104 -2.202992
1.121704 -0.041626 -0.316895 -0.865580 -0.126740 -2.254970
1.089966 -0.078003 -0.324951 -0.861071 -0.111787 -2.298403
1.036987 -0.091064 -0.309937 -0.835438 0.048892 -2.303150
0.975586 -0.059692 -0.285400 -0.769220 0.315900 -2.277043
0.945923 -0.012939 -0.301514 -0.676657 0.552291 -2.237644
0.977417 0.044678 -0.349976 -0.613287 0.619695 -2.220318
1.001953 0.109131 -0.399292 -0.622306 0.588367 -2.278941
1.003174 0.147705 -0.438232 -0.709647 0.544696 -2.417785
0.982422 0.155273 -0.456909 -0.857748 0.509095 -2.607183
0.805786 0.171997 -0.333862 -1.048569 0.407039 -2.777356
0.870483 0.146606 -0.407715 -1.120958 -0.090427 -2.760267
0.845093 0.153564 -0.453491 -1.284011 -0.014240 -2.798954
0.757202 0.179932 -0.385132 -1.554342 0.132436 -2.856390
0.667847 0.164063 -0.357666 -1.769135 0.329191 -2.826485
0.585327 0.140015 -0.348999 -1.954260 0.557750 -2.764302
0.487793 0.161011 -0.320190 -2.124433 0.814077 -2.673164
0.368652 0.183472 -0.287720 -2.266362 1.150388 -2.521029
0.273682 0.181641 -0.224243 -2.383371 1.384643 -2.332818
0.210815 0.172241 -0.105103 -2.381472 1.031006 -2.015256
0.040039 0.159790 -0.131958 -2.286536 0.681879 -1.625781
-0.090210 0.206543 -0.087769 -2.227676 0.803634 -1.395561
-0.214233 0.210205 0.005493 -2.176410 1.131401 -1.209486
-0.324951 0.231812 0.076782 -2.118025 1.256480 -1.040737
-0.390381 0.227905 0.141235 -2.021902 1.151100 -0.818587
-0.403564 0.230469 0.189575 -1.862647 0.849678 -0.452845
-0.408569 0.222412 0.213501 -1.646667 0.485598 0.006883
-0.379517 0.212036 0.260864 -1.423330 0.195806 0.487260
-0.324707 0.192993 0.306885 -1.206163 0.028481 0.927051
-0.227417 0.184326 0.337158 -0.973807 -0.007595 1.345719
-0.110107 0.184448 0.355591 -0.745961 0.009731 1.815416
0.035278 0.193604 0.368530 -0.569617 -0.070727 2.298166
0.155884 0.156860 0.381104 -0.397070 -0.262736 2.709002
0.305664 0.203979 0.377075 -0.196755 -0.345567 2.984554
0.428467 0.152344 0.371460 0.031804 -0.449522 3.075693
0.510132 0.135742 0.333862 0.258938 -0.624205 3.169442
0.599731 0.118408 0.302612 0.416770 -0.866292 3.300929
0.661621 0.054810 0.264526 0.490820 -0.832115 3.482257
0.726563 0.030884 0.249146 0.557038 -0.685676 3.719360
0.792603 -0.049194 0.182495 0.700629 -0.845406 3.929406
0.898438 -0.055176 0.171997 0.818349 -1.285910 4.143961
1.012329 -0.096680 0.157959 0.900706 -1.629816 4.293486
1.156738 -0.150391 0.116943 1.015104 -1.833928 4.328137
1.333130 -0.175781 0.078613 1.135911 -1.949513 4.295147
1.544189 -0.116821 -0.030273 1.227049 -2.119449 4.219198
1.740112 -0.090454 -0.104492 1.257903 -2.488513 4.061130
1.870361 -0.038574 -0.164551 1.216844 -2.508450 3.832808
1.926514 -0.014282 -0.219849 1.063997 -2.054892 3.484867
1.914795 -0.011597 -0.284302 0.861308 -1.625069 3.042465
1.861816 -0.042358 -0.356201 0.622781 -1.392713 2.660822
1.821533 -0.086426 -0.412476 0.357909 -1.271907 2.354890
1.813110 -0.105347 -0.415527 0.072389 -1.235594 2.083610
1.823120 -0.130005 -0.365845 -0.200315 -1.196195 1.804498
1.828491 -0.177124 -0.285767 -0.411785 -1.105768 1.560987
1.831421 -0.223511 -0.221313 -0.538525 -0.918270 1.359960
1.820435 -0.254272 -0.217773 -0.584569 -0.634173 1.167952
1.819458 -0.288330 -0.197021 -0.588841 -0.523810 0.944614
1.807739 -0.317261 -0.207031 -0.524047 -0.592401 0.681167
1.815308 -0.299561 -0.243652 -0.416058 -0.737891 0.428874
1.824707 -0.310669 -0.277344 -0.353874 -0.868428 0.198654
1.898804 -0.336182 -0.326660 -0.347704 -0.994218 -0.017801
1.958252 -0.276123 -0.380859 -0.364080 -0.996355 -0.346754
1.954590 -0.228027 -0.404297 -0.406801 -0.946038 -0.754267
1.902832 -0.215210 -0.440308 -0.468747 -0.971434 -1.113363
1.836182 -0.207153 -0.462891 -0.584332 -1.021038 -1.470560
1.764893 -0.197998 -0.475342 -0.718192 -1.048095 -1.820400
1.697632 -0.198608 -0.491333 -0.863444 -0.978079 -2.115889
1.642090 -0.201172 -0.452026 -1.062335 -0.764473 -2.335191
1.568237 -0.208740 -0.428589 -1.223489 -0.501975 -2.541914
1.491089 -0.204834 -0.420898 -1.300387 -0.301185 -2.768574
1.437988 -0.166504 -0.435669 -1.331004 -0.236628 -3.004728
1.365479 -0.135498 -0.449219 -1.377286 -0.318036 -3.247764
1.266235 -0.129639 -0.463867 -1.471272 -0.487497 -3.487241
1.159912 -0.130493 -0.477783 -1.646430 -0.730533 -3.698948
1.037964 -0.134644 -0.457397 -1.826571 -0.945089 -3.886684
0.922852 -0.139893 -0.404907 -1.953548 -1.153236 -4.027427
0.793457 -0.146362 -0.347290 -2.042788 -1.330530 -4.064452
0.665894 -0.148682 -0.309326 -2.118974 -1.434010 -3.934153
0.558105 -0.133301 -0.276978 -2.188277 -1.507348 -3.659550
0.458740 -0.085449 -0.264404 -2.242154 -1.575227 -3.322289
0.380859 -0.034668 -0.268311 -2.290097 -1.626968 -2.996421
0.347046 0.034180 -0.272217 -2.290571 -1.586857 -2.746264
0.324707 0.102539 -0.235352 -2.245002 -1.503551 -2.640648
0.284790 0.135254 -0.180786 -2.201806 -1.403156 -2.653702
0.235352 0.147949 -0.091309 -2.120636 -1.223014 -2.669841
0.236816 0.168091 -0.034424 -1.974196 -0.911149 -2.608132
0.223633 0.194092 -0.046875 -1.788359 -0.530456 -2.437722
0.191406 0.240723 -0.089233 -1.618898 -0.136233 -2.206078
0.124878 0.275146 -0.098511 -1.512095 0.273179 -1.960905
0.070801 0.306519 -0.098389 -1.484089 0.663841 -1.700306
0.027832 0.345703 -0.104126 -1.513282 0.940342 -1.429738
-0.015991 0.358521 -0.090210 -1.531082 1.083221 -1.191211
-0.050171 0.375000 -0.076416 -1.490734 1.096512 -0.982114
-0.082397 0.405273 -0.063965 -1.431399 1.048569 -0.786308
-0.115723 0.444580 -0.067261 -1.370640 0.965500 -0.607354
-0.189453 0.454468 -0.032471 -1.336938 0.821435 -0.444064
-0.233032 0.462280 0.006226 -1.297777 0.685676 -0.235204
-0.254395 0.448242 0.046997 -1.264549 0.505297 0.017089
-0.258179 0.407837 0.071655 -1.232983 0.365029 0.319935
-0.253540 0.365601 0.088989 -1.206163 0.287182 0.683303
-0.233643 0.329346 0.104492 -1.129502 0.261312 1.089867
-0.204102 0.308594 0.135254 -1.000152 0.250157 1.500465
-0.164429 0.315063 0.176514 -0.839473 0.186787 1.904656
-0.119507 0.311035 0.209717 -0.639157 0.109177 2.273245
-0.036865 0.292236 0.220093 -0.388051 -0.047705 2.595553
0.076172 0.283813 0.215820 -0.131487 -0.219777 2.882498
0.155640 0.255371 0.173584 0.119620 -0.347466 3.141436
0.267212 0.228638 0.104004 0.336074 -0.388051 3.398950
0.421631 0.200073 0.056274 0.475393 -0.384017 3.656702
0.580200 0.191772 0.041504 0.543035 -0.329666 3.891906
0.737549 0.169067 0.049805 0.565582 -0.191771 4.072047
0.889771 0.143677 0.057617 0.606167 -0.031329 4.163423
1.040771 0.110840 0.040649 0.704901 0.087104 4.181224
1.222656 0.093872 0.013550 0.820485 0.138369 4.134943
1.389404 0.109741 -0.010132 0.916134 0.148812 4.013187
1.532349 0.063110 -0.059204 1.001339 0.137183 3.810498
1.618164 0.034302 -0.161621 1.072303 0.220489 3.530437
1.644043 0.030518 -0.247437 1.110753 0.312102 3.165882
1.668701 0.072632 -0.351929 1.085594 0.247071 2.789460
1.706299 0.093506 -0.370239 0.951735 0.101582 2.465254
1.745850 0.103394 -0.364868 0.796514 0.053876 2.148879
1.805054 0.091309 -0.363647 0.622781 0.122230 1.781713
1.854736 0.084961 -0.364868 0.510519 0.202214 1.524199
1.887939 0.107910 -0.400757 0.437181 0.249682 1.387729
