0.799072 0.190918 -0.653931 -0.162815 0.451421 -0.036076
0.790894 0.188721 -0.641235 -0.250869 0.538525 -0.006883
0.635010 0.333862 -0.555176 -0.320172 0.528319 0.048892
0.878174 0.061523 -0.667358 -0.333938 0.403241 0.237578
0.854980 0.198364 -0.561279 -0.403478 0.417007 0.130774
0.869385 0.186890 -0.557007 -0.363843 0.436231 0.065269
0.885376 0.176514 -0.537354 -0.304508 0.321121 0.050791
0.870972 0.189819 -0.533325 -0.238052 0.248021 0.007120
0.866455 0.176147 -0.538452 -0.159255 0.176106 0.002611
0.881226 0.186523 -0.535400 -0.083781 0.131487 0.011630
0.876587 0.184326 -0.530273 -0.014240 0.069778 -0.000712
0.853760 0.181030 -0.536865 0.037974 -0.015664 -0.019699
0.839722 0.178955 -0.552368 0.081170 -0.089952 -0.016376
0.826294 0.174072 -0.574707 0.106091 -0.138132 0.013766
0.815796 0.173706 -0.556885 0.102768 -0.110601 0.069778
0.809204 0.167236 -0.528076 0.125790 -0.156645 0.128164
0.818359 0.191040 -0.559448 0.181803 -0.220252 0.192720
0.823975 0.196899 -0.565796 0.199128 -0.151660 0.245885
0.815674 0.197021 -0.559082 0.197230 -0.072863 0.294065
0.838013 0.167969 -0.577515 0.194382 -0.057911 0.354586
0.885742 0.142944 -0.555542 0.188211 -0.034652 0.405377
0.958618 0.202637 -0.552490 0.201977 0.004747 0.396358
0.954834 0.207886 -0.542847 0.262736 -0.171597 0.289080
0.892822 0.171753 -0.568115 0.354112 -0.366453 0.162103
0.878418 0.164429 -0.617432 0.435757 -0.396833 0.114635
0.909668 0.188110 -0.643799 0.465899 -0.409412 0.163053
0.976807 0.204102 -0.683960 0.466848 -0.387339 0.236628
1.060913 0.212158 -0.723999 0.464712 -0.351264 0.287419
1.177734 0.249634 -0.805176 0.444064 -0.273179 0.312102
1.157715 0.214600 -0.828003 0.377846 -0.165901 0.281723
1.238525 0.306152 -0.774902 0.323495 -0.240663 0.314239
1.503662 0.374390 -0.811401 0.335124 -0.113686 0.359808
1.667114 0.341187 -0.877808 0.426975 -0.012579 0.196992
1.767334 0.340820 -1.017456 0.528319 -0.009968 -0.132673
1.793335 0.369751 -1.118652 0.501500 -0.032278 -0.546832
1.744263 0.450195 -1.172485 0.395172 -0.055063 -0.921830
1.772339 0.443848 -1.251831 0.344381 -0.184651 -1.117635
1.843872 0.423706 -1.322632 0.350314 -0.309254 -1.256954
1.841187 0.432495 -1.392334 0.336074 -0.329428 -1.451336
1.779297 0.436890 -1.452881 0.226423 -0.207673 -1.636224
1.687012 0.373535 -1.486694 -0.005459 -0.058148 -1.718106
1.601196 0.298584 -1.474365 -0.337973 0.093275 -1.729261
1.505371 0.231445 -1.429321 -0.688762 0.207435 -1.774593
1.398560 0.171997 -1.385986 -0.976655 0.262498 -1.893501
1.276733 0.137573 -1.327759 -1.217081 0.304033 -2.082661
1.115601 0.111328 -1.254028 -1.446352 0.299998 -2.286774
0.929565 0.063721 -1.214722 -1.649040 0.145727 -2.411377
0.758911 0.047363 -1.172974 -1.816840 -0.008544 -2.457421
0.583740 0.021240 -1.137695 -1.969212 -0.063845 -2.452912
0.408325 -0.014526 -1.082520 -2.144844 -0.094936 -2.387169
0.248047 -0.056763 -1.008057 -2.358688 -0.120806 -2.261141
0.092407 -0.049683 -0.895630 -2.610268 -0.155221 -2.081712
-0.061401 -0.188843 -0.772705 -2.907656 -0.084493 -1.854577
-0.146362 -0.196533 -0.555298 -3.139775 -0.142404 -1.594927
-0.283813 -0.222778 -0.350586 -3.238034 -0.274840 -1.408377
-0.370605 -0.283081 -0.129028 -3.246578 -0.293353 -1.266685
-0.478394 -0.331543 0.085327 -3.155202 -0.498652 -1.114787
-0.535889 -0.322632 0.252075 -2.927830 -0.818349 -0.905691
-0.562500 -0.307617 0.382935 -2.630442 -1.044535 -0.667638
-0.586548 -0.291138 0.477173 -2.316916 -1.197619 -0.437418
-0.630981 -0.279785 0.515259 -1.978231 -1.273568 -0.194382
-0.630005 -0.269165 0.532471 -1.630528 -1.232271 0.117483
-0.603394 -0.260986 0.547852 -1.317001 -1.110278 0.468510
-0.558105 -0.247192 0.562500 -1.012731 -0.964551 0.822621
-0.490601 -0.229980 0.566162 -0.686625 -0.829742 1.157746
-0.423218 -0.203247 0.539429 -0.361469 -0.708223 1.452285
-0.347168 -0.158203 0.463013 -0.051266 -0.639632 1.718344
-0.247192 -0.106934 0.381104 0.207673 -0.635123 1.957820
-0.119751 -0.068848 0.310181 0.384966 -0.625629 2.166679
0.020142 -0.037354 0.281494 0.497228 -0.593113 2.335191
0.149902 -0.037354 0.228271 0.601658 -0.530218 2.448402
0.263550 -0.059814 0.146362 0.716530 -0.441453 2.537642
0.404541 -0.097656 0.052979 0.830691 -0.358858 2.625221
0.566772 -0.107300 -0.044678 0.937969 -0.308305 2.690252
0.755493 -0.076660 -0.164307 1.063285 -0.307118 2.725853
0.976440 -0.038330 -0.310059 1.186939 -0.271992 2.687404
1.198120 -0.002686 -0.442383 1.236068 -0.206723 2.592468
1.399048 0.011963 -0.543579 1.172936 -0.155221 2.486614
1.596191 0.050537 -0.577148 1.046433 -0.164477 2.377912
1.752808 0.120483 -0.581055 0.962890 -0.210521 2.243578
1.897827 0.182007 -0.603760 0.964076 -0.204350 2.077440
1.997314 0.257080 -0.654541 1.030294 -0.078560 1.887093
2.080200 0.348022 -0.742432 1.129028 0.168986 1.708850
2.165283 0.439697 -0.830933 1.197856 0.459965 1.557427
2.203125 0.544556 -0.910645 1.190024 0.735992 1.399833
2.215332 0.644531 -0.973145 1.137335 0.878159 1.171986
2.215454 0.714233 -1.056030 1.082746 0.767321 0.827368
2.188599 0.764648 -1.168091 1.017715 0.308068 0.415820
2.150879 0.795654 -1.259033 0.931086 -0.377608 0.033228
2.110229 0.833496 -1.409912 0.829504 -0.805533 -0.302372
2.062988 0.836182 -1.546143 0.698255 -1.242714 -0.587655
1.953125 0.868164 -1.600952 0.478953 -1.433535 -0.769220
1.872559 0.832886 -1.642822 0.217404 -0.851340 -0.861545
1.776978 0.765503 -1.616089 -0.086867 -0.248970 -0.984013
1.682739 0.692505 -1.521362 -0.417244 0.138844 -1.128553
1.607422 0.608154 -1.381836 -0.697306 0.311390 -1.255767
1.540771 0.531860 -1.222412 -0.905216 0.370488 -1.369928
1.499512 0.473511 -1.066772 -1.038126 0.407988 -1.490260
1.471191 0.417358 -0.959595 -1.076101 0.506721 -1.625781
1.427002 0.387817 -0.892700 -1.032905 0.603794 -1.750147
1.373291 0.353638 -0.868774 -0.956244 0.690186 -1.859324
1.312134 0.310791 -0.880737 -0.892637 0.725075 -1.977282
1.236450 0.296631 -0.915527 -0.853713 0.732907 -2.066522
1.162842 0.297729 -0.934204 -0.849678 0.746910 -2.100699
1.080688 0.299316 -0.941284 -0.897146 0.724363 -2.122060
0.998047 0.289185 -0.925415 -1.023411 0.695644 -2.164306
0.896606 0.262817 -0.867676 -1.193584 0.565819 -2.232660
0.812622 0.231812 -0.789307 -1.345957 0.373336 -2.291520
0.713379 0.197998 -0.684814 -1.461067 0.285283 -2.314068
0.627808 0.147461 -0.611938 -1.542712 0.341533 -2.306710
0.541504 0.132813 -0.538208 -1.580449 0.159493 -2.268973
0.503418 0.128174 -0.494385 -1.587806 -0.046281 -2.208689
0.457397 0.119873 -0.463989 -1.604420 -0.227372 -2.170714
0.386353 0.114990 -0.438843 -1.644531 -0.353162 -2.135588
0.293457 0.110718 -0.409424 -1.687964 -0.477529 -2.073879
0.208252 0.106079 -0.385498 -1.728787 -0.569854 -1.985351
0.146240 0.108887 -0.340210 -1.767948 -0.556800 -1.870953
0.090576 0.114502 -0.291382 -1.793818 -0.493430 -1.739467
0.008423 0.102295 -0.258423 -1.798802 -0.465187 -1.612253
-0.066528 0.108643 -0.252197 -1.767473 -0.533541 -1.485513
-0.142456 0.111206 -0.259888 -1.715021 -0.591452 -1.330055
-0.211304 0.113770 -0.246338 -1.703154 -0.598098 -1.131639
-0.280640 0.106323 -0.211304 -1.756081 -0.625866 -0.905453
-0.381104 0.082642 -0.156494 -1.818501 -0.701815 -0.670012
-0.435181 0.071289 -0.091675 -1.845558 -0.840659 -0.404665
-0.423706 0.092529 -0.048096 -1.831080 -1.004187 -0.135996
-0.438965 0.052246 0.044556 -1.822773 -1.124756 0.081882
-0.454346 0.070313 0.093140 -1.724514 -1.368029 0.264160
-0.448242 0.077026 0.131592 -1.574515 -1.617237 0.429111
-0.419922 0.089722 0.160767 -1.415497 -1.799277 0.617085
-0.385986 0.098511 0.171265 -1.237255 -1.903469 0.816213
-0.361938 0.099121 0.174438 -1.058300 -1.871428 1.044060
-0.338257 0.109253 0.177002 -0.889314 -1.748486 1.322935
-0.277466 0.110474 0.195313 -0.739078 -1.585908 1.627917
-0.190186 0.107422 0.212524 -0.611389 -1.444928 1.896586
-0.117065 0.098755 0.222168 -0.474918 -1.357586 2.106870
-0.039063 0.082153 0.189331 -0.321121 -1.317713 2.293657
0.046875 0.057983 0.145752 -0.182515 -1.354264 2.458371
0.194946 0.045410 0.089722 -0.049604 -1.462965 2.588196
0.367676 0.039063 0.034546 0.089003 -1.540576 2.673401
0.538086 0.040649 0.002441 0.212657 -1.483139 2.717784
0.698364 0.047241 -0.012451 0.319935 -1.351890 2.741280
0.847412 0.057251 -0.019165 0.432197 -1.225863 2.752435
0.967651 0.057617 -0.039551 0.577449 -1.084645 2.735584
1.039673 0.062256 -0.074585 0.740502 -0.892874 2.711138
1.108032 0.070923 -0.120117 0.884330 -0.677607 2.703543
1.166748 0.086548 -0.180054 0.986861 -0.520725 2.681708
1.211304 0.094482 -0.246948 1.043585 -0.468747 2.634715
1.286499 0.104614 -0.277466 1.063047 -0.514079 2.555918
1.369263 0.135254 -0.280518 1.075863 -0.549917 2.443418
