0.890259 -0.053589 -0.515259 0.636784 -0.422703 0.365267
0.942993 -0.058594 -0.542969 0.550155 -0.363368 0.342719
0.923340 -0.067261 -0.514648 0.486073 -0.332988 0.341295
0.916992 -0.075684 -0.485352 0.457117 -0.361469 0.342482
0.915771 -0.077759 -0.471924 0.473731 -0.389950 0.305932
0.902222 -0.084229 -0.470581 0.509095 -0.432671 0.272467
0.886597 -0.176636 -0.450684 0.576025 -0.490345 0.266296
0.934082 -0.064697 -0.463745 0.664315 -0.543272 0.261549
0.975952 -0.041260 -0.499023 0.758540 -0.608778 0.281486
0.987061 -0.076660 -0.550049 0.815501 -0.648888 0.314951
1.035522 -0.047852 -0.609985 0.787258 -0.635597 0.308305
1.043823 -0.038452 -0.661377 0.685439 -0.501737 0.239239
1.020752 -0.055542 -0.697510 0.548256 -0.315188 0.135521
0.987183 -0.073975 -0.718384 0.413684 -0.239002 0.024683
0.964111 -0.082153 -0.701904 0.304270 -0.259176 -0.068117
0.967163 -0.084717 -0.688477 0.204113 -0.328954 -0.118433
0.972290 -0.082520 -0.661133 0.104667 -0.387339 -0.127926
0.981934 -0.088013 -0.647339 0.012816 -0.410599 -0.130774
0.999634 -0.093140 -0.611938 -0.055775 -0.390899 -0.150948
1.002808 -0.098022 -0.588867 -0.090427 -0.283147 -0.178480
1.004639 -0.092896 -0.606445 -0.105379 -0.181803 -0.195094
0.999146 -0.094360 -0.631104 -0.126265 -0.128164 -0.212657
1.010010 -0.091309 -0.648438 -0.170173 -0.132436 -0.262973
1.063599 -0.079346 -0.667969 -0.212420 -0.187024 -0.362419
1.147217 -0.060425 -0.666260 -0.235442 -0.250394 -0.508146
1.217163 -0.033691 -0.678223 -0.244460 -0.354349 -0.707274
1.252686 -0.032471 -0.690674 -0.243036 -0.318748 -0.946276
1.249756 -0.039429 -0.736816 -0.252055 -0.203163 -1.189312
1.205688 -0.032349 -0.803345 -0.277213 -0.112974 -1.387491
1.173462 -0.013428 -0.869995 -0.339871 -0.057911 -1.513282
1.164551 0.029663 -0.952759 -0.465187 -0.062183 -1.590417
1.145142 0.086914 -1.007324 -0.656009 -0.099208 -1.668502
1.097046 0.122314 -1.012939 -0.894536 -0.121756 -1.779577
1.033203 0.126099 -0.979614 -1.136385 -0.132911 -1.893501
0.971802 0.125854 -0.946899 -1.331954 -0.218116 -1.956396
0.916870 0.118408 -0.896606 -1.465814 -0.353637 -1.943817
0.864136 0.127686 -0.866699 -1.566921 -0.429586 -1.877599
0.806152 0.145264 -0.850220 -1.670638 -0.433383 -1.800463
0.741455 0.151489 -0.813599 -1.785986 -0.403241 -1.740891
0.668091 0.142212 -0.778320 -1.900858 -0.396596 -1.699119
0.588257 0.144287 -0.741943 -1.986063 -0.424839 -1.654737
0.518311 0.139160 -0.695923 -2.030446 -0.478715 -1.582585
0.438599 0.125854 -0.649414 -2.043025 -0.549443 -1.471272
0.382202 0.112183 -0.593750 -2.026174 -0.625392 -1.315814
0.317749 0.092285 -0.534912 -1.982503 -0.671198 -1.113363
0.275269 0.090576 -0.485229 -1.913675 -0.672385 -0.853950
0.254395 0.087158 -0.437988 -1.827520 -0.637496 -0.543509
0.225464 0.092407 -0.373169 -1.732821 -0.560360 -0.220014
0.181885 0.097168 -0.299072 -1.626018 -0.464712 0.065269
0.146729 0.070435 -0.223511 -1.474595 -0.399681 0.315425
0.141235 0.044922 -0.168457 -1.229897 -0.423178 0.559886
0.173096 0.035278 -0.106323 -0.877922 -0.591689 0.807432
0.214355 0.008423 -0.065552 -0.443589 -0.808381 1.035516
0.280396 -0.026733 -0.047729 0.021123 -0.929187 1.233695
0.374390 -0.050781 -0.074219 0.471832 -0.923966 1.414073
0.419189 -0.081055 -0.134644 0.880295 -0.854662 1.572617
0.474854 -0.073853 -0.218140 1.233457 -0.794141 1.712885
0.545044 -0.064453 -0.312256 1.514943 -0.864156 1.831555
0.562622 -0.033325 -0.391235 1.714784 -1.022225 1.910352
0.619507 -0.009033 -0.450073 1.861460 -1.183141 1.884245
0.652466 0.007813 -0.498413 1.966602 -1.240103 1.804498
0.657715 0.032349 -0.531250 2.050383 -1.183141 1.747062
0.683105 -0.063599 -0.573975 2.123958 -0.994930 1.731160
0.710693 -0.014526 -0.626709 2.153863 -0.950073 1.719530
0.740845 0.030640 -0.721558 2.116601 -0.857273 1.684404
0.756470 0.035034 -0.851318 2.033057 -0.604031 1.662094
0.706543 -0.031128 -0.936157 1.851017 -0.551341 1.651651
0.673340 0.022705 -1.019775 1.578313 -0.720802 1.666366
0.727173 -0.065918 -1.057983 1.281163 -0.715818 1.714309
0.739624 -0.073486 -1.027100 1.022937 -0.950548 1.796191
0.839966 -0.063843 -1.038574 0.816451 -1.128553 1.852678
0.942139 -0.050781 -1.041870 0.657670 -1.138759 1.848643
0.976318 -0.055298 -1.040771 0.520962 -1.072541 1.751571
0.999146 -0.076416 -1.061035 0.403953 -0.950311 1.588044
0.987793 -0.101318 -1.088501 0.337973 -0.889789 1.431399
0.979614 -0.127563 -1.131592 0.301897 -0.944614 1.301337
0.992432 -0.121582 -1.192627 0.250631 -1.040974 1.201654
1.004639 -0.012817 -1.244751 0.129825 -1.136623 1.110990
1.089600 -0.102661 -1.326782 -0.073101 -1.069930 1.003237
1.186890 -0.104980 -1.401611 -0.389001 -1.131639 0.851102
1.239502 -0.036865 -1.407104 -0.787970 -1.179581 0.598810
1.266846 -0.027344 -1.415405 -1.171749 -1.120009 0.283859
1.261353 -0.054321 -1.393311 -1.508772 -1.092003 -0.063607
1.220093 -0.088989 -1.336792 -1.798327 -1.099598 -0.421991
1.165894 -0.091064 -1.274536 -2.025699 -1.085594 -0.747859
1.093872 -0.086548 -1.212402 -2.184243 -1.096749 -1.013206
0.998291 -0.080811 -1.164795 -2.301726 -1.075863 -1.210673
0.889771 -0.069580 -1.127441 -2.406393 -0.944140 -1.321511
0.761841 -0.050049 -1.114746 -2.510586 -0.750707 -1.346669
0.640381 -0.030640 -1.095093 -2.618575 -0.601895 -1.305846
0.554688 -0.003784 -1.067261 -2.728939 -0.520962 -1.234644
0.497681 0.013062 -1.012329 -2.823637 -0.531405 -1.161543
0.455200 0.030884 -0.928467 -2.883684 -0.610677 -1.108854
0.422852 0.042358 -0.848877 -2.907181 -0.742163 -1.073727
0.379272 0.044800 -0.767090 -2.886058 -0.844457 -1.034092
0.303955 0.049561 -0.688599 -2.803226 -0.846118 -0.978079
0.214722 0.046021 -0.636719 -2.648243 -0.795090 -0.885279
0.114868 0.051880 -0.591431 -2.440095 -0.779188 -0.738366
0.059082 0.065918 -0.547241 -2.209163 -0.879346 -0.541373
0.016846 0.098877 -0.500366 -1.991760 -1.023649 -0.309729
-0.010620 0.101563 -0.473999 -1.786935 -1.162493 -0.076424
-0.022705 0.113159 -0.461914 -1.583297 -1.253631 0.143591
-0.025024 0.109619 -0.446045 -1.385830 -1.287334 0.354349
-0.032715 0.104126 -0.424438 -1.191211 -1.284248 0.558936
-0.037964 0.099243 -0.403442 -0.989709 -1.251970 0.756641
-0.083252 0.085693 -0.367188 -0.765660 -1.176021 0.954820
-0.127319 0.060303 -0.350098 -0.520487 -1.099123 1.171512
-0.161255 0.033691 -0.347412 -0.250869 -1.083221 1.416447
-0.163208 0.007568 -0.335571 0.023971 -1.145404 1.699356
-0.142456 -0.006104 -0.319946 0.298099 -1.235356 1.984877
-0.086914 -0.030762 -0.319458 0.567955 -1.322935 2.234796
-0.008667 -0.060547 -0.318237 0.842795 -1.379422 2.420871
0.048340 -0.112061 -0.345459 1.137572 -1.409564 2.531946
0.134888 -0.171875 -0.385864 1.461779 -1.448013 2.584636
0.224854 -0.199585 -0.446289 1.804498 -1.504737 2.614778
0.263794 -0.176270 -0.476685 2.128705 -1.523487 2.623797
0.303589 -0.202637 -0.555664 2.391915 -1.347143 2.603623
0.340088 -0.197876 -0.591309 2.529335 -1.244612 2.570633
0.361206 -0.182007 -0.630737 2.541203 -1.186939 2.537168
0.360474 -0.205933 -0.679443 2.521978 -1.022462 2.485665
0.337769 -0.253540 -0.708618 2.528623 -0.905216 2.411377
0.328369 -0.349121 -0.728027 2.575379 -0.854425 2.347533
0.363403 -0.394287 -0.749634 2.662246 -0.862969 2.314305
0.377441 -0.434570 -0.751953 2.787087 -0.984013 2.300302
0.413452 -0.466064 -0.745361 2.936374 -0.992320 2.270872
0.439575 -0.478882 -0.767578 3.090408 -0.934409 2.226252
0.450928 -0.470215 -0.806396 3.233524 -0.884805 2.166679
0.430054 -0.467407 -0.836304 3.342463 -0.815976 2.086696
0.387695 -0.509521 -0.881470 3.396102 -0.738366 1.994370
0.364868 -0.538452 -0.913818 3.415089 -0.681641 1.911539
0.339844 -0.568359 -0.945801 3.420311 -0.636072 1.849830
0.306274 -0.649536 -0.971436 3.423871 -0.581721 1.794530
0.289551 -0.708374 -0.994385 3.428380 -0.580772 1.731635
0.299438 -0.712891 -1.012695 3.433127 -0.611389 1.676097
0.320068 -0.743042 -1.032349 3.421735 -0.686863 1.623645
0.340576 -0.773560 -1.054810 3.373317 -0.742875 1.547221
0.353760 -0.772461 -1.078491 3.280280 -0.773967 1.455845
0.360596 -0.763550 -1.094604 3.149743 -0.797463 1.350466
0.352295 -0.763916 -1.124756 2.985503 -0.757115 1.234169
0.328735 -0.769043 -1.153076 2.791834 -0.580534 1.118110
0.306763 -0.782959 -1.197388 2.571819 -0.333700 1.004187
0.269409 -0.794556 -1.232422 2.321425 -0.116534 0.894536
0.236694 -0.775146 -1.239746 2.051095 0.087341 0.796989
0.231934 -0.817017 -1.237549 1.755606 0.213606 0.721514
0.217041 -0.818726 -1.201050 1.436621 0.149050 0.660518
0.227417 -0.791992 -1.158569 1.105531 0.057911 0.602370
0.237061 -0.780273 -1.097900 0.824995 -0.072626 0.552766
0.240112 -0.791260 -1.042603 0.611626 -0.193670 0.482513
0.237671 -0.810669 -0.995605 0.457355 -0.251818 0.378795
0.220337 -0.831421 -0.955200 0.362419 -0.227847 0.250631
