1.401611 -0.110718 -0.341187 -0.642717 -0.054826 -0.058148
1.417847 -0.067505 -0.376343 -0.700866 -0.146439 -0.117009
1.463501 -0.008667 -0.345703 -0.740976 -0.138844 -0.233543
1.428833 -0.119385 -0.317139 -0.801735 -0.041535 -0.316849
1.408569 -0.183960 -0.237671 -0.725787 -0.025633 -0.305220
1.463257 -0.179810 -0.194580 -0.496753 0.131487 -0.215268
1.472046 -0.167847 -0.230957 -0.264634 0.329666 -0.187736
1.557251 -0.160889 -0.122681 -0.122230 0.514079 -0.154983
1.746338 -0.119751 -0.201172 0.153559 0.620408 -0.182040
1.811646 -0.083618 -0.396973 0.356010 0.600946 -0.439792
1.730835 -0.035645 -0.479980 0.273653 0.726261 -0.852764
1.666870 -0.048828 -0.409180 0.058386 0.984013 -1.167952
1.515259 -0.116455 -0.378662 -0.121756 1.174597 -1.366131
1.423950 -0.125732 -0.367432 -0.239714 0.838761 -1.449912
1.462524 -0.044556 -0.350952 -0.280062 0.465187 -1.431399
1.535034 -0.012207 -0.242065 -0.353162 0.175394 -1.452285
1.581421 -0.032349 -0.110596 -0.345330 -0.013291 -1.568582
1.578125 -0.047363 -0.171997 -0.219302 -0.273416 -1.743976
1.516235 -0.025879 -0.189087 -0.158069 -0.227847 -1.904656
1.415405 -0.004883 -0.251099 -0.114398 -0.056962 -2.030209
1.341553 0.036133 -0.338013 -0.155458 0.064319 -2.101886
1.304199 0.068237 -0.371460 -0.305457 0.206249 -2.148879
1.259766 0.087280 -0.365845 -0.485836 0.276264 -2.217233
1.224365 0.090942 -0.345581 -0.637496 0.229271 -2.315729
1.175293 0.090088 -0.324829 -0.744774 0.112737 -2.421108
1.113525 0.100586 -0.306030 -0.826894 -0.026107 -2.534557
1.057983 0.099365 -0.298828 -0.919694 -0.127689 -2.628781
1.015259 0.087158 -0.286499 -1.004424 -0.146439 -2.677910
0.990479 0.091431 -0.239624 -1.062098 -0.048180 -2.682420
0.969238 0.117554 -0.191162 -1.094851 0.058148 -2.686455
0.933838 0.129761 -0.170166 -1.106006 0.125790 -2.724666
0.873901 0.132690 -0.153931 -1.103632 0.182752 -2.778305
0.795166 0.147827 -0.159058 -1.090816 0.207910 -2.840963
0.642578 0.134155 -0.186157 -1.084408 0.192720 -2.928542
0.494507 0.162109 -0.199707 -1.106955 0.091376 -2.965329
0.388550 0.202515 -0.162109 -1.186464 -0.083306 -2.907418
0.305054 0.219604 -0.085815 -1.311305 -0.265584 -2.799429
0.230469 0.223877 -0.006470 -1.427364 -0.374048 -2.668654
0.158936 0.232544 0.067017 -1.504975 -0.376659 -2.503465
0.114502 0.248291 0.127319 -1.526810 -0.346517 -2.315254
0.053955 0.257202 0.174683 -1.503551 -0.327767 -2.136300
-0.015625 0.265869 0.210083 -1.436383 -0.332276 -1.954972
-0.063843 0.270264 0.229492 -1.325071 -0.404191 -1.748961
-0.097900 0.265137 0.217041 -1.164866 -0.506484 -1.515892
-0.108887 0.292603 0.204346 -0.993744 -0.508620 -1.278552
-0.110596 0.330322 0.189331 -0.830691 -0.514316 -1.070642
-0.103638 0.347900 0.169922 -0.681641 -0.555614 -0.909251
-0.133789 0.356812 0.143433 -0.569617 -0.533304 -0.776815
-0.227417 0.370850 0.111450 -0.511943 -0.397070 -0.627528
-0.264893 0.384888 0.093140 -0.502924 -0.250631 -0.423415
-0.284912 0.379883 0.078979 -0.527845 -0.172309 -0.207435
-0.306763 0.388306 0.123901 -0.567718 -0.112974 0.005696
-0.323853 0.381958 0.137939 -0.573651 -0.151660 0.209097
-0.319336 0.343628 0.155640 -0.560360 -0.186075 0.400393
-0.315186 0.296509 0.162720 -0.531405 -0.239239 0.601420
-0.306030 0.268677 0.186646 -0.488684 -0.260600 0.837574
-0.296021 0.273315 0.190186 -0.427925 -0.248495 1.108142
-0.226807 0.276123 0.199951 -0.352450 -0.254903 1.397222
-0.189697 0.247070 0.179688 -0.266296 -0.230457 1.668502
-0.154663 0.243896 0.174072 -0.193670 -0.135996 1.949038
-0.091187 0.230591 0.168213 -0.141217 -0.073338 2.239305
-0.005859 0.188965 0.183350 -0.086629 -0.037974 2.510111
0.090332 0.147339 0.181885 -0.028006 0.021123 2.780679
0.184814 0.110474 0.209351 0.012816 0.121993 3.063826
0.308228 0.075806 0.231812 0.063845 0.241612 3.348634
0.380493 0.031738 0.226074 0.113923 0.463526 3.638901
0.508057 -0.001221 0.281860 0.165189 0.624917 3.945545
0.679199 0.006104 0.274902 0.307356 0.489633 4.149183
0.832153 0.020752 0.265747 0.503873 0.260837 4.204483
0.991577 0.016235 0.256592 0.636784 0.730059 4.187395
1.080566 -0.019287 0.280762 0.630138 1.218742 4.161762
1.194092 -0.025513 0.251953 0.660755 0.785122 4.153455
1.319580 -0.012451 0.162842 0.717005 0.194382 4.111446
1.459229 0.012695 0.107178 0.693746 -0.136471 4.016747
1.588867 0.026245 0.086548 0.607116 -0.282672 3.853694
1.689087 0.028320 0.060669 0.476342 -0.384729 3.620389
1.749634 0.045898 0.050171 0.318036 -0.522861 3.354330
1.803833 -0.000732 0.032471 0.163527 -0.649838 3.102750
1.853760 -0.023315 0.050049 0.031566 -0.789631 2.877751
1.916748 -0.030396 0.037231 -0.042959 -0.781799 2.717784
2.010986 -0.031372 0.050903 -0.085443 -0.650550 2.562800
2.087280 -0.039185 0.044556 -0.055775 -0.703951 2.328546
2.109375 -0.029663 0.009521 0.009494 -0.807194 2.075066
2.148560 -0.046753 -0.034424 0.041297 -0.979266 1.845083
2.203857 -0.055298 -0.081055 0.051266 -1.067794 1.618661
2.265137 -0.075684 -0.139771 0.050316 -0.826182 1.356637
2.288574 -0.074829 -0.169922 0.007120 -0.558224 1.062810
2.318481 -0.078491 -0.191162 -0.042721 -0.450235 0.776340
2.324585 -0.081421 -0.214478 -0.091139 -0.387814 0.482038
2.304932 -0.093018 -0.229614 -0.148812 -0.297387 0.166613
2.262817 -0.103882 -0.241821 -0.214318 -0.161391 -0.143354
2.204712 -0.108887 -0.246216 -0.285995 -0.044620 -0.438842
2.158081 -0.117065 -0.246216 -0.358621 0.014952 -0.720328
2.101318 -0.111694 -0.254150 -0.423652 -0.003797 -0.998728
2.055176 -0.110840 -0.246704 -0.484174 -0.160442 -1.298726
1.998291 -0.121216 -0.252930 -0.536152 -0.331564 -1.605607
1.932495 -0.115845 -0.267944 -0.604268 -0.368589 -1.906080
1.851440 -0.115601 -0.257080 -0.701341 -0.280536 -2.205366
1.756348 -0.128784 -0.248413 -0.816451 -0.017089 -2.496108
1.628418 -0.167725 -0.228271 -0.934646 0.168512 -2.757657
1.507080 -0.156128 -0.213379 -1.027209 0.118195 -2.951089
1.386475 -0.148560 -0.206665 -1.112889 0.087816 -3.133366
1.269165 -0.141113 -0.186646 -1.219454 0.177056 -3.298318
1.158936 -0.130371 -0.163574 -1.335039 0.247071 -3.436687
1.041748 -0.129272 -0.134521 -1.454421 0.298099 -3.554171
0.941895 -0.129272 -0.087524 -1.550069 0.252293 -3.625373
0.850342 -0.129517 -0.067139 -1.612727 0.177768 -3.646971
0.752808 -0.113159 -0.037720 -1.658771 0.163527 -3.637240
0.669312 -0.091675 0.004028 -1.696271 0.122468 -3.596655
0.573730 -0.072998 0.054565 -1.720480 0.100395 -3.540880
0.476440 -0.060059 0.080322 -1.738043 0.153322 -3.479171
0.358276 -0.031006 0.128296 -1.707901 0.290267 -3.398001
0.257324 -0.020264 0.159180 -1.661619 0.403478 -3.255834
0.160034 0.003662 0.193970 -1.596113 0.503399 -3.070234
0.064575 0.034180 0.220947 -1.515418 0.524997 -2.840726
-0.007935 0.067749 0.240356 -1.414548 0.469696 -2.579652
-0.079346 0.104736 0.257813 -1.295878 0.386153 -2.301963
-0.135498 0.143921 0.264893 -1.172461 0.253479 -2.007662
-0.171509 0.184326 0.273193 -1.055215 0.079034 -1.691999
-0.184937 0.222534 0.278809 -0.946276 -0.106566 -1.373963
-0.192383 0.261230 0.287109 -0.853001 -0.249445 -1.069930
-0.185669 0.291748 0.295776 -0.780612 -0.336311 -0.797226
-0.168091 0.313232 0.302368 -0.713445 -0.394934 -0.544933
-0.156006 0.328857 0.305054 -0.641768 -0.473257 -0.302609
-0.140381 0.337158 0.312256 -0.557750 -0.582908 -0.067879
-0.125000 0.333862 0.313721 -0.462339 -0.735992 0.160679
-0.093018 0.322876 0.312866 -0.361944 -0.915659 0.390662
-0.055420 0.304810 0.308594 -0.269856 -1.052367 0.629426
-0.003052 0.286133 0.314331 -0.197942 -1.080610 0.884093
0.034790 0.266357 0.327637 -0.139556 -1.049993 1.157509
0.102417 0.265259 0.317993 -0.057911 -1.046671 1.433773
0.157593 0.265625 0.296753 0.020649 -0.811466 1.682505
0.225952 0.247559 0.291748 0.068829 -0.481563 1.916760
0.293701 0.233154 0.271729 0.103955 -0.159967 2.134401
0.334351 0.214233 0.267944 0.130300 0.192958 2.336853
0.381714 0.196167 0.284424 0.159730 0.437181 2.529098
0.416870 0.200439 0.262085 0.217878 0.482513 2.680996
0.460083 0.178467 0.246826 0.287182 0.397070 2.795631
0.501953 0.152222 0.237671 0.374286 0.212182 2.877751
0.563599 0.145630 0.190063 0.466848 -0.089477 2.978621
0.673828 0.114136 0.157959 0.555614 -0.438842 3.112006
0.806641 0.101929 0.106567 0.646515 -0.710359 3.261768
0.982422 0.034546 0.115845 0.701103 -0.784172 3.396339
1.161743 0.053955 0.067261 0.743587 -0.812890 3.448317
1.314331 0.088501 0.036133 0.727685 -0.683540 3.418649
1.488159 0.122192 0.007446 0.658382 -0.566057 3.287400
1.599609 0.077026 -0.026001 0.554664 -0.327767 3.047924
1.716309 0.098877 -0.046875 0.477054 -0.161866 2.817704
1.783569 0.129883 -0.103882 0.438605 -0.128164 2.562088
1.864380 0.142334 -0.132446 0.399918 -0.140505 2.254021
