9916.000000 -1163.000000 -2859.000000 -1103.000000 366.000000 796.000000
9268.000000 -823.000000 -2262.000000 -1093.000000 2392.000000 452.000000
9411.000000 -783.000000 -2059.000000 -1262.000000 3763.000000 -270.000000
9558.000000 -970.000000 -1678.000000 -1246.000000 3829.000000 -634.000000
9776.000000 -1087.000000 -1485.000000 -938.000000 3098.000000 -705.000000
9829.000000 -1320.000000 -1426.000000 -326.000000 2121.000000 -331.000000
10075.000000 -1201.000000 -1628.000000 526.000000 1357.000000 241.000000
10525.000000 -904.000000 -2169.000000 1400.000000 634.000000 590.000000
11049.000000 -687.000000 -2732.000000 1936.000000 24.000000 712.000000
11500.000000 -427.000000 -3051.000000 2010.000000 -503.000000 575.000000
11968.000000 -381.000000 -3289.000000 1740.000000 -1056.000000 297.000000
12382.000000 -453.000000 -3210.000000 1208.000000 -1551.000000 -2.000000
12722.000000 -612.000000 -3327.000000 507.000000 -1879.000000 -344.000000
13249.000000 -855.000000 -3302.000000 67.000000 -1836.000000 -766.000000
13366.000000 -891.000000 -3356.000000 -78.000000 -1033.000000 -1110.000000
13640.000000 -915.000000 -3370.000000 -86.000000 -497.000000 -1672.000000
13672.000000 -1041.000000 -3439.000000 -174.000000 -316.000000 -2040.000000
13374.000000 -1429.000000 -3641.000000 -395.000000 -105.000000 -2257.000000
12960.000000 -1582.000000 -3776.000000 -446.000000 268.000000 -2638.000000
12600.000000 -1717.000000 -4144.000000 -467.000000 1034.000000 -3509.000000
12385.000000 -1871.000000 -4390.000000 -644.000000 1674.000000 -4741.000000
12032.000000 -2042.000000 -4674.000000 -1034.000000 2100.000000 -5560.000000
11616.000000 -2246.000000 -4711.000000 -1461.000000 2496.000000 -6127.000000
11178.000000 -2416.000000 -4902.000000 -1721.000000 2585.000000 -6766.000000
10602.000000 -2475.000000 -5048.000000 -1766.000000 2430.000000 -7373.000000
9931.000000 -2398.000000 -5249.000000 -1770.000000 2058.000000 -7831.000000
9513.000000 -2182.000000 -5440.000000 -1892.000000 1656.000000 -8127.000000
9088.000000 -2059.000000 -5480.000000 -2113.000000 1196.000000 -8231.000000
8646.000000 -1913.000000 -5561.000000 -2307.000000 444.000000 -8215.000000
7986.000000 -1727.000000 -5730.000000 -2607.000000 -256.000000 -8098.000000
7374.000000 -1500.000000 -5788.000000 -3072.000000 -694.000000 -8038.000000
7018.000000 -1219.000000 -5564.000000 -3617.000000 -991.000000 -8015.000000
6504.000000 -1076.000000 -5341.000000 -4071.000000 -1280.000000 -7944.000000
6019.000000 -915.000000 -5206.000000 -4446.000000 -1447.000000 -7754.000000
5554.000000 -611.000000 -5107.000000 -4862.000000 -1319.000000 -7389.000000
5142.000000 -254.000000 -4951.000000 -5384.000000 -965.000000 -7021.000000
4665.000000 -33.000000 -4829.000000 -5941.000000 -615.000000 -6810.000000
4362.000000 154.000000 -4543.000000 -6509.000000 -269.000000 -6624.000000
4215.000000 245.000000 -4147.000000 -7049.000000 -45.000000 -6275.000000
3964.000000 329.000000 -3715.000000 -7409.000000 121.000000 -5773.000000
3683.000000 440.000000 -3391.000000 -7584.000000 199.000000 -5192.000000
3422.000000 570.000000 -3080.000000 -7695.000000 166.000000 -4560.000000
3213.000000 675.000000 -2765.000000 -7864.000000 224.000000 -3862.000000
2987.000000 836.000000 -2382.000000 -8010.000000 437.000000 -3173.000000
2768.000000 1064.000000 -2084.000000 -8138.000000 748.000000 -2596.000000
2504.000000 1210.000000 -1671.000000 -8265.000000 1054.000000 -2132.000000
2156.000000 1257.000000 -1373.000000 -8339.000000 1274.000000 -1701.000000
1932.000000 1287.000000 -1057.000000 -8391.000000 1464.000000 -1180.000000
1750.000000 1297.000000 -726.000000 -8410.000000 1571.000000 -513.000000
1571.000000 1222.000000 -563.000000 -8345.000000 1437.000000 237.000000
1642.000000 1310.000000 -266.000000 -8259.000000 1202.000000 1018.000000
1864.000000 1236.000000 143.000000 -8153.000000 978.000000 1848.000000
2119.000000 1140.000000 530.000000 -7985.000000 818.000000 2682.000000
2448.000000 1062.000000 863.000000 -7771.000000 935.000000 3504.000000
2773.000000 1056.000000 1177.000000 -7489.000000 1180.000000 4210.000000
3043.000000 1034.000000 1376.000000 -7189.000000 1404.000000 4765.000000
3277.000000 1011.000000 1606.000000 -6956.000000 1636.000000 5238.000000
3387.000000 866.000000 1832.000000 -6699.000000 1730.000000 5724.000000
3519.000000 819.000000 1964.000000 -6388.000000 1656.000000 6165.000000
3835.000000 549.000000 2050.000000 -6101.000000 1408.000000 6565.000000
4189.000000 544.000000 2472.000000 -5896.000000 1122.000000 6946.000000
4497.000000 337.000000 2838.000000 -5744.000000 879.000000 7289.000000
4538.000000 27.000000 3238.000000 -5575.000000 891.000000 7578.000000
4711.000000 -396.000000 3634.000000 -5320.000000 883.000000 7858.000000
5236.000000 -740.000000 4282.000000 -5038.000000 772.000000 8339.000000
6011.000000 -871.000000 4930.000000 -4555.000000 478.000000 8889.000000
7038.000000 -1163.000000 5422.000000 -3840.000000 210.000000 9404.000000
7906.000000 -1251.000000 5770.000000 -3020.000000 234.000000 9784.000000
8445.000000 -1179.000000 6012.000000 -2124.000000 354.000000 9838.000000
8736.000000 -1169.000000 6157.000000 -1250.000000 549.000000 9648.000000
8666.000000 -1277.000000 6105.000000 -449.000000 588.000000 9322.000000
8891.000000 -1363.000000 5927.000000 282.000000 407.000000 9092.000000
9331.000000 -1389.000000 5953.000000 1003.000000 -18.000000 9092.000000
9825.000000 -1493.000000 5781.000000 1778.000000 -583.000000 9144.000000
10403.000000 -1704.000000 5650.000000 2475.000000 -744.000000 9212.000000
10947.000000 -1739.000000 5432.000000 3116.000000 -349.000000 9347.000000
11015.000000 -1929.000000 4412.000000 3809.000000 -263.000000 9479.000000
11297.000000 -1897.000000 4020.000000 4598.000000 -1988.000000 9625.000000
11700.000000 -1680.000000 3283.000000 5272.000000 -3119.000000 9591.000000
11954.000000 -1600.000000 2469.000000 5537.000000 -2465.000000 9104.000000
12164.000000 -1625.000000 2040.000000 5512.000000 -2066.000000 8256.000000
12301.000000 -1857.000000 1673.000000 5435.000000 -1686.000000 7378.000000
12595.000000 -2141.000000 1522.000000 5322.000000 -1469.000000 6666.000000
13026.000000 -2453.000000 1668.000000 5140.000000 -944.000000 6136.000000
13239.000000 -2875.000000 1698.000000 5141.000000 -622.000000 5699.000000
13460.000000 -3110.000000 1540.000000 5384.000000 -635.000000 5335.000000
13790.000000 -3387.000000 1277.000000 5765.000000 -1165.000000 4912.000000
14280.000000 -3567.000000 1047.000000 6172.000000 -2110.000000 4412.000000
14852.000000 -3631.000000 849.000000 6504.000000 -3125.000000 3712.000000
15257.000000 -3814.000000 755.000000 6724.000000 -3957.000000 2822.000000
15241.000000 -4010.000000 620.000000 7000.000000 -4554.000000 1863.000000
15026.000000 -4079.000000 258.000000 7356.000000 -4883.000000 913.000000
14829.000000 -4103.000000 -403.000000 7670.000000 -5084.000000 26.000000
14604.000000 -4173.000000 -1059.000000 7839.000000 -4863.000000 -914.000000
14284.000000 -4279.000000 -1338.000000 7662.000000 -4015.000000 -1861.000000
13840.000000 -4369.000000 -1508.000000 7447.000000 -3114.000000 -2608.000000
13475.000000 -4299.000000 -1915.000000 7324.000000 -2175.000000 -3213.000000
13026.000000 -4178.000000 -2379.000000 7108.000000 -1234.000000 -3797.000000
12664.000000 -3992.000000 -2805.000000 6820.000000 -424.000000 -4393.000000
12117.000000 -3937.000000 -3223.000000 6436.000000 55.000000 -5005.000000
11643.000000 -3806.000000 -3581.000000 5991.000000 106.000000 -5511.000000
11343.000000 -3566.000000 -3857.000000 5579.000000 -225.000000 -5945.000000
11096.000000 -3293.000000 -4225.000000 5186.000000 -885.000000 -6373.000000
10826.000000 -3013.000000 -4553.000000 4654.000000 -1437.000000 -6798.000000
10409.000000 -2833.000000 -4771.000000 3984.000000 -1797.000000 -7178.000000
9935.000000 -2741.000000 -4837.000000 3220.000000 -1895.000000 -7436.000000
9512.000000 -2672.000000 -4854.000000 2433.000000 -1884.000000 -7488.000000
9219.000000 -2510.000000 -4968.000000 1654.000000 -1772.000000 -7386.000000
9048.000000 -2336.000000 -4795.000000 790.000000 -1280.000000 -7255.000000
8744.000000 -2279.000000 -4629.000000 29.000000 -849.000000 -7174.000000
8461.000000 -2134.000000 -4472.000000 -569.000000 -579.000000 -7075.000000
8141.000000 -1981.000000 -4293.000000 -1138.000000 -417.000000 -7008.000000
7902.000000 -1926.000000 -4079.000000 -1669.000000 -325.000000 -6935.000000
7575.000000 -1772.000000 -3946.000000 -2169.000000 -308.000000 -6772.000000
7318.000000 -1689.000000 -3585.000000 -2640.000000 -226.000000 -6551.000000
7068.000000 -1540.000000 -3267.000000 -2996.000000 -235.000000 -6292.000000
6970.000000 -1374.000000 -3009.000000 -3200.000000 -378.000000 -6024.000000
6928.000000 -1185.000000 -2816.000000 -3366.000000 -400.000000 -5737.000000
6943.000000 -910.000000 -2597.000000 -3583.000000 -252.000000 -5375.000000
6963.000000 -660.000000 -2402.000000 -3816.000000 -60.000000 -5082.000000
6883.000000 -445.000000 -2228.000000 -4053.000000 201.000000 -4841.000000
6796.000000 -270.000000 -1980.000000 -4252.000000 476.000000 -4620.000000
6721.000000 -64.000000 -1740.000000 -4411.000000 596.000000 -4473.000000
6620.000000 32.000000 -1507.000000 -4538.000000 538.000000 -4383.000000
6570.000000 123.000000 -1260.000000 -4646.000000 461.000000 -4191.000000
6603.000000 264.000000 -1003.000000 -4759.000000 468.000000 -3931.000000
6594.000000 371.000000 -687.000000 -4856.000000 352.000000 -3712.000000
6660.000000 488.000000 -416.000000 -4891.000000 337.000000 -3518.000000
6643.000000 602.000000 -140.000000 -4923.000000 611.000000 -3335.000000
6609.000000 731.000000 81.000000 -4855.000000 604.000000 -3196.000000
6592.000000 828.000000 256.000000 -4762.000000 451.000000 -3059.000000
6506.000000 955.000000 397.000000 -4650.000000 214.000000 -2929.000000
6397.000000 1087.000000 617.000000 -4537.000000 87.000000 -2793.000000
6326.000000 1164.000000 712.000000 -4482.000000 233.000000 -2578.000000
6344.000000 1279.000000 874.000000 -4443.000000 494.000000 -2340.000000
6261.000000 1305.000000 991.000000 -4380.000000 594.000000 -2134.000000
6168.000000 1376.000000 1110.000000 -4241.000000 547.000000 -1927.000000
6090.000000 1448.000000 1199.000000 -4078.000000 460.000000 -1705.000000
6009.000000 1440.000000 1247.000000 -3896.000000 285.000000 -1509.000000
6082.000000 1423.000000 1399.000000 -3679.000000 -16.000000 -1285.000000
6222.000000 1483.000000 1569.000000 -3451.000000 -273.000000 -1002.000000
6361.000000 1499.000000 1654.000000 -3220.000000 -411.000000 -741.000000
6575.000000 1443.000000 1662.000000 -2948.000000 -548.000000 -473.000000
6739.000000 1457.000000 1682.000000 -2715.000000 -426.000000 -200.000000
6989.000000 1514.000000 1674.000000 -2512.000000 -274.000000 22.000000
7174.000000 1606.000000 1606.000000 -2292.000000 -276.000000 187.000000
7394.000000 1588.000000 1502.000000 -2091.000000 -375.000000 236.000000
7595.000000 1624.000000 1487.000000 -1971.000000 -351.000000 272.000000
7739.000000 1664.000000 1488.000000 -1831.000000 -289.000000 278.000000
7824.000000 1648.000000 1606.000000 -1653.000000 -228.000000 279.000000
