0.160889 -0.049805 -1.326904 0.126977 -0.132911 -0.295726
0.139771 -0.058350 -1.318359 0.105142 -0.203163 -0.296913
0.191162 -0.066895 -1.322510 0.134097 -0.398020 -0.242087
0.141724 -0.114624 -1.311035 0.208385 -0.573651 -0.214556
0.188354 -0.068848 -1.319702 0.318985 -0.566057 -0.212182
0.221558 -0.071045 -1.358643 0.406564 -0.628240 -0.253242
0.225708 -0.076538 -1.415405 0.484174 -0.630138 -0.301897
0.247314 -0.090698 -1.486328 0.501263 -0.511231 -0.355773
0.266968 -0.056396 -1.528442 0.422703 -0.337023 -0.424364
0.315063 -0.040161 -1.567139 0.270805 -0.157357 -0.517402
0.370361 -0.053467 -1.571045 0.103718 -0.021835 -0.655771
0.358154 -0.135620 -1.568481 -0.041535 0.019462 -0.862257
0.328369 -0.192871 -1.579346 -0.134097 0.015902 -1.102208
0.264648 -0.220703 -1.591187 -0.179429 -0.002848 -1.285910
0.156372 -0.296265 -1.631470 -0.187736 -0.053639 -1.349042
0.082642 -0.297241 -1.701416 -0.173496 -0.179904 -1.276891
0.043091 -0.218140 -1.761841 -0.165664 -0.292166 -1.042873
0.050903 -0.163696 -1.747070 -0.224524 -0.346992 -0.745248
0.091309 -0.197632 -1.888428 -0.378558 -0.274365 -0.533541
0.089600 -0.219116 -1.894043 -0.651974 -0.260837 -0.446437
0.082764 -0.253296 -1.906006 -1.006560 -0.224287 -0.478003
0.055908 -0.253418 -1.877197 -1.415972 -0.127689 -0.559411
0.005127 -0.230225 -1.806030 -1.805210 0.102531 -0.633936
-0.088623 -0.237183 -1.738037 -2.108294 0.248495 -0.676894
-0.156372 -0.267090 -1.668457 -2.348007 0.278400 -0.684489
-0.205322 -0.273315 -1.586670 -2.540016 0.235916 -0.662417
-0.243774 -0.262451 -1.505981 -2.691201 0.190110 -0.617085
-0.276245 -0.241211 -1.423706 -2.808448 0.178717 -0.546120
-0.314087 -0.242676 -1.345825 -2.900298 0.189635 -0.450947
-0.338989 -0.247192 -1.275146 -2.974111 0.178243 -0.340109
-0.359619 -0.234741 -1.216919 -3.033921 0.167088 -0.211708
-0.376465 -0.211792 -1.149292 -3.087560 0.207435 -0.064794
-0.380493 -0.180908 -1.079712 -3.144759 0.293115 0.095173
-0.379272 -0.159180 -0.997803 -3.215724 0.443114 0.257989
-0.374268 -0.142700 -0.915039 -3.300217 0.606167 0.401817
-0.369141 -0.134888 -0.832642 -3.386371 0.696831 0.512180
-0.364502 -0.114990 -0.712891 -3.456624 0.705613 0.593825
-0.353882 -0.081665 -0.625488 -3.482969 0.693271 0.663841
-0.328125 -0.038818 -0.518677 -3.446181 0.592164 0.748334
-0.313843 -0.007080 -0.426514 -3.344125 0.440266 0.850153
-0.279907 0.016357 -0.348389 -3.182971 0.280299 0.955769
-0.236084 0.033813 -0.265625 -2.967940 0.113686 1.060436
-0.199585 0.082031 -0.216553 -2.712087 -0.042484 1.163917
-0.156616 0.110962 -0.161987 -2.424194 -0.166850 1.269771
-0.120728 0.118042 -0.152100 -2.102835 -0.275552 1.376811
-0.070313 0.147949 -0.121338 -1.801175 -0.376184 1.463678
-0.030151 0.165894 -0.102905 -1.518978 -0.431247 1.522775
0.010742 0.196411 -0.085205 -1.243663 -0.465662 1.556952
0.050293 0.217285 -0.064697 -0.960991 -0.539237 1.570955
0.103394 0.229858 -0.066406 -0.657195 -0.655059 1.564072
0.161255 0.244629 -0.061523 -0.339159 -0.794141 1.533930
0.208374 0.252686 -0.069702 -0.018275 -0.904979 1.488598
0.245117 0.258423 -0.094727 0.295726 -1.001101 1.409801
0.282593 0.270996 -0.130493 0.593825 -1.157034 1.288520
0.294800 0.260254 -0.180908 0.864868 -1.368029 1.142793
0.293091 0.245483 -0.231934 1.103395 -1.585670 1.010120
0.309570 0.226440 -0.272583 1.316764 -1.795954 0.925390
0.341553 0.216309 -0.323120 1.529658 -1.988674 0.913997
0.386719 0.215088 -0.393799 1.765812 -2.131316 0.959092
0.451904 0.216797 -0.478271 2.037329 -2.195398 0.998253
0.530151 0.235962 -0.553101 2.299827 -2.181395 0.983775
0.595459 0.241455 -0.654663 2.512722 -2.072693 0.901181
0.650757 0.240845 -0.760864 2.634715 -1.889229 0.769695
0.685669 0.249146 -0.840942 2.652752 -1.661145 0.626578
0.684082 0.227051 -0.924438 2.580838 -1.401969 0.514316
0.686768 0.203613 -0.990112 2.476883 -1.195958 0.433858
0.706787 0.190918 -1.043457 2.406631 -1.083933 0.358621
0.710449 0.158081 -1.108887 2.400222 -1.063522 0.255615
0.726318 0.146851 -1.174805 2.455760 -1.148015 0.101582
0.730713 0.129395 -1.249023 2.535744 -1.276179 -0.084256
0.737549 0.119751 -1.335083 2.597689 -1.394611 -0.273179
0.735718 0.103271 -1.433716 2.605047 -1.415497 -0.449522
0.735107 0.087158 -1.498535 2.549747 -1.336700 -0.621594
0.701294 0.084229 -1.602905 2.460744 -1.198568 -0.806008
0.654175 0.069092 -1.670410 2.373640 -1.059250 -1.011070
0.603149 0.044434 -1.747559 2.277755 -0.934171 -1.214708
0.527832 0.036987 -1.836792 2.180208 -0.917320 -1.397222
0.459351 0.012939 -1.907471 2.040652 -0.942716 -1.557427
0.376709 -0.008179 -1.964355 1.856713 -0.986149 -1.684879
0.303711 -0.007813 -1.998047 1.630528 -1.024123 -1.781951
0.244141 0.002808 -2.001709 1.380371 -1.035516 -1.865257
0.180420 -0.006714 -1.969116 1.113363 -0.967162 -1.926016
0.117188 -0.022583 -1.925049 0.841846 -0.808381 -1.954972
0.067627 -0.035156 -1.851563 0.585518 -0.575076 -1.958532
0.030762 -0.061890 -1.762573 0.362893 -0.305457 -1.956871
-0.007446 -0.090576 -1.672729 0.184651 -0.089003 -1.978231
-0.042236 -0.135132 -1.581055 0.056012 0.020174 -2.035668
-0.070679 -0.176880 -1.513306 -0.016614 0.013766 -2.125382
-0.066040 -0.183350 -1.472412 -0.034889 -0.065031 -2.235034
-0.079346 -0.203857 -1.463867 -0.024209 -0.141217 -2.354653
-0.166504 -0.250122 -1.456299 -0.016614 -0.168512 -2.474035
-0.285400 -0.288208 -1.473633 -0.020174 -0.147863 -2.516044
-0.409058 -0.299805 -1.485962 -0.027531 -0.109651 -2.387643
-0.490112 -0.289673 -1.495728 -0.028481 -0.014240 -2.095477
-0.500977 -0.257080 -1.557983 -0.022073 0.203401 -1.746350
-0.469971 -0.245972 -1.611084 -0.056250 0.328242 -1.438282
-0.431519 -0.265381 -1.666382 -0.163765 0.367403 -1.239866
-0.400391 -0.264038 -1.703857 -0.368352 0.420567 -1.127129
-0.395874 -0.261719 -1.703491 -0.599047 0.417956 -1.069455
-0.413818 -0.296143 -1.713257 -0.804821 0.402054 -1.029582
-0.430176 -0.295166 -1.699951 -0.977130 0.405377 -0.989709
-0.445923 -0.285034 -1.670776 -1.125705 0.394697 -0.940580
-0.463135 -0.282349 -1.638794 -1.275467 0.390187 -0.871751
-0.490112 -0.289917 -1.602661 -1.447064 0.400868 -0.779426
-0.513062 -0.279541 -1.556885 -1.624120 0.406089 -0.664078
-0.510864 -0.263672 -1.505981 -1.779103 0.419380 -0.524285
-0.491821 -0.268433 -1.449097 -1.909165 0.436231 -0.369301
-0.469360 -0.263550 -1.392822 -2.014307 0.497703 -0.217641
-0.448120 -0.240356 -1.335693 -2.089781 0.587417 -0.078560
-0.437012 -0.221802 -1.282715 -2.129892 0.670724 0.043433
-0.426392 -0.204712 -1.246338 -2.141284 0.714632 0.150711
-0.400879 -0.191895 -1.205322 -2.141996 0.693271 0.245647
-0.372681 -0.175903 -1.165039 -2.147930 0.632987 0.337735
-0.338257 -0.161499 -1.122803 -2.160746 0.540899 0.414396
-0.300903 -0.136719 -1.083374 -2.171901 0.425076 0.471595
-0.256470 -0.116455 -1.048340 -2.168341 0.334412 0.522861
-0.233276 -0.102051 -1.012939 -2.146031 0.260600 0.577924
-0.205078 -0.088745 -0.979614 -2.101886 0.200553 0.631325
-0.170166 -0.053101 -0.944946 -2.030684 0.144540 0.679743
-0.147827 -0.029541 -0.917969 -1.940494 0.136471 0.733619
-0.121460 0.002686 -0.879150 -1.842235 0.182752 0.795090
-0.094727 0.037720 -0.849731 -1.734957 0.277925 0.856561
-0.076172 0.054810 -0.830688 -1.619847 0.399918 0.919219
-0.049805 0.078491 -0.812256 -1.501415 0.492956 0.973333
-0.016113 0.095459 -0.801880 -1.389153 0.508383 1.015579
0.019043 0.115845 -0.793945 -1.286384 0.454507 1.035990
0.061401 0.138550 -0.780884 -1.190499 0.361707 1.036702
0.097168 0.164307 -0.768677 -1.089155 0.246359 1.027209
0.142334 0.184326 -0.768066 -0.977130 0.139793 1.012019
0.178345 0.217529 -0.777710 -0.857036 0.053164 0.986861
0.197754 0.238403 -0.786621 -0.754267 0.018513 0.949124
0.216309 0.258301 -0.805786 -0.689236 0.030380 0.901418
0.220825 0.259521 -0.815186 -0.646515 0.079746 0.861308
0.221313 0.263062 -0.823120 -0.603556 0.105854 0.836150
0.228394 0.274414 -0.831909 -0.551341 0.090664 0.832352
0.239380 0.283936 -0.836304 -0.495329 0.061946 0.849441
0.247192 0.302979 -0.836426 -0.440978 0.049841 0.868191
0.264526 0.336304 -0.839722 -0.392086 0.026582 0.873650
0.292236 0.346191 -0.838379 -0.351501 -0.019699 0.868191
0.313721 0.359009 -0.845093 -0.311153 -0.043908 0.848254
0.341187 0.377808 -0.852051 -0.266533 -0.053402 0.806008
0.357056 0.374268 -0.867798 -0.213132 -0.080458 0.740976
0.367676 0.385620 -0.882935 -0.155221 -0.114635 0.651024
0.362671 0.388428 -0.898193 -0.100870 -0.146914 0.555376
0.354858 0.384277 -0.923584 -0.067405 -0.155458 0.482038
0.343506 0.382813 -0.956421 -0.060522 -0.154746 0.445488
0.341187 0.392578 -0.977051 -0.069778 -0.126740 0.437181
0.336060 0.394897 -0.992065 -0.085680 -0.111550 0.433621
0.345093 0.403198 -1.007202 -0.105379 -0.129113 0.423178
0.359253 0.406738 -1.009399 -0.134809 -0.161629 0.402766
