0.667847 -0.013306 -0.708984 0.320172 -0.547307 0.228796
0.653076 -0.005493 -0.727295 0.394697 -0.582908 0.231169
0.648804 -0.096436 -0.753296 0.462339 -0.546120 0.240188
0.599976 -0.201050 -0.812500 0.437655 0.225711 0.189872
0.669556 0.097290 -0.686646 0.312577 0.959567 0.101582
0.642578 0.163940 -0.742310 0.108702 0.377846 0.115822
0.682373 0.058350 -0.778198 0.235204 -0.219065 0.265821
0.683960 -0.070801 -0.786255 0.461864 -0.412972 0.373099
0.711914 -0.101563 -0.778076 0.581484 -0.486548 0.354349
0.732056 -0.053589 -0.835083 0.639157 -0.572227 0.241375
0.727417 -0.048218 -0.849365 0.675470 -0.576262 0.132911
0.725098 -0.048218 -0.843140 0.708223 -0.567718 0.061471
0.722168 -0.039307 -0.856934 0.733856 -0.567718 0.020174
0.737549 -0.030029 -0.857666 0.749995 -0.515028 0.005934
0.755737 -0.026123 -0.863281 0.779663 -0.477054 -0.006171
0.772827 -0.027222 -0.916382 0.835675 -0.496753 -0.047943
0.790039 -0.019653 -0.979126 0.909251 -0.624442 -0.132911
0.803711 -0.046021 -1.041748 0.969772 -0.838049 -0.253005
0.771118 -0.083374 -1.118896 0.982589 -1.010832 -0.380694
0.762207 -0.065063 -1.190674 0.946988 -1.147066 -0.463526
0.725952 -0.071289 -1.258789 0.848017 -1.166528 -0.460678
0.696167 -0.070679 -1.298950 0.655534 -1.069930 -0.399918
0.686035 -0.058594 -1.331055 0.381643 -0.927051 -0.340821
0.684937 -0.039429 -1.370483 0.078797 -0.827843 -0.332514
0.691040 -0.022583 -1.424438 -0.206723 -0.795565 -0.400156
0.685913 -0.022339 -1.486328 -0.466136 -0.794853 -0.528794
0.673218 -0.032349 -1.549927 -0.714869 -0.773255 -0.671910
0.671753 -0.073608 -1.606812 -0.955295 -0.715581 -0.810042
0.659790 -0.108398 -1.610962 -1.194771 -0.706087 -0.963364
0.623535 -0.128052 -1.587280 -1.423330 -0.802922 -1.106480
0.568237 -0.134521 -1.520020 -1.619847 -0.933222 -1.173885
0.522095 -0.136475 -1.434448 -1.785036 -1.019139 -1.138759
0.485474 -0.116211 -1.360107 -1.930051 -1.026022 -1.029582
0.475098 -0.076416 -1.302856 -2.066047 -0.990658 -0.895722
0.469360 -0.061646 -1.243530 -2.197059 -0.925390 -0.800074
0.449585 -0.056274 -1.178955 -2.323087 -0.871039 -0.772780
0.418701 -0.064087 -1.103760 -2.416361 -0.830216 -0.778713
0.385620 -0.076782 -1.015869 -2.455997 -0.800786 -0.765422
0.350952 -0.075195 -0.918701 -2.451013 -0.765897 -0.708461
0.345825 -0.042725 -0.812622 -2.411377 -0.709410 -0.617797
0.369751 -0.005981 -0.730347 -2.346583 -0.666926 -0.517402
0.391479 0.023071 -0.665527 -2.262802 -0.637496 -0.431010
0.414063 0.034546 -0.604126 -2.172613 -0.587892 -0.372150
0.426758 0.061523 -0.564087 -2.085034 -0.529981 -0.340821
0.445190 0.114746 -0.563232 -1.989624 -0.469222 -0.328954
0.438354 0.142578 -0.562500 -1.888754 -0.380219 -0.340109
0.413330 0.190796 -0.619141 -1.814466 -0.248495 -0.383067
0.368164 0.222046 -0.674805 -1.768422 -0.112499 -0.449048
0.310303 0.239990 -0.718872 -1.743976 -0.025395 -0.503161
0.227295 0.250366 -0.757813 -1.739942 0.030617 -0.496991
0.165405 0.260010 -0.782959 -1.752995 0.033228 -0.411548
0.124268 0.266479 -0.804688 -1.780527 -0.073813 -0.263210
0.103760 0.300293 -0.860596 -1.818976 -0.244460 -0.094936
0.093262 0.338989 -0.945190 -1.856713 -0.417719 0.051503
0.054199 0.344727 -1.017578 -1.918896 -0.545883 0.155458
-0.002686 0.328857 -1.050415 -2.037804 -0.599996 0.243748
-0.075684 0.308960 -1.043457 -2.203230 -0.553478 0.385915
-0.137817 0.295532 -1.011597 -2.374589 -0.458541 0.617797
-0.182983 0.272949 -0.979980 -2.532896 -0.435994 0.915896
-0.215820 0.246338 -0.953613 -2.671265 -0.519301 1.220166
-0.236328 0.232300 -0.921631 -2.792071 -0.759726 1.481003
-0.213379 0.216797 -0.868286 -2.901485 -1.140895 1.672062
-0.178101 0.191284 -0.780884 -3.004728 -1.546272 1.785986
-0.155029 0.153442 -0.676514 -3.088747 -1.896111 1.835827
-0.122314 0.143921 -0.557007 -3.120550 -2.114227 1.872140
-0.104614 0.100586 -0.447876 -3.076405 -2.214385 1.935510
-0.123291 0.053101 -0.329468 -2.943257 -2.286062 2.026886
-0.121216 0.040649 -0.205566 -2.708053 -2.341362 2.150540
-0.104370 0.017822 -0.114380 -2.362960 -2.487801 2.309084
-0.077271 -0.035767 -0.048218 -1.914387 -2.677673 2.476883
-0.030029 -0.113037 0.026245 -1.360435 -2.876090 2.637800
0.059082 -0.188232 0.043335 -0.692084 -3.086610 2.799666
0.177124 -0.235962 0.033447 0.102531 -3.254885 2.955361
0.274780 -0.267334 -0.005737 0.960516 -3.357890 3.072133
0.344116 -0.307495 -0.092407 1.791682 -3.402748 3.086848
0.364868 -0.340210 -0.137207 2.527437 -3.429330 3.028462
0.396606 -0.350220 -0.171753 3.124585 -3.470864 2.974349
0.427734 -0.359619 -0.208984 3.586686 -3.516671 2.988589
0.544434 -0.411865 -0.273560 3.946020 -3.460659 3.057655
0.663574 -0.446533 -0.327637 4.239372 -3.281467 3.110819
0.753296 -0.468750 -0.396118 4.483358 -3.017782 3.060978
0.809082 -0.514160 -0.488037 4.712391 -2.749587 2.882260
0.833496 -0.534058 -0.572388 4.950206 -2.517943 2.583212
0.824951 -0.567261 -0.682373 5.181139 -2.374827 2.199907
0.814087 -0.602783 -0.777222 5.349175 -2.270160 1.814704
0.805054 -0.620850 -0.873291 5.395219 -2.179971 1.525623
0.839966 -0.609497 -0.971802 5.317609 -2.052994 1.340735
0.918091 -0.609619 -1.076782 5.169034 -1.877124 1.208537
0.999634 -0.637817 -1.173584 4.978212 -1.729024 1.023174
1.046021 -0.699097 -1.249023 4.760571 -1.566921 0.735043
1.058472 -0.724365 -1.273193 4.538658 -1.360909 0.370014
1.034058 -0.717041 -1.286011 4.326714 -1.119771 0.006171
1.008545 -0.692627 -1.280273 4.144911 -0.851102 -0.311153
0.979370 -0.683594 -1.288940 3.991589 -0.620645 -0.592401
0.940430 -0.684692 -1.288940 3.866748 -0.446200 -0.870327
0.895874 -0.707642 -1.292236 3.749739 -0.377134 -1.144692
0.882202 -0.766846 -1.288330 3.623237 -0.380456 -1.389627
0.872437 -0.807129 -1.319946 3.474424 -0.446912 -1.607031
0.827148 -0.832031 -1.399902 3.339140 -0.434807 -1.834878
0.770630 -0.855469 -1.466797 3.246103 -0.189635 -2.093341
0.684204 -0.878052 -1.527710 3.159474 0.096835 -2.355602
0.618896 -0.892212 -1.568481 3.022054 0.280774 -2.582262
0.598389 -0.891235 -1.572876 2.815331 0.261786 -2.770710
0.605835 -0.888550 -1.570313 2.562800 0.083781 -2.921422
0.647949 -0.889893 -1.533691 2.286536 -0.131249 -3.056231
0.687988 -0.911011 -1.516602 2.005525 -0.374523 -3.231625
0.681396 -0.997192 -1.524414 1.775780 -0.478241 -3.486766
0.624756 -1.084229 -1.578613 1.634325 -0.272704 -3.689692
0.553711 -1.129761 -1.621094 1.497617 0.190822 -3.752825
0.478271 -1.143433 -1.688477 1.305846 0.548731 -3.701559
0.434204 -1.093994 -1.718140 1.041924 0.648651 -3.637715
0.403564 -1.032837 -1.734863 0.703714 0.430298 -3.572921
0.407349 -0.938965 -1.731812 0.322308 0.104430 -3.523317
0.438110 -0.880005 -1.719360 -0.090901 -0.198416 -3.495310
0.484131 -0.857056 -1.713745 -0.535202 -0.411548 -3.508601
0.492432 -0.885376 -1.711792 -0.988285 -0.514316 -3.547525
0.485474 -0.875000 -1.729492 -1.443741 -0.463288 -3.560579
0.447266 -0.905029 -1.731445 -1.906080 -0.304508 -3.513348
0.354126 -0.959595 -1.699585 -2.383609 -0.110363 -3.419362
0.251465 -0.966553 -1.631226 -2.838827 0.066930 -3.260581
0.185303 -0.906006 -1.574585 -3.228065 0.088291 -3.025614
0.180542 -0.820435 -1.528076 -3.531386 -0.108227 -2.774033
0.233765 -0.733154 -1.492065 -3.772286 -0.462814 -2.602911
0.297974 -0.662842 -1.466919 -4.002507 -0.868191 -2.555918
0.333252 -0.616943 -1.455688 -4.259783 -1.183379 -2.577516
0.329346 -0.624512 -1.450928 -4.551475 -1.234882 -2.555443
0.267822 -0.685181 -1.382813 -4.856694 -0.984013 -2.364859
0.148804 -0.734375 -1.242798 -5.128211 -0.477291 -1.960193
0.032349 -0.680054 -1.122559 -5.305505 0.050079 -1.387729
0.009521 -0.566528 -1.042847 -5.334698 0.387814 -0.806720
0.049683 -0.423950 -0.979248 -5.244034 0.316849 -0.403004
0.090088 -0.338135 -0.937866 -5.099494 -0.086392 -0.276976
0.121948 -0.297852 -0.889038 -4.970618 -0.617322 -0.347941
0.150391 -0.287720 -0.800049 -4.889210 -1.110990 -0.430061
0.163086 -0.301270 -0.709839 -4.831061 -1.407665 -0.368589
0.195557 -0.283203 -0.615723 -4.744669 -1.442554 -0.130300
0.193970 -0.237793 -0.537964 -4.592297 -1.308457 0.202689
0.205200 -0.173218 -0.473267 -4.395067 -1.131876 0.530693
0.265503 -0.108032 -0.401489 -4.182648 -0.960041 0.791055
0.331177 -0.068115 -0.322510 -3.961209 -0.799125 0.954583
0.393188 -0.002686 -0.251587 -3.721258 -0.645803 0.983063
0.435669 0.041260 -0.193481 -3.444520 -0.501263 0.911149
0.470337 0.076172 -0.136353 -3.127196 -0.391374 0.799362
0.497925 0.118774 -0.085815 -2.773559 -0.294777 0.704189
0.520020 0.169556 -0.062500 -2.390729 -0.199366 0.638683
0.515991 0.206787 -0.052246 -1.995320 -0.115585 0.592401
0.508667 0.248901 -0.056885 -1.615101 -0.112025 0.556326
0.522705 0.293701 -0.085938 -1.279027 -0.185600 0.513130
0.536255 0.331177 -0.101440 -0.999677 -0.257989 0.457592
0.550049 0.358032 -0.127930 -0.781799 -0.291691 0.387339
