1.134033 -0.093994 -0.349854 0.014478 -0.136471 -0.084493
1.140381 -0.083008 -0.360229 0.016376 -0.152847 -0.115822
1.145264 -0.067993 -0.361084 0.014952 -0.109177 -0.142167
1.116455 -0.059082 -0.362671 0.020174 -0.077373 -0.162815
1.154541 -0.095703 -0.374756 0.050791 -0.242087 -0.150711
1.164795 -0.078979 -0.308594 0.110126 -0.200553 -0.191296
1.180420 -0.072144 -0.286987 0.217404 -0.164239 -0.162815
1.201782 -0.088379 -0.296509 0.330140 -0.040348 -0.097072
1.263428 -0.063110 -0.364624 0.451659 0.053402 -0.022785
1.332275 -0.018799 -0.454102 0.517639 0.065506 0.015664
1.386963 0.001343 -0.478516 0.453795 0.032753 -0.014003
1.437500 -0.002197 -0.479614 0.352450 -0.126740 -0.115347
1.466064 -0.010254 -0.476685 0.282198 -0.309966 -0.260362
1.469116 -0.028687 -0.481812 0.235679 -0.435282 -0.390899
1.489502 -0.049316 -0.495972 0.183464 -0.464000 -0.468035
1.550049 -0.068970 -0.518066 0.128401 -0.462102 -0.492718
1.627441 -0.075928 -0.542969 0.094461 -0.501263 -0.524047
1.682007 -0.072388 -0.576782 0.072389 -0.492481 -0.616610
1.694336 -0.074951 -0.607422 0.033940 -0.360520 -0.769695
1.689697 -0.090088 -0.640869 -0.027294 -0.256565 -0.937257
1.668335 -0.090576 -0.691406 -0.101107 -0.164239 -1.109091
1.625977 -0.095947 -0.725708 -0.192483 -0.035601 -1.295166
1.585693 -0.097412 -0.741577 -0.285995 0.071202 -1.467712
1.546997 -0.116577 -0.758911 -0.371200 0.129350 -1.638123
1.484863 -0.127930 -0.771118 -0.451184 0.157119 -1.812805
1.410278 -0.129028 -0.776855 -0.537338 0.187499 -1.974196
1.320313 -0.138794 -0.773193 -0.642717 0.245410 -2.100224
1.206177 -0.155396 -0.779785 -0.751657 0.309254 -2.194923
1.096313 -0.158447 -0.789551 -0.837574 0.335599 -2.243578
1.006836 -0.145264 -0.797241 -0.913760 0.345805 -2.247375
0.921875 -0.131226 -0.783325 -0.991845 0.334412 -2.212961
0.857666 -0.127319 -0.754639 -1.082746 0.302609 -2.152202
0.794556 -0.114624 -0.725464 -1.179344 0.249919 -2.105208
0.747070 -0.095459 -0.690063 -1.260277 0.186312 -2.062724
0.681763 -0.072754 -0.652588 -1.322935 0.137420 -2.025462
0.608887 -0.067383 -0.609619 -1.387491 0.146439 -1.967076
0.479614 -0.091919 -0.582764 -1.460117 0.185600 -1.875226
0.365234 -0.100220 -0.595337 -1.531319 0.209334 -1.694847
0.320313 -0.056396 -0.584717 -1.606794 0.199841 -1.393662
0.288330 -0.033936 -0.552124 -1.711698 0.165901 -1.067794
0.276489 0.005981 -0.513916 -1.783138 0.121044 -0.810280
0.289673 0.043945 -0.451538 -1.807821 0.093749 -0.580297
0.308960 0.084106 -0.386353 -1.806634 0.094224 -0.413684
0.326904 0.117676 -0.330566 -1.814229 0.087341 -0.345805
0.316528 0.136475 -0.269287 -1.823723 0.082594 -0.363131
0.289429 0.137329 -0.239502 -1.808533 0.093275 -0.409175
0.254517 0.133911 -0.208008 -1.763913 0.107515 -0.422466
0.223511 0.140137 -0.181885 -1.696746 0.088291 -0.382118
0.204590 0.154907 -0.147949 -1.616525 0.012579 -0.314951
0.186279 0.163574 -0.138184 -1.534880 -0.089240 -0.237103
0.183594 0.178711 -0.124268 -1.478630 -0.121756 -0.121044
0.182251 0.206177 -0.096069 -1.481003 -0.056962 0.061708
0.173340 0.227051 -0.067871 -1.540813 0.047231 0.269381
0.168457 0.242676 -0.034546 -1.616050 0.098971 0.455931
0.197266 0.241699 0.020264 -1.677996 0.080933 0.631800
0.240601 0.247192 0.080444 -1.688439 -0.011155 0.786071
0.281982 0.235352 0.134644 -1.645480 -0.159255 0.910675
0.311646 0.202271 0.175415 -1.575465 -0.297625 1.007509
0.334473 0.164307 0.197876 -1.492633 -0.386153 1.108616
0.355103 0.150757 0.234863 -1.405292 -0.397782 1.232271
0.380249 0.132935 0.253418 -1.300625 -0.387102 1.357824
0.383057 0.102539 0.234497 -1.162730 -0.470171 1.472459
0.413818 0.095825 0.213745 -1.022462 -0.647939 1.595401
0.490601 0.107910 0.202637 -0.905453 -0.852052 1.743502
0.585693 0.104126 0.213013 -0.822384 -1.044535 1.879972
0.694336 0.111694 0.257202 -0.771831 -1.218268 1.960668
0.756104 0.100342 0.306274 -0.745961 -1.258615 1.988674
0.744995 0.087280 0.344604 -0.694932 -1.176496 1.962804
0.679199 0.063110 0.355103 -0.611863 -1.079661 1.946428
0.660400 0.001587 0.368774 -0.510282 -1.026259 2.024750
0.750732 -0.058838 0.379639 -0.359096 -1.040974 2.237644
0.939819 -0.094482 0.373535 -0.149050 -1.028633 2.512959
1.142944 -0.103882 0.344604 0.070253 -0.842321 2.764540
1.315796 -0.072998 0.291748 0.271280 -0.553952 2.870868
1.428223 -0.035278 0.241089 0.408463 -0.321596 2.761692
1.504517 0.013916 0.218628 0.459491 -0.353400 2.510348
1.517578 -0.011230 0.242920 0.448810 -0.588367 2.170714
1.531616 -0.077881 0.297241 0.455219 -0.882668 1.838912
1.569824 -0.145752 0.336548 0.552054 -1.175546 1.628154
1.621948 -0.193848 0.361694 0.772305 -1.291368 1.533218
1.671143 -0.214233 0.340454 1.057588 -1.233932 1.492870
1.751465 -0.221680 0.288574 1.329343 -1.195720 1.492158
1.809448 -0.227783 0.177612 1.570955 -0.985200 1.487886
1.865479 -0.230957 0.041504 1.776492 -0.908301 1.424754
1.901978 -0.225464 -0.109009 1.879023 -0.833776 1.290182
1.927856 -0.271606 -0.187134 1.856001 -0.490108 1.113601
1.954712 -0.291260 -0.230225 1.828944 -0.203875 0.938681
1.950684 -0.284180 -0.256226 1.875226 -0.097072 0.721040
1.926514 -0.290161 -0.278687 1.934798 -0.094699 0.460915
1.880859 -0.301025 -0.299438 1.976095 -0.191059 0.187024
1.820801 -0.329712 -0.315063 2.018579 -0.294539 -0.059098
1.745605 -0.347900 -0.337280 2.103784 -0.335599 -0.256802
1.692383 -0.368896 -0.383545 2.212249 -0.395884 -0.401342
1.672363 -0.386841 -0.448242 2.306236 -0.461864 -0.468747
1.669434 -0.388062 -0.506958 2.387881 -0.502924 -0.497703
1.665527 -0.379761 -0.611328 2.436298 -0.482987 -0.546832
1.666016 -0.361084 -0.728394 2.412089 -0.433146 -0.635835
1.653198 -0.342163 -0.839844 2.319764 -0.383067 -0.758777
1.633057 -0.340576 -0.912842 2.149354 -0.286944 -0.892162
1.619019 -0.330566 -0.941895 1.932187 -0.248021 -1.029107
1.595825 -0.329102 -0.954102 1.720242 -0.250869 -1.176258
1.567261 -0.326782 -0.944214 1.547933 -0.255615 -1.326257
1.524658 -0.321777 -0.959717 1.401969 -0.269381 -1.471985
1.484741 -0.326660 -0.976807 1.244138 -0.223575 -1.578550
1.432739 -0.324707 -0.985718 1.087018 -0.031092 -1.651176
1.372192 -0.321289 -0.991455 0.943902 0.102768 -1.714072
1.307983 -0.315918 -1.007813 0.803634 0.135759 -1.766286
1.241089 -0.301025 -1.023804 0.657907 0.180853 -1.805922
1.180176 -0.290161 -1.018799 0.501500 0.217404 -1.846982
1.128174 -0.286255 -0.999146 0.326580 0.202214 -1.871191
1.077881 -0.289307 -0.970459 0.134809 0.196518 -1.840337
1.045654 -0.271484 -0.940308 -0.048892 0.269619 -1.757505
1.020996 -0.245605 -0.908691 -0.215980 0.416770 -1.668265
0.992188 -0.232178 -0.863159 -0.369301 0.553952 -1.613677
0.971313 -0.214600 -0.821777 -0.485124 0.595012 -1.599199
0.950439 -0.211182 -0.785400 -0.570329 0.559411 -1.607268
0.944824 -0.191040 -0.759766 -0.635360 0.463763 -1.605132
0.934204 -0.171875 -0.734375 -0.693034 0.386865 -1.583297
0.906128 -0.147827 -0.722412 -0.772780 0.408700 -1.544848
0.855225 -0.127197 -0.705200 -0.875074 0.467560 -1.512332
0.809692 -0.110840 -0.672363 -0.979978 0.467323 -1.484563
0.754517 -0.095337 -0.622437 -1.065658 0.389238 -1.442317
0.712158 -0.062134 -0.545654 -1.132113 0.334887 -1.379422
0.683960 -0.038818 -0.469727 -1.200942 0.382830 -1.298963
0.658691 -0.021606 -0.392090 -1.288758 0.456168 -1.187176
0.620605 -0.005615 -0.315674 -1.340973 0.525234 -1.074677
0.587891 0.012085 -0.239380 -1.337412 0.590740 -0.961465
0.569946 0.050049 -0.182495 -1.289470 0.583857 -0.842321
0.557373 0.073853 -0.144287 -1.225388 0.504823 -0.733144
0.561157 0.097290 -0.113281 -1.177683 0.420330 -0.609253
0.580200 0.099854 -0.080811 -1.143268 0.348178 -0.462814
0.628540 0.107300 -0.036987 -1.097224 0.277451 -0.305932
0.688599 0.132813 -0.011963 -1.033142 0.238764 -0.160679
0.751343 0.177490 0.004761 -0.991608 0.284808 -0.056962
0.783569 0.208252 0.024780 -0.988760 0.363843 -0.013291
0.814209 0.222900 0.032104 -1.003712 0.415108 -0.035838
0.826782 0.245117 0.037842 -1.025310 0.423652 -0.108227
0.810303 0.242676 0.054565 -1.043111 0.383542 -0.211708
0.774658 0.210571 0.087646 -1.044297 0.283384 -0.301659
0.749756 0.184204 0.129883 -1.013206 0.187736 -0.327292
0.745850 0.175781 0.168945 -0.927051 0.132673 -0.276027
0.754639 0.200073 0.191895 -0.793666 0.143591 -0.164477
0.783813 0.230591 0.188721 -0.668350 0.196043 -0.054826
0.803101 0.256470 0.156616 -0.567718 0.214793 0.019937
0.816406 0.285400 0.131592 -0.473969 0.200790 0.057674
0.834717 0.305786 0.100098 -0.391849 0.119145 0.060522
0.861450 0.313110 0.066528 -0.345093 -0.009968 0.038449
0.894165 0.309570 0.044678 -0.329666 -0.117246 0.010680
0.923584 0.306519 0.040894 -0.328004 -0.153797 -0.002136
0.930908 0.302612 0.039063 -0.342719 -0.122468 0.002373
