11453.000000 -1731.000000 -401.000000 712.000000 -1640.000000 -3035.000000
11468.000000 -2752.000000 -1685.000000 1465.000000 -2395.000000 -2548.000000
12109.000000 -2456.000000 -1903.000000 1499.000000 -2152.000000 -2852.000000
12533.000000 -2142.000000 -1879.000000 1730.000000 -2200.000000 -3147.000000
12656.000000 -2480.000000 -2222.000000 1839.000000 -2822.000000 -3332.000000
13068.000000 -2317.000000 -2296.000000 1973.000000 -3226.000000 -3756.000000
13013.000000 -2404.000000 -2712.000000 2250.000000 -2894.000000 -4349.000000
12924.000000 -2173.000000 -3240.000000 2332.000000 -2568.000000 -4802.000000
12718.000000 -2052.000000 -3659.000000 1985.000000 -2512.000000 -5316.000000
12297.000000 -2028.000000 -4011.000000 1396.000000 -2454.000000 -5790.000000
11905.000000 -1904.000000 -4211.000000 709.000000 -1815.000000 -6241.000000
11587.000000 -1952.000000 -4206.000000 -84.000000 -812.000000 -6657.000000
11249.000000 -1897.000000 -4022.000000 -752.000000 -19.000000 -7021.000000
10934.000000 -1875.000000 -3912.000000 -1100.000000 255.000000 -7363.000000
10404.000000 -1737.000000 -4056.000000 -1224.000000 595.000000 -7784.000000
9799.000000 -1775.000000 -4133.000000 -1311.000000 1092.000000 -8114.000000
9163.000000 -1639.000000 -4475.000000 -1317.000000 1442.000000 -8382.000000
8730.000000 -1525.000000 -4768.000000 -1348.000000 1396.000000 -8552.000000
8313.000000 -1359.000000 -5122.000000 -1483.000000 1312.000000 -8638.000000
7841.000000 -1181.000000 -5410.000000 -1716.000000 957.000000 -8685.000000
7469.000000 -1027.000000 -5660.000000 -2084.000000 367.000000 -8656.000000
7010.000000 -984.000000 -5778.000000 -2542.000000 -129.000000 -8504.000000
6774.000000 -922.000000 -5712.000000 -3015.000000 -528.000000 -8149.000000
6768.000000 -787.000000 -5518.000000 -3458.000000 -796.000000 -7670.000000
6655.000000 -711.000000 -5431.000000 -3850.000000 -866.000000 -7248.000000
6304.000000 -712.000000 -5415.000000 -4196.000000 -707.000000 -6917.000000
5998.000000 -558.000000 -5415.000000 -4613.000000 -135.000000 -6513.000000
5780.000000 -396.000000 -5262.000000 -5034.000000 532.000000 -6057.000000
5563.000000 -280.000000 -5194.000000 -5353.000000 796.000000 -5740.000000
5296.000000 -142.000000 -5110.000000 -5542.000000 640.000000 -5419.000000
5157.000000 -31.000000 -5005.000000 -5799.000000 342.000000 -5114.000000
4970.000000 75.000000 -4779.000000 -6114.000000 179.000000 -4818.000000
4786.000000 200.000000 -4550.000000 -6404.000000 79.000000 -4495.000000
4578.000000 293.000000 -4422.000000 -6698.000000 79.000000 -4139.000000
4292.000000 415.000000 -4297.000000 -6997.000000 136.000000 -3731.000000
4104.000000 405.000000 -4130.000000 -7341.000000 224.000000 -3302.000000
3963.000000 483.000000 -3802.000000 -7658.000000 347.000000 -2771.000000
3901.000000 638.000000 -3463.000000 -7929.000000 300.000000 -2264.000000
3703.000000 673.000000 -3161.000000 -8159.000000 301.000000 -1830.000000
3446.000000 759.000000 -2800.000000 -8335.000000 390.000000 -1450.000000
3011.000000 903.000000 -2373.000000 -8461.000000 572.000000 -1105.000000
2469.000000 873.000000 -1937.000000 -8536.000000 620.000000 -750.000000
1873.000000 957.000000 -1574.000000 -8572.000000 484.000000 -285.000000
1342.000000 1196.000000 -1273.000000 -8611.000000 120.000000 283.000000
1104.000000 1163.000000 -807.000000 -8799.000000 -288.000000 1022.000000
1109.000000 1032.000000 -28.000000 -8928.000000 -688.000000 1882.000000
1434.000000 882.000000 543.000000 -8749.000000 -1082.000000 2861.000000
1946.000000 755.000000 882.000000 -8336.000000 -1401.000000 3870.000000
2514.000000 651.000000 1170.000000 -7868.000000 -1483.000000 4862.000000
3094.000000 543.000000 1304.000000 -7357.000000 -1514.000000 5730.000000
3785.000000 455.000000 1346.000000 -6808.000000 -1577.000000 6491.000000
4427.000000 526.000000 1338.000000 -6323.000000 -1650.000000 7079.000000
4889.000000 494.000000 1376.000000 -5994.000000 -1643.000000 7458.000000
5199.000000 417.000000 1409.000000 -5722.000000 -1646.000000 7709.000000
5549.000000 418.000000 1561.000000 -5564.000000 -1666.000000 7903.000000
5813.000000 312.000000 1884.000000 -5490.000000 -1609.000000 7956.000000
5927.000000 93.000000 2345.000000 -5345.000000 -1542.000000 7874.000000
5684.000000 -220.000000 2651.000000 -5066.000000 -1390.000000 7737.000000
5250.000000 -582.000000 2799.000000 -4670.000000 -1331.000000 7770.000000
5210.000000 -973.000000 3077.000000 -4324.000000 -1153.000000 8232.000000
5710.000000 -1632.000000 3552.000000 -4093.000000 -466.000000 9025.000000
6382.000000 -2516.000000 3905.000000 -3763.000000 507.000000 9880.000000
7315.000000 -3013.000000 4377.000000 -3482.000000 1747.000000 10968.000000
8354.000000 -3072.000000 4683.000000 -3068.000000 3081.000000 12025.000000
9572.000000 -2854.000000 4924.000000 -2435.000000 3498.000000 12480.000000
10893.000000 -2693.000000 5170.000000 -1645.000000 2572.000000 12085.000000
12274.000000 -2601.000000 5140.000000 -659.000000 587.000000 10869.000000
13316.000000 -2521.000000 4769.000000 529.000000 -1773.000000 9188.000000
13669.000000 -2443.000000 4223.000000 1615.000000 -3637.000000 7426.000000
13293.000000 -2339.000000 3511.000000 2608.000000 -5013.000000 5836.000000
12732.000000 -2229.000000 2851.000000 3463.000000 -5962.000000 4661.000000
12438.000000 -2227.000000 2438.000000 4105.000000 -6772.000000 3996.000000
12450.000000 -2301.000000 2189.000000 4611.000000 -6900.000000 3765.000000
12797.000000 -2807.000000 1879.000000 5103.000000 -6435.000000 3984.000000
13402.000000 -2925.000000 1585.000000 5669.000000 -5776.000000 4723.000000
13989.000000 -2691.000000 1045.000000 6367.000000 -5071.000000 5272.000000
14437.000000 -2443.000000 411.000000 6943.000000 -3824.000000 5270.000000
14357.000000 -2261.000000 -2.000000 7300.000000 -2771.000000 4655.000000
13770.000000 -2232.000000 -454.000000 7488.000000 -2285.000000 3513.000000
12906.000000 -2448.000000 -807.000000 7527.000000 -2123.000000 2319.000000
12286.000000 -2714.000000 -860.000000 7493.000000 -2397.000000 1433.000000
11993.000000 -2946.000000 -841.000000 7624.000000 -3104.000000 908.000000
12181.000000 -2979.000000 -1043.000000 8101.000000 -4201.000000 637.000000
12301.000000 -2923.000000 -1652.000000 8731.000000 -5413.000000 467.000000
12356.000000 -2858.000000 -2525.000000 9158.000000 -6135.000000 204.000000
12332.000000 -2685.000000 -3365.000000 9258.000000 -6155.000000 -65.000000
12305.000000 -2575.000000 -4230.000000 9087.000000 -5728.000000 -452.000000
12425.000000 -2559.000000 -4793.000000 8647.000000 -5281.000000 -964.000000
12804.000000 -2464.000000 -5557.000000 8170.000000 -5061.000000 -1497.000000
13399.000000 -2380.000000 -5984.000000 7367.000000 -4949.000000 -1929.000000
13681.000000 -2654.000000 -6525.000000 6298.000000 -4770.000000 -2303.000000
13833.000000 -2409.000000 -6451.000000 5836.000000 -3532.000000 -3355.000000
13360.000000 -2343.000000 -6690.000000 5315.000000 -2568.000000 -4306.000000
12834.000000 -2519.000000 -6617.000000 4546.000000 -2082.000000 -5213.000000
12305.000000 -2651.000000 -6598.000000 4033.000000 -2214.000000 -6220.000000
11743.000000 -2850.000000 -6537.000000 3552.000000 -2465.000000 -6953.000000
11031.000000 -3100.000000 -6464.000000 3083.000000 -2431.000000 -7277.000000
10466.000000 -3149.000000 -6366.000000 2625.000000 -1909.000000 -7235.000000
10053.000000 -3135.000000 -6035.000000 2158.000000 -1110.000000 -7050.000000
9835.000000 -3105.000000 -5887.000000 1845.000000 -389.000000 -6876.000000
9798.000000 -2890.000000 -5780.000000 1648.000000 311.000000 -6752.000000
9771.000000 -2713.000000 -5560.000000 1468.000000 969.000000 -6837.000000
9494.000000 -2649.000000 -5466.000000 1309.000000 1630.000000 -7159.000000
9133.000000 -2603.000000 -5390.000000 1146.000000 2183.000000 -7563.000000
8650.000000 -2534.000000 -5337.000000 992.000000 2608.000000 -7889.000000
8143.000000 -2400.000000 -5447.000000 921.000000 2713.000000 -8100.000000
7529.000000 -2197.000000 -5854.000000 696.000000 2533.000000 -8158.000000
6866.000000 -1926.000000 -6264.000000 185.000000 2099.000000 -8015.000000
6500.000000 -1602.000000 -6361.000000 -559.000000 1496.000000 -7648.000000
6454.000000 -1314.000000 -6117.000000 -1515.000000 772.000000 -7158.000000
6707.000000 -1225.000000 -5589.000000 -2395.000000 27.000000 -6672.000000
6888.000000 -1214.000000 -5081.000000 -3020.000000 -237.000000 -6204.000000
6990.000000 -1121.000000 -4640.000000 -3503.000000 157.000000 -5773.000000
6887.000000 -1061.000000 -4287.000000 -3809.000000 683.000000 -5501.000000
6730.000000 -930.000000 -4152.000000 -3873.000000 867.000000 -5288.000000
6598.000000 -739.000000 -4151.000000 -3916.000000 878.000000 -5121.000000
6460.000000 -514.000000 -4133.000000 -4053.000000 929.000000 -4919.000000
6342.000000 -301.000000 -4061.000000 -4268.000000 1161.000000 -4675.000000
6076.000000 -105.000000 -3877.000000 -4478.000000 1148.000000 -4474.000000
5884.000000 96.000000 -3627.000000 -4724.000000 1093.000000 -4292.000000
5763.000000 207.000000 -3216.000000 -4952.000000 1073.000000 -4059.000000
5719.000000 321.000000 -2775.000000 -5090.000000 1131.000000 -3759.000000
5700.000000 489.000000 -2451.000000 -5055.000000 1103.000000 -3426.000000
5666.000000 633.000000 -2198.000000 -5019.000000 1116.000000 -3085.000000
5650.000000 745.000000 -1952.000000 -5001.000000 1269.000000 -2740.000000
5610.000000 871.000000 -1684.000000 -4938.000000 1424.000000 -2373.000000
5510.000000 981.000000 -1436.000000 -4871.000000 1568.000000 -1942.000000
5564.000000 1147.000000 -1155.000000 -4811.000000 1746.000000 -1527.000000
5742.000000 1303.000000 -957.000000 -4727.000000 1801.000000 -1225.000000
5855.000000 1405.000000 -779.000000 -4630.000000 1546.000000 -1102.000000
5906.000000 1460.000000 -608.000000 -4624.000000 1194.000000 -1083.000000
6022.000000 1459.000000 -242.000000 -4631.000000 905.000000 -1090.000000
6176.000000 1413.000000 135.000000 -4556.000000 763.000000 -1018.000000
6218.000000 1461.000000 367.000000 -4301.000000 708.000000 -831.000000
6251.000000 1580.000000 438.000000 -3928.000000 523.000000 -627.000000
6343.000000 1672.000000 447.000000 -3646.000000 476.000000 -394.000000
6460.000000 1676.000000 595.000000 -3441.000000 510.000000 -171.000000
6749.000000 1635.000000 710.000000 -3243.000000 438.000000 50.000000
7144.000000 1717.000000 780.000000 -3010.000000 335.000000 334.000000
7410.000000 1832.000000 808.000000 -2795.000000 411.000000 525.000000
7623.000000 1884.000000 878.000000 -2578.000000 390.000000 553.000000
7871.000000 1989.000000 806.000000 -2259.000000 54.000000 485.000000
8021.000000 2081.000000 624.000000 -1961.000000 -270.000000 410.000000
8215.000000 2146.000000 469.000000 -1839.000000 -185.000000 423.000000
8386.000000 2199.000000 461.000000 -1767.000000 -45.000000 419.000000
8462.000000 2224.000000 446.000000 -1620.000000 -60.000000 388.000000
8442.000000 2163.000000 430.000000 -1432.000000 -88.000000 327.000000
8519.000000 2128.000000 339.000000 -1263.000000 -3.000000 310.000000
8630.000000 2150.000000 425.000000 -1084.000000 69.000000 344.000000
8780.000000 2132.000000 314.000000 -870.000000 15.000000 371.000000
