10110.000000 -229.000000 3850.000000 -3618.000000 -56.000000 -866.000000
10903.000000 -488.000000 4008.000000 -3092.000000 -477.000000 -457.000000
11184.000000 -109.000000 4252.000000 -2659.000000 -146.000000 -601.000000
11682.000000 232.000000 4492.000000 -2461.000000 400.000000 -708.000000
12053.000000 280.000000 4803.000000 -2279.000000 1136.000000 -947.000000
12203.000000 449.000000 5186.000000 -2277.000000 2006.000000 -1398.000000
12242.000000 330.000000 5765.000000 -2317.000000 2925.000000 -1907.000000
11947.000000 378.000000 6326.000000 -2167.000000 3737.000000 -2507.000000
11586.000000 322.000000 6997.000000 -1776.000000 3946.000000 -3086.000000
11080.000000 286.000000 7048.000000 -1235.000000 3515.000000 -3731.000000
10560.000000 650.000000 7431.000000 -490.000000 2657.000000 -4340.000000
10059.000000 232.000000 7191.000000 353.000000 1520.000000 -4779.000000
9379.000000 2.000000 7017.000000 1243.000000 247.000000 -5243.000000
8639.000000 95.000000 6655.000000 2263.000000 -944.000000 -5963.000000
7870.000000 256.000000 6336.000000 3304.000000 -2072.000000 -6631.000000
7278.000000 477.000000 5967.000000 4228.000000 -3308.000000 -7206.000000
6531.000000 554.000000 5449.000000 4860.000000 -4318.000000 -7662.000000
5558.000000 483.000000 4975.000000 5211.000000 -5144.000000 -7957.000000
4698.000000 575.000000 4508.000000 5410.000000 -6149.000000 -8024.000000
3756.000000 604.000000 4442.000000 5360.000000 -6189.000000 -7681.000000
2657.000000 508.000000 4568.000000 5304.000000 -6173.000000 -6912.000000
1406.000000 398.000000 4486.000000 5485.000000 -5460.000000 -5553.000000
431.000000 308.000000 4141.000000 5849.000000 -4463.000000 -3639.000000
-54.000000 379.000000 3720.000000 6519.000000 -3143.000000 -1577.000000
-158.000000 447.000000 2960.000000 7458.000000 -1961.000000 505.000000
191.000000 272.000000 2288.000000 8488.000000 -1256.000000 2534.000000
662.000000 220.000000 1003.000000 9605.000000 -1459.000000 4270.000000
1483.000000 482.000000 -466.000000 10632.000000 -2441.000000 5708.000000
2350.000000 739.000000 -1750.000000 11209.000000 -4056.000000 6810.000000
3169.000000 378.000000 -3107.000000 11289.000000 -6455.000000 7906.000000
3638.000000 142.000000 -4238.000000 10833.000000 -7818.000000 8581.000000
3772.000000 7.000000 -4831.000000 10049.000000 -8572.000000 8777.000000
3913.000000 -306.000000 -4645.000000 9209.000000 -9106.000000 9018.000000
4211.000000 -893.000000 -4300.000000 8594.000000 -10058.000000 9242.000000
4711.000000 -1624.000000 -4167.000000 8509.000000 -11441.000000 9560.000000
4861.000000 -2430.000000 -4414.000000 9130.000000 -12452.000000 9899.000000
5461.000000 -2998.000000 -4479.000000 10063.000000 -12735.000000 10309.000000
6087.000000 -3764.000000 -4801.000000 10795.000000 -12558.000000 11063.000000
8059.000000 -4073.000000 -5735.000000 11625.000000 -12507.000000 11785.000000
10912.000000 -3732.000000 -7683.000000 12257.000000 -12432.000000 12066.000000
12918.000000 -3366.000000 -9363.000000 11933.000000 -11397.000000 11765.000000
14237.000000 -2898.000000 -10492.000000 10387.000000 -9089.000000 10653.000000
14753.000000 -2518.000000 -10633.000000 7900.000000 -6514.000000 8750.000000
14646.000000 -2454.000000 -10216.000000 5270.000000 -4143.000000 6556.000000
14047.000000 -2780.000000 -9533.000000 2987.000000 -2435.000000 4602.000000
13815.000000 -2831.000000 -8389.000000 998.000000 -1343.000000 2946.000000
13779.000000 -2990.000000 -6774.000000 -514.000000 -761.000000 1398.000000
13661.000000 -3241.000000 -5355.000000 -1166.000000 -637.000000 -143.000000
12952.000000 -3507.000000 -4420.000000 -1048.000000 -318.000000 -1397.000000
12072.000000 -3678.000000 -4073.000000 -504.000000 388.000000 -2158.000000
11098.000000 -3650.000000 -4049.000000 119.000000 1218.000000 -2443.000000
10224.000000 -3651.000000 -4171.000000 780.000000 1958.000000 -2484.000000
9980.000000 -3188.000000 -4382.000000 1350.000000 2278.000000 -2251.000000
10308.000000 -2826.000000 -4495.000000 1333.000000 2278.000000 -2062.000000
10683.000000 -2602.000000 -4563.000000 1028.000000 2151.000000 -2146.000000
10890.000000 -2488.000000 -4683.000000 718.000000 1946.000000 -2438.000000
11355.000000 -2303.000000 -4705.000000 355.000000 1725.000000 -2850.000000
11734.000000 -2348.000000 -4648.000000 -13.000000 1631.000000 -3369.000000
11695.000000 -2465.000000 -4702.000000 -219.000000 1462.000000 -4009.000000
11620.000000 -2355.000000 -5034.000000 -280.000000 1284.000000 -4551.000000
11651.000000 -1947.000000 -5308.000000 -476.000000 1131.000000 -4763.000000
11704.000000 -1934.000000 -5740.000000 -877.000000 1070.000000 -4835.000000
11480.000000 -1704.000000 -6236.000000 -1296.000000 1402.000000 -5176.000000
11093.000000 -1410.000000 -6471.000000 -1969.000000 1956.000000 -5638.000000
10523.000000 -1292.000000 -6572.000000 -2832.000000 2143.000000 -6193.000000
10029.000000 -1142.000000 -6539.000000 -3619.000000 1786.000000 -6772.000000
9659.000000 -966.000000 -6565.000000 -4344.000000 1697.000000 -7208.000000
9380.000000 -736.000000 -6484.000000 -5089.000000 1850.000000 -7547.000000
9087.000000 -598.000000 -6139.000000 -5851.000000 2015.000000 -7863.000000
8664.000000 -424.000000 -5933.000000 -6524.000000 2245.000000 -8100.000000
8022.000000 -433.000000 -5646.000000 -7213.000000 2915.000000 -8230.000000
7253.000000 -455.000000 -5226.000000 -7870.000000 3925.000000 -8336.000000
6560.000000 -488.000000 -4904.000000 -8340.000000 4714.000000 -8328.000000
5973.000000 -456.000000 -4584.000000 -8651.000000 4962.000000 -8129.000000
5634.000000 -271.000000 -4246.000000 -8959.000000 5045.000000 -7667.000000
5322.000000 -127.000000 -3840.000000 -9299.000000 5228.000000 -7145.000000
5045.000000 -48.000000 -3400.000000 -9604.000000 5481.000000 -6727.000000
4689.000000 18.000000 -2977.000000 -9862.000000 5635.000000 -6404.000000
4329.000000 133.000000 -2482.000000 -10041.000000 5602.000000 -6126.000000
3891.000000 164.000000 -2033.000000 -10141.000000 5504.000000 -5878.000000
3543.000000 343.000000 -1439.000000 -10170.000000 5161.000000 -5710.000000
3084.000000 437.000000 -926.000000 -10152.000000 4584.000000 -5466.000000
2667.000000 562.000000 -390.000000 -10121.000000 4131.000000 -5038.000000
2487.000000 657.000000 169.000000 -10025.000000 3873.000000 -4358.000000
2584.000000 742.000000 758.000000 -9764.000000 3604.000000 -3527.000000
2771.000000 978.000000 1233.000000 -9276.000000 3322.000000 -2766.000000
2799.000000 1113.000000 1572.000000 -8748.000000 3022.000000 -2124.000000
2911.000000 1290.000000 1907.000000 -8259.000000 2740.000000 -1432.000000
2993.000000 1423.000000 2187.000000 -7822.000000 2522.000000 -773.000000
3148.000000 1489.000000 2371.000000 -7396.000000 2310.000000 -149.000000
3442.000000 1567.000000 2665.000000 -7002.000000 2172.000000 497.000000
3859.000000 1602.000000 2964.000000 -6628.000000 1991.000000 1090.000000
4320.000000 1654.000000 3248.000000 -6222.000000 1741.000000 1612.000000
4886.000000 1649.000000 3494.000000 -5790.000000 1442.000000 2028.000000
5445.000000 1615.000000 3897.000000 -5324.000000 1027.000000 2335.000000
5978.000000 1539.000000 4146.000000 -4771.000000 597.000000 2525.000000
6417.000000 1539.000000 4273.000000 -4200.000000 453.000000 2644.000000
6838.000000 1566.000000 4312.000000 -3623.000000 355.000000 2816.000000
7345.000000 1645.000000 4281.000000 -3091.000000 200.000000 2955.000000
7829.000000 1736.000000 4162.000000 -2571.000000 -47.000000 2986.000000
8371.000000 1776.000000 3955.000000 -2117.000000 -335.000000 2927.000000
8973.000000 1793.000000 3725.000000 -1791.000000 -566.000000 2787.000000
9504.000000 1841.000000 3579.000000 -1568.000000 -714.000000 2539.000000
9962.000000 1704.000000 3532.000000 -1373.000000 -863.000000 2158.000000
10198.000000 1742.000000 3466.000000 -1231.000000 -848.000000 1675.000000
10232.000000 1801.000000 3529.000000 -1088.000000 -625.000000 1202.000000
10000.000000 1796.000000 3464.000000 -877.000000 -471.000000 715.000000
9784.000000 1793.000000 3297.000000 -691.000000 -513.000000 264.000000
9813.000000 1782.000000 3224.000000 -560.000000 -685.000000 -5.000000
9910.000000 1806.000000 3201.000000 -320.000000 -796.000000 -153.000000
9785.000000 1902.000000 3011.000000 36.000000 -686.000000 -245.000000
9542.000000 2071.000000 2677.000000 380.000000 -396.000000 -313.000000
9235.000000 2161.000000 2386.000000 641.000000 -174.000000 -435.000000
9037.000000 2262.000000 2062.000000 792.000000 -156.000000 -581.000000
8875.000000 2396.000000 1809.000000 845.000000 -292.000000 -712.000000
8791.000000 2461.000000 1558.000000 819.000000 -447.000000 -801.000000
8744.000000 2470.000000 1302.000000 712.000000 -438.000000 -829.000000
8681.000000 2494.000000 1149.000000 572.000000 -309.000000 -825.000000
8553.000000 2456.000000 1047.000000 393.000000 -152.000000 -813.000000
8355.000000 2401.000000 1031.000000 209.000000 -70.000000 -810.000000
8236.000000 2343.000000 1036.000000 16.000000 -106.000000 -812.000000
8235.000000 2228.000000 1106.000000 -155.000000 -191.000000 -813.000000
8241.000000 2140.000000 1183.000000 -250.000000 -227.000000 -789.000000
8203.000000 2047.000000 1242.000000 -307.000000 -140.000000 -727.000000
8083.000000 2006.000000 1356.000000 -332.000000 33.000000 -688.000000
7966.000000 1945.000000 1361.000000 -307.000000 135.000000 -669.000000
7881.000000 1979.000000 1387.000000 -276.000000 129.000000 -614.000000
7854.000000 1961.000000 1396.000000 -240.000000 0.000000 -557.000000
7837.000000 1937.000000 1423.000000 -185.000000 -190.000000 -507.000000
7851.000000 1962.000000 1355.000000 -115.000000 -286.000000 -403.000000
7862.000000 1983.000000 1325.000000 -31.000000 -259.000000 -270.000000
7858.000000 2018.000000 1282.000000 5.000000 -250.000000 -195.000000
7896.000000 2022.000000 1248.000000 1.000000 -298.000000 -148.000000
7983.000000 2003.000000 1216.000000 -8.000000 -321.000000 -81.000000
8010.000000 2056.000000 1189.000000 -15.000000 -345.000000 -45.000000
8003.000000 2062.000000 1200.000000 -27.000000 -435.000000 -59.000000
8047.000000 2071.000000 1269.000000 -33.000000 -554.000000 -100.000000
8017.000000 2092.000000 1261.000000 15.000000 -656.000000 -123.000000
7995.000000 2106.000000 1198.000000 94.000000 -685.000000 -129.000000
7983.000000 2178.000000 1112.000000 122.000000 -645.000000 -99.000000
7989.000000 2173.000000 1067.000000 145.000000 -638.000000 -61.000000
7984.000000 2177.000000 979.000000 147.000000 -652.000000 12.000000
8030.000000 2171.000000 997.000000 85.000000 -559.000000 107.000000
8085.000000 2127.000000 1076.000000 64.000000 -438.000000 213.000000
8164.000000 2157.000000 1011.000000 115.000000 -374.000000 274.000000
8228.000000 2181.000000 987.000000 159.000000 -435.000000 275.000000
8255.000000 2244.000000 842.000000 122.000000 -525.000000 256.000000
8185.000000 2250.000000 767.000000 -10.000000 -505.000000 223.000000
8134.000000 2228.000000 829.000000 -135.000000 -475.000000 214.000000
8133.000000 2220.000000 864.000000 -184.000000 -536.000000 262.000000
