1.045532 0.036987 0.138672 -0.325631 -0.165664 -0.103480
1.040405 0.061768 0.106445 -0.334887 -0.242799 -0.058386
1.003784 0.104248 0.145020 -0.383305 -0.292403 0.032041
1.179077 0.075928 0.071655 -0.395172 -0.490345 0.172546
1.276123 0.080811 0.081909 -0.496516 -0.132436 0.249445
1.403198 0.096191 0.121826 -0.590028 0.007832 0.272941
1.503662 0.097900 0.174316 -0.631562 0.072626 0.215980
1.583008 0.112549 0.222412 -0.637733 0.086867 0.105379
1.648193 0.121826 0.278564 -0.623256 0.059335 -0.037025
1.717896 0.143799 0.314453 -0.572939 0.018513 -0.203638
1.759277 0.158569 0.357300 -0.530456 -0.000712 -0.382593
1.788818 0.168823 0.405273 -0.514316 -0.048892 -0.553003
1.790771 0.160278 0.468994 -0.505772 -0.119620 -0.751894
1.762451 0.113892 0.537598 -0.503873 -0.278163 -0.996117
1.693970 0.048828 0.626709 -0.496516 -0.376184 -1.247460
1.596924 -0.017334 0.714722 -0.433621 -0.429823 -1.457744
1.468018 -0.082886 0.793213 -0.294302 -0.512892 -1.608692
1.345581 -0.085205 0.837402 -0.079272 -0.571990 -1.674198
1.227783 -0.078979 0.886353 0.155221 -0.606879 -1.700306
1.114014 -0.082397 0.908569 0.400156 -0.705850 -1.727125
1.010376 -0.084351 0.883545 0.676182 -0.831640 -1.705527
0.927490 -0.063110 0.831909 0.976418 -0.970484 -1.645718
0.803955 -0.045410 0.737671 1.257903 -1.073490 -1.567870
0.683472 -0.035889 0.621338 1.483614 -1.078474 -1.428551
0.614380 -0.010132 0.516602 1.676809 -1.033380 -1.238679
0.551514 -0.005249 0.431152 1.811856 -0.886229 -1.012494
0.488770 0.005981 0.353516 1.862647 -0.573177 -0.756641
0.415894 0.017212 0.282837 1.853628 -0.203401 -0.524047
0.308472 0.030396 0.167969 1.860036 0.019462 -0.377846
0.224365 0.047119 0.105835 1.905131 0.000712 -0.268432
0.185059 0.047974 0.050537 1.915099 -0.224999 -0.200078
0.175903 0.064453 0.018433 1.845558 -0.583620 -0.105142
0.176636 0.037720 -0.010010 1.812568 -0.909725 -0.013766
0.155640 0.017944 -0.051758 1.826808 -1.089155 0.096360
0.133057 -0.020142 -0.130249 1.837251 -1.186464 0.243274
0.142090 -0.046875 -0.174194 1.835352 -1.167952 0.425314
0.184448 -0.057983 -0.204834 1.827520 -1.162967 0.641293
0.234253 -0.056519 -0.242676 1.837963 -1.185752 0.840422
0.273438 -0.063965 -0.283081 1.860036 -1.230609 0.981639
0.298706 -0.070557 -0.334229 1.883533 -1.328631 1.082746
0.343018 -0.086060 -0.365234 1.887330 -1.366131 1.184565
0.368042 -0.111206 -0.372437 1.882108 -1.401257 1.269296
0.406738 -0.135498 -0.412109 1.926016 -1.542237 1.350941
0.461304 -0.158813 -0.466187 1.977994 -1.599436 1.457032
0.532715 -0.174194 -0.513062 1.996269 -1.572617 1.578788
0.614990 -0.193115 -0.578979 2.016443 -1.577126 1.697458
0.714355 -0.214478 -0.640381 2.021427 -1.612727 1.813754
0.856567 -0.212280 -0.724609 2.038041 -1.830843 1.888754
1.006226 -0.207764 -0.797852 2.034244 -1.745163 1.906317
1.178711 -0.201782 -0.863037 1.982503 -1.643344 1.862647
1.339355 -0.180054 -0.938354 1.911776 -1.578313 1.784087
1.443604 -0.165894 -0.997437 1.810669 -1.392950 1.664467
1.512573 -0.155640 -1.052002 1.669452 -1.233932 1.484801
1.520386 -0.172241 -1.060181 1.479579 -0.997067 1.257192
1.489746 -0.261108 -1.060547 1.289470 -0.884093 1.028158
1.504517 -0.302124 -1.047852 1.201891 -0.942478 0.876735
1.574219 -0.311035 -1.037354 1.205214 -1.071354 0.762337
1.638062 -0.303955 -1.078369 1.218742 -1.160357 0.624442
1.678223 -0.309814 -1.144409 1.191686 -1.085594 0.471120
1.718994 -0.323853 -1.221680 1.106243 -0.923016 0.310678
1.773193 -0.328247 -1.267090 0.929187 -0.722227 0.147151
1.817749 -0.332275 -1.263184 0.658857 -0.473019 -0.017563
1.857666 -0.318481 -1.216309 0.401105 -0.225473 -0.246834
1.893433 -0.310425 -1.165894 0.210521 -0.034652 -0.555851
1.883179 -0.327148 -1.108643 0.055538 0.160679 -0.923491
1.803833 -0.382568 -1.036621 -0.059098 0.387102 -1.298014
1.631470 -0.456787 -1.030151 -0.109889 0.555139 -1.609879
1.451050 -0.500000 -1.041992 -0.137420 0.681879 -1.757742
1.256348 -0.534668 -1.083862 -0.167562 0.707749 -1.751571
1.223267 -0.456055 -1.075562 -0.227372 0.590265 -1.616525
1.292847 -0.378540 -1.036133 -0.390899 0.453083 -1.429738
1.337280 -0.335327 -0.963867 -0.632512 0.451184 -1.364469
1.339233 -0.329712 -0.901733 -0.817875 0.630376 -1.410039
1.302246 -0.338135 -0.832275 -0.922542 0.906877 -1.479817
1.244385 -0.326050 -0.813477 -0.936070 1.155373 -1.566921
1.163574 -0.275146 -0.832153 -0.905928 1.296353 -1.676097
1.063477 -0.328003 -0.852905 -0.908301 1.107904 -1.797615
0.933960 -0.293945 -0.938232 -0.906403 1.009646 -1.829419
0.841553 -0.245483 -0.984253 -0.988285 0.953633 -1.874988
0.789917 -0.222168 -0.975220 -1.189550 0.670012 -1.888517
0.782349 -0.173462 -0.933838 -1.414548 0.613050 -1.841286
0.728149 -0.166382 -0.906128 -1.615575 0.720802 -1.841049
0.692627 -0.181396 -0.807129 -1.809957 0.717242 -1.862884
0.622559 -0.172485 -0.736450 -1.961380 0.704901 -1.876887
0.541504 -0.150879 -0.662842 -2.079576 0.706799 -1.852678
0.455078 -0.159546 -0.580444 -2.184005 0.648651 -1.770084
0.383667 -0.142334 -0.519043 -2.223166 0.603082 -1.630528
0.323486 -0.107910 -0.468262 -2.226964 0.598098 -1.468187
0.279419 -0.073120 -0.409424 -2.258768 0.621357 -1.305372
0.261719 -0.030762 -0.346558 -2.294606 0.658619 -1.121196
0.245605 -0.001343 -0.279419 -2.302438 0.654585 -0.959092
0.227661 0.021118 -0.224121 -2.309796 0.642005 -0.815976
0.211914 0.046509 -0.167969 -2.318577 0.612813 -0.666926
0.225952 0.059326 -0.095825 -2.310508 0.579110 -0.504348
0.245972 0.090942 -0.001709 -2.273957 0.548493 -0.352688
0.295532 0.118164 0.083618 -2.186853 0.432909 -0.222388
0.344238 0.156860 0.143188 -2.068658 0.368589 -0.082832
0.382813 0.189331 0.186768 -1.940257 0.365741 0.070965
0.451172 0.231812 0.233521 -1.848169 0.402054 0.245885
0.534058 0.281616 0.291504 -1.781001 0.451421 0.395646
0.614868 0.318359 0.338623 -1.700068 0.465662 0.490582
0.690063 0.356812 0.368530 -1.594927 0.443826 0.541373
0.765015 0.375488 0.401245 -1.487412 0.382593 0.549443
0.841064 0.384155 0.428711 -1.375387 0.298099 0.531642
0.882935 0.377441 0.416138 -1.243900 0.228559 0.502687
0.928833 0.383545 0.395874 -1.106955 0.132436 0.472545
0.975708 0.395508 0.385010 -0.984013 0.006883 0.433858
0.990112 0.388794 0.370728 -0.892162 -0.095173 0.373099
0.996094 0.377563 0.362061 -0.817637 -0.176581 0.333463
1.001221 0.366211 0.340332 -0.735992 -0.193907 0.323020
1.033203 0.363525 0.337036 -0.646278 -0.231407 0.319697
1.052856 0.346680 0.316772 -0.567481 -0.274840 0.323732
1.076782 0.349976 0.278931 -0.498652 -0.310916 0.337023
1.076416 0.342773 0.247559 -0.433621 -0.262498 0.329903
1.076172 0.336792 0.211304 -0.360520 -0.224049 0.305694
1.076904 0.339722 0.176880 -0.289555 -0.234492 0.280536
1.084473 0.349609 0.140747 -0.228559 -0.255615 0.257040
1.089355 0.355469 0.092285 -0.187499 -0.248258 0.239714
1.098389 0.362671 0.050171 -0.175394 -0.204587 0.228796
1.106567 0.367554 0.018555 -0.183701 -0.158306 0.206011
1.109375 0.367798 -0.000488 -0.210521 -0.124129 0.162341
1.109985 0.373657 -0.008789 -0.236628 -0.094461 0.112499
1.102905 0.367310 -0.021973 -0.268669 -0.042247 0.073101
1.082031 0.358032 -0.017822 -0.321121 0.046519 0.042959
1.063477 0.344116 0.011475 -0.373336 0.130062 0.029668
1.057007 0.333374 0.040161 -0.392323 0.166138 0.026345
1.045898 0.326782 0.058716 -0.380931 0.183227 0.017089
1.032959 0.312622 0.079224 -0.358858 0.205299 0.002373
1.024902 0.302490 0.089600 -0.335599 0.219540 0.004509
1.013550 0.298096 0.108154 -0.301659 0.222151 0.013766
0.995483 0.286499 0.099365 -0.253005 0.212657 0.018038
1.008667 0.280518 0.103638 -0.212657 0.194144 0.036788
1.048096 0.290161 0.112671 -0.166613 0.135284 0.065981
1.067505 0.300903 0.096313 -0.109889 0.088053 0.069303
1.067261 0.302612 0.064941 -0.076424 0.102056 0.055538
1.057861 0.301392 0.051147 -0.067879 0.144778 0.037737
1.052734 0.296021 0.041992 -0.067879 0.136945 0.025158
1.054565 0.296631 0.051270 -0.070015 0.085917 0.022785
1.063477 0.294312 0.044312 -0.064319 0.059098 0.016851
1.068237 0.291626 0.052002 -0.048417 0.057199 0.007832
1.072876 0.286865 0.044800 -0.018750 0.030617 -0.011155
1.078247 0.278564 0.030640 0.012342 -0.006646 -0.028243
1.076904 0.282593 0.007446 0.042959 -0.013528 -0.026819
1.071045 0.285156 -0.007324 0.055538 0.010680 -0.021835
1.061157 0.298096 -0.026978 0.060284 0.019937 -0.028956
1.051025 0.309448 -0.039917 0.057911 0.009968 -0.040585
1.038330 0.298218 -0.050903 0.038686 -0.009731 -0.052215
1.036865 0.301880 -0.058472 0.011867 -0.027057 -0.055300
1.028687 0.297241 -0.057617 -0.010680 -0.028956 -0.044383
1.022095 0.292969 -0.057983 -0.028718 -0.020649 -0.039873
