0.970947 0.119385 -0.328857 -0.075000 0.269144 0.186312
0.970703 0.119629 -0.315308 -0.131724 0.287182 0.182040
0.969971 0.108276 -0.294922 -0.164002 0.294302 0.192483
0.911987 0.184937 -0.286987 -0.173021 0.310204 0.208147
0.964600 0.068970 -0.252075 -0.182040 0.318748 0.239951
0.976685 0.109863 -0.260254 -0.178480 0.304982 0.266533
0.985962 0.107666 -0.260132 -0.159493 0.352688 0.249682
0.993774 0.110229 -0.255127 -0.130774 0.243036 0.240663
0.998901 0.114990 -0.256714 -0.103006 0.141455 0.202926
1.001709 0.118774 -0.264038 -0.086867 0.062895 0.164239
1.000488 0.115479 -0.265991 -0.081645 -0.002373 0.135521
1.004272 0.111206 -0.273438 -0.087341 -0.031566 0.122705
1.018799 0.105225 -0.277100 -0.099208 -0.039161 0.119145
1.024048 0.111816 -0.280029 -0.115822 -0.032041 0.117958
1.047729 0.129517 -0.281250 -0.139793 -0.021835 0.110838
1.071777 0.146240 -0.286011 -0.169936 -0.019462 0.098022
1.108154 0.161377 -0.288208 -0.206011 -0.019462 0.073813
1.159546 0.194458 -0.302124 -0.242562 0.003085 0.032753
1.193970 0.193604 -0.319458 -0.282198 -0.010443 -0.025158
1.259399 0.200684 -0.342529 -0.340583 -0.029905 -0.106091
1.332764 0.236206 -0.352051 -0.428162 -0.041535 -0.227135
1.390625 0.249023 -0.351685 -0.549680 -0.075237 -0.395884
1.439819 0.235962 -0.344971 -0.691610 -0.088291 -0.603794
1.459351 0.230591 -0.309692 -0.825707 -0.085680 -0.821909
1.437500 0.218872 -0.249268 -0.917083 -0.084256 -1.031956
1.394775 0.212646 -0.173950 -0.940105 -0.087816 -1.233220
1.334839 0.207520 -0.095703 -0.892399 -0.119857 -1.416209
1.278198 0.208984 -0.028809 -0.780612 -0.181803 -1.559326
1.240845 0.197754 0.019897 -0.613287 -0.303321 -1.655923
1.206177 0.181885 0.054810 -0.383542 -0.472070 -1.735669
1.201416 0.176392 0.081421 -0.093512 -0.688049 -1.836539
1.194580 0.176392 0.097412 0.249207 -0.958143 -1.983690
1.163818 0.165649 0.112183 0.619458 -1.181243 -2.183056
1.098511 0.124634 0.116211 1.005611 -1.289232 -2.399036
1.030029 0.102417 0.131470 1.421668 -1.323647 -2.580601
0.945923 0.083862 0.133545 1.871191 -1.401257 -2.696186
0.843262 0.048218 0.112183 2.332106 -1.462016 -2.717546
0.742554 0.027344 0.083252 2.765964 -1.426890 -2.642784
0.644653 -0.004517 0.036987 3.169917 -1.364232 -2.490412
0.545044 -0.042847 -0.016113 3.556782 -1.285435 -2.293182
0.445679 -0.086060 -0.081787 3.939611 -1.253869 -2.076015
0.357178 -0.136719 -0.137817 4.326951 -1.314865 -1.844371
0.290283 -0.198242 -0.177612 4.725208 -1.425466 -1.588044
0.261353 -0.234375 -0.222290 5.117531 -1.622221 -1.306321
0.267090 -0.261597 -0.285522 5.469507 -1.856713 -1.018427
0.285645 -0.266235 -0.380493 5.755739 -2.020478 -0.768270
0.305298 -0.230957 -0.486572 5.944900 -2.180445 -0.606879
0.319214 -0.202637 -0.588379 6.009456 -2.364146 -0.562734
0.335449 -0.181274 -0.669556 5.947985 -2.430839 -0.595724
0.355103 -0.181274 -0.728638 5.771878 -2.357264 -0.632512
0.362793 -0.160767 -0.792969 5.507481 -2.085034 -0.623968
0.344971 -0.159058 -0.837524 5.174968 -1.732347 -0.550629
0.311157 -0.178101 -0.875732 4.794511 -1.340498 -0.421279
0.281372 -0.201904 -0.911621 4.399102 -0.945564 -0.262736
0.259155 -0.230225 -0.932983 4.037395 -0.593825 -0.111787
0.253418 -0.251953 -0.967163 3.720072 -0.391137 0.017801
0.263184 -0.250244 -0.987671 3.447842 -0.384966 0.126265
0.284912 -0.260376 -1.030029 3.191515 -0.504823 0.217166
0.336304 -0.262573 -1.081543 2.933526 -0.664790 0.293590
0.393555 -0.244751 -1.143921 2.653227 -0.805533 0.346517
0.446899 -0.248657 -1.191528 2.329732 -0.892162 0.366928
0.500854 -0.243774 -1.233643 1.954023 -0.874836 0.359571
0.534912 -0.271484 -1.246948 1.537253 -0.739790 0.330615
0.560059 -0.313110 -1.248047 1.102446 -0.490108 0.293353
0.581177 -0.353760 -1.237183 0.716056 -0.229745 0.246597
0.589722 -0.399902 -1.215332 0.421516 -0.022547 0.192246
0.602173 -0.426025 -1.227051 0.225948 0.055300 0.136233
0.620850 -0.436401 -1.252441 0.107752 -0.010443 0.080221
0.637939 -0.418701 -1.321411 0.022547 -0.142879 0.013291
0.659668 -0.376099 -1.403809 -0.089952 -0.299286 -0.077373
0.680786 -0.362427 -1.482544 -0.275789 -0.399206 -0.194619
0.700928 -0.353027 -1.560669 -0.548968 -0.370251 -0.327767
0.706543 -0.355347 -1.632935 -0.894298 -0.256090 -0.473494
0.699585 -0.364380 -1.689453 -1.286622 -0.112737 -0.629426
0.676025 -0.373901 -1.717529 -1.713597 0.043196 -0.798175
0.645386 -0.398560 -1.707031 -2.149591 0.219777 -0.962415
0.603027 -0.408325 -1.689331 -2.560902 0.403953 -1.096037
0.564087 -0.383179 -1.676758 -2.919523 0.538288 -1.175546
0.538086 -0.330933 -1.674316 -3.243967 0.555376 -1.211385
0.502075 -0.273071 -1.668579 -3.571971 0.456643 -1.231321
0.487427 -0.222534 -1.665649 -3.936289 0.293353 -1.254581
0.467407 -0.211548 -1.617676 -4.343802 0.120569 -1.275704
0.436890 -0.258179 -1.521606 -4.769115 0.053639 -1.273805
0.416260 -0.330078 -1.413452 -5.155980 0.173496 -1.225151
0.380005 -0.400024 -1.248535 -5.420140 0.491057 -1.109803
0.300781 -0.413086 -1.115967 -5.519348 0.984487 -0.927526
0.219116 -0.378906 -1.011230 -5.481136 1.348093 -0.709647
0.135498 -0.308228 -0.933838 -5.382165 1.446114 -0.498889
0.072632 -0.243408 -0.885742 -5.285331 1.228236 -0.310678
0.064697 -0.202881 -0.844727 -5.228844 0.805770 -0.133148
0.067139 -0.199707 -0.782593 -5.223622 0.409887 0.057199
0.088623 -0.198730 -0.703369 -5.252103 0.168274 0.256328
0.119507 -0.203979 -0.607666 -5.269192 0.063133 0.463051
0.130127 -0.217773 -0.518921 -5.241660 0.112262 0.670012
0.132080 -0.229614 -0.434814 -5.141977 0.288368 0.882431
0.121704 -0.218750 -0.367432 -4.954241 0.533778 1.104107
0.080811 -0.197021 -0.322021 -4.700287 0.738603 1.348805
0.041138 -0.172974 -0.306641 -4.436602 0.725549 1.612253
0.047485 -0.145874 -0.279297 -4.205907 0.454981 1.887330
0.112793 -0.142212 -0.253662 -4.027190 0.098259 2.163831
0.222290 -0.125732 -0.211426 -3.903298 -0.246597 2.422058
0.333374 -0.108765 -0.157959 -3.816906 -0.520013 2.635664
0.405273 -0.120605 -0.109131 -3.767065 -0.608540 2.807498
0.458984 -0.130737 -0.054688 -3.737872 -0.448336 2.980519
0.512939 -0.142212 -0.006348 -3.689217 -0.110363 3.182496
0.536255 -0.161743 0.029419 -3.578142 0.298099 3.390881
0.519287 -0.176025 0.052856 -3.402273 0.571515 3.556544
0.530396 -0.207275 0.077026 -3.168018 0.501975 3.653854
0.591187 -0.210693 0.113525 -2.877039 0.143354 3.692303
0.683594 -0.188965 0.167847 -2.547611 -0.347704 3.682809
0.830200 -0.146606 0.205078 -2.206315 -0.786546 3.612794
0.975464 -0.101929 0.212158 -1.907266 -0.947937 3.505516
1.054199 -0.068115 0.206909 -1.687489 -0.717480 3.377115
1.062256 -0.067993 0.199219 -1.543187 -0.276501 3.252274
1.046875 -0.105225 0.167969 -1.427127 0.130300 3.138825
1.029297 -0.136597 0.139038 -1.293267 0.291454 3.052196
1.038696 -0.144897 0.129517 -1.132113 0.181091 2.978146
1.124634 -0.140137 0.124634 -0.965975 -0.085917 2.880599
1.230225 -0.120850 0.120605 -0.825469 -0.346042 2.751723
1.293335 -0.098755 0.123779 -0.728160 -0.415108 2.583686
1.348511 -0.094482 0.138550 -0.678319 -0.330852 2.377912
1.351929 -0.116211 0.126099 -0.633699 -0.205774 2.181632
1.344849 -0.131958 0.122070 -0.551816 -0.120094 2.018342
1.349976 -0.147583 0.118164 -0.425314 -0.148100 1.884007
1.366577 -0.149292 0.098022 -0.281723 -0.166613 1.771983
1.378174 -0.133667 0.070068 -0.145490 -0.186312 1.667315
1.403564 -0.103882 0.052368 -0.038449 -0.245885 1.542000
1.414551 -0.087769 0.021118 0.029193 -0.270568 1.397222
1.413086 -0.077393 -0.016113 0.057674 -0.257277 1.231084
1.386719 -0.082886 -0.044556 0.074050 -0.247546 1.065895
1.376587 -0.084106 -0.076538 0.092088 -0.264160 0.924915
1.373779 -0.087646 -0.097534 0.101819 -0.277688 0.825469
1.370361 -0.091431 -0.112915 0.078085 -0.239002 0.753318
1.363281 -0.092163 -0.116821 0.032278 -0.159493 0.688049
1.369995 -0.093872 -0.111084 -0.016139 -0.103006 0.611151
1.356323 -0.103149 -0.092285 -0.045095 -0.080696 0.511468
1.342896 -0.094971 -0.079102 -0.030380 -0.070015 0.389238
1.308350 -0.096924 -0.082886 0.034414 -0.075237 0.259888
1.267578 -0.099487 -0.093872 0.127214 -0.064794 0.154034
1.226074 -0.095215 -0.126343 0.213132 -0.019225 0.094224
1.170654 -0.087402 -0.151367 0.272467 0.039636 0.070015
1.119385 -0.084229 -0.185669 0.300473 0.061946 0.050079
1.083008 -0.075439 -0.210938 0.302134 0.024683 0.029905
1.070068 -0.077881 -0.211060 0.278163 -0.076898 0.011155
1.070313 -0.085693 -0.212524 0.232119 -0.143116 -0.001661
1.068481 -0.090332 -0.207642 0.176106 -0.129350 -0.019462
1.063599 -0.097656 -0.198120 0.134809 -0.112262 -0.040111
1.065674 -0.105835 -0.185913 0.114635 -0.096123 -0.059335
1.072388 -0.113037 -0.175171 0.106091 -0.040348 -0.074050
1.053467 -0.121704 -0.175781 0.107278 0.030617 -0.088528
