1.334717 0.117310 0.407104 -0.216692 0.726973 -0.408225
1.326904 0.087036 0.460205 -0.229033 0.606167 -0.423890
1.343872 0.081665 0.540894 -0.221438 0.496991 -0.420092
1.238525 0.171509 0.644653 -0.167800 0.394222 -0.436469
1.352417 0.033813 0.681641 -0.052215 0.082832 -0.432909
1.319580 0.048706 0.704468 0.059572 0.060284 -0.518351
1.293945 0.048828 0.734375 0.203401 0.070727 -0.611389
1.252319 0.056030 0.742676 0.323732 0.077848 -0.669300
1.226929 0.074951 0.737915 0.400630 0.119857 -0.710359
1.130249 0.119263 0.748657 0.428637 0.242799 -0.786783
1.033081 0.088501 0.774780 0.443352 0.196280 -0.864631
0.919556 0.060059 0.829468 0.530218 -0.275552 -0.932747
0.853882 0.095947 0.829712 0.692559 -0.748571 -1.014155
0.797119 0.038086 0.775635 0.835912 -1.007984 -1.095088
0.729614 0.045532 0.729858 0.924440 -1.134724 -1.173648
0.645142 0.014648 0.722778 0.973095 -1.134487 -1.166290
0.588501 -0.023682 0.687622 1.049519 -0.958617 -1.092240
0.486572 -0.043213 0.638184 1.185277 -0.839710 -1.030769
0.421997 -0.025513 0.573730 1.349517 -0.738366 -0.919456
0.356201 -0.015991 0.485474 1.483139 -0.579348 -0.778001
0.269897 0.002075 0.385376 1.566683 -0.358146 -0.618746
0.212036 -0.008301 0.289063 1.603471 -0.127689 -0.423890
0.142212 -0.021606 0.201660 1.618898 0.002848 -0.226660
0.069458 -0.058838 0.123901 1.629578 0.020649 -0.036313
0.010254 -0.057861 0.049561 1.651888 -0.044620 0.138132
-0.003296 -0.061157 -0.023438 1.699594 -0.237815 0.327292
0.022461 -0.035278 -0.128296 1.761777 -0.495804 0.589079
0.064453 -0.117920 -0.217651 1.798090 -0.744774 0.932747
0.165771 -0.104370 -0.291138 1.853153 -0.915896 1.287096
0.279175 -0.095825 -0.365723 1.975383 -1.093189 1.659958
0.413208 -0.071655 -0.483887 2.055130 -1.157983 2.048484
0.588379 0.008545 -0.585205 2.039465 -1.190499 2.347296
0.696655 -0.020508 -0.703247 1.965178 -1.160594 2.441282
0.836304 -0.039429 -0.741943 1.858612 -1.244850 2.493260
0.985107 -0.066406 -0.753052 1.720242 -1.484089 2.549272
1.124146 -0.103027 -0.741821 1.568345 -1.510908 2.489462
1.256714 -0.177124 -0.698608 1.529658 -1.874039 2.435823
1.416626 -0.243042 -0.668701 1.643344 -2.497532 2.433213
1.603638 -0.273438 -0.697754 1.842710 -2.930203 2.394289
1.813721 -0.256348 -0.800415 2.023563 -3.139537 2.290334
1.953613 -0.274170 -0.867432 2.086458 -2.908130 2.101411
2.088379 -0.298340 -0.979126 2.015731 -2.441045 1.832504
2.196411 -0.234619 -1.117310 1.903232 -2.074591 1.508535
2.228638 -0.217651 -1.193359 1.665417 -1.633139 1.087256
2.177734 -0.225098 -1.198608 1.273093 -1.156322 0.589316
2.071777 -0.247314 -1.158813 0.867479 -0.774679 0.133148
1.932251 -0.269287 -1.072632 0.520250 -0.491294 -0.276027
1.815430 -0.320557 -0.954956 0.252767 -0.318273 -0.641056
1.739868 -0.343384 -0.846802 0.143116 -0.288368 -0.897621
1.667480 -0.346436 -0.768677 0.164477 -0.275077 -1.079661
1.586182 -0.349365 -0.729858 0.232356 -0.175869 -1.220166
1.505737 -0.339478 -0.737061 0.321121 -0.018038 -1.330530
1.456543 -0.296997 -0.814087 0.414633 0.078797 -1.403393
1.410889 -0.257813 -0.888672 0.403004 0.167325 -1.441130
1.390991 -0.240723 -0.929199 0.257277 0.321833 -1.475307
1.335449 -0.238037 -0.947021 0.075237 0.424364 -1.531794
1.264771 -0.243652 -0.945679 -0.076898 0.442877 -1.588756
1.201416 -0.218994 -0.938354 -0.202689 0.320172 -1.629816
1.145630 -0.203735 -0.922119 -0.337498 0.103006 -1.678470
1.105713 -0.174072 -0.893311 -0.481563 0.084256 -1.754182
1.037109 -0.167114 -0.884521 -0.638208 0.384966 -1.832504
0.971924 -0.167236 -0.830322 -0.762574 0.413447 -1.876412
0.883667 -0.142090 -0.832642 -0.852052 0.487260 -1.860036
0.823120 -0.123291 -0.832397 -0.945564 0.559648 -1.827757
0.757202 -0.092896 -0.844116 -1.049044 0.604980 -1.800938
0.711060 -0.047852 -0.859253 -1.155135 0.630138 -1.756793
0.670898 -0.035034 -0.834473 -1.340023 0.773492 -1.710986
0.607178 0.001099 -0.792236 -1.577838 0.923966 -1.668265
0.542358 0.011841 -0.718750 -1.823960 1.027683 -1.599199
0.458496 0.000244 -0.601440 -2.059164 1.092715 -1.560987
0.385010 0.002686 -0.496582 -2.206315 1.071591 -1.538440
0.343018 0.015625 -0.390869 -2.311457 1.059724 -1.456795
0.304810 0.041504 -0.285278 -2.381947 0.981639 -1.325783
0.290405 0.055542 -0.188965 -2.410903 0.932510 -1.163442
0.295654 0.071045 -0.091064 -2.386219 0.909963 -0.999440
0.313965 0.093018 -0.013428 -2.308134 0.875074 -0.826182
0.336060 0.128418 0.046143 -2.200856 0.852289 -0.637021
0.344971 0.182251 0.106812 -2.100224 0.863207 -0.453795
0.363159 0.233521 0.151855 -2.020241 0.913760 -0.283859
0.397217 0.260864 0.190796 -1.973959 0.975706 -0.122230
0.453735 0.256226 0.248413 -1.978469 1.032430 0.021361
0.514404 0.259277 0.308716 -1.969924 1.045959 0.129113
0.562866 0.268799 0.362305 -1.916523 0.979029 0.188923
0.601685 0.255249 0.409546 -1.838912 0.826419 0.207673
0.632813 0.247192 0.462280 -1.743264 0.613762 0.207198
0.655151 0.249023 0.494019 -1.611066 0.353637 0.226423
0.701416 0.247803 0.529175 -1.459880 0.081645 0.275552
0.758301 0.251343 0.548828 -1.287808 -0.173021 0.322308
0.820313 0.265259 0.541870 -1.093189 -0.352925 0.350552
0.884521 0.285889 0.520142 -0.923016 -0.416770 0.384729
0.921875 0.284424 0.488770 -0.802922 -0.375235 0.408225
0.958130 0.284180 0.467163 -0.709173 -0.326818 0.405377
0.982300 0.295288 0.435425 -0.614949 -0.329191 0.375472
1.001221 0.293335 0.401855 -0.546595 -0.333700 0.345567
1.019165 0.299316 0.361572 -0.501500 -0.339159 0.309966
1.032104 0.303711 0.333984 -0.453320 -0.367403 0.267720
1.059814 0.312744 0.314575 -0.413447 -0.396596 0.221676
1.074341 0.313354 0.298950 -0.378083 -0.411548 0.166850
1.079224 0.312134 0.275024 -0.334175 -0.407276 0.117721
1.076904 0.310425 0.245972 -0.295251 -0.332988 0.094461
1.083374 0.324707 0.232056 -0.258464 -0.238764 0.076661
1.070923 0.337524 0.203613 -0.205537 -0.204350 0.038212
1.065430 0.344482 0.177368 -0.157357 -0.169698 0.009968
1.062256 0.357178 0.155640 -0.135996 -0.112262 -0.005221
1.061401 0.362793 0.139893 -0.142167 -0.044383 -0.021835
1.052734 0.362915 0.137207 -0.172072 0.037737 -0.033940
1.050659 0.368896 0.141479 -0.214081 0.135284 -0.036788
1.044678 0.362671 0.150146 -0.253954 0.231881 -0.042247
1.035278 0.339478 0.163696 -0.287182 0.285520 -0.064319
1.035400 0.324463 0.177490 -0.300710 0.298099 -0.090189
1.035400 0.310791 0.198364 -0.302372 0.303558 -0.090901
1.033813 0.294067 0.221680 -0.289318 0.306644 -0.086155
1.037964 0.289185 0.231445 -0.252293 0.325156 -0.086392
1.025879 0.288940 0.225952 -0.204113 0.356960 -0.083544
0.998779 0.292725 0.212280 -0.154271 0.354112 -0.091613
0.974731 0.300537 0.194824 -0.111313 0.311390 -0.110126
0.957153 0.296631 0.175781 -0.089477 0.248733 -0.125078
0.942139 0.293701 0.174194 -0.089477 0.192246 -0.125078
0.938354 0.288696 0.183594 -0.091851 0.135759 -0.116771
0.932861 0.281250 0.180420 -0.078797 0.080221 -0.109414
0.932495 0.277100 0.173462 -0.052452 0.009494 -0.099920
0.937744 0.278442 0.170288 -0.017801 -0.079034 -0.084730
0.949463 0.288086 0.167114 0.019462 -0.162578 -0.062895
0.960449 0.293213 0.156006 0.058860 -0.207198 -0.045569
0.965210 0.284912 0.143433 0.098496 -0.210521 -0.031566
0.980835 0.287964 0.124146 0.148100 -0.201027 -0.009731
0.996948 0.291626 0.097168 0.197230 -0.201977 0.009731
1.004517 0.296265 0.066772 0.236866 -0.215030 0.023259
1.016357 0.306885 0.037354 0.254191 -0.209097 0.030142
1.028442 0.307861 0.032715 0.240900 -0.166138 0.027057
1.035278 0.313843 0.021362 0.224761 -0.138369 0.009494
1.033081 0.316528 0.008301 0.206723 -0.120332 -0.011392
1.032349 0.318604 0.003906 0.171360 -0.091851 -0.027294
1.024414 0.315918 0.004150 0.136708 -0.056724 -0.047231
1.016602 0.318726 0.003662 0.118670 -0.031092 -0.061946
1.000732 0.324585 0.003784 0.100632 -0.016139 -0.062420
0.983887 0.333740 0.012695 0.072151 0.010443 -0.064557
0.972534 0.336304 0.010742 0.043433 0.033228 -0.081408
0.959961 0.330444 0.013306 0.027294 0.026582 -0.090189
0.959961 0.331543 0.013306 0.014240 0.013528 -0.081882
0.960449 0.331665 0.017456 0.007832 0.009494 -0.068829
0.961060 0.335693 0.019775 0.008307 0.013766 -0.058148
0.953613 0.340088 0.012573 0.001424 0.027294 -0.050316
0.957397 0.340820 0.020020 -0.023971 0.063133 -0.034652
0.956665 0.337524 0.020020 -0.050316 0.085205 -0.023497
0.953857 0.330566 0.023926 -0.077848 0.086392 -0.016614
0.947388 0.328247 0.038574 -0.106803 0.079746 -0.002373
0.942261 0.322266 0.050537 -0.127689 0.065981 0.007595
0.937744 0.325439 0.066284 -0.135996 0.038686 0.014003
0.943604 0.325684 0.079224 -0.136708 0.002373 0.027057
