1.268555 0.060303 0.624023 -0.195331 0.329666 -0.566294
1.202759 0.091064 0.677368 -0.184413 0.440978 -0.508858
1.212158 0.057983 0.713989 -0.098259 0.407039 -0.388763
1.182251 0.031006 0.747437 -0.020411 0.419855 -0.360045
1.219238 0.050903 0.823486 0.073813 0.457829 -0.485836
1.178467 0.038574 0.877441 0.187499 0.719616 -0.589553
1.094360 0.018555 0.908691 0.316612 0.715581 -0.507196
0.950073 0.011719 0.885986 0.473019 0.501975 -0.544459
0.812012 0.044678 0.902954 0.597860 0.080458 -0.681404
0.661621 0.069702 0.927979 0.625866 -0.159255 -0.817163
0.556396 0.041992 0.973999 0.609015 -0.424127 -0.960754
0.435303 -0.008911 1.013672 0.646990 -0.843745 -1.126892
0.352173 -0.065918 1.038574 0.788444 -1.265024 -1.201416
0.299561 -0.159668 1.014648 1.022225 -1.525623 -1.086306
0.234375 -0.156738 0.966309 1.333140 -1.550307 -0.828792
0.211670 -0.145020 0.849609 1.687727 -1.345719 -0.498177
0.181641 -0.135864 0.664673 2.000067 -1.115974 -0.159967
0.163452 -0.113037 0.501953 2.228863 -0.714394 0.156882
0.149292 -0.103394 0.306274 2.368419 -0.385203 0.441928
0.170410 -0.054810 0.096436 2.392627 -0.175869 0.667876
0.183594 -0.017334 -0.038574 2.276093 -0.095885 0.773729
0.160767 -0.009644 -0.134399 2.067471 -0.172546 0.774204
0.120728 -0.024780 -0.210693 1.839150 -0.351501 0.745723
0.130737 -0.065430 -0.257202 1.641920 -0.609253 0.753318
0.195801 -0.099854 -0.289795 1.558851 -1.023174 0.835675
0.297241 -0.130249 -0.311646 1.614863 -1.445402 1.035516
0.410400 -0.149048 -0.375366 1.749673 -1.751571 1.372064
0.602173 -0.128906 -0.450439 1.916760 -1.963042 1.770558
0.735107 -0.132568 -0.600342 2.109718 -1.950937 1.982029
0.834961 -0.082642 -0.735229 2.315254 -2.006949 2.119923
0.936035 -0.042358 -0.876587 2.384083 -2.176410 2.232660
1.020874 -0.070679 -0.961670 2.186853 -2.053468 2.197771
1.100342 -0.118408 -0.974365 1.807109 -1.905605 2.118499
1.252319 -0.164551 -0.937134 1.483851 -2.274432 2.076490
1.443237 -0.207275 -0.869019 1.284248 -2.761454 2.015494
1.629761 -0.259888 -0.792480 1.154186 -3.038430 1.858612
1.755127 -0.253540 -0.721680 1.080136 -3.068573 1.629816
1.836304 -0.415527 -0.773438 0.946513 -3.107971 1.486462
1.900513 -0.408447 -0.754639 0.915184 -3.027038 1.333852
1.924316 -0.397949 -0.774414 1.056402 -2.908130 1.101971
1.927490 -0.396484 -0.852905 1.201416 -2.668180 0.817400
1.966309 -0.373657 -0.929565 1.254581 -2.388118 0.512655
2.011963 -0.346558 -1.046631 1.199755 -2.087883 0.233305
1.961914 -0.322388 -1.167725 1.094851 -1.638360 -0.022073
1.875977 -0.320557 -1.235229 0.921118 -1.012731 -0.240663
1.822998 -0.281250 -1.256470 0.713208 -0.489633 -0.441690
1.794434 -0.266235 -1.251831 0.485124 -0.159018 -0.641056
1.759888 -0.247559 -1.210083 0.241138 -0.036313 -0.883381
1.701294 -0.251221 -1.122925 0.028956 0.029905 -1.132113
1.616699 -0.281006 -1.036133 -0.104430 0.088528 -1.340261
1.527344 -0.303223 -0.983154 -0.150474 0.166613 -1.471985
1.438721 -0.302856 -0.955200 -0.128638 0.245173 -1.552443
1.362915 -0.296875 -0.933838 -0.086867 0.290979 -1.608930
1.261841 -0.290283 -0.949829 -0.037262 0.326818 -1.660907
1.224976 -0.256348 -0.986938 -0.012104 0.422703 -1.661857
1.212036 -0.202271 -1.017212 -0.048892 0.533541 -1.609404
1.178833 -0.149048 -1.034180 -0.150948 0.726499 -1.577363
1.114502 -0.113770 -1.047119 -0.297625 0.915659 -1.626018
1.003662 -0.096069 -1.061646 -0.461627 1.051180 -1.701730
0.890015 -0.096680 -1.063721 -0.645803 1.166290 -1.746112
0.866089 -0.068359 -1.011108 -0.834014 1.097461 -1.737568
0.832886 -0.039429 -0.984009 -1.022225 1.240340 -1.723802
0.742432 -0.048462 -0.937134 -1.211385 1.513756 -1.721666
0.653442 -0.041748 -0.894653 -1.377523 1.606794 -1.691524
0.565308 -0.036987 -0.826294 -1.536066 1.730448 -1.634325
0.482178 -0.001831 -0.791260 -1.695084 1.757030 -1.570481
0.426270 0.029175 -0.727173 -1.867156 1.724040 -1.503313
0.366333 0.032593 -0.647583 -1.996269 1.596113 -1.473883
0.307861 0.040039 -0.581665 -2.124433 1.459880 -1.443978
0.261353 0.043335 -0.511841 -2.243815 1.288046 -1.369216
0.234863 0.051880 -0.431763 -2.348957 1.127841 -1.270483
0.219116 0.047119 -0.319458 -2.452437 1.067794 -1.163679
0.214966 0.040771 -0.231812 -2.490412 0.929187 -1.074914
0.199951 0.040283 -0.155640 -2.464067 0.810280 -0.959804
0.187866 0.054443 -0.082764 -2.410665 0.721989 -0.813840
0.188965 0.082275 -0.005615 -2.343973 0.613762 -0.654347
0.242432 0.096069 0.068237 -2.268261 0.508620 -0.470646
0.291504 0.138062 0.142822 -2.179496 0.441216 -0.286707
0.333374 0.170410 0.192017 -2.073405 0.387814 -0.117009
0.393066 0.187988 0.250732 -1.982741 0.407513 0.052452
0.462402 0.223267 0.303223 -1.915811 0.430535 0.197704
0.524902 0.244263 0.343506 -1.859798 0.419380 0.287182
0.591797 0.250732 0.383057 -1.803549 0.369539 0.318511
0.646606 0.225098 0.425415 -1.751571 0.314951 0.305457
0.689697 0.206787 0.480713 -1.746350 0.314476 0.304508
0.732788 0.184448 0.557007 -1.743976 0.330378 0.328954
0.763306 0.158203 0.623901 -1.673961 0.246359 0.359096
0.796387 0.154785 0.669556 -1.537965 0.102294 0.365979
0.825562 0.136353 0.714233 -1.365181 -0.025633 0.357672
0.855469 0.120728 0.726318 -1.151338 -0.082832 0.379744
0.885620 0.135742 0.703613 -0.884093 -0.140031 0.446437
0.929810 0.157471 0.655396 -0.623256 -0.196518 0.493193
0.965942 0.180054 0.589355 -0.406564 -0.261786 0.519775
0.996948 0.210327 0.528809 -0.233305 -0.328242 0.533541
1.030640 0.224731 0.467163 -0.141455 -0.359333 0.527133
1.059082 0.245239 0.426025 -0.114635 -0.309254 0.504823
1.095337 0.254272 0.385986 -0.094224 -0.266770 0.466848
1.122314 0.270264 0.358643 -0.074050 -0.231169 0.408937
1.126709 0.274658 0.327148 -0.055775 -0.239476 0.331327
1.119019 0.277222 0.294067 -0.046756 -0.244698 0.253954
1.114624 0.261719 0.273438 -0.049367 -0.236866 0.198416
1.139038 0.257568 0.259888 -0.032990 -0.227847 0.163053
1.175659 0.256592 0.253418 0.021361 -0.193195 0.143354
1.180298 0.269531 0.223267 0.114873 -0.154271 0.125078
1.170166 0.285156 0.175171 0.197230 -0.083069 0.116297
1.157593 0.296631 0.135986 0.211708 0.048417 0.133623
1.136963 0.299438 0.113892 0.154271 0.204350 0.148100
1.119873 0.301025 0.108398 0.074762 0.317087 0.132436
1.105347 0.286377 0.115356 0.005221 0.356248 0.073813
1.091553 0.263062 0.127563 -0.044383 0.329428 0.007595
1.074097 0.240112 0.140137 -0.074288 0.282672 -0.022547
1.066406 0.227173 0.157227 -0.083781 0.232356 -0.015190
1.062134 0.223999 0.174438 -0.071914 0.200790 -0.003560
1.049683 0.218384 0.169312 -0.023971 0.167800 0.000237
1.037354 0.215210 0.137817 0.034177 0.131961 0.004035
1.031372 0.218262 0.114990 0.068117 0.110126 0.018038
1.034424 0.218262 0.095093 0.091376 0.085680 0.035601
1.029785 0.224731 0.083862 0.096123 0.086629 0.057436
1.014648 0.228149 0.052734 0.092800 0.098734 0.080221
1.014038 0.237549 0.037231 0.079509 0.088053 0.096360
1.027588 0.251709 0.031494 0.049129 0.020649 0.083544
1.035278 0.255859 0.037231 0.004272 -0.044383 0.046519
1.013184 0.252197 0.034424 -0.041535 -0.060522 0.005459
0.980835 0.239136 0.039673 -0.091851 -0.052215 -0.023259
0.960815 0.233521 0.058716 -0.135047 -0.077848 -0.025633
0.954224 0.237549 0.062134 -0.153084 -0.150948 -0.011867
0.975220 0.234985 0.087646 -0.152135 -0.216454 0.006171
0.984253 0.236084 0.099365 -0.131487 -0.264872 0.016139
0.976563 0.231934 0.087036 -0.099446 -0.251106 0.036788
0.986816 0.230225 0.068115 -0.070727 -0.204825 0.090664
1.016846 0.240845 0.061401 -0.051028 -0.210283 0.142167
1.038086 0.233887 0.055664 -0.050316 -0.229745 0.153797
1.056274 0.229736 0.063843 -0.076898 -0.163527 0.165664
1.062500 0.216187 0.069092 -0.097784 -0.043433 0.170885
1.066040 0.211060 0.058105 -0.088291 0.005459 0.152847
1.069092 0.204346 0.047363 -0.069303 -0.011155 0.132436
1.066528 0.205444 0.037109 -0.061946 -0.051266 0.109651
1.068237 0.207031 0.036743 -0.068829 -0.054114 0.087104
1.064331 0.209961 0.031372 -0.084018 -0.028718 0.063133
1.062378 0.209351 0.041870 -0.117721 0.007120 0.048655
1.058472 0.204834 0.052002 -0.147151 0.023734 0.042247
1.046997 0.206665 0.053833 -0.147626 0.005696 0.013291
1.029663 0.204956 0.060913 -0.141455 -0.027769 -0.024209
1.022705 0.201172 0.073242 -0.138132 -0.069303 -0.045807
1.017456 0.206909 0.077148 -0.125316 -0.089952 -0.050553
1.002075 0.210815 0.062866 -0.106328 -0.080696 -0.046281
0.995483 0.216919 0.067139 -0.091139 -0.072626 -0.028481
0.992065 0.225220 0.057251 -0.071677 -0.090427 -0.016614
0.988403 0.228638 0.043579 -0.059335 -0.117483 -0.025158
0.979858 0.223633 0.035767 -0.063607 -0.117958 -0.024446
