7416.000000 1458.000000 2038.000000 -4190.000000 483.000000 1777.000000
9937.000000 805.000000 2424.000000 -4121.000000 182.000000 2630.000000
10961.000000 904.000000 2468.000000 -3593.000000 499.000000 2183.000000
11866.000000 1343.000000 2790.000000 -3032.000000 368.000000 1750.000000
12973.000000 1726.000000 3063.000000 -2670.000000 60.000000 1013.000000
13691.000000 2183.000000 3667.000000 -2299.000000 -80.000000 -106.000000
13929.000000 2479.000000 4469.000000 -2094.000000 -290.000000 -1325.000000
13787.000000 2645.000000 5043.000000 -1980.000000 -548.000000 -2249.000000
13485.000000 2728.000000 5285.000000 -1907.000000 -435.000000 -2627.000000
13023.000000 2671.000000 5610.000000 -1917.000000 348.000000 -2787.000000
12394.000000 2039.000000 5810.000000 -1896.000000 823.000000 -3008.000000
11918.000000 1326.000000 6011.000000 -1458.000000 389.000000 -3390.000000
11326.000000 742.000000 5983.000000 -681.000000 -157.000000 -3950.000000
10704.000000 256.000000 6047.000000 119.000000 -602.000000 -4593.000000
9887.000000 -243.000000 5968.000000 867.000000 -1438.000000 -5215.000000
9070.000000 -688.000000 6048.000000 1767.000000 -2986.000000 -5730.000000
8189.000000 -1064.000000 5734.000000 2790.000000 -4259.000000 -6057.000000
7271.000000 -1317.000000 5333.000000 3901.000000 -4752.000000 -6234.000000
6237.000000 -1460.000000 4808.000000 4912.000000 -4684.000000 -6206.000000
5183.000000 -1506.000000 4319.000000 5865.000000 -4146.000000 -5753.000000
3911.000000 -1427.000000 3654.000000 6811.000000 -2946.000000 -4845.000000
3062.000000 -1298.000000 3025.000000 7694.000000 -1409.000000 -3780.000000
2352.000000 -1152.000000 2620.000000 8324.000000 -375.000000 -2693.000000
1752.000000 -1151.000000 2228.000000 8911.000000 -112.000000 -1457.000000
1296.000000 -1008.000000 1819.000000 9659.000000 -867.000000 -175.000000
867.000000 -958.000000 1070.000000 10274.000000 -1021.000000 1026.000000
304.000000 -1022.000000 502.000000 10594.000000 -1229.000000 2060.000000
2.000000 -1166.000000 85.000000 11021.000000 -2782.000000 3031.000000
-60.000000 -1327.000000 -259.000000 11822.000000 -5312.000000 4115.000000
213.000000 -1385.000000 -733.000000 12785.000000 -7357.000000 5221.000000
860.000000 -1455.000000 -1488.000000 13882.000000 -8936.000000 6218.000000
1415.000000 -1609.000000 -2680.000000 15019.000000 -10670.000000 6991.000000
2129.000000 -1749.000000 -4337.000000 15691.000000 -12148.000000 7724.000000
3235.000000 -1240.000000 -6293.000000 15453.000000 -12490.000000 8867.000000
4051.000000 -1244.000000 -8034.000000 14075.000000 -12383.000000 10346.000000
5443.000000 -952.000000 -8809.000000 12174.000000 -10741.000000 11067.000000
7249.000000 -915.000000 -8703.000000 9972.000000 -8783.000000 11041.000000
8755.000000 -1173.000000 -8049.000000 8006.000000 -7795.000000 10437.000000
10028.000000 -1410.000000 -7819.000000 6725.000000 -8192.000000 9223.000000
11051.000000 -1854.000000 -7739.000000 5926.000000 -8963.000000 7767.000000
11735.000000 -2318.000000 -7621.000000 5365.000000 -9158.000000 6430.000000
12473.000000 -2726.000000 -7530.000000 5153.000000 -8951.000000 5492.000000
13398.000000 -2976.000000 -7556.000000 5346.000000 -8567.000000 4965.000000
14194.000000 -2841.000000 -7635.000000 5804.000000 -7787.000000 4408.000000
14693.000000 -2491.000000 -8023.000000 6234.000000 -6816.000000 3527.000000
14761.000000 -2058.000000 -8577.000000 6351.000000 -5981.000000 2246.000000
14375.000000 -1732.000000 -9054.000000 5924.000000 -4817.000000 776.000000
13763.000000 -1495.000000 -9364.000000 4934.000000 -3477.000000 -595.000000
12948.000000 -1518.000000 -9236.000000 3427.000000 -2353.000000 -1679.000000
12231.000000 -1784.000000 -8797.000000 1784.000000 -1297.000000 -2469.000000
11672.000000 -2132.000000 -8343.000000 384.000000 -519.000000 -2919.000000
11366.000000 -2248.000000 -7932.000000 -508.000000 -422.000000 -3083.000000
11231.000000 -2210.000000 -7568.000000 -1147.000000 -704.000000 -3129.000000
11332.000000 -2129.000000 -7296.000000 -1692.000000 -841.000000 -3268.000000
11315.000000 -2109.000000 -7125.000000 -2081.000000 -879.000000 -3616.000000
11216.000000 -2033.000000 -6980.000000 -2418.000000 -1024.000000 -4116.000000
11006.000000 -2032.000000 -6981.000000 -2697.000000 -867.000000 -4623.000000
10616.000000 -2089.000000 -7093.000000 -2897.000000 -354.000000 -5092.000000
10017.000000 -1948.000000 -7293.000000 -3081.000000 97.000000 -5424.000000
9455.000000 -1740.000000 -7512.000000 -3364.000000 607.000000 -5619.000000
8991.000000 -1643.000000 -7733.000000 -3901.000000 1238.000000 -5783.000000
8840.000000 -1629.000000 -7772.000000 -4604.000000 1726.000000 -6022.000000
8702.000000 -1613.000000 -7627.000000 -5246.000000 2074.000000 -6171.000000
8355.000000 -1625.000000 -7446.000000 -5771.000000 2490.000000 -6263.000000
8006.000000 -1502.000000 -7380.000000 -6162.000000 2838.000000 -6286.000000
7678.000000 -1289.000000 -7466.000000 -6476.000000 2957.000000 -6301.000000
7277.000000 -957.000000 -7564.000000 -6932.000000 2992.000000 -6440.000000
6826.000000 -774.000000 -7396.000000 -7610.000000 3250.000000 -6697.000000
6362.000000 -777.000000 -7095.000000 -8354.000000 3613.000000 -6928.000000
5818.000000 -746.000000 -6653.000000 -8936.000000 3935.000000 -6992.000000
5354.000000 -567.000000 -6296.000000 -9427.000000 4493.000000 -6745.000000
5024.000000 -486.000000 -5972.000000 -9836.000000 5333.000000 -6266.000000
4661.000000 -329.000000 -5634.000000 -10114.000000 5948.000000 -5851.000000
4307.000000 -139.000000 -5350.000000 -10314.000000 6221.000000 -5495.000000
4019.000000 32.000000 -4988.000000 -10504.000000 6303.000000 -5067.000000
3784.000000 271.000000 -4504.000000 -10678.000000 6137.000000 -4690.000000
3579.000000 393.000000 -3966.000000 -10789.000000 5883.000000 -4395.000000
3446.000000 533.000000 -3528.000000 -10796.000000 5558.000000 -4030.000000
3415.000000 775.000000 -3121.000000 -10799.000000 5287.000000 -3559.000000
3292.000000 931.000000 -2689.000000 -10898.000000 5305.000000 -3044.000000
3052.000000 1009.000000 -2251.000000 -11066.000000 5430.000000 -2456.000000
3032.000000 1193.000000 -1698.000000 -11236.000000 5661.000000 -1644.000000
2969.000000 669.000000 -1273.000000 -11397.000000 5759.000000 -824.000000
3158.000000 1834.000000 -363.000000 -11806.000000 5573.000000 0.000000
3465.000000 2452.000000 484.000000 -12062.000000 5888.000000 868.000000
4163.000000 2315.000000 1820.000000 -11631.000000 5867.000000 1525.000000
4538.000000 2116.000000 2490.000000 -10705.000000 4947.000000 1637.000000
4854.000000 2032.000000 2963.000000 -9845.000000 4202.000000 1647.000000
5067.000000 2106.000000 3349.000000 -9214.000000 3743.000000 1900.000000
5485.000000 2045.000000 3795.000000 -8659.000000 3529.000000 2257.000000
6072.000000 1998.000000 4111.000000 -8117.000000 3260.000000 2538.000000
6650.000000 1922.000000 4133.000000 -7548.000000 2973.000000 2713.000000
7115.000000 1792.000000 4086.000000 -7139.000000 3231.000000 2817.000000
7553.000000 1542.000000 4381.000000 -6858.000000 3738.000000 2900.000000
7956.000000 1416.000000 4748.000000 -6364.000000 3689.000000 2819.000000
8404.000000 1380.000000 5037.000000 -5609.000000 2908.000000 2537.000000
8757.000000 1324.000000 5067.000000 -4723.000000 1803.000000 2089.000000
8955.000000 1298.000000 4860.000000 -3849.000000 878.000000 1645.000000
9039.000000 1263.000000 4640.000000 -3068.000000 230.000000 1232.000000
9144.000000 1258.000000 4381.000000 -2330.000000 -369.000000 811.000000
9127.000000 1301.000000 4023.000000 -1627.000000 -974.000000 374.000000
9126.000000 1329.000000 3621.000000 -998.000000 -1304.000000 90.000000
9007.000000 1449.000000 3122.000000 -483.000000 -1300.000000 -46.000000
8881.000000 1682.000000 2563.000000 -154.000000 -1085.000000 -129.000000
8734.000000 1801.000000 2266.000000 -116.000000 -698.000000 -198.000000
8663.000000 1888.000000 1994.000000 -180.000000 -320.000000 -271.000000
8521.000000 2002.000000 1875.000000 -217.000000 -122.000000 -350.000000
8392.000000 2034.000000 1815.000000 -272.000000 -37.000000 -403.000000
8312.000000 2055.000000 1695.000000 -310.000000 34.000000 -413.000000
8173.000000 2015.000000 1634.000000 -342.000000 80.000000 -431.000000
8040.000000 1930.000000 1655.000000 -334.000000 55.000000 -437.000000
8042.000000 1940.000000 1633.000000 -277.000000 -108.000000 -392.000000
8090.000000 1897.000000 1613.000000 -183.000000 -247.000000 -319.000000
8124.000000 1898.000000 1477.000000 -131.000000 -185.000000 -208.000000
8067.000000 1943.000000 1361.000000 -118.000000 69.000000 -42.000000
8069.000000 1955.000000 1351.000000 -143.000000 257.000000 64.000000
8140.000000 2047.000000 1387.000000 -172.000000 303.000000 58.000000
8199.000000 2055.000000 1380.000000 -161.000000 137.000000 -32.000000
8186.000000 2113.000000 1404.000000 -99.000000 -155.000000 -149.000000
8040.000000 2150.000000 1318.000000 -32.000000 -335.000000 -244.000000
7923.000000 2200.000000 1286.000000 -4.000000 -418.000000 -321.000000
7745.000000 2218.000000 1234.000000 -20.000000 -503.000000 -353.000000
7652.000000 2234.000000 1211.000000 -45.000000 -641.000000 -331.000000
7602.000000 2205.000000 1246.000000 -40.000000 -823.000000 -264.000000
7644.000000 2211.000000 1281.000000 -2.000000 -977.000000 -110.000000
7750.000000 2157.000000 1250.000000 70.000000 -1065.000000 78.000000
7845.000000 2224.000000 1212.000000 149.000000 -1150.000000 230.000000
8088.000000 2163.000000 1200.000000 220.000000 -1248.000000 350.000000
8255.000000 2171.000000 1143.000000 325.000000 -1302.000000 479.000000
8434.000000 2208.000000 959.000000 381.000000 -1251.000000 564.000000
8677.000000 2223.000000 819.000000 381.000000 -1118.000000 588.000000
8905.000000 2307.000000 573.000000 321.000000 -1034.000000 521.000000
8971.000000 2288.000000 533.000000 119.000000 -849.000000 388.000000
8979.000000 2272.000000 674.000000 -120.000000 -628.000000 213.000000
8867.000000 2166.000000 795.000000 -254.000000 -469.000000 3.000000
8775.000000 2047.000000 932.000000 -273.000000 -386.000000 -168.000000
8644.000000 2058.000000 909.000000 -210.000000 -348.000000 -275.000000
8477.000000 2086.000000 886.000000 -122.000000 -345.000000 -353.000000
8351.000000 2151.000000 841.000000 -49.000000 -405.000000 -433.000000
8294.000000 2227.000000 725.000000 13.000000 -532.000000 -537.000000
8154.000000 2338.000000 595.000000 23.000000 -696.000000 -627.000000
7974.000000 2323.000000 545.000000 -21.000000 -749.000000 -660.000000
7832.000000 2289.000000 481.000000 -87.000000 -712.000000 -623.000000
7765.000000 2280.000000 501.000000 -147.000000 -652.000000 -492.000000
7756.000000 2283.000000 502.000000 -198.000000 -573.000000 -314.000000
7724.000000 2256.000000 540.000000 -247.000000 -439.000000 -136.000000
7738.000000 2228.000000 613.000000 -279.000000 -395.000000 -18.000000
7790.000000 2211.000000 561.000000 -287.000000 -484.000000 15.000000
7839.000000 2190.000000 561.000000 -306.000000 -589.000000 11.000000
7909.000000 2130.000000 536.000000 -342.000000 -636.000000 19.000000
