1.244873 -0.112671 0.920532 -1.141132 -0.713682 -1.403156
1.205688 0.070557 0.562012 -0.961703 -0.758302 -1.400782
1.001953 -0.203857 0.836914 -1.198806 0.077848 -1.286384
0.992310 -0.182739 0.922729 -1.841049 -0.443589 -1.202603
0.850464 -0.223389 0.976929 -1.436858 -0.816925 -1.356162
0.718628 -0.167847 0.850586 -0.446200 -1.148490 -1.513519
0.615967 -0.130249 0.703003 0.309017 -1.394374 -1.504025
0.482910 -0.122192 0.590942 0.720090 -1.507823 -1.466526
0.298218 -0.105103 0.523560 1.056876 -1.459880 -1.423330
0.172974 -0.054077 0.457031 1.469611 -1.339311 -1.381320
0.039917 0.079346 0.384888 1.888279 -1.218505 -1.202841
-0.057129 0.090332 0.307617 2.181869 -1.171749 -0.795802
-0.115601 0.145386 0.206787 2.329495 -1.164866 -0.412023
-0.139038 0.173950 0.133789 2.295793 -1.110515 0.005221
-0.137207 0.153198 0.099731 2.192312 -0.928238 0.429586
-0.163696 0.128296 0.090576 2.194448 -0.650787 0.810280
-0.159302 0.100586 0.070435 2.289622 -0.504348 1.237018
-0.074585 0.057617 -0.015381 2.380760 -0.653160 1.648328
0.044678 -0.010864 -0.144897 2.467390 -0.892162 1.984877
0.156860 -0.126831 -0.240601 2.553307 -1.031006 2.202281
0.293335 -0.190918 -0.263428 2.704255 -1.162493 2.309084
0.420166 -0.192017 -0.224243 2.826248 -1.413361 2.380048
0.551147 -0.242920 -0.199707 2.826011 -1.812330 2.466678
0.728882 -0.345581 -0.209961 2.798717 -2.294843 2.504177
0.885010 -0.455933 -0.293823 2.847846 -2.757894 2.478545
1.069702 -0.546631 -0.413086 3.067148 -3.040566 2.508924
1.318359 -0.664185 -0.566406 3.401086 -3.059554 2.527437
1.516968 -0.776489 -0.798462 3.621813 -2.818179 2.442944
1.704956 -0.974121 -0.923584 3.636053 -2.389067 2.277992
1.754028 -1.049316 -1.042358 3.502431 -2.103784 1.865257
1.791748 -0.944824 -1.185425 3.350296 -2.084560 1.398646
1.834595 -0.947021 -1.215454 2.975535 -2.117787 1.073253
1.914307 -0.930298 -1.266479 2.369131 -2.181869 0.763524
1.926636 -0.938354 -1.287476 1.691761 -2.179971 0.477529
1.970459 -0.932861 -1.261719 1.168664 -2.172850 0.207198
1.949585 -0.903687 -1.234009 0.899282 -2.081237 -0.144540
1.890869 -0.871216 -1.276001 0.692084 -1.868580 -0.474443
1.823730 -0.849854 -1.312988 0.511706 -1.582348 -0.786308
1.754761 -0.800049 -1.353760 0.301659 -1.260989 -1.125705
1.683228 -0.779297 -1.359497 0.019225 -0.936307 -1.439944
1.582764 -0.794434 -1.335571 -0.216692 -0.657670 -1.743264
1.464722 -0.796265 -1.378784 -0.389238 -0.494142 -2.055604
1.305908 -0.767822 -1.395630 -0.573177 -0.315188 -2.338039
1.139404 -0.714966 -1.377197 -0.799362 -0.134097 -2.608370
0.997925 -0.688110 -1.273682 -0.990896 0.005459 -2.730125
0.911499 -0.651611 -1.220703 -1.200467 0.049129 -2.694050
0.859131 -0.646118 -1.163574 -1.397222 0.179904 -2.584873
0.818726 -0.625366 -1.098999 -1.608930 0.395884 -2.458845
0.753052 -0.598267 -1.057617 -1.910115 0.677844 -2.372216
0.664185 -0.566528 -1.016602 -2.451488 0.952921 -2.240492
0.578735 -0.574341 -0.909668 -3.016595 1.301811 -2.045398
0.526367 -0.575928 -0.724731 -3.338903 1.631952 -1.988200
0.461792 -0.515991 -0.622681 -3.577193 1.675385 -2.063437
0.389771 -0.453613 -0.500854 -3.504567 1.702679 -2.127518
0.303345 -0.385376 -0.390137 -3.285976 1.604895 -2.169290
0.258789 -0.332031 -0.377075 -3.157575 1.293030 -2.095952
0.206055 -0.255737 -0.390991 -3.056231 1.106955 -1.956633
0.154541 -0.187988 -0.430908 -3.164458 1.047857 -1.754894
0.114258 -0.156250 -0.430786 -3.480358 1.098886 -1.435671
0.126343 -0.146362 -0.344482 -3.775135 1.278077 -1.102683
0.162109 -0.116455 -0.205444 -3.865087 1.550307 -0.868191
0.191650 -0.072388 -0.034546 -3.763268 1.803074 -0.704663
0.197510 -0.005493 0.098999 -3.520468 1.918184 -0.595012
0.228760 0.119507 0.203125 -3.121262 1.952836 -0.482275
0.237793 0.224609 0.272461 -2.892229 1.816603 -0.284808
0.317261 0.270996 0.350708 -2.850457 1.624357 0.005934
0.420166 0.306396 0.434326 -2.714936 1.486225 0.237578
0.498169 0.331787 0.505615 -2.537880 1.390102 0.401342
0.588623 0.336426 0.583740 -2.370555 1.323172 0.565582
0.661255 0.356323 0.646973 -2.184717 1.220641 0.675470
0.730957 0.352905 0.672363 -1.993184 1.096275 0.748809
0.799561 0.325195 0.649536 -1.806160 0.945326 0.867004
0.874390 0.278809 0.647095 -1.626493 0.809568 0.962178
0.949341 0.254150 0.630249 -1.465814 0.684964 1.010595
1.022339 0.222778 0.619507 -1.339311 0.561072 1.045484
1.059204 0.194092 0.617188 -1.209961 0.464475 1.001576
1.070801 0.181641 0.620117 -1.063047 0.325868 0.918982
1.093384 0.187500 0.614258 -0.887415 0.129113 0.839947
1.087646 0.204102 0.581421 -0.692559 -0.062183 0.733144
1.088501 0.215820 0.540039 -0.533066 -0.172546 0.679980
1.092651 0.223022 0.501343 -0.428874 -0.240188 0.637733
1.105103 0.227905 0.437256 -0.380456 -0.305457 0.616373
1.118896 0.225342 0.394653 -0.407513 -0.327055 0.601420
1.134766 0.205933 0.376953 -0.445488 -0.295251 0.568430
1.146851 0.191772 0.374023 -0.430298 -0.240426 0.526658
1.164673 0.175415 0.363159 -0.364317 -0.182277 0.476342
1.160278 0.173218 0.356689 -0.262736 -0.137183 0.411548
1.167114 0.180420 0.332397 -0.156170 -0.173970 0.353162
1.178833 0.166992 0.292847 -0.060522 -0.250157 0.271517
1.161255 0.164185 0.258545 0.009731 -0.290267 0.171122
1.133301 0.173706 0.225708 0.042484 -0.309254 0.081170
1.116089 0.178345 0.193237 0.029430 -0.323257 0.035601
1.107788 0.179199 0.174805 0.004984 -0.283859 0.025395
1.094849 0.202759 0.176880 0.003797 -0.209809 -0.009256
1.063721 0.211548 0.153320 0.027769 -0.128164 -0.028243
1.061157 0.216187 0.112061 0.041772 -0.069778 -0.001187
1.063965 0.208618 0.100220 0.014240 -0.012104 0.009019
1.055908 0.204468 0.104736 -0.027531 0.036788 0.003085
1.044189 0.188843 0.110596 -0.067642 0.063370 -0.002373
1.037354 0.187378 0.132080 -0.093275 0.085680 -0.012579
1.033813 0.191406 0.159668 -0.096835 0.093987 -0.013766
1.031006 0.187134 0.170898 -0.075949 0.074050 -0.017326
1.022095 0.191406 0.162231 -0.041297 0.035364 -0.015902
1.032593 0.183228 0.148804 -0.039873 -0.011392 0.013766
1.048218 0.175171 0.160889 -0.040823 -0.025158 0.016139
1.052979 0.184082 0.163574 -0.005221 -0.031566 0.007595
1.040894 0.190674 0.146851 0.048180 -0.059098 0.016376
1.054077 0.188599 0.126953 0.079272 -0.089477 0.039398
1.057251 0.179443 0.117676 0.083306 -0.120569 0.052690
1.059937 0.179321 0.114624 0.080221 -0.154983 0.045807
1.067505 0.178101 0.112061 0.075949 -0.184413 0.042959
1.078003 0.183105 0.092285 0.082357 -0.191296 0.046044
1.071167 0.177124 0.084839 0.085680 -0.146676 0.038212
1.059082 0.173828 0.083496 0.094699 -0.072151 0.044145
1.057007 0.177368 0.089966 0.120332 -0.007595 0.056012
1.005249 0.180420 0.077515 0.162341 0.066455 0.062895
0.971802 0.193115 0.071289 0.206486 0.149287 0.133860
0.989136 0.173218 0.082031 0.222625 0.198654 0.254191
1.016479 0.160156 0.076172 0.245647 0.218828 0.349128
1.075439 0.161377 0.076294 0.261549 0.238527 0.408700
1.139893 0.138184 0.078247 0.243274 0.238290 0.410361
1.162109 0.133301 0.096313 0.213132 0.234492 0.314476
1.145874 0.137451 0.106079 0.139793 0.158543 0.166613
1.129883 0.129150 0.107178 0.004509 -0.009968 0.029430
1.091309 0.131104 0.119995 -0.125316 -0.140743 -0.089003
1.038452 0.143066 0.161743 -0.212182 -0.186787 -0.172546
1.012207 0.156494 0.190186 -0.235442 -0.231407 -0.175869
0.996216 0.159790 0.183594 -0.168037 -0.258701 -0.144303
1.000488 0.161255 0.170044 -0.065031 -0.210758 -0.093512
1.010986 0.158813 0.149902 0.020886 -0.123654 -0.015902
1.023560 0.159180 0.142822 0.097547 -0.045807 0.032278
1.036499 0.164917 0.118652 0.149050 -0.036550 0.046519
1.043213 0.157715 0.097412 0.153797 -0.089003 0.049129
1.056152 0.154419 0.079346 0.129588 -0.144303 0.037737
1.061279 0.149902 0.080078 0.113686 -0.158781 0.025633
1.056396 0.156128 0.073853 0.096835 -0.148812 0.007358
1.052124 0.156982 0.063965 0.070727 -0.150948 -0.007595
1.055786 0.150391 0.057495 0.038212 -0.165426 0.002136
1.059326 0.146729 0.053101 0.013291 -0.180616 0.002373
1.061279 0.146362 0.061157 -0.000475 -0.155458 0.018275
1.077515 0.142578 0.064819 -0.005459 -0.108465 0.053402
1.088745 0.142456 0.059937 0.007358 -0.062420 0.059810
1.086304 0.136597 0.042114 0.012816 -0.047943 0.060047
1.084473 0.133301 0.037842 -0.001424 -0.050791 0.052215
1.082153 0.129517 0.035645 -0.029430 -0.052215 0.037737
1.077759 0.130005 0.052124 -0.041060 -0.046044 0.029668
1.077881 0.131226 0.062012 -0.045095 -0.045569 0.016614
1.082397 0.129150 0.064819 -0.045569 -0.062420 0.009256
1.080200 0.132568 0.061523 -0.042484 -0.081408 0.007358
1.084229 0.127930 0.060181 -0.047231 -0.097784 0.004509
