1.105591 0.118774 0.340820 -0.531168 -0.586231 -0.199128
1.186890 0.086792 0.429688 -0.583857 -0.274603 -0.035601
1.220825 0.102417 0.501587 -0.603082 0.062895 0.042959
1.243530 0.100220 0.593872 -0.542560 0.376422 0.056487
1.276001 0.059082 0.651611 -0.424602 0.375235 0.068591
1.326416 0.083130 0.697754 -0.290742 0.197704 0.055775
1.367310 0.088379 0.756104 -0.184413 -0.042959 -0.020411
1.395874 0.120361 0.799927 -0.135284 -0.159730 -0.165664
1.380005 0.156616 0.849487 -0.116059 -0.196518 -0.360757
1.343140 0.124512 0.923706 -0.121044 -0.178005 -0.571041
1.275391 0.087769 0.973755 -0.074288 -0.306406 -0.811229
1.176025 0.063354 1.009766 0.073338 -0.537576 -1.038364
1.062378 0.072876 1.024048 0.303321 -0.889314 -1.192872
0.918701 0.092773 0.990234 0.519775 -1.182429 -1.320087
0.783447 0.080444 0.962646 0.679268 -1.312966 -1.394611
0.675537 0.077637 0.935547 0.824045 -1.431874 -1.410751
0.605957 0.069580 0.881836 0.999203 -1.545085 -1.340735
0.561646 0.065063 0.826538 1.199043 -1.572617 -1.215894
0.477783 0.036133 0.730957 1.415735 -1.489785 -1.080610
0.321045 0.007935 0.588989 1.620797 -1.199755 -0.932035
0.153320 -0.008789 0.470825 1.754182 -0.787258 -0.710359
0.022705 -0.037476 0.392334 1.832504 -0.461152 -0.417719
-0.040649 -0.050171 0.299438 1.936697 -0.369539 -0.075000
-0.065674 -0.060425 0.210571 2.035905 -0.364792 0.281011
-0.009888 -0.088745 0.149536 2.101411 -0.389475 0.600234
0.079224 -0.105591 0.060669 2.213910 -0.543035 0.886229
0.187622 -0.120239 -0.068359 2.384795 -0.752843 1.138284
0.303711 -0.142700 -0.199463 2.537405 -0.897384 1.394611
0.436646 -0.114624 -0.340210 2.639461 -0.988285 1.643344
0.550903 -0.090088 -0.465210 2.652278 -1.032905 1.836302
0.614624 -0.066528 -0.574829 2.575379 -1.103632 1.935985
0.639282 -0.048218 -0.621460 2.427042 -1.320561 1.940732
0.723511 -0.038940 -0.606445 2.246426 -1.654737 1.884482
0.780396 -0.098633 -0.645142 2.095952 -1.935510 1.775780
0.921631 -0.117798 -0.644409 2.001491 -2.303625 1.777679
1.102417 -0.104248 -0.667847 1.949988 -2.615727 1.801887
1.245850 -0.118774 -0.684082 1.870716 -2.496108 1.755131
1.345459 -0.161011 -0.714111 1.763676 -2.109718 1.672062
1.421997 -0.164673 -0.767944 1.744926 -2.027835 1.581636
1.476929 -0.198730 -0.845581 1.754657 -2.094765 1.474358
1.553589 -0.210327 -0.908203 1.678470 -1.888042 1.390577
1.640869 -0.206787 -0.931030 1.501415 -1.462491 1.288046
1.692383 -0.211792 -0.954346 1.297065 -1.035041 1.122145
1.702026 -0.193726 -0.990601 1.125705 -0.699916 0.926814
1.673584 -0.214844 -0.990479 0.907827 -0.382593 0.685201
1.614746 -0.232910 -0.974243 0.658619 -0.173258 0.431247
1.542236 -0.250366 -0.959839 0.455219 -0.156645 0.211470
1.477661 -0.249634 -0.922607 0.271043 -0.241375 0.042721
1.447998 -0.244873 -0.854858 0.092325 -0.290267 -0.065981
1.444580 -0.246948 -0.776123 -0.043671 -0.296675 -0.145727
1.438477 -0.260864 -0.724854 -0.117958 -0.233780 -0.215505
1.439697 -0.275757 -0.664795 -0.157594 -0.082832 -0.274128
1.431030 -0.282104 -0.639282 -0.132436 0.019937 -0.337973
1.412231 -0.290894 -0.633179 -0.075949 0.114398 -0.402529
1.387695 -0.300049 -0.642578 -0.027057 0.205537 -0.463051
1.370728 -0.288086 -0.672607 0.008782 0.264160 -0.521674
1.377319 -0.272583 -0.678467 -0.001899 0.332751 -0.582196
1.368652 -0.269531 -0.672363 -0.052215 0.400393 -0.664315
1.347534 -0.285767 -0.679688 -0.093037 0.469459 -0.759014
1.293823 -0.294556 -0.704834 -0.126265 0.524047 -0.833064
1.288208 -0.273193 -0.735229 -0.174682 0.554664 -0.861071
1.308228 -0.242310 -0.739380 -0.266533 0.572939 -0.886229
1.296387 -0.224731 -0.729004 -0.373574 0.580060 -0.971196
1.250000 -0.222900 -0.715088 -0.477291 0.594300 -1.099835
1.188354 -0.216675 -0.715820 -0.576500 0.617085 -1.208774
1.122192 -0.212646 -0.705811 -0.697306 0.724363 -1.286859
1.040039 -0.226318 -0.691772 -0.810517 0.815027 -1.347381
0.998535 -0.225220 -0.673462 -0.880058 0.743350 -1.383931
0.998169 -0.197021 -0.655640 -0.920643 0.659569 -1.394849
0.989990 -0.166992 -0.650269 -0.957193 0.700391 -1.429738
0.945801 -0.142944 -0.664917 -1.007984 0.862495 -1.485513
0.879761 -0.107422 -0.688965 -1.077288 0.942953 -1.523487
0.821411 -0.070190 -0.703857 -1.178157 0.986149 -1.523725
0.766968 -0.035278 -0.684204 -1.363283 1.176496 -1.500703
0.711914 -0.024048 -0.634399 -1.593503 1.267397 -1.478393
0.667480 -0.003296 -0.561157 -1.798327 1.328631 -1.435197
0.604614 0.026978 -0.498657 -1.964703 1.337650 -1.391526
0.544189 0.018188 -0.416870 -2.149116 1.390577 -1.367317
0.498779 0.008911 -0.294922 -2.303625 1.441368 -1.362333
0.465942 0.020386 -0.205933 -2.352992 1.398409 -1.297065
0.435425 0.053467 -0.126831 -2.325697 1.306084 -1.178632
0.407471 0.103271 -0.069824 -2.292233 1.216369 -1.059012
0.384766 0.131958 -0.005493 -2.284638 1.162730 -0.935358
0.383301 0.152588 0.067017 -2.271584 1.117161 -0.812653
0.398682 0.170288 0.139160 -2.227676 1.025073 -0.689236
0.414429 0.172241 0.192749 -2.161458 0.927526 -0.556800
0.448364 0.168701 0.264771 -2.099512 0.857748 -0.422466
0.491821 0.169067 0.328735 -2.024750 0.817637 -0.291691
0.515259 0.170654 0.385742 -1.934561 0.804584 -0.182752
0.526855 0.185547 0.439087 -1.823248 0.777764 -0.097784
0.550171 0.214111 0.471313 -1.712885 0.724125 -0.017326
0.582153 0.230713 0.506348 -1.614151 0.646752 0.045807
0.614990 0.248779 0.530273 -1.515180 0.532829 0.078322
0.634033 0.243408 0.547729 -1.415735 0.388051 0.085205
0.650391 0.253296 0.561768 -1.323884 0.184176 0.085917
0.674561 0.264648 0.578125 -1.243188 -0.040111 0.080221
0.724854 0.274536 0.612549 -1.152050 -0.289792 0.079746
0.772705 0.276733 0.634521 -1.040500 -0.513604 0.093749
0.814331 0.264160 0.646362 -0.933697 -0.580534 0.141929
0.828125 0.247803 0.641724 -0.842795 -0.473019 0.222863
0.868408 0.226440 0.620605 -0.734568 -0.354824 0.304033
0.943970 0.211914 0.585571 -0.599759 -0.288606 0.381168
1.027222 0.209717 0.559814 -0.454981 -0.272467 0.440741
1.089600 0.208252 0.523804 -0.337735 -0.200078 0.496041
1.141479 0.210327 0.475586 -0.256565 -0.028006 0.525946
1.182373 0.215698 0.442871 -0.190584 0.097547 0.488684
1.207397 0.240723 0.403198 -0.139793 0.115347 0.392798
1.213745 0.250244 0.375488 -0.112499 0.090189 0.253242
1.193970 0.245728 0.351807 -0.103955 0.056012 0.095885
1.158325 0.238892 0.331055 -0.097310 0.001187 -0.029193
1.123413 0.240356 0.325073 -0.087579 -0.043433 -0.109177
1.082275 0.249023 0.315186 -0.078322 -0.020411 -0.147863
1.054199 0.253052 0.317871 -0.087816 0.108227 -0.142642
1.017700 0.259888 0.313599 -0.104904 0.283147 -0.116771
0.985840 0.252441 0.312378 -0.115110 0.392798 -0.103955
0.970459 0.242920 0.323608 -0.122230 0.446912 -0.093275
0.969849 0.231689 0.331177 -0.104904 0.424602 -0.079509
0.979126 0.229492 0.330811 -0.071202 0.376184 -0.057199
0.995605 0.226074 0.323242 -0.046281 0.369064 -0.034652
1.000854 0.227173 0.316528 -0.014478 0.351264 -0.026819
0.994507 0.220337 0.301270 0.024921 0.307356 -0.032516
1.010742 0.213989 0.289795 0.060522 0.234018 -0.043908
1.027832 0.215088 0.287354 0.103243 0.138369 -0.047943
1.028076 0.225220 0.266724 0.142642 0.053639 -0.056250
1.003540 0.226807 0.237915 0.161391 0.011867 -0.070253
0.989380 0.229614 0.211182 0.158781 0.000237 -0.081408
0.977905 0.233032 0.197388 0.135284 -0.019937 -0.084730
0.969482 0.243042 0.189209 0.096835 -0.051740 -0.085917
0.960083 0.234497 0.200073 0.045807 -0.075474 -0.086155
0.947266 0.235962 0.205200 0.008544 -0.084493 -0.077136
0.930054 0.240112 0.199585 -0.011867 -0.087579 -0.065743
0.918335 0.239258 0.207031 -0.034177 -0.088291 -0.054351
0.919678 0.239258 0.213623 -0.043433 -0.110363 -0.042009
0.912720 0.235596 0.209595 -0.037025 -0.143116 -0.024683
0.915283 0.225952 0.216553 -0.036313 -0.148812 0.001187
0.922241 0.227661 0.208130 -0.019462 -0.164477 0.029668
0.938110 0.234619 0.201294 0.003797 -0.200078 0.055063
0.960327 0.234863 0.193359 0.010443 -0.232593 0.069541
0.962158 0.229370 0.182007 0.007595 -0.229745 0.069303
0.973511 0.219727 0.172729 0.004272 -0.217641 0.068591
0.984985 0.218384 0.171997 -0.005221 -0.217166 0.077373
1.007813 0.219727 0.166138 -0.014715 -0.221676 0.081408
1.033203 0.219238 0.167114 -0.024209 -0.209334 0.079034
1.054199 0.226440 0.170532 -0.042247 -0.172784 0.080933
1.063843 0.229370 0.175293 -0.065269 -0.105142 0.066693
1.065430 0.225098 0.180298 -0.075474 -0.047231 0.032990
1.049927 0.223267 0.176758 -0.071677 -0.040348 -0.003085
1.039795 0.222534 0.180664 -0.065981 -0.064319 -0.028718
1.031616 0.227295 0.181396 -0.059810 -0.058623 -0.035838
1.025513 0.239136 0.184814 -0.052690 -0.027531 -0.037025
