5157.000000 3759.000000 -913.000000 -447.000000 2118.000000 -244.000000
5638.000000 2088.000000 -1791.000000 -172.000000 1787.000000 402.000000
5333.000000 2459.000000 -1818.000000 -104.000000 2642.000000 426.000000
5514.000000 2628.000000 -1571.000000 -118.000000 3562.000000 668.000000
5481.000000 2696.000000 -1215.000000 -164.000000 4263.000000 767.000000
5452.000000 2585.000000 -953.000000 -94.000000 4663.000000 740.000000
5181.000000 2514.000000 -934.000000 60.000000 4751.000000 606.000000
4819.000000 2428.000000 -872.000000 199.000000 4493.000000 526.000000
4081.000000 2338.000000 -804.000000 328.000000 3927.000000 437.000000
3218.000000 2242.000000 -900.000000 506.000000 3298.000000 364.000000
2643.000000 2170.000000 -947.000000 513.000000 2751.000000 498.000000
2014.000000 1887.000000 -707.000000 322.000000 2240.000000 778.000000
1093.000000 1200.000000 -894.000000 207.000000 1755.000000 1199.000000
1021.000000 747.000000 -1003.000000 117.000000 1331.000000 2055.000000
1544.000000 532.000000 -693.000000 -35.000000 931.000000 3484.000000
2296.000000 -98.000000 -173.000000 104.000000 646.000000 5015.000000
3257.000000 -198.000000 159.000000 359.000000 210.000000 6332.000000
3902.000000 -93.000000 -16.000000 861.000000 -91.000000 7467.000000
4400.000000 -65.000000 -436.000000 1471.000000 10.000000 8334.000000
4912.000000 -42.000000 -1170.000000 1945.000000 -137.000000 8744.000000
5664.000000 387.000000 -1989.000000 2283.000000 -823.000000 8688.000000
6248.000000 844.000000 -2773.000000 2705.000000 -2665.000000 7914.000000
6464.000000 709.000000 -3070.000000 2935.000000 -5571.000000 6383.000000
6542.000000 64.000000 -2973.000000 3085.000000 -8853.000000 4844.000000
6722.000000 -961.000000 -3062.000000 3148.000000 -10547.000000 4294.000000
7356.000000 -1772.000000 -3049.000000 2781.000000 -9298.000000 5417.000000
8770.000000 -2527.000000 -3160.000000 2366.000000 -6562.000000 7924.000000
10682.000000 -2656.000000 -3531.000000 2020.000000 -3801.000000 10460.000000
12267.000000 -2035.000000 -3823.000000 1995.000000 -1707.000000 12267.000000
13841.000000 -1603.000000 -4301.000000 2032.000000 -1065.000000 12668.000000
15473.000000 -1168.000000 -4771.000000 2134.000000 -1434.000000 11999.000000
16460.000000 -849.000000 -5080.000000 2024.000000 -2051.000000 10602.000000
16879.000000 -966.000000 -4970.000000 1440.000000 -1684.000000 8854.000000
16711.000000 -1210.000000 -4647.000000 778.000000 -813.000000 7363.000000
16414.000000 -1421.000000 -4410.000000 464.000000 -257.000000 6282.000000
16023.000000 -1599.000000 -4296.000000 440.000000 126.000000 5579.000000
15699.000000 -1704.000000 -4352.000000 569.000000 440.000000 4987.000000
15484.000000 -1873.000000 -4348.000000 755.000000 169.000000 4395.000000
15594.000000 -1971.000000 -4553.000000 1021.000000 -239.000000 3863.000000
15780.000000 -1984.000000 -4725.000000 1252.000000 -208.000000 3370.000000
16128.000000 -1837.000000 -5115.000000 1392.000000 -279.000000 2854.000000
16314.000000 -1692.000000 -5377.000000 1312.000000 -86.000000 2206.000000
16158.000000 -1636.000000 -5590.000000 1020.000000 143.000000 1338.000000
15884.000000 -1663.000000 -5701.000000 660.000000 129.000000 400.000000
15498.000000 -1663.000000 -5895.000000 298.000000 48.000000 -528.000000
15237.000000 -1677.000000 -6223.000000 -65.000000 -12.000000 -1423.000000
14973.000000 -1682.000000 -6502.000000 -473.000000 95.000000 -2238.000000
14682.000000 -1742.000000 -6639.000000 -943.000000 309.000000 -2979.000000
14654.000000 -1820.000000 -6502.000000 -1519.000000 -279.000000 -3558.000000
14674.000000 -1858.000000 -6282.000000 -2060.000000 -524.000000 -4029.000000
14634.000000 -1946.000000 -6176.000000 -2570.000000 -537.000000 -4498.000000
14409.000000 -1913.000000 -6167.000000 -3097.000000 -35.000000 -5120.000000
13974.000000 -1993.000000 -5970.000000 -3641.000000 747.000000 -5842.000000
13328.000000 -2040.000000 -5911.000000 -4063.000000 1420.000000 -6686.000000
12521.000000 -2120.000000 -5789.000000 -4489.000000 2274.000000 -7592.000000
11484.000000 -2156.000000 -5518.000000 -4989.000000 3268.000000 -8337.000000
10371.000000 -2190.000000 -5092.000000 -5448.000000 4225.000000 -9004.000000
9226.000000 -2254.000000 -4468.000000 -5825.000000 5134.000000 -9559.000000
8005.000000 -2131.000000 -3934.000000 -6022.000000 5786.000000 -9867.000000
6828.000000 -1973.000000 -3458.000000 -6071.000000 6244.000000 -9978.000000
5735.000000 -1710.000000 -2900.000000 -6045.000000 6492.000000 -9937.000000
4724.000000 -1382.000000 -2500.000000 -5920.000000 6242.000000 -9693.000000
3856.000000 -1000.000000 -2021.000000 -5850.000000 5818.000000 -9248.000000
3223.000000 -597.000000 -1526.000000 -5759.000000 5287.000000 -8650.000000
2742.000000 -215.000000 -1135.000000 -5624.000000 4663.000000 -7977.000000
2376.000000 102.000000 -854.000000 -5459.000000 4089.000000 -7258.000000
2234.000000 440.000000 -572.000000 -5373.000000 3681.000000 -6485.000000
2236.000000 691.000000 -203.000000 -5277.000000 3379.000000 -5687.000000
2342.000000 985.000000 61.000000 -5040.000000 3040.000000 -5017.000000
2430.000000 1157.000000 280.000000 -4741.000000 2620.000000 -4465.000000
2449.000000 1296.000000 475.000000 -4438.000000 2229.000000 -3962.000000
2385.000000 1443.000000 648.000000 -4145.000000 1980.000000 -3465.000000
2196.000000 1554.000000 665.000000 -3918.000000 1843.000000 -2887.000000
2050.000000 1673.000000 615.000000 -3766.000000 1860.000000 -2246.000000
1861.000000 1777.000000 607.000000 -3746.000000 1913.000000 -1529.000000
1702.000000 1855.000000 753.000000 -3792.000000 1802.000000 -772.000000
1609.000000 1919.000000 950.000000 -3823.000000 1560.000000 -20.000000
1651.000000 1846.000000 1271.000000 -3729.000000 1159.000000 705.000000
1811.000000 1652.000000 1469.000000 -3455.000000 632.000000 1355.000000
1966.000000 1534.000000 1543.000000 -3043.000000 150.000000 2083.000000
2170.000000 1477.000000 1464.000000 -2587.000000 -162.000000 2899.000000
2574.000000 1363.000000 1309.000000 -2149.000000 -386.000000 3642.000000
3147.000000 1309.000000 1163.000000 -1743.000000 -673.000000 4276.000000
3704.000000 1209.000000 996.000000 -1434.000000 -884.000000 4800.000000
4162.000000 1126.000000 779.000000 -1264.000000 -848.000000 5185.000000
4337.000000 1003.000000 560.000000 -1199.000000 -646.000000 5386.000000
4235.000000 852.000000 337.000000 -1238.000000 -329.000000 5495.000000
3889.000000 672.000000 199.000000 -1351.000000 -128.000000 5612.000000
3536.000000 452.000000 191.000000 -1536.000000 60.000000 5856.000000
3461.000000 169.000000 270.000000 -1683.000000 133.000000 6299.000000
3798.000000 -154.000000 361.000000 -1628.000000 -81.000000 6863.000000
4578.000000 -491.000000 463.000000 -1449.000000 -408.000000 7565.000000
5881.000000 -612.000000 446.000000 -1171.000000 -769.000000 8317.000000
7315.000000 -650.000000 198.000000 -872.000000 -952.000000 8865.000000
8479.000000 -811.000000 -44.000000 -722.000000 -838.000000 9043.000000
9836.000000 -900.000000 -244.000000 -737.000000 -578.000000 9097.000000
10998.000000 -932.000000 -367.000000 -834.000000 -402.000000 8946.000000
12187.000000 -1023.000000 -559.000000 -883.000000 -407.000000 8519.000000
13255.000000 -948.000000 -637.000000 -964.000000 -466.000000 7919.000000
14093.000000 -876.000000 -665.000000 -1066.000000 -556.000000 7138.000000
14632.000000 -867.000000 -580.000000 -1165.000000 -626.000000 6228.000000
14880.000000 -986.000000 -472.000000 -1313.000000 -237.000000 5298.000000
14905.000000 -1046.000000 -324.000000 -1408.000000 503.000000 4446.000000
14826.000000 -1061.000000 -268.000000 -1409.000000 859.000000 3659.000000
14620.000000 -1079.000000 -230.000000 -1400.000000 1284.000000 2995.000000
14387.000000 -1116.000000 -198.000000 -1328.000000 1651.000000 2407.000000
14203.000000 -1142.000000 -79.000000 -1265.000000 2040.000000 1884.000000
14003.000000 -1145.000000 91.000000 -1212.000000 2578.000000 1409.000000
13657.000000 -1122.000000 93.000000 -1118.000000 2932.000000 940.000000
13184.000000 -1146.000000 113.000000 -1059.000000 3086.000000 454.000000
12692.000000 -1224.000000 254.000000 -1052.000000 3101.000000 -32.000000
12274.000000 -1242.000000 402.000000 -976.000000 2928.000000 -471.000000
11844.000000 -1145.000000 419.000000 -791.000000 2562.000000 -909.000000
11363.000000 -1066.000000 489.000000 -668.000000 2328.000000 -1340.000000
10731.000000 -1099.000000 588.000000 -625.000000 2215.000000 -1684.000000
10126.000000 -1156.000000 629.000000 -566.000000 1985.000000 -1886.000000
9613.000000 -1207.000000 616.000000 -521.000000 1618.000000 -1891.000000
9211.000000 -1136.000000 644.000000 -562.000000 1196.000000 -1701.000000
8839.000000 -1131.000000 707.000000 -579.000000 799.000000 -1490.000000
8675.000000 -1103.000000 818.000000 -618.000000 467.000000 -1221.000000
8621.000000 -1085.000000 918.000000 -624.000000 176.000000 -952.000000
8578.000000 -1011.000000 896.000000 -579.000000 -103.000000 -714.000000
8662.000000 -898.000000 953.000000 -535.000000 -232.000000 -542.000000
8625.000000 -835.000000 901.000000 -494.000000 -384.000000 -464.000000
8578.000000 -834.000000 865.000000 -445.000000 -477.000000 -470.000000
8473.000000 -860.000000 862.000000 -403.000000 -527.000000 -501.000000
8371.000000 -820.000000 804.000000 -323.000000 -622.000000 -484.000000
8328.000000 -817.000000 759.000000 -261.000000 -706.000000 -423.000000
8306.000000 -762.000000 750.000000 -176.000000 -833.000000 -403.000000
8314.000000 -706.000000 706.000000 -79.000000 -966.000000 -392.000000
8287.000000 -638.000000 522.000000 -26.000000 -959.000000 -349.000000
8200.000000 -590.000000 459.000000 -44.000000 -775.000000 -309.000000
8059.000000 -612.000000 443.000000 -30.000000 -560.000000 -336.000000
8081.000000 -607.000000 413.000000 21.000000 -495.000000 -335.000000
8036.000000 -602.000000 291.000000 41.000000 -491.000000 -220.000000
7961.000000 -550.000000 313.000000 -28.000000 -348.000000 -118.000000
7962.000000 -569.000000 385.000000 -83.000000 -275.000000 -70.000000
7948.000000 -601.000000 299.000000 -39.000000 -388.000000 25.000000
7948.000000 -510.000000 320.000000 -24.000000 -452.000000 190.000000
7971.000000 -448.000000 426.000000 -33.000000 -476.000000 272.000000
8117.000000 -451.000000 425.000000 20.000000 -624.000000 285.000000
8227.000000 -422.000000 329.000000 72.000000 -719.000000 302.000000
8293.000000 -434.000000 293.000000 90.000000 -720.000000 323.000000
8386.000000 -439.000000 235.000000 81.000000 -766.000000 312.000000
8524.000000 -454.000000 290.000000 61.000000 -783.000000 264.000000
8611.000000 -424.000000 258.000000 28.000000 -759.000000 182.000000
8640.000000 -482.000000 373.000000 -5.000000 -727.000000 110.000000
8674.000000 -535.000000 373.000000 10.000000 -670.000000 41.000000
8752.000000 -576.000000 318.000000 53.000000 -572.000000 2.000000
8638.000000 -558.000000 272.000000 49.000000 -425.000000 63.000000
