5111.000000 3142.000000 -254.000000 -1613.000000 3444.000000 385.000000
5885.000000 2063.000000 -1410.000000 -976.000000 1841.000000 1389.000000
5107.000000 3072.000000 -540.000000 -569.000000 1926.000000 1288.000000
5030.000000 3100.000000 -651.000000 -307.000000 1411.000000 1494.000000
4838.000000 3043.000000 -826.000000 -64.000000 1451.000000 1816.000000
4742.000000 2956.000000 -911.000000 65.000000 1177.000000 2035.000000
4268.000000 3077.000000 -1079.000000 -21.000000 851.000000 2018.000000
3316.000000 3322.000000 -477.000000 -358.000000 641.000000 2105.000000
2957.000000 2421.000000 -607.000000 -546.000000 201.000000 2454.000000
2283.000000 2241.000000 -155.000000 -644.000000 217.000000 2527.000000
1798.000000 2100.000000 325.000000 -629.000000 91.000000 3128.000000
1848.000000 1790.000000 644.000000 -323.000000 -60.000000 4212.000000
2163.000000 1485.000000 666.000000 156.000000 -434.000000 5341.000000
2619.000000 1278.000000 526.000000 660.000000 -793.000000 6369.000000
3138.000000 1087.000000 263.000000 1109.000000 -1075.000000 7179.000000
3557.000000 929.000000 -73.000000 1448.000000 -1257.000000 7778.000000
4082.000000 732.000000 -237.000000 1616.000000 -1240.000000 8312.000000
4617.000000 328.000000 -370.000000 1689.000000 -1143.000000 8819.000000
5152.000000 -70.000000 -429.000000 1782.000000 -1063.000000 9407.000000
5773.000000 -225.000000 -596.000000 1956.000000 -1163.000000 10024.000000
6351.000000 -339.000000 -726.000000 2123.000000 -1392.000000 10432.000000
6917.000000 -527.000000 -1049.000000 2314.000000 -1629.000000 10621.000000
7525.000000 -803.000000 -1375.000000 2396.000000 -1926.000000 10766.000000
8081.000000 -1165.000000 -1463.000000 2381.000000 -2285.000000 10892.000000
8923.000000 -1228.000000 -1660.000000 2448.000000 -2595.000000 11140.000000
9980.000000 -1481.000000 -2061.000000 2573.000000 -3066.000000 11262.000000
11133.000000 -1624.000000 -2444.000000 2534.000000 -3357.000000 11271.000000
12150.000000 -1880.000000 -2863.000000 2338.000000 -3380.000000 11290.000000
13140.000000 -1944.000000 -3118.000000 2178.000000 -3502.000000 11068.000000
13759.000000 -1994.000000 -3395.000000 2067.000000 -3339.000000 10543.000000
14029.000000 -1974.000000 -3654.000000 1969.000000 -2933.000000 9765.000000
14384.000000 -2101.000000 -3972.000000 1753.000000 -3177.000000 9047.000000
14792.000000 -2194.000000 -4105.000000 1532.000000 -4055.000000 8574.000000
15342.000000 -2320.000000 -4391.000000 1431.000000 -4078.000000 8108.000000
15814.000000 -2408.000000 -4664.000000 1343.000000 -3619.000000 7621.000000
16160.000000 -2327.000000 -4859.000000 1148.000000 -2807.000000 6971.000000
16294.000000 -2335.000000 -4970.000000 941.000000 -1836.000000 6008.000000
16367.000000 -2403.000000 -4957.000000 716.000000 -1088.000000 4931.000000
16367.000000 -2406.000000 -4881.000000 518.000000 -420.000000 3802.000000
16268.000000 -2500.000000 -4863.000000 326.000000 -34.000000 2679.000000
16119.000000 -2676.000000 -4836.000000 127.000000 13.000000 1586.000000
16135.000000 -2830.000000 -4899.000000 -5.000000 -28.000000 645.000000
16184.000000 -2794.000000 -4847.000000 -109.000000 -141.000000 -199.000000
15998.000000 -2745.000000 -4844.000000 -239.000000 -353.000000 -1122.000000
15840.000000 -2687.000000 -4845.000000 -424.000000 -424.000000 -2049.000000
15460.000000 -2608.000000 -4848.000000 -661.000000 -227.000000 -2896.000000
14987.000000 -2517.000000 -4950.000000 -939.000000 36.000000 -3747.000000
14532.000000 -2397.000000 -4928.000000 -1323.000000 348.000000 -4534.000000
14063.000000 -2378.000000 -4811.000000 -1788.000000 621.000000 -5258.000000
13709.000000 -2350.000000 -4630.000000 -2294.000000 1040.000000 -5889.000000
13244.000000 -2337.000000 -4306.000000 -2743.000000 1539.000000 -6517.000000
12796.000000 -2202.000000 -3949.000000 -3058.000000 1492.000000 -7157.000000
12334.000000 -2145.000000 -3522.000000 -3258.000000 1122.000000 -7791.000000
11880.000000 -2155.000000 -3319.000000 -3448.000000 1303.000000 -8329.000000
11393.000000 -2052.000000 -3091.000000 -3625.000000 1741.000000 -8659.000000
10836.000000 -1861.000000 -2899.000000 -3675.000000 1987.000000 -8895.000000
10258.000000 -1681.000000 -2761.000000 -3633.000000 2009.000000 -9191.000000
9673.000000 -1452.000000 -2630.000000 -3621.000000 1830.000000 -9520.000000
9084.000000 -1175.000000 -2434.000000 -3662.000000 1800.000000 -9835.000000
8439.000000 -977.000000 -2180.000000 -3674.000000 1755.000000 -10139.000000
7722.000000 -749.000000 -1990.000000 -3692.000000 1705.000000 -10397.000000
6981.000000 -450.000000 -1742.000000 -3739.000000 1820.000000 -10525.000000
6374.000000 -234.000000 -1519.000000 -3796.000000 2105.000000 -10504.000000
5862.000000 -6.000000 -1258.000000 -3847.000000 2575.000000 -10319.000000
5263.000000 200.000000 -1085.000000 -3780.000000 2919.000000 -10035.000000
4646.000000 457.000000 -1023.000000 -3633.000000 3066.000000 -9635.000000
4119.000000 715.000000 -1021.000000 -3491.000000 3045.000000 -9119.000000
3701.000000 1008.000000 -1041.000000 -3384.000000 2869.000000 -8500.000000
3461.000000 1239.000000 -903.000000 -3322.000000 2623.000000 -7759.000000
3403.000000 1574.000000 -619.000000 -3330.000000 2586.000000 -6942.000000
3283.000000 1693.000000 -401.000000 -3315.000000 2893.000000 -6136.000000
2976.000000 1922.000000 -520.000000 -3117.000000 3209.000000 -5374.000000
2742.000000 2220.000000 -684.000000 -2900.000000 3476.000000 -4687.000000
2456.000000 2485.000000 -918.000000 -2805.000000 3404.000000 -4160.000000
2128.000000 2742.000000 -1111.000000 -2843.000000 2879.000000 -3760.000000
1908.000000 2730.000000 -1075.000000 -3002.000000 2049.000000 -3405.000000
2021.000000 2760.000000 -793.000000 -3147.000000 1048.000000 -2934.000000
2225.000000 2776.000000 -495.000000 -3172.000000 124.000000 -2335.000000
2281.000000 2790.000000 -352.000000 -3151.000000 -231.000000 -1704.000000
2192.000000 2731.000000 -284.000000 -3136.000000 -84.000000 -1067.000000
1941.000000 2791.000000 -338.000000 -3131.000000 202.000000 -408.000000
1707.000000 2836.000000 -272.000000 -3168.000000 364.000000 311.000000
1472.000000 2764.000000 -135.000000 -3239.000000 442.000000 1040.000000
1440.000000 2665.000000 -34.000000 -3241.000000 359.000000 1782.000000
1504.000000 2517.000000 124.000000 -3211.000000 128.000000 2577.000000
1726.000000 2312.000000 296.000000 -3156.000000 -106.000000 3427.000000
2204.000000 2099.000000 414.000000 -3010.000000 -357.000000 4297.000000
2780.000000 1924.000000 368.000000 -2838.000000 -526.000000 5135.000000
3366.000000 1774.000000 426.000000 -2704.000000 -627.000000 5895.000000
3853.000000 1564.000000 350.000000 -2623.000000 -613.000000 6571.000000
4214.000000 1381.000000 309.000000 -2647.000000 -370.000000 7152.000000
4546.000000 1140.000000 285.000000 -2732.000000 -133.000000 7594.000000
4889.000000 835.000000 340.000000 -2863.000000 -38.000000 7968.000000
5260.000000 409.000000 513.000000 -2947.000000 -187.000000 8339.000000
5917.000000 6.000000 651.000000 -2976.000000 -427.000000 8849.000000
6709.000000 -275.000000 932.000000 -2897.000000 -660.000000 9416.000000
7674.000000 -330.000000 1128.000000 -2695.000000 -742.000000 9808.000000
8274.000000 -515.000000 1361.000000 -2457.000000 -526.000000 9888.000000
8753.000000 -574.000000 1413.000000 -2149.000000 -343.000000 9843.000000
9208.000000 -661.000000 1274.000000 -1860.000000 -379.000000 9726.000000
9624.000000 -791.000000 1236.000000 -1695.000000 -294.000000 9610.000000
10120.000000 -1040.000000 1160.000000 -1606.000000 -90.000000 9482.000000
10691.000000 -1271.000000 1148.000000 -1565.000000 61.000000 9400.000000
11233.000000 -1441.000000 1196.000000 -1449.000000 15.000000 9299.000000
11822.000000 -1534.000000 1262.000000 -1246.000000 191.000000 9112.000000
12288.000000 -1514.000000 1294.000000 -941.000000 197.000000 8674.000000
12689.000000 -1483.000000 1067.000000 -572.000000 48.000000 8058.000000
12881.000000 -1536.000000 811.000000 -357.000000 232.000000 7331.000000
13064.000000 -1514.000000 690.000000 -162.000000 -180.000000 6547.000000
13071.000000 -1417.000000 425.000000 105.000000 -403.000000 5666.000000
13000.000000 -1455.000000 82.000000 316.000000 -166.000000 4790.000000
12895.000000 -1525.000000 -166.000000 302.000000 240.000000 4134.000000
12871.000000 -1572.000000 -320.000000 246.000000 705.000000 3752.000000
12865.000000 -1461.000000 -319.000000 211.000000 987.000000 3452.000000
12806.000000 -1392.000000 -418.000000 197.000000 995.000000 3002.000000
12610.000000 -1416.000000 -497.000000 136.000000 873.000000 2414.000000
12370.000000 -1435.000000 -556.000000 29.000000 740.000000 1825.000000
12022.000000 -1473.000000 -580.000000 -59.000000 510.000000 1256.000000
11676.000000 -1516.000000 -487.000000 -161.000000 270.000000 750.000000
11310.000000 -1575.000000 -369.000000 -288.000000 172.000000 385.000000
10962.000000 -1575.000000 -230.000000 -323.000000 27.000000 131.000000
10638.000000 -1622.000000 -122.000000 -293.000000 -82.000000 -38.000000
10338.000000 -1573.000000 -126.000000 -244.000000 -98.000000 -139.000000
10027.000000 -1575.000000 -152.000000 -219.000000 -50.000000 -222.000000
9809.000000 -1632.000000 -96.000000 -215.000000 -47.000000 -302.000000
9600.000000 -1624.000000 -175.000000 -237.000000 -57.000000 -338.000000
9431.000000 -1614.000000 -84.000000 -344.000000 113.000000 -325.000000
9268.000000 -1652.000000 -19.000000 -440.000000 190.000000 -345.000000
9146.000000 -1663.000000 15.000000 -443.000000 83.000000 -343.000000
9085.000000 -1635.000000 125.000000 -467.000000 -23.000000 -306.000000
8948.000000 -1638.000000 159.000000 -464.000000 -226.000000 -341.000000
8843.000000 -1699.000000 191.000000 -428.000000 -476.000000 -425.000000
8773.000000 -1693.000000 201.000000 -371.000000 -731.000000 -451.000000
8760.000000 -1656.000000 119.000000 -362.000000 -745.000000 -392.000000
8694.000000 -1636.000000 258.000000 -406.000000 -670.000000 -402.000000
8658.000000 -1619.000000 344.000000 -334.000000 -758.000000 -497.000000
8590.000000 -1685.000000 265.000000 -218.000000 -817.000000 -464.000000
8571.000000 -1601.000000 196.000000 -181.000000 -519.000000 -331.000000
8534.000000 -1536.000000 156.000000 -179.000000 -196.000000 -262.000000
8553.000000 -1535.000000 110.000000 -123.000000 -251.000000 -243.000000
8581.000000 -1469.000000 -44.000000 -78.000000 -484.000000 -205.000000
8573.000000 -1453.000000 -3.000000 -109.000000 -507.000000 -216.000000
8559.000000 -1466.000000 38.000000 -130.000000 -472.000000 -293.000000
8605.000000 -1452.000000 4.000000 -113.000000 -549.000000 -332.000000
8593.000000 -1348.000000 -125.000000 -92.000000 -613.000000 -333.000000
8571.000000 -1306.000000 -101.000000 -161.000000 -483.000000 -375.000000
8481.000000 -1246.000000 -112.000000 -193.000000 -479.000000 -474.000000
8431.000000 -1281.000000 -169.000000 -163.000000 -728.000000 -569.000000
8410.000000 -1253.000000 -167.000000 -167.000000 -928.000000 -600.000000
8399.000000 -1245.000000 -109.000000 -239.000000 -767.000000 -563.000000
