7531.000000 1976.000000 -1875.000000 -1872.000000 1852.000000 69.000000
6667.000000 2354.000000 -1788.000000 -1649.000000 1746.000000 491.000000
6677.000000 2492.000000 -1932.000000 -1723.000000 1313.000000 546.000000
6429.000000 2392.000000 -1801.000000 -1582.000000 1285.000000 586.000000
6021.000000 2261.000000 -1798.000000 -1434.000000 1167.000000 498.000000
5464.000000 2217.000000 -1677.000000 -1327.000000 1154.000000 443.000000
4865.000000 2061.000000 -1480.000000 -1240.000000 1456.000000 443.000000
4115.000000 1876.000000 -1243.000000 -1062.000000 1777.000000 355.000000
3009.000000 1680.000000 -1173.000000 -781.000000 2109.000000 280.000000
2043.000000 1355.000000 -1230.000000 -537.000000 2695.000000 442.000000
1276.000000 908.000000 -1250.000000 -459.000000 3239.000000 900.000000
1285.000000 814.000000 -1037.000000 -499.000000 3269.000000 1888.000000
1450.000000 -164.000000 -1022.000000 -608.000000 2378.000000 3447.000000
1799.000000 2.000000 -1004.000000 -326.000000 1897.000000 4936.000000
2702.000000 -30.000000 -930.000000 -188.000000 2272.000000 6394.000000
3454.000000 31.000000 -735.000000 -225.000000 2454.000000 7419.000000
3962.000000 73.000000 -700.000000 -222.000000 2432.000000 7908.000000
4074.000000 28.000000 -829.000000 -259.000000 2495.000000 8208.000000
3963.000000 -283.000000 -862.000000 -400.000000 2464.000000 8526.000000
4550.000000 -661.000000 -673.000000 -536.000000 2154.000000 9213.000000
5569.000000 -804.000000 -460.000000 -368.000000 1155.000000 10049.000000
6667.000000 -775.000000 -517.000000 144.000000 -440.000000 10680.000000
7757.000000 -667.000000 -1096.000000 692.000000 -1696.000000 11014.000000
8334.000000 -969.000000 -1712.000000 873.000000 -1855.000000 11105.000000
9209.000000 -1274.000000 -2099.000000 679.000000 -1649.000000 11500.000000
10392.000000 -1454.000000 -2616.000000 491.000000 -2257.000000 12025.000000
11594.000000 -1361.000000 -2921.000000 288.000000 -2991.000000 12399.000000
12921.000000 -2042.000000 -3188.000000 -137.000000 -3660.000000 12566.000000
14574.000000 -1972.000000 -3727.000000 -390.000000 -3891.000000 12462.000000
16181.000000 -2420.000000 -4077.000000 -966.000000 -3930.000000 12449.000000
17903.000000 -2596.000000 -4244.000000 -1518.000000 -4345.000000 12365.000000
19595.000000 -2495.000000 -4486.000000 -1756.000000 -4669.000000 11641.000000
20978.000000 -2260.000000 -4952.000000 -2048.000000 -4717.000000 10397.000000
21834.000000 -2082.000000 -4988.000000 -2627.000000 -4207.000000 8621.000000
22149.000000 -2140.000000 -4812.000000 -3263.000000 -3383.000000 6538.000000
21965.000000 -2206.000000 -4478.000000 -3694.000000 -2484.000000 4361.000000
21463.000000 -2309.000000 -4129.000000 -3895.000000 -1667.000000 2198.000000
20690.000000 -2397.000000 -3725.000000 -3933.000000 -983.000000 131.000000
19586.000000 -2445.000000 -3466.000000 -3887.000000 -346.000000 -1702.000000
18288.000000 -2539.000000 -3271.000000 -3852.000000 607.000000 -3283.000000
17027.000000 -2559.000000 -3109.000000 -3888.000000 1456.000000 -4509.000000
15976.000000 -2530.000000 -2956.000000 -3966.000000 1921.000000 -5433.000000
14861.000000 -2446.000000 -2824.000000 -4067.000000 1904.000000 -6247.000000
13790.000000 -2392.000000 -2728.000000 -4235.000000 1444.000000 -7003.000000
12831.000000 -2299.000000 -2485.000000 -4476.000000 1095.000000 -7593.000000
12001.000000 -2258.000000 -2015.000000 -4744.000000 903.000000 -8018.000000
11342.000000 -2141.000000 -1570.000000 -4909.000000 962.000000 -8347.000000
10625.000000 -2071.000000 -1221.000000 -4928.000000 1474.000000 -8643.000000
9985.000000 -1928.000000 -859.000000 -4804.000000 1817.000000 -8907.000000
9348.000000 -1763.000000 -630.000000 -4531.000000 1927.000000 -9119.000000
8763.000000 -1592.000000 -510.000000 -4154.000000 2171.000000 -9325.000000
8306.000000 -1428.000000 -251.000000 -3688.000000 2459.000000 -9458.000000
7960.000000 -1172.000000 -240.000000 -3073.000000 2706.000000 -9524.000000
7628.000000 -742.000000 -376.000000 -2446.000000 3157.000000 -9607.000000
7187.000000 -432.000000 -437.000000 -1980.000000 3652.000000 -9870.000000
6370.000000 -444.000000 -594.000000 -1618.000000 3736.000000 -10430.000000
5111.000000 -378.000000 -980.000000 -1239.000000 3405.000000 -10942.000000
3741.000000 -163.000000 -1501.000000 -973.000000 2856.000000 -10783.000000
2753.000000 144.000000 -1746.000000 -1106.000000 2188.000000 -10061.000000
2173.000000 484.000000 -1714.000000 -1533.000000 1622.000000 -8937.000000
1817.000000 808.000000 -1386.000000 -1970.000000 1241.000000 -7719.000000
1630.000000 1052.000000 -1081.000000 -2229.000000 1074.000000 -6627.000000
1472.000000 1155.000000 -711.000000 -2318.000000 1138.000000 -5655.000000
1351.000000 1299.000000 -499.000000 -2203.000000 1309.000000 -4762.000000
1323.000000 1386.000000 -429.000000 -1926.000000 1470.000000 -3838.000000
1261.000000 1552.000000 -396.000000 -1596.000000 1586.000000 -2922.000000
1115.000000 1741.000000 -483.000000 -1263.000000 1635.000000 -2099.000000
963.000000 1903.000000 -574.000000 -1030.000000 1720.000000 -1381.000000
754.000000 1916.000000 -695.000000 -915.000000 1822.000000 -764.000000
494.000000 1930.000000 -794.000000 -835.000000 1728.000000 -121.000000
193.000000 1806.000000 -950.000000 -789.000000 1456.000000 604.000000
129.000000 1721.000000 -1159.000000 -837.000000 963.000000 1524.000000
387.000000 1567.000000 -1251.000000 -1015.000000 479.000000 2665.000000
1049.000000 1453.000000 -1037.000000 -1244.000000 178.000000 3935.000000
1755.000000 1279.000000 -761.000000 -1392.000000 179.000000 5088.000000
2350.000000 1066.000000 -695.000000 -1334.000000 232.000000 6002.000000
2935.000000 897.000000 -693.000000 -1211.000000 261.000000 6781.000000
3348.000000 794.000000 -823.000000 -1114.000000 282.000000 7316.000000
3534.000000 566.000000 -1049.000000 -1134.000000 258.000000 7610.000000
3691.000000 167.000000 -1073.000000 -1351.000000 295.000000 7980.000000
4269.000000 -310.000000 -1024.000000 -1648.000000 331.000000 8662.000000
5065.000000 -587.000000 -836.000000 -1859.000000 217.000000 9403.000000
6045.000000 -853.000000 -680.000000 -1955.000000 -121.000000 10119.000000
7005.000000 -1056.000000 -581.000000 -1951.000000 -575.000000 10540.000000
7697.000000 -1419.000000 -622.000000 -1897.000000 -812.000000 10661.000000
8667.000000 -1658.000000 -789.000000 -1833.000000 -880.000000 10740.000000
9929.000000 -1583.000000 -977.000000 -1834.000000 -863.000000 10585.000000
10806.000000 -1307.000000 -1054.000000 -1992.000000 -1124.000000 9960.000000
11247.000000 -1349.000000 -892.000000 -2352.000000 -1325.000000 8956.000000
11719.000000 -1964.000000 -457.000000 -2669.000000 -2000.000000 7766.000000
12591.000000 -2501.000000 -83.000000 -2642.000000 -3142.000000 6922.000000
13849.000000 -3026.000000 209.000000 -2395.000000 -3327.000000 6903.000000
15143.000000 -3167.000000 179.000000 -1963.000000 -2449.000000 7416.000000
16220.000000 -2860.000000 -186.000000 -1390.000000 -1625.000000 7747.000000
17130.000000 -2485.000000 -671.000000 -898.000000 -1146.000000 7481.000000
17842.000000 -2147.000000 -1151.000000 -654.000000 -830.000000 6627.000000
18198.000000 -1990.000000 -1460.000000 -646.000000 -985.000000 5318.000000
18386.000000 -1937.000000 -1655.000000 -763.000000 -1208.000000 3914.000000
18390.000000 -1868.000000 -1789.000000 -959.000000 -433.000000 2674.000000
18181.000000 -1747.000000 -1756.000000 -1224.000000 793.000000 1550.000000
17786.000000 -1621.000000 -1763.000000 -1435.000000 1802.000000 485.000000
17167.000000 -1539.000000 -1838.000000 -1622.000000 2145.000000 -522.000000
16524.000000 -1435.000000 -1850.000000 -1791.000000 1659.000000 -1531.000000
15880.000000 -1368.000000 -1855.000000 -1924.000000 1401.000000 -2446.000000
15228.000000 -1321.000000 -1761.000000 -2136.000000 1540.000000 -3199.000000
14534.000000 -1254.000000 -1628.000000 -2413.000000 1935.000000 -3787.000000
13888.000000 -1244.000000 -1408.000000 -2660.000000 2137.000000 -4341.000000
13285.000000 -1249.000000 -1211.000000 -2834.000000 1950.000000 -4860.000000
12654.000000 -1286.000000 -1032.000000 -2957.000000 1769.000000 -5316.000000
12065.000000 -1229.000000 -849.000000 -3031.000000 1558.000000 -5730.000000
11432.000000 -1123.000000 -713.000000 -3088.000000 1372.000000 -6070.000000
10666.000000 -1041.000000 -576.000000 -3145.000000 1341.000000 -6431.000000
9844.000000 -955.000000 -559.000000 -3201.000000 1418.000000 -6745.000000
9103.000000 -893.000000 -395.000000 -3310.000000 1533.000000 -6938.000000
8502.000000 -819.000000 -229.000000 -3342.000000 1450.000000 -7003.000000
7925.000000 -730.000000 -129.000000 -3329.000000 1402.000000 -6906.000000
7465.000000 -580.000000 91.000000 -3382.000000 1678.000000 -6661.000000
6945.000000 -542.000000 228.000000 -3363.000000 1975.000000 -6363.000000
6551.000000 -291.000000 307.000000 -3229.000000 2066.000000 -6065.000000
6173.000000 -117.000000 374.000000 -3126.000000 2083.000000 -5811.000000
5855.000000 -44.000000 620.000000 -3091.000000 2019.000000 -5706.000000
5530.000000 -13.000000 719.000000 -2987.000000 1797.000000 -5663.000000
5183.000000 122.000000 854.000000 -2801.000000 1640.000000 -5437.000000
4832.000000 158.000000 877.000000 -2547.000000 1539.000000 -5193.000000
4615.000000 244.000000 978.000000 -2395.000000 1397.000000 -4858.000000
4435.000000 291.000000 1108.000000 -2199.000000 1115.000000 -4399.000000
4326.000000 295.000000 1181.000000 -1959.000000 787.000000 -3874.000000
4219.000000 431.000000 1215.000000 -1695.000000 590.000000 -3250.000000
4353.000000 491.000000 1361.000000 -1422.000000 586.000000 -2605.000000
4468.000000 544.000000 1407.000000 -1148.000000 446.000000 -2094.000000
4626.000000 646.000000 1324.000000 -854.000000 120.000000 -1593.000000
4689.000000 782.000000 1076.000000 -583.000000 -196.000000 -1144.000000
4768.000000 890.000000 776.000000 -455.000000 -429.000000 -775.000000
4977.000000 867.000000 704.000000 -470.000000 -657.000000 -443.000000
5314.000000 841.000000 709.000000 -471.000000 -1068.000000 -72.000000
5795.000000 932.000000 722.000000 -446.000000 -1477.000000 330.000000
6128.000000 927.000000 727.000000 -366.000000 -1695.000000 631.000000
6431.000000 896.000000 668.000000 -256.000000 -1700.000000 818.000000
6791.000000 898.000000 594.000000 -173.000000 -1559.000000 1015.000000
7195.000000 890.000000 624.000000 -4.000000 -1557.000000 1218.000000
7555.000000 960.000000 398.000000 234.000000 -1657.000000 1367.000000
8004.000000 1134.000000 167.000000 430.000000 -1661.000000 1462.000000
8348.000000 1261.000000 -91.000000 540.000000 -1504.000000 1451.000000
8548.000000 1328.000000 -334.000000 498.000000 -1180.000000 1352.000000
8664.000000 1371.000000 -417.000000 390.000000 -901.000000 1176.000000
8715.000000 1334.000000 -434.000000 257.000000 -686.000000 964.000000
8799.000000 1268.000000 -465.000000 120.000000 -474.000000 818.000000
8853.000000 1274.000000 -400.000000 9.000000 -238.000000 784.000000
8867.000000 1229.000000 -374.000000 -7.000000 -65.000000 730.000000
8856.000000 1215.000000 -415.000000 42.000000 -12.000000 644.000000
