0.739990 0.549072 -0.236328 -0.214556 0.527607 -0.186075
0.709839 0.546631 -0.187622 -0.189398 0.579822 -0.147863
0.689331 0.588623 -0.150024 -0.090427 0.563209 -0.083544
0.669556 0.520874 -0.184082 -0.002848 0.704663 0.058148
0.617188 0.484619 -0.113037 -0.004272 1.104107 0.158306
0.464111 0.556152 -0.097656 0.095885 1.081560 0.319223
0.522461 0.541626 -0.154907 0.264634 0.856086 0.523810
0.603516 0.509521 -0.212036 0.356960 0.449997 0.622069
0.639648 0.496460 -0.223022 0.368827 0.166138 0.660993
0.638184 0.487915 -0.216064 0.352925 0.187024 0.661705
0.590820 0.464600 -0.197998 0.336549 0.405140 0.609015
0.519043 0.425659 -0.191772 0.325156 0.580297 0.557750
0.442871 0.377563 -0.211426 0.307118 0.616373 0.568667
0.366699 0.299805 -0.221680 0.249919 0.619221 0.631800
0.286133 0.292114 -0.187012 0.154034 0.748809 0.744062
0.223999 0.290405 -0.165039 0.107990 0.950073 0.917320
0.150391 0.259766 -0.136108 0.098971 1.087493 1.052604
0.109497 0.199707 -0.095093 0.090664 1.215657 1.150151
-0.024048 0.096436 -0.036743 0.134809 1.077050 1.270008
-0.437622 0.087036 -0.084229 0.302846 1.035990 1.974908
0.114502 -0.013062 -0.027100 0.348653 1.188838 2.881548
0.016113 -0.087891 0.067749 0.417007 0.761150 2.906944
0.156616 -0.359497 0.105713 0.650075 0.450709 3.442146
0.290161 -0.547119 0.240723 1.000152 0.236154 3.974026
0.426147 -0.520142 0.227539 1.477443 0.366691 4.452741
0.735596 -0.464844 0.093018 2.043500 0.261786 4.869511
0.812988 -0.493896 0.020508 2.455285 -0.035838 5.096408
1.050049 -0.489868 -0.084351 2.581550 -0.281486 5.211043
1.368042 -0.323120 -0.220825 2.487564 -0.291217 4.991266
1.354370 -0.432495 -0.266479 2.234796 0.035601 4.593721
1.622559 -0.418945 -0.329468 2.052756 -0.086867 4.543405
2.028809 -0.353760 -0.456421 1.919371 -1.151100 4.211129
2.245850 -0.282471 -0.642334 1.634325 -2.066759 3.379488
2.359131 -0.223145 -0.635132 1.166290 -1.776967 2.530997
2.370483 -0.147827 -0.631714 0.849204 -1.718344 1.909640
2.379028 -0.159180 -0.637817 0.617797 -1.547459 1.369928
2.283691 -0.198364 -0.641846 0.358146 -0.949124 0.808618
2.107788 -0.245972 -0.629395 0.114873 -0.025158 0.438130
1.944580 -0.274292 -0.531738 -0.103243 0.511943 0.201027
1.872803 -0.298218 -0.518677 -0.232119 0.642243 0.000949
1.775635 -0.313965 -0.472534 -0.307830 0.802922 -0.226897
1.712646 -0.311035 -0.422729 -0.376896 0.825944 -0.417956
1.673828 -0.294800 -0.372437 -0.423890 0.684489 -0.583382
1.661377 -0.276001 -0.330200 -0.431247 0.523098 -0.762812
1.658936 -0.253662 -0.335083 -0.416295 0.329191 -0.956481
1.658936 -0.241943 -0.360840 -0.429111 0.184651 -1.186227
1.623779 -0.249390 -0.342041 -0.521911 0.013291 -1.429501
1.602295 -0.289429 -0.355469 -0.612813 -0.133148 -1.571430
1.603394 -0.315918 -0.351563 -0.686388 -0.328004 -1.621984
1.613525 -0.280396 -0.352051 -0.746198 -0.475630 -1.653312
1.613037 -0.242920 -0.374756 -0.755217 -0.579110 -1.737568
1.549316 -0.245605 -0.373535 -0.759964 -0.695407 -1.880922
1.502930 -0.236084 -0.409302 -0.805296 -0.595487 -2.001728
1.443970 -0.198730 -0.449951 -0.973807 -0.148575 -2.099750
1.341553 -0.180908 -0.473877 -1.144217 0.297862 -2.211062
1.248169 -0.145020 -0.511353 -1.254106 0.405615 -2.353703
1.121216 -0.120117 -0.538086 -1.376336 0.407751 -2.497057
0.965576 -0.103149 -0.533691 -1.564785 0.506009 -2.600063
0.833252 -0.097290 -0.500977 -1.758692 0.473494 -2.640173
0.728516 -0.069092 -0.456055 -1.927678 0.285520 -2.606471
0.643921 -0.047363 -0.382690 -2.078864 0.229508 -2.506788
0.576294 -0.038940 -0.290771 -2.201331 0.350552 -2.354178
0.574951 -0.016602 -0.234985 -2.274195 0.511231 -2.150303
0.548462 0.026489 -0.172974 -2.275856 0.628240 -1.959007
0.496216 0.061157 -0.112427 -2.222692 0.766134 -1.815891
0.425903 0.098999 -0.063843 -2.156474 0.862969 -1.683217
0.367676 0.138794 -0.013672 -2.065573 0.926102 -1.527997
0.294678 0.167725 -0.001587 -1.941681 0.912573 -1.361384
0.243164 0.197266 0.016724 -1.811618 0.796751 -1.192872
0.203247 0.216797 0.033081 -1.659246 0.566057 -1.049519
0.169312 0.236694 0.046875 -1.520877 0.370251 -0.907115
0.120117 0.255493 0.067993 -1.421194 0.246122 -0.731008
0.084473 0.255493 0.072998 -1.350941 0.180379 -0.506009
0.049072 0.254761 0.095093 -1.334090 0.192008 -0.267008
0.009399 0.258301 0.131104 -1.331954 0.224524 0.003085
0.007202 0.238525 0.176270 -1.293979 0.209571 0.288131
0.026489 0.213989 0.233032 -1.188838 0.067167 0.554190
0.067261 0.183838 0.254272 -1.009408 -0.181803 0.818112
0.130859 0.165283 0.272217 -0.800786 -0.390187 1.086306
0.205566 0.146729 0.273438 -0.573889 -0.544696 1.345007
0.269043 0.113647 0.246704 -0.338210 -0.674996 1.578076
0.366211 0.109009 0.232666 -0.138844 -0.708935 1.827757
0.468872 0.117554 0.210815 0.023971 -0.696119 2.083136
0.602051 0.118042 0.192017 0.174682 -0.677844 2.297691
0.743774 0.113037 0.164185 0.299998 -0.670249 2.423956
0.873169 0.105957 0.122070 0.401817 -0.676182 2.464067
0.976929 0.100220 0.071777 0.495567 -0.723176 2.423482
1.119019 0.136963 -0.025391 0.580060 -0.816451 2.305761
1.218872 0.141357 -0.094971 0.566057 -0.823096 2.197771
1.405151 0.051514 -0.069092 0.440504 -1.122382 2.155999
1.596436 0.020264 -0.071777 0.425314 -1.390577 1.940019
1.533081 -0.023193 -0.135254 0.485598 -0.971671 1.622696
1.699219 0.039551 -0.190063 0.478241 0.549917 1.444453
1.652832 0.066528 -0.167847 0.351264 1.246274 1.232271
1.619141 0.059570 -0.169312 0.224524 1.350466 1.036702
1.604004 0.067993 -0.137817 0.079034 1.327919 0.850865
1.579224 0.058960 -0.136719 0.016851 1.362333 0.627765
1.548706 0.045776 -0.122559 -0.028243 1.359722 0.401342
1.479126 0.043213 -0.112549 -0.070490 1.278315 0.198179
1.418701 0.004395 -0.041870 -0.146914 1.193110 0.049604
1.375000 -0.000610 -0.028687 -0.139556 1.235119 -0.017089
1.320313 -0.000244 0.005127 -0.120094 1.147303 -0.047705
1.291260 0.016357 0.022217 -0.111313 1.042873 -0.075474
1.267212 0.018921 0.037231 -0.132673 1.036940 -0.094699
1.225952 0.003784 0.062866 -0.174682 1.046908 -0.098022
1.188965 0.008179 0.064575 -0.172546 0.951023 -0.119145
1.159424 0.018799 0.057129 -0.158069 0.861071 -0.157357
1.126709 0.031494 0.063965 -0.166850 0.741688 -0.180379
1.104370 0.031982 0.075195 -0.192246 0.672622 -0.196280
1.077637 0.031372 0.092651 -0.209097 0.626341 -0.219065
1.048706 0.024902 0.119385 -0.214318 0.566294 -0.231881
1.010010 0.011719 0.130981 -0.203638 0.540424 -0.223100
1.007446 0.013184 0.152344 -0.176819 0.465899 -0.182989
1.019897 0.016113 0.179565 -0.149050 0.358146 -0.131724
1.040894 -0.003906 0.204102 -0.102768 0.288843 -0.091613
1.052246 -0.008301 0.199707 -0.046519 0.235204 -0.059098
1.039429 0.000366 0.182861 0.020886 0.021598 -0.037974
1.082764 0.013184 0.134155 0.091613 -0.381881 -0.003323
1.095459 0.039185 0.117554 0.110601 -0.354824 -0.033465
1.083618 0.045166 0.113281 0.093512 -0.271517 -0.087816
1.079834 0.045166 0.099243 0.075474 -0.337735 -0.125790
1.063354 0.059692 0.095215 0.044383 -0.313052 -0.160205
1.034058 0.061279 0.099976 0.008307 -0.212182 -0.196280
1.012085 0.063110 0.112793 -0.006646 -0.174682 -0.231169
0.979614 0.064941 0.114502 -0.000237 -0.205299 -0.253479
0.957764 0.069702 0.117065 0.000712 -0.202451 -0.243036
0.945801 0.072632 0.119141 -0.001899 -0.143828 -0.204587
0.936523 0.078979 0.114868 0.008544 -0.120806 -0.170885
0.916504 0.074219 0.102905 0.021835 -0.118907 -0.137657
0.908813 0.079224 0.097412 0.030380 -0.113449 -0.102531
0.920532 0.090698 0.102783 0.036076 -0.111787 -0.066455
0.960327 0.094482 0.101807 0.046044 -0.130062 -0.038449
0.944580 0.082642 0.105469 0.064794 -0.170173 -0.029905
0.952026 0.083008 0.084106 0.086867 -0.192483 -0.014240
0.966064 0.091309 0.075562 0.089952 -0.173496 0.008307
0.987549 0.081055 0.083862 0.089715 -0.154983 0.012816
1.001587 0.070801 0.072144 0.103006 -0.168986 0.006171
1.008179 0.070068 0.059692 0.099446 -0.148575 0.023259
1.015015 0.074463 0.054932 0.082594 -0.121518 0.038449
1.023804 0.064087 0.053101 0.084968 -0.117483 0.023497
1.013550 0.053955 0.036133 0.092088 -0.131487 0.005459
1.025513 0.057251 0.021606 0.075949 -0.112737 0.007120
1.031616 0.067139 0.032959 0.044383 -0.059335 0.004035
1.025269 0.073975 0.036499 0.032041 -0.054351 -0.018987
1.008667 0.068237 0.041626 0.028243 -0.055538 -0.051978
0.989746 0.065918 0.044800 0.003085 -0.010918 -0.051028
0.974854 0.069092 0.051025 -0.022547 0.036550 -0.029668
0.974854 0.075806 0.068481 -0.026107 0.051978 -0.016851
0.971924 0.075562 0.068726 -0.011392 0.048180 -0.023734
0.965576 0.071045 0.060425 -0.000475 0.026819 -0.030617
