0.738159 0.347656 0.044922 -0.021361 -0.058860 -0.319460
0.696655 0.356079 0.073242 -0.060759 0.134809 -0.164239
0.664795 0.401611 0.131470 -0.069303 0.180853 0.008307
0.668213 0.361572 0.124878 -0.041297 0.115585 0.141455
0.636353 0.362793 0.133789 -0.032516 0.284808 0.194382
0.603394 0.366943 0.131958 0.014003 0.351738 0.224049
0.552124 0.370117 0.135742 0.052927 0.365267 0.229983
0.481201 0.352173 0.148926 0.049129 0.400868 0.232119
0.412109 0.321045 0.176392 0.014478 0.459491 0.240663
0.352051 0.279663 0.200684 -0.028243 0.501975 0.269381
0.311279 0.217651 0.237671 -0.053876 0.552766 0.360995
0.337769 0.151367 0.254639 -0.028956 0.670486 0.559886
0.421265 0.110107 0.246338 0.086392 0.747147 0.825944
0.511230 0.091064 0.200562 0.264397 0.707749 1.066370
0.603516 0.061035 0.123535 0.431722 0.626578 1.241052
0.699463 0.053345 0.036743 0.558936 0.552054 1.358773
0.784912 0.045288 -0.052246 0.657670 0.359096 1.393899
0.834351 0.049561 -0.137451 0.725549 0.116297 1.349280
0.832886 0.040894 -0.213379 0.746435 0.014478 1.270720
0.809448 0.030151 -0.281128 0.729347 -0.028956 1.201179
0.793457 0.002563 -0.358032 0.691610 -0.101819 1.163917
0.796753 -0.051025 -0.413452 0.627528 -0.247071 1.178395
0.838623 -0.108032 -0.449829 0.553003 -0.415345 1.269058
0.889771 -0.148193 -0.486328 0.481801 -0.451421 1.417634
0.934326 -0.167114 -0.529053 0.417007 -0.320647 1.595639
0.988281 -0.179321 -0.572021 0.323732 -0.167562 1.769847
1.052368 -0.173706 -0.612427 0.192958 -0.104904 1.917709
1.154053 -0.140259 -0.651367 0.057436 -0.201502 2.034718
1.237061 -0.134277 -0.687622 -0.074525 -0.405615 2.070082
1.314453 -0.125610 -0.689453 -0.232119 -0.640819 2.048959
1.396484 -0.122314 -0.686279 -0.421991 -0.779900 1.999592
1.472412 -0.148926 -0.680542 -0.606404 -0.861545 1.928390
1.542847 -0.168091 -0.654175 -0.771831 -0.908776 1.880447
1.611084 -0.181763 -0.648071 -0.917795 -0.885754 1.853390
1.675781 -0.182861 -0.648682 -1.064946 -0.838049 1.841286
1.717407 -0.163940 -0.642090 -1.229423 -0.722938 1.809245
1.746216 -0.163086 -0.620117 -1.415972 -0.560598 1.721904
1.764038 -0.177734 -0.593506 -1.594689 -0.464712 1.616287
1.772583 -0.219482 -0.565552 -1.752521 -0.439080 1.543899
1.787964 -0.185059 -0.539307 -1.902045 -0.493905 1.543424
1.924316 -0.197998 -0.517578 -2.080288 -0.575076 1.623170
2.061646 -0.155762 -0.429199 -2.318340 -0.401580 1.605607
2.203003 -0.113037 -0.314575 -2.534082 -0.202451 1.421906
2.277832 -0.076904 -0.220459 -2.700695 0.033702 1.043585
2.260620 -0.077637 -0.127441 -2.862087 0.378795 0.549443
2.180420 -0.120483 -0.020996 -2.985741 0.679268 0.061471
2.066406 -0.164063 0.072632 -3.028699 0.871039 -0.341295
1.950317 -0.191406 0.165894 -3.004965 0.924203 -0.642243
1.880127 -0.203491 0.230469 -2.928304 0.841371 -0.864868
1.833862 -0.197266 0.295898 -2.849982 0.704901 -1.036702
1.803223 -0.179321 0.371338 -2.793732 0.631800 -1.177920
1.762695 -0.150146 0.439819 -2.715410 0.619695 -1.319849
1.716919 -0.124146 0.494873 -2.587009 0.552054 -1.498804
1.657715 -0.099731 0.527222 -2.434874 0.446437 -1.700781
1.592651 -0.092041 0.554443 -2.301014 0.375235 -1.875700
1.531616 -0.075073 0.578247 -2.188515 0.358384 -2.000304
1.454346 -0.055298 0.629883 -2.096901 0.427925 -2.090968
1.365967 -0.042480 0.673340 -1.975383 0.542323 -2.147218
1.276733 -0.041260 0.707031 -1.799751 0.638445 -2.187328
1.209595 -0.045532 0.729980 -1.590892 0.682591 -2.220793
1.153564 -0.019653 0.724976 -1.345245 0.641056 -2.245239
1.084961 0.000366 0.698853 -1.109329 0.586705 -2.274907
1.026001 0.021606 0.661987 -0.917558 0.576025 -2.298641
0.970093 0.046875 0.623901 -0.757115 0.596199 -2.330207
0.880005 0.018677 0.585205 -0.609253 0.577212 -2.385982
0.816040 0.065552 0.549072 -0.482275 0.531405 -2.400934
0.742554 0.040771 0.534058 -0.410361 0.538288 -2.451488
0.674805 0.010620 0.522949 -0.359096 0.372387 -2.495633
0.618652 0.017700 0.531982 -0.314239 0.350789 -2.446978
0.558228 0.005737 0.558472 -0.252293 0.498889 -2.373403
0.507446 0.011108 0.563599 -0.144303 0.576974 -2.291520
0.469971 0.031372 0.561646 0.005696 0.557038 -2.190888
0.438477 0.049805 0.535522 0.182752 0.533541 -2.072693
0.428955 0.071411 0.496948 0.360995 0.510044 -1.940494
0.401123 0.107300 0.444092 0.520962 0.485836 -1.812093
0.377686 0.141113 0.399780 0.641293 0.503636 -1.712647
0.343506 0.153320 0.366455 0.730059 0.487497 -1.630053
0.306885 0.175903 0.341064 0.820248 0.439080 -1.541288
0.270020 0.189697 0.310913 0.920643 0.385441 -1.438045
0.240479 0.203979 0.282715 1.006086 0.359808 -1.322935
0.207397 0.221436 0.254761 1.071354 0.370963 -1.189312
0.183716 0.216553 0.251953 1.137572 0.393985 -1.034329
0.171997 0.206665 0.227417 1.230847 0.414633 -0.824045
0.164185 0.230103 0.170532 1.361621 0.471120 -0.578398
0.148315 0.276855 0.111450 1.484801 0.549917 -0.376896
0.129395 0.308472 0.066284 1.554816 0.579348 -0.241138
0.119385 0.307617 0.023926 1.571905 0.501263 -0.145727
0.127686 0.290283 -0.033813 1.561224 0.330615 -0.048180
0.153198 0.262817 -0.084473 1.521351 0.177768 0.076424
0.187012 0.262451 -0.120605 1.444453 0.118195 0.223575
0.229126 0.265747 -0.137451 1.346431 0.143591 0.375947
0.271606 0.262085 -0.140259 1.237018 0.217404 0.520250
0.291626 0.254517 -0.117432 1.123094 0.312577 0.644616
0.294434 0.238159 -0.082886 1.024123 0.405852 0.736467
0.281494 0.213623 -0.044434 0.955532 0.459016 0.811941
0.277466 0.175903 -0.014526 0.925627 0.428637 0.900232
0.284058 0.143188 -0.000854 0.948886 0.320172 1.014155
0.302002 0.103882 -0.014038 1.019614 0.174208 1.167002
0.348511 0.078003 -0.050049 1.113601 0.048417 1.371352
0.416260 0.072754 -0.097046 1.207587 -0.035838 1.589231
0.478394 0.083252 -0.154175 1.280926 -0.096597 1.767473
0.527222 0.086304 -0.212524 1.307982 -0.148575 1.904893
0.568970 0.055054 -0.265747 1.266922 -0.198416 2.022377
0.669067 0.012207 -0.299194 1.193584 -0.270805 2.184480
0.799316 0.005005 -0.340088 1.147778 -0.286707 2.400934
0.959229 0.019775 -0.380981 1.147540 -0.251818 2.624746
1.084473 0.062378 -0.438232 1.168189 -0.223100 2.774745
1.166382 0.111450 -0.484009 1.152050 -0.257752 2.788986
1.202026 0.171631 -0.487549 1.049993 -0.349128 2.655363
1.178711 0.157104 -0.486450 0.880295 -0.548019 2.405681
1.208740 0.061646 -0.496582 0.704189 -0.852052 2.201806
1.313965 0.023071 -0.506714 0.617085 -1.185989 2.189227
1.420166 0.024902 -0.539673 0.612101 -1.310830 2.256157
1.525879 0.058105 -0.546509 0.575550 -1.210673 2.289622
1.594116 0.075439 -0.535767 0.457355 -0.947937 2.236932
1.620483 0.097534 -0.507690 0.313289 -0.703951 2.112566
1.612183 0.088501 -0.497803 0.176344 -0.478241 1.936222
1.614868 0.055786 -0.489136 0.064557 -0.324207 1.767948
1.658447 0.040894 -0.496094 0.006646 -0.269856 1.655686
1.723511 0.057251 -0.506348 -0.009494 -0.326343 1.559800
1.759155 0.072144 -0.537476 -0.057436 -0.277925 1.422143
1.773193 0.058350 -0.466797 -0.144066 -0.515740 1.234407
1.777710 0.060425 -0.434326 -0.219777 -0.688049 1.018664
1.751343 0.042480 -0.401855 -0.291929 -0.422703 0.819773
1.729858 0.018921 -0.370850 -0.342245 -0.087104 0.659569
1.705566 0.017334 -0.340698 -0.363843 0.117009 0.532829
1.657227 0.020874 -0.322876 -0.344143 0.315188 0.426738
1.588989 0.024292 -0.317261 -0.333938 0.545408 0.316375
1.515137 0.028320 -0.307129 -0.348416 0.704189 0.206011
1.447266 0.042480 -0.305176 -0.370251 0.779663 0.100632
1.379028 0.040894 -0.285400 -0.424602 0.798175 0.008307
1.322510 0.023560 -0.249512 -0.485598 0.769457 -0.072863
1.266724 0.010376 -0.209717 -0.508620 0.678319 -0.131724
1.225830 -0.004761 -0.173218 -0.488921 0.553952 -0.163290
1.191162 -0.003052 -0.137085 -0.448810 0.437893 -0.175632
1.167114 0.001953 -0.106567 -0.396596 0.332514 -0.172784
1.149170 -0.001587 -0.099243 -0.356248 0.284334 -0.158069
1.130615 -0.005615 -0.091431 -0.322071 0.277213 -0.142404
1.116211 -0.013062 -0.083984 -0.286232 0.229983 -0.129825
1.102051 -0.013794 -0.091797 -0.246834 0.148812 -0.117721
1.097656 -0.025146 -0.089844 -0.217404 0.069303 -0.104430
1.095459 -0.025024 -0.087524 -0.203638 -0.028718 -0.090189
1.097290 -0.023682 -0.094482 -0.190822 -0.076186 -0.076186
1.092285 -0.014893 -0.086548 -0.187261 0.024683 -0.059098
1.084839 -0.011597 -0.075195 -0.181565 0.067879 -0.060284
1.069580 -0.012817 -0.075439 -0.166138 0.018038 -0.087579
1.058350 -0.009888 -0.081543 -0.147863 -0.019225 -0.110363
1.049438 -0.011719 -0.087158 -0.136233 -0.049841 -0.131012
1.043213 -0.012085 -0.086548 -0.132436 -0.062895 -0.151186
1.037842 -0.011597 -0.077026 -0.129588 -0.067167 -0.157119
