0.597290 0.905762 -0.164673 -0.173258 -0.042721 0.064794
0.643555 0.828491 -0.156372 -0.287182 -0.091613 0.115585
0.609009 0.862671 -0.095215 -0.344618 -0.175394 0.017801
0.607300 0.830933 -0.093872 -0.304270 -0.263685 -0.020411
0.607056 0.834961 -0.075195 -0.275077 -0.296675 -0.047943
0.594604 0.813232 -0.116211 -0.246834 -0.267957 -0.051978
0.546631 0.854248 -0.030029 -0.253479 -0.107040 -0.022310
0.552490 0.859375 -0.092407 -0.220726 -0.069066 0.073101
0.564331 0.884521 -0.090454 -0.232593 -0.035364 0.196992
0.608154 0.869263 -0.120850 -0.255615 -0.057674 0.303084
0.655029 0.842407 -0.112793 -0.310441 -0.022785 0.322308
0.694946 0.819092 -0.070313 -0.367403 0.018038 0.252293
0.699829 0.830200 -0.052856 -0.379270 0.025395 0.131487
0.670776 0.840210 -0.060547 -0.376422 0.051503 0.030380
0.623169 0.853638 -0.070679 -0.396358 0.084730 -0.021361
0.617188 0.878906 -0.074219 -0.439554 0.118195 -0.015664
0.626465 0.888794 -0.088501 -0.515266 0.144778 0.015902
0.661377 0.894531 -0.063110 -0.641768 0.179904 0.030380
0.694824 0.888550 -0.000977 -0.770881 0.226185 -0.006883
0.719727 0.875488 0.079834 -0.847780 0.232356 -0.092800
0.680176 0.847290 0.169067 -0.858222 0.231881 -0.193907
0.668213 0.837036 0.275024 -0.792005 0.166376 -0.219777
0.713745 0.803223 0.356323 -0.648176 0.119382 -0.195806
0.753296 0.695923 0.399902 -0.454032 0.105854 -0.210996
0.774170 0.629883 0.458618 -0.253479 0.131487 -0.278637
0.765137 0.567261 0.508667 0.034889 0.153322 -0.395172
0.680786 0.535156 0.539795 0.393985 0.008782 -0.513367
0.586304 0.478882 0.568237 0.744536 -0.276976 -0.612101
0.532227 0.411133 0.585205 1.049756 -0.593113 -0.707274
0.468872 0.291748 0.617065 1.310118 -0.810042 -0.778713
0.390381 0.226563 0.661865 1.594452 -0.906403 -0.833776
0.315796 0.225464 0.652710 1.960431 -0.930849 -0.860359
0.228027 0.211426 0.568604 2.390491 -0.944852 -0.859172
0.109741 0.184326 0.468262 2.843811 -0.986386 -0.787970
-0.014526 0.144531 0.315063 3.309236 -1.136623 -0.635123
-0.104248 0.136719 0.135620 3.750451 -1.306084 -0.456643
-0.207642 0.108032 -0.041138 4.097205 -1.389865 -0.267482
-0.290894 0.096680 -0.220947 4.307014 -1.444690 -0.031092
-0.312256 0.101563 -0.383301 4.388659 -1.484089 0.281248
-0.276001 0.104980 -0.496094 4.345938 -1.414548 0.626104
-0.192749 0.118164 -0.581909 4.218011 -1.300150 0.905216
-0.185425 0.093140 -0.677490 4.064690 -1.248173 1.070405
-0.201904 0.083008 -0.776367 3.947918 -1.301811 1.186464
-0.179565 0.073853 -0.872559 3.861526 -1.315814 1.318188
-0.168701 0.070557 -0.954102 3.762556 -1.221590 1.455608
-0.172119 0.060181 -1.012817 3.647208 -1.027209 1.642632
-0.118652 0.071655 -1.051025 3.521180 -0.803160 1.876887
-0.009155 0.089111 -1.117188 3.340564 -0.487972 2.093341
0.074829 0.117065 -1.206055 3.094205 -0.279587 2.229812
0.105469 0.119141 -1.267212 2.795869 -0.155458 2.294843
0.109985 0.086426 -1.307251 2.495158 -0.144303 2.321425
0.161621 0.073853 -1.319946 2.244052 -0.264397 2.379811
0.248657 0.068970 -1.340210 2.076015 -0.369064 2.471899
0.323608 0.070923 -1.383301 1.976095 -0.377371 2.558291
0.398071 0.095459 -1.486694 1.921270 -0.320884 2.653464
0.482788 0.140503 -1.625000 1.839387 -0.188448 2.759318
0.561035 0.199097 -1.763916 1.689626 -0.035364 2.834555
0.595947 0.225464 -1.882080 1.427602 0.128876 2.867308
0.606201 0.245361 -1.963013 1.057588 0.177293 2.873004
0.669189 0.268677 -2.002808 0.604743 0.160442 2.894602
0.749878 0.270020 -1.969238 0.094461 0.155933 2.912165
0.849731 0.229614 -1.893555 -0.391849 0.177768 2.911453
0.938477 0.158691 -1.807129 -0.765660 0.201265 2.884634
1.026611 0.109741 -1.750244 -1.012968 0.209097 2.864935
1.138306 0.087036 -1.719849 -1.182429 0.276027 2.862324
1.272583 0.089966 -1.713135 -1.339311 0.424602 2.846422
1.376709 0.107788 -1.737793 -1.513756 0.569379 2.769049
1.495972 0.141724 -1.784424 -1.727363 0.640819 2.618575
1.633667 0.201416 -1.830688 -2.014782 0.634648 2.400697
1.736816 0.207275 -1.849609 -2.386219 0.629189 2.121822
1.835327 0.187500 -1.817261 -2.805599 0.625866 1.821824
1.913574 0.157959 -1.732178 -3.218097 0.616135 1.502364
1.975952 0.094727 -1.606812 -3.588585 0.681879 1.174597
2.041016 0.062866 -1.447388 -3.862238 0.805770 0.854425
2.111816 0.068481 -1.247681 -4.018883 1.025785 0.534965
2.137695 0.062988 -1.036865 -4.077269 1.354026 0.167562
2.059692 0.054688 -0.853760 -4.023155 1.667553 -0.251818
1.894775 0.031128 -0.714111 -3.865798 1.844371 -0.653160
1.732178 0.011597 -0.610107 -3.685657 1.833928 -0.975706
1.642700 0.018311 -0.521851 -3.537794 1.716445 -1.199043
1.602295 0.020874 -0.422485 -3.444757 1.621271 -1.358061
1.579956 0.000000 -0.300171 -3.391830 1.550307 -1.519215
1.545532 -0.022583 -0.185669 -3.313982 1.438282 -1.722141
1.507080 -0.031982 -0.073975 -3.163509 1.336226 -1.935747
1.434814 -0.031250 -0.008057 -2.911216 1.283536 -2.150066
1.324097 -0.046387 0.012817 -2.610506 1.313916 -2.336615
1.217163 -0.054565 0.031128 -2.359874 1.399121 -2.470475
1.118408 -0.062500 0.068359 -2.167154 1.437095 -2.582262
1.014282 -0.071655 0.112793 -1.997931 1.394137 -2.699746
0.917969 -0.085571 0.167114 -1.827520 1.317713 -2.820552
0.826416 -0.099976 0.221191 -1.635275 1.218505 -2.938273
0.733887 -0.112671 0.283569 -1.395086 1.106243 -3.037718
0.635742 -0.110718 0.319092 -1.105294 0.979029 -3.124585
0.537964 -0.111450 0.336426 -0.792005 0.864156 -3.190091
0.445679 -0.114380 0.353760 -0.487260 0.761862 -3.228777
0.350952 -0.127075 0.363892 -0.204587 0.674046 -3.228302
0.235596 -0.140015 0.389648 0.056487 0.581721 -3.188904
0.115112 -0.133179 0.434692 0.319935 0.453795 -3.105360
-0.014771 -0.111694 0.448486 0.636072 0.214081 -2.994522
-0.149536 -0.072876 0.419800 1.002763 -0.135284 -2.858289
-0.250000 -0.031372 0.373657 1.353552 -0.389238 -2.678860
-0.311768 0.012451 0.317871 1.633139 -0.441453 -2.467627
-0.385010 0.047119 0.253662 1.879735 -0.396121 -2.216046
-0.459473 0.068848 0.181030 2.108294 -0.284096 -1.918422
-0.522095 0.085327 0.140259 2.292233 -0.070727 -1.563123
-0.583618 0.092651 0.102051 2.433925 0.153559 -1.144692
-0.613403 0.100464 0.048340 2.561376 0.308068 -0.685201
-0.591919 0.117554 -0.012085 2.678148 0.430298 -0.216454
-0.566528 0.134766 -0.070190 2.796106 0.476342 0.208859
-0.528442 0.142944 -0.128784 2.924032 0.406564 0.553715
-0.454346 0.169556 -0.186646 3.049111 0.245410 0.821197
-0.349121 0.176025 -0.245728 3.149743 0.092325 1.013206
-0.235229 0.180542 -0.302002 3.214062 -0.025633 1.129740
-0.170654 0.169067 -0.351196 3.251325 -0.116534 1.192872
-0.127197 0.162231 -0.423584 3.308761 -0.245647 1.229897
-0.084717 0.164551 -0.528564 3.410817 -0.417719 1.232508
-0.038208 0.156860 -0.660767 3.520706 -0.575076 1.211147
-0.014893 0.135010 -0.771729 3.569360 -0.652211 1.217318
0.051758 0.120850 -0.866211 3.544677 -0.634885 1.318425
0.182129 0.107056 -0.951416 3.456624 -0.448336 1.510434
0.323242 0.093872 -1.002686 3.319441 -0.185600 1.677521
0.413086 0.072998 -1.007202 3.152591 -0.002373 1.743502
0.450928 0.042114 -1.021484 3.060978 -0.013054 1.695322
0.450439 0.010742 -1.045776 3.072845 -0.132911 1.581398
0.431152 -0.003540 -1.087769 3.142623 -0.195568 1.479342
0.421875 0.012695 -1.129639 3.206467 -0.188448 1.461541
0.395874 0.017944 -1.170898 3.226166 -0.220014 1.528946
0.420532 0.025879 -1.201294 3.171103 -0.190584 1.639547
0.473145 0.015747 -1.244141 3.069997 -0.207673 1.704578
0.508423 0.001343 -1.320068 2.975298 -0.271755 1.674198
0.514648 -0.013916 -1.416382 2.867071 -0.269856 1.613439
0.492676 -0.038574 -1.503418 2.700695 -0.192720 1.602522
0.501831 -0.027100 -1.545654 2.479731 -0.056724 1.668977
0.541138 -0.000610 -1.551270 2.214385 0.102768 1.768660
0.571167 -0.000732 -1.515747 1.897298 0.161154 1.825384
0.584473 -0.034058 -1.451416 1.576651 0.020174 1.805685
0.586304 -0.088379 -1.403198 1.354026 -0.237340 1.727837
0.594604 -0.130981 -1.392090 1.274517 -0.441690 1.644768
0.631836 -0.168091 -1.421509 1.272144 -0.440266 1.593265
0.680908 -0.166626 -1.461426 1.282350 -0.289080 1.555766
0.712769 -0.152954 -1.501709 1.265498 -0.090189 1.520639
0.749146 -0.149902 -1.530151 1.176733 0.103243 1.497617
0.776978 -0.139038 -1.530151 1.012968 0.232831 1.454421
0.771240 -0.142212 -1.516968 0.806957 0.248970 1.397222
0.754883 -0.160278 -1.485596 0.586468 0.164714 1.314153
0.750000 -0.195801 -1.453003 0.387339 0.000000 1.233457
0.786499 -0.210083 -1.412231 0.232119 -0.159018 1.172224
0.846802 -0.206787 -1.378784 0.121518 -0.236154 1.096512
0.896729 -0.197754 -1.345825 0.040111 -0.201502 0.988285
0.907104 -0.205078 -1.313599 -0.025158 -0.078797 0.856086
