1.232056 -0.072876 -0.582764 0.113923 0.204350 -0.214556
1.279785 -0.151123 -0.503052 0.097784 0.221676 -0.273416
1.316406 -0.085938 -0.544189 0.110601 0.320884 -0.325631
1.294434 -0.117554 -0.604248 0.177768 0.383779 -0.338685
1.336548 -0.113281 -0.676758 0.178955 0.165189 -0.348178
1.378174 -0.104736 -0.724976 0.108227 -0.001899 -0.393036
1.427612 -0.086182 -0.777832 0.002611 -0.223575 -0.477291
1.473145 -0.089966 -0.821167 -0.146676 -0.421042 -0.622306
1.476196 -0.096069 -0.836670 -0.332988 -0.539474 -0.823096
1.442871 -0.127930 -0.809570 -0.519301 -0.580060 -1.039313
1.393799 -0.171509 -0.763916 -0.655534 -0.578636 -1.207350
1.358887 -0.195679 -0.713257 -0.722938 -0.490108 -1.307270
1.319946 -0.202759 -0.674072 -0.723413 -0.323495 -1.369453
1.269409 -0.199585 -0.649536 -0.667401 -0.161154 -1.429738
1.216187 -0.197388 -0.648926 -0.585518 -0.074762 -1.502601
1.166748 -0.194702 -0.665161 -0.516927 -0.078322 -1.574041
1.137207 -0.203735 -0.654297 -0.493430 -0.050079 -1.642157
1.071655 -0.191772 -0.629883 -0.515503 0.063607 -1.720242
0.981201 -0.149902 -0.585938 -0.565819 0.182040 -1.798327
0.890503 -0.135620 -0.541138 -0.627053 0.241850 -1.860510
0.793335 -0.102539 -0.496460 -0.698730 0.282198 -1.888279
0.689087 -0.080933 -0.441040 -0.769220 0.342245 -1.880447
0.610596 -0.041138 -0.389038 -0.815264 0.351026 -1.843897
0.546997 -0.017944 -0.341919 -0.837811 0.345805 -1.790733
0.490845 0.014038 -0.281738 -0.848966 0.319697 -1.744688
0.456787 0.026123 -0.221680 -0.840422 0.303558 -1.694372
0.411621 0.040771 -0.168579 -0.796989 0.310678 -1.621271
0.364990 0.067749 -0.126099 -0.735755 0.280774 -1.544611
0.307617 0.098877 -0.100586 -0.656483 0.206961 -1.469374
0.265747 0.119507 -0.098999 -0.558699 0.078085 -1.378710
0.227661 0.135376 -0.115234 -0.461864 -0.033702 -1.253394
0.227539 0.171875 -0.138794 -0.386390 -0.135521 -1.095563
0.224121 0.206299 -0.176147 -0.336311 -0.183464 -0.930611
0.240967 0.218384 -0.224609 -0.308780 -0.209097 -0.784884
0.248657 0.233398 -0.270508 -0.293115 -0.247071 -0.665739
0.245728 0.242676 -0.328003 -0.280774 -0.258464 -0.552291
0.243530 0.260742 -0.397827 -0.275077 -0.241375 -0.432197
0.248535 0.266968 -0.474121 -0.284808 -0.195331 -0.304745
0.245483 0.291992 -0.532959 -0.316375 -0.146914 -0.177768
0.235718 0.323242 -0.584351 -0.379982 -0.097784 -0.051740
0.220459 0.342529 -0.629639 -0.466611 -0.077373 0.084730
0.214600 0.347412 -0.655762 -0.578161 -0.050791 0.251106
0.245361 0.344238 -0.662598 -0.713208 -0.019225 0.451421
0.302002 0.346069 -0.655640 -0.859646 -0.017089 0.647702
0.375366 0.318848 -0.646240 -0.999677 -0.020174 0.803872
0.435791 0.296631 -0.610718 -1.138284 -0.034177 0.921355
0.471436 0.251343 -0.569092 -1.270720 -0.001661 1.015342
0.506836 0.204102 -0.514771 -1.378472 0.028243 1.101734
0.548340 0.166504 -0.452515 -1.453235 0.028481 1.185989
0.588623 0.144043 -0.372192 -1.505212 0.028718 1.256717
0.630249 0.136230 -0.281494 -1.537253 -0.005696 1.307982
0.675659 0.137939 -0.170044 -1.541050 -0.070253 1.358536
0.720093 0.139526 -0.064697 -1.514468 -0.158306 1.408852
0.764038 0.138428 0.047241 -1.457507 -0.275077 1.448725
0.812134 0.124268 0.153564 -1.359722 -0.389001 1.464152
0.871094 0.077637 0.251709 -1.216844 -0.417956 1.493345
0.947388 0.051758 0.353760 -1.018664 -0.367403 1.531794
1.036255 0.027954 0.456299 -0.762574 -0.237578 1.570006
1.125488 -0.000366 0.533936 -0.449522 -0.101344 1.579974
1.172119 -0.014038 0.592529 -0.097784 0.003797 1.538914
1.181519 -0.023071 0.604492 0.268907 0.055063 1.452997
1.169556 -0.048340 0.578735 0.623018 0.007120 1.353314
1.193848 -0.090332 0.522461 0.942716 -0.120569 1.272381
1.236816 -0.106201 0.447998 1.214708 -0.275077 1.203315
1.262573 -0.105469 0.355469 1.444216 -0.354586 1.110753
1.286499 -0.134155 0.223511 1.650227 -0.420804 0.978554
1.314697 -0.156006 0.071533 1.847694 -0.473969 0.850390
1.361938 -0.145142 -0.086182 2.022139 -0.490582 0.737416
1.410645 -0.120850 -0.252197 2.155050 -0.391849 0.609965
1.410278 -0.093506 -0.436523 2.250698 -0.200315 0.444538
1.322510 -0.083740 -0.610352 2.312644 -0.018750 0.263448
1.228149 -0.051636 -0.798096 2.315729 0.070727 0.140031
1.164795 -0.013672 -0.960083 2.241679 0.074762 0.114873
1.143433 0.048340 -1.096802 2.079576 0.018275 0.138369
1.133911 0.082886 -1.212036 1.828944 -0.016614 0.127689
1.122437 0.083618 -1.273804 1.508060 -0.057436 0.083069
1.112549 0.094971 -1.279053 1.150626 -0.111075 0.021835
1.079956 0.086548 -1.247070 0.798413 -0.128401 -0.044383
1.010254 0.054688 -1.176514 0.484649 -0.085443 -0.100158
0.948853 0.033569 -1.088501 0.231169 -0.031566 -0.106566
0.913696 0.002441 -1.000122 0.046519 0.011867 -0.059098
0.899414 -0.021362 -0.921631 -0.071914 0.043671 0.005221
0.884399 -0.038818 -0.860352 -0.137895 0.081882 0.035126
0.839722 -0.045532 -0.814819 -0.162341 0.096360 0.032990
0.776978 -0.045166 -0.780151 -0.157119 0.078560 0.026345
0.710938 -0.040283 -0.767212 -0.147863 0.056724 0.049841
0.663940 -0.047363 -0.768921 -0.167088 0.025395 0.114635
0.638306 -0.047119 -0.763794 -0.215268 -0.064082 0.190822
0.629150 -0.043945 -0.762085 -0.286232 -0.186075 0.259650
0.625488 -0.052856 -0.758789 -0.381643 -0.306169 0.314476
0.612183 -0.054077 -0.748657 -0.499839 -0.424127 0.361232
0.599365 -0.056274 -0.726440 -0.628477 -0.544459 0.414159
0.584717 -0.073364 -0.693115 -0.753081 -0.623256 0.476817
0.575073 -0.088013 -0.642212 -0.861545 -0.669774 0.544696
0.584717 -0.094116 -0.580444 -0.936782 -0.685913 0.624917
0.594360 -0.102417 -0.520142 -0.968823 -0.648651 0.722938
0.596191 -0.108276 -0.465210 -0.970722 -0.539000 0.828555
0.593994 -0.107178 -0.398682 -0.949836 -0.393273 0.932035
0.584961 -0.111572 -0.321899 -0.901181 -0.247546 1.024598
0.554688 -0.108765 -0.254883 -0.811466 -0.121281 1.108616
0.527954 -0.118896 -0.230957 -0.685913 -0.060759 1.194296
0.530884 -0.152466 -0.232788 -0.545883 -0.081645 1.301574
0.583496 -0.185913 -0.244995 -0.417482 -0.160679 1.431162
0.645142 -0.216431 -0.277466 -0.315188 -0.247071 1.556715
0.751953 -0.239868 -0.335693 -0.229033 -0.321833 1.651651
0.871704 -0.254272 -0.402466 -0.174208 -0.398020 1.706239
0.977173 -0.276367 -0.471191 -0.177531 -0.398969 1.705527
1.049072 -0.293457 -0.520508 -0.230695 -0.328954 1.633376
1.101929 -0.331787 -0.558716 -0.306169 -0.267720 1.529658
1.139771 -0.351074 -0.578125 -0.385915 -0.241850 1.448488
1.199585 -0.378540 -0.576294 -0.456643 -0.207198 1.370165
1.242798 -0.401611 -0.564331 -0.506959 -0.158781 1.286384
1.291626 -0.402954 -0.552734 -0.531642 -0.134572 1.190024
1.318359 -0.402832 -0.524414 -0.532829 -0.130300 1.076576
1.333374 -0.400513 -0.508179 -0.524759 -0.097310 0.948649
1.334106 -0.391479 -0.484619 -0.512655 -0.036313 0.819536
1.317627 -0.384521 -0.472778 -0.492481 0.031566 0.699679
1.293091 -0.371948 -0.454102 -0.459491 0.068354 0.581721
1.263550 -0.363525 -0.437256 -0.420804 0.074050 0.465424
1.220215 -0.345093 -0.428589 -0.376896 0.074762 0.364080
1.186890 -0.317627 -0.412476 -0.328479 0.064557 0.279824
1.145874 -0.293945 -0.406616 -0.279587 0.039398 0.200078
1.102051 -0.286011 -0.407104 -0.236866 0.026582 0.123417
1.057983 -0.279419 -0.406372 -0.202451 0.037500 0.056250
1.019287 -0.268921 -0.403320 -0.167325 0.010680 0.007595
0.989746 -0.260132 -0.412354 -0.123417 -0.040823 -0.029430
0.972900 -0.253296 -0.423706 -0.067642 -0.105142 -0.066455
0.950439 -0.251709 -0.443970 -0.015427 -0.144540 -0.098734
0.942993 -0.251709 -0.461304 0.018987 -0.126502 -0.115822
0.922852 -0.249634 -0.480591 0.037500 -0.072151 -0.119145
0.917114 -0.242554 -0.489258 0.051503 -0.054826 -0.127926
0.910156 -0.235107 -0.499268 0.065743 -0.074050 -0.152372
0.890747 -0.231689 -0.510742 0.073101 -0.091376 -0.183939
0.877930 -0.226318 -0.515747 0.068829 -0.078797 -0.207910
0.863770 -0.223022 -0.523315 0.056962 -0.039873 -0.216929
0.850220 -0.223755 -0.534180 0.046281 -0.001899 -0.215980
0.839355 -0.214722 -0.533569 0.035601 0.017563 -0.213606
0.828979 -0.209717 -0.532593 0.023734 0.058148 -0.219065
0.812866 -0.207764 -0.534912 0.014952 0.056724 -0.225711
0.800903 -0.213623 -0.539673 0.009494 0.051266 -0.219302
0.786499 -0.215088 -0.542603 -0.000475 0.058386 -0.195331
0.796997 -0.212891 -0.529175 -0.019699 0.094936 -0.160442
0.794312 -0.211548 -0.539673 -0.032753 0.105142 -0.127452
0.806763 -0.209839 -0.516235 -0.039873 0.166376 -0.109651
0.805176 -0.213867 -0.513794 -0.040111 0.143354 -0.102056
0.805908 -0.223267 -0.520996 -0.028006 0.133148 -0.099446
0.802856 -0.220337 -0.517090 -0.014240 0.126740 -0.090189
0.804932 -0.221436 -0.517212 -0.005459 0.121281 -0.074525
0.813843 -0.223633 -0.520508 0.005934 0.112025 -0.059335
0.822754 -0.223145 -0.528076 0.014952 0.097072 -0.050316
