0.894409 0.072632 -0.473877 0.000712 -0.011155 0.028481
0.983643 0.126831 -0.347900 0.034414 0.193432 -0.007832
1.048340 0.144165 -0.437866 0.035601 -0.001424 -0.032041
1.007446 -0.059937 -0.583374 0.058623 -0.080933 -0.054826
1.098389 0.114868 -0.424927 0.007832 0.593588 -0.124841
1.151245 0.193115 -0.411377 -0.063133 0.613999 -0.161866
1.162842 0.210938 -0.521362 -0.104430 0.353400 -0.126028
1.158325 0.169556 -0.489380 -0.052215 0.290267 -0.092088
1.162476 0.149048 -0.531128 0.076898 0.172784 -0.159018
1.189575 0.153809 -0.556030 0.122942 -0.025870 -0.323495
1.240234 0.158936 -0.556152 0.126740 -0.261312 -0.537338
1.289429 0.156250 -0.597778 0.100395 -0.482038 -0.767558
1.351074 0.169067 -0.594482 0.028243 -0.584332 -0.982351
1.392212 0.172485 -0.604980 -0.023734 -0.549680 -1.162255
1.389160 0.176636 -0.643799 -0.054588 -0.366691 -1.288758
1.361694 0.220581 -0.661255 -0.071202 -0.137895 -1.374200
1.327148 0.273315 -0.668945 -0.092800 0.029668 -1.429263
1.314819 0.307251 -0.683960 -0.153797 0.082832 -1.464390
1.324829 0.335938 -0.713623 -0.251106 -0.063845 -1.523250
1.351929 0.339600 -0.739868 -0.373574 -0.366453 -1.664467
1.361450 0.336060 -0.741943 -0.520725 -0.703002 -1.911539
1.317139 0.349243 -0.743774 -0.670486 -0.965500 -2.234796
1.228516 0.397461 -0.709351 -0.815501 -1.185989 -2.575379
1.127808 0.385498 -0.692505 -0.964551 -1.348567 -2.851169
0.974243 0.379883 -0.661133 -1.110515 -1.432111 -3.007576
0.850098 0.354126 -0.603516 -1.252445 -1.562886 -3.082576
0.731689 0.322510 -0.552734 -1.366368 -1.709087 -3.121974
0.604980 0.309814 -0.519287 -1.424279 -1.778391 -3.132892
0.479492 0.296631 -0.476807 -1.446114 -1.885906 -3.118889
0.380127 0.247314 -0.404663 -1.462253 -2.073167 -3.084712
0.261108 0.260254 -0.364624 -1.470560 -2.201568 -3.025377
0.114502 0.189453 -0.299805 -1.452048 -2.233135 -2.904096
-0.007690 0.128418 -0.253784 -1.402444 -2.198008 -2.705917
-0.138428 0.091431 -0.187988 -1.289944 -2.079813 -2.415412
-0.285889 0.058594 -0.112427 -1.132113 -1.832267 -2.039228
-0.443848 0.000122 -0.042725 -0.944614 -1.479105 -1.572617
-0.575684 -0.063477 0.012451 -0.726499 -1.089392 -1.013680
-0.697876 -0.160400 0.068237 -0.466848 -0.736467 -0.372624
-0.752808 -0.244507 0.137207 -0.128876 -0.453320 0.330852
-0.765381 -0.359009 0.239502 0.276739 -0.361469 1.059962
-0.694092 -0.396484 0.167480 0.807194 -0.356960 1.756081
-0.634521 -0.526123 0.149170 1.443504 -0.338685 2.455997
-0.518433 -0.639526 0.126465 2.245239 -0.290267 3.228302
-0.367065 -0.817017 0.016846 3.007813 -0.100870 4.066351
-0.189575 -0.920288 -0.044556 3.662398 0.261312 4.914843
-0.025635 -1.047119 -0.160034 4.220622 0.618034 5.698303
0.179077 -1.088745 -0.291748 4.711442 0.748571 6.337223
0.413696 -1.050537 -0.487671 5.224572 0.421042 6.729547
0.681763 -1.030762 -0.690918 5.723936 -0.046756 6.846318
1.034058 -0.956909 -0.807495 6.062146 -0.217404 6.741176
1.378906 -0.821045 -0.923828 6.058823 -0.094461 6.453757
1.652344 -0.738525 -1.095825 5.654395 0.079034 5.895533
1.808594 -0.622681 -1.258789 5.009778 0.235442 5.014051
1.866089 -0.599487 -1.405762 4.307489 0.224761 3.946257
1.907715 -0.573853 -1.550293 3.640800 0.018038 2.979807
1.873291 -0.559204 -1.671997 2.983842 -0.098259 2.297929
1.821167 -0.591797 -1.702026 2.259005 0.179192 1.885194
1.762085 -0.560303 -1.712769 1.496431 0.706799 1.670876
1.703857 -0.484497 -1.687500 0.864631 1.056402 1.522538
1.700317 -0.401733 -1.687378 0.431722 1.040262 1.265498
1.670654 -0.375977 -1.685669 0.097547 0.784884 0.820485
1.647583 -0.354126 -1.678223 -0.237815 0.548731 0.311153
1.596436 -0.349976 -1.682251 -0.576025 0.473731 -0.094224
1.565552 -0.351563 -1.682251 -0.901656 0.530456 -0.371912
1.516357 -0.352905 -1.742188 -1.232508 0.588367 -0.626578
1.479492 -0.324707 -1.801392 -1.588519 0.520487 -0.896434
1.468994 -0.323975 -1.855225 -2.011934 0.326580 -1.164866
1.407959 -0.357056 -1.880859 -2.520317 0.032278 -1.407191
1.370605 -0.348999 -1.860474 -3.093256 -0.161391 -1.602047
1.332764 -0.323364 -1.810181 -3.681860 -0.193195 -1.726651
1.338257 -0.277466 -1.764771 -4.239135 -0.151660 -1.826334
1.333252 -0.235352 -1.714478 -4.757961 -0.084018 -2.014307
1.268311 -0.291748 -1.599854 -5.262546 -0.038212 -2.325935
1.151733 -0.372925 -1.418701 -5.756451 -0.056250 -2.692863
1.017456 -0.448975 -1.199951 -6.138332 -0.100632 -2.979333
0.849243 -0.489746 -0.960938 -6.308505 -0.229745 -3.101800
0.708740 -0.476685 -0.741455 -6.261274 -0.435519 -3.055756
0.597778 -0.437378 -0.550537 -6.026070 -0.631325 -2.873004
0.510864 -0.373047 -0.373169 -5.661753 -0.795090 -2.614066
0.445068 -0.340088 -0.254639 -5.235727 -0.920880 -2.368656
0.380981 -0.322754 -0.128540 -4.796885 -0.994930 -2.181869
0.312744 -0.296875 0.006714 -4.364213 -1.003237 -2.016443
0.263184 -0.291138 0.095825 -3.943409 -0.968111 -1.833454
0.194946 -0.280762 0.167114 -3.531861 -0.936307 -1.630290
0.108521 -0.273682 0.246948 -3.129806 -0.930611 -1.445640
0.006836 -0.305420 0.328979 -2.736771 -0.963127 -1.291368
-0.105957 -0.332275 0.421143 -2.324748 -1.057588 -1.141844
-0.184448 -0.384644 0.480957 -1.851254 -1.201416 -0.946276
-0.239624 -0.431030 0.514282 -1.268584 -1.345007 -0.663129
-0.283325 -0.433716 0.541870 -0.560598 -1.476969 -0.297150
-0.276611 -0.458496 0.528931 0.240663 -1.634088 0.107752
-0.257080 -0.502075 0.497559 1.087256 -1.754894 0.482038
-0.262695 -0.546143 0.439819 1.910589 -1.809245 0.779426
-0.309814 -0.606323 0.376465 2.690252 -1.846507 1.041449
-0.342041 -0.612793 0.317383 3.454013 -1.916048 1.363045
-0.319946 -0.642578 0.234253 4.219673 -1.988200 1.795242
-0.276489 -0.698364 0.124146 4.978924 -1.959481 2.339226
-0.171021 -0.750366 -0.006958 5.686911 -1.852678 2.955836
0.001221 -0.833252 -0.161133 6.317049 -1.663993 3.565563
0.214233 -0.916260 -0.345947 6.856761 -1.342634 4.056383
0.397217 -1.032104 -0.503784 7.300587 -0.988760 4.358280
0.592773 -1.000610 -0.677002 7.648766 -0.786071 4.437788
0.777344 -0.896362 -0.898071 7.776929 -0.665027 4.264293
0.878784 -0.805298 -1.178223 7.776929 -0.595724 3.826163
1.064941 -0.707153 -1.513550 7.709050 -0.507671 3.254647
1.141357 -0.638184 -1.837280 7.080098 -0.326343 2.710426
1.095947 -0.641113 -2.083252 6.082319 -0.169936 2.219844
1.020020 -0.665283 -2.205444 4.865713 0.066455 1.794293
0.958252 -0.746704 -2.192261 3.646021 0.343906 1.569531
0.917603 -0.813599 -2.095947 2.601724 0.513367 1.514943
0.950684 -0.843506 -1.967041 1.810906 0.518351 1.475782
1.018066 -0.865479 -1.848022 1.290894 0.445725 1.354026
1.104248 -0.860596 -1.768799 1.003949 0.414633 1.146591
1.151978 -0.861206 -1.745483 0.865105 0.441453 0.859884
1.165527 -0.848877 -1.807739 0.774679 0.500313 0.517402
1.145264 -0.820435 -1.943726 0.642955 0.517639 0.167088
1.084229 -0.818604 -2.038452 0.379032 0.541848 -0.130537
0.986328 -0.794312 -2.134155 -0.052215 0.559648 -0.343906
0.868286 -0.744507 -2.203735 -0.577449 0.564158 -0.464712
0.807373 -0.645020 -2.302856 -1.151575 0.578636 -0.538050
0.735840 -0.545532 -2.406494 -1.807821 0.583145 -0.627290
0.690186 -0.465698 -2.492798 -2.595079 0.675945 -0.757590
0.649658 -0.435059 -2.527466 -3.554171 0.788444 -0.885754
0.634521 -0.411987 -2.511475 -4.665635 0.874599 -0.969535
0.670654 -0.436035 -2.417603 -5.865390 0.949361 -1.037414
0.697754 -0.570190 -2.238525 -7.081048 1.002288 -1.175784
0.714111 -0.750244 -2.019043 -7.777166 0.983538 -1.422618
0.641235 -0.942505 -1.782837 -7.777166 1.006560 -1.726176
0.502686 -1.092163 -1.517456 -7.777166 0.942241 -1.949513
0.446045 -1.123291 -1.207275 -7.777166 0.750470 -1.937646
0.448242 -1.049072 -0.863770 -7.777166 0.431959 -1.641683
0.479492 -0.902710 -0.544434 -7.777166 0.279112 -1.208537
0.515869 -0.762451 -0.308350 -7.777166 0.472782 -0.801973
0.516602 -0.592407 -0.132202 -7.259765 0.905691 -0.498652
0.478394 -0.464844 -0.030518 -6.187461 1.335989 -0.314476
0.397217 -0.398071 0.013916 -5.138180 1.517316 -0.266770
0.328369 -0.319336 0.054810 -4.205432 1.375624 -0.334412
0.285889 -0.223145 0.068726 -3.443095 0.974757 -0.460678
0.267090 -0.144653 0.061890 -2.834792 0.460678 -0.600946
0.253052 -0.073120 0.045288 -2.335428 0.014240 -0.722464
0.251587 -0.010742 0.019165 -1.906317 -0.252055 -0.771593
0.249146 0.037598 -0.006836 -1.532506 -0.322308 -0.699679
0.267090 0.066528 -0.005737 -1.224439 -0.246359 -0.510282
0.308960 0.095947 -0.018066 -0.988760 -0.083544 -0.252293
0.339844 0.149902 -0.053833 -0.808618 0.122230 -0.005696
0.360474 0.190186 -0.106079 -0.648176 0.319935 0.168512
0.375977 0.240479 -0.159424 -0.484174 0.425076 0.252530
0.379517 0.274536 -0.199951 -0.309492 0.403478 0.272704
0.395264 0.310181 -0.246582 -0.137657 0.256802 0.260837
0.450195 0.338989 -0.295410 0.019225 0.079746 0.236391
