0.475098 0.457275 0.511475 0.272704 0.207198 -0.176819
0.437622 0.483276 0.519409 0.328954 0.425314 -0.084493
0.421753 0.489624 0.486084 0.422940 0.503636 0.036076
0.384155 0.498779 0.454224 0.495329 0.490345 0.156645
0.310791 0.593506 0.391968 0.567006 0.481326 0.276027
0.288330 0.486938 0.327393 0.568430 0.605455 0.496991
0.323730 0.414551 0.404541 0.491769 0.831640 0.670724
0.298584 0.521240 0.444458 0.481326 0.833064 0.747385
0.289917 0.497314 0.460205 0.520725 0.518589 0.811704
0.310181 0.485596 0.439819 0.587180 0.210046 0.866292
0.277344 0.487061 0.424561 0.653398 0.061708 0.880058
0.250732 0.460449 0.417603 0.697543 0.062183 0.905691
0.215576 0.437500 0.404663 0.750945 0.108702 0.963127
0.190186 0.414673 0.371826 0.822384 0.085680 1.021513
0.191284 0.389526 0.332275 0.887653 0.027769 1.101022
0.202881 0.330078 0.290283 0.932985 -0.007358 1.217081
0.236328 0.269775 0.230347 0.971434 0.032041 1.396036
0.271362 0.236084 0.164063 1.000389 0.124366 1.596351
0.305298 0.201660 0.085449 0.992320 0.223100 1.790258
0.315186 0.153076 0.025513 0.939156 0.294065 1.978469
0.321289 0.106567 -0.027466 0.862732 0.312340 2.187565
0.384766 0.057373 -0.066162 0.799599 0.223812 2.458133
0.499878 0.024780 -0.107422 0.758065 0.093512 2.737246
0.640503 0.008423 -0.110718 0.727448 -0.104904 2.967228
0.772461 -0.021606 -0.170898 0.695882 -0.192720 3.092544
0.871216 -0.051514 -0.216553 0.607354 -0.218353 3.141436
0.983887 -0.080322 -0.246216 0.506959 -0.280774 3.202670
1.151245 -0.086060 -0.275024 0.437655 -0.420330 3.249188
1.284424 -0.073730 -0.309204 0.383067 -0.589316 3.191752
1.360107 -0.071655 -0.368042 0.308780 -0.727923 3.035345
1.415527 -0.073120 -0.428589 0.195806 -0.793666 2.845235
1.443970 -0.087646 -0.458130 0.019225 -0.727211 2.677436
1.481079 -0.093140 -0.464111 -0.205774 -0.553240 2.588196
1.547852 -0.085205 -0.444214 -0.429823 -0.349365 2.558528
1.671387 -0.053101 -0.433838 -0.641056 -0.195094 2.505364
1.784668 -0.082031 -0.420898 -0.839473 -0.154983 2.370317
1.846191 -0.069336 -0.433105 -1.035278 -0.162815 2.195398
1.925171 -0.072998 -0.436646 -1.271669 -0.098496 2.007662
1.943237 -0.075439 -0.381104 -1.543661 0.053876 1.774593
2.039551 -0.088013 -0.317139 -1.800226 0.193432 1.554579
2.080078 -0.088989 -0.245483 -2.025225 0.325868 1.264786
2.076416 -0.094604 -0.184692 -2.219844 0.357672 0.948886
2.030518 -0.115356 -0.137573 -2.407342 0.332751 0.637733
2.000000 -0.121582 -0.095337 -2.607420 0.314951 0.360283
1.957764 -0.143433 0.020264 -2.817466 0.290742 0.105379
1.894653 -0.164307 0.130127 -2.960583 0.257514 -0.157594
1.861450 -0.176025 0.217285 -3.029174 0.219540 -0.398732
1.801025 -0.185547 0.298096 -3.069759 0.254191 -0.629426
1.752808 -0.181396 0.335449 -3.088034 0.333226 -0.825232
1.733521 -0.222900 0.420654 -3.093731 0.401580 -0.985437
1.700684 -0.201294 0.489746 -3.061452 0.494380 -1.156322
1.650024 -0.188232 0.549927 -3.010187 0.661467 -1.314865
1.639282 -0.167969 0.612915 -2.947766 0.773967 -1.464864
1.627319 -0.139160 0.680176 -2.890330 0.862020 -1.629816
1.581543 -0.114746 0.755493 -2.841675 0.955532 -1.832267
1.505371 -0.091553 0.813232 -2.775695 1.053554 -2.051569
1.403931 -0.080566 0.864990 -2.680284 1.133300 -2.267074
1.290894 -0.079956 0.906006 -2.548085 1.108616 -2.443893
1.201904 -0.063232 0.970581 -2.395238 0.951260 -2.572057
1.134888 -0.066650 1.022949 -2.238594 0.817163 -2.686455
1.049561 -0.069946 1.050903 -2.099987 0.798650 -2.762878
0.963379 -0.080811 1.081665 -1.954972 0.805770 -2.804888
0.872803 -0.083984 1.092529 -1.777679 0.756878 -2.836928
0.785278 -0.088989 1.108276 -1.572617 0.703477 -2.859713
0.723145 -0.054077 1.108398 -1.343109 0.682116 -2.876564
0.645508 -0.034668 1.117310 -1.119534 0.662417 -2.889381
0.578369 -0.013062 1.120361 -0.882194 0.591452 -2.914776
0.501221 -0.001587 1.103516 -0.624680 0.505297 -2.944681
0.435547 0.020752 1.071655 -0.364080 0.386627 -2.942782
0.398560 0.038940 1.027588 -0.125316 0.293590 -2.875140
0.362671 0.071777 0.977539 0.079984 0.233780 -2.774271
0.319336 0.092529 0.929321 0.240900 0.192246 -2.680047
0.276855 0.099365 0.895630 0.377846 0.149762 -2.588908
0.231445 0.109741 0.851196 0.518351 0.114398 -2.491124
0.186279 0.111572 0.816528 0.649126 0.125078 -2.385745
0.145752 0.113403 0.770752 0.774441 0.085917 -2.265650
0.119019 0.121826 0.732300 0.893349 0.017326 -2.130129
0.084106 0.130859 0.704956 1.005373 -0.049604 -1.995794
0.054321 0.132080 0.690430 1.118110 -0.094461 -1.868580
0.018433 0.131104 0.680054 1.235594 -0.051028 -1.730685
-0.028809 0.123901 0.656250 1.350941 0.035601 -1.560987
-0.072876 0.119385 0.637817 1.457269 0.161629 -1.335039
-0.118896 0.110229 0.626099 1.575702 0.282910 -1.051180
-0.152954 0.107300 0.581909 1.730685 0.356248 -0.731720
-0.173584 0.106079 0.523804 1.919608 0.392323 -0.404903
-0.191650 0.101074 0.437134 2.115889 0.365029 -0.081882
-0.181519 0.101074 0.357178 2.288672 0.328479 0.241375
-0.146240 0.096069 0.277832 2.423719 0.350552 0.572465
-0.106567 0.089478 0.198730 2.529335 0.374760 0.879346
-0.066040 0.088013 0.114014 2.614541 0.380931 1.152524
-0.052246 0.063721 0.045166 2.672926 0.353400 1.390577
-0.029541 0.046143 -0.024170 2.702831 0.290979 1.601335
-0.024536 0.024414 -0.083008 2.701882 0.230932 1.802125
-0.030518 0.005371 -0.115234 2.650379 0.207198 2.013358
-0.017456 -0.032471 -0.142700 2.568496 0.124129 2.244052
0.076660 -0.056519 -0.194824 2.494684 0.006883 2.510111
0.186646 -0.059326 -0.250732 2.418260 -0.024921 2.789460
0.299683 -0.066895 -0.318726 2.325697 0.028243 3.008525
0.427124 -0.118164 -0.361572 2.191363 0.023497 3.178936
0.552612 -0.113403 -0.395264 2.028073 -0.018513 3.356229
0.696045 -0.107300 -0.414063 1.819213 -0.027769 3.504092
0.852173 -0.112793 -0.447998 1.601098 -0.025395 3.599028
1.005371 -0.107788 -0.465820 1.406004 -0.092088 3.640325
1.181030 -0.093140 -0.467041 1.254343 -0.365029 3.617541
1.347412 -0.056274 -0.482178 1.148490 -0.635835 3.511924
1.471313 -0.040649 -0.477295 1.040025 -0.823096 3.309473
1.560547 -0.035889 -0.452271 0.922779 -1.069693 3.050772
1.636353 -0.012329 -0.448364 0.840185 -1.358298 2.786375
1.674561 0.024292 -0.450806 0.786071 -1.817077 2.532183
1.745361 0.038208 -0.425903 0.724600 -1.927915 2.318815
1.763794 0.056519 -0.453979 0.645566 -1.628629 2.150303
1.807617 0.087158 -0.478638 0.579822 -1.379659 1.992234
1.835327 0.086182 -0.502686 0.519775 -1.164154 1.818739
1.851807 0.102783 -0.523071 0.446200 -0.901181 1.654262
1.874023 0.136108 -0.520996 0.346517 -0.624442 1.478393
1.853149 0.147461 -0.524292 0.217878 -0.363131 1.275941
1.818604 0.149902 -0.507080 0.062420 -0.079509 1.065658
1.766479 0.147095 -0.485107 -0.105142 0.189398 0.867716
1.698120 0.140747 -0.442261 -0.263922 0.386153 0.693746
1.633667 0.137573 -0.381226 -0.407276 0.500313 0.537813
1.570557 0.119751 -0.309082 -0.526421 0.519775 0.392561
1.525391 0.111938 -0.244751 -0.606167 0.467086 0.264634
1.458862 0.102661 -0.186401 -0.652448 0.394934 0.157119
1.411987 0.092041 -0.133179 -0.680455 0.342719 0.077373
1.366821 0.076294 -0.098267 -0.687337 0.327530 0.028243
1.325562 0.072266 -0.081543 -0.670724 0.337023 -0.001187
1.296509 0.064697 -0.074097 -0.658145 0.356485 -0.018513
1.253540 0.061523 -0.057129 -0.647702 0.365504 -0.039398
1.225098 0.052124 -0.030762 -0.620645 0.423178 -0.064557
1.182617 0.049561 0.007690 -0.572702 0.498652 -0.082594
1.141968 0.047119 0.033447 -0.514554 0.543747 -0.094461
1.104492 0.040283 0.040039 -0.438605 0.547544 -0.105616
1.074097 0.034912 0.045166 -0.365267 0.546357 -0.108227
1.049561 0.038452 0.049683 -0.302372 0.526183 -0.102294
1.038940 0.036011 0.052124 -0.257514 0.473969 -0.094936
1.041626 0.038696 0.053467 -0.222388 0.432671 -0.085443
1.027954 0.046875 0.059082 -0.176581 0.422940 -0.079984
1.018066 0.054077 0.044556 -0.130300 0.394697 -0.094224
1.002197 0.052734 0.030518 -0.100632 0.321121 -0.121756
0.992432 0.053833 0.029175 -0.087341 0.247783 -0.144303
0.976563 0.056152 0.022339 -0.077136 0.193432 -0.163290
0.966919 0.057983 0.021973 -0.060284 0.141455 -0.174208
0.961426 0.071655 0.012695 -0.045807 0.129588 -0.180853
0.940063 0.062988 0.008179 -0.042247 0.126740 -0.192246
0.937866 0.053833 0.005127 -0.041297 0.146676 -0.179429
0.934814 0.059692 0.006714 -0.035126 0.187499 -0.138132
0.951660 0.070435 0.010742 -0.034652 0.207435 -0.105379
0.960083 0.068359 0.001465 -0.038212 0.224524 -0.085917
0.967041 0.077759 -0.003906 -0.041535 0.253954 -0.074525
0.970825 0.085815 -0.009766 -0.056962 0.272704 -0.079034
