1.020996 0.340820 -0.126831 -0.094699 -0.063845 -0.448573
0.974854 0.324585 -0.130127 -0.177768 -0.147863 -0.478953
0.933960 0.302124 -0.109863 -0.250394 -0.176344 -0.429823
0.917847 0.283813 -0.093750 -0.278400 -0.111075 -0.297625
0.903442 0.278564 -0.085083 -0.255615 -0.023734 -0.117721
0.903564 0.284058 -0.077759 -0.197704 0.075712 0.065031
0.921021 0.237915 -0.119995 -0.126028 0.151898 0.224287
0.967529 0.331421 -0.121216 -0.072863 0.300947 0.342007
0.986572 0.351318 -0.140991 -0.037262 0.291217 0.406089
0.981323 0.332642 -0.179688 -0.043196 0.209809 0.399681
0.958740 0.317871 -0.229614 -0.087579 0.284808 0.338210
0.987915 0.375000 -0.181396 -0.182040 0.427450 0.286944
1.003906 0.404785 -0.166260 -0.300947 0.255378 0.291691
1.036987 0.394409 -0.143433 -0.371200 0.015664 0.299761
1.080078 0.366089 -0.118896 -0.391374 -0.134097 0.291929
1.113892 0.355469 -0.100098 -0.391137 -0.179904 0.246122
1.130127 0.356079 -0.085083 -0.371675 -0.181565 0.161154
1.146484 0.362671 -0.064331 -0.326106 -0.205774 0.050079
1.161133 0.364014 -0.045288 -0.260125 -0.256328 -0.070727
1.169312 0.365723 -0.037842 -0.186075 -0.330615 -0.185363
1.168823 0.366821 -0.030273 -0.121756 -0.397308 -0.285758
1.146973 0.351929 -0.030029 -0.078560 -0.444538 -0.368352
1.134766 0.337036 -0.026978 -0.055300 -0.495092 -0.441928
1.121826 0.330322 -0.014648 -0.046993 -0.597386 -0.507671
1.121094 0.331299 -0.005859 -0.046044 -0.711784 -0.563209
1.108398 0.331909 0.012695 -0.051740 -0.793429 -0.618509
1.090332 0.310547 0.030151 -0.066218 -0.809805 -0.684964
1.073975 0.285645 0.058472 -0.083069 -0.771831 -0.764948
1.046997 0.265747 0.076904 -0.078797 -0.660993 -0.836625
0.986816 0.242554 0.081787 -0.032516 -0.457117 -0.868903
0.921997 0.229736 0.082886 0.042721 -0.218116 -0.851340
0.827393 0.214600 0.075317 0.124604 -0.052927 -0.796277
0.821289 0.227173 0.094971 0.200790 0.056250 -0.712970
0.807007 0.227173 0.084351 0.279587 0.148812 -0.615423
0.801147 0.212891 0.090210 0.377134 0.256090 -0.559411
0.780396 0.204834 0.094849 0.489870 0.243748 -0.565345
0.761719 0.201294 0.079346 0.613050 0.191534 -0.600471
0.723999 0.194580 0.060791 0.738128 0.133385 -0.628952
0.692871 0.196167 0.040527 0.856561 0.040111 -0.646752
0.657227 0.195435 0.019775 0.964076 -0.082120 -0.656009
0.633545 0.203247 0.005127 1.063522 -0.150474 -0.636547
0.607056 0.228638 -0.016846 1.140895 -0.202926 -0.574838
0.576172 0.247070 -0.048828 1.179819 -0.295489 -0.484412
0.588867 0.244751 -0.116211 1.193110 -0.390187 -0.367165
0.591553 0.251587 -0.186646 1.192398 -0.389713 -0.225473
0.585693 0.297852 -0.267334 1.154898 -0.329903 -0.089477
0.581177 0.329834 -0.323120 1.049281 -0.283147 0.025395
0.583130 0.339722 -0.362671 0.888127 -0.277688 0.115347
0.601929 0.324829 -0.333496 0.725075 -0.302609 0.182752
0.643311 0.324707 -0.276978 0.619695 -0.287182 0.214793
0.661377 0.300659 -0.221558 0.617797 -0.258226 0.201739
0.644897 0.275635 -0.204468 0.736942 -0.303558 0.151898
0.672485 0.268677 -0.212891 0.925627 -0.414396 0.122468
0.680176 0.265381 -0.272217 1.113363 -0.545408 0.122942
0.710693 0.280884 -0.317627 1.249834 -0.635835 0.121518
0.718872 0.282471 -0.389771 1.314153 -0.704901 0.108465
0.725220 0.277466 -0.431763 1.288520 -0.737891 0.101819
0.726318 0.261108 -0.440796 1.194771 -0.702290 0.112499
0.728882 0.235474 -0.414795 1.075151 -0.586943 0.135521
0.720825 0.206177 -0.370850 0.989234 -0.466374 0.151186
0.705933 0.177002 -0.327637 0.965975 -0.347466 0.176819
0.684204 0.149048 -0.294922 0.996829 -0.242324 0.226185
0.678467 0.139282 -0.285278 1.072303 -0.182515 0.295014
0.690186 0.152100 -0.291870 1.196670 -0.212182 0.357672
0.719971 0.154541 -0.313232 1.355450 -0.292641 0.393036
0.735840 0.161377 -0.363403 1.514468 -0.382355 0.386627
0.749268 0.148804 -0.429565 1.643107 -0.458779 0.365504
0.738159 0.131592 -0.504272 1.707901 -0.496991 0.369301
0.762817 0.114624 -0.562500 1.687015 -0.483462 0.412023
0.784424 0.107178 -0.605469 1.606556 -0.432197 0.475393
0.819580 0.088013 -0.604980 1.480529 -0.318748 0.523098
0.818359 0.068237 -0.590210 1.358536 -0.187973 0.520962
0.799438 0.033569 -0.573242 1.295166 -0.117721 0.483937
0.761353 0.009033 -0.555664 1.298963 -0.128164 0.453795
0.749023 -0.003174 -0.552612 1.345007 -0.202451 0.463051
0.742554 -0.030151 -0.563965 1.411463 -0.261786 0.516452
0.742676 -0.056030 -0.571289 1.477681 -0.266296 0.595487
0.758545 -0.068970 -0.604736 1.537490 -0.251818 0.678081
0.771606 -0.078491 -0.643921 1.586857 -0.254191 0.736230
0.797974 -0.083374 -0.708130 1.606319 -0.281960 0.757353
0.808594 -0.113037 -0.757813 1.572142 -0.312815 0.755217
0.824463 -0.144165 -0.789795 1.480291 -0.291929 0.763524
0.828369 -0.144409 -0.815063 1.362333 -0.248495 0.795327
0.834106 -0.149292 -0.841064 1.259090 -0.166850 0.849441
0.843262 -0.154419 -0.868042 1.163917 -0.083544 0.916371
0.848999 -0.161621 -0.884277 1.056639 0.024683 0.983301
0.838623 -0.146606 -0.888306 0.945564 0.153559 1.038126
0.827637 -0.142212 -0.893555 0.857036 0.229508 1.078000
0.801514 -0.155640 -0.901733 0.780612 0.237578 1.114787
0.791626 -0.152466 -0.901245 0.700391 0.212657 1.166053
0.786743 -0.162354 -0.891479 0.628477 0.177293 1.236780
0.795898 -0.183472 -0.879028 0.574126 0.141692 1.323884
0.804565 -0.194946 -0.863525 0.533778 0.130300 1.426178
0.815552 -0.200073 -0.881226 0.505772 0.144778 1.531794
0.843628 -0.161499 -0.919922 0.464950 0.136233 1.628629
0.860962 -0.159668 -0.967041 0.354349 0.129588 1.690812
0.867432 -0.151855 -0.992798 0.160917 0.146676 1.731160
0.856567 -0.154907 -1.005371 -0.063845 0.168512 1.784324
0.864868 -0.183472 -0.989868 -0.288368 0.166138 1.865969
0.893311 -0.196289 -0.960205 -0.500788 0.149762 1.963516
0.941772 -0.224121 -0.936646 -0.678556 0.135284 2.060114
0.973389 -0.237671 -0.947876 -0.821672 0.115822 2.154575
1.005859 -0.246948 -0.975464 -0.970959 0.091613 2.255207
1.070190 -0.240234 -1.017212 -1.152287 0.065743 2.371504
1.180542 -0.205933 -1.060791 -1.377286 0.037262 2.467152
1.289917 -0.190796 -1.094482 -1.649752 0.018750 2.467627
1.367920 -0.171753 -1.108765 -1.959956 0.021598 2.353941
1.429077 -0.187500 -1.104370 -2.281077 0.047231 2.176648
1.438477 -0.222046 -1.083008 -2.602674 0.109889 1.981079
1.446655 -0.256958 -1.033325 -2.917861 0.190822 1.807346
1.475830 -0.284058 -0.947144 -3.188667 0.274128 1.649515
1.505859 -0.302979 -0.832520 -3.373317 0.348416 1.463678
1.520752 -0.320313 -0.721558 -3.450691 0.380931 1.228473
1.514160 -0.324585 -0.647339 -3.444994 0.390187 0.981639
1.499390 -0.323364 -0.595337 -3.416276 0.428399 0.765422
1.471069 -0.307739 -0.552368 -3.414852 0.534728 0.586705
1.464478 -0.288452 -0.489746 -3.445469 0.657907 0.419855
1.451782 -0.274536 -0.423584 -3.470864 0.761150 0.223337
1.426025 -0.268188 -0.368164 -3.476798 0.786783 -0.006408
1.389526 -0.284302 -0.308838 -3.469203 0.776815 -0.237103
1.349854 -0.283569 -0.240601 -3.446893 0.758777 -0.444538
1.319824 -0.283691 -0.156738 -3.381387 0.717480 -0.638445
1.288696 -0.280151 -0.086670 -3.250612 0.644616 -0.820011
1.247437 -0.276489 -0.029175 -3.078541 0.627290 -0.985437
1.184692 -0.252197 0.003296 -2.876327 0.595724 -1.134724
1.147583 -0.215820 0.039795 -2.642547 0.506721 -1.279976
1.116577 -0.187012 0.068726 -2.389542 0.378558 -1.421431
1.114624 -0.164429 0.097900 -2.142708 0.314239 -1.548171
1.069702 -0.151489 0.109985 -1.902757 0.350314 -1.667790
0.998291 -0.131592 0.099365 -1.658771 0.395409 -1.773881
0.932617 -0.121216 0.098511 -1.424516 0.371912 -1.828232
0.892700 -0.098022 0.095459 -1.218505 0.364555 -1.811856
0.893311 -0.061523 0.084106 -1.030769 0.382593 -1.765337
0.890869 -0.021484 0.071167 -0.838049 0.393510 -1.743264
0.882690 0.010986 0.059448 -0.641768 0.382593 -1.774593
0.865845 0.054932 0.042358 -0.437655 0.330378 -1.853153
0.839111 0.071777 0.020874 -0.217404 0.229033 -1.954023
0.808350 0.081055 -0.010864 0.003085 0.083069 -2.062012
0.803345 0.104736 -0.042480 0.206723 -0.106803 -2.156949
0.782715 0.119141 -0.080933 0.374048 -0.264634 -2.244527
0.747559 0.107544 -0.129761 0.501975 -0.403716 -2.341599
0.702393 0.122681 -0.159790 0.604980 -0.588604 -2.421108
0.678101 0.130371 -0.179199 0.695882 -0.800074 -2.468814
0.618774 0.116089 -0.207031 0.777289 -1.017003 -2.503940
0.553101 0.108765 -0.243896 0.857748 -1.274280 -2.509636
0.504639 0.116211 -0.282959 0.934646 -1.542000 -2.447928
0.498535 0.127197 -0.317383 1.000389 -1.784799 -2.338751
0.515503 0.148438 -0.344971 1.048807 -1.954023 -2.247375
0.505859 0.156250 -0.371216 1.077525 -2.013120 -2.208926
0.434692 0.127808 -0.414551 1.092715 -1.966839 -2.184717
