0.515991 0.866333 -0.091064 0.028718 0.135284 0.135284
0.535400 0.888184 -0.124512 0.001187 0.139081 0.192483
0.469727 0.950073 -0.161987 -0.067642 0.140980 0.220014
0.571411 0.871948 -0.128174 -0.170410 0.126265 0.248258
0.560547 0.892456 -0.103149 -0.228321 -0.062895 0.146676
0.586426 0.865234 -0.093018 -0.233543 -0.187973 0.090427
0.578857 0.866455 -0.060181 -0.254429 -0.146676 0.008544
0.533936 0.849854 -0.027466 -0.207673 -0.160442 -0.042959
0.524170 0.852051 -0.049805 -0.098734 -0.231881 -0.052690
0.534424 0.884644 -0.028931 -0.033465 -0.197230 -0.002136
0.566162 0.847534 -0.062012 0.036788 -0.185363 0.063845
0.584106 0.855225 -0.068604 0.066218 -0.129113 0.066455
0.576294 0.867432 -0.079102 0.080221 -0.071439 0.039636
0.558105 0.883911 -0.107300 0.072151 -0.053164 0.012104
0.530884 0.893799 -0.131348 0.023259 -0.057911 0.005221
0.524048 0.898315 -0.132935 -0.051028 -0.055775 0.020886
0.532837 0.893555 -0.106689 -0.130537 -0.035838 0.044857
0.549927 0.887695 -0.063232 -0.180853 0.003560 0.063607
0.569214 0.876343 -0.031128 -0.182989 0.043671 0.062420
0.560059 0.859863 -0.018677 -0.159730 0.068591 0.038449
0.553101 0.851563 -0.002563 -0.125790 0.070490 0.017801
0.563599 0.837891 0.011230 -0.094224 0.106566 0.013054
0.579468 0.812256 0.052002 -0.071439 0.181328 0.006408
0.587036 0.787476 0.102661 -0.038686 0.296913 -0.006408
0.583740 0.748657 0.142700 0.036313 0.369539 -0.029193
0.574585 0.716675 0.174194 0.148812 0.331327 -0.065506
0.449951 0.650391 0.238159 0.276739 0.278637 -0.080696
0.509277 0.614136 0.290649 0.446200 0.272704 -0.041297
0.513184 0.564697 0.332031 0.677844 0.249919 -0.076186
0.452271 0.511475 0.347534 0.948174 0.023259 -0.140505
0.419800 0.447998 0.374512 1.196432 -0.086155 -0.196518
0.364746 0.380981 0.387573 1.438994 -0.171122 -0.226660
0.298950 0.335938 0.418701 1.700068 -0.289080 -0.237340
0.237305 0.310425 0.403198 1.998405 -0.427450 -0.201502
0.181274 0.281738 0.337646 2.349669 -0.595487 -0.133385
0.123535 0.254517 0.242432 2.705679 -0.730296 -0.056250
0.071533 0.222290 0.125366 3.031548 -0.829742 0.052927
0.032349 0.180908 0.003174 3.298555 -0.873412 0.194382
-0.009888 0.132813 -0.093384 3.492225 -0.849916 0.362419
-0.025879 0.108398 -0.199463 3.621813 -0.803160 0.563209
-0.025024 0.080933 -0.304199 3.702983 -0.775628 0.765897
-0.055786 0.029419 -0.402222 3.741907 -0.776577 0.929187
-0.066528 0.013672 -0.509277 3.770388 -0.852764 1.062335
-0.065796 0.006470 -0.637451 3.784866 -0.917083 1.209723
-0.077026 0.013672 -0.779663 3.742856 -0.935595 1.361859
-0.094482 0.050537 -0.938232 3.624661 -0.935833 1.514943
-0.092773 0.081055 -1.074951 3.425058 -0.882431 1.694135
-0.066895 0.081543 -1.178833 3.147132 -0.753555 1.890178
-0.028687 0.082275 -1.253418 2.844286 -0.581009 2.077677
-0.004028 0.083618 -1.306274 2.564699 -0.415108 2.252597
0.042969 0.071899 -1.395508 2.309796 -0.229271 2.427042
0.081543 0.074463 -1.486328 2.079338 -0.179667 2.596028
0.170166 0.114258 -1.591309 1.860273 -0.155695 2.764777
0.284668 0.189087 -1.724854 1.603234 -0.112025 2.890567
0.352295 0.257202 -1.865234 1.213521 -0.029905 2.980282
0.366699 0.281250 -1.926270 0.689236 0.095173 3.101088
0.436890 0.267212 -1.896729 0.150711 0.213132 3.287875
0.575195 0.245728 -1.834961 -0.278875 0.276976 3.471814
0.746216 0.240356 -1.818359 -0.542560 0.257752 3.566750
0.911133 0.259644 -1.903442 -0.693983 0.239002 3.581228
1.049194 0.318481 -2.044922 -0.865817 0.325868 3.567462
1.185303 0.393555 -2.215820 -1.136860 0.485836 3.571734
1.353149 0.452515 -2.338013 -1.565497 0.679031 3.598316
1.569336 0.471313 -2.378662 -2.127993 0.910200 3.622525
1.836060 0.433716 -2.302124 -2.761454 1.054740 3.579329
2.108521 0.343140 -2.139282 -3.398950 1.067557 3.416513
2.407349 0.267944 -1.895996 -3.946969 1.007035 3.141911
2.693848 0.221191 -1.622437 -4.324340 0.912573 2.745790
2.945557 0.166016 -1.332642 -4.525605 0.835200 2.234321
3.119141 0.126099 -1.033691 -4.562155 0.838523 1.626968
3.202759 0.095947 -0.763550 -4.443247 0.884567 0.972620
3.217407 0.094604 -0.556030 -4.218011 0.999440 0.303796
3.134155 0.104004 -0.406860 -3.939849 1.112177 -0.402292
2.940674 0.072388 -0.297241 -3.696100 1.241764 -1.117873
2.687622 -0.005371 -0.171265 -3.553696 1.350704 -1.767473
2.421631 -0.098511 0.003662 -3.480121 1.361147 -2.320713
2.176514 -0.174683 0.199585 -3.398476 1.279501 -2.764065
1.958862 -0.233276 0.367188 -3.227353 1.196670 -3.095155
1.748657 -0.275024 0.477905 -2.934475 1.169376 -3.346973
1.552734 -0.290039 0.511719 -2.552357 1.167714 -3.533522
1.361328 -0.305420 0.520264 -2.156474 1.174360 -3.678062
1.182007 -0.316895 0.504883 -1.788834 1.122620 -3.807175
1.005127 -0.325195 0.479370 -1.449200 1.014867 -3.923710
0.826416 -0.323486 0.452271 -1.148964 0.882668 -4.020782
0.634766 -0.323364 0.406250 -0.877684 0.712496 -4.096493
0.433472 -0.309814 0.367432 -0.638208 0.494142 -4.114294
0.256104 -0.289673 0.335205 -0.453320 0.264160 -4.052585
0.065186 -0.298706 0.336304 -0.326818 0.071677 -3.912317
-0.119385 -0.276978 0.360229 -0.217166 -0.156407 -3.687319
-0.241821 -0.248047 0.394653 -0.106566 -0.335124 -3.385659
-0.309814 -0.245850 0.443237 -0.010918 -0.342245 -3.048636
-0.371338 -0.255371 0.504028 0.084018 -0.208147 -2.716122
-0.431396 -0.267334 0.580933 0.226185 -0.015902 -2.397137
-0.483398 -0.275146 0.635864 0.470883 0.164002 -2.109955
-0.547974 -0.293579 0.675781 0.834488 0.280062 -1.866444
-0.616943 -0.291870 0.644775 1.289232 0.253005 -1.651414
-0.656006 -0.296631 0.557129 1.757505 0.188448 -1.413124
-0.690186 -0.301270 0.460327 2.172138 0.167088 -1.131876
-0.718262 -0.315918 0.348755 2.501092 0.192483 -0.797463
-0.706055 -0.319458 0.251099 2.758132 0.210046 -0.420092
-0.646484 -0.316528 0.158325 2.978621 0.199603 -0.031092
-0.582153 -0.308350 0.081177 3.182971 0.160205 0.293115
-0.531616 -0.288330 -0.020508 3.397289 0.013291 0.518826
-0.500000 -0.274780 -0.134399 3.624424 -0.193670 0.661942
-0.486450 -0.255249 -0.260498 3.825213 -0.432434 0.768745
-0.467285 -0.249634 -0.376221 3.941985 -0.603319 0.904979
-0.453369 -0.245483 -0.474487 3.954089 -0.692084 1.085832
-0.407471 -0.251831 -0.580078 3.920387 -0.723888 1.293505
-0.344727 -0.272949 -0.661255 3.916352 -0.733619 1.497143
-0.284058 -0.305786 -0.733765 3.925134 -0.651499 1.689151
-0.222778 -0.340332 -0.815552 3.975924 -0.529981 1.870716
-0.117188 -0.373413 -0.906372 4.047601 -0.384966 2.092629
0.011597 -0.395386 -0.994263 4.063266 -0.214793 2.330207
0.126343 -0.398682 -1.059204 4.019358 -0.075712 2.511535
0.221313 -0.385986 -1.150269 4.004168 -0.081645 2.592468
0.239990 -0.380737 -1.279297 4.068962 -0.235679 2.561851
0.223389 -0.358765 -1.484497 4.211841 -0.470883 2.488038
0.220581 -0.324951 -1.778198 4.361128 -0.670012 2.463117
0.250610 -0.290283 -2.121216 4.332409 -0.768508 2.552832
0.373535 -0.175781 -2.419800 3.992538 -0.762100 2.728701
0.532837 -0.081055 -2.578857 3.361450 -0.654110 2.887719
0.676880 -0.045532 -2.604492 2.556155 -0.497940 2.959396
0.730713 -0.043213 -2.572266 1.775305 -0.364555 2.932814
0.775391 -0.064819 -2.550659 1.178632 -0.259888 2.873241
0.835571 -0.044434 -2.514893 0.747622 -0.187499 2.853780
0.933716 -0.010864 -2.500366 0.396596 0.004035 2.881311
1.051514 0.024048 -2.489990 0.057674 0.296438 2.929491
1.174072 0.059937 -2.426025 -0.316849 0.640581 2.983367
1.270142 0.064575 -2.353394 -0.723413 1.007747 3.009949
1.358398 0.037842 -2.245605 -1.144692 1.343583 2.962244
1.418579 0.011841 -2.098755 -1.545323 1.573566 2.833131
1.455322 -0.012207 -1.913696 -1.915573 1.777916 2.665094
1.471558 -0.038696 -1.686279 -2.261616 1.974196 2.505364
1.481079 -0.064331 -1.417114 -2.575617 2.099750 2.346821
1.499634 -0.080688 -1.104248 -2.801090 2.121585 2.136063
1.514282 -0.107056 -0.808838 -2.851169 2.042076 1.832504
1.494995 -0.132080 -0.553589 -2.715173 1.931950 1.473408
1.468384 -0.138794 -0.338379 -2.397612 1.941206 1.108142
1.429810 -0.123291 -0.187134 -1.924592 1.976333 0.725312
1.332764 -0.108521 -0.154419 -1.366605 1.412649 0.273891
1.159790 -0.069458 -0.213135 -0.812178 0.105379 -0.199841
1.057007 -0.020142 -0.317505 -0.381643 -0.857036 -0.614711
0.987915 0.019897 -0.390747 -0.133385 -1.368267 -0.905453
0.865601 0.046509 -0.436401 -0.060047 -1.392950 -1.024123
0.818604 0.052124 -0.484619 -0.043671 -0.835200 -0.991370
0.781494 0.080688 -0.546265 -0.014478 -0.507196 -0.907115
0.721191 0.103149 -0.567627 0.016614 -0.488921 -0.874836
0.657227 0.125366 -0.645752 0.058386 -0.398020 -0.888127
0.582153 0.154541 -0.741211 0.099208 -0.307830 -0.899282
0.490723 0.177490 -0.830811 0.065031 -0.195094 -0.863919
