0.611816 0.564209 0.291748 0.063133 -0.097310 -0.580297
0.556885 0.549194 0.286255 0.165426 -0.140505 -0.514079
0.551270 0.556641 0.279419 0.245647 -0.165901 -0.372624
0.580688 0.582764 0.260132 0.293590 -0.065269 -0.194856
0.641479 0.598999 0.232056 0.296201 0.128401 -0.046044
0.513672 0.769897 0.138306 0.305220 0.533066 0.037500
0.553345 0.669678 0.229126 0.327530 0.969535 0.285520
0.497437 0.467651 0.220581 0.088053 1.222777 0.456643
0.524902 0.470825 0.356934 0.035601 1.086069 0.571753
0.541748 0.490112 0.431274 0.199128 0.752131 0.690898
0.579590 0.477173 0.402344 0.445013 0.352450 0.773967
0.598511 0.468384 0.355225 0.622306 0.193907 0.837099
0.591064 0.462158 0.352173 0.691847 0.340109 0.842795
0.580688 0.464722 0.364502 0.720328 0.556326 0.819536
0.554077 0.435791 0.392944 0.761388 0.642005 0.756641
0.511108 0.393311 0.401367 0.840897 0.581246 0.690898
0.440186 0.321045 0.359985 0.954108 0.453320 0.665739
0.289917 0.228394 0.225708 1.084882 0.291929 0.722938
0.201538 0.209351 0.103271 1.157271 0.026819 0.928475
0.280884 0.186890 0.038208 1.117635 -0.283859 1.315340
0.427979 0.144897 0.021362 1.013206 -0.523335 1.695322
0.523804 0.103638 0.011475 0.915184 -0.550867 1.935273
0.541626 0.083130 0.008911 0.840422 -0.412023 2.045398
0.561768 0.043945 -0.015869 0.797701 -0.283147 2.116838
0.550171 0.003174 -0.050903 0.763761 -0.150474 2.182581
0.561523 -0.017090 -0.088745 0.725312 -0.039398 2.254733
0.559448 -0.037598 -0.135620 0.734331 0.140980 2.313593
0.600342 -0.098755 -0.194336 0.811466 0.020886 2.392153
0.576050 -0.223389 -0.285645 0.915184 -0.308305 2.485427
0.749878 -0.139404 -0.381836 1.069218 -0.955769 2.699271
1.004028 -0.063599 -0.667847 1.184091 -1.385593 2.883210
1.235718 -0.044312 -0.869751 1.003712 -1.628866 2.827435
1.287964 -0.072510 -0.997437 0.509095 -1.215657 2.611692
1.235474 -0.122681 -0.939087 -0.154034 -0.679505 2.527437
1.464600 -0.118286 -0.833130 -0.707749 -0.281723 2.572057
1.573608 -0.161865 -0.787842 -1.036465 0.056012 2.460744
1.622437 -0.270020 -0.742554 -1.261701 0.239476 2.317865
1.681274 -0.227417 -0.651489 -1.453472 0.468984 2.170002
1.734619 -0.199585 -0.537964 -1.639072 0.699679 1.990098
1.773438 -0.208008 -0.466797 -1.804024 0.940580 1.813042
1.783569 -0.202759 -0.397705 -1.953310 1.172936 1.615101
1.776489 -0.173340 -0.332642 -2.097376 1.333852 1.398409
1.786987 -0.125244 -0.280029 -2.218657 1.309406 1.180293
1.865356 -0.100098 -0.211548 -2.393814 1.190974 0.981877
1.957520 -0.109375 -0.105713 -2.632104 1.168189 0.765185
2.001465 -0.099854 0.017334 -2.832894 1.278077 0.494380
2.002197 -0.128296 0.116211 -2.983367 1.395324 0.213844
2.011597 -0.143066 0.228760 -3.110107 1.480291 -0.044620
2.024780 -0.137573 0.302856 -3.243018 1.522775 -0.277688
2.036743 -0.128174 0.402100 -3.386371 1.638360 -0.501025
2.006714 -0.163452 0.538330 -3.497447 1.817552 -0.791767
1.953735 -0.173706 0.653687 -3.532810 1.879260 -1.132825
1.884521 -0.177490 0.759155 -3.490326 1.835115 -1.505924
1.749512 -0.222046 0.866577 -3.391118 1.720954 -1.883770
1.633911 -0.236938 0.885742 -3.266752 1.511383 -2.149354
1.590088 -0.252319 0.932373 -3.145946 1.194296 -2.334479
1.520386 -0.274780 1.018066 -3.023241 1.288046 -2.581076
1.392090 -0.322266 1.073608 -2.880362 1.443978 -2.783764
1.224854 -0.319092 1.107056 -2.642784 1.382982 -2.928067
1.127930 -0.259766 1.108276 -2.324273 0.974757 -3.006152
1.045898 -0.271606 1.076172 -2.056554 0.498889 -3.035345
0.989868 -0.269897 1.038574 -1.889703 0.465662 -3.039142
0.867676 -0.260742 1.058228 -1.785748 0.991370 -3.042228
0.718140 -0.249390 1.090454 -1.665417 1.392713 -3.037956
0.571655 -0.207642 1.133301 -1.449437 1.196195 -2.998320
0.531006 -0.147583 1.130615 -1.169613 0.654110 -2.906707
0.519409 -0.135376 1.141357 -0.925627 0.583382 -2.803701
0.486450 -0.127319 1.165161 -0.688762 0.799837 -2.730837
0.417969 -0.107544 1.164673 -0.405615 0.898808 -2.704967
0.343750 -0.113525 1.119873 -0.077848 0.832590 -2.682420
0.283081 -0.091309 1.065918 0.257277 0.746673 -2.623797
0.219116 -0.051025 0.976807 0.541611 0.643430 -2.524826
0.176758 -0.021484 0.882324 0.722464 0.472782 -2.424194
0.156982 -0.000244 0.815063 0.846593 0.169698 -2.328308
0.154541 0.037231 0.762939 0.938681 -0.205537 -2.245951
0.155518 0.061646 0.746948 1.003475 -0.492718 -2.200619
0.151978 0.071045 0.734863 1.067794 -0.602844 -2.196347
0.137207 0.071777 0.721802 1.158221 -0.547781 -2.187565
0.124146 0.091797 0.718262 1.269296 -0.398494 -2.141521
0.087158 0.109009 0.727661 1.399596 -0.237815 -2.094765
0.007080 0.113037 0.720459 1.572142 -0.155221 -2.053705
-0.111084 0.090332 0.665039 1.793106 -0.170648 -1.938358
-0.196899 0.083984 0.545410 2.054655 -0.251343 -1.727600
-0.232788 0.087769 0.425415 2.281790 -0.457117 -1.490497
-0.341797 0.128540 0.360107 2.457896 -0.602370 -1.221353
-0.380371 0.169678 0.257935 2.577516 -0.747859 -0.802922
-0.389404 0.178223 0.183594 2.592231 -0.729347 -0.287182
-0.359619 0.177246 0.141235 2.587484 -0.561310 0.276027
-0.301758 0.191040 0.098511 2.610981 -0.346042 0.832352
-0.116333 0.134521 0.108032 2.676961 -0.212420 1.317001
-0.048706 0.091064 0.091675 2.838827 -0.178005 1.598487
0.009888 0.063110 0.031494 3.069047 -0.205774 1.860273
0.010986 0.088501 -0.067871 3.286688 -0.170173 2.116363
0.083862 0.030029 -0.186279 3.392305 -0.151186 2.390491
0.105835 0.036499 -0.306152 3.377352 -0.071677 2.636613
0.163696 0.044067 -0.426636 3.265565 -0.004747 2.920710
0.246460 0.030029 -0.520264 3.064775 -0.002373 3.209553
0.400146 0.016968 -0.566162 2.815568 -0.163527 3.445469
0.611206 0.039307 -0.617920 2.553782 -0.403953 3.554883
0.723633 0.030518 -0.529419 2.295555 -0.457117 3.464931
0.783203 0.018433 -0.678101 1.991522 0.579348 3.388507
0.782349 -0.014648 -0.489502 1.574041 0.782511 3.388507
0.861450 -0.070557 -0.381104 1.420007 0.089240 3.439298
1.055664 -0.083496 -0.440918 1.466763 -0.649126 3.565326
1.296143 -0.059814 -0.496460 1.462491 -0.933697 3.608759
1.484619 -0.060669 -0.496826 1.345719 -0.903792 3.500532
1.601563 -0.055664 -0.512695 1.166290 -0.820960 3.318492
1.677124 -0.052368 -0.500000 0.980215 -0.752131 3.114142
1.757568 -0.015869 -0.485229 0.843033 -0.673809 2.884871
1.829224 0.009888 -0.498535 0.750233 -0.587180 2.596265
1.866211 0.048950 -0.491455 0.648651 -0.604980 2.241916
1.867310 0.030640 -0.486084 0.514791 -0.679980 1.869292
1.864258 -0.011841 -0.479858 0.375947 -0.546120 1.553155
1.748047 0.012939 -0.349243 0.230932 -0.330852 1.285910
1.716919 0.046753 -0.361572 0.162103 -0.767321 1.093901
1.684814 0.037842 -0.384033 0.109414 -0.616135 0.890501
1.593384 0.016479 -0.333740 -0.020649 -0.057911 0.725075
1.512817 0.024780 -0.290405 -0.162815 0.353162 0.618271
1.455444 0.015259 -0.239014 -0.260362 0.609253 0.534490
1.405640 0.011597 -0.200195 -0.307593 0.710834 0.471832
1.375000 0.019409 -0.184570 -0.334650 0.706562 0.412497
1.367798 0.017334 -0.162964 -0.345330 0.667876 0.346279
1.347412 0.018433 -0.146729 -0.349365 0.693983 0.267957
1.312378 0.022461 -0.126343 -0.364080 0.724363 0.184176
1.277344 0.020386 -0.109741 -0.379032 0.694932 0.115347
1.251709 0.020386 -0.102905 -0.390899 0.660043 0.069066
1.224121 0.023315 -0.093140 -0.394222 0.622544 0.021598
1.196533 0.036255 -0.070557 -0.395172 0.575550 -0.025870
1.161255 0.042725 -0.042480 -0.402292 0.511943 -0.062420
1.138794 0.028320 -0.017334 -0.398020 0.420567 -0.089003
1.114990 0.020630 -0.002808 -0.364792 0.315900 -0.098496
1.112183 0.010010 -0.006226 -0.322071 0.222388 -0.093512
1.102295 0.013794 0.003418 -0.292166 0.199841 -0.086155
1.082764 0.014893 0.006836 -0.282198 0.273891 -0.072626
1.064209 0.025391 0.027100 -0.266296 0.390662 -0.061234
1.039307 0.038452 0.039063 -0.232593 0.471120 -0.048655
1.034058 0.038086 0.031372 -0.194382 0.496279 -0.034414
1.032349 0.044556 0.031372 -0.164952 0.492481 -0.021361
1.036255 0.054443 0.043457 -0.160205 0.466848 -0.023734
1.041016 0.041016 0.058594 -0.167562 0.428637 -0.034177
1.038330 0.036621 0.062744 -0.173021 0.421991 -0.048180
1.026367 0.036499 0.065796 -0.172784 0.440741 -0.074762
1.006836 0.025269 0.071655 -0.159730 0.445013 -0.103480
0.999023 0.021729 0.073608 -0.137895 0.412023 -0.126502
0.983765 0.011230 0.066040 -0.116059 0.350552 -0.147626
0.979370 0.013794 0.072144 -0.102056 0.283622 -0.167325
0.970215 0.003296 0.080322 -0.099446 0.211708 -0.178955
0.966431 -0.007935 0.084106 -0.094936 0.154746 -0.173733
0.960205 -0.008179 0.083374 -0.077610 0.125078 -0.151660
0.971191 -0.005737 0.078003 -0.047943 0.095648 -0.123180
