0.206177 0.082642 -1.215576 -0.084256 -0.825707 -0.477054
0.174072 -0.133911 -1.170288 -0.004035 -1.145404 -0.395409
0.263428 0.030762 -1.160034 0.116297 -1.145642 -0.358146
0.232666 0.112183 -1.187134 0.265821 -1.164391 -0.369776
0.143799 -0.026733 -1.388184 0.439554 -1.153711 -0.279824
0.170166 -0.151001 -1.365967 0.474681 -0.509095 -0.174445
0.331055 0.053711 -1.422729 0.290505 -0.150948 -0.099683
0.541870 0.132324 -1.581909 0.097547 0.219540 -0.164002
0.533447 0.019897 -1.620850 -0.046756 0.632512 -0.389950
0.504883 -0.042847 -1.653198 -0.212182 1.038838 -0.749283
0.463135 -0.011353 -1.705688 -0.386390 1.193347 -1.140895
0.393433 0.001953 -1.734741 -0.496516 1.065183 -1.439469
0.232056 -0.079834 -1.767700 -0.541373 0.756641 -1.601335
0.146973 -0.091064 -1.804321 -0.549205 0.283147 -1.609404
0.157837 -0.025757 -1.828857 -0.564158 -0.166850 -1.427839
0.184204 -0.000366 -1.881226 -0.627290 -0.462814 -1.097936
0.223633 0.017700 -1.931274 -0.780850 -0.525471 -0.726024
0.284180 0.041748 -1.953979 -1.046433 -0.361232 -0.413447
0.354980 0.052979 -1.956055 -1.424279 -0.003323 -0.241850
0.408325 0.074585 -1.911743 -1.852204 0.380694 -0.222151
0.411133 0.067505 -1.841309 -2.261616 0.737654 -0.323257
0.337524 0.043335 -1.760132 -2.613117 0.996355 -0.499601
0.252563 0.045898 -1.667969 -2.884634 1.054265 -0.713682
0.154419 0.031006 -1.591431 -3.070234 0.938681 -0.912336
0.057861 -0.006836 -1.506714 -3.199110 0.703239 -1.046433
-0.051514 -0.027954 -1.437988 -3.308998 0.417956 -1.104582
-0.152710 -0.024414 -1.370972 -3.415327 0.129588 -1.083458
-0.208374 0.001221 -1.264526 -3.509551 -0.152610 -0.976893
-0.229980 0.024658 -1.161377 -3.599028 -0.356248 -0.772780
-0.250977 0.029541 -1.065552 -3.681860 -0.365979 -0.508858
-0.269897 0.044067 -0.992676 -3.740246 -0.254903 -0.264160
-0.255493 0.064453 -0.934814 -3.767777 -0.185125 -0.067167
-0.206665 0.091675 -0.897827 -3.753774 -0.176819 0.095411
-0.172729 0.111328 -0.844116 -3.707730 -0.154746 0.215742
-0.162231 0.133423 -0.792480 -3.641512 -0.121756 0.276739
-0.157593 0.164673 -0.728271 -3.559630 -0.105854 0.290979
-0.155151 0.179077 -0.688965 -3.445232 -0.157119 0.296201
-0.164185 0.185425 -0.635986 -3.308286 -0.277925 0.314239
-0.180298 0.210205 -0.587891 -3.171341 -0.384491 0.346279
-0.205688 0.211182 -0.521973 -3.045788 -0.492481 0.414633
-0.223999 0.218750 -0.478394 -2.926168 -0.545645 0.536152
-0.213135 0.221680 -0.424927 -2.800378 -0.493193 0.704426
-0.244385 0.209595 -0.365723 -2.654888 -0.424364 0.895722
-0.234985 0.230225 -0.331177 -2.477121 -0.398494 1.079661
-0.221191 0.261230 -0.296021 -2.280128 -0.473969 1.261464
-0.219116 0.259399 -0.259766 -2.076015 -0.644854 1.451098
-0.182739 0.274170 -0.220581 -1.886143 -0.798887 1.622933
-0.152954 0.292603 -0.182495 -1.719530 -0.937731 1.787410
-0.129395 0.282715 -0.152466 -1.560512 -1.065421 1.914861
-0.077881 0.286621 -0.109619 -1.393899 -1.261226 1.987250
-0.025757 0.297974 -0.064087 -1.215894 -1.496431 2.016206
0.042969 0.293579 -0.010620 -1.032905 -1.713122 2.018105
0.107178 0.278931 0.031860 -0.843507 -1.924118 1.980130
0.200439 0.285645 0.071777 -0.626578 -2.171189 1.896111
0.277588 0.260864 0.107422 -0.353874 -2.382896 1.774356
0.373535 0.274902 0.116821 -0.007595 -2.541677 1.626493
0.452515 0.269775 0.117798 0.417244 -2.679809 1.455133
0.533691 0.274780 0.072510 0.900232 -2.762878 1.269533
0.594727 0.270874 0.001099 1.414073 -2.730837 1.097224
0.656006 0.235229 -0.103516 1.893738 -2.557579 0.980453
0.688721 0.215332 -0.167114 2.271347 -2.254258 0.943428
0.720581 0.190308 -0.274048 2.537168 -1.751571 0.977130
0.795532 0.199585 -0.378052 2.735821 -1.349280 1.026971
0.870605 0.207520 -0.495361 2.916912 -1.081322 1.019614
0.956543 0.228638 -0.590698 3.083050 -0.873175 0.897146
1.049194 0.219727 -0.685181 3.205755 -0.774441 0.660518
1.148926 0.257813 -0.775879 3.255359 -0.818587 0.332514
1.230957 0.286865 -0.845703 3.211926 -0.865580 -0.060047
1.269897 0.259277 -0.935181 3.077829 -0.835675 -0.501263
1.282471 0.250122 -1.052979 2.930915 -0.703714 -0.988522
1.222290 0.208862 -1.157593 2.849508 -0.499601 -1.490972
1.118774 0.198975 -1.256226 2.842150 -0.347229 -1.960431
1.001587 0.197510 -1.354858 2.870868 -0.254666 -2.339700
0.885742 0.174438 -1.477539 2.896976 -0.187261 -2.602436
0.764648 0.170288 -1.610474 2.887719 -0.121993 -2.770236
0.618042 0.159302 -1.755493 2.838827 -0.070965 -2.856865
0.494263 0.169556 -1.908936 2.728227 -0.058860 -2.848795
0.366699 0.192749 -2.036499 2.540253 -0.035601 -2.730363
0.300415 0.229736 -2.161499 2.255919 0.003085 -2.551408
0.248413 0.277710 -2.246704 1.893263 0.080221 -2.379811
0.199707 0.299683 -2.283569 1.467000 0.283384 -2.262090
0.129395 0.315796 -2.256226 0.991370 0.494854 -2.208689
0.053955 0.325806 -2.198120 0.530693 0.667164 -2.199907
-0.026123 0.320679 -2.105225 0.131724 0.808856 -2.201331
-0.119263 0.292480 -1.987061 -0.201502 0.881719 -2.189464
-0.209717 0.252075 -1.857788 -0.489870 0.910912 -2.161458
-0.321777 0.197998 -1.724365 -0.732907 0.906640 -2.106395
-0.407593 0.170532 -1.573486 -0.919219 0.862020 -2.003389
-0.486084 0.137939 -1.435669 -1.052130 0.808144 -1.832979
-0.526489 0.114014 -1.308105 -1.134487 0.752843 -1.602996
-0.584839 0.125122 -1.203857 -1.160357 0.768508 -1.366605
-0.577881 0.140381 -1.111694 -1.125468 0.708935 -1.150388
-0.600830 0.122925 -1.060791 -1.029819 0.613525 -0.950785
-0.626709 0.129761 -0.996460 -0.875311 0.556563 -0.747147
-0.647217 0.116211 -0.952881 -0.710834 0.471358 -0.527845
-0.666504 0.085449 -0.903320 -0.557038 0.411548 -0.279587
-0.668335 0.069092 -0.862183 -0.415820 0.354349 -0.021123
-0.646240 0.054932 -0.842407 -0.283622 0.300947 0.231407
-0.618530 0.042969 -0.825317 -0.161154 0.231644 0.467560
-0.578613 0.023682 -0.815674 -0.051740 0.132673 0.677132
-0.533813 0.000244 -0.816772 0.041297 0.000000 0.857510
-0.488770 -0.013916 -0.810669 0.129350 -0.149999 1.019851
-0.450928 -0.033203 -0.809692 0.228084 -0.315900 1.170325
-0.398193 -0.051392 -0.814941 0.351501 -0.489396 1.312966
-0.340088 -0.058105 -0.836182 0.519538 -0.626104 1.451810
-0.284424 -0.065186 -0.878052 0.727923 -0.709410 1.590180
-0.230957 -0.046509 -0.938477 0.946276 -0.771831 1.728075
-0.185425 -0.040161 -0.989014 1.124756 -0.768508 1.871665
-0.134521 -0.023682 -1.050903 1.224439 -0.687337 2.016443
-0.066284 0.002441 -1.134399 1.251970 -0.584332 2.155762
0.008057 0.020020 -1.212769 1.231321 -0.505060 2.281077
0.075806 0.030396 -1.276123 1.161069 -0.442402 2.383371
0.150757 0.025879 -1.320190 1.043585 -0.417719 2.452674
0.246948 0.033203 -1.365723 0.907352 -0.435994 2.491361
0.349731 0.034424 -1.404663 0.791767 -0.485361 2.506551
0.469360 0.031616 -1.433594 0.695644 -0.527845 2.486851
0.581177 0.027100 -1.461914 0.601895 -0.551816 2.415175
0.687378 0.028442 -1.482422 0.510282 -0.539474 2.281552
0.781860 0.045532 -1.489502 0.418431 -0.481563 2.091443
0.823853 0.059326 -1.472168 0.319697 -0.345330 1.867631
0.840454 0.079224 -1.446411 0.213132 -0.156645 1.625544
0.830688 0.093994 -1.427002 0.119382 0.010206 1.376811
0.795410 0.089600 -1.396729 0.058860 0.115347 1.128553
0.757080 0.088867 -1.377075 0.033465 0.132673 0.895248
0.721924 0.087402 -1.359741 0.028718 0.106328 0.701103
0.670776 0.074219 -1.343384 0.022073 0.086155 0.557512
0.630615 0.089600 -1.323486 0.000712 0.080696 0.456643
0.591309 0.106079 -1.302979 -0.035838 0.095648 0.391374
0.563721 0.113281 -1.275024 -0.083544 0.149050 0.346042
0.543945 0.123413 -1.255005 -0.133148 0.211945 0.296201
0.512207 0.130859 -1.224243 -0.170885 0.233780 0.234730
0.483521 0.140503 -1.193359 -0.188448 0.226897 0.165426
0.451904 0.135986 -1.166138 -0.191296 0.192246 0.093037
0.423584 0.126221 -1.142090 -0.188211 0.145252 0.019699
0.381348 0.113770 -1.127075 -0.172546 0.099446 -0.049604
0.344482 0.083252 -1.112549 -0.136471 0.036076 -0.107040
0.325684 0.127319 -1.095459 -0.084018 -0.010680 -0.143828
0.311035 0.120361 -1.102417 -0.038686 -0.028956 -0.150474
0.285278 0.102051 -1.102905 -0.018038 -0.054588 -0.141217
0.268433 0.097534 -1.094727 -0.014003 -0.020886 -0.143591
0.265869 0.113525 -1.101440 -0.006408 0.002611 -0.158306
0.255127 0.103638 -1.102539 0.003797 0.012579 -0.168512
0.236816 0.093384 -1.098267 0.009019 -0.001424 -0.168274
0.231201 0.107300 -1.115967 0.012816 -0.001661 -0.168512
0.224854 0.103394 -1.124878 0.011155 -0.020886 -0.163765
0.210938 0.092896 -1.126099 0.002136 -0.034652 -0.152847
0.207764 0.091187 -1.141357 -0.016376 -0.018987 -0.140031
0.207764 0.083740 -1.144897 -0.036313 -0.001899 -0.125078
0.198608 0.078125 -1.140625 -0.052215 0.006408 -0.107752
0.201050 0.074219 -1.144043 -0.065743 0.009494 -0.091851
