7928.000000 3263.000000 1411.000000 -3114.000000 -1439.000000 -1019.000000
6817.000000 3340.000000 1001.000000 -2756.000000 -1699.000000 -818.000000
6852.000000 3518.000000 1223.000000 -2059.000000 -480.000000 -580.000000
6714.000000 3406.000000 1331.000000 -1500.000000 716.000000 40.000000
6687.000000 3501.000000 1535.000000 -1078.000000 2004.000000 578.000000
6716.000000 3611.000000 1752.000000 -634.000000 2861.000000 910.000000
6755.000000 3534.000000 1928.000000 -157.000000 3044.000000 1081.000000
6701.000000 3411.000000 2028.000000 176.000000 2819.000000 1145.000000
6489.000000 3345.000000 2124.000000 339.000000 2393.000000 1147.000000
6180.000000 3237.000000 2137.000000 504.000000 1756.000000 1233.000000
5825.000000 3152.000000 2173.000000 784.000000 1041.000000 1278.000000
5514.000000 3097.000000 2180.000000 1088.000000 385.000000 1229.000000
5218.000000 3013.000000 2129.000000 1373.000000 -72.000000 1116.000000
4787.000000 2741.000000 2193.000000 1614.000000 -284.000000 1049.000000
4420.000000 2585.000000 2169.000000 1896.000000 -415.000000 1192.000000
4241.000000 2329.000000 2133.000000 2201.000000 -365.000000 1614.000000
4046.000000 2079.000000 2019.000000 2590.000000 -262.000000 2153.000000
4002.000000 1850.000000 1804.000000 2943.000000 -218.000000 2819.000000
4318.000000 1644.000000 1450.000000 3245.000000 91.000000 3629.000000
4813.000000 1397.000000 1134.000000 3692.000000 22.000000 4382.000000
5264.000000 1340.000000 610.000000 4138.000000 -252.000000 4933.000000
5616.000000 1219.000000 126.000000 4421.000000 -478.000000 5307.000000
5879.000000 1059.000000 -484.000000 4590.000000 -762.000000 5478.000000
6267.000000 810.000000 -1028.000000 4390.000000 -1241.000000 5601.000000
6828.000000 612.000000 -1423.000000 3986.000000 -1680.000000 5806.000000
7322.000000 545.000000 -1814.000000 3856.000000 -1967.000000 5939.000000
7676.000000 535.000000 -2224.000000 3905.000000 -2209.000000 5933.000000
7717.000000 468.000000 -2583.000000 3888.000000 -2394.000000 5862.000000
7444.000000 213.000000 -2783.000000 3722.000000 -2537.000000 5695.000000
7447.000000 -103.000000 -3124.000000 3541.000000 -2695.000000 5590.000000
7979.000000 -291.000000 -3573.000000 3531.000000 -2893.000000 5752.000000
8635.000000 -406.000000 -4121.000000 3577.000000 -3171.000000 6131.000000
9164.000000 -579.000000 -4515.000000 3464.000000 -3504.000000 6472.000000
9520.000000 -788.000000 -5103.000000 3481.000000 -3598.000000 6538.000000
9828.000000 -936.000000 -5589.000000 3417.000000 -3471.000000 6431.000000
10174.000000 -1088.000000 -6061.000000 3060.000000 -3197.000000 6321.000000
10500.000000 -1275.000000 -6311.000000 2638.000000 -2673.000000 6201.000000
10802.000000 -1381.000000 -6228.000000 2155.000000 -2189.000000 5961.000000
10929.000000 -1463.000000 -6147.000000 1645.000000 -1920.000000 5773.000000
11064.000000 -1570.000000 -6015.000000 1229.000000 -1684.000000 5750.000000
11243.000000 -1591.000000 -5659.000000 921.000000 -1355.000000 5836.000000
11425.000000 -1418.000000 -5505.000000 625.000000 -1077.000000 5937.000000
11781.000000 -1268.000000 -5438.000000 141.000000 -1001.000000 5958.000000
12298.000000 -1153.000000 -5292.000000 -452.000000 -902.000000 5792.000000
12733.000000 -1045.000000 -5117.000000 -1134.000000 -990.000000 5400.000000
13110.000000 -983.000000 -4896.000000 -1950.000000 -1090.000000 4930.000000
13391.000000 -995.000000 -4655.000000 -2647.000000 -937.000000 4506.000000
13775.000000 -902.000000 -4476.000000 -3116.000000 -665.000000 4146.000000
14043.000000 -798.000000 -4296.000000 -3477.000000 -530.000000 3752.000000
14274.000000 -618.000000 -4123.000000 -3852.000000 -525.000000 3235.000000
14477.000000 -535.000000 -3969.000000 -4249.000000 -249.000000 2657.000000
14662.000000 -495.000000 -3726.000000 -4650.000000 405.000000 2145.000000
14760.000000 -352.000000 -3492.000000 -5046.000000 778.000000 1693.000000
14788.000000 -197.000000 -3179.000000 -5408.000000 994.000000 1163.000000
14698.000000 -60.000000 -2763.000000 -5715.000000 1385.000000 417.000000
14570.000000 -57.000000 -2384.000000 -5990.000000 1549.000000 -505.000000
14413.000000 75.000000 -1999.000000 -6182.000000 1429.000000 -1362.000000
14086.000000 217.000000 -1549.000000 -6259.000000 1334.000000 -2107.000000
13699.000000 345.000000 -1327.000000 -6293.000000 1498.000000 -2798.000000
13338.000000 573.000000 -1146.000000 -6334.000000 1622.000000 -3356.000000
12935.000000 725.000000 -932.000000 -6387.000000 1729.000000 -3828.000000
12565.000000 930.000000 -722.000000 -6482.000000 1782.000000 -4290.000000
12257.000000 1085.000000 -487.000000 -6635.000000 1770.000000 -4744.000000
11991.000000 1244.000000 -208.000000 -6763.000000 1746.000000 -5123.000000
11694.000000 1318.000000 112.000000 -6863.000000 1732.000000 -5490.000000
11361.000000 1436.000000 354.000000 -6914.000000 1801.000000 -5850.000000
10833.000000 1432.000000 569.000000 -7016.000000 2093.000000 -6267.000000
10379.000000 1364.000000 802.000000 -7213.000000 2518.000000 -6587.000000
10091.000000 1222.000000 1194.000000 -7331.000000 2928.000000 -6807.000000
9876.000000 1051.000000 1564.000000 -7215.000000 3192.000000 -7026.000000
9586.000000 1138.000000 1858.000000 -6920.000000 3346.000000 -7320.000000
9238.000000 1232.000000 2071.000000 -6767.000000 3417.000000 -7422.000000
8914.000000 1378.000000 2382.000000 -6691.000000 3729.000000 -7476.000000
8444.000000 1412.000000 2802.000000 -6592.000000 4301.000000 -7731.000000
7831.000000 1415.000000 3236.000000 -6441.000000 5086.000000 -8107.000000
7077.000000 1323.000000 3538.000000 -6134.000000 5883.000000 -8418.000000
6301.000000 1284.000000 3803.000000 -5727.000000 6562.000000 -8473.000000
5680.000000 1312.000000 4215.000000 -5170.000000 6767.000000 -8175.000000
5451.000000 1575.000000 4336.000000 -4377.000000 6316.000000 -7695.000000
5365.000000 1669.000000 4388.000000 -3629.000000 5650.000000 -7398.000000
5330.000000 1764.000000 4475.000000 -2870.000000 5047.000000 -7038.000000
5357.000000 1854.000000 4460.000000 -2144.000000 4533.000000 -6690.000000
5175.000000 1955.000000 4461.000000 -1543.000000 4311.000000 -6449.000000
4976.000000 2042.000000 4449.000000 -988.000000 4291.000000 -6235.000000
4802.000000 2101.000000 4436.000000 -473.000000 4250.000000 -6020.000000
4584.000000 2093.000000 4301.000000 26.000000 4177.000000 -5849.000000
4290.000000 2079.000000 4172.000000 461.000000 4189.000000 -5691.000000
3896.000000 2047.000000 4093.000000 802.000000 4429.000000 -5512.000000
3282.000000 2028.000000 3990.000000 1179.000000 4500.000000 -5236.000000
2639.000000 2012.000000 3798.000000 1650.000000 4118.000000 -4972.000000
2085.000000 1918.000000 3598.000000 2175.000000 3307.000000 -4718.000000
1634.000000 1898.000000 3402.000000 2690.000000 2135.000000 -4360.000000
1195.000000 1842.000000 3186.000000 3160.000000 906.000000 -3848.000000
860.000000 1952.000000 2931.000000 3599.000000 42.000000 -3140.000000
666.000000 1988.000000 2694.000000 3965.000000 -621.000000 -2309.000000
515.000000 2008.000000 2344.000000 4312.000000 -1116.000000 -1439.000000
423.000000 2013.000000 1832.000000 4512.000000 -1020.000000 -474.000000
441.000000 1928.000000 1492.000000 4550.000000 -631.000000 521.000000
720.000000 1837.000000 988.000000 4645.000000 -844.000000 1472.000000
1181.000000 1688.000000 554.000000 4777.000000 -1284.000000 2423.000000
1699.000000 1585.000000 203.000000 4854.000000 -1570.000000 3314.000000
2199.000000 1465.000000 -239.000000 4907.000000 -1786.000000 4056.000000
2559.000000 1305.000000 -736.000000 4955.000000 -1833.000000 4672.000000
2869.000000 1145.000000 -1216.000000 4951.000000 -1885.000000 5137.000000
3075.000000 1022.000000 -1668.000000 4890.000000 -2324.000000 5393.000000
3243.000000 914.000000 -1990.000000 4673.000000 -2735.000000 5564.000000
3218.000000 764.000000 -2092.000000 4334.000000 -3143.000000 5775.000000
3232.000000 463.000000 -2279.000000 4033.000000 -3596.000000 6139.000000
3582.000000 245.000000 -2524.000000 3963.000000 -3866.000000 6644.000000
4300.000000 161.000000 -2834.000000 3959.000000 -3880.000000 7237.000000
5067.000000 134.000000 -3016.000000 3795.000000 -3757.000000 7793.000000
5422.000000 100.000000 -3068.000000 3559.000000 -3524.000000 8149.000000
5701.000000 -91.000000 -3046.000000 3313.000000 -3179.000000 8318.000000
6360.000000 -276.000000 -3047.000000 3053.000000 -2907.000000 8574.000000
7214.000000 -506.000000 -3130.000000 2858.000000 -2764.000000 8983.000000
8162.000000 -591.000000 -3144.000000 2692.000000 -2462.000000 9485.000000
9115.000000 -568.000000 -3212.000000 2532.000000 -2105.000000 9816.000000
9916.000000 -509.000000 -3196.000000 2291.000000 -1827.000000 9805.000000
10447.000000 -454.000000 -3041.000000 1910.000000 -1631.000000 9369.000000
10659.000000 -570.000000 -2980.000000 1549.000000 -1577.000000 8637.000000
11029.000000 -572.000000 -2595.000000 1207.000000 -1779.000000 8149.000000
11522.000000 -653.000000 -2289.000000 1034.000000 -1939.000000 7845.000000
12263.000000 -499.000000 -2171.000000 1042.000000 -1666.000000 7734.000000
12829.000000 -241.000000 -2158.000000 1075.000000 -1193.000000 7624.000000
13051.000000 84.000000 -2200.000000 1005.000000 -692.000000 7349.000000
12924.000000 272.000000 -2436.000000 700.000000 -497.000000 6970.000000
12865.000000 381.000000 -2403.000000 385.000000 -90.000000 6333.000000
12793.000000 441.000000 -2328.000000 171.000000 447.000000 5532.000000
12782.000000 364.000000 -2020.000000 -134.000000 878.000000 4857.000000
12764.000000 295.000000 -1822.000000 -321.000000 1003.000000 4371.000000
12529.000000 271.000000 -1746.000000 -341.000000 1188.000000 4041.000000
12256.000000 196.000000 -1675.000000 -420.000000 1450.000000 3822.000000
12313.000000 275.000000 -1732.000000 -507.000000 1540.000000 3702.000000
12527.000000 435.000000 -1810.000000 -648.000000 1512.000000 3557.000000
12551.000000 599.000000 -1797.000000 -883.000000 1416.000000 3154.000000
12497.000000 737.000000 -1845.000000 -1233.000000 1262.000000 2450.000000
12280.000000 733.000000 -1699.000000 -1752.000000 1063.000000 1525.000000
11974.000000 550.000000 -1406.000000 -2223.000000 593.000000 407.000000
11775.000000 418.000000 -1181.000000 -2500.000000 -89.000000 -654.000000
11415.000000 232.000000 -723.000000 -2517.000000 -711.000000 -1422.000000
11076.000000 -20.000000 -339.000000 -2334.000000 -1506.000000 -1926.000000
10794.000000 -233.000000 -267.000000 -1991.000000 -1694.000000 -1842.000000
10458.000000 -191.000000 -311.000000 -1592.000000 -1128.000000 -1113.000000
10286.000000 -36.000000 -384.000000 -1293.000000 -336.000000 -247.000000
10113.000000 42.000000 -516.000000 -1126.000000 549.000000 495.000000
10106.000000 91.000000 -669.000000 -945.000000 1518.000000 856.000000
10095.000000 196.000000 -736.000000 -767.000000 2005.000000 743.000000
9944.000000 127.000000 -735.000000 -768.000000 1769.000000 367.000000
9767.000000 30.000000 -589.000000 -854.000000 1218.000000 -91.000000
9549.000000 -90.000000 -438.000000 -859.000000 470.000000 -446.000000
