0.637573 0.313599 0.254883 -0.064319 0.009256 -0.089240
0.629150 0.302734 0.280273 -0.064794 0.094224 0.028243
0.690674 0.325439 0.327148 -0.024446 0.207910 0.149524
0.613647 0.313354 0.326538 0.079272 0.236628 0.240663
0.572754 0.352783 0.315186 0.183939 0.374760 0.259888
0.542358 0.357910 0.291992 0.263210 0.408937 0.286707
0.506470 0.359741 0.282471 0.335836 0.340583 0.300235
0.470947 0.377808 0.290527 0.384491 0.298099 0.304508
0.425781 0.352783 0.273438 0.398494 0.326343 0.337973
0.372559 0.308228 0.253052 0.407039 0.371200 0.435282
0.330933 0.248413 0.215820 0.441216 0.378558 0.586231
0.334106 0.194458 0.168701 0.507671 0.329428 0.781324
0.375000 0.142212 0.116089 0.603556 0.186787 0.990184
0.432129 0.107910 0.052979 0.707986 -0.000949 1.176258
0.509888 0.078613 -0.041016 0.786546 -0.169224 1.315577
0.586182 0.053223 -0.150513 0.799362 -0.302846 1.418583
0.647217 0.035156 -0.229614 0.745248 -0.383779 1.485750
0.696899 0.010864 -0.300415 0.632987 -0.417719 1.523013
0.756348 -0.024170 -0.359497 0.485361 -0.466136 1.565022
0.817627 -0.067261 -0.411865 0.338210 -0.554427 1.616525
0.896606 -0.104370 -0.446167 0.205537 -0.623493 1.677046
0.990845 -0.128418 -0.466309 0.099920 -0.699442 1.739467
1.092407 -0.144165 -0.503906 0.041772 -0.843745 1.783138
1.176758 -0.156982 -0.558594 0.005934 -0.981402 1.797615
1.249634 -0.155151 -0.614746 -0.051978 -1.044060 1.800463
1.317993 -0.131836 -0.668335 -0.158543 -1.009408 1.792394
1.389893 -0.103516 -0.726807 -0.321359 -0.934646 1.734720
1.432617 -0.088867 -0.790283 -0.544933 -0.869140 1.641208
1.482056 -0.059937 -0.829224 -0.813840 -0.848491 1.573329
1.526367 -0.046021 -0.848022 -1.111702 -0.789868 1.511620
1.555054 -0.050171 -0.831543 -1.427127 -0.737416 1.441842
1.585571 -0.065308 -0.772339 -1.721904 -0.725787 1.396510
1.646729 -0.059204 -0.707153 -1.944054 -0.824283 1.398409
1.738647 -0.041870 -0.634033 -2.090019 -1.001339 1.400308
1.848389 -0.021606 -0.575317 -2.196822 -1.177683 1.390102
1.973511 0.001221 -0.529541 -2.284163 -1.255055 1.378947
2.085815 0.033447 -0.467041 -2.387643 -1.178395 1.314865
2.186157 0.068726 -0.374634 -2.515095 -0.985200 1.173173
2.254272 0.083252 -0.291382 -2.631392 -0.758777 0.948412
2.289673 0.090820 -0.213379 -2.720632 -0.565345 0.666452
2.300659 0.075684 -0.129150 -2.819128 -0.376422 0.368115
2.278320 0.030884 -0.024902 -2.932339 -0.222388 0.069541
2.233765 -0.017212 0.096924 -3.034633 -0.082594 -0.219302
2.166870 -0.054565 0.237915 -3.097765 0.042484 -0.464950
2.095337 -0.077271 0.385498 -3.114617 0.173496 -0.661942
2.022583 -0.090332 0.531738 -3.064300 0.317087 -0.838761
1.944580 -0.088623 0.654663 -2.935187 0.470408 -1.019139
1.857666 -0.081421 0.737671 -2.730363 0.620408 -1.194771
1.752563 -0.069458 0.776367 -2.465491 0.716768 -1.370165
1.656982 -0.049316 0.792358 -2.178309 0.733144 -1.526098
1.595093 -0.035400 0.804321 -1.905605 0.706325 -1.634325
1.520630 -0.021484 0.796875 -1.647142 0.687337 -1.756081
1.426636 -0.009277 0.773071 -1.405529 0.688762 -1.913437
1.310547 -0.002930 0.747192 -1.195720 0.706325 -2.067471
1.193848 -0.006592 0.743286 -1.014155 0.690423 -2.190888
1.088013 -0.004272 0.733521 -0.861545 0.666689 -2.292233
0.975708 -0.018799 0.746460 -0.737179 0.700391 -2.374352
0.820801 -0.060181 0.763184 -0.591927 0.756166 -2.417548
0.700562 -0.017090 0.765747 -0.394460 0.798887 -2.383371
0.584961 -0.004639 0.764160 -0.188686 0.829504 -2.324748
0.501709 0.014038 0.735962 0.036313 0.649600 -2.217233
0.449219 0.049438 0.707520 0.276501 0.508858 -2.056554
0.396729 0.074707 0.659546 0.500788 0.482038 -1.898010
0.357300 0.102539 0.592163 0.676420 0.478241 -1.741366
0.325928 0.124512 0.521729 0.807194 0.506247 -1.577838
0.295532 0.154663 0.460693 0.905453 0.559886 -1.425703
0.268799 0.189697 0.416748 0.974757 0.591689 -1.312966
0.242676 0.219360 0.381104 1.031956 0.561310 -1.217318
0.218994 0.224365 0.341064 1.091053 0.478003 -1.130214
0.200439 0.239624 0.302002 1.145404 0.396121 -1.023411
0.177979 0.244629 0.261475 1.189550 0.369064 -0.889789
0.158325 0.254028 0.220703 1.219454 0.371200 -0.745248
0.146240 0.262451 0.180786 1.231796 0.358858 -0.599047
0.153198 0.266113 0.161499 1.230372 0.331564 -0.449522
0.168213 0.265869 0.131104 1.239628 0.300235 -0.303084
0.184448 0.259888 0.103882 1.249359 0.297625 -0.160917
0.197144 0.249512 0.073120 1.248173 0.336311 -0.012816
0.214722 0.238770 0.037354 1.254581 0.381406 0.119620
0.228394 0.230225 -0.001831 1.263837 0.379032 0.227372
0.212891 0.198364 -0.040039 1.257429 0.349840 0.315188
0.181641 0.160156 -0.081421 1.244375 0.299998 0.400393
0.175659 0.130615 -0.106689 1.222302 0.224049 0.533541
0.188232 0.098755 -0.139893 1.187651 0.145964 0.719853
0.210693 0.081421 -0.179321 1.149914 0.108939 0.931086
0.240479 0.074707 -0.200439 1.107192 0.112974 1.131401
0.257813 0.056152 -0.215332 1.064708 0.120806 1.295641
0.282715 0.045410 -0.241211 1.025310 0.136233 1.436858
0.309326 0.032593 -0.265015 0.980215 0.129588 1.575940
0.330322 0.015869 -0.303589 0.935358 0.072389 1.714784
0.386841 -0.014893 -0.322998 0.867479 -0.008782 1.856950
0.454224 -0.041870 -0.327271 0.809330 -0.129350 2.016918
0.514282 -0.054443 -0.341675 0.801498 -0.255853 2.162882
0.572876 -0.070923 -0.364380 0.796751 -0.410836 2.268973
0.623047 -0.097534 -0.386353 0.738840 -0.559174 2.342311
0.696045 -0.166260 -0.405518 0.651024 -0.695170 2.425618
0.834839 -0.223999 -0.419067 0.578398 -0.830454 2.584398
1.036865 -0.244995 -0.417358 0.531405 -0.923966 2.802277
1.238403 -0.201782 -0.422363 0.504585 -0.924203 2.993336
1.429932 -0.133545 -0.410278 0.459016 -0.874362 3.031548
1.538330 -0.115723 -0.433716 0.392086 -0.763998 2.866833
1.627441 -0.092651 -0.431274 0.313764 -0.682828 2.655363
1.711426 -0.077637 -0.438354 0.249445 -0.687575 2.446978
1.804321 -0.091797 -0.447876 0.200078 -0.760913 2.228625
1.923828 -0.079346 -0.471558 0.167562 -0.951972 2.048009
2.016968 -0.049927 -0.493042 0.123654 -0.991845 1.876412
2.072998 -0.023315 -0.495361 0.034889 -0.785596 1.668265
2.092285 0.000366 -0.489136 -0.091851 -0.387102 1.424042
2.040161 0.000854 -0.454102 -0.195331 -0.255378 1.145167
2.001099 0.019409 -0.474121 -0.248258 -0.623018 0.890975
1.952148 0.010254 -0.448975 -0.342482 -0.298337 0.654110
1.898438 0.006714 -0.389526 -0.450709 0.098734 0.450235
1.818481 -0.006958 -0.336792 -0.526895 0.267245 0.267720
1.725830 -0.017578 -0.289063 -0.581721 0.456643 0.112025
1.613647 -0.031616 -0.239258 -0.624205 0.635360 -0.018987
1.504639 -0.031982 -0.192993 -0.634885 0.753555 -0.137895
1.407227 -0.042969 -0.153931 -0.621832 0.779663 -0.233780
1.328125 -0.055420 -0.122559 -0.604031 0.721277 -0.289792
1.267578 -0.069824 -0.086792 -0.588841 0.633461 -0.304033
1.226929 -0.078735 -0.041138 -0.562971 0.549917 -0.263448
1.194580 -0.073120 -0.003784 -0.501263 0.488684 -0.215268
1.172241 -0.064453 0.015747 -0.405615 0.421279 -0.193907
1.154785 -0.061035 0.007935 -0.297862 0.336786 -0.186549
1.121826 -0.050537 -0.009644 -0.212657 0.305220 -0.196043
1.093262 -0.039185 -0.021973 -0.153084 0.287656 -0.223337
1.062378 -0.028809 -0.028442 -0.108227 0.247546 -0.252055
1.027832 -0.027588 -0.038574 -0.073575 0.156407 -0.268669
1.004761 -0.021851 -0.039673 -0.046756 0.055063 -0.265584
0.991577 -0.018188 -0.035889 -0.016376 -0.000237 -0.243274
0.984375 -0.017090 -0.039307 0.010680 -0.023734 -0.204587
0.981079 -0.017578 -0.043579 0.030617 -0.058623 -0.161629
0.984619 -0.009888 -0.057251 0.045332 -0.097784 -0.120094
0.995728 0.000122 -0.080688 0.038924 -0.110363 -0.083069
0.998657 0.003540 -0.082153 -0.002848 -0.100395 -0.043671
0.992188 -0.005493 -0.074707 -0.037500 -0.110838 -0.039636
0.998901 -0.004761 -0.080200 -0.056012 -0.118670 -0.040823
1.014404 -0.008301 -0.070068 -0.075949 -0.101344 -0.031329
1.025635 -0.016479 -0.065430 -0.088528 -0.122705 -0.033940
1.037964 -0.020020 -0.065674 -0.092088 -0.120569 -0.034177
1.047119 -0.019897 -0.068848 -0.089240 -0.061946 -0.023259
1.054443 -0.017700 -0.086670 -0.083306 -0.012342 -0.015190
1.069458 -0.006714 -0.097412 -0.093512 0.014240 -0.003323
1.077271 -0.006226 -0.099487 -0.118907 0.074288 0.019699
1.078247 -0.003662 -0.093262 -0.126977 0.098734 0.023022
1.075928 0.000610 -0.086304 -0.121518 0.073338 0.002136
1.075073 -0.002075 -0.083008 -0.112262 0.050316 -0.023022
1.075928 -0.000610 -0.083130 -0.106091 0.045095 -0.038924
1.070068 0.003662 -0.087524 -0.109889 0.046519 -0.049604
1.062134 0.000732 -0.081177 -0.113449 0.033228 -0.069778
1.065186 0.005981 -0.083008 -0.104667 -0.009731 -0.090901
1.062866 0.009521 -0.077148 -0.098496 -0.044145 -0.097547
