10159.000000 -2251.000000 -348.000000 524.000000 -1515.000000 1448.000000
10343.000000 -1630.000000 -240.000000 1095.000000 -1019.000000 1843.000000
10763.000000 -1286.000000 -738.000000 1545.000000 -464.000000 2105.000000
11419.000000 -856.000000 -1155.000000 1760.000000 -96.000000 2180.000000
12172.000000 -681.000000 -1758.000000 1597.000000 -51.000000 1957.000000
12845.000000 -581.000000 -1891.000000 1051.000000 -6.000000 1458.000000
13544.000000 -751.000000 -1756.000000 552.000000 -587.000000 828.000000
14173.000000 -961.000000 -1598.000000 307.000000 -1979.000000 97.000000
14792.000000 -1349.000000 -1604.000000 198.000000 -3292.000000 -625.000000
15292.000000 -1714.000000 -1506.000000 215.000000 -3919.000000 -1238.000000
15573.000000 -1870.000000 -1441.000000 328.000000 -4129.000000 -1793.000000
15753.000000 -1917.000000 -1507.000000 485.000000 -3718.000000 -2310.000000
15593.000000 -1989.000000 -1502.000000 611.000000 -3302.000000 -2967.000000
15262.000000 -2078.000000 -1547.000000 756.000000 -3242.000000 -3824.000000
15032.000000 -2184.000000 -1633.000000 974.000000 -3408.000000 -4785.000000
14893.000000 -2378.000000 -1839.000000 1201.000000 -3740.000000 -5702.000000
14798.000000 -2525.000000 -2065.000000 1358.000000 -3925.000000 -6554.000000
14773.000000 -2488.000000 -2515.000000 1397.000000 -3991.000000 -7356.000000
14656.000000 -2483.000000 -2954.000000 1207.000000 -3973.000000 -8239.000000
14098.000000 -2524.000000 -3143.000000 753.000000 -3466.000000 -9234.000000
13553.000000 -2574.000000 -3153.000000 230.000000 -2573.000000 -10165.000000
12703.000000 -2635.000000 -3147.000000 -93.000000 -1961.000000 -11100.000000
11820.000000 -2620.000000 -3257.000000 -246.000000 -1373.000000 -11901.000000
10587.000000 -2551.000000 -3500.000000 -296.000000 -793.000000 -12666.000000
9201.000000 -2373.000000 -4103.000000 -197.000000 -470.000000 -13214.000000
7606.000000 -2071.000000 -4991.000000 -24.000000 -588.000000 -13333.000000
6378.000000 -1472.000000 -6068.000000 -156.000000 -1071.000000 -12988.000000
5230.000000 -895.000000 -6849.000000 -932.000000 -1751.000000 -12301.000000
4262.000000 -456.000000 -7191.000000 -2254.000000 -2456.000000 -11446.000000
3675.000000 -116.000000 -6924.000000 -3845.000000 -3032.000000 -10584.000000
2979.000000 -74.000000 -6286.000000 -5381.000000 -3267.000000 -9939.000000
2222.000000 -118.000000 -5771.000000 -6515.000000 -3237.000000 -9364.000000
1749.000000 -155.000000 -5405.000000 -7251.000000 -3103.000000 -8583.000000
1529.000000 -85.000000 -4969.000000 -7718.000000 -3155.000000 -7578.000000
1479.000000 91.000000 -4551.000000 -8054.000000 -3168.000000 -6540.000000
1199.000000 272.000000 -4271.000000 -8270.000000 -2920.000000 -5665.000000
934.000000 413.000000 -4083.000000 -8374.000000 -2652.000000 -5002.000000
661.000000 583.000000 -3915.000000 -8403.000000 -2591.000000 -4403.000000
402.000000 729.000000 -3926.000000 -8412.000000 -2804.000000 -3783.000000
325.000000 898.000000 -3687.000000 -8546.000000 -2881.000000 -3077.000000
320.000000 933.000000 -3375.000000 -8667.000000 -2869.000000 -2395.000000
435.000000 1092.000000 -2901.000000 -8724.000000 -2712.000000 -1567.000000
257.000000 1158.000000 -2533.000000 -8670.000000 -2233.000000 -796.000000
22.000000 1322.000000 -2385.000000 -8581.000000 -1383.000000 -45.000000
9.000000 1619.000000 -1991.000000 -8553.000000 -507.000000 825.000000
9.000000 1873.000000 -1658.000000 -8526.000000 12.000000 1579.000000
21.000000 2093.000000 -1242.000000 -8504.000000 302.000000 2196.000000
111.000000 2235.000000 -752.000000 -8532.000000 533.000000 2799.000000
295.000000 2337.000000 -176.000000 -8567.000000 751.000000 3414.000000
618.000000 2388.000000 492.000000 -8539.000000 926.000000 4053.000000
1049.000000 2390.000000 1246.000000 -8362.000000 907.000000 4676.000000
1573.000000 2425.000000 1969.000000 -7983.000000 773.000000 5315.000000
2138.000000 2314.000000 2588.000000 -7494.000000 853.000000 6007.000000
2609.000000 2145.000000 3147.000000 -6943.000000 1219.000000 6741.000000
3158.000000 2104.000000 3576.000000 -6357.000000 1665.000000 7446.000000
3804.000000 1921.000000 4005.000000 -5823.000000 2130.000000 8106.000000
4625.000000 1785.000000 4646.000000 -5335.000000 2577.000000 8701.000000
5531.000000 1516.000000 5275.000000 -4839.000000 2952.000000 9222.000000
6393.000000 1394.000000 5960.000000 -4251.000000 3254.000000 9553.000000
7069.000000 1336.000000 6437.000000 -3553.000000 3481.000000 9603.000000
7568.000000 1290.000000 6896.000000 -2801.000000 3486.000000 9362.000000
7999.000000 1142.000000 7314.000000 -1998.000000 3068.000000 8929.000000
8456.000000 906.000000 7686.000000 -1137.000000 2482.000000 8446.000000
8844.000000 568.000000 7815.000000 -101.000000 1805.000000 8011.000000
9155.000000 330.000000 7731.000000 1058.000000 1186.000000 7648.000000
9365.000000 168.000000 7589.000000 2141.000000 733.000000 7362.000000
9498.000000 -18.000000 7280.000000 3187.000000 305.000000 7094.000000
9776.000000 -269.000000 6871.000000 4215.000000 -136.000000 6897.000000
10225.000000 -509.000000 6311.000000 5166.000000 -581.000000 6873.000000
10919.000000 -797.000000 5636.000000 6077.000000 -1114.000000 6890.000000
11831.000000 -1068.000000 4755.000000 6929.000000 -1889.000000 6822.000000
12811.000000 -1277.000000 3857.000000 7650.000000 -2708.000000 6612.000000
13940.000000 -1321.000000 3012.000000 8233.000000 -3196.000000 6138.000000
14859.000000 -1541.000000 2146.000000 8742.000000 -3299.000000 5385.000000
15764.000000 -1570.000000 1170.000000 9259.000000 -3708.000000 4539.000000
16361.000000 -1432.000000 -46.000000 9716.000000 -4223.000000 3450.000000
16571.000000 -1399.000000 -1245.000000 9873.000000 -4155.000000 2095.000000
16583.000000 -1264.000000 -2125.000000 9703.000000 -3739.000000 621.000000
16039.000000 -1284.000000 -2730.000000 9405.000000 -2940.000000 -829.000000
15417.000000 -1308.000000 -3261.000000 9186.000000 -2765.000000 -2056.000000
14594.000000 -1334.000000 -3912.000000 8914.000000 -1726.000000 -3043.000000
13568.000000 -1426.000000 -4283.000000 8450.000000 34.000000 -3789.000000
12357.000000 -1472.000000 -4669.000000 8045.000000 1202.000000 -4230.000000
11208.000000 -1346.000000 -5152.000000 7683.000000 1754.000000 -4326.000000
10252.000000 -1112.000000 -5475.000000 7185.000000 1857.000000 -4219.000000
9582.000000 -940.000000 -5697.000000 6578.000000 1450.000000 -4052.000000
9106.000000 -678.000000 -5790.000000 5926.000000 829.000000 -3907.000000
8624.000000 -544.000000 -5611.000000 5215.000000 448.000000 -3890.000000
8201.000000 -457.000000 -5591.000000 4548.000000 213.000000 -3987.000000
7489.000000 -397.000000 -5581.000000 3986.000000 -326.000000 -4104.000000
6853.000000 -277.000000 -5607.000000 3459.000000 -922.000000 -4115.000000
6284.000000 -86.000000 -5683.000000 2920.000000 -998.000000 -3908.000000
5865.000000 18.000000 -5655.000000 2325.000000 -714.000000 -3527.000000
5629.000000 93.000000 -5750.000000 1722.000000 -557.000000 -2970.000000
5226.000000 168.000000 -5875.000000 1069.000000 -327.000000 -2272.000000
4930.000000 146.000000 -5867.000000 297.000000 -128.000000 -1506.000000
4902.000000 57.000000 -5712.000000 -545.000000 103.000000 -740.000000
5186.000000 -36.000000 -5275.000000 -1332.000000 443.000000 14.000000
5532.000000 -173.000000 -4834.000000 -1827.000000 398.000000 626.000000
5894.000000 -248.000000 -4731.000000 -2056.000000 111.000000 1098.000000
6096.000000 -276.000000 -4707.000000 -2277.000000 21.000000 1456.000000
6241.000000 -357.000000 -4585.000000 -2512.000000 27.000000 1725.000000
6354.000000 -397.000000 -4556.000000 -2707.000000 -117.000000 1945.000000
6527.000000 -450.000000 -4597.000000 -2920.000000 -175.000000 2185.000000
6753.000000 -482.000000 -4693.000000 -3204.000000 -50.000000 2459.000000
6909.000000 -444.000000 -4703.000000 -3582.000000 102.000000 2742.000000
7053.000000 -392.000000 -4727.000000 -4047.000000 137.000000 2949.000000
7088.000000 -439.000000 -4595.000000 -4635.000000 396.000000 3074.000000
6984.000000 -561.000000 -4242.000000 -5271.000000 702.000000 3163.000000
6828.000000 -719.000000 -3931.000000 -5810.000000 827.000000 3312.000000
6806.000000 -795.000000 -3688.000000 -6321.000000 1078.000000 3610.000000
7038.000000 -885.000000 -3188.000000 -6886.000000 1353.000000 4013.000000
7406.000000 -991.000000 -2660.000000 -7343.000000 1343.000000 4407.000000
7736.000000 -1091.000000 -2176.000000 -7608.000000 1360.000000 4701.000000
8057.000000 -1112.000000 -1726.000000 -7758.000000 1473.000000 4941.000000
8308.000000 -1032.000000 -1258.000000 -7808.000000 1555.000000 5126.000000
8553.000000 -982.000000 -993.000000 -7796.000000 1536.000000 5244.000000
8979.000000 -862.000000 -770.000000 -7872.000000 1433.000000 5342.000000
9510.000000 -833.000000 -245.000000 -8139.000000 1379.000000 5353.000000
9860.000000 -977.000000 382.000000 -8469.000000 1550.000000 5232.000000
9953.000000 -1222.000000 1108.000000 -8719.000000 2068.000000 5058.000000
10082.000000 -1396.000000 1912.000000 -8815.000000 2916.000000 5016.000000
10198.000000 -1531.000000 2774.000000 -8675.000000 3852.000000 5059.000000
10196.000000 -1671.000000 3429.000000 -8123.000000 4282.000000 5032.000000
10195.000000 -1648.000000 3641.000000 -7249.000000 4307.000000 4960.000000
10404.000000 -1537.000000 3688.000000 -6350.000000 4035.000000 4745.000000
10600.000000 -1416.000000 3640.000000 -5502.000000 3348.000000 4292.000000
10757.000000 -1269.000000 3494.000000 -4713.000000 2456.000000 3567.000000
10708.000000 -1202.000000 3265.000000 -4040.000000 1671.000000 2701.000000
10650.000000 -1223.000000 3048.000000 -3501.000000 1058.000000 1877.000000
10449.000000 -1284.000000 2765.000000 -3054.000000 433.000000 1339.000000
10352.000000 -1289.000000 2509.000000 -2652.000000 136.000000 1127.000000
10278.000000 -1258.000000 2249.000000 -2386.000000 213.000000 1098.000000
10128.000000 -1248.000000 2043.000000 -2226.000000 414.000000 1083.000000
10059.000000 -1258.000000 2034.000000 -2110.000000 416.000000 1020.000000
10053.000000 -1257.000000 2025.000000 -1923.000000 198.000000 914.000000
10047.000000 -1252.000000 1948.000000 -1642.000000 -128.000000 749.000000
10039.000000 -1236.000000 1818.000000 -1367.000000 -283.000000 575.000000
10014.000000 -1226.000000 1687.000000 -1160.000000 -204.000000 379.000000
9880.000000 -1252.000000 1422.000000 -948.000000 -96.000000 145.000000
9723.000000 -1308.000000 1326.000000 -787.000000 17.000000 -100.000000
9627.000000 -1334.000000 1143.000000 -644.000000 22.000000 -349.000000
9515.000000 -1333.000000 1034.000000 -503.000000 -114.000000 -535.000000
9408.000000 -1333.000000 1016.000000 -395.000000 -155.000000 -694.000000
9283.000000 -1410.000000 1006.000000 -270.000000 -46.000000 -816.000000
9022.000000 -1409.000000 836.000000 -111.000000 38.000000 -904.000000
8748.000000 -1390.000000 620.000000 -34.000000 202.000000 -937.000000
8569.000000 -1329.000000 556.000000 -46.000000 395.000000 -955.000000
8344.000000 -1328.000000 531.000000 -71.000000 431.000000 -1013.000000
8176.000000 -1325.000000 422.000000 -91.000000 350.000000 -985.000000
