0.765991 0.189209 -0.592896 0.122705 -0.190584 -0.087579
0.741089 0.141602 -0.528442 0.122230 -0.086155 -0.015902
0.768066 0.172607 -0.552002 0.128638 -0.132199 0.040585
0.793579 0.160278 -0.571167 0.139793 -0.096597 0.036076
0.816406 0.183594 -0.593750 0.116771 -0.126740 0.042009
0.806763 0.169067 -0.622437 0.065506 -0.055063 0.030617
0.776978 0.171387 -0.618530 -0.023497 0.019462 0.011630
0.746704 0.166260 -0.606934 -0.112025 0.086629 0.004747
0.715820 0.162231 -0.578613 -0.175394 0.098259 0.023734
0.700928 0.157227 -0.554810 -0.201027 0.056724 0.050079
0.693726 0.151855 -0.535889 -0.193670 -0.008307 0.069778
0.676758 0.149170 -0.528198 -0.165901 -0.070490 0.086867
0.672607 0.144775 -0.525269 -0.139319 -0.115585 0.106566
0.660645 0.141357 -0.514771 -0.121044 -0.139556 0.126740
0.648315 0.131592 -0.512695 -0.113923 -0.140980 0.142167
0.630615 0.118530 -0.504150 -0.115822 -0.128876 0.153559
0.603027 0.093872 -0.503540 -0.127452 -0.129588 0.163290
0.565918 0.074097 -0.498291 -0.146202 -0.158069 0.182040
0.525635 0.044067 -0.492676 -0.171597 -0.193195 0.223337
0.489624 0.020630 -0.494019 -0.203875 -0.229745 0.303321
0.481201 0.007446 -0.478638 -0.238052 -0.300710 0.406327
0.500854 -0.022461 -0.467041 -0.262024 -0.375472 0.498415
0.512817 -0.034180 -0.452271 -0.263210 -0.462102 0.560360
0.533936 -0.056641 -0.448975 -0.236866 -0.563209 0.598810
0.574951 -0.085815 -0.446045 -0.188448 -0.611863 0.643667
0.625610 -0.109253 -0.435669 -0.130062 -0.536864 0.709885
0.660278 -0.131714 -0.433594 -0.051028 -0.302846 0.791767
0.689697 -0.163696 -0.419556 0.059572 0.031092 0.899757
0.711426 -0.137329 -0.431030 0.198416 0.292641 1.017952
0.736572 -0.112915 -0.453735 0.345567 0.391374 1.102683
0.764282 -0.107300 -0.489136 0.468035 0.349602 1.143743
0.798584 -0.081909 -0.523315 0.546595 0.294777 1.164866
0.825562 -0.041504 -0.567871 0.588604 0.247309 1.188838
0.868530 -0.013306 -0.626465 0.602607 0.140980 1.203553
0.905884 0.019775 -0.696411 0.580772 0.021598 1.205689
0.956055 0.047852 -0.741455 0.506959 -0.060759 1.202841
1.012329 0.066162 -0.760986 0.400156 -0.068591 1.201416
1.061523 0.072876 -0.762939 0.302134 -0.024921 1.193822
1.111694 0.092041 -0.755981 0.243274 0.030380 1.161306
1.156006 0.089722 -0.751709 0.230220 0.056250 1.101496
1.174805 0.093140 -0.770752 0.252530 0.082594 1.029819
1.190918 0.111816 -0.786499 0.287182 0.103480 0.950785
1.199463 0.135376 -0.813965 0.310204 0.084018 0.867241
1.224487 0.151978 -0.860474 0.301897 0.031092 0.771831
1.245239 0.162842 -0.893188 0.249919 -0.034889 0.657670
1.251465 0.167969 -0.920532 0.162341 -0.099208 0.531642
1.272217 0.157837 -0.940430 0.055063 -0.168749 0.404428
1.285156 0.140869 -0.950317 -0.056012 -0.224761 0.284334
1.304321 0.111572 -0.958374 -0.163527 -0.231644 0.173970
1.312500 0.090088 -0.962036 -0.252530 -0.213606 0.067642
1.311646 0.063354 -0.972290 -0.311628 -0.193907 -0.043196
1.309814 0.046021 -0.988647 -0.349840 -0.177768 -0.157594
1.299927 0.039185 -0.999023 -0.384966 -0.168037 -0.267957
1.289063 0.026367 -1.014526 -0.431722 -0.171597 -0.372387
1.275635 0.010498 -1.036377 -0.503399 -0.196043 -0.481089
1.231934 0.010742 -1.046753 -0.608066 -0.218116 -0.588367
1.198975 0.007935 -1.041138 -0.743112 -0.187024 -0.688999
1.141602 -0.005615 -1.035156 -0.897384 -0.127214 -0.768983
1.080811 -0.008423 -1.004395 -1.045484 -0.076186 -0.832827
1.034668 -0.020508 -0.962402 -1.170325 -0.063607 -0.883381
0.993774 -0.048096 -0.924438 -1.270720 -0.082120 -0.917083
0.974243 -0.060547 -0.880981 -1.345719 -0.103243 -0.936070
0.958862 -0.073242 -0.821045 -1.403156 -0.093037 -0.944140
0.930420 -0.085815 -0.768799 -1.443029 -0.050316 -0.952921
0.905640 -0.089966 -0.707031 -1.462491 -0.008070 -0.968348
0.868164 -0.089966 -0.647095 -1.466763 0.027531 -0.979741
0.828979 -0.094238 -0.584717 -1.457744 0.036550 -0.988522
0.787109 -0.086914 -0.522095 -1.438757 0.044145 -0.994930
0.736572 -0.080933 -0.466431 -1.410751 0.047705 -0.993981
0.685669 -0.079102 -0.405762 -1.368979 0.039873 -0.978079
0.633911 -0.066040 -0.356689 -1.312017 0.015664 -0.947700
0.583130 -0.051270 -0.312500 -1.238679 -0.017326 -0.902842
0.545288 -0.034058 -0.279419 -1.151575 -0.055538 -0.845881
0.502686 -0.025879 -0.249390 -1.058775 -0.089003 -0.777289
0.465698 -0.007568 -0.229004 -0.964788 -0.117483 -0.697780
0.438110 -0.004517 -0.210571 -0.862732 -0.151423 -0.612101
0.415894 0.009888 -0.195923 -0.750233 -0.189398 -0.514554
0.399658 0.023682 -0.187988 -0.634648 -0.232831 -0.415345
0.375854 0.029175 -0.178345 -0.525234 -0.266058 -0.325156
0.359863 0.041626 -0.176147 -0.421279 -0.283859 -0.237578
0.336304 0.053467 -0.171509 -0.322783 -0.291929 -0.142642
0.315918 0.057373 -0.173340 -0.224287 -0.290267 -0.038212
0.309937 0.069702 -0.178833 -0.113211 -0.296913 0.074050
0.309326 0.071655 -0.189087 0.001424 -0.314476 0.196992
0.324707 0.075195 -0.204468 0.107515 -0.294065 0.320884
0.338745 0.082275 -0.218140 0.190584 -0.232356 0.438368
0.353394 0.071655 -0.238281 0.253717 -0.161154 0.550392
0.377075 0.070068 -0.267944 0.303321 -0.115110 0.652686
0.388550 0.049072 -0.291138 0.348178 -0.115585 0.734093
0.403931 0.019165 -0.318726 0.394222 -0.131012 0.809568
0.427246 -0.015625 -0.342773 0.449285 -0.167088 0.903317
0.465942 -0.039673 -0.363892 0.511943 -0.219777 1.007747
0.508667 -0.038452 -0.393311 0.590028 -0.278400 1.100784
0.554810 -0.026245 -0.443726 0.678793 -0.348653 1.169376
0.591431 -0.029053 -0.488647 0.758777 -0.389238 1.219454
0.619751 -0.015747 -0.540894 0.805058 -0.358146 1.262413
0.641724 -0.012207 -0.593872 0.815027 -0.279824 1.306558
0.674194 -0.021240 -0.635620 0.803872 -0.212657 1.351416
0.706421 -0.023682 -0.669312 0.782274 -0.189160 1.383219
0.742554 -0.021362 -0.694092 0.763761 -0.179667 1.397934
0.784912 -0.022217 -0.714722 0.749995 -0.167800 1.407428
0.815796 -0.014404 -0.728516 0.741688 -0.170173 1.411225
0.855225 -0.011475 -0.742310 0.737654 -0.188686 1.397460
0.907593 -0.029175 -0.770264 0.732432 -0.221676 1.376811
0.953613 -0.036133 -0.796387 0.724125 -0.244223 1.351890
1.007080 -0.035889 -0.819946 0.719141 -0.270331 1.307982
1.050781 -0.031006 -0.860596 0.716293 -0.288606 1.244612
1.089600 -0.026245 -0.895508 0.706325 -0.275077 1.169138
1.129517 -0.011108 -0.929688 0.684727 -0.241138 1.088680
1.153931 -0.004761 -0.981812 0.656246 -0.215742 1.003000
1.182007 0.001709 -1.032227 0.623730 -0.231169 0.899282
1.197876 0.010254 -1.104614 0.585518 -0.294777 0.773729
1.221558 0.014038 -1.192139 0.532117 -0.372624 0.650312
1.251221 0.033569 -1.272949 0.442402 -0.425076 0.540424
1.269287 0.028564 -1.336182 0.303084 -0.421042 0.435045
1.292969 0.022705 -1.392944 0.116297 -0.341770 0.325156
1.284546 0.015381 -1.396484 -0.099683 -0.252055 0.205299
1.254883 0.009766 -1.406128 -0.318036 -0.179192 0.083544
1.235718 0.004028 -1.409180 -0.516690 -0.150236 -0.027294
1.212524 -0.015991 -1.409912 -0.697306 -0.145252 -0.118907
1.222046 -0.051636 -1.410034 -0.871988 -0.131249 -0.193195
1.261719 -0.072388 -1.392212 -1.043823 -0.087816 -0.257514
1.271729 -0.077759 -1.362915 -1.217081 0.014003 -0.342719
1.246338 -0.076782 -1.321167 -1.393899 0.173733 -0.476579
1.163940 -0.074951 -1.251709 -1.571430 0.331090 -0.624680
1.067627 -0.081299 -1.169434 -1.739230 0.488209 -0.739078
0.972046 -0.084106 -1.080933 -1.882108 0.625629 -0.810754
0.884399 -0.084717 -0.997559 -1.988437 0.679980 -0.856086
0.815674 -0.091309 -0.912354 -2.066047 0.648888 -0.884805
0.766724 -0.086914 -0.826050 -2.132740 0.570566 -0.896672
0.717041 -0.083252 -0.733765 -2.193736 0.489633 -0.890975
0.687012 -0.083130 -0.644287 -2.245714 0.440978 -0.873412
0.647095 -0.085693 -0.546021 -2.276568 0.407751 -0.849441
0.626221 -0.089478 -0.447632 -2.272296 0.378083 -0.820248
0.605347 -0.092651 -0.357422 -2.220318 0.352450 -0.789631
0.578979 -0.091431 -0.270508 -2.109243 0.331564 -0.757590
0.556030 -0.072144 -0.206421 -1.946428 0.293353 -0.723413
0.526978 -0.062134 -0.149780 -1.751097 0.240900 -0.682591
0.511963 -0.040283 -0.112915 -1.533456 0.161629 -0.633936
0.513672 -0.025146 -0.091187 -1.313916 0.072863 -0.581484
0.501099 -0.006836 -0.073608 -1.112177 -0.001661 -0.531642
0.495239 0.012695 -0.064453 -0.935595 -0.057436 -0.480377
0.483032 0.026001 -0.062866 -0.776103 -0.103955 -0.425314
0.471924 0.050781 -0.071777 -0.620408 -0.162578 -0.360045
0.484985 0.075195 -0.085205 -0.469222 -0.229745 -0.288606
0.491211 0.093628 -0.113892 -0.329666 -0.261786 -0.215742
0.519409 0.121338 -0.151489 -0.213369 -0.241375 -0.134335
0.544678 0.142456 -0.186768 -0.131012 -0.178955 -0.050316
0.573120 0.163696 -0.221069 -0.085443 -0.099208 0.017089
0.594971 0.170410 -0.260498 -0.056487 -0.011155 0.058148
