0.908691 0.422119 -0.238647 -0.243986 -0.939393 -0.284096
0.926147 0.433960 -0.202026 -0.183464 -1.057114 -0.346279
0.842896 0.426880 -0.233032 -0.125078 -0.868903 -0.361232
0.802368 0.447388 -0.236206 -0.086155 -0.648176 -0.361707
0.812378 0.454346 -0.237671 -0.024209 -0.385441 -0.264160
0.827393 0.459229 -0.225586 0.014952 -0.163053 -0.165901
0.838501 0.500122 -0.293823 0.053402 -0.057436 -0.096835
0.843994 0.520264 -0.309204 0.039873 0.092800 -0.047468
0.852661 0.510010 -0.320557 -0.002136 0.248970 -0.009256
0.845947 0.494507 -0.310669 -0.052215 0.366453 0.017801
0.834839 0.471558 -0.321899 -0.089715 0.385441 0.031329
0.815308 0.475098 -0.336914 -0.122942 0.330140 0.023259
0.778442 0.475952 -0.327881 -0.184888 0.332514 0.049129
0.754517 0.448730 -0.313721 -0.249445 0.310441 0.113211
0.737427 0.421875 -0.290039 -0.288131 0.268195 0.141455
0.701660 0.418213 -0.262817 -0.297387 0.185600 0.132199
0.661987 0.399414 -0.253906 -0.281723 0.089715 0.135996
0.625977 0.384888 -0.240845 -0.276501 0.065506 0.155695
0.571289 0.381104 -0.210205 -0.288368 0.113211 0.184176
0.501343 0.367188 -0.175049 -0.301422 0.184651 0.219302
0.432617 0.352539 -0.141235 -0.309729 0.220964 0.257752
0.353149 0.319824 -0.119507 -0.297625 0.212894 0.311390
0.304688 0.279297 -0.101685 -0.258226 0.168274 0.388289
0.266968 0.232544 -0.076660 -0.200553 0.096360 0.465662
0.249268 0.184692 -0.067871 -0.117721 -0.018750 0.550629
0.267578 0.130005 -0.053223 -0.031566 -0.129825 0.674521
0.331299 0.081055 -0.024536 0.054114 -0.151898 0.864631
0.410400 0.057617 -0.034546 0.181565 -0.091139 1.110041
0.477539 0.075928 -0.085327 0.334412 0.035126 1.343583
0.513428 0.108765 -0.146118 0.477766 0.158069 1.514468
0.523560 0.135498 -0.203247 0.562022 0.247546 1.599199
0.484863 0.139771 -0.237183 0.561547 0.273416 1.620797
0.451050 0.091309 -0.241089 0.497703 0.188923 1.663993
0.483398 0.032593 -0.257690 0.434570 0.067879 1.792156
0.611328 -0.003418 -0.214355 0.416295 -0.048180 1.998168
0.773560 -0.009644 -0.186646 0.482275 -0.261786 2.208451
0.919067 0.000854 -0.198608 0.620170 -0.503636 2.328783
1.008301 0.031738 -0.248169 0.742638 -0.633936 2.334954
1.044922 0.036987 -0.318848 0.766372 -0.641768 2.281790
1.071167 0.002197 -0.380493 0.695882 -0.515266 2.240730
1.127563 -0.064331 -0.397095 0.602132 -0.401817 2.250223
1.264771 -0.081299 -0.419189 0.564870 -0.496279 2.310508
1.406860 -0.052124 -0.467773 0.593588 -0.667164 2.332580
1.503906 -0.015503 -0.492554 0.625392 -0.745723 2.242628
1.522827 -0.022827 -0.523682 0.608303 -0.765660 2.059164
1.555786 -0.071045 -0.549438 0.501025 -0.759252 1.885906
1.634766 -0.110962 -0.579224 0.387814 -0.797463 1.787647
1.807007 -0.124268 -0.672729 0.346754 -0.927288 1.742078
2.035645 -0.054688 -0.836792 0.324444 -1.096987 1.672774
2.189941 0.014526 -0.924805 0.210046 -1.224913 1.481715
2.246460 0.026855 -0.911621 -0.057674 -0.977842 1.146116
2.217285 0.003540 -0.825562 -0.363368 -0.583620 0.778476
2.118286 -0.024170 -0.692749 -0.543035 -0.248495 0.471120
1.992798 -0.036377 -0.569092 -0.530218 -0.009968 0.201027
1.860718 -0.046875 -0.502075 -0.423178 0.161391 -0.063133
1.744385 -0.052002 -0.465454 -0.305457 0.212657 -0.268432
1.653931 -0.064087 -0.461182 -0.230457 0.242087 -0.371912
1.598389 -0.079224 -0.457642 -0.197230 0.275789 -0.386865
1.554810 -0.075684 -0.450562 -0.142642 0.267245 -0.364555
1.540039 -0.068359 -0.437012 -0.059098 0.199841 -0.343906
1.544434 -0.054810 -0.443115 0.021361 0.047705 -0.352925
1.565796 -0.037109 -0.469727 0.085680 -0.107278 -0.396833
1.578857 -0.025513 -0.515503 0.112499 -0.182752 -0.476817
1.582031 -0.019165 -0.544067 0.083544 -0.084256 -0.578398
1.578247 -0.020874 -0.585571 0.016614 0.077373 -0.677844
1.564697 -0.035400 -0.619995 -0.086392 0.195094 -0.771356
1.581787 -0.036743 -0.652222 -0.178243 0.118195 -0.848491
1.595703 -0.030273 -0.677734 -0.246597 0.101819 -0.931798
1.598389 -0.017212 -0.699097 -0.319935 0.109651 -1.044297
1.585327 -0.006592 -0.713745 -0.416770 0.080696 -1.199518
1.543091 -0.006348 -0.725098 -0.520250 0.079509 -1.360672
1.481812 -0.009766 -0.721436 -0.623968 0.144066 -1.503076
1.411255 -0.005005 -0.722656 -0.728872 0.193907 -1.636699
1.334717 0.003174 -0.714722 -0.836387 0.229745 -1.768897
1.250000 0.006226 -0.690552 -0.948649 0.256090 -1.895637
1.165649 0.008667 -0.661865 -1.055215 0.266533 -2.009798
1.074829 0.001465 -0.613525 -1.168426 0.274365 -2.098088
0.978149 -0.001465 -0.570313 -1.267635 0.293115 -2.146506
0.884399 -0.007568 -0.529785 -1.344533 0.328242 -2.164069
0.793701 0.000000 -0.488647 -1.414548 0.366928 -2.146980
0.710693 0.012939 -0.438843 -1.478155 0.388763 -2.090493
0.639038 0.038940 -0.381958 -1.518028 0.408463 -2.000779
0.589600 0.053589 -0.328003 -1.545560 0.453795 -1.886381
0.544678 0.068115 -0.278809 -1.556240 0.503161 -1.768185
0.504028 0.088501 -0.223633 -1.534405 0.531168 -1.652126
0.464600 0.100342 -0.181519 -1.488361 0.541611 -1.534168
0.430176 0.113403 -0.139893 -1.429263 0.509807 -1.410513
0.401489 0.126709 -0.099487 -1.359960 0.463526 -1.291843
0.379395 0.138672 -0.066650 -1.283774 0.422703 -1.160357
0.361450 0.151733 -0.041016 -1.201891 0.399681 -1.027921
0.345337 0.158813 -0.026367 -1.111702 0.393748 -0.890501
0.339722 0.176147 -0.025635 -1.020326 0.369539 -0.751894
0.329834 0.203125 -0.025757 -0.928001 0.311628 -0.632037
0.310303 0.225464 -0.026123 -0.849204 0.247546 -0.530218
0.290894 0.235718 -0.028442 -0.791767 0.192483 -0.434570
0.265259 0.239990 -0.022217 -0.757828 0.149050 -0.341058
0.245117 0.231934 -0.024536 -0.748097 0.111313 -0.227847
0.229370 0.239624 -0.010376 -0.756878 0.110838 -0.085917
0.220581 0.248169 0.011353 -0.769932 0.148812 0.070253
0.218506 0.258179 0.039795 -0.754979 0.166850 0.215742
0.210571 0.263672 0.065063 -0.697306 0.135284 0.350077
0.206909 0.261353 0.066162 -0.621119 0.081882 0.491532
0.220581 0.253052 0.060913 -0.547307 0.033465 0.650787
0.254395 0.240234 0.046265 -0.474681 -0.022785 0.814552
0.294922 0.233032 0.026245 -0.415345 -0.084018 0.964788
0.341675 0.223145 0.011475 -0.384966 -0.133385 1.101022
0.386963 0.215088 0.020264 -0.370014 -0.154746 1.227761
0.420288 0.205322 0.036621 -0.338922 -0.182515 1.342634
0.434204 0.190674 0.037109 -0.282198 -0.229508 1.451098
0.436646 0.173706 0.038818 -0.230932 -0.265821 1.551968
0.436890 0.137817 0.052002 -0.197942 -0.319935 1.651651
0.479736 0.086548 0.055908 -0.151186 -0.428874 1.780764
0.574585 0.050537 0.045288 -0.065031 -0.572939 1.951887
0.697144 0.009521 0.021118 0.070253 -0.705613 2.158373
0.849609 0.012207 -0.034790 0.214793 -0.775153 2.385982
1.012451 0.010498 -0.111084 0.314001 -0.788444 2.580838
1.186035 0.057861 -0.191895 0.324919 -0.779900 2.680284
1.336426 0.064575 -0.245483 0.256802 -0.735518 2.624746
1.471924 0.060303 -0.273804 0.174208 -0.792242 2.476408
1.588501 0.055176 -0.302368 0.113686 -0.875074 2.302913
1.665405 0.048828 -0.315552 0.080221 -0.888365 2.105683
1.724365 0.045898 -0.327148 0.069778 -0.920168 1.893263
1.763672 0.048096 -0.343384 0.077373 -0.974994 1.676334
1.789673 0.050903 -0.386475 0.083069 -0.971434 1.467475
1.810791 0.056763 -0.424683 0.073575 -0.928475 1.279501
1.816406 0.065063 -0.463867 0.050791 -0.785359 1.101496
1.791870 0.068970 -0.498657 0.017563 -0.645803 0.897146
1.743530 0.068237 -0.529297 -0.050553 -0.532592 0.683777
1.683350 0.057617 -0.537842 -0.171122 -0.379032 0.491057
1.626953 0.043579 -0.518799 -0.316849 -0.179904 0.344143
1.565063 0.019897 -0.477783 -0.433383 0.002611 0.233780
1.511963 -0.002808 -0.424927 -0.493905 0.145490 0.150474
1.474854 -0.014038 -0.382813 -0.492718 0.226660 0.102768
1.441528 -0.014404 -0.358276 -0.450947 0.265109 0.072863
1.416870 -0.011108 -0.345459 -0.407513 0.308305 0.042721
1.379639 -0.004517 -0.332764 -0.383542 0.353874 0.002373
1.340698 -0.002197 -0.314209 -0.358621 0.378795 -0.045569
1.302734 -0.000610 -0.311157 -0.328004 0.366453 -0.094699
1.258423 -0.000977 -0.306030 -0.306169 0.332751 -0.138369
1.229736 -0.002319 -0.299316 -0.299523 0.281723 -0.162103
1.206543 -0.012451 -0.290894 -0.295489 0.218116 -0.171360
1.198730 -0.010376 -0.290771 -0.285046 0.164239 -0.168037
1.193237 -0.003662 -0.291382 -0.276501 0.099446 -0.168037
1.178833 -0.001465 -0.283203 -0.279350 0.058386 -0.182515
1.163818 0.000366 -0.267334 -0.282435 0.027531 -0.206011
1.143188 -0.007690 -0.251831 -0.278875 -0.002611 -0.228796
1.125732 -0.015381 -0.249023 -0.265821 -0.018750 -0.229745
1.104614 -0.014038 -0.246460 -0.244460 -0.003085 -0.210758
1.086548 -0.016846 -0.248657 -0.231644 0.043908 -0.181565
1.076416 -0.015625 -0.244873 -0.224287 0.047231 -0.162578
