8346.000000 2667.000000 -2018.000000 404.000000 -491.000000 -1144.000000
8109.000000 1812.000000 -1965.000000 409.000000 -212.000000 -904.000000
7880.000000 1768.000000 -2152.000000 605.000000 175.000000 -973.000000
7648.000000 1867.000000 -2066.000000 671.000000 741.000000 -742.000000
7343.000000 1943.000000 -2051.000000 644.000000 1593.000000 -469.000000
7153.000000 2017.000000 -1964.000000 574.000000 2543.000000 -160.000000
6887.000000 1990.000000 -1785.000000 567.000000 3191.000000 92.000000
6840.000000 2071.000000 -1721.000000 676.000000 3087.000000 271.000000
6698.000000 2131.000000 -1855.000000 772.000000 2726.000000 364.000000
6356.000000 2110.000000 -2037.000000 708.000000 2567.000000 421.000000
6047.000000 2067.000000 -2056.000000 471.000000 2615.000000 472.000000
5776.000000 1960.000000 -1794.000000 173.000000 2657.000000 506.000000
5515.000000 1866.000000 -1427.000000 -58.000000 2459.000000 484.000000
5074.000000 1631.000000 -997.000000 -120.000000 2086.000000 398.000000
4371.000000 1489.000000 -757.000000 -52.000000 1812.000000 339.000000
3467.000000 1370.000000 -647.000000 -31.000000 1905.000000 350.000000
2707.000000 1206.000000 -499.000000 -152.000000 2277.000000 414.000000
2010.000000 1000.000000 -68.000000 -338.000000 2604.000000 548.000000
1481.000000 879.000000 343.000000 -377.000000 2608.000000 783.000000
709.000000 634.000000 401.000000 -197.000000 2417.000000 1148.000000
144.000000 423.000000 389.000000 18.000000 2279.000000 1793.000000
-131.000000 98.000000 398.000000 225.000000 2248.000000 2689.000000
-126.000000 -276.000000 524.000000 501.000000 2133.000000 3732.000000
9.000000 -905.000000 461.000000 899.000000 1734.000000 4885.000000
543.000000 -1356.000000 295.000000 1404.000000 1059.000000 6257.000000
1248.000000 -1981.000000 36.000000 1848.000000 518.000000 7780.000000
2540.000000 -2238.000000 -278.000000 2184.000000 73.000000 9440.000000
4141.000000 -2025.000000 -603.000000 2646.000000 -548.000000 10861.000000
5834.000000 -1577.000000 -1222.000000 3152.000000 -1406.000000 11628.000000
7147.000000 -1810.000000 -1864.000000 3502.000000 -2114.000000 11701.000000
8187.000000 -2134.000000 -2430.000000 3599.000000 -2490.000000 11644.000000
9555.000000 -2277.000000 -2844.000000 3453.000000 -3117.000000 11743.000000
11171.000000 -2171.000000 -3377.000000 3265.000000 -4093.000000 11696.000000
12762.000000 -2023.000000 -4024.000000 2896.000000 -5033.000000 11321.000000
14431.000000 -1968.000000 -4162.000000 2281.000000 -5994.000000 10430.000000
15854.000000 -1973.000000 -3707.000000 1792.000000 -7093.000000 9163.000000
16838.000000 -2289.000000 -3476.000000 1524.000000 -7197.000000 8181.000000
17319.000000 -2260.000000 -3430.000000 1539.000000 -5838.000000 7443.000000
17429.000000 -2374.000000 -3806.000000 1597.000000 -3569.000000 6877.000000
17320.000000 -2500.000000 -3927.000000 1572.000000 -1638.000000 6367.000000
17278.000000 -2568.000000 -4510.000000 1603.000000 -243.000000 5864.000000
17331.000000 -2688.000000 -4683.000000 1540.000000 74.000000 5261.000000
17580.000000 -2619.000000 -4797.000000 1462.000000 -52.000000 4513.000000
17660.000000 -2744.000000 -4784.000000 1289.000000 144.000000 3477.000000
17613.000000 -2946.000000 -4665.000000 989.000000 31.000000 2333.000000
17411.000000 -3104.000000 -4581.000000 748.000000 -315.000000 1271.000000
17405.000000 -3147.000000 -4433.000000 602.000000 -1409.000000 242.000000
17279.000000 -3172.000000 -4374.000000 470.000000 -2075.000000 -669.000000
17064.000000 -3201.000000 -4424.000000 304.000000 -1774.000000 -1392.000000
16830.000000 -3110.000000 -4682.000000 150.000000 -1148.000000 -2038.000000
16416.000000 -2875.000000 -4893.000000 -10.000000 -749.000000 -2773.000000
16032.000000 -2615.000000 -5242.000000 -205.000000 -597.000000 -3657.000000
15460.000000 -2532.000000 -5665.000000 -560.000000 -362.000000 -4660.000000
14606.000000 -2538.000000 -5962.000000 -1057.000000 -498.000000 -5692.000000
13626.000000 -2582.000000 -6274.000000 -1638.000000 -768.000000 -6484.000000
12535.000000 -2629.000000 -6347.000000 -2433.000000 -524.000000 -6979.000000
11866.000000 -2605.000000 -5947.000000 -3381.000000 -682.000000 -7265.000000
11296.000000 -2622.000000 -5384.000000 -4238.000000 -1055.000000 -7470.000000
10739.000000 -2602.000000 -4872.000000 -4801.000000 -1250.000000 -7785.000000
10170.000000 -2553.000000 -4595.000000 -5090.000000 -1406.000000 -8156.000000
9482.000000 -2581.000000 -4252.000000 -5332.000000 -1310.000000 -8422.000000
8830.000000 -2422.000000 -3996.000000 -5546.000000 -856.000000 -8540.000000
7892.000000 -2334.000000 -3893.000000 -5709.000000 -8.000000 -8581.000000
7195.000000 -2199.000000 -3831.000000 -5884.000000 938.000000 -8464.000000
6650.000000 -1939.000000 -3345.000000 -6111.000000 1882.000000 -8169.000000
6164.000000 -1664.000000 -2953.000000 -6120.000000 2347.000000 -7935.000000
5608.000000 -1446.000000 -2820.000000 -5919.000000 2425.000000 -7759.000000
5301.000000 -1134.000000 -2436.000000 -5743.000000 2233.000000 -7447.000000
4923.000000 -830.000000 -2198.000000 -5499.000000 1959.000000 -7066.000000
4584.000000 -603.000000 -2204.000000 -5234.000000 1783.000000 -6675.000000
4429.000000 -290.000000 -2104.000000 -5110.000000 1580.000000 -6150.000000
4295.000000 -74.000000 -1805.000000 -5074.000000 1372.000000 -5519.000000
4199.000000 229.000000 -1467.000000 -5002.000000 1346.000000 -4913.000000
4103.000000 435.000000 -1126.000000 -4849.000000 1425.000000 -4382.000000
3991.000000 562.000000 -867.000000 -4629.000000 1563.000000 -3874.000000
3740.000000 758.000000 -639.000000 -4414.000000 1878.000000 -3361.000000
3346.000000 925.000000 -549.000000 -4108.000000 2106.000000 -2872.000000
3092.000000 1193.000000 -446.000000 -3807.000000 2115.000000 -2427.000000
2858.000000 1413.000000 -280.000000 -3577.000000 1850.000000 -1998.000000
2568.000000 1530.000000 -332.000000 -3357.000000 1540.000000 -1615.000000
2458.000000 1635.000000 -183.000000 -3277.000000 1338.000000 -1058.000000
2518.000000 1854.000000 -41.000000 -3245.000000 1258.000000 -388.000000
2532.000000 2035.000000 103.000000 -3171.000000 1191.000000 150.000000
2490.000000 2138.000000 179.000000 -3067.000000 1040.000000 548.000000
2426.000000 2195.000000 261.000000 -2958.000000 780.000000 931.000000
2328.000000 2094.000000 282.000000 -2931.000000 673.000000 1360.000000
2299.000000 1958.000000 426.000000 -2950.000000 821.000000 1943.000000
2431.000000 1777.000000 648.000000 -2836.000000 928.000000 2617.000000
2765.000000 1504.000000 708.000000 -2562.000000 800.000000 3324.000000
3123.000000 1296.000000 671.000000 -2188.000000 554.000000 4034.000000
3687.000000 1063.000000 587.000000 -1793.000000 383.000000 4718.000000
4244.000000 804.000000 483.000000 -1428.000000 343.000000 5355.000000
4732.000000 723.000000 281.000000 -1129.000000 349.000000 5937.000000
5197.000000 687.000000 138.000000 -928.000000 481.000000 6344.000000
5594.000000 592.000000 33.000000 -783.000000 536.000000 6565.000000
5857.000000 325.000000 -83.000000 -686.000000 474.000000 6695.000000
6295.000000 24.000000 -42.000000 -684.000000 378.000000 6929.000000
6837.000000 -157.000000 51.000000 -650.000000 297.000000 7214.000000
7348.000000 -282.000000 -17.000000 -480.000000 131.000000 7333.000000
7854.000000 -446.000000 -142.000000 -371.000000 9.000000 7357.000000
8349.000000 -678.000000 -187.000000 -371.000000 4.000000 7363.000000
8970.000000 -967.000000 -243.000000 -334.000000 -50.000000 7409.000000
9685.000000 -1191.000000 -272.000000 -268.000000 -142.000000 7461.000000
10524.000000 -1431.000000 -152.000000 -123.000000 -276.000000 7435.000000
11437.000000 -1673.000000 -271.000000 190.000000 -471.000000 7311.000000
12405.000000 -1708.000000 -602.000000 514.000000 -728.000000 7155.000000
13215.000000 -1470.000000 -794.000000 748.000000 -875.000000 6802.000000
13613.000000 -1372.000000 -1231.000000 835.000000 -635.000000 6099.000000
13516.000000 -1314.000000 -1325.000000 674.000000 -101.000000 5199.000000
13257.000000 -1437.000000 -1104.000000 470.000000 509.000000 4379.000000
12907.000000 -1589.000000 -1209.000000 329.000000 1528.000000 3865.000000
12688.000000 -1643.000000 -1210.000000 203.000000 2529.000000 3535.000000
12532.000000 -1698.000000 -1190.000000 153.000000 2811.000000 3180.000000
12451.000000 -1480.000000 -1329.000000 248.000000 2513.000000 2721.000000
12306.000000 -1443.000000 -1502.000000 266.000000 2033.000000 2072.000000
12064.000000 -1486.000000 -1522.000000 101.000000 1579.000000 1370.000000
11813.000000 -1537.000000 -1329.000000 -139.000000 1147.000000 805.000000
11562.000000 -1539.000000 -1319.000000 -320.000000 1036.000000 435.000000
11219.000000 -1542.000000 -1208.000000 -466.000000 1216.000000 138.000000
10941.000000 -1566.000000 -1069.000000 -570.000000 1269.000000 -110.000000
10769.000000 -1604.000000 -1052.000000 -591.000000 1175.000000 -288.000000
10559.000000 -1583.000000 -1072.000000 -629.000000 1019.000000 -414.000000
10339.000000 -1553.000000 -1009.000000 -627.000000 823.000000 -479.000000
10193.000000 -1499.000000 -945.000000 -617.000000 675.000000 -523.000000
9940.000000 -1485.000000 -911.000000 -605.000000 564.000000 -580.000000
9781.000000 -1473.000000 -864.000000 -657.000000 656.000000 -627.000000
9587.000000 -1506.000000 -822.000000 -696.000000 732.000000 -674.000000
9385.000000 -1463.000000 -766.000000 -717.000000 770.000000 -680.000000
9207.000000 -1473.000000 -661.000000 -720.000000 672.000000 -639.000000
9040.000000 -1503.000000 -626.000000 -688.000000 495.000000 -558.000000
8925.000000 -1423.000000 -590.000000 -666.000000 304.000000 -413.000000
8890.000000 -1371.000000 -517.000000 -702.000000 208.000000 -294.000000
8878.000000 -1362.000000 -465.000000 -709.000000 108.000000 -270.000000
8854.000000 -1341.000000 -435.000000 -656.000000 -84.000000 -251.000000
8819.000000 -1292.000000 -446.000000 -639.000000 -173.000000 -221.000000
8810.000000 -1306.000000 -422.000000 -645.000000 -111.000000 -250.000000
8758.000000 -1279.000000 -464.000000 -645.000000 -68.000000 -263.000000
8679.000000 -1190.000000 -457.000000 -684.000000 45.000000 -287.000000
8499.000000 -1210.000000 -480.000000 -731.000000 93.000000 -365.000000
8399.000000 -1247.000000 -457.000000 -777.000000 84.000000 -443.000000
8319.000000 -1266.000000 -347.000000 -806.000000 -23.000000 -472.000000
8295.000000 -1318.000000 -247.000000 -818.000000 -65.000000 -479.000000
8328.000000 -1385.000000 -158.000000 -753.000000 -190.000000 -451.000000
8323.000000 -1349.000000 -178.000000 -642.000000 -374.000000 -342.000000
8379.000000 -1298.000000 -177.000000 -537.000000 -445.000000 -236.000000
8435.000000 -1281.000000 -259.000000 -451.000000 -509.000000 -206.000000
8514.000000 -1236.000000 -461.000000 -453.000000 -447.000000 -172.000000
8496.000000 -1218.000000 -373.000000 -551.000000 -299.000000 -143.000000
8428.000000 -1260.000000 -327.000000 -600.000000 -263.000000 -168.000000
8432.000000 -1331.000000 -309.000000 -607.000000 -255.000000 -147.000000
