0.857178 0.464722 -0.403320 0.048892 -0.413684 -0.255615
0.845459 0.487061 -0.466431 0.040111 -0.331327 -0.252293
0.814453 0.495239 -0.486816 -0.052927 -0.123180 -0.230220
0.800049 0.492554 -0.482056 -0.180141 0.116297 -0.185600
0.804321 0.503784 -0.446777 -0.289792 0.266296 -0.112025
0.776367 0.529053 -0.402710 -0.351501 0.283147 -0.039873
0.905396 0.432251 -0.417114 -0.342482 0.109889 0.092563
0.866577 0.406494 -0.345093 -0.337498 0.170410 0.016139
0.872803 0.431519 -0.296631 -0.282435 0.279587 -0.083781
0.837646 0.406494 -0.315186 -0.168037 0.359571 -0.097547
0.830200 0.404053 -0.345947 -0.101582 0.558224 -0.097784
0.800049 0.395264 -0.279419 -0.103718 0.758540 -0.080221
0.770508 0.375122 -0.427002 -0.028481 0.595961 -0.102056
0.653564 0.405640 -0.323730 -0.076186 0.623493 -0.175394
0.619263 0.435669 -0.296021 -0.027531 0.570803 -0.134097
0.642822 0.436646 -0.338501 0.085443 0.218353 -0.013291
0.650757 0.410645 -0.356323 0.120806 -0.017089 0.049841
0.622314 0.395386 -0.377686 0.118433 -0.139081 0.069303
0.571167 0.381592 -0.384888 0.099920 -0.130774 0.075237
0.522339 0.375732 -0.385986 0.081882 -0.067642 0.106803
0.489014 0.368774 -0.389160 0.055063 -0.018750 0.189398
0.452026 0.351196 -0.382813 0.015664 0.002373 0.297862
0.434448 0.330322 -0.370972 0.001424 0.002373 0.410836
0.415161 0.306030 -0.367188 0.023971 -0.007358 0.501500
0.390869 0.291992 -0.374634 0.055538 -0.015427 0.575076
0.362427 0.287231 -0.368652 0.076661 -0.004984 0.656483
0.346680 0.284302 -0.357422 0.087341 0.041297 0.757115
0.321289 0.277954 -0.353882 0.084730 0.114161 0.887890
0.304810 0.264771 -0.343750 0.060522 0.211708 1.050943
0.158569 0.212891 -0.324951 0.018513 0.294065 1.252207
0.268921 0.206177 -0.287964 -0.011630 0.281011 1.516842
0.319214 0.145142 -0.262695 -0.016614 0.084493 1.636699
0.421875 0.060547 -0.242798 0.023497 -0.283384 1.790020
0.486572 -0.030029 -0.244995 0.102768 -0.663841 1.956871
0.605835 -0.077515 -0.284302 0.202926 -0.747385 2.079338
0.716187 -0.098389 -0.253540 0.350077 -0.469222 2.161458
0.800171 -0.079712 -0.292847 0.617322 -0.262261 2.300539
0.926147 -0.049683 -0.387573 0.935833 -0.080696 2.476646
1.006104 -0.014771 -0.515381 1.163679 0.259650 2.606471
1.060303 -0.003906 -0.565552 1.216844 0.453795 2.645869
1.097168 0.027222 -0.599731 1.166528 0.513367 2.651091
1.122437 0.068970 -0.658325 1.043823 0.547544 2.686929
1.145142 0.084961 -0.685913 0.776103 0.590503 2.749350
1.185303 0.067993 -0.645142 0.434807 0.562259 2.766676
1.229370 0.010742 -0.598267 0.137657 0.341770 2.638037
1.276001 -0.069092 -0.485718 -0.060284 0.010206 2.387881
1.358276 -0.131714 -0.448608 -0.086392 -0.334412 2.141996
1.395142 -0.145874 -0.408691 -0.055300 -0.589079 1.923168
1.436279 -0.167236 -0.379761 0.014715 -0.639869 1.766998
1.477417 -0.205566 -0.374756 0.108702 -0.454981 1.667315
1.489380 -0.188232 -0.366577 0.175157 -0.130062 1.656160
1.521729 -0.204834 -0.391479 0.192483 0.129350 1.715021
1.604858 -0.180420 -0.414551 0.172309 0.139793 1.720954
1.652100 -0.169800 -0.433960 0.130774 -0.038449 1.568345
1.701172 -0.167969 -0.491699 0.071202 -0.194144 1.288758
1.698730 -0.192139 -0.499023 0.007358 -0.299761 0.977367
1.745605 -0.196289 -0.519287 -0.066693 -0.274603 0.707511
1.728638 -0.225586 -0.522949 -0.147626 -0.308305 0.402292
1.718018 -0.229248 -0.539551 -0.228559 -0.399681 0.100870
1.706177 -0.221680 -0.548462 -0.292166 -0.525471 -0.187024
1.693970 -0.205322 -0.582764 -0.322783 -0.681404 -0.458067
1.659546 -0.186157 -0.618042 -0.340346 -0.731957 -0.709173
1.604248 -0.199463 -0.690308 -0.372150 -0.590740 -0.926102
1.576172 -0.232910 -0.723511 -0.471120 -0.305220 -1.081322
1.584595 -0.258911 -0.749268 -0.629664 0.012104 -1.151575
1.598022 -0.217041 -0.754395 -0.794378 0.143354 -1.191211
1.599121 -0.170776 -0.751221 -0.939630 0.203163 -1.298014
1.569336 -0.135864 -0.750000 -1.090579 0.277925 -1.491446
1.484375 -0.122559 -0.740112 -1.256954 0.378795 -1.754182
1.393433 -0.136963 -0.729370 -1.433773 0.537338 -2.027361
1.301514 -0.136841 -0.682983 -1.598487 0.666926 -2.274669
1.203857 -0.123535 -0.616455 -1.718106 0.718904 -2.457184
1.108154 -0.111328 -0.539795 -1.785036 0.712496 -2.570158
1.022461 -0.106079 -0.464478 -1.812093 0.675708 -2.645869
0.924561 -0.113892 -0.393921 -1.802362 0.614474 -2.686692
0.832764 -0.096191 -0.337524 -1.757267 0.635123 -2.629968
0.762329 -0.066895 -0.295654 -1.673012 0.601183 -2.491124
0.708984 -0.035278 -0.267578 -1.594215 0.499364 -2.325223
0.651611 0.002686 -0.230225 -1.535117 0.433858 -2.140335
0.600708 0.035645 -0.196411 -1.476494 0.446674 -1.947852
0.551758 0.072754 -0.166748 -1.390814 0.524997 -1.764862
0.506714 0.103638 -0.134399 -1.262176 0.650312 -1.618186
0.474365 0.129761 -0.099121 -1.097224 0.758065 -1.521114
0.444580 0.155151 -0.071289 -0.909488 0.794141 -1.457269
0.426270 0.180420 -0.038330 -0.730059 0.740976 -1.398884
0.420410 0.203735 -0.027588 -0.576737 0.611151 -1.329580
0.435303 0.220459 -0.029053 -0.456643 0.444301 -1.233695
0.459106 0.197754 -0.061768 -0.364080 0.315900 -1.119534
0.434570 0.304932 -0.046997 -0.277925 0.288368 -1.017478
0.463013 0.339600 -0.098389 -0.155458 0.201502 -0.845881
0.477051 0.346069 -0.134399 -0.078085 0.086867 -0.673809
0.495850 0.365601 -0.178345 -0.065506 -0.050791 -0.549205
0.492554 0.391235 -0.187378 -0.121756 -0.124366 -0.466374
0.481934 0.386475 -0.195068 -0.181803 -0.149287 -0.412972
0.499023 0.378540 -0.181763 -0.220014 -0.126977 -0.363605
0.489868 0.371826 -0.172729 -0.209809 -0.076661 -0.322308
0.474121 0.380981 -0.169189 -0.159493 -0.014240 -0.264872
0.459351 0.390015 -0.159790 -0.105379 0.061471 -0.178717
0.423096 0.400635 -0.159668 -0.058623 0.096123 -0.076661
0.399048 0.419189 -0.160278 -0.029430 0.085205 0.022310
0.364746 0.431763 -0.152466 -0.020886 0.042484 0.097310
0.335571 0.430786 -0.166626 -0.011867 -0.018038 0.145015
0.312622 0.427979 -0.190186 -0.019937 -0.066930 0.191771
0.292603 0.420776 -0.194702 -0.058860 -0.094224 0.272229
0.240356 0.375732 -0.184937 -0.103718 -0.092800 0.363368
0.181885 0.328125 -0.180664 -0.135996 -0.087104 0.461864
0.132080 0.299927 -0.159302 -0.169698 -0.095173 0.595012
0.056396 0.244873 -0.132935 -0.210521 -0.097072 0.754979
-0.018433 0.186890 -0.134766 -0.244935 -0.075712 0.938443
-0.081177 0.134766 -0.144653 -0.277688 -0.042484 1.168901
-0.161743 0.042358 -0.183594 -0.301422 -0.050791 1.441368
-0.201538 -0.035034 -0.212524 -0.339397 -0.102531 1.774356
-0.157593 -0.093262 -0.192627 -0.394222 -0.184651 2.178784
-0.108765 -0.149780 -0.199463 -0.388526 -0.288368 2.604335
-0.102905 -0.164307 -0.241089 -0.333938 -0.355773 3.000693
-0.047852 -0.396484 -0.264526 -0.311628 -0.325868 3.387795
0.098389 -0.441040 -0.262085 -0.273416 -0.166850 3.931542
0.323608 -0.517578 -0.328003 -0.077373 -0.143354 4.469118
0.671387 -0.560425 -0.446655 0.213132 -0.234730 4.942374
1.069458 -0.577515 -0.589600 0.508383 -0.448098 5.292451
1.568848 -0.497559 -0.775513 0.692559 -0.847067 5.426785
2.082031 -0.401611 -0.965820 0.692084 -1.261938 5.290552
2.563110 -0.357422 -1.104492 0.506484 -1.572854 4.929558
3.015259 -0.330444 -1.243164 0.168512 -1.442792 4.387235
3.353271 -0.303589 -1.287109 -0.208147 -1.084408 3.557493
3.580322 -0.323364 -1.215332 -0.614949 -0.705375 2.532658
3.659546 -0.339355 -1.082153 -1.014867 -0.227135 1.532506
3.627686 -0.393433 -0.893677 -1.321511 0.522623 0.667401
3.438110 -0.417358 -0.730591 -1.442792 1.350229 -0.136945
3.153442 -0.407349 -0.623413 -1.410751 1.913200 -0.853950
2.835815 -0.393433 -0.553345 -1.344770 2.092392 -1.428551
2.524170 -0.369629 -0.475952 -1.317239 2.056079 -1.908453
2.211792 -0.352417 -0.404297 -1.330292 1.908453 -2.363435
1.905640 -0.334961 -0.331665 -1.350704 1.705527 -2.777831
1.627319 -0.322754 -0.269287 -1.388678 1.524199 -3.077354
1.357788 -0.335571 -0.200439 -1.456795 1.400545 -3.246103
1.113892 -0.337646 -0.140747 -1.484801 1.317951 -3.289299
0.899048 -0.317383 -0.084961 -1.442317 1.137335 -3.224268
0.741699 -0.264038 -0.055420 -1.331716 0.864156 -3.077354
0.673828 -0.184937 -0.009766 -1.230609 0.573414 -2.857340
0.632080 -0.135132 0.031250 -1.152050 0.349602 -2.597927
0.585693 -0.093872 0.061523 -1.065421 0.208385 -2.346821
0.548584 -0.034546 0.057007 -0.959567 0.124841 -2.137487
0.509033 0.015869 0.038208 -0.872700 0.126028 -1.952599
0.467773 0.052856 0.026245 -0.828555 0.192246 -1.803549
0.446167 0.104614 0.045288 -0.810517 0.264160 -1.666366
0.409302 0.133179 0.065308 -0.778951 0.344143 -1.543899
0.388062 0.139893 0.109497 -0.705850 0.385915 -1.436383
0.368286 0.132202 0.135742 -0.587655 0.378558 -1.322460
0.348022 0.140137 0.142456 -0.442165 0.351264 -1.179581
