8205.000000 -672.000000 -101.000000 -464.000000 -1667.000000 -389.000000
8587.000000 -1413.000000 -1247.000000 -67.000000 -2792.000000 767.000000
8693.000000 -629.000000 -758.000000 -116.000000 -1254.000000 1238.000000
9119.000000 -662.000000 -1021.000000 -452.000000 -1224.000000 1671.000000
9213.000000 -586.000000 -1003.000000 -615.000000 -655.000000 1683.000000
9232.000000 -609.000000 -1087.000000 -818.000000 -485.000000 1550.000000
9260.000000 -721.000000 -811.000000 -977.000000 -300.000000 1368.000000
9457.000000 -729.000000 -653.000000 -1026.000000 -342.000000 1229.000000
9653.000000 -817.000000 -468.000000 -934.000000 -505.000000 1058.000000
9681.000000 -847.000000 -290.000000 -683.000000 -770.000000 800.000000
9767.000000 -976.000000 -218.000000 -367.000000 -879.000000 634.000000
9917.000000 -1051.000000 -211.000000 52.000000 -1150.000000 593.000000
10260.000000 -1088.000000 -352.000000 578.000000 -1484.000000 689.000000
10732.000000 -1169.000000 -619.000000 1000.000000 -1742.000000 858.000000
11510.000000 -1141.000000 -840.000000 1244.000000 -1904.000000 927.000000
12410.000000 -1035.000000 -1112.000000 1410.000000 -2202.000000 778.000000
13144.000000 -994.000000 -1372.000000 1466.000000 -2543.000000 398.000000
13755.000000 -1048.000000 -1361.000000 1308.000000 -2667.000000 -50.000000
14172.000000 -873.000000 -1360.000000 1063.000000 -2680.000000 -553.000000
14575.000000 -1392.000000 -1518.000000 780.000000 -2863.000000 -1015.000000
14972.000000 -1552.000000 -1627.000000 803.000000 -3028.000000 -1711.000000
15118.000000 -1559.000000 -1767.000000 877.000000 -2961.000000 -2574.000000
14977.000000 -1602.000000 -1901.000000 834.000000 -2622.000000 -3437.000000
14601.000000 -1596.000000 -2068.000000 681.000000 -2063.000000 -4296.000000
14158.000000 -1801.000000 -2142.000000 431.000000 -1615.000000 -5116.000000
13643.000000 -1974.000000 -2211.000000 283.000000 -1338.000000 -5915.000000
13080.000000 -1970.000000 -2354.000000 292.000000 -1205.000000 -6711.000000
12505.000000 -1887.000000 -2525.000000 257.000000 -912.000000 -7422.000000
11943.000000 -1826.000000 -2730.000000 114.000000 -602.000000 -8053.000000
11309.000000 -1819.000000 -2777.000000 -108.000000 -256.000000 -8630.000000
10656.000000 -1802.000000 -2775.000000 -316.000000 125.000000 -9149.000000
9732.000000 -1830.000000 -2932.000000 -420.000000 605.000000 -9572.000000
8923.000000 -1812.000000 -3234.000000 -465.000000 819.000000 -9831.000000
8124.000000 -1739.000000 -3291.000000 -502.000000 844.000000 -9823.000000
7659.000000 -1365.000000 -4003.000000 -465.000000 463.000000 -9650.000000
7419.000000 -992.000000 -4484.000000 -576.000000 -304.000000 -9403.000000
7156.000000 -631.000000 -4733.000000 -945.000000 -941.000000 -9181.000000
6661.000000 -459.000000 -5029.000000 -1339.000000 -1400.000000 -9004.000000
6020.000000 -299.000000 -5306.000000 -1788.000000 -1732.000000 -8699.000000
5641.000000 -90.000000 -5429.000000 -2297.000000 -1808.000000 -8184.000000
5539.000000 87.000000 -5520.000000 -2875.000000 -1535.000000 -7629.000000
5376.000000 324.000000 -5516.000000 -3463.000000 -1014.000000 -7137.000000
5004.000000 531.000000 -5686.000000 -4012.000000 -573.000000 -6815.000000
4586.000000 833.000000 -5852.000000 -4576.000000 -339.000000 -6529.000000
4113.000000 969.000000 -5730.000000 -5259.000000 -405.000000 -6221.000000
3782.000000 1108.000000 -5436.000000 -5984.000000 -599.000000 -5875.000000
3446.000000 1171.000000 -5050.000000 -6575.000000 -875.000000 -5579.000000
3147.000000 1188.000000 -4673.000000 -7007.000000 -1158.000000 -5138.000000
2686.000000 1286.000000 -4339.000000 -7344.000000 -1286.000000 -4558.000000
2410.000000 1468.000000 -3991.000000 -7627.000000 -1404.000000 -3846.000000
2229.000000 1575.000000 -3580.000000 -7965.000000 -1126.000000 -3016.000000
2238.000000 1625.000000 -3103.000000 -8359.000000 -405.000000 -2201.000000
2195.000000 1650.000000 -2575.000000 -8609.000000 283.000000 -1427.000000
2163.000000 1726.000000 -2039.000000 -8694.000000 721.000000 -744.000000
2072.000000 1735.000000 -1715.000000 -8711.000000 927.000000 -182.000000
2162.000000 1797.000000 -1278.000000 -8648.000000 720.000000 329.000000
2434.000000 1902.000000 -876.000000 -8569.000000 278.000000 868.000000
2839.000000 2095.000000 -354.000000 -8572.000000 71.000000 1500.000000
3115.000000 2270.000000 214.000000 -8512.000000 96.000000 1977.000000
3193.000000 2414.000000 568.000000 -8353.000000 1.000000 2141.000000
2940.000000 2502.000000 930.000000 -8351.000000 -219.000000 2163.000000
2417.000000 2471.000000 1386.000000 -8532.000000 -505.000000 2135.000000
2115.000000 2493.000000 2274.000000 -8838.000000 -983.000000 2205.000000
1760.000000 2084.000000 3329.000000 -9125.000000 -1332.000000 2485.000000
1622.000000 1638.000000 4357.000000 -9049.000000 -1291.000000 3205.000000
2277.000000 1100.000000 5376.000000 -8482.000000 -1275.000000 4249.000000
3371.000000 703.000000 6267.000000 -7344.000000 -1614.000000 5267.000000
4473.000000 370.000000 6730.000000 -5795.000000 -1841.000000 6155.000000
5290.000000 204.000000 6724.000000 -4125.000000 -1621.000000 6915.000000
6140.000000 174.000000 6659.000000 -2641.000000 -1162.000000 7556.000000
6832.000000 241.000000 6500.000000 -1296.000000 -766.000000 7964.000000
7288.000000 378.000000 6276.000000 -151.000000 -564.000000 8085.000000
7757.000000 321.000000 6120.000000 687.000000 -358.000000 8054.000000
8352.000000 272.000000 6118.000000 1391.000000 -207.000000 7951.000000
9073.000000 182.000000 6172.000000 2098.000000 -271.000000 7728.000000
9811.000000 180.000000 6162.000000 2860.000000 -431.000000 7345.000000
10106.000000 147.000000 6031.000000 3689.000000 -481.000000 6820.000000
9816.000000 -63.000000 5577.000000 4489.000000 -270.000000 6237.000000
9845.000000 -298.000000 5173.000000 5161.000000 -6.000000 5802.000000
10205.000000 -351.000000 4805.000000 5824.000000 -138.000000 5577.000000
10595.000000 -465.000000 4374.000000 6565.000000 -640.000000 5315.000000
11040.000000 -508.000000 3780.000000 7339.000000 -1272.000000 4992.000000
11506.000000 -494.000000 3052.000000 8138.000000 -1775.000000 4642.000000
11927.000000 -551.000000 2006.000000 8783.000000 -1813.000000 4197.000000
12451.000000 -500.000000 1008.000000 9183.000000 -1785.000000 3728.000000
12995.000000 -633.000000 20.000000 9346.000000 -1822.000000 3168.000000
13650.000000 -551.000000 -906.000000 9439.000000 -1894.000000 2612.000000
14023.000000 -420.000000 -1777.000000 9390.000000 -1674.000000 1890.000000
13893.000000 -429.000000 -2539.000000 9180.000000 -1036.000000 1002.000000
13413.000000 -482.000000 -3267.000000 8839.000000 -657.000000 165.000000
13072.000000 -479.000000 -3856.000000 8419.000000 -542.000000 -522.000000
12588.000000 -473.000000 -4288.000000 7877.000000 -170.000000 -1061.000000
12063.000000 -579.000000 -4450.000000 7230.000000 377.000000 -1492.000000
11674.000000 -718.000000 -4617.000000 6657.000000 784.000000 -1662.000000
11341.000000 -747.000000 -4959.000000 6257.000000 1100.000000 -1558.000000
11196.000000 -550.000000 -5331.000000 5880.000000 1199.000000 -1438.000000
10984.000000 -412.000000 -5640.000000 5407.000000 1103.000000 -1518.000000
10529.000000 -300.000000 -5879.000000 4829.000000 1013.000000 -1773.000000
10060.000000 -271.000000 -6041.000000 4186.000000 803.000000 -2129.000000
9530.000000 -362.000000 -6095.000000 3470.000000 754.000000 -2424.000000
8935.000000 -434.000000 -6007.000000 2724.000000 928.000000 -2585.000000
8300.000000 -473.000000 -5927.000000 2078.000000 834.000000 -2601.000000
7855.000000 -442.000000 -5752.000000 1457.000000 713.000000 -2480.000000
7466.000000 -472.000000 -5627.000000 890.000000 704.000000 -2257.000000
7132.000000 -453.000000 -5467.000000 393.000000 703.000000 -1974.000000
6766.000000 -415.000000 -5333.000000 -110.000000 845.000000 -1625.000000
6475.000000 -344.000000 -5136.000000 -657.000000 1188.000000 -1253.000000
6433.000000 -268.000000 -4940.000000 -1198.000000 1233.000000 -951.000000
6363.000000 -147.000000 -4820.000000 -1737.000000 1148.000000 -734.000000
6204.000000 -167.000000 -4716.000000 -2320.000000 1176.000000 -602.000000
6030.000000 -270.000000 -4458.000000 -2904.000000 1080.000000 -464.000000
5937.000000 -262.000000 -4296.000000 -3397.000000 696.000000 -247.000000
5944.000000 -204.000000 -4161.000000 -3911.000000 508.000000 27.000000
5846.000000 -193.000000 -3909.000000 -4558.000000 639.000000 222.000000
5519.000000 -315.000000 -3506.000000 -5257.000000 1089.000000 382.000000
5196.000000 -534.000000 -3001.000000 -5824.000000 1298.000000 608.000000
4991.000000 -697.000000 -2587.000000 -6129.000000 1055.000000 1045.000000
5098.000000 -692.000000 -2317.000000 -6275.000000 701.000000 1681.000000
5405.000000 -725.000000 -1954.000000 -6462.000000 659.000000 2406.000000
5866.000000 -784.000000 -1574.000000 -6591.000000 798.000000 3099.000000
6404.000000 -742.000000 -1435.000000 -6571.000000 784.000000 3671.000000
6790.000000 -556.000000 -1477.000000 -6552.000000 777.000000 4053.000000
6921.000000 -568.000000 -1383.000000 -6737.000000 929.000000 4256.000000
7056.000000 -703.000000 -1047.000000 -7073.000000 1161.000000 4360.000000
7391.000000 -890.000000 -623.000000 -7427.000000 1360.000000 4558.000000
7762.000000 -908.000000 -75.000000 -7674.000000 1501.000000 4803.000000
7973.000000 -841.000000 505.000000 -7810.000000 1492.000000 4946.000000
8196.000000 -811.000000 1038.000000 -7856.000000 1423.000000 4992.000000
8506.000000 -884.000000 1605.000000 -7748.000000 1332.000000 5077.000000
8952.000000 -1017.000000 2083.000000 -7421.000000 1119.000000 5207.000000
9445.000000 -1260.000000 2478.000000 -6951.000000 910.000000 5374.000000
9998.000000 -1422.000000 2772.000000 -6450.000000 1005.000000 5570.000000
10470.000000 -1626.000000 2988.000000 -5941.000000 1447.000000 5686.000000
10854.000000 -1755.000000 3163.000000 -5382.000000 1777.000000 5677.000000
11277.000000 -1813.000000 3192.000000 -4785.000000 1817.000000 5533.000000
11709.000000 -1842.000000 3146.000000 -4185.000000 1455.000000 5151.000000
12052.000000 -1882.000000 3053.000000 -3696.000000 1160.000000 4582.000000
12308.000000 -1977.000000 2957.000000 -3304.000000 1283.000000 3917.000000
12437.000000 -2071.000000 2819.000000 -2918.000000 1429.000000 3271.000000
12413.000000 -2045.000000 2706.000000 -2542.000000 1532.000000 2635.000000
12316.000000 -1948.000000 2526.000000 -2298.000000 1751.000000 2047.000000
12023.000000 -1856.000000 2442.000000 -2119.000000 1871.000000 1434.000000
11615.000000 -1748.000000 2373.000000 -1922.000000 1728.000000 846.000000
11219.000000 -1657.000000 2379.000000 -1764.000000 1614.000000 368.000000
10783.000000 -1628.000000 2413.000000 -1557.000000 1590.000000 -49.000000
10502.000000 -1541.000000 2326.000000 -1275.000000 1483.000000 -351.000000
10164.000000 -1556.000000 2262.000000 -998.000000 1292.000000 -565.000000
9840.000000 -1560.000000 2141.000000 -783.000000 1281.000000 -718.000000
9545.000000 -1538.000000 2053.000000 -631.000000 1262.000000 -846.000000
9233.000000 -1485.000000 1958.000000 -465.000000 1156.000000 -975.000000
