0.683105 0.694580 -0.146118 -0.795565 -2.023563 -1.424991
0.710938 0.662231 -0.173218 -0.753081 -2.139148 -1.459880
0.647461 0.617188 -0.145752 -0.724363 -2.313830 -1.461304
0.480835 0.549072 -0.116211 -0.735755 -2.342311 -1.429263
0.532837 0.579590 -0.109863 -0.728635 -1.978469 -1.325783
0.598877 0.645752 -0.097534 -0.680217 -1.689863 -1.156085
0.670898 0.643799 -0.156616 -0.534965 -1.481003 -0.936782
0.759277 0.561890 -0.199341 -0.331090 -1.205214 -0.704901
0.765259 0.478516 -0.176636 -0.127452 -0.831403 -0.518114
0.735840 0.420166 -0.180176 0.049841 -0.306644 -0.412260
0.722290 0.400635 -0.162842 0.159730 0.293827 -0.417956
0.709595 0.395386 -0.123657 0.201265 0.858697 -0.507908
0.724365 0.379761 -0.103394 0.199128 1.306558 -0.631088
0.718750 0.370850 -0.082153 0.185363 1.594215 -0.759252
0.673340 0.329468 -0.048340 0.193670 1.753945 -0.880770
0.610718 0.290894 -0.042480 0.237340 1.835590 -0.985674
0.551514 0.257080 -0.040527 0.319460 1.755369 -1.062098
0.502197 0.242310 -0.040894 0.448573 1.527997 -1.101496
0.483276 0.241821 -0.057495 0.623018 1.272381 -1.105056
0.459106 0.227417 -0.081177 0.833539 1.015104 -1.076813
0.379761 0.206909 -0.105347 1.072778 0.799125 -1.010358
0.288818 0.228760 -0.079224 1.335276 0.540186 -0.889314
0.287354 0.248535 -0.120117 1.619135 0.183464 -0.710834
0.345703 0.227905 -0.182617 1.928390 0.032753 -0.494617
0.376587 0.182617 -0.196655 2.225302 0.084493 -0.292641
0.356323 0.133301 -0.211426 2.488513 0.097310 -0.130300
0.352905 0.093140 -0.238403 2.728227 0.029905 -0.015664
0.376709 0.061768 -0.294556 2.966279 0.006171 0.064794
0.398682 0.009033 -0.380737 3.221420 0.087816 0.144303
0.445068 -0.044312 -0.515259 3.507177 0.236866 0.229983
0.467529 -0.039551 -0.664307 3.841352 0.389475 0.301897
0.432129 0.026245 -0.780884 4.202822 0.654822 0.322545
0.393921 0.101440 -0.858887 4.531301 0.804821 0.298099
0.382080 0.147461 -0.906860 4.746094 0.740502 0.304270
0.359741 0.078735 -0.948730 4.754163 0.544933 0.386390
0.319824 -0.008667 -0.948120 4.559070 0.358146 0.541136
0.276733 -0.075195 -0.941284 4.264056 0.241375 0.751657
0.252930 -0.176270 -0.947510 4.021019 0.184413 1.016054
0.251221 -0.309570 -0.976807 3.928694 0.169698 1.352840
0.258057 -0.463501 -0.994141 4.009627 0.346754 1.755606
0.241333 -0.549316 -1.031494 4.230590 0.694695 2.221980
0.284302 -0.491943 -1.205566 4.548389 0.949598 2.765964
0.288330 -0.389282 -1.383423 4.897279 0.983775 3.353618
0.246948 -0.353760 -1.480591 5.123940 1.003000 3.838742
0.258423 -0.374512 -1.561890 5.083829 0.965263 4.109547
0.284180 -0.432983 -1.635498 4.759622 0.705375 4.179563
0.326294 -0.464722 -1.684448 4.256461 0.284334 4.136366
0.341553 -0.475220 -1.724243 3.752825 -0.168749 4.064215
0.413940 -0.464355 -1.759888 3.387558 -0.735043 4.008677
0.518311 -0.501221 -1.808960 3.177512 -1.377760 3.993250
0.625488 -0.536377 -1.882935 3.027750 -1.896349 4.012712
0.735962 -0.417480 -1.978027 2.851881 -2.163357 4.037870
0.846558 -0.350342 -2.089355 2.575142 -2.267312 4.040006
0.949585 -0.289673 -2.200928 2.135588 -2.292707 3.985418
1.031860 -0.202515 -2.279541 1.532744 -2.329257 3.857492
1.088989 -0.207031 -2.320190 0.786546 -2.310033 3.650768
1.145874 -0.223877 -2.335938 -0.082357 -2.073167 3.402985
1.209595 -0.258057 -2.336060 -1.005611 -1.538677 3.179885
1.246826 -0.232666 -2.267212 -1.853153 -0.777527 2.996658
1.280029 -0.198364 -2.188110 -2.537168 0.019225 2.817466
1.323242 -0.161499 -2.136963 -3.057892 0.556326 2.583449
1.345459 -0.052246 -2.089966 -3.467779 0.813603 2.262328
1.353882 0.036133 -2.017578 -3.843014 0.895010 1.850542
1.353027 0.098389 -1.933960 -4.259783 0.793666 1.383694
1.310425 0.106934 -1.806030 -4.747993 0.554427 0.916134
1.251465 0.072876 -1.667358 -5.281296 0.304508 0.497465
1.197510 0.042358 -1.518433 -5.781847 0.078797 0.149050
1.149414 -0.057739 -1.382935 -6.159930 -0.060759 -0.130774
1.096924 -0.199951 -1.230591 -6.359295 -0.074762 -0.340346
1.071167 -0.256470 -1.077881 -6.366890 -0.054351 -0.457355
1.067261 -0.204346 -0.949707 -6.195768 0.024446 -0.491294
1.063232 -0.145264 -0.834106 -5.889362 0.206486 -0.512655
1.075684 -0.127808 -0.715088 -5.542370 0.389001 -0.593351
1.081543 -0.099609 -0.610840 -5.242372 0.456880 -0.764236
1.066895 -0.072754 -0.529907 -5.021646 0.428399 -1.012256
1.058838 -0.072510 -0.459351 -4.851710 0.392798 -1.301811
1.031250 -0.078003 -0.418579 -4.684623 0.303084 -1.584484
1.002197 -0.088745 -0.379639 -4.476712 0.154983 -1.827757
0.958130 -0.117554 -0.355713 -4.208755 0.068829 -2.015019
0.906128 -0.130737 -0.330566 -3.878378 0.096597 -2.154338
0.852661 -0.132080 -0.302979 -3.492937 0.240900 -2.270397
0.789917 -0.139648 -0.279419 -3.073082 0.453557 -2.378387
0.726929 -0.148193 -0.260986 -2.641597 0.696831 -2.471662
0.660034 -0.151855 -0.243774 -2.224591 0.973570 -2.552120
0.586914 -0.155762 -0.232544 -1.836776 1.185752 -2.625695
0.516113 -0.154663 -0.229126 -1.487886 1.326970 -2.694287
0.429321 -0.163452 -0.249756 -1.193347 1.469374 -2.745790
0.331787 -0.178955 -0.271973 -0.953396 1.597300 -2.762878
0.235107 -0.204956 -0.289551 -0.739552 1.685591 -2.735347
0.128418 -0.219727 -0.298462 -0.505772 1.746350 -2.668654
0.038696 -0.225708 -0.316650 -0.219065 1.735195 -2.568496
-0.032471 -0.226196 -0.354248 0.126502 1.635749 -2.454098
-0.117920 -0.231079 -0.397705 0.514791 1.473646 -2.333055
-0.192871 -0.237061 -0.454956 0.927763 1.272619 -2.200619
-0.207031 -0.186768 -0.541504 1.341447 0.994930 -2.036380
-0.215698 -0.095337 -0.618042 1.716920 0.719853 -1.826571
-0.209106 -0.018433 -0.661743 2.019766 0.597623 -1.605370
-0.177856 0.025635 -0.698730 2.206315 0.611863 -1.410751
-0.168823 0.058350 -0.710815 2.252834 0.590028 -1.259328
-0.164429 0.079102 -0.726196 2.179259 0.548493 -1.167002
-0.129639 0.105957 -0.720825 2.042076 0.500313 -1.119534
-0.091431 0.145508 -0.709106 1.894688 0.461390 -1.085832
-0.062134 0.134521 -0.671753 1.770558 0.552054 -1.054503
-0.075073 0.067627 -0.623047 1.684167 0.851814 -1.009646
-0.129517 0.015137 -0.586548 1.640259 1.134012 -0.924440
-0.177734 0.001099 -0.554688 1.656635 1.322223 -0.754742
-0.179810 0.013306 -0.577515 1.701730 1.532269 -0.464475
-0.167847 0.019775 -0.612305 1.777679 1.704578 -0.098259
-0.135864 0.002686 -0.627197 1.870953 1.824672 0.252530
-0.093872 -0.004761 -0.652588 1.972298 1.890415 0.528319
-0.040161 0.019531 -0.705078 2.066047 1.927203 0.735043
0.021851 0.064209 -0.750122 2.126806 1.910352 0.918744
0.073975 0.077026 -0.780762 2.129892 1.860510 1.112889
0.147461 0.070679 -0.800293 2.069607 1.774119 1.323172
0.220215 0.061401 -0.804443 1.969212 1.686303 1.535117
0.248657 0.015137 -0.792847 1.882820 1.664230 1.728075
0.263062 -0.005981 -0.786255 1.887093 1.694135 1.862409
0.285278 -0.000366 -0.761475 2.043262 1.670638 1.914387
0.317993 -0.034180 -0.731323 2.325460 1.530845 1.879972
0.317261 -0.073853 -0.683472 2.663907 1.326020 1.775543
0.210815 -0.249023 -0.650024 3.023715 1.230609 1.637411
0.123657 -0.401245 -0.619995 3.413191 1.381320 1.606319
0.095947 -0.510864 -0.592773 3.826163 1.791919 1.899909
0.155151 -0.519897 -0.617554 4.159389 2.343973 2.590095
0.297729 -0.485840 -0.670288 4.290875 2.777119 3.536845
0.427368 -0.538940 -0.814575 4.220622 2.952988 4.419513
0.508789 -0.560913 -0.998413 4.114294 2.494921 4.961599
0.578857 -0.522461 -1.121338 4.121177 1.726888 5.109224
0.697754 -0.603027 -1.266235 4.182648 1.121196 4.992453
0.900146 -0.674438 -1.435425 4.216113 0.491532 4.767217
1.068115 -0.697510 -1.587769 4.239372 -0.250157 4.462472
1.192627 -0.639404 -1.724365 4.283755 -1.047857 4.008915
1.258179 -0.616211 -1.814453 4.309388 -1.633139 3.374504
1.260986 -0.599609 -1.834595 4.224420 -1.771745 2.619999
1.244751 -0.556030 -1.803467 3.928931 -1.607268 1.884957
1.204346 -0.515137 -1.772949 3.387558 -1.223014 1.305372
1.138184 -0.553711 -1.763306 2.616202 -0.541136 0.953871
1.125366 -0.689819 -1.834106 1.689863 0.265346 0.814552
1.103027 -0.741333 -1.874878 0.788682 0.865343 0.812178
1.090820 -0.744385 -1.893921 0.062183 1.247935 0.838286
1.052734 -0.703979 -1.846558 -0.443826 1.451336 0.813603
0.984009 -0.645508 -1.758911 -0.807669 1.614863 0.717954
0.922363 -0.585327 -1.630859 -1.117635 1.721192 0.546357
0.864502 -0.534790 -1.501953 -1.422855 1.576889 0.326343
0.805908 -0.500732 -1.381958 -1.720717 1.223964 0.076661
0.732178 -0.521484 -1.266357 -1.980130 0.843033 -0.182989
0.636963 -0.539307 -1.144043 -2.181395 0.546120 -0.400630
0.550293 -0.541748 -1.046875 -2.327833 0.416058 -0.520487
0.481934 -0.513550 -1.012817 -2.433925 0.452845 -0.530456
0.428345 -0.519043 -0.986572 -2.516044 0.506959 -0.462814
