0.438232 0.530029 -0.720703 -0.740027 0.011155 -0.111075
0.469116 0.565308 -0.667236 -0.745486 -0.246122 -0.109414
0.476929 0.453979 -0.623047 -0.686388 -0.507671 -0.097072
0.518066 0.444214 -0.572144 -0.577924 -0.552528 -0.139793
0.528687 0.463989 -0.501221 -0.439792 -0.450709 -0.238290
0.537354 0.488770 -0.449097 -0.256328 -0.395884 -0.304745
0.488281 0.410278 -0.468872 -0.033940 -0.340346 -0.353637
0.500366 0.362183 -0.438232 0.174920 0.075474 -0.372624
0.474365 0.428589 -0.372437 0.334887 0.397308 -0.366453
0.473999 0.446899 -0.342407 0.506959 0.314951 -0.361232
0.487793 0.422119 -0.365967 0.771119 0.076424 -0.370014
0.489136 0.348877 -0.408691 1.051180 -0.134572 -0.394460
0.501709 0.310059 -0.449219 1.270483 -0.214081 -0.455219
0.510742 0.285889 -0.482788 1.410751 -0.174445 -0.557987
0.500610 0.241333 -0.524780 1.503551 -0.103955 -0.689711
0.467163 0.176147 -0.570801 1.579262 -0.077610 -0.827606
0.401001 0.124634 -0.612793 1.667315 -0.086629 -0.952684
0.310181 0.083496 -0.658081 1.782900 -0.155458 -1.056402
0.261108 0.093262 -0.694702 1.928390 -0.322783 -1.124993
0.229858 0.087646 -0.735596 2.079576 -0.464950 -1.132113
0.185303 0.041016 -0.758911 2.191600 -0.505772 -1.106006
0.138550 -0.005249 -0.774780 2.267312 -0.385915 -1.096749
0.108398 -0.036011 -0.799683 2.332106 -0.217166 -1.118822
0.055420 -0.093628 -0.855591 2.427042 -0.073575 -1.142319
-0.028198 -0.132324 -0.938354 2.575142 -0.005221 -1.160119
-0.095825 -0.142822 -1.021118 2.761217 -0.074762 -1.173648
-0.169312 -0.171387 -1.117920 2.942782 -0.221913 -1.162255
-0.253296 -0.198242 -1.224609 3.089458 -0.333938 -1.121196
-0.324829 -0.184326 -1.346558 3.200534 -0.399918 -1.065658
-0.380737 -0.171021 -1.458008 3.271736 -0.470646 -0.988760
-0.435669 -0.168457 -1.571289 3.282179 -0.564158 -0.877684
-0.443115 -0.153809 -1.683716 3.220945 -0.668588 -0.724837
-0.459595 -0.158813 -1.782837 3.093256 -0.743587 -0.521437
-0.466797 -0.172119 -1.858398 2.902434 -0.690186 -0.268907
-0.504883 -0.169312 -1.949219 2.677910 -0.472070 0.013054
-0.505371 -0.136597 -2.001587 2.448640 -0.227135 0.299523
-0.519775 -0.124146 -2.066895 2.213673 -0.051028 0.589079
-0.511841 -0.094971 -2.126831 1.985589 0.067405 0.882194
-0.480591 -0.069336 -2.218140 1.741603 0.116771 1.174597
-0.446289 -0.073975 -2.289429 1.457981 0.068117 1.455371
-0.382935 -0.078613 -2.343628 1.104344 -0.013766 1.721666
-0.306274 -0.084106 -2.387085 0.688762 -0.083781 1.985351
-0.203735 -0.078491 -2.376465 0.243036 -0.085917 2.231711
-0.103394 -0.085693 -2.348511 -0.201977 -0.029430 2.437722
0.022949 -0.064819 -2.295044 -0.606167 0.012104 2.592705
0.146729 -0.039185 -2.226563 -0.944852 0.083306 2.703306
0.274170 -0.044189 -2.140625 -1.226575 0.143828 2.771897
0.397949 -0.037964 -2.060547 -1.462253 0.166376 2.798005
0.511230 -0.006348 -1.975464 -1.661857 0.175632 2.782815
0.616577 0.044434 -1.895630 -1.842235 0.210283 2.743416
0.711914 0.055420 -1.825928 -2.016443 0.258938 2.674588
0.792114 0.078979 -1.759277 -2.197296 0.265109 2.571582
0.861572 0.091064 -1.677979 -2.387169 0.279112 2.436061
0.912109 0.115845 -1.592407 -2.573481 0.272467 2.278941
0.973755 0.107422 -1.498169 -2.745315 0.214081 2.112803
1.024658 0.111328 -1.391602 -2.896501 0.130062 1.940969
1.049805 0.132080 -1.289429 -3.017070 0.161391 1.768185
1.054443 0.154541 -1.177734 -3.097765 0.219302 1.578788
1.056152 0.170654 -1.069946 -3.130518 0.264872 1.363757
1.034912 0.198242 -0.977783 -3.119363 0.298811 1.113601
1.003296 0.222900 -0.893311 -3.074743 0.330852 0.846830
0.964722 0.231689 -0.811768 -3.009712 0.375472 0.595724
0.920532 0.230713 -0.761230 -2.937561 0.462814 0.393036
0.877197 0.237793 -0.690674 -2.857340 0.619221 0.246122
0.832642 0.260254 -0.625122 -2.769999 0.813840 0.140031
0.787354 0.266846 -0.563232 -2.674588 1.000152 0.046993
0.738647 0.283203 -0.506714 -2.559240 1.150626 -0.051503
0.692139 0.307251 -0.468628 -2.417073 1.200704 -0.157831
0.642212 0.318604 -0.441284 -2.252597 1.132825 -0.260362
0.610474 0.326172 -0.422363 -2.091205 0.997779 -0.348890
0.589722 0.330322 -0.411865 -1.967551 0.863919 -0.419380
0.567627 0.322021 -0.402832 -1.888042 0.816925 -0.475155
0.540283 0.317505 -0.374878 -1.844371 0.896672 -0.534490
0.491211 0.283447 -0.343750 -1.821824 1.044060 -0.605455
0.446533 0.265259 -0.298584 -1.785748 1.138047 -0.674521
0.403809 0.257935 -0.259766 -1.711936 1.151100 -0.718429
0.372314 0.242188 -0.221191 -1.588756 1.092003 -0.739790
0.353271 0.229492 -0.184326 -1.420482 0.971196 -0.752606
0.350342 0.213989 -0.163818 -1.223489 0.841609 -0.762337
0.323120 0.190186 -0.147949 -1.007509 0.761625 -0.766846
0.294800 0.161255 -0.127075 -0.778476 0.749046 -0.779188
0.257202 0.141968 -0.124634 -0.534016 0.735755 -0.799125
0.223511 0.136841 -0.117432 -0.266296 0.674046 -0.808618
0.176636 0.136108 -0.125488 0.021361 0.610914 -0.806008
0.149292 0.137939 -0.125488 0.321596 0.526895 -0.806720
0.132813 0.134888 -0.138672 0.628240 0.418431 -0.815501
0.103638 0.123413 -0.162476 0.937494 0.318511 -0.838998
0.059814 0.116333 -0.201538 1.263125 0.198179 -0.882431
0.021362 0.095215 -0.246826 1.602284 0.018750 -0.936782
-0.005859 0.070435 -0.286377 1.941206 -0.205537 -0.976655
-0.033936 0.047729 -0.361816 2.268973 -0.431247 -0.991370
-0.046265 0.020264 -0.447388 2.590569 -0.641768 -0.978791
-0.063965 -0.010742 -0.542480 2.883447 -0.855849 -0.938206
-0.100586 -0.065796 -0.647217 3.135740 -1.005373 -0.876735
-0.106934 -0.059692 -0.760132 3.352432 -1.012494 -0.823571
-0.103394 -0.057129 -0.857056 3.530199 -1.013206 -0.780612
-0.102783 -0.091919 -0.953613 3.657888 -1.021038 -0.740027
-0.105835 -0.098511 -1.075195 3.743094 -0.975943 -0.686151
-0.114746 -0.101196 -1.197388 3.809312 -0.918507 -0.624442
-0.105591 -0.050537 -1.285522 3.854406 -0.866292 -0.565582
-0.112427 -0.041870 -1.423706 3.845862 -0.904979 -0.501737
-0.133545 -0.068359 -1.559937 3.753537 -1.056164 -0.428162
-0.107056 -0.093628 -1.688843 3.537082 -1.183853 -0.340109
-0.059692 -0.085938 -1.761719 3.300217 -1.171749 -0.251343
0.005493 -0.066406 -1.846191 3.091594 -0.989709 -0.153797
0.042358 -0.038574 -1.908325 2.928304 -0.944140 -0.052452
0.088013 -0.025757 -1.964966 2.759556 -0.800786 0.039398
0.133667 -0.001709 -2.050781 2.549035 -0.620645 0.109651
0.147827 0.036133 -2.101440 2.265176 -0.547544 0.144303
0.150757 0.056519 -2.112671 1.875463 -0.445013 0.137183
0.155273 0.064453 -2.085938 1.425466 -0.334887 0.098259
0.169800 0.074829 -2.015747 1.002525 -0.283622 0.028718
0.168335 0.059326 -1.931763 0.660281 -0.324919 -0.046993
0.164795 0.049194 -1.838257 0.415108 -0.418668 -0.110838
0.169312 0.050049 -1.751709 0.253954 -0.526895 -0.162815
0.161255 0.040161 -1.660889 0.147863 -0.583857 -0.198179
0.129028 0.031006 -1.574097 0.075712 -0.518826 -0.211470
0.104126 0.033203 -1.505127 0.032041 -0.369539 -0.201977
0.083130 0.031372 -1.463379 0.017326 -0.245647 -0.168274
0.063843 0.026978 -1.433228 0.021835 -0.162341 -0.110363
0.041626 0.021606 -1.405518 0.023971 -0.092325 -0.048417
0.046753 0.019165 -1.374512 0.007595 -0.051028 -0.005934
0.056763 0.022827 -1.341309 -0.023497 -0.041535 0.009731
0.062012 0.020874 -1.313843 -0.059810 -0.054588 0.001899
0.070923 0.010986 -1.275391 -0.096835 -0.074050 -0.021123
0.067627 -0.000366 -1.250610 -0.127689 -0.077610 -0.045569
0.068237 -0.003540 -1.228027 -0.146439 -0.049841 -0.059572
0.062622 -0.016846 -1.206055 -0.146676 -0.022073 -0.062658
0.069702 -0.021729 -1.188599 -0.133385 -0.010443 -0.050791
0.072998 -0.026855 -1.179321 -0.114873 -0.007832 -0.024209
0.082153 -0.030762 -1.180542 -0.094936 0.018750 0.010443
0.081787 -0.037964 -1.187744 -0.084018 0.050791 0.042484
0.086914 -0.032715 -1.190796 -0.087579 0.074762 0.073101
0.094727 -0.023804 -1.200806 -0.104667 0.068829 0.098734
0.105713 -0.028564 -1.201660 -0.140268 0.058623 0.117483
0.120483 -0.028931 -1.199707 -0.190822 0.069541 0.122942
0.136475 -0.031006 -1.189575 -0.240663 0.078560 0.113686
0.137207 -0.050781 -1.182983 -0.273179 0.079034 0.093512
0.143677 -0.057495 -1.167725 -0.287182 0.077373 0.063370
0.150391 -0.057373 -1.160156 -0.284096 0.077848 0.027294
0.142700 -0.063477 -1.157959 -0.273891 0.067879 -0.005459
0.135986 -0.062256 -1.164063 -0.257989 0.054351 -0.029430
0.132813 -0.059570 -1.158081 -0.241375 0.055300 -0.037974
0.117432 -0.059326 -1.154541 -0.229271 0.065743 -0.033940
0.108276 -0.053467 -1.151733 -0.220964 0.071439 -0.014003
0.107544 -0.041870 -1.151367 -0.214793 0.073575 0.013766
0.113770 -0.047241 -1.157104 -0.206249 0.087104 0.043671
0.123535 -0.046265 -1.159424 -0.198654 0.075949 0.053402
0.134033 -0.046631 -1.162109 -0.189635 0.056487 0.043196
0.140137 -0.040894 -1.168213 -0.180141 0.045095 0.022310
