0.836792 0.441040 -0.302856 -0.149524 -0.109414 -0.210996
0.828979 0.452881 -0.281250 -0.218353 0.060522 -0.194619
0.831665 0.456055 -0.237549 -0.266770 0.191534 -0.173021
0.821533 0.456665 -0.217651 -0.269619 0.248258 -0.163053
0.817017 0.457764 -0.208252 -0.239951 0.266296 -0.144540
0.821655 0.467163 -0.204712 -0.208385 0.246122 -0.114635
0.885254 0.522339 -0.254517 -0.181565 0.166138 -0.051028
0.870117 0.436035 -0.198120 -0.183464 0.182515 0.005696
0.854736 0.466064 -0.221680 -0.173733 0.283859 -0.032041
0.865601 0.475708 -0.175659 -0.170173 0.405140 -0.034177
0.844849 0.485962 -0.241089 -0.136471 0.288843 -0.054588
0.838257 0.485840 -0.262939 -0.156407 0.253479 -0.065269
0.847290 0.496216 -0.239136 -0.201739 0.271043 -0.048417
0.890381 0.489136 -0.232300 -0.224287 0.255615 -0.015902
0.921753 0.488770 -0.173218 -0.237578 0.121518 -0.049367
0.890381 0.485840 -0.117310 -0.201502 -0.034414 -0.122468
0.892334 0.486816 -0.157837 -0.107990 -0.149762 -0.129825
0.871460 0.478394 -0.173462 -0.080221 -0.188686 -0.100632
0.863403 0.474365 -0.178833 -0.098496 -0.121044 -0.058623
0.851563 0.462769 -0.185669 -0.112737 -0.030617 -0.011630
0.826294 0.454956 -0.181519 -0.109889 0.094699 0.018275
0.797852 0.463501 -0.168457 -0.074050 0.226897 0.021123
0.768066 0.465820 -0.166870 -0.029193 0.285520 0.017801
0.738525 0.466064 -0.155151 -0.000712 0.287656 0.016851
0.707520 0.449219 -0.145020 0.034889 0.267957 0.008782
0.655396 0.416748 -0.157715 0.097784 0.216217 -0.003797
0.597900 0.399414 -0.175171 0.156170 0.125316 0.008070
0.575684 0.394653 -0.192017 0.182515 0.039636 0.038212
0.531860 0.387573 -0.207886 0.172546 -0.030380 0.065031
0.461914 0.369629 -0.217529 0.138844 -0.067167 0.098734
0.227539 0.362793 -0.234863 0.097072 -0.110363 0.151186
0.319458 0.339233 -0.207397 0.013766 -0.127214 0.359096
0.260620 0.274292 -0.195313 -0.071202 -0.147626 0.477766
0.256592 0.262939 -0.173584 -0.108227 -0.189160 0.622306
0.241211 0.251465 -0.168213 -0.062658 -0.237103 0.830691
0.290161 0.216675 -0.187378 0.023497 -0.246359 1.054503
0.316528 0.210205 -0.208374 0.091376 -0.210521 1.200942
0.345459 0.197021 -0.238647 0.118195 -0.124604 1.375624
0.349976 0.140991 -0.253540 0.102294 -0.163290 1.635037
0.391235 0.138428 -0.256714 0.150948 -0.490345 2.008848
0.409180 0.111328 -0.282104 0.226897 -0.651024 2.212723
0.435669 0.105835 -0.285767 0.283147 -0.585756 2.240492
0.492310 0.106934 -0.294312 0.312102 -0.299998 2.176648
0.553955 0.078979 -0.278442 0.305457 0.011630 2.169765
0.588745 0.034424 -0.270508 0.276264 0.222151 2.295793
0.676147 0.062256 -0.278320 0.220964 0.323257 2.481867
0.749268 0.019043 -0.231689 0.153797 0.466848 2.671265
0.838501 0.001343 -0.189941 0.105854 0.539949 2.775220
0.949585 -0.069336 -0.165894 0.099208 0.490345 2.771897
1.070923 -0.110107 -0.149902 0.135759 0.409887 2.753622
1.213745 -0.137207 -0.144165 0.172784 0.446912 2.778068
1.360962 -0.141479 -0.146484 0.231169 0.384729 2.805362
1.522949 -0.134521 -0.165771 0.304745 0.266058 2.750774
1.638672 -0.132202 -0.199097 0.365979 0.201739 2.595791
1.751831 -0.111938 -0.230225 0.403716 0.231644 2.381710
1.836792 -0.084717 -0.277466 0.405615 0.151898 2.128468
1.872803 -0.098022 -0.299438 0.337498 -0.119382 1.838675
1.924194 -0.144043 -0.291992 0.236628 -0.281011 1.520402
1.940063 -0.213135 -0.244507 0.116297 0.213606 1.352128
2.042847 -0.168945 -0.275391 0.080221 0.487497 1.304422
2.087891 -0.203247 -0.256958 0.017801 0.376422 1.062572
2.126587 -0.210449 -0.246948 -0.135759 0.107278 0.723888
2.133301 -0.195679 -0.221436 -0.273891 -0.308068 0.422466
2.157593 -0.191406 -0.263184 -0.345093 -0.583857 0.209097
2.141357 -0.205566 -0.265137 -0.389713 -0.624680 -0.027531
2.096558 -0.221802 -0.275513 -0.403716 -0.452133 -0.307593
2.027466 -0.210083 -0.289063 -0.406089 -0.146914 -0.611626
1.935669 -0.176025 -0.290405 -0.401580 0.117246 -0.917320
1.849121 -0.156006 -0.298218 -0.407751 0.209097 -1.220878
1.761719 -0.136597 -0.312134 -0.448810 0.148812 -1.542949
1.670654 -0.125610 -0.319336 -0.551816 -0.061708 -1.834403
1.594604 -0.111084 -0.338013 -0.707274 -0.336311 -2.030209
1.509766 -0.094238 -0.361694 -0.889077 -0.413447 -2.132503
1.415161 -0.081787 -0.353271 -1.046671 -0.160917 -2.190651
1.324341 -0.079346 -0.312988 -1.129028 0.126740 -2.274195
1.245117 -0.074097 -0.298828 -1.155135 0.271517 -2.397137
1.154907 -0.067993 -0.274902 -1.187176 0.281723 -2.509399
1.073975 -0.062134 -0.253784 -1.232508 0.233543 -2.570158
0.994507 -0.041992 -0.220337 -1.262413 0.187261 -2.565174
0.932251 -0.019287 -0.202026 -1.271669 0.249207 -2.503228
0.865112 -0.000122 -0.153076 -1.274517 0.344618 -2.411615
0.796387 0.025024 -0.100586 -1.231559 0.415583 -2.330207
0.721924 0.050293 -0.071167 -1.143980 0.464475 -2.264701
0.658447 0.077393 -0.041504 -1.041687 0.409887 -2.191125
0.606323 0.100098 -0.019531 -0.942953 0.316137 -2.103784
0.568359 0.136719 -0.016479 -0.858460 0.268907 -1.983215
0.531372 0.158081 -0.014038 -0.810280 0.321833 -1.827520
0.501709 0.174683 0.012939 -0.726736 0.413447 -1.665417
0.463745 0.194824 -0.005127 -0.574601 0.439317 -1.517554
0.442383 0.226807 -0.007202 -0.453795 0.449285 -1.373726
0.417725 0.258301 0.006226 -0.356010 0.456643 -1.248647
0.382080 0.281006 -0.002075 -0.257040 0.434333 -1.141132
0.343140 0.309692 -0.021606 -0.173733 0.353637 -1.051417
0.318726 0.333740 -0.043091 -0.120569 0.288843 -0.965738
0.294556 0.339233 -0.062866 -0.100870 0.243511 -0.864631
0.277588 0.361328 -0.090820 -0.098971 0.182989 -0.751657
0.259277 0.377319 -0.098145 -0.105616 0.122468 -0.638920
0.225708 0.380371 -0.099243 -0.111313 0.102768 -0.517402
0.192749 0.378174 -0.092651 -0.105379 0.043196 -0.376896
0.159668 0.394897 -0.093628 -0.095885 -0.026107 -0.229508
0.127808 0.413086 -0.098999 -0.112499 0.000237 -0.069066
0.080566 0.387207 -0.083374 -0.158306 0.084256 0.108939
0.076782 0.365967 -0.065308 -0.166376 0.081408 0.292166
0.108643 0.345093 -0.046997 -0.144066 -0.003797 0.452371
0.158691 0.315063 -0.031372 -0.104430 -0.142879 0.605455
0.221436 0.287964 -0.024658 -0.048892 -0.307593 0.753081
0.277954 0.257813 -0.045410 0.033465 -0.462102 0.888839
0.334229 0.222046 -0.066284 0.121281 -0.559174 1.025785
0.406982 0.234009 -0.113281 0.204825 -0.591927 1.179344
0.491577 0.236694 -0.148071 0.229271 -0.602132 1.307033
0.557495 0.213501 -0.150146 0.202451 -0.542560 1.370165
0.612915 0.193970 -0.117920 0.167562 -0.416058 1.372064
0.650391 0.181152 -0.083130 0.143828 -0.297625 1.375862
0.689209 0.154297 -0.079468 0.144303 -0.271755 1.420244
0.756226 0.128906 -0.076782 0.185600 -0.330852 1.468187
0.846313 0.111572 -0.098267 0.250394 -0.422466 1.535829
0.936401 0.088745 -0.137207 0.297862 -0.508146 1.620797
1.013184 0.093506 -0.190674 0.310678 -0.527370 1.722853
1.079224 0.136841 -0.240479 0.265584 -0.331802 1.894688
1.205811 0.138062 -0.226196 0.162578 -0.064794 2.125145
1.258667 0.143311 -0.212769 0.046519 0.114161 2.202518
1.296143 0.130005 -0.195435 -0.073338 0.242562 2.105208
1.329956 0.115601 -0.195557 -0.141217 0.210521 1.875700
1.324097 0.097046 -0.215088 -0.162815 0.197704 1.587332
1.360107 0.112671 -0.218018 -0.160442 0.222863 1.398409
1.381714 0.111816 -0.215942 -0.134097 0.124841 1.343821
1.419678 0.112793 -0.222168 -0.128401 -0.059572 1.408852
1.471436 0.121338 -0.238281 -0.134809 0.010443 1.477681
1.497070 0.132813 -0.226196 -0.139081 0.197467 1.460829
1.488525 0.136108 -0.220215 -0.139319 0.369539 1.411700
1.513794 0.105103 -0.208252 -0.139793 0.559411 1.406004
1.527466 0.084351 -0.213745 -0.159493 0.701103 1.425703
1.533081 0.098999 -0.240112 -0.218590 0.734806 1.420244
1.581787 0.089600 -0.217529 -0.328004 0.735992 1.368741
1.655029 0.112427 -0.237427 -0.414871 0.611626 1.267872
1.761841 0.100952 -0.215698 -0.500076 0.557038 1.124518
1.824951 0.084473 -0.159424 -0.563209 0.548968 0.905453
1.895386 0.031250 -0.124878 -0.545883 0.516927 0.627290
1.919922 0.008057 -0.124634 -0.489158 0.444538 0.346042
1.920898 0.010620 -0.131836 -0.453795 0.445250 0.146202
1.887695 0.029541 -0.142944 -0.438605 0.503636 0.044383
1.870117 0.019165 -0.105469 -0.470171 0.561784 -0.056724
1.822144 0.004517 -0.106567 -0.507908 0.482513 -0.244698
1.759277 0.025757 -0.129395 -0.548019 0.286707 -0.511468
1.704590 0.028687 -0.112793 -0.608778 0.147626 -0.769220
1.656372 0.026001 -0.092651 -0.664553 0.077136 -0.980690
1.588379 0.020752 -0.069702 -0.722938 0.035364 -1.181717
1.526978 0.015503 -0.030762 -0.778713 -0.061946 -1.388203
1.451050 0.013062 -0.002563 -0.804346 -0.196518 -1.605844
1.364746 0.006714 0.011597 -0.818349 -0.291929 -1.795242
