0.684814 0.698242 -0.217651 -0.149524 -0.009256 -0.269856
0.630249 0.739502 -0.233765 -0.073575 -0.059335 -0.224049
0.694946 0.686157 -0.389526 -0.032041 -0.189160 -0.066693
0.699341 0.737427 -0.358887 -0.173733 -0.161629 -0.012816
0.698120 0.762451 -0.307129 -0.300235 -0.135284 -0.024446
0.692871 0.734741 -0.278931 -0.331090 -0.199366 -0.020649
0.684326 0.740601 -0.281250 -0.310441 -0.274365 -0.036313
0.606201 0.759888 -0.292358 -0.280774 -0.244223 -0.017801
0.590088 0.724609 -0.260742 -0.250869 -0.120569 0.125078
0.664063 0.715332 -0.277466 -0.194619 -0.058860 0.269144
0.732300 0.713867 -0.273315 -0.164002 0.028481 0.312102
0.743652 0.705566 -0.260010 -0.135284 0.055300 0.281960
0.750977 0.712769 -0.259644 -0.105379 0.015664 0.197467
0.748657 0.712646 -0.253296 -0.081408 -0.040585 0.102056
0.734253 0.710327 -0.245239 -0.057436 -0.062658 0.033940
0.739868 0.710571 -0.239136 -0.024209 -0.058148 -0.012816
0.749878 0.717773 -0.255737 0.008782 -0.042009 -0.046993
0.718262 0.715576 -0.279053 0.012342 -0.010918 -0.089715
0.673340 0.727051 -0.292480 -0.013291 0.013054 -0.117009
0.672852 0.731567 -0.299316 -0.044383 0.032041 -0.110363
0.673462 0.722046 -0.307495 -0.086392 0.056487 -0.100870
0.654297 0.706787 -0.301514 -0.142404 0.098259 -0.089715
0.637573 0.691162 -0.286621 -0.188448 0.120569 -0.072151
0.637695 0.677490 -0.270142 -0.212420 0.128164 -0.051503
0.573120 0.645264 -0.238037 -0.216454 0.142879 -0.040348
0.491943 0.642090 -0.200317 -0.197704 0.064319 0.013054
0.537476 0.618530 -0.198486 -0.155221 0.086867 0.106328
0.505737 0.605713 -0.199463 -0.121993 0.096123 0.154983
0.402344 0.599854 -0.211548 -0.106091 0.085917 0.198179
0.321045 0.556763 -0.209595 -0.112262 0.109177 0.279350
0.230103 0.534668 -0.189209 -0.112262 0.052452 0.358621
0.126831 0.499756 -0.176880 -0.096597 -0.026819 0.434807
0.004639 0.479248 -0.175049 -0.063607 -0.125078 0.522623
-0.099609 0.469360 -0.194946 -0.011867 -0.243036 0.634173
-0.207031 0.447266 -0.234619 0.032041 -0.381406 0.759489
-0.325195 0.391968 -0.287109 0.033228 -0.548493 0.907352
-0.416992 0.322388 -0.334351 -0.031329 -0.682116 1.099123
-0.419189 0.265015 -0.323730 -0.135047 -0.848729 1.339786
-0.406006 0.148804 -0.259033 -0.200553 -1.136385 1.636699
-0.331299 0.039795 -0.167480 -0.279587 -1.167952 1.868105
-0.258911 -0.063354 -0.062744 -0.339871 -1.031481 2.082898
-0.155029 -0.156372 0.022339 -0.230220 -0.921592 2.431077
-0.023926 -0.226074 0.046875 0.037974 -0.744536 2.812957
0.123779 -0.251587 0.017822 0.333463 -0.507908 3.191515
0.301147 -0.235718 -0.073730 0.626341 -0.393985 3.489614
0.512207 -0.232910 -0.270142 0.882906 -0.524047 3.565800
0.731934 -0.202271 -0.476807 0.987336 -0.847067 3.466355
0.928955 -0.199585 -0.621582 0.920168 -1.214470 3.291910
1.127319 -0.185425 -0.696289 0.775153 -1.492396 3.119126
1.255005 -0.154663 -0.712158 0.666926 -1.642869 2.967940
1.334473 -0.166504 -0.725464 0.617085 -1.661382 2.835267
1.458130 -0.193359 -0.755859 0.584569 -1.597300 2.746502
1.657593 -0.172241 -0.791504 0.543984 -1.448250 2.743179
1.861572 -0.139038 -0.787964 0.476342 -1.100784 2.798242
2.045288 -0.073730 -0.761841 0.415583 -0.770407 2.790647
2.168457 0.037109 -0.764038 0.420567 -0.627765 2.607895
2.236084 0.135864 -0.830078 0.476105 -0.597148 2.294369
2.296997 0.227051 -0.907471 0.493905 -0.557512 1.977994
2.374023 0.323853 -0.959839 0.449048 -0.454032 1.698644
2.420044 0.417847 -1.005737 0.379032 -0.299523 1.428077
2.437744 0.513916 -1.055298 0.319223 -0.154983 1.140420
2.431641 0.601807 -1.142822 0.273891 -0.063133 0.824995
2.408447 0.668091 -1.230469 0.196280 -0.013528 0.487260
2.379639 0.708740 -1.306152 0.062183 0.032041 0.157594
2.313354 0.719238 -1.356079 -0.118907 0.116297 -0.150474
2.231445 0.697144 -1.361084 -0.342719 0.235204 -0.422466
2.163574 0.654541 -1.316528 -0.581009 0.331090 -0.658145
2.080933 0.609375 -1.251099 -0.787020 0.330378 -0.876260
1.997192 0.542480 -1.204956 -0.952921 0.401817 -1.072066
1.914429 0.466187 -1.166504 -1.093427 0.504823 -1.236068
1.833008 0.386597 -1.109009 -1.232983 0.584806 -1.377286
1.732544 0.317139 -1.037354 -1.368029 0.602370 -1.520877
1.636597 0.256958 -0.965576 -1.482190 0.532592 -1.667315
1.557129 0.186890 -0.887207 -1.580212 0.504348 -1.805922
1.458252 0.122192 -0.799927 -1.671825 0.535440 -1.911539
1.344482 0.058228 -0.727173 -1.728312 0.559886 -1.966127
1.232910 -0.006714 -0.662598 -1.747774 0.603082 -1.988912
1.134155 -0.035645 -0.575562 -1.750385 0.599996 -2.003389
1.018799 -0.091553 -0.479126 -1.760116 0.578873 -2.032108
0.886597 -0.135132 -0.366333 -1.771508 0.490820 -2.081949
0.756104 -0.172241 -0.244385 -1.757505 0.382118 -2.127281
0.610474 -0.200195 -0.146973 -1.710986 0.276027 -2.137724
0.484741 -0.219116 -0.059448 -1.639072 0.187736 -2.099512
0.362915 -0.221313 0.017090 -1.544136 0.141455 -2.052994
0.176025 -0.210815 0.072388 -1.413361 0.108702 -2.021902
-0.008179 -0.189209 0.104370 -1.246749 0.001661 -1.958057
-0.224609 -0.152832 0.126221 -1.093901 -0.112262 -1.839862
-0.414795 -0.098999 0.154297 -0.983063 -0.173021 -1.652838
-0.594116 -0.069458 0.174194 -0.916608 -0.178717 -1.397222
-0.749023 -0.062988 0.201904 -0.863207 -0.155695 -1.071117
-0.802856 -0.049927 0.229858 -0.778951 -0.128401 -0.669300
-0.772095 -0.041504 0.247681 -0.667876 -0.076898 -0.241850
-0.733154 -0.042969 0.249756 -0.550155 -0.019937 0.157357
-0.674316 -0.062378 0.231812 -0.427450 0.014952 0.528319
-0.569702 -0.079712 0.205933 -0.309492 0.009019 0.873650
-0.437256 -0.101318 0.169922 -0.207198 -0.025633 1.167714
-0.281372 -0.124390 0.114746 -0.119620 -0.084256 1.389390
-0.136475 -0.157715 0.074585 -0.065031 -0.127926 1.558851
0.002319 -0.178833 0.057495 -0.008307 -0.151660 1.731635
0.105225 -0.183228 0.035767 0.098259 -0.196518 1.905368
0.230469 -0.151001 0.003052 0.229745 -0.294065 2.068895
0.364380 -0.101563 -0.046997 0.347704 -0.428399 2.180682
0.478516 -0.070801 -0.132080 0.442877 -0.574601 2.201806
0.594971 -0.049927 -0.215088 0.510756 -0.807432 2.145082
0.713501 0.001465 -0.289551 0.547069 -1.054028 2.065098
0.805664 0.056641 -0.362671 0.581958 -1.213758 2.006000
0.875488 0.108276 -0.433838 0.629426 -1.254106 1.984877
0.925537 0.126221 -0.513672 0.668825 -1.197619 2.010747
0.973999 0.133911 -0.592651 0.665027 -1.088443 2.105683
1.054199 0.136963 -0.635376 0.604031 -0.987573 2.231711
1.177124 0.134399 -0.647583 0.511231 -0.982351 2.297929
1.348389 0.166626 -0.655396 0.450947 -1.093901 2.254258
1.513794 0.210205 -0.692261 0.463763 -1.238442 2.102835
1.655640 0.260986 -0.771484 0.520487 -1.332191 1.900858
1.753784 0.309570 -0.892944 0.578398 -1.277840 1.732109
1.832153 0.339233 -0.994141 0.569854 -0.990896 1.663755
1.914307 0.380859 -1.058228 0.480851 -0.646040 1.655923
2.023438 0.427490 -1.083740 0.360995 -0.453557 1.588519
2.142700 0.463623 -1.121460 0.260600 -0.488684 1.391526
2.245850 0.490601 -1.155029 0.168274 -0.653635 1.080136
2.329468 0.513794 -1.180542 0.070727 -0.788207 0.737891
2.345825 0.524780 -1.174561 -0.047231 -0.659569 0.434807
2.326660 0.515259 -1.158447 -0.155933 -0.275789 0.174682
2.254517 0.519165 -1.128906 -0.234967 0.011867 -0.060759
2.171631 0.517334 -1.111084 -0.313527 0.226897 -0.300235
2.072021 0.490601 -1.087524 -0.414633 0.287894 -0.553478
1.962280 0.446777 -1.046265 -0.553952 0.348653 -0.791530
1.898926 0.384644 -1.004150 -0.695882 0.473019 -0.999915
1.848389 0.320679 -0.950195 -0.822147 0.598335 -1.161781
1.823242 0.263916 -0.890747 -0.923254 0.753081 -1.286384
1.797485 0.231079 -0.823975 -0.983775 0.907827 -1.410276
1.721436 0.219971 -0.778687 -1.005848 1.021750 -1.568582
1.607056 0.209595 -0.758545 -1.013918 1.036940 -1.753470
1.477661 0.188599 -0.761841 -1.033617 0.971671 -1.945241
1.345947 0.152222 -0.757935 -1.100310 0.919931 -2.106870
1.223511 0.144653 -0.710083 -1.210436 0.871276 -2.200619
1.111450 0.113403 -0.648071 -1.332428 0.856086 -2.243578
1.004761 0.080933 -0.584595 -1.432823 0.808381 -2.247138
0.927979 0.063232 -0.526978 -1.495244 0.707986 -2.218420
0.869507 0.044556 -0.453247 -1.552205 0.717954 -2.173088
0.777710 -0.008057 -0.398193 -1.585196 0.815976 -2.124433
0.683960 -0.009521 -0.315552 -1.588993 0.829504 -2.079338
0.604004 -0.007813 -0.221558 -1.574753 0.785122 -2.045161
0.530518 -0.010620 -0.148438 -1.546035 0.663603 -2.037329
0.443604 -0.023804 -0.080078 -1.523725 0.595961 -2.012646
0.342896 -0.030396 -0.012573 -1.479817 0.518826 -1.958769
0.285156 -0.006104 0.034424 -1.393662 0.394934 -1.896349
0.231567 0.006226 0.081055 -1.297539 0.296201 -1.837251
0.162842 0.023193 0.127197 -1.210198 0.210758 -1.768422
0.104614 0.045288 0.161743 -1.091291 0.121993 -1.673249
