6696.000000 2505.000000 1252.000000 535.000000 1150.000000 -204.000000
6508.000000 2916.000000 1534.000000 1024.000000 1599.000000 -436.000000
6474.000000 2784.000000 1872.000000 1312.000000 2358.000000 -424.000000
6265.000000 2667.000000 2148.000000 1613.000000 2895.000000 -560.000000
5984.000000 3212.000000 2378.000000 2089.000000 2793.000000 -737.000000
5552.000000 2372.000000 2208.000000 2400.000000 1769.000000 -473.000000
5320.000000 2260.000000 2242.000000 3027.000000 1255.000000 -489.000000
4835.000000 1970.000000 2070.000000 3668.000000 916.000000 -351.000000
4483.000000 1967.000000 1984.000000 4194.000000 309.000000 50.000000
4130.000000 1802.000000 1673.000000 4600.000000 -429.000000 702.000000
3918.000000 1626.000000 1303.000000 4755.000000 -888.000000 1388.000000
3837.000000 1195.000000 978.000000 4704.000000 -957.000000 2067.000000
4029.000000 788.000000 827.000000 4762.000000 -832.000000 2786.000000
4229.000000 444.000000 561.000000 5141.000000 -809.000000 3346.000000
4521.000000 153.000000 166.000000 5566.000000 -567.000000 3856.000000
4808.000000 -164.000000 -299.000000 5931.000000 -388.000000 4186.000000
4924.000000 -439.000000 -877.000000 6266.000000 -367.000000 4372.000000
4899.000000 -692.000000 -1428.000000 6637.000000 -282.000000 4529.000000
4891.000000 -826.000000 -2431.000000 6841.000000 88.000000 4884.000000
4981.000000 -1025.000000 -3410.000000 6689.000000 833.000000 5360.000000
5038.000000 -1153.000000 -4445.000000 6327.000000 1094.000000 5864.000000
5209.000000 -1132.000000 -5360.000000 5912.000000 596.000000 6432.000000
5770.000000 -1281.000000 -5994.000000 5297.000000 -180.000000 7084.000000
6306.000000 -1485.000000 -6333.000000 4560.000000 -1025.000000 7844.000000
6927.000000 -1831.000000 -6730.000000 3880.000000 -1795.000000 8509.000000
7677.000000 -2121.000000 -7199.000000 3330.000000 -2479.000000 9112.000000
8739.000000 -2293.000000 -7683.000000 2802.000000 -2984.000000 9651.000000
9939.000000 -2526.000000 -8097.000000 2196.000000 -2917.000000 10154.000000
11195.000000 -2424.000000 -8553.000000 1601.000000 -2702.000000 10385.000000
12170.000000 -2579.000000 -9040.000000 886.000000 -2478.000000 10323.000000
13041.000000 -2467.000000 -9551.000000 115.000000 -2276.000000 10184.000000
13774.000000 -2236.000000 -9996.000000 -782.000000 -2589.000000 9843.000000
14632.000000 -2041.000000 -10404.000000 -1907.000000 -2553.000000 9285.000000
15460.000000 -1940.000000 -10329.000000 -3321.000000 -2110.000000 8616.000000
16012.000000 -1804.000000 -9974.000000 -4786.000000 -1651.000000 7713.000000
16292.000000 -1864.000000 -9625.000000 -6162.000000 -1017.000000 6619.000000
16275.000000 -1890.000000 -9174.000000 -7445.000000 -368.000000 5525.000000
16102.000000 -1924.000000 -8634.000000 -8512.000000 29.000000 4434.000000
15878.000000 -1926.000000 -7994.000000 -9472.000000 197.000000 3428.000000
15610.000000 -1889.000000 -7475.000000 -10280.000000 235.000000 2519.000000
15463.000000 -1748.000000 -6937.000000 -10994.000000 156.000000 1782.000000
15375.000000 -1573.000000 -6288.000000 -11755.000000 180.000000 1167.000000
15558.000000 -1337.000000 -5668.000000 -12525.000000 75.000000 611.000000
15896.000000 -1311.000000 -4845.000000 -13374.000000 139.000000 38.000000
16141.000000 -1422.000000 -3885.000000 -14098.000000 427.000000 -535.000000
16309.000000 -1475.000000 -2805.000000 -14657.000000 790.000000 -1110.000000
16290.000000 -1536.000000 -1661.000000 -15113.000000 1356.000000 -1732.000000
16089.000000 -1734.000000 -429.000000 -15411.000000 2165.000000 -2372.000000
15817.000000 -1943.000000 828.000000 -15408.000000 2910.000000 -3119.000000
15505.000000 -2103.000000 2041.000000 -15135.000000 3571.000000 -3861.000000
15090.000000 -2223.000000 3129.000000 -14604.000000 4167.000000 -4562.000000
14543.000000 -2177.000000 4200.000000 -13795.000000 4684.000000 -5259.000000
13892.000000 -2049.000000 5065.000000 -12719.000000 4947.000000 -6096.000000
12969.000000 -1989.000000 5839.000000 -11494.000000 4905.000000 -7129.000000
12005.000000 -1711.000000 5947.000000 -10170.000000 4534.000000 -8041.000000
10936.000000 -1474.000000 6134.000000 -8767.000000 5163.000000 -8709.000000
9901.000000 -1123.000000 6240.000000 -7462.000000 5211.000000 -9349.000000
8732.000000 -912.000000 6012.000000 -6258.000000 4691.000000 -9929.000000
7565.000000 -689.000000 5832.000000 -5292.000000 4577.000000 -10242.000000
6110.000000 -1017.000000 5966.000000 -4465.000000 4784.000000 -10264.000000
5386.000000 -368.000000 6029.000000 -3484.000000 4583.000000 -9850.000000
4639.000000 -303.000000 5780.000000 -2843.000000 4461.000000 -9525.000000
3898.000000 93.000000 5941.000000 -2096.000000 4310.000000 -9141.000000
3347.000000 242.000000 5956.000000 -1050.000000 3605.000000 -8659.000000
3005.000000 464.000000 5557.000000 52.000000 2797.000000 -8096.000000
2832.000000 745.000000 5340.000000 1014.000000 2332.000000 -7471.000000
2815.000000 988.000000 4909.000000 1867.000000 2388.000000 -6812.000000
2776.000000 1155.000000 4370.000000 2689.000000 2499.000000 -6244.000000
2616.000000 1524.000000 3611.000000 3410.000000 2314.000000 -5793.000000
2445.000000 1696.000000 2907.000000 3807.000000 2216.000000 -5383.000000
2392.000000 1765.000000 2404.000000 3969.000000 2274.000000 -4895.000000
2429.000000 1894.000000 2125.000000 4058.000000 2429.000000 -4406.000000
2439.000000 1970.000000 1898.000000 4237.000000 2325.000000 -4052.000000
2276.000000 1995.000000 1603.000000 4485.000000 1910.000000 -3889.000000
1857.000000 1926.000000 1172.000000 4660.000000 1334.000000 -3743.000000
1625.000000 1904.000000 795.000000 4772.000000 797.000000 -3416.000000
1557.000000 1919.000000 603.000000 4777.000000 658.000000 -2845.000000
1354.000000 1823.000000 459.000000 4743.000000 1100.000000 -2136.000000
967.000000 1789.000000 154.000000 4749.000000 1791.000000 -1356.000000
657.000000 1765.000000 55.000000 4773.000000 2225.000000 -572.000000
433.000000 1682.000000 -63.000000 4940.000000 2117.000000 84.000000
232.000000 1585.000000 -225.000000 5203.000000 1692.000000 686.000000
268.000000 1369.000000 -506.000000 5414.000000 1341.000000 1465.000000
424.000000 1223.000000 -885.000000 5569.000000 1319.000000 2509.000000
812.000000 1112.000000 -1219.000000 5600.000000 1447.000000 3636.000000
1363.000000 903.000000 -1421.000000 5540.000000 1446.000000 4604.000000
1832.000000 618.000000 -1510.000000 5519.000000 1138.000000 5379.000000
2273.000000 329.000000 -1804.000000 5593.000000 571.000000 6034.000000
2820.000000 179.000000 -2253.000000 5697.000000 -266.000000 6586.000000
3291.000000 -38.000000 -2548.000000 5652.000000 -1217.000000 7008.000000
3819.000000 -308.000000 -2831.000000 5470.000000 -1941.000000 7399.000000
4510.000000 -664.000000 -2952.000000 5200.000000 -2272.000000 7830.000000
5222.000000 -998.000000 -2922.000000 4905.000000 -2330.000000 8341.000000
5965.000000 -1257.000000 -2973.000000 4674.000000 -2202.000000 8874.000000
6688.000000 -1375.000000 -3118.000000 4605.000000 -2020.000000 9390.000000
7254.000000 -1483.000000 -3265.000000 4588.000000 -2262.000000 9751.000000
7939.000000 -1585.000000 -3558.000000 4565.000000 -2688.000000 9985.000000
8887.000000 -1672.000000 -3872.000000 4474.000000 -3067.000000 10171.000000
9816.000000 -1652.000000 -4142.000000 4293.000000 -3210.000000 10265.000000
10618.000000 -1646.000000 -4152.000000 3991.000000 -3240.000000 10170.000000
11269.000000 -1562.000000 -4224.000000 3788.000000 -3312.000000 9993.000000
11743.000000 -1482.000000 -4262.000000 3567.000000 -3288.000000 9738.000000
12024.000000 -1325.000000 -4427.000000 3427.000000 -3056.000000 9429.000000
12402.000000 -1429.000000 -4557.000000 3122.000000 -2734.000000 9047.000000
12964.000000 -1524.000000 -4628.000000 2767.000000 -2478.000000 8781.000000
13905.000000 -1445.000000 -4784.000000 2457.000000 -2267.000000 8675.000000
14663.000000 -1356.000000 -4622.000000 2143.000000 -2374.000000 8455.000000
15055.000000 -1135.000000 -4457.000000 1840.000000 -2411.000000 7970.000000
15206.000000 -924.000000 -4460.000000 1696.000000 -2088.000000 7173.000000
15242.000000 -882.000000 -4618.000000 1410.000000 -1557.000000 6175.000000
15323.000000 -880.000000 -4653.000000 1003.000000 -960.000000 5175.000000
15303.000000 -918.000000 -4457.000000 527.000000 -494.000000 4362.000000
15263.000000 -983.000000 -4181.000000 109.000000 -101.000000 3679.000000
15025.000000 -875.000000 -3784.000000 -167.000000 168.000000 3023.000000
14503.000000 -836.000000 -3603.000000 -305.000000 337.000000 2269.000000
13861.000000 -745.000000 -3467.000000 -447.000000 564.000000 1455.000000
13200.000000 -717.000000 -3345.000000 -543.000000 517.000000 658.000000
12512.000000 -667.000000 -3174.000000 -661.000000 342.000000 -86.000000
11898.000000 -646.000000 -3051.000000 -757.000000 59.000000 -699.000000
11269.000000 -685.000000 -2901.000000 -816.000000 -183.000000 -1108.000000
10785.000000 -674.000000 -2801.000000 -830.000000 -414.000000 -1335.000000
10343.000000 -649.000000 -2858.000000 -813.000000 -613.000000 -1392.000000
9995.000000 -594.000000 -2782.000000 -876.000000 -409.000000 -1295.000000
9702.000000 -612.000000 -2560.000000 -984.000000 -108.000000 -1213.000000
9463.000000 -628.000000 -2527.000000 -1032.000000 149.000000 -1135.000000
9276.000000 -629.000000 -2396.000000 -1122.000000 461.000000 -1010.000000
9070.000000 -685.000000 -2214.000000 -1171.000000 575.000000 -942.000000
8912.000000 -748.000000 -1976.000000 -1179.000000 451.000000 -909.000000
8781.000000 -719.000000 -1934.000000 -1105.000000 325.000000 -881.000000
8613.000000 -748.000000 -1799.000000 -1022.000000 190.000000 -873.000000
8524.000000 -835.000000 -1716.000000 -932.000000 -98.000000 -868.000000
8415.000000 -804.000000 -1851.000000 -824.000000 -279.000000 -835.000000
8453.000000 -742.000000 -1966.000000 -843.000000 -89.000000 -724.000000
8473.000000 -719.000000 -1950.000000 -947.000000 120.000000 -635.000000
8378.000000 -718.000000 -1911.000000 -1005.000000 72.000000 -664.000000
8283.000000 -725.000000 -1826.000000 -1089.000000 60.000000 -759.000000
8213.000000 -695.000000 -1862.000000 -1125.000000 95.000000 -820.000000
8137.000000 -703.000000 -1743.000000 -1173.000000 191.000000 -825.000000
8107.000000 -712.000000 -1653.000000 -1154.000000 121.000000 -829.000000
8117.000000 -711.000000 -1663.000000 -1071.000000 16.000000 -772.000000
8078.000000 -662.000000 -1649.000000 -972.000000 -128.000000 -670.000000
8087.000000 -625.000000 -1680.000000 -881.000000 -183.000000 -590.000000
8069.000000 -601.000000 -1782.000000 -822.000000 -190.000000 -526.000000
8138.000000 -593.000000 -1767.000000 -783.000000 -55.000000 -453.000000
8233.000000 -617.000000 -1831.000000 -725.000000 -25.000000 -371.000000
8327.000000 -555.000000 -1840.000000 -687.000000 -58.000000 -234.000000
8404.000000 -587.000000 -1818.000000 -711.000000 74.000000 -114.000000
8398.000000 -561.000000 -1785.000000 -704.000000 127.000000 -61.000000
8431.000000 -512.000000 -1779.000000 -678.000000 75.000000 -64.000000
8408.000000 -476.000000 -1896.000000 -672.000000 192.000000 -79.000000
