0.899536 0.202881 -0.206543 0.200790 0.109177 -0.544933
0.873413 0.175049 -0.237061 0.229983 0.084968 -0.463288
0.779907 0.208374 -0.241455 0.219302 0.051740 -0.359571
0.739868 0.229004 -0.147827 0.187973 0.135047 -0.254666
0.780884 0.221313 -0.162598 0.199841 0.168037 -0.180853
0.781616 0.195557 -0.108398 0.250394 0.120806 -0.149999
0.738037 0.179199 -0.108765 0.317324 0.091613 -0.166376
0.673706 0.149170 -0.098389 0.383067 0.105616 -0.182752
0.582153 0.114868 -0.099854 0.464238 0.079034 -0.131249
0.519165 0.111938 -0.089600 0.527607 0.007595 0.005934
0.493530 0.130493 -0.064575 0.570329 -0.013054 0.194619
0.470825 0.106689 -0.056152 0.610439 0.055300 0.356960
0.431396 0.095581 -0.052002 0.636547 0.054588 0.459253
0.372681 0.082642 -0.060547 0.638683 0.004035 0.517164
0.304688 0.054932 -0.055054 0.617322 -0.082357 0.567718
0.263428 -0.013916 -0.058472 0.597386 -0.126265 0.658857
0.259155 -0.104492 -0.049316 0.604506 -0.168037 0.834014
0.336792 -0.196655 -0.047363 0.653872 -0.136708 1.087256
0.422241 -0.268921 -0.041504 0.748571 -0.012816 1.337887
0.508789 -0.331055 -0.040771 0.906640 0.139319 1.524911
0.567627 -0.342773 -0.112061 1.127366 0.231169 1.648091
0.614624 -0.346069 -0.243896 1.354501 0.266296 1.729736
0.640747 -0.328369 -0.419189 1.504025 0.300947 1.789308
0.656494 -0.288330 -0.586426 1.523487 0.386865 1.850067
0.674805 -0.283936 -0.740234 1.419770 0.453557 1.923406
0.708740 -0.260986 -0.881348 1.231796 0.493193 2.006949
0.760986 -0.249878 -1.003540 1.006797 0.475630 2.086933
0.846802 -0.242554 -1.121826 0.761862 0.393748 2.158135
0.953613 -0.215698 -1.252075 0.502212 0.282910 2.202992
1.057129 -0.208252 -1.356445 0.212420 0.181565 2.200619
1.167603 -0.217407 -1.438965 -0.123654 0.131487 2.157423
1.257568 -0.236572 -1.484253 -0.501263 0.148812 2.094765
1.348022 -0.262329 -1.492188 -0.883618 0.156170 2.011459
1.449463 -0.284058 -1.464111 -1.245087 0.135284 1.910589
1.548218 -0.301025 -1.399658 -1.566208 0.086392 1.796429
1.649414 -0.296631 -1.318237 -1.829182 0.038449 1.658059
1.709717 -0.285400 -1.229370 -2.029022 0.021835 1.492633
1.753052 -0.271729 -1.137573 -2.172613 0.026819 1.314865
1.792725 -0.243164 -1.038818 -2.261141 0.064319 1.144930
1.819458 -0.229614 -0.944214 -2.306710 0.137657 0.987810
1.834961 -0.210693 -0.850586 -2.317390 0.255615 0.831166
1.852905 -0.189697 -0.767334 -2.305286 0.354586 0.667638
1.869385 -0.176636 -0.690552 -2.290097 0.371912 0.481089
1.888794 -0.168579 -0.613770 -2.297929 0.288131 0.251581
1.912598 -0.183350 -0.527222 -2.343973 0.153084 -0.020411
1.930664 -0.203247 -0.432007 -2.412801 -0.020411 -0.318511
1.930420 -0.236816 -0.318359 -2.474510 -0.192483 -0.618983
1.921509 -0.294067 -0.212402 -2.510586 -0.377134 -0.896909
1.939575 -0.320557 -0.089844 -2.507500 -0.543747 -1.147303
1.924683 -0.335327 0.027344 -2.460981 -0.634885 -1.391526
1.862427 -0.344971 0.138916 -2.365096 -0.616847 -1.648803
1.773804 -0.354736 0.225464 -2.217708 -0.569379 -1.893263
1.671021 -0.384033 0.275146 -2.026174 -0.534253 -2.091205
1.584351 -0.375854 0.312256 -1.813517 -0.529743 -2.228388
1.502563 -0.343384 0.337891 -1.600623 -0.529743 -2.342549
1.419312 -0.331543 0.362793 -1.406241 -0.535202 -2.478307
1.313477 -0.325073 0.372192 -1.238442 -0.517877 -2.629968
1.192627 -0.310791 0.391968 -1.081322 -0.507196 -2.759793
1.061523 -0.311646 0.401611 -0.911149 -0.492718 -2.849033
0.943604 -0.302246 0.402344 -0.721040 -0.465899 -2.882498
0.828247 -0.275879 0.397949 -0.512418 -0.447149 -2.871343
0.726196 -0.247192 0.383911 -0.290742 -0.386153 -2.833131
0.625488 -0.232544 0.354004 -0.068354 -0.297625 -2.773796
0.516602 -0.219360 0.326660 0.154271 -0.213369 -2.686692
0.413452 -0.198486 0.289185 0.377608 -0.137895 -2.563512
0.325439 -0.165527 0.253174 0.586231 -0.065743 -2.390017
0.247803 -0.146118 0.211426 0.758065 0.014715 -2.190888
0.159058 -0.130005 0.173096 0.894061 0.105142 -2.006000
0.075562 -0.110962 0.136230 1.013443 0.141217 -1.818976
0.010010 -0.091309 0.108643 1.111465 0.117009 -1.597775
-0.061279 -0.083496 0.087402 1.194296 0.089477 -1.367555
-0.130615 -0.066528 0.075317 1.284011 0.042009 -1.140895
-0.197388 -0.048706 0.052612 1.387491 -0.018513 -0.894298
-0.259033 -0.055542 0.026001 1.482190 -0.056012 -0.613050
-0.285034 -0.069336 0.002319 1.557190 -0.046044 -0.297387
-0.311646 -0.092896 -0.015015 1.625306 0.025633 0.054588
-0.331909 -0.127808 -0.037598 1.691761 0.169461 0.440504
-0.328857 -0.170044 -0.064331 1.766049 0.326818 0.857273
-0.295166 -0.243896 -0.094482 1.854577 0.441928 1.296827
-0.182495 -0.333130 -0.115967 1.975146 0.487497 1.732584
-0.023560 -0.406982 -0.157471 2.128942 0.450235 2.137487
0.135376 -0.462280 -0.222534 2.300302 0.352450 2.463355
0.327759 -0.500000 -0.301392 2.478307 0.285283 2.677910
0.499146 -0.505249 -0.387817 2.653939 0.289792 2.805837
0.638428 -0.477661 -0.488770 2.811058 0.401580 2.862561
0.733154 -0.449585 -0.584595 2.926168 0.623968 2.869444
0.803711 -0.434448 -0.699341 2.971500 0.866529 2.879175
0.915405 -0.463867 -0.849731 2.958209 1.032193 2.921184
1.053589 -0.523193 -0.992920 2.916437 1.018427 2.968178
1.196289 -0.466187 -1.157104 2.854729 0.850390 2.968890
1.385986 -0.433228 -1.293457 2.738195 0.588367 2.888431
1.553101 -0.393311 -1.396240 2.540490 0.300947 2.706866
1.728027 -0.359375 -1.438965 2.271347 0.162103 2.441045
1.845459 -0.385376 -1.409058 1.985351 0.298099 2.187328
1.854736 -0.385376 -1.359497 1.715733 0.813840 2.027123
1.828125 -0.365723 -1.320801 1.484089 1.374675 1.928390
1.749268 -0.345215 -1.295166 1.273331 1.611541 1.816603
1.693970 -0.294434 -1.267334 1.025547 1.515892 1.630053
1.641602 -0.240234 -1.225952 0.701103 0.975706 1.325546
1.590210 -0.233521 -1.161011 0.324444 0.166376 0.906640
1.529053 -0.247681 -1.073608 -0.064082 -0.479190 0.493668
1.457886 -0.284790 -0.954468 -0.419143 -0.799599 0.215742
1.424805 -0.308350 -0.801270 -0.674758 -0.835912 0.054588
1.379395 -0.337402 -0.644775 -0.784410 -0.650312 -0.068829
1.301392 -0.356323 -0.542114 -0.750707 -0.403478 -0.192958
1.213867 -0.370117 -0.491211 -0.628952 -0.248258 -0.304745
1.120239 -0.371460 -0.472656 -0.484886 -0.209334 -0.381643
1.061523 -0.357056 -0.469971 -0.371912 -0.226660 -0.426263
1.018433 -0.344116 -0.474976 -0.307118 -0.249682 -0.454269
0.970459 -0.327759 -0.473999 -0.292641 -0.275315 -0.491057
0.926636 -0.327148 -0.465820 -0.317324 -0.290030 -0.537813
0.874268 -0.322876 -0.450073 -0.355773 -0.326106 -0.577924
0.829590 -0.329712 -0.424927 -0.390187 -0.348890 -0.597860
0.801392 -0.344604 -0.409912 -0.408937 -0.324444 -0.588604
0.778198 -0.360718 -0.382813 -0.403004 -0.243986 -0.537576
0.769653 -0.378540 -0.361938 -0.365029 -0.137895 -0.458067
0.781860 -0.377441 -0.346802 -0.300710 -0.028243 -0.374523
0.777100 -0.373169 -0.348877 -0.227372 0.058623 -0.312577
0.782104 -0.368408 -0.349365 -0.169936 0.129350 -0.276501
0.774414 -0.368896 -0.354980 -0.133385 0.177768 -0.258701
0.757080 -0.367432 -0.353882 -0.108227 0.199603 -0.252055
0.741821 -0.362549 -0.373413 -0.088528 0.164952 -0.251106
0.740479 -0.350464 -0.386353 -0.095411 0.100632 -0.235916
0.736206 -0.342529 -0.388062 -0.132199 0.069778 -0.216217
0.732422 -0.341064 -0.371216 -0.181091 0.069066 -0.194144
0.732178 -0.352051 -0.356812 -0.212657 0.056724 -0.168274
0.750000 -0.353149 -0.348022 -0.214793 0.028006 -0.138607
0.748535 -0.348877 -0.358887 -0.181565 0.027057 -0.119382
0.749268 -0.335205 -0.366821 -0.123180 0.042009 -0.106566
0.738281 -0.323608 -0.384766 -0.057199 0.052452 -0.090664
0.727173 -0.304565 -0.410522 0.000712 0.055775 -0.064082
0.725342 -0.281494 -0.422852 0.042247 0.050316 -0.023022
0.734741 -0.273071 -0.446167 0.052215 0.077848 0.037262
0.760620 -0.261475 -0.459106 0.027294 0.106328 0.101819
0.798340 -0.265381 -0.459595 -0.022073 0.134809 0.136471
0.815430 -0.282349 -0.453491 -0.074762 0.173733 0.137895
0.837402 -0.300537 -0.446289 -0.102768 0.181091 0.134097
0.847412 -0.312012 -0.451294 -0.101107 0.171122 0.145252
0.870605 -0.311768 -0.461914 -0.083306 0.171360 0.163527
0.898193 -0.312256 -0.468384 -0.060759 0.213369 0.192008
0.913696 -0.304321 -0.474487 -0.045095 0.292403 0.222151
0.921631 -0.299072 -0.474487 -0.044383 0.372624 0.230695
0.926025 -0.305542 -0.476074 -0.044857 0.411785 0.218116
0.924316 -0.309326 -0.475342 -0.046281 0.391611 0.202926
0.941284 -0.307007 -0.465820 -0.055300 0.329903 0.187261
0.946411 -0.307373 -0.462524 -0.075474 0.268195 0.156882
0.948486 -0.307129 -0.457886 -0.092563 0.201502 0.106803
0.944946 -0.292603 -0.455688 -0.101107 0.122468 0.048180
0.927124 -0.288452 -0.448730 -0.106328 0.061471 -0.005696
0.910034 -0.283447 -0.442871 -0.114873 0.057674 -0.037262
