0.983032 0.384033 -0.007568 0.010918 0.056962 -0.569379
0.913086 0.392822 -0.014404 -0.054588 0.253005 -0.548019
0.861084 0.400269 0.002319 -0.121518 0.327530 -0.463763
0.906494 0.337524 -0.032959 -0.145490 0.061471 -0.309492
0.836914 0.350952 0.062988 -0.202451 0.241612 -0.237103
0.847534 0.368042 0.096436 -0.225948 0.171122 -0.127214
0.843384 0.338013 0.125366 -0.201977 0.263922 -0.034414
0.813843 0.334106 0.141602 -0.175869 0.343669 0.031804
0.792358 0.326660 0.144653 -0.136233 0.418431 0.091851
0.760986 0.317871 0.144897 -0.095411 0.410599 0.125790
0.715454 0.310547 0.152588 -0.075237 0.347466 0.129825
0.656372 0.304077 0.162964 -0.055775 0.247783 0.125316
0.599487 0.301270 0.168091 -0.033702 0.098734 0.124604
0.542236 0.293579 0.186035 -0.016614 -0.071677 0.124604
0.499878 0.261353 0.199829 0.000712 -0.243036 0.146439
0.470947 0.203491 0.195313 0.028006 -0.367640 0.219777
0.467041 0.128174 0.187866 0.063845 -0.360757 0.367165
0.483154 0.076416 0.175171 0.132199 -0.220489 0.549205
0.495361 0.039673 0.149292 0.230220 -0.090189 0.717242
0.526855 0.006714 0.109009 0.335836 -0.069541 0.856798
0.538574 -0.027466 0.062988 0.437893 -0.116534 0.951260
0.531128 -0.051147 0.008423 0.521674 -0.161866 1.019139
0.534668 -0.076172 -0.036743 0.576500 -0.236154 1.091291
0.563599 -0.100342 -0.095215 0.610914 -0.354112 1.184091
0.619507 -0.130493 -0.150757 0.640107 -0.473969 1.321036
0.691772 -0.138428 -0.209106 0.678081 -0.571041 1.469136
0.765015 -0.139648 -0.265625 0.716056 -0.691847 1.575702
0.841064 -0.145264 -0.337280 0.750233 -0.857985 1.637173
0.905151 -0.153076 -0.418335 0.763761 -1.066370 1.665654
0.981079 -0.171143 -0.510254 0.756878 -1.263362 1.689863
1.068726 -0.170288 -0.589722 0.737416 -1.392950 1.751097
1.170288 -0.160400 -0.666260 0.711309 -1.403868 1.813754
1.271729 -0.149414 -0.742432 0.668113 -1.359960 1.850542
1.369995 -0.137085 -0.831299 0.588604 -1.321985 1.866919
1.467407 -0.111938 -0.903442 0.466136 -1.329818 1.854102
1.562500 -0.099854 -0.989868 0.304508 -1.348805 1.808058
1.666748 -0.061035 -1.058960 0.078085 -1.204265 1.721666
1.731079 -0.031006 -1.075439 -0.206486 -0.968111 1.595401
1.784302 0.000854 -1.069458 -0.517877 -0.749995 1.459168
1.815063 0.003540 -1.045166 -0.837337 -0.594537 1.286859
1.855957 0.005615 -1.011353 -1.124518 -0.496041 1.102208
1.898193 0.012695 -0.950562 -1.371115 -0.457355 0.915184
1.917236 0.016235 -0.891113 -1.581161 -0.411311 0.714632
1.909668 0.003174 -0.843140 -1.781001 -0.293590 0.525709
1.881348 -0.019653 -0.784424 -1.970874 -0.124366 0.363605
1.840210 -0.032593 -0.719849 -2.137487 0.042484 0.218828
1.799805 -0.043579 -0.645020 -2.297454 0.202689 0.099683
1.760376 -0.063110 -0.579834 -2.455285 0.297387 -0.006646
1.716309 -0.078247 -0.507080 -2.610031 0.397782 -0.111550
1.670410 -0.070068 -0.403076 -2.746264 0.482275 -0.184176
1.632446 -0.047974 -0.257202 -2.869444 0.518351 -0.235679
1.621460 -0.047974 -0.172607 -2.949428 0.373574 -0.277451
1.610474 -0.045410 -0.059692 -3.011136 0.311153 -0.333938
1.597290 -0.048462 0.049072 -3.037006 0.273179 -0.402292
1.576050 -0.059937 0.139526 -3.018968 0.290742 -0.479427
1.566772 -0.093018 0.256470 -2.970076 0.357197 -0.551104
1.539795 -0.094604 0.339600 -2.855916 0.401817 -0.617559
1.541504 -0.085449 0.420166 -2.699983 0.477766 -0.658857
1.532593 -0.090576 0.486938 -2.519604 0.558462 -0.715344
1.531128 -0.091187 0.537109 -2.335666 0.634173 -0.806957
1.506836 -0.085815 0.560425 -2.137961 0.693271 -0.927526
1.489380 -0.074829 0.589478 -1.937883 0.739315 -1.058300
1.464600 -0.065186 0.621216 -1.732821 0.753793 -1.201416
1.429932 -0.043823 0.630371 -1.513994 0.694220 -1.373013
1.379639 -0.026733 0.630127 -1.296115 0.607591 -1.561462
1.319824 -0.043457 0.647461 -1.092477 0.517877 -1.721904
1.245972 -0.015503 0.598633 -0.886229 0.405140 -1.853628
1.153809 0.006592 0.587158 -0.718666 0.423178 -1.942156
1.100952 0.043701 0.564087 -0.569379 0.403241 -1.974196
1.012573 0.050659 0.537842 -0.442877 0.375947 -2.047535
0.928711 0.061279 0.513428 -0.341058 0.295489 -2.096189
0.847046 0.079224 0.495972 -0.249207 0.318036 -2.107344
0.774414 0.089600 0.481201 -0.151660 0.405615 -2.079101
0.724243 0.094116 0.453735 -0.042484 0.397545 -2.015731
0.678223 0.127686 0.436646 0.079034 0.409175 -1.970399
0.614990 0.166626 0.400146 0.190584 0.442402 -1.957583
0.549194 0.177368 0.363770 0.267482 0.499839 -1.933137
0.486938 0.162842 0.325073 0.324444 0.518589 -1.893026
0.436157 0.174316 0.305908 0.367403 0.537576 -1.856238
0.370850 0.197388 0.295776 0.406327 0.549680 -1.802362
0.313354 0.194946 0.289429 0.458067 0.521199 -1.723090
0.272461 0.180420 0.307739 0.512655 0.489396 -1.637648
0.198608 0.200317 0.299683 0.586231 0.442640 -1.532981
0.156738 0.179688 0.264648 0.666214 0.402292 -1.370403
0.098267 0.174438 0.260498 0.740027 0.366216 -1.199755
0.081177 0.184692 0.259521 0.822859 0.278163 -1.008222
0.099365 0.182129 0.243408 0.940580 0.196992 -0.775628
0.118042 0.186401 0.212402 1.094376 0.206486 -0.549680
0.130005 0.197754 0.160645 1.252445 0.264634 -0.358621
0.131592 0.205566 0.093140 1.376574 0.346042 -0.201977
0.123413 0.202026 0.028564 1.456083 0.434570 -0.071439
0.108032 0.189453 -0.024292 1.496193 0.487260 0.037737
0.110107 0.170776 -0.072876 1.495244 0.506959 0.155695
0.107544 0.151367 -0.094849 1.453235 0.510282 0.287182
0.119385 0.144165 -0.104370 1.408377 0.482275 0.435282
0.155151 0.144043 -0.128052 1.401257 0.410836 0.604743
0.210327 0.152588 -0.156982 1.429975 0.308542 0.780850
0.280518 0.163696 -0.180542 1.473408 0.191771 0.931798
0.339844 0.163452 -0.202393 1.507586 0.096597 1.048332
0.379517 0.151367 -0.204346 1.516842 0.076898 1.170325
0.398193 0.138306 -0.256592 1.518503 0.119620 1.326495
0.429199 0.130371 -0.290527 1.478630 0.305694 1.524911
0.472778 0.124756 -0.318726 1.424754 0.446674 1.733059
0.515015 0.119873 -0.348267 1.368741 0.483462 1.909403
0.581299 0.094360 -0.379272 1.301811 0.374048 2.049671
0.683228 0.070435 -0.399170 1.208299 0.179667 2.188752
0.799072 0.042603 -0.416504 1.107667 -0.003560 2.332343
0.935913 0.025635 -0.441162 1.033142 -0.119145 2.494921
1.105957 0.032959 -0.483276 0.978079 -0.181803 2.656312
1.265625 0.044067 -0.494751 0.902605 -0.211233 2.740331
1.410034 0.064819 -0.506836 0.813365 -0.338685 2.694050
1.506226 0.068970 -0.534546 0.707274 -0.470408 2.546424
1.600342 0.052246 -0.549927 0.561310 -0.458779 2.373166
1.682495 0.040649 -0.515747 0.409412 -0.418906 2.175224
1.758667 0.030273 -0.482788 0.325868 -0.614949 1.961855
1.793823 0.041626 -0.444092 0.305932 -0.964314 1.707189
1.789185 0.034180 -0.444824 0.315900 -1.270008 1.454659
1.759521 0.042480 -0.453613 0.281011 -1.164154 1.239154
1.714722 0.040527 -0.450195 0.219777 -0.888365 1.049281
1.647095 0.031006 -0.449707 0.172309 -0.681167 0.890263
1.591309 0.018677 -0.443115 0.105616 -0.417719 0.759014
1.508667 0.027710 -0.404053 0.025395 -0.168037 0.674521
1.483643 0.046997 -0.382690 0.005696 -0.611389 0.637259
1.463501 0.028076 -0.386230 0.001187 -0.650787 0.576025
1.460083 -0.000610 -0.407471 -0.010918 -0.431247 0.490108
1.427856 0.033447 -0.429810 -0.049367 -0.203638 0.436231
1.416260 0.041992 -0.395508 -0.102768 0.031092 0.407276
1.406128 0.042847 -0.386841 -0.134572 0.197467 0.366453
1.372559 0.050537 -0.374390 -0.167088 0.345805 0.304982
1.344238 0.052246 -0.360229 -0.193432 0.440266 0.246359
1.309326 0.045044 -0.342163 -0.222863 0.492006 0.186787
1.272583 0.034424 -0.329468 -0.258226 0.502212 0.134335
1.254517 0.016724 -0.306641 -0.294065 0.476342 0.100632
1.237671 0.007935 -0.277954 -0.320884 0.423178 0.077373
1.227051 0.013428 -0.245605 -0.323732 0.298099 0.058860
1.218994 -0.004272 -0.224731 -0.302846 0.139319 0.037737
1.196777 -0.008789 -0.200806 -0.277451 0.067642 0.010918
1.182861 -0.011230 -0.192261 -0.246834 0.068829 -0.003085
1.159790 -0.020508 -0.189941 -0.201977 0.063845 -0.007120
1.148560 -0.011108 -0.194214 -0.148100 0.002373 0.000237
1.139526 -0.010986 -0.212402 -0.100870 -0.037262 0.001661
1.133545 -0.002319 -0.232178 -0.077136 -0.026345 0.005934
1.117188 0.005981 -0.242065 -0.081882 -0.003323 0.013291
1.111816 0.008057 -0.240356 -0.099683 -0.055538 0.014715
1.111572 0.007446 -0.247681 -0.110601 -0.094224 0.002373
1.113281 0.004028 -0.241943 -0.117483 -0.097072 -0.015902
1.119385 -0.001221 -0.243286 -0.126265 -0.098734 -0.019462
1.121094 0.000122 -0.239868 -0.137183 -0.072626 -0.014240
1.126709 0.004639 -0.237427 -0.144303 -0.024921 -0.012579
1.116699 0.007935 -0.234985 -0.149287 0.014003 -0.020174
