0.903931 0.322021 -0.208618 -0.039161 -0.069541 -0.078797
0.909912 0.324219 -0.210938 -0.055300 -0.168986 -0.065506
0.913818 0.325806 -0.203491 -0.078797 -0.266296 -0.037737
0.907715 0.317627 -0.203735 -0.103955 -0.223337 -0.024921
0.964233 0.298706 -0.153442 -0.118670 -0.009968 0.008307
0.906128 0.336060 -0.203125 -0.099920 -0.153084 0.035838
0.916748 0.323242 -0.176025 -0.047468 -0.165901 0.061471
0.930786 0.321167 -0.161377 0.021598 -0.204350 0.051503
0.900269 0.213013 -0.337646 0.050079 -0.270093 0.022310
0.963013 0.345703 -0.150513 -0.034652 0.395884 -0.013291
0.956055 0.362183 -0.158081 -0.181328 0.290742 -0.016139
0.959106 0.314331 -0.217773 -0.221913 0.126265 -0.005696
0.964600 0.321777 -0.118530 -0.171834 0.275552 -0.001661
0.959961 0.336060 -0.138062 -0.106091 0.124604 -0.019937
0.968750 0.338989 -0.159546 -0.038686 0.041297 -0.041060
0.968018 0.327515 -0.174561 0.008544 0.003323 -0.067167
0.937744 0.311279 -0.186523 0.013766 -0.057436 -0.110126
0.930786 0.322144 -0.179565 -0.033465 -0.098971 -0.142167
0.930054 0.334839 -0.172241 -0.077848 -0.115585 -0.138844
0.916138 0.339233 -0.165527 -0.088291 -0.103955 -0.105379
0.935913 0.352539 -0.157349 -0.075474 -0.029668 -0.066455
0.972778 0.362061 -0.176025 -0.042484 0.032516 -0.042484
0.970947 0.376831 -0.179077 0.007595 0.018987 -0.043671
0.982056 0.363525 -0.183472 0.051503 -0.001187 -0.054351
0.995728 0.354248 -0.184692 0.070965 -0.034414 -0.075474
0.994873 0.342285 -0.179565 0.065031 -0.009968 -0.105616
1.008545 0.344849 -0.169312 0.049129 0.043908 -0.151186
0.975586 0.339111 -0.185303 0.042247 0.065981 -0.205062
0.946411 0.337158 -0.187012 0.053639 0.038924 -0.247071
0.942871 0.360718 -0.192139 0.063133 0.002611 -0.246597
0.939941 0.361694 -0.188354 0.046756 -0.034177 -0.206961
0.942749 0.349609 -0.188354 0.012579 -0.039873 -0.177531
0.939087 0.355591 -0.178955 -0.030617 -0.023971 -0.185125
0.936523 0.350220 -0.183228 -0.055538 -0.010680 -0.205774
0.929077 0.368408 -0.178589 -0.051266 -0.029193 -0.218590
0.940918 0.374634 -0.190918 -0.033940 -0.026819 -0.216217
0.938599 0.374512 -0.196289 -0.020649 -0.028006 -0.207198
0.935059 0.365601 -0.200806 -0.023497 -0.003085 -0.200790
0.926270 0.366089 -0.209717 -0.037262 0.020174 -0.192958
0.920898 0.367310 -0.214478 -0.059810 0.028243 -0.189398
0.913452 0.381958 -0.215942 -0.090901 0.002611 -0.197230
0.900879 0.383423 -0.224243 -0.122230 -0.015190 -0.208622
0.895508 0.392944 -0.223145 -0.145490 -0.066930 -0.216692
0.897949 0.392212 -0.218628 -0.166613 -0.128638 -0.213606
0.898682 0.391968 -0.211914 -0.190110 -0.158069 -0.208385
0.893921 0.383301 -0.199585 -0.216929 -0.174208 -0.209097
0.880249 0.371826 -0.186157 -0.230220 -0.198416 -0.220489
0.852051 0.355835 -0.177002 -0.231644 -0.238527 -0.244698
0.835083 0.346680 -0.155640 -0.229508 -0.292878 -0.263448
0.802490 0.328247 -0.130493 -0.226660 -0.352213 -0.268195
0.789063 0.314087 -0.096436 -0.216929 -0.386390 -0.251106
0.770142 0.310059 -0.034058 -0.196755 -0.387814 -0.216692
0.738892 0.284058 0.017090 -0.156645 -0.315188 -0.165426
0.701294 0.241455 0.063110 -0.096835 -0.219302 -0.092800
0.663330 0.207764 0.134888 -0.024683 -0.182277 -0.014715
0.630371 0.165894 0.197876 0.050553 -0.201739 0.044857
0.599731 0.113159 0.251465 0.136945 -0.245410 0.092563
0.560791 0.079956 0.324951 0.257752 -0.339397 0.128876
0.531494 0.059937 0.381958 0.431722 -0.483462 0.157594
0.525513 0.051025 0.398071 0.673572 -0.613287 0.205299
0.520996 0.024780 0.365845 0.988522 -0.695882 0.286944
0.539795 0.009399 0.299438 1.346194 -0.689711 0.407988
0.584595 -0.005615 0.214844 1.685116 -0.664315 0.555376
0.631348 -0.017456 0.142090 1.942630 -0.599759 0.690423
0.676880 -0.040039 0.094604 2.061063 -0.509095 0.787020
0.715576 -0.052002 0.059448 2.059402 -0.463051 0.834726
0.748169 -0.057251 0.038574 2.032582 -0.476105 0.842558
0.776367 -0.037964 -0.025391 2.071506 -0.556326 0.830216
0.817017 -0.016113 -0.110840 2.214859 -0.653160 0.813840
0.843018 0.002441 -0.224731 2.418735 -0.656958 0.817875
0.873779 0.028320 -0.352539 2.591993 -0.512180 0.868903
0.927612 0.073120 -0.507446 2.666518 -0.281723 0.961465
0.972412 0.115967 -0.640137 2.610743 -0.013766 1.053316
1.011597 0.128540 -0.747803 2.418260 0.196755 1.092477
1.065308 0.154663 -0.817383 2.133214 0.245885 1.059487
1.095581 0.163208 -0.845215 1.839387 0.155695 0.972383
1.123413 0.145752 -0.860474 1.606319 0.025395 0.871514
1.166626 0.127930 -0.887817 1.430925 -0.032990 0.797463
1.200684 0.112183 -0.889771 1.315814 0.033465 0.770881
1.228149 0.112061 -0.912354 1.234169 0.177056 0.753318
1.231323 0.118652 -0.928223 1.161781 0.313289 0.711309
1.220825 0.116577 -0.943726 1.068506 0.366691 0.642955
1.203979 0.121460 -0.938110 0.935358 0.335124 0.563209
1.190918 0.118652 -0.927246 0.777052 0.259176 0.480851
1.175659 0.112915 -0.923462 0.636547 0.190822 0.403478
1.149414 0.114136 -0.927734 0.540661 0.164477 0.336786
1.109741 0.111572 -0.942871 0.474681 0.153084 0.290505
1.086182 0.112183 -0.963257 0.396358 0.162341 0.278875
1.079468 0.103027 -0.968994 0.277688 0.206249 0.293353
1.077515 0.090576 -0.964844 0.124841 0.259888 0.304982
1.080078 0.074097 -0.954224 -0.029905 0.294065 0.299286
1.084106 0.059082 -0.931030 -0.170410 0.292166 0.272704
1.063477 0.045288 -0.908447 -0.296913 0.292166 0.238290
1.039063 0.030151 -0.887573 -0.411548 0.302134 0.204825
1.010620 0.023438 -0.864746 -0.516452 0.309729 0.185125
0.986816 0.011108 -0.849609 -0.618509 0.313052 0.179904
0.964600 -0.005127 -0.842163 -0.723651 0.318273 0.176344
0.937744 -0.028931 -0.827393 -0.827368 0.320884 0.167325
0.920776 -0.045654 -0.833862 -0.915184 0.303558 0.164477
0.919434 -0.052246 -0.848877 -0.983301 0.300710 0.174682
0.922363 -0.048828 -0.877686 -1.054503 0.360520 0.187736
0.924316 -0.033813 -0.897827 -1.149676 0.482513 0.197942
0.911255 -0.023682 -0.922974 -1.265498 0.625629 0.208147
0.881348 -0.028687 -0.934326 -1.392713 0.722701 0.226185
0.880493 -0.031250 -0.917725 -1.528471 0.718666 0.254191
0.894165 -0.043213 -0.895752 -1.684879 0.643904 0.274365
0.915283 -0.050293 -0.833496 -1.866681 0.538762 0.268195
0.926270 -0.068359 -0.760498 -2.052994 0.378795 0.229033
0.928345 -0.089111 -0.660156 -2.202992 0.225711 0.184413
0.942139 -0.084473 -0.549438 -2.302913 0.106091 0.161629
0.968994 -0.097534 -0.481079 -2.335903 0.075949 0.181565
0.988403 -0.099121 -0.413940 -2.301251 0.122468 0.213132
0.992065 -0.102051 -0.379761 -2.232897 0.191534 0.240900
0.992065 -0.094482 -0.335815 -2.174749 0.253479 0.253954
0.989502 -0.075928 -0.287964 -2.162882 0.251106 0.246359
0.994751 -0.081177 -0.208008 -2.202043 0.160442 0.218828
1.021729 -0.085938 -0.112061 -2.267549 0.013054 0.177531
1.049194 -0.098022 -0.021729 -2.302913 -0.104667 0.145015
1.080200 -0.126587 0.084351 -2.273008 -0.142167 0.130062
1.109863 -0.138916 0.183594 -2.188040 -0.112262 0.110363
1.101563 -0.135742 0.266479 -2.042551 -0.064082 0.069778
1.088501 -0.143677 0.318115 -1.840099 -0.023971 0.022073
1.070679 -0.132080 0.347412 -1.614151 -0.023497 -0.011630
1.051025 -0.110474 0.352783 -1.395561 -0.037025 -0.035601
1.032471 -0.088013 0.348267 -1.214945 -0.054588 -0.070015
1.004395 -0.075439 0.331421 -1.074914 -0.074762 -0.110601
0.967896 -0.067383 0.308838 -0.959804 -0.074050 -0.129350
0.944336 -0.062256 0.300903 -0.863207 -0.051978 -0.111075
0.933838 -0.058228 0.304199 -0.787258 -0.028956 -0.075712
0.917603 -0.059448 0.312866 -0.714632 0.006646 -0.048417
0.905640 -0.066528 0.325195 -0.620408 0.030142 -0.043196
0.873413 -0.069946 0.335815 -0.493193 0.010206 -0.053164
0.840332 -0.071899 0.334961 -0.341058 -0.046756 -0.062895
0.811035 -0.081665 0.341187 -0.201502 -0.123417 -0.065269
0.780518 -0.090576 0.346191 -0.093987 -0.188923 -0.056250
0.762573 -0.109741 0.353394 0.006646 -0.238290 -0.036076
0.747314 -0.135132 0.363525 0.128876 -0.281723 -0.016139
0.716797 -0.163574 0.358398 0.287894 -0.292641 0.006408
0.680542 -0.170166 0.368286 0.467560 -0.292878 0.042247
0.642090 -0.202393 0.358521 0.646040 -0.299761 0.092325
0.594482 -0.234741 0.365356 0.809330 -0.331564 0.149050
0.564941 -0.268799 0.368042 0.963364 -0.430535 0.210283
0.551636 -0.296143 0.367188 1.119534 -0.609015 0.261549
0.554077 -0.345825 0.353394 1.299201 -0.778239 0.298574
0.568848 -0.396484 0.340576 1.505687 -0.893349 0.337261
0.575317 -0.410889 0.250732 1.745638 -0.853238 0.410599
0.560669 -0.401855 0.147095 2.026411 -0.673097 0.535914
0.551880 -0.373291 0.057129 2.267549 -0.510756 0.688762
0.560547 -0.339844 -0.014038 2.395238 -0.461390 0.813840
0.596924 -0.329224 -0.059937 2.426567 -0.551341 0.882906
