0.937866 0.255615 0.007446 -0.913523 -0.512655 -0.132199
0.951904 0.147095 0.026123 -0.815027 -0.540899 0.149050
0.932129 0.153809 0.034668 -0.676894 -0.397070 0.236866
0.920532 0.131348 0.043091 -0.543035 -0.195568 0.236154
0.918579 0.123169 0.018921 -0.402292 -0.063845 0.208622
0.898193 0.177734 0.040283 -0.281960 0.047468 0.175157
0.873901 0.191528 0.070313 -0.193195 0.065506 0.121044
0.840942 0.173462 0.092163 -0.136471 0.062420 0.066693
0.789795 0.128052 0.120117 -0.126265 0.160679 0.050553
0.733887 0.076050 0.147827 -0.120806 0.396121 0.094224
0.683472 0.095215 0.187134 -0.100632 0.642717 0.182989
0.624634 0.117432 0.295898 -0.081645 0.815264 0.244935
0.581787 0.124023 0.413940 -0.058623 0.915659 0.264160
0.538330 0.130127 0.527832 -0.033940 0.962178 0.268669
0.482056 0.116333 0.620117 0.001187 0.899520 0.280774
0.475708 0.092407 0.705200 0.060047 0.760676 0.358621
0.485352 0.001221 0.782227 0.210283 0.656721 0.492718
0.586548 0.115479 0.898315 0.524285 0.585044 0.623968
0.618042 0.038940 0.852905 0.938681 0.295489 0.896197
0.700195 -0.035156 0.804932 1.357824 0.014952 1.090104
0.760742 -0.068481 0.705933 1.785986 -0.140268 1.187651
0.857544 -0.094971 0.549316 2.184717 -0.207673 1.319375
0.956299 -0.205811 0.354858 2.500854 -0.099446 1.392713
1.109131 -0.126343 0.281128 2.686692 0.068354 1.326020
1.201172 -0.103027 0.121338 2.717784 -0.150711 1.388203
1.293579 -0.150513 -0.137085 2.702831 -0.399206 1.354501
1.411377 -0.111572 -0.300171 2.674350 -0.558699 1.122382
1.490601 -0.052612 -0.518921 2.554019 -0.819299 0.901181
1.540527 0.007935 -0.728760 2.237170 -1.173173 0.706562
1.565674 0.006470 -0.916626 1.744688 -1.529895 0.554427
1.567749 -0.025391 -1.038330 1.266210 -1.709562 0.422940
1.580566 -0.008179 -1.111328 0.919219 -1.669214 0.287894
1.623291 0.007935 -1.134399 0.683303 -1.424754 0.217878
1.649902 0.000977 -1.116699 0.502449 -1.014392 0.235916
1.658203 -0.015503 -1.102783 0.360995 -0.529981 0.244935
1.626587 -0.044067 -1.145508 0.221438 -0.131724 0.245885
1.610962 -0.072998 -1.179321 0.033702 0.098259 0.238764
1.578125 -0.105713 -1.179565 -0.240426 0.181328 0.164714
1.495117 -0.150635 -1.148560 -0.536864 0.188211 0.030380
1.409546 -0.150269 -1.069092 -0.730533 0.208622 -0.179667
1.330933 -0.127686 -0.958008 -0.853238 0.183227 -0.367165
1.264404 -0.118042 -0.870483 -1.008696 0.135047 -0.463763
1.200317 -0.122070 -0.813965 -1.188600 0.130062 -0.523573
1.154907 -0.088623 -0.786987 -1.358061 0.164239 -0.515028
1.125610 -0.092163 -0.728271 -1.556003 0.167088 -0.495567
1.103149 -0.102783 -0.673828 -1.738280 0.145490 -0.480851
1.088013 -0.086182 -0.625732 -1.877362 0.130774 -0.453795
1.077148 -0.108154 -0.566284 -2.045398 0.162341 -0.431010
1.065552 -0.120239 -0.505249 -2.164306 0.258938 -0.412972
1.047485 -0.116577 -0.407593 -2.210350 0.408463 -0.394697
1.043579 -0.114502 -0.294067 -2.214385 0.567955 -0.377608
1.017578 -0.100220 -0.189087 -2.189939 0.726261 -0.357197
1.004150 -0.071289 -0.090820 -2.137961 0.857985 -0.341770
0.983154 -0.031616 -0.016724 -2.101648 0.939156 -0.351026
0.944214 0.003906 0.076538 -2.092155 1.002288 -0.384729
0.915161 0.037354 0.176514 -2.106870 1.020326 -0.440741
0.869629 0.060059 0.241943 -2.147692 0.961703 -0.474206
0.817017 0.065674 0.326660 -2.177360 0.840185 -0.496753
0.794312 0.069824 0.426392 -2.154575 0.644142 -0.510756
0.787964 0.060913 0.509155 -2.066997 0.435282 -0.492244
0.763916 0.052856 0.561157 -1.939545 0.364555 -0.451421
0.753174 0.072632 0.639038 -1.769372 0.458304 -0.370726
0.740479 0.082031 0.714111 -1.575227 0.562259 -0.276501
0.726318 0.111572 0.775635 -1.404105 0.617085 -0.176106
0.736328 0.117676 0.828003 -1.187888 0.632987 -0.066218
0.738281 0.120117 0.858521 -0.956244 0.552528 -0.011392
0.744995 0.143188 0.844971 -0.726499 0.442165 0.033940
0.745850 0.143311 0.822021 -0.567955 0.383305 0.091376
0.744629 0.135376 0.810547 -0.460203 0.394934 0.148100
0.736694 0.130493 0.807861 -0.362181 0.469222 0.215505
0.724243 0.118286 0.804199 -0.255141 0.521674 0.265584
0.735474 0.115601 0.797729 -0.132199 0.458067 0.351738
0.748413 0.128662 0.766235 -0.007120 0.273653 0.455456
0.776855 0.102661 0.721558 0.125553 0.078560 0.499839
0.828003 0.083862 0.673096 0.307356 -0.072863 0.538762
0.856934 0.060425 0.624268 0.480851 -0.190347 0.568667
0.897583 0.042480 0.563110 0.611626 -0.261786 0.591452
0.925659 0.013672 0.487183 0.700391 -0.268432 0.606167
0.929077 -0.016113 0.455078 0.763049 -0.172309 0.569379
0.931396 -0.017822 0.473999 0.822384 -0.047231 0.519775
0.909912 -0.015625 0.510986 0.877447 -0.006646 0.462576
0.901367 -0.027954 0.541504 0.920406 -0.085917 0.429823
0.899048 -0.037109 0.544556 0.999677 -0.270093 0.435757
0.883301 -0.056885 0.498169 1.092240 -0.476579 0.441453
0.940430 -0.055786 0.453857 1.150863 -0.644142 0.459253
0.884155 -0.103027 0.424561 1.222302 -0.758302 0.564395
0.965698 -0.093018 0.369873 1.340735 -0.817163 0.659569
1.029663 -0.108887 0.290894 1.493582 -0.760913 0.792954
1.103516 -0.124390 0.180786 1.621984 -0.616610 0.875311
1.160400 -0.123291 0.046631 1.681556 -0.457117 0.906403
1.192139 -0.117432 -0.041016 1.674198 -0.332276 0.877684
1.205078 -0.118286 -0.111694 1.620322 -0.259888 0.800549
1.217773 -0.139404 -0.147949 1.583772 -0.187973 0.717954
1.277710 -0.138184 -0.210693 1.553155 -0.111550 0.662417
1.334961 -0.128906 -0.343384 1.455371 -0.009019 0.667876
1.366089 -0.139893 -0.397217 1.360672 -0.181803 0.664553
1.420776 -0.139160 -0.454834 1.281163 -0.271517 0.648888
1.481567 -0.142944 -0.489014 1.246037 -0.109414 0.652448
1.515381 -0.114502 -0.488770 1.210910 0.088291 0.663366
1.919922 -0.095337 -0.508057 1.098411 0.165664 0.619933
1.617798 -0.130981 -0.552368 0.765660 0.453557 0.886941
1.351318 -0.091797 -0.545044 0.470171 0.423652 0.682116
1.380127 -0.027466 -0.519165 0.379032 0.281486 0.121993
1.338501 -0.042603 -0.444336 0.256090 0.132673 -0.147151
1.305786 -0.026245 -0.397827 0.080221 -0.178005 -0.192483
1.267456 -0.025391 -0.348999 -0.109651 -0.412972 -0.186549
1.266846 -0.032349 -0.311279 -0.261549 -0.553952 -0.213844
1.177612 -0.062134 -0.238892 -0.351976 -0.664790 -0.244223
1.156128 -0.061035 -0.206787 -0.339397 -0.583145 -0.286707
1.143799 -0.050171 -0.150024 -0.244223 -0.474443 -0.305220
1.136597 -0.036011 -0.128662 -0.190347 -0.410124 -0.282910
1.113159 -0.030884 -0.110229 -0.187973 -0.304033 -0.255615
1.098511 -0.038086 -0.079102 -0.228321 -0.124129 -0.227372
1.073975 -0.051392 -0.047974 -0.235679 0.032516 -0.189635
1.059814 -0.048584 -0.019897 -0.180616 0.125553 -0.164239
1.055054 -0.046509 -0.005493 -0.137895 0.160917 -0.134335
1.082764 -0.044922 -0.017944 -0.140980 0.158781 -0.119145
1.055664 -0.055664 -0.014038 -0.159493 0.137183 -0.089715
1.046021 -0.043945 -0.001343 -0.182752 0.112974 -0.067879
1.050659 -0.043945 0.017334 -0.205062 0.063370 -0.090189
1.053101 -0.044312 0.043335 -0.207673 -0.005221 -0.096835
1.042603 -0.041260 0.055786 -0.191296 -0.061946 -0.097784
1.036133 -0.046021 0.055298 -0.158069 -0.079509 -0.095173
1.036377 -0.032593 0.044434 -0.115110 -0.051503 -0.063607
1.037964 -0.023682 0.040405 -0.107278 -0.028006 -0.029905
1.047363 -0.025146 0.037109 -0.113923 -0.000237 0.000712
1.054688 -0.030884 0.030151 -0.111075 0.014715 0.024209
1.066895 -0.026245 0.027466 -0.115110 0.004747 0.033465
1.082764 -0.028198 0.028076 -0.109889 -0.025158 0.041060
1.089600 -0.025269 0.032471 -0.098734 -0.060522 0.023734
1.091797 -0.023193 0.035767 -0.092325 -0.067167 -0.007358
1.086670 -0.021484 0.021729 -0.091851 -0.039161 -0.023497
1.078003 -0.020630 0.017334 -0.093987 -0.003085 -0.039161
1.069702 -0.014038 0.025513 -0.085917 0.019937 -0.037737
1.070557 -0.008301 0.021484 -0.097784 0.004509 -0.033940
1.072388 -0.018433 0.010498 -0.107278 -0.011392 -0.030142
1.080933 -0.015015 0.005981 -0.100158 0.002373 -0.026107
1.077515 -0.012817 0.012085 -0.094461 0.031566 -0.030854
1.080444 -0.010864 0.027100 -0.090901 0.065981 -0.032753
1.073120 -0.015259 0.040283 -0.075712 0.069066 -0.042247
1.073730 -0.015381 0.047485 -0.062895 0.060759 -0.054588
1.072266 -0.025391 0.043945 -0.059572 0.045095 -0.045807
1.075317 -0.034058 0.047241 -0.037737 0.040823 -0.044383
1.073364 -0.029785 0.037109 -0.013766 0.043671 -0.040111
1.079834 -0.027344 0.023804 -0.008307 0.047705 -0.027531
1.077271 -0.026123 0.011353 -0.026819 0.047231 -0.034889
1.072021 -0.018066 0.010498 -0.051028 0.051028 -0.031804
1.073120 -0.011597 0.028198 -0.080933 0.034652 -0.033228
1.081787 -0.020630 0.029541 -0.111075 0.029668 -0.035126
1.076904 -0.028442 0.042480 -0.118907 0.043433 -0.034652
