0.741821 0.457886 -0.030640 -0.496991 -0.506009 -0.200553
0.813599 0.378906 -0.002563 -0.520250 -0.516690 -0.023734
0.741577 0.310303 -0.042358 -0.556326 -0.490820 -0.048655
0.639771 -0.095825 -0.022217 -0.634411 -0.129825 -0.067642
0.776489 0.530151 0.081055 -0.631800 0.117246 -0.381406
0.704224 0.422241 0.104736 -0.641293 0.072389 -0.070015
0.740479 0.282837 0.137695 -0.722227 0.103480 0.194619
0.677734 0.208374 0.201660 -0.773255 0.297387 0.096597
0.605225 0.228516 0.315552 -0.810754 0.500076 -0.036076
0.507446 0.237793 0.469238 -0.865343 0.548493 -0.075712
0.394043 0.197510 0.626587 -0.918507 0.443114 -0.084256
0.346313 0.137939 0.779419 -0.871276 0.286232 -0.032516
0.311401 0.116577 0.893188 -0.718666 0.147151 0.056012
0.251831 0.109741 0.992432 -0.518351 0.072389 0.183939
0.217651 0.122437 1.063843 -0.262736 0.024446 0.355536
0.224609 0.140747 1.087524 0.052690 -0.037262 0.576500
0.306152 0.129517 1.075928 0.435045 -0.119145 0.902368
0.479126 0.072632 0.987305 0.899045 -0.161629 1.327444
0.625488 -0.021606 0.842407 1.424754 -0.092325 1.715496
0.831787 -0.084595 0.660889 1.954497 0.011392 1.961380
1.067749 -0.089355 0.395020 2.408055 0.034177 2.068895
1.251831 -0.138306 0.077271 2.736771 -0.025633 2.109480
1.499878 -0.138916 -0.255615 2.890330 -0.154746 2.005763
1.592407 -0.052002 -0.455078 2.853305 -0.290267 1.752046
1.666382 -0.009766 -0.648682 2.661297 -0.473969 1.430450
1.736084 0.045288 -0.746338 2.434874 -0.520725 1.065421
1.740967 0.113037 -0.800171 2.114939 -0.428874 0.769457
1.735352 0.138184 -0.836670 1.759878 -0.266533 0.614711
1.751953 0.171631 -0.882324 1.494294 -0.100632 0.523335
1.750854 0.181396 -0.947510 1.309881 0.033465 0.426975
1.757813 0.202026 -0.980591 1.153948 0.143354 0.320172
1.734009 0.205811 -1.007813 0.966450 0.217166 0.224287
1.698975 0.189941 -1.015503 0.787020 0.330140 0.128638
1.642090 0.207397 -0.990601 0.584332 0.473969 0.027294
1.607910 0.188354 -0.931030 0.297862 0.580772 -0.027057
1.571655 0.146362 -0.852295 0.027057 0.620408 -0.090901
1.524292 0.124878 -0.760010 -0.158306 0.602132 -0.203163
1.461548 0.091675 -0.692627 -0.295251 0.517639 -0.321833
1.388428 0.079590 -0.642212 -0.413921 0.426738 -0.423890
1.321045 0.072510 -0.584717 -0.554902 0.379032 -0.472545
1.262329 0.034790 -0.530029 -0.705138 0.356485 -0.473494
1.232056 0.041504 -0.454224 -0.826419 0.337735 -0.456405
1.215942 0.035522 -0.399292 -0.910675 0.285520 -0.428637
1.208008 0.004639 -0.366455 -0.975706 0.199366 -0.410124
1.198608 -0.000610 -0.322998 -1.040262 0.088291 -0.394460
1.217529 0.004028 -0.295044 -1.105056 -0.021123 -0.382118
1.212646 -0.026489 -0.261963 -1.145404 0.009494 -0.414871
1.185425 -0.010620 -0.232056 -1.176258 0.148338 -0.451896
1.148804 0.007935 -0.196289 -1.247935 0.265346 -0.458067
1.112427 0.021606 -0.141968 -1.342397 0.314951 -0.453795
1.081787 0.039429 -0.067261 -1.420956 0.280774 -0.450472
1.046143 0.060913 0.014038 -1.475545 0.166376 -0.462339
1.000244 0.090454 0.075806 -1.503313 -0.008307 -0.510519
0.954102 0.112427 0.129883 -1.514468 -0.195568 -0.578161
0.920044 0.143799 0.179199 -1.546035 -0.301897 -0.624680
0.877197 0.146606 0.241089 -1.557664 -0.218116 -0.612101
0.840332 0.158691 0.315430 -1.527759 0.004747 -0.575550
0.797852 0.184204 0.380249 -1.471035 0.229271 -0.493668
0.783691 0.222168 0.435669 -1.378472 0.365029 -0.373574
0.786255 0.216187 0.483032 -1.279976 0.401342 -0.262498
0.793335 0.221191 0.514404 -1.164391 0.416058 -0.196755
0.772949 0.240845 0.536743 -1.060436 0.406327 -0.166613
0.766479 0.257324 0.544067 -0.999203 0.313764 -0.127926
0.791260 0.261963 0.557251 -0.964788 0.173733 -0.068354
0.803955 0.268921 0.565918 -0.919931 0.039398 -0.056724
0.778687 0.264648 0.560791 -0.857985 -0.038449 -0.080933
0.755737 0.271973 0.565430 -0.782274 -0.050553 -0.111550
0.723877 0.272339 0.587524 -0.713208 -0.017089 -0.113686
0.691528 0.275635 0.610962 -0.640344 0.066455 -0.054826
0.670532 0.266479 0.641602 -0.566294 0.130300 0.041772
0.651001 0.250244 0.661499 -0.507671 0.152372 0.161391
0.650391 0.246216 0.703735 -0.448336 0.158781 0.267957
0.670288 0.234497 0.746704 -0.384254 0.123654 0.360520
0.697998 0.184814 0.791138 -0.312340 0.056724 0.434095
0.706177 0.141602 0.814575 -0.193432 0.038212 0.457117
0.706909 0.124878 0.841187 -0.026582 0.090901 0.472070
0.687988 0.090454 0.840454 0.130537 0.165664 0.481801
0.653442 0.048706 0.842651 0.243036 0.299761 0.460678
0.603149 0.044678 0.882324 0.297150 0.450709 0.463763
0.585815 0.042358 0.936035 0.358384 0.534490 0.555851
0.637939 0.040161 0.973633 0.501025 0.538050 0.769457
0.741455 0.011353 0.977417 0.765185 0.504111 1.038838
0.858643 -0.014404 0.909912 1.124756 0.485836 1.224201
0.942871 -0.058594 0.794678 1.504263 0.524522 1.323172
1.083618 -0.052246 0.646118 1.825384 0.602607 1.374912
1.160767 -0.085571 0.454468 2.018105 0.544696 1.422380
1.310913 -0.074707 0.277588 2.098563 0.495092 1.384643
1.393921 -0.049194 0.148071 2.104259 0.436469 1.227049
1.409180 0.002441 0.014526 2.062250 0.263922 0.988522
1.444946 0.012207 -0.166382 1.931475 0.027057 0.775865
1.472290 0.019653 -0.335449 1.721666 -0.217878 0.639395
1.525635 0.071411 -0.452637 1.457507 -0.374523 0.581009
1.599731 0.092896 -0.465576 1.164866 -0.478953 0.545645
1.617554 0.086548 -0.478149 0.953396 -0.502449 0.429586
1.584961 0.135986 -0.489624 0.809568 -0.388763 0.171597
1.462646 0.159180 -0.431030 0.645566 -0.229033 -0.078085
1.340576 0.159180 -0.374512 0.457592 -0.101344 -0.209571
1.217896 0.160278 -0.297607 0.343194 -0.029430 -0.267957
1.141968 0.149048 -0.241211 0.308780 -0.028956 -0.228084
1.111694 0.125732 -0.202271 0.340583 -0.024683 -0.112499
1.094238 0.123535 -0.185181 0.377608 0.045569 -0.004984
1.090942 0.090942 -0.181030 0.352450 0.182515 0.139081
1.097046 0.078125 -0.142090 0.259413 0.306644 0.264397
1.130249 0.060913 -0.106934 0.163765 0.302609 0.347229
1.178589 0.047729 -0.085815 0.118433 0.206011 0.355773
1.195923 0.039551 -0.068237 0.077136 0.108465 0.253242
1.305054 0.095581 -0.009888 -0.014240 0.087816 0.211945
1.150635 -0.062012 0.018066 -0.178005 0.158781 0.328479
1.176758 0.014893 0.095825 -0.191534 0.362893 0.215268
1.165527 0.040161 0.139160 -0.106091 0.352925 0.144066
1.174316 0.031738 0.148071 -0.088291 0.264397 0.174445
1.175293 0.021118 0.176880 -0.135284 0.221201 0.191771
1.155151 0.007813 0.188232 -0.138132 0.154746 0.162578
1.139038 0.008301 0.198853 -0.094224 0.073101 0.094936
1.123291 0.036133 0.187744 -0.046281 0.022547 0.050553
1.119751 0.051392 0.178711 -0.028243 -0.037500 0.038924
1.122437 0.051270 0.165283 -0.053876 -0.080458 0.031804
1.112915 0.058716 0.181519 -0.093987 -0.101107 0.009494
1.104492 0.062622 0.195435 -0.104192 -0.138132 -0.031566
1.095215 0.067505 0.198608 -0.088765 -0.182989 -0.060284
1.090088 0.069214 0.198120 -0.071677 -0.209809 -0.078560
1.083862 0.079712 0.192993 -0.043908 -0.197942 -0.093987
1.077515 0.081665 0.187134 -0.032278 -0.173258 -0.082594
1.068604 0.091309 0.181763 -0.031092 -0.137895 -0.087104
1.072876 0.099609 0.164551 -0.041772 -0.120806 -0.077373
1.067993 0.089355 0.153320 -0.070965 -0.100870 -0.071677
1.052979 0.086304 0.161133 -0.102294 -0.076898 -0.087341
1.051025 0.085693 0.173218 -0.126740 -0.071439 -0.077373
1.041626 0.074585 0.189941 -0.160205 -0.088528 -0.064319
1.028564 0.057861 0.184692 -0.167325 -0.118433 -0.052927
1.035645 0.070190 0.198853 -0.144778 -0.095885 -0.052215
1.018799 0.064453 0.189575 -0.136708 -0.098496 -0.037262
1.023193 0.065186 0.194824 -0.132911 -0.079746 -0.019225
1.027466 0.061035 0.195068 -0.125316 -0.072626 -0.006171
1.039795 0.066528 0.199341 -0.107515 -0.062183 -0.002611
1.041016 0.071899 0.197632 -0.090664 -0.046756 -0.010443
1.039063 0.064331 0.185181 -0.076661 -0.034177 -0.026345
1.042236 0.064453 0.183838 -0.061946 -0.019225 -0.029193
1.043823 0.070190 0.171997 -0.049367 -0.015190 -0.031329
1.044434 0.064331 0.165039 -0.058623 -0.011155 -0.030617
1.049072 0.053101 0.168579 -0.083544 0.014715 -0.013291
1.054077 0.058472 0.184326 -0.089477 0.029193 -0.014715
1.057251 0.055420 0.175049 -0.080458 0.020174 -0.014952
1.043335 0.062256 0.175781 -0.066693 0.023497 -0.023022
1.043213 0.062622 0.173340 -0.072389 0.029193 -0.029905
1.044067 0.071533 0.170776 -0.076186 0.031329 -0.015902
1.044189 0.067749 0.173950 -0.073813 0.032516 -0.020174
1.041748 0.071045 0.171875 -0.069066 0.037025 -0.021598
1.033081 0.069702 0.185181 -0.065031 0.030142 -0.011630
1.047974 0.074829 0.183594 -0.064557 0.018275 0.007832
