0.592529 0.273193 0.117676 -0.402766 0.043671 -0.184413
0.751831 0.219360 0.204712 -0.334887 0.141929 -0.075000
0.739258 0.278198 0.171265 -0.220252 -0.036076 -0.027057
0.733398 0.270508 0.173584 -0.089952 -0.032041 -0.040823
0.727783 0.283325 0.114014 -0.000475 -0.087816 -0.044620
0.743164 0.267822 0.073608 -0.018513 -0.027531 -0.051266
0.731079 0.257568 0.105103 -0.127926 0.056487 -0.053402
0.711426 0.251343 0.163086 -0.260125 0.167088 -0.049841
0.667969 0.230469 0.250488 -0.331327 0.249207 -0.027057
0.629883 0.203491 0.331543 -0.306169 0.256565 0.014240
0.599731 0.189575 0.380005 -0.196992 0.207198 0.067879
0.579590 0.171143 0.413086 -0.038686 0.104430 0.125078
0.549316 0.161377 0.428711 0.128876 0.004747 0.192483
0.515259 0.142212 0.438477 0.263922 0.010443 0.281011
0.459961 0.122192 0.446411 0.348653 0.083069 0.384254
0.408325 0.078369 0.486694 0.386390 0.151660 0.501025
0.360352 0.028687 0.542725 0.404191 0.258226 0.636547
0.303467 -0.031372 0.611328 0.427687 0.427925 0.805058
0.270752 -0.099731 0.686279 0.478953 0.545645 0.992794
0.265625 -0.168213 0.762329 0.595012 0.527845 1.159645
0.300049 -0.232910 0.817017 0.808144 0.414871 1.301337
0.344604 -0.278442 0.806641 1.085832 0.254666 1.428789
0.351807 -0.334961 0.758789 1.365656 0.181328 1.558851
0.378418 -0.353516 0.690796 1.610354 0.215505 1.748011
0.470581 -0.381592 0.591064 1.825384 0.267008 2.001728
0.663574 -0.374878 0.437256 2.058927 0.284096 2.263514
0.880737 -0.338623 0.219482 2.330682 0.274603 2.468339
1.133423 -0.267700 -0.055298 2.599825 0.229983 2.585585
1.382813 -0.179688 -0.329224 2.791122 0.165664 2.598639
1.586548 -0.107056 -0.599365 2.818891 0.152847 2.484715
1.701538 -0.030396 -0.850464 2.653464 0.166138 2.248799
1.831177 0.045166 -1.039307 2.331394 0.133385 1.967788
1.947876 0.047363 -1.150146 1.888042 0.066693 1.690100
2.024170 0.074341 -1.152344 1.400308 0.076424 1.407428
2.042114 0.066650 -1.111084 0.977605 0.179192 1.129265
1.992676 0.030273 -1.057251 0.660755 0.272229 0.871039
1.901978 -0.006470 -1.020142 0.425788 0.311153 0.657907
1.835571 -0.024292 -0.963989 0.238290 0.294539 0.508858
1.757690 -0.062378 -0.936401 0.072863 0.263448 0.389001
1.705688 -0.079590 -0.916626 -0.072151 0.223337 0.276027
1.652344 -0.082153 -0.918091 -0.191296 0.146202 0.169224
1.604858 -0.089478 -0.934570 -0.307118 0.044145 0.066693
1.568848 -0.086304 -0.945068 -0.468510 -0.010206 -0.037025
1.507813 -0.100220 -0.931274 -0.696594 0.010918 -0.137895
1.449585 -0.118408 -0.873901 -0.959329 0.058623 -0.225948
1.407837 -0.138794 -0.808228 -1.198806 0.060284 -0.291454
1.388916 -0.136353 -0.742676 -1.377286 -0.002136 -0.350552
1.371826 -0.134033 -0.693359 -1.496431 -0.119857 -0.435757
1.336304 -0.138672 -0.651611 -1.592079 -0.244223 -0.544696
1.284912 -0.145996 -0.613281 -1.698882 -0.311865 -0.641768
1.235596 -0.161987 -0.551147 -1.831080 -0.324444 -0.707037
1.179810 -0.184204 -0.476196 -1.982978 -0.249919 -0.727211
1.138062 -0.206055 -0.366333 -2.132740 -0.144303 -0.717954
1.113159 -0.224487 -0.230103 -2.266362 -0.034889 -0.702527
1.072998 -0.256958 -0.072144 -2.374589 0.061708 -0.704901
1.035522 -0.280273 0.070801 -2.434162 0.056487 -0.735518
0.996338 -0.280029 0.219849 -2.414700 -0.077848 -0.793429
0.953857 -0.272339 0.313843 -2.308609 -0.265346 -0.840897
0.923462 -0.244385 0.372192 -2.146980 -0.418668 -0.842795
0.889160 -0.216919 0.400879 -1.992709 -0.471595 -0.805533
0.857910 -0.185669 0.447876 -1.880447 -0.427450 -0.749283
0.817627 -0.164551 0.496826 -1.801887 -0.290742 -0.681879
0.771484 -0.144653 0.557007 -1.729736 -0.153559 -0.608778
0.744507 -0.128052 0.622192 -1.645243 -0.083544 -0.550155
0.719971 -0.127930 0.673218 -1.531319 -0.091376 -0.519063
0.679688 -0.114380 0.703125 -1.381083 -0.158543 -0.502687
0.630737 -0.106567 0.708984 -1.213046 -0.233780 -0.469934
0.599243 -0.095581 0.708130 -1.051655 -0.273416 -0.400868
0.567993 -0.087891 0.693237 -0.890975 -0.268432 -0.304508
0.559937 -0.075073 0.677979 -0.727211 -0.220252 -0.196992
0.537598 -0.081177 0.661987 -0.570329 -0.101582 -0.075237
0.508545 -0.093628 0.640747 -0.434570 0.055300 0.053402
0.488770 -0.112427 0.627930 -0.318273 0.170885 0.179904
0.462769 -0.132446 0.627930 -0.205774 0.213606 0.296438
0.451660 -0.155884 0.645874 -0.094699 0.166376 0.396833
0.433105 -0.188354 0.649536 0.028243 0.055063 0.472782
0.406860 -0.216553 0.655029 0.173021 -0.066930 0.541136
0.384277 -0.247681 0.644653 0.326106 -0.160442 0.634173
0.376709 -0.292358 0.640259 0.474443 -0.188448 0.760676
0.376587 -0.329834 0.648193 0.623730 -0.126265 0.915896
0.360107 -0.376099 0.638428 0.779188 0.029193 1.088917
0.333252 -0.419312 0.622070 0.947937 0.164477 1.267872
0.342163 -0.458496 0.589844 1.122620 0.159730 1.443029
0.431396 -0.519531 0.559448 1.299438 0.032041 1.597537
0.529053 -0.581543 0.541748 1.463915 -0.100870 1.715021
0.630615 -0.608032 0.503296 1.610116 -0.161154 1.790495
0.735840 -0.624634 0.454956 1.734720 -0.157831 1.853390
0.873657 -0.630493 0.392578 1.848169 -0.124129 1.919371
1.020752 -0.611938 0.322632 1.962804 -0.053402 1.952599
1.150513 -0.607788 0.216797 2.095003 0.032753 1.949038
1.268311 -0.570923 0.082275 2.253071 0.052452 1.932425
1.377930 -0.524658 -0.112671 2.418735 0.000475 1.914149
1.504883 -0.431641 -0.319824 2.544288 -0.116297 1.887093
1.655273 -0.339844 -0.520630 2.564224 -0.190347 1.843422
1.798950 -0.275513 -0.690063 2.417785 -0.062895 1.766286
1.889893 -0.217041 -0.787598 2.104259 0.201739 1.591604
1.867554 -0.191650 -0.791504 1.689626 0.463288 1.311068
1.768188 -0.190552 -0.725464 1.279027 0.618034 1.011782
1.683960 -0.201416 -0.637695 0.970247 0.592639 0.792242
1.628296 -0.217896 -0.576050 0.782274 0.469934 0.656246
1.594604 -0.224976 -0.546997 0.670486 0.369539 0.550629
1.559937 -0.232178 -0.521729 0.570091 0.379507 0.456880
1.503418 -0.256836 -0.485596 0.445962 0.481326 0.371675
1.429077 -0.268188 -0.431274 0.300473 0.617085 0.294065
1.322266 -0.280151 -0.365845 0.169461 0.697543 0.227609
1.235474 -0.277222 -0.288208 0.075949 0.660043 0.176581
1.183472 -0.285156 -0.222778 0.007595 0.550392 0.138844
1.147705 -0.293091 -0.148682 -0.045569 0.420330 0.087104
1.109253 -0.296265 -0.085083 -0.071439 0.300710 0.012104
1.063843 -0.310791 -0.056763 -0.068591 0.186787 -0.059572
1.007202 -0.321411 -0.032593 -0.056962 0.098734 -0.098022
0.983643 -0.337280 -0.009766 -0.050553 0.031804 -0.092325
0.976196 -0.349243 0.027710 -0.047943 0.002848 -0.051978
0.976929 -0.350464 0.065552 -0.039161 0.020174 0.001187
0.979736 -0.349854 0.091553 -0.016851 0.042959 0.036313
0.967285 -0.345337 0.093384 0.015664 0.032753 0.033702
0.949951 -0.338745 0.091431 0.045095 -0.012816 0.011630
0.950195 -0.332886 0.080322 0.063133 -0.089477 -0.008544
0.949097 -0.327637 0.066895 0.072151 -0.174920 -0.025158
0.951782 -0.320801 0.067505 0.073813 -0.237340 -0.040111
0.947754 -0.317383 0.066650 0.071914 -0.259176 -0.046993
0.939209 -0.309692 0.060059 0.073575 -0.240900 -0.027294
0.955688 -0.311890 0.058105 0.074762 -0.212182 0.013291
0.975220 -0.304321 0.060181 0.064082 -0.159018 0.049367
0.989258 -0.301392 0.068970 0.045095 -0.090664 0.059810
0.999146 -0.306396 0.073853 0.025870 -0.064794 0.038686
0.990723 -0.315796 0.079712 0.008070 -0.072626 0.002373
0.986938 -0.325928 0.077148 -0.014003 -0.083544 -0.030617
0.986572 -0.335571 0.093994 -0.039161 -0.090427 -0.047468
0.974609 -0.337769 0.106689 -0.063133 -0.071202 -0.055300
0.971436 -0.338989 0.117188 -0.074762 -0.055300 -0.059335
0.962769 -0.341919 0.127930 -0.070727 -0.063370 -0.066930
0.958130 -0.333252 0.133423 -0.056487 -0.075712 -0.072389
0.948608 -0.331665 0.130737 -0.043908 -0.049367 -0.070015
0.922119 -0.328613 0.124878 -0.037025 -0.003085 -0.062183
0.911377 -0.324829 0.120728 -0.030854 0.000000 -0.048655
0.908081 -0.311279 0.116699 -0.024683 -0.033940 -0.035601
0.907471 -0.318604 0.105225 -0.028243 -0.065506 -0.029905
0.914551 -0.310547 0.106079 -0.041060 -0.072389 -0.021835
0.928101 -0.318848 0.106445 -0.061708 -0.057436 -0.012816
0.936646 -0.318970 0.114258 -0.075712 -0.046044 -0.015427
0.956177 -0.328735 0.125854 -0.073575 -0.064082 -0.025158
0.955078 -0.338135 0.119751 -0.051740 -0.065981 -0.035126
0.954468 -0.336670 0.123779 -0.022785 -0.055300 -0.036076
0.954224 -0.326660 0.104736 0.006171 -0.035126 -0.024921
0.949707 -0.323730 0.093018 0.023971 -0.020174 -0.015190
0.946533 -0.316650 0.072388 0.027769 -0.016851 -0.015427
0.941406 -0.307129 0.072754 0.014952 -0.021361 -0.020886
0.926880 -0.309082 0.068481 -0.007358 -0.020174 -0.028718
0.922729 -0.302368 0.072510 -0.026819 -0.030142 -0.032990
