0.845459 0.453613 -0.145752 -0.377608 0.065269 -0.008070
0.841797 0.435181 -0.120361 -0.392798 0.243748 0.040111
0.829346 0.407715 -0.089722 -0.387339 0.380219 0.059810
0.820679 0.385498 -0.044678 -0.358621 0.485361 0.067642
0.836182 0.329468 -0.007446 -0.317561 0.483462 0.100395
0.802734 0.362549 0.065430 -0.300947 0.566057 0.074525
0.775391 0.343140 0.087646 -0.309966 0.661230 0.086155
0.730713 0.318604 0.170044 -0.361944 0.780138 0.122230
0.695679 0.262451 0.273926 -0.424364 0.743824 0.163527
0.639038 0.231567 0.398438 -0.481563 0.600471 0.156407
0.596313 0.179077 0.509521 -0.507908 0.366928 0.126740
0.550781 0.104004 0.636841 -0.492244 0.197467 0.140743
0.578735 0.031006 0.737915 -0.364792 0.066930 0.283384
0.625977 -0.019043 0.821045 -0.078085 0.000237 0.515978
0.724731 -0.057617 0.834229 0.347466 -0.068591 0.785596
0.841797 -0.152710 0.790039 0.838523 -0.126740 0.990184
0.938232 -0.200806 0.720459 1.336938 -0.141217 1.088205
0.971069 -0.156494 0.652222 1.786223 0.058860 1.097936
0.953125 -0.120728 0.560303 2.183531 0.181091 1.025310
0.898560 -0.125366 0.446167 2.583212 -0.144066 0.856561
0.875366 -0.118530 0.285156 2.976010 -0.782986 0.694932
0.924683 -0.118896 0.083374 3.307811 -1.122857 0.610914
0.988037 -0.072754 -0.164429 3.566512 -1.314391 0.541373
1.018188 -0.003662 -0.406128 3.687556 -1.457744 0.417244
0.974609 0.045044 -0.625366 3.648158 -1.485276 0.246122
0.903076 0.061768 -0.763184 3.511924 -1.321748 0.145015
0.851929 0.063232 -0.892944 3.390643 -1.032430 0.182989
0.797852 0.059448 -1.048096 3.322052 -0.814077 0.331327
0.811157 0.083984 -1.242310 3.249901 -0.623968 0.553952
0.893799 0.104858 -1.439087 3.102512 -0.423890 0.805058
1.038940 0.183472 -1.641235 2.924744 -0.336311 1.041449
1.146484 0.240112 -1.832642 2.773796 -0.451421 1.104819
1.202637 0.312012 -2.059448 2.586297 -0.625154 0.944614
1.229980 0.390625 -2.265381 2.211774 -0.695644 0.728635
1.225464 0.423462 -2.376465 1.574041 -0.391374 0.557987
1.188354 0.394043 -2.350830 0.774204 0.048892 0.412260
1.149536 0.343872 -2.237427 0.027769 0.447624 0.300235
1.133545 0.297729 -2.096191 -0.568430 0.721989 0.212894
1.143066 0.246948 -1.954590 -1.059487 0.886703 0.140743
1.156006 0.185669 -1.826416 -1.494294 1.084645 0.070965
1.156860 0.129272 -1.692017 -1.877836 1.242476 -0.006408
1.143433 0.068726 -1.542114 -2.218657 1.330767 -0.090427
1.129028 0.023071 -1.400269 -2.517706 1.326020 -0.154746
1.115479 -0.017334 -1.265381 -2.792309 1.164629 -0.221913
1.122192 -0.043823 -1.115112 -3.036769 0.640107 -0.313764
1.174316 -0.066284 -0.923950 -3.242068 0.164477 -0.429349
1.176636 -0.108643 -0.773315 -3.434551 0.337735 -0.557987
1.183228 -0.163574 -0.650513 -3.548712 -0.035126 -0.609253
1.142700 -0.165161 -0.488281 -3.651718 -0.290505 -0.591452
1.072266 -0.153442 -0.345703 -3.732888 -0.246122 -0.544221
1.003296 -0.133667 -0.220215 -3.776796 0.093987 -0.475393
0.929443 -0.101074 -0.089355 -3.770150 0.474681 -0.391374
0.862915 -0.083618 0.026855 -3.705357 0.686151 -0.294302
0.822632 -0.033813 0.131226 -3.590959 0.744062 -0.186312
0.801636 0.015503 0.219604 -3.427668 0.695407 -0.083069
0.800537 0.052734 0.312988 -3.220470 0.602370 -0.010680
0.822388 0.049438 0.410767 -2.992861 0.485598 0.037262
0.823364 0.052124 0.494141 -2.716360 0.300235 0.063370
0.814697 0.090088 0.546631 -2.375776 0.124366 0.060284
0.801514 0.094360 0.538086 -2.024513 -0.049129 0.070727
0.787231 0.093872 0.516479 -1.760828 -0.152372 0.141929
0.802246 0.102905 0.499268 -1.607031 -0.128638 0.257277
0.819824 0.094360 0.503662 -1.537016 -0.034652 0.361232
0.829224 0.090210 0.535034 -1.521114 0.081882 0.420567
0.836548 0.111572 0.585327 -1.497380 0.207198 0.453083
0.823853 0.120605 0.636719 -1.405766 0.267720 0.445013
0.805420 0.124268 0.661865 -1.237492 0.189872 0.393273
0.792480 0.151367 0.659180 -1.022937 0.006171 0.356960
0.788452 0.171875 0.627563 -0.794141 -0.183464 0.363605
0.794434 0.162354 0.588135 -0.591452 -0.292403 0.389713
0.796753 0.154907 0.558105 -0.425551 -0.326343 0.406089
0.787109 0.143921 0.518921 -0.299286 -0.315425 0.416295
0.770264 0.144409 0.505371 -0.217641 -0.246834 0.431010
0.741455 0.136719 0.505615 -0.155221 -0.172072 0.458304
0.708130 0.122681 0.526611 -0.085205 -0.112499 0.481326
0.681763 0.090942 0.553345 0.003560 -0.121756 0.496516
0.664185 0.064941 0.576904 0.132673 -0.196280 0.522861
0.652466 0.044800 0.587524 0.312340 -0.285995 0.570803
0.669556 0.024536 0.573975 0.536626 -0.364317 0.646278
0.690063 0.000732 0.535645 0.796039 -0.380456 0.747385
0.750732 -0.015381 0.461426 1.065183 -0.343669 0.865817
0.849487 -0.001221 0.339478 1.312254 -0.332514 0.970247
0.893555 -0.005493 0.241577 1.453235 -0.113686 1.031956
0.910522 -0.004150 0.192383 1.477918 0.318036 1.069218
0.892822 0.026367 0.183472 1.469136 0.680692 1.109329
0.867065 -0.000732 0.196045 1.488361 0.828555 1.153474
0.879883 -0.059814 0.169067 1.619610 0.706799 1.203315
0.935913 -0.083984 0.084473 1.844846 0.416058 1.325071
1.020508 -0.054688 -0.042236 2.058927 0.193907 1.490734
1.125854 -0.036987 -0.168823 2.178546 0.072863 1.626256
1.264526 -0.012451 -0.350952 2.251173 -0.114635 1.654737
1.399536 0.043213 -0.561279 2.211062 -0.316612 1.545797
1.493896 0.078491 -0.721191 2.022377 -0.435519 1.360197
1.543945 0.083740 -0.799194 1.722141 -0.494854 1.139471
1.551025 0.049683 -0.816528 1.413599 -0.544933 0.912099
1.547607 0.025879 -0.809570 1.177208 -0.560123 0.763524
1.568115 0.013794 -0.785767 0.997067 -0.502924 0.716293
1.593384 0.022217 -0.764404 0.841846 -0.367403 0.675470
1.616821 0.028076 -0.738403 0.694458 -0.184176 0.613050
1.604858 0.043457 -0.716187 0.558936 0.046519 0.541611
1.552124 0.037354 -0.695923 0.447861 0.237578 0.435282
1.498413 0.014038 -0.691406 0.361232 0.288606 0.301659
1.489380 -0.032715 -0.650391 0.272941 0.228559 0.159967
1.385132 0.035278 -0.624146 0.178480 0.151423 -0.002611
1.351929 -0.014893 -0.584351 0.063607 0.090427 -0.091613
1.292236 -0.049194 -0.535034 -0.059335 0.037737 -0.169224
1.232300 -0.065308 -0.474854 -0.163765 0.025158 -0.224999
1.175415 -0.085327 -0.409302 -0.231407 0.018275 -0.230695
1.145264 -0.097168 -0.351929 -0.266770 0.016376 -0.194619
1.130371 -0.092896 -0.307861 -0.283147 0.046993 -0.140031
1.118530 -0.087646 -0.272949 -0.294065 0.127926 -0.081170
1.101685 -0.078613 -0.247314 -0.301659 0.216217 -0.027531
1.099487 -0.072266 -0.224609 -0.289792 0.251343 0.019937
1.122437 -0.063721 -0.234619 -0.269619 0.226185 0.059810
1.134155 -0.057861 -0.229858 -0.285520 0.213132 0.082594
1.128662 -0.058960 -0.204956 -0.326818 0.242324 0.076661
1.119385 -0.071045 -0.178833 -0.355061 0.248733 0.062658
1.107544 -0.082886 -0.149780 -0.357434 0.209334 0.036550
1.101563 -0.079956 -0.132935 -0.338210 0.143354 0.002373
1.092651 -0.087158 -0.111328 -0.310204 0.068829 -0.028956
1.089355 -0.077881 -0.090698 -0.280062 0.026582 -0.045095
1.073853 -0.072876 -0.078735 -0.241375 0.018275 -0.059098
1.055054 -0.064819 -0.072510 -0.183939 0.011392 -0.076424
1.044434 -0.050903 -0.094116 -0.121518 -0.004984 -0.072151
1.026123 -0.033081 -0.110352 -0.086155 0.000475 -0.045807
1.017822 -0.026367 -0.127563 -0.078085 0.005221 -0.015190
1.026489 -0.013672 -0.133911 -0.077848 0.003323 0.024683
1.035889 -0.002197 -0.130737 -0.083069 -0.016851 0.044857
1.045166 0.000366 -0.129150 -0.085680 -0.047231 0.039161
1.046387 0.000122 -0.127686 -0.087104 -0.078560 0.031092
1.054688 0.004517 -0.135864 -0.087579 -0.101344 0.023022
1.062500 0.003418 -0.133301 -0.089952 -0.117483 0.014715
1.061890 0.010742 -0.141724 -0.093275 -0.117721 0.005934
1.056641 0.000854 -0.136108 -0.098734 -0.104667 -0.003085
1.051758 0.004272 -0.135742 -0.104904 -0.094699 -0.001187
1.055542 0.006226 -0.132080 -0.112499 -0.112499 0.010206
1.067505 -0.003662 -0.132935 -0.109414 -0.151423 0.025395
1.063599 0.001709 -0.128784 -0.094699 -0.163765 0.032516
1.057861 -0.002075 -0.126587 -0.082832 -0.178243 0.038686
1.054688 -0.014282 -0.123413 -0.077373 -0.210046 0.038686
1.056152 -0.012573 -0.118042 -0.075474 -0.235442 0.037974
1.055054 -0.012939 -0.107666 -0.073575 -0.243748 0.045332
1.070190 -0.017212 -0.106323 -0.070727 -0.237340 0.059335
1.082397 -0.026245 -0.112915 -0.065743 -0.212182 0.072626
1.085815 -0.025024 -0.115845 -0.061708 -0.143354 0.077610
1.087646 -0.025757 -0.125122 -0.071677 -0.060759 0.084018
1.094116 -0.033081 -0.122925 -0.083306 -0.012342 0.088053
1.103760 -0.031128 -0.113037 -0.089477 0.017089 0.086629
1.104858 -0.035889 -0.113403 -0.091613 0.049367 0.073575
1.099243 -0.031494 -0.117798 -0.082594 0.081645 0.046044
