0.915771 0.372803 -0.211548 -0.382355 -0.446912 -0.233305
0.901489 0.376953 -0.210571 -0.405140 -0.493193 -0.197230
0.887085 0.378418 -0.228516 -0.411785 -0.392086 -0.179192
0.861328 0.397217 -0.184814 -0.430773 -0.320647 -0.176344
0.878052 0.366821 -0.176880 -0.465187 -0.443114 -0.183227
0.817139 0.189941 -0.312622 -0.397782 -0.547544 -0.202451
0.841431 0.331055 -0.175781 -0.441690 0.345093 -0.262973
0.837036 0.438477 -0.102295 -0.568430 0.490820 -0.290742
0.848389 0.387329 -0.180908 -0.653160 0.115347 -0.280062
0.871338 0.362183 -0.122681 -0.554664 -0.077610 -0.231407
0.857178 0.360229 -0.134521 -0.326106 -0.209334 -0.205299
0.866821 0.353882 -0.121582 -0.183701 -0.274603 -0.256565
0.857300 0.353149 -0.108154 -0.106566 -0.309729 -0.338685
0.832031 0.347046 -0.134277 -0.102294 -0.285520 -0.403953
0.791260 0.358154 -0.114380 -0.132436 -0.183227 -0.413684
0.799072 0.376831 -0.101929 -0.112737 -0.125316 -0.362656
0.807983 0.372437 -0.083984 -0.084493 -0.202451 -0.286232
0.795410 0.333374 -0.069336 -0.037025 -0.290979 -0.218116
0.783081 0.326172 -0.044922 0.040823 -0.332276 -0.170648
0.793335 0.329712 -0.023193 0.134335 -0.332514 -0.111550
0.792603 0.321655 -0.016113 0.269619 -0.342245 -0.032278
0.790771 0.307251 -0.017578 0.455693 -0.283859 0.050553
0.771606 0.301636 -0.030640 0.687812 -0.158069 0.133623
0.785767 0.269775 -0.016724 0.957431 -0.133623 0.198416
0.775513 0.218384 -0.013916 1.251258 -0.139793 0.238052
0.733276 0.198975 0.059570 1.611541 -0.128638 0.266058
0.695679 0.155762 0.104858 2.053943 -0.241612 0.355536
0.659180 0.101685 0.108398 2.600538 -0.409412 0.571515
0.664307 0.062256 0.046021 3.199584 -0.589791 0.896434
0.735107 0.023315 -0.057129 3.728379 -0.650075 1.249122
0.804321 0.014526 -0.182495 4.106224 -0.544221 1.508772
0.861572 0.000977 -0.247681 4.325764 -0.339159 1.613677
0.907471 -0.006836 -0.348145 4.471966 -0.229508 1.590655
0.980225 0.042358 -0.482422 4.486206 -0.193432 1.503551
0.986816 0.036987 -0.570557 4.348074 -0.051028 1.411225
0.968872 0.011108 -0.624634 4.056146 0.225473 1.343821
0.935791 -0.036987 -0.638428 3.730989 0.530218 1.349517
0.932007 -0.045288 -0.605347 3.491276 0.657907 1.396036
0.959717 -0.047729 -0.598267 3.346735 0.544933 1.388203
1.004272 -0.041626 -0.602905 3.233761 0.327292 1.291368
1.101807 0.007202 -0.659424 3.085661 0.107515 1.123332
1.161987 0.030762 -0.722046 2.830045 0.011392 0.900944
1.167236 0.022949 -0.757446 2.440095 0.092088 0.666214
1.148315 0.002686 -0.781372 1.985826 0.345330 0.485124
1.096191 -0.030151 -0.763794 1.565734 0.601895 0.376659
1.064819 -0.042969 -0.745361 1.213996 0.747147 0.298337
1.031128 -0.066284 -0.714600 0.949836 0.776815 0.224524
1.001587 -0.074951 -0.663330 0.749283 0.736230 0.159967
0.989990 -0.083252 -0.633057 0.589079 0.683777 0.110601
0.974609 -0.089966 -0.610596 0.450235 0.684727 0.092563
0.961792 -0.092773 -0.612183 0.304270 0.745248 0.107515
0.965454 -0.094360 -0.619629 0.140743 0.813840 0.141455
0.963745 -0.094482 -0.649170 -0.046044 0.836150 0.163290
0.940918 -0.114868 -0.675903 -0.270093 0.784647 0.155221
0.928467 -0.145630 -0.687500 -0.522861 0.675708 0.138607
0.931030 -0.137573 -0.714111 -0.771593 0.583145 0.136233
0.921631 -0.154297 -0.728027 -1.016054 0.542085 0.126977
0.938721 -0.135620 -0.735596 -1.270720 0.564395 0.108702
0.963379 -0.065918 -0.786987 -1.538440 0.659569 0.103006
0.968628 -0.060303 -0.812744 -1.859324 0.778001 0.089003
0.977051 -0.031006 -0.832642 -2.265413 0.867241 0.049604
0.979858 -0.048340 -0.825562 -2.705204 0.925864 0.021123
0.989746 -0.074463 -0.775391 -3.131943 0.999677 0.000712
0.993164 -0.073364 -0.713989 -3.534234 1.061148 -0.044857
0.974609 -0.098755 -0.627319 -3.883599 1.070405 -0.119145
0.978027 -0.095093 -0.561523 -4.163186 1.010120 -0.205774
0.956299 -0.140137 -0.479126 -4.386048 0.935833 -0.273416
0.950073 -0.148071 -0.418579 -4.570462 0.863919 -0.302372
0.952393 -0.169434 -0.369019 -4.730667 0.806957 -0.285758
0.985962 -0.185425 -0.287231 -4.849812 0.689474 -0.259413
1.038086 -0.150879 -0.228760 -4.907485 0.460203 -0.315188
1.064209 -0.172485 -0.148560 -4.856457 0.209571 -0.481563
1.056396 -0.171265 -0.069580 -4.712391 -0.036313 -0.683777
1.018066 -0.200073 -0.002930 -4.504719 -0.256802 -0.812416
0.982300 -0.217773 0.091431 -4.241271 -0.394697 -0.829742
0.972046 -0.181641 0.168823 -3.931304 -0.470171 -0.740502
0.990723 -0.175903 0.229614 -3.560816 -0.510044 -0.599284
1.018677 -0.148071 0.272583 -3.142860 -0.483462 -0.484649
1.026855 -0.117676 0.292358 -2.689303 -0.438368 -0.425788
1.026123 -0.089355 0.295044 -2.209875 -0.445250 -0.418194
1.020874 -0.047607 0.252197 -1.742552 -0.534728 -0.449285
1.003784 -0.029053 0.217529 -1.325546 -0.642005 -0.493905
0.982910 -0.009888 0.177490 -1.005136 -0.671436 -0.509807
0.940430 -0.000488 0.137573 -0.785122 -0.646990 -0.465662
0.902466 0.003418 0.108521 -0.635835 -0.623018 -0.381881
0.879272 0.011597 0.104126 -0.515503 -0.623968 -0.295251
0.844238 0.010864 0.115967 -0.379032 -0.653160 -0.215980
0.819336 0.006592 0.128662 -0.187973 -0.703002 -0.144303
0.789429 -0.001465 0.127319 0.063133 -0.772068 -0.068117
0.751587 -0.006836 0.131226 0.345330 -0.834963 0.011630
0.703857 -0.039185 0.129028 0.626341 -0.876972 0.100870
0.635254 -0.079590 0.145264 0.901418 -0.941529 0.223575
0.583862 -0.119995 0.170776 1.206401 -1.039788 0.399918
0.580322 -0.199341 0.188354 1.584009 -1.132825 0.647227
0.558228 -0.269165 0.227539 2.093816 -1.157746 0.937019
0.555176 -0.305542 0.236328 2.753385 -1.248647 1.229897
0.580078 -0.386841 0.219482 3.547525 -1.418820 1.507823
0.630005 -0.454224 0.140503 4.363264 -1.601810 1.751571
0.715820 -0.533325 0.060425 5.077183 -1.686065 1.926966
0.771362 -0.589478 -0.023071 5.610961 -1.637173 2.053231
0.777954 -0.645508 -0.172729 5.978364 -1.533693 2.170002
0.805542 -0.641113 -0.300903 6.215705 -1.415735 2.317390
0.860718 -0.589966 -0.466187 6.332002 -1.415260 2.417073
0.959351 -0.469727 -0.643799 6.292128 -1.415023 2.338989
1.081909 -0.370605 -0.808228 6.027968 -1.264786 2.088357
1.138306 -0.267212 -0.958618 5.503684 -0.965263 1.741128
1.070557 -0.265259 -1.019409 4.791188 -0.681879 1.334802
0.961670 -0.364990 -0.993774 4.021256 -0.572227 0.967162
0.893921 -0.454712 -0.896851 3.369520 -0.575550 0.767558
0.871216 -0.524658 -0.803589 2.949665 -0.570091 0.740027
0.913940 -0.488159 -0.713501 2.763590 -0.522386 0.773729
0.965698 -0.532837 -0.675171 2.663433 -0.503636 0.790581
1.024902 -0.476074 -0.676514 2.506551 -0.392323 0.751657
1.041870 -0.471436 -0.696533 2.236458 -0.209097 0.676657
0.997681 -0.503296 -0.683838 1.916997 -0.065743 0.584332
0.963745 -0.545898 -0.663086 1.606082 -0.060284 0.492481
0.951660 -0.597412 -0.615845 1.352840 -0.133385 0.427925
0.957642 -0.624390 -0.573608 1.174360 -0.169461 0.401105
0.962036 -0.622681 -0.550293 1.042873 -0.124366 0.389950
0.957031 -0.606201 -0.528320 0.935595 -0.041535 0.362419
0.947876 -0.579102 -0.505005 0.836862 0.005221 0.300947
0.947876 -0.565552 -0.500000 0.743587 0.024446 0.224287
0.939941 -0.563232 -0.480957 0.639395 0.044857 0.155933
0.943848 -0.566895 -0.463257 0.524997 0.079509 0.096123
0.937622 -0.583374 -0.439087 0.423178 0.123892 0.036076
0.912231 -0.602539 -0.413208 0.349602 0.151898 -0.022310
0.879517 -0.619263 -0.392090 0.300710 0.168037 -0.051978
0.857056 -0.620728 -0.371948 0.274603 0.168037 -0.047231
0.841431 -0.617798 -0.363525 0.260600 0.153322 -0.028718
0.844360 -0.601807 -0.355957 0.254191 0.117721 -0.023259
0.853271 -0.583252 -0.354126 0.253005 0.083306 -0.032041
0.853882 -0.569946 -0.347656 0.246359 0.105616 -0.042959
0.851318 -0.556763 -0.355713 0.219302 0.144540 -0.050791
0.843994 -0.554199 -0.344971 0.176106 0.170173 -0.064794
0.828735 -0.563965 -0.339233 0.132199 0.170885 -0.078560
0.820801 -0.568359 -0.324951 0.089715 0.130062 -0.077136
0.818359 -0.570923 -0.316650 0.053876 0.084018 -0.060284
0.816406 -0.576416 -0.311768 0.025395 0.056724 -0.038449
0.826782 -0.570923 -0.301147 -0.002611 0.075949 -0.010443
0.831543 -0.562988 -0.299927 -0.022547 0.104904 0.002136
0.835083 -0.555786 -0.294312 -0.026107 0.130062 -0.006646
0.836182 -0.553345 -0.294067 -0.029905 0.146676 -0.027057
0.829102 -0.555054 -0.291016 -0.046519 0.157594 -0.039873
0.824585 -0.551514 -0.287720 -0.071914 0.152135 -0.040585
0.820313 -0.554199 -0.279663 -0.102768 0.126502 -0.036550
0.808838 -0.560303 -0.264282 -0.127689 0.088528 -0.032990
0.810791 -0.557739 -0.252563 -0.134809 0.048180 -0.025870
0.817749 -0.557983 -0.246094 -0.123892 0.021598 -0.015190
0.819580 -0.562134 -0.232666 -0.110126 0.012342 -0.011630
0.829956 -0.551147 -0.228882 -0.096360 0.013054 -0.011867
