1.039185 0.210205 -0.198242 -0.116771 0.250157 -0.059098
1.013306 0.191650 -0.193237 -0.173733 0.262973 -0.132199
0.985352 0.158203 -0.158691 -0.219065 0.231644 -0.194619
1.049194 0.124512 -0.100342 -0.204113 0.078085 -0.214556
0.959106 0.163330 -0.118652 -0.116534 -0.020174 -0.241850
0.962158 0.183960 -0.142090 -0.007120 -0.045095 -0.246834
0.953613 0.229980 -0.141724 0.042247 0.115585 -0.195568
0.916626 0.255615 -0.131958 0.039636 0.230457 -0.115110
0.897827 0.244629 -0.130005 0.026345 0.187973 -0.018275
0.893677 0.230469 -0.124023 0.025158 0.090664 0.036313
0.887085 0.213257 -0.124146 0.032516 0.006408 0.054351
0.879150 0.202271 -0.117432 0.016614 0.026107 0.080933
0.868164 0.187012 -0.089722 -0.026107 0.122230 0.128876
0.845581 0.161621 -0.061523 -0.093512 0.269856 0.180379
0.823608 0.140625 -0.008789 -0.174920 0.438368 0.229033
0.816406 0.123291 0.112793 -0.245647 0.491769 0.275552
0.797729 0.092407 0.146118 -0.265109 0.367165 0.287419
0.774170 0.048828 0.229248 -0.289555 0.347941 0.290742
0.769653 0.015503 0.307739 -0.279112 0.232593 0.296438
0.769409 -0.007813 0.376709 -0.228321 0.126740 0.309729
0.777344 -0.038452 0.442627 -0.136233 -0.025870 0.314713
0.787109 -0.087891 0.527832 -0.023734 -0.131487 0.315900
0.791138 -0.129883 0.580688 0.113449 -0.249682 0.330615
0.792480 -0.177002 0.636475 0.270805 -0.275552 0.380931
0.789795 -0.220703 0.678467 0.470646 -0.329428 0.448573
0.778320 -0.251953 0.686035 0.722227 -0.279350 0.531880
0.784790 -0.303101 0.673950 1.053316 -0.222863 0.664790
0.789063 -0.333984 0.616699 1.455371 -0.120094 0.842795
0.847046 -0.371704 0.521851 1.890178 -0.052215 1.054978
0.933472 -0.335205 0.355347 2.318340 -0.148338 1.223014
1.059204 -0.265869 0.118652 2.704255 -0.214318 1.315340
1.222046 -0.192993 -0.128540 3.010424 -0.356960 1.333140
1.366699 -0.129761 -0.439453 3.247764 -0.383305 1.245087
1.417847 -0.037842 -0.764038 3.422210 -0.384017 1.042399
1.396973 0.045532 -1.088257 3.466830 -0.325156 0.795327
1.370361 0.072754 -1.337769 3.262717 -0.146439 0.643192
1.344238 0.131958 -1.473267 2.812008 0.060047 0.647702
1.353271 0.199341 -1.486328 2.240255 0.254429 0.789631
1.384155 0.214844 -1.473755 1.690100 0.260125 0.920168
1.410278 0.190552 -1.396851 1.251970 0.126265 0.896909
1.418457 0.218384 -1.322510 0.895010 -0.020174 0.758065
1.399170 0.199463 -1.267822 0.593588 -0.221201 0.593351
1.382202 0.184326 -1.223511 0.360283 -0.402766 0.426975
1.355347 0.170532 -1.199219 0.178717 -0.520725 0.293353
1.313110 0.161621 -1.192017 0.021835 -0.584806 0.186549
1.271729 0.156372 -1.194092 -0.130062 -0.601895 0.089240
1.238403 0.145630 -1.193848 -0.296913 -0.567481 -0.000712
1.188354 0.131470 -1.188232 -0.489158 -0.473731 -0.072863
1.135620 0.106201 -1.155640 -0.711309 -0.290267 -0.108465
1.105713 0.078735 -1.103760 -0.948649 -0.061946 -0.107515
1.080078 0.053467 -1.020874 -1.169613 0.101344 -0.098734
1.056885 0.037964 -0.942505 -1.357112 0.173496 -0.098496
1.026245 0.014526 -0.859253 -1.508060 0.192958 -0.106328
0.993530 -0.012451 -0.780273 -1.631240 0.190584 -0.113923
0.975342 -0.031250 -0.711304 -1.725464 0.142879 -0.098496
0.964844 -0.035889 -0.645264 -1.782900 0.058623 -0.061471
0.957886 -0.038818 -0.585938 -1.816365 -0.028718 -0.018987
0.953247 -0.045410 -0.536499 -1.838675 -0.107278 0.009494
0.951050 -0.042114 -0.500732 -1.862647 -0.176106 0.036788
0.949707 -0.060181 -0.453979 -1.887330 -0.223575 0.070490
0.951660 -0.075562 -0.403564 -1.914624 -0.230457 0.117483
0.950562 -0.083618 -0.344238 -1.932187 -0.216454 0.169461
0.942871 -0.085815 -0.288330 -1.934561 -0.177768 0.210521
0.940674 -0.094360 -0.239136 -1.936934 -0.148338 0.253479
0.960083 -0.119507 -0.153442 -1.945716 -0.123654 0.303796
0.953125 -0.121704 -0.127808 -1.908928 -0.277213 0.335124
0.963135 -0.126099 -0.090576 -1.866444 -0.277213 0.384491
0.985840 -0.141113 -0.054565 -1.804736 -0.255378 0.457355
1.014771 -0.159058 -0.014648 -1.735669 -0.241850 0.530930
1.029663 -0.148804 0.026855 -1.679183 -0.200790 0.593588
1.048462 -0.139038 0.053955 -1.625544 -0.169698 0.653398
1.062134 -0.125122 0.085083 -1.561699 -0.121993 0.695882
1.066528 -0.110107 0.090698 -1.494057 -0.039161 0.714157
1.103882 -0.142578 0.131104 -1.434722 0.080221 0.708698
1.107178 -0.146484 0.161743 -1.348567 0.125078 0.622306
1.068115 -0.131348 0.162476 -1.237730 0.187736 0.487497
1.014526 -0.127563 0.171753 -1.110990 0.211708 0.370014
0.958740 -0.136719 0.176147 -0.989472 0.194856 0.290742
0.918091 -0.145630 0.168945 -0.882194 0.124366 0.262973
0.891113 -0.162109 0.166748 -0.789394 0.034889 0.266770
0.886841 -0.181396 0.169678 -0.707511 -0.035838 0.303558
0.894653 -0.186401 0.186157 -0.636072 -0.066218 0.374523
0.902222 -0.176270 0.200684 -0.564633 -0.060047 0.445962
0.901001 -0.168701 0.213623 -0.487260 -0.029668 0.487022
0.889282 -0.172241 0.220215 -0.403004 -0.002611 0.507671
0.873413 -0.178101 0.231689 -0.311153 0.001424 0.526658
0.854126 -0.187378 0.227905 -0.208859 -0.014240 0.554664
0.853394 -0.203735 0.228516 -0.097310 -0.045569 0.600946
0.854126 -0.213501 0.228149 0.024446 -0.075949 0.667876
0.864014 -0.219482 0.225952 0.152610 -0.096360 0.731720
0.880737 -0.215088 0.211548 0.276976 -0.109414 0.779663
0.886841 -0.231934 0.194336 0.391137 -0.126265 0.809330
0.893066 -0.248901 0.187134 0.488209 -0.155695 0.830216
0.901001 -0.262939 0.175659 0.573177 -0.207435 0.859646
0.921143 -0.294800 0.169067 0.663603 -0.286707 0.887890
0.959839 -0.338501 0.159912 0.777052 -0.394222 0.916608
1.031250 -0.380859 0.156250 0.906403 -0.540424 0.943428
1.073486 -0.384155 0.123901 1.045484 -0.638445 0.912099
1.102783 -0.392822 0.071289 1.185277 -0.689711 0.851340
1.116089 -0.403076 0.024414 1.299201 -0.737654 0.786071
1.114258 -0.424316 -0.024292 1.393899 -0.811466 0.712733
1.128174 -0.458374 -0.065552 1.479817 -0.850865 0.651974
1.162964 -0.462891 -0.127808 1.579500 -0.932510 0.611626
1.200317 -0.465088 -0.220581 1.695322 -1.041687 0.568667
1.240723 -0.440552 -0.326538 1.829419 -1.132825 0.529032
1.269409 -0.396973 -0.445923 1.980842 -1.158695 0.464000
1.283569 -0.346191 -0.592163 2.158373 -1.195958 0.382355
1.306641 -0.297119 -0.753662 2.317390 -1.219929 0.282672
1.306763 -0.247559 -0.912109 2.401172 -1.245324 0.142404
1.292725 -0.204956 -1.047363 2.363672 -1.246274 -0.026582
1.227905 -0.168579 -1.144287 2.174986 -1.141607 -0.204113
1.161865 -0.150513 -1.160522 1.835115 -0.923254 -0.338922
1.088013 -0.151001 -1.117065 1.411700 -0.752369 -0.392323
1.027710 -0.146851 -1.022339 0.976893 -0.522623 -0.348178
1.021484 -0.198608 -0.902222 0.635597 -0.391611 -0.228559
1.027344 -0.242798 -0.796509 0.438605 -0.340346 -0.140980
1.044556 -0.256592 -0.715820 0.373574 -0.299049 -0.100870
1.064087 -0.255737 -0.655273 0.384254 -0.271517 -0.090189
1.065552 -0.262695 -0.622681 0.415345 -0.239002 -0.092563
1.056885 -0.267334 -0.610474 0.421991 -0.198416 -0.093749
1.035400 -0.269165 -0.596680 0.400868 -0.159493 -0.101107
1.009033 -0.268555 -0.588135 0.369064 -0.143591 -0.114161
0.981689 -0.275146 -0.575806 0.342719 -0.154983 -0.131249
0.953247 -0.284668 -0.557861 0.326580 -0.175157 -0.143591
0.935303 -0.287231 -0.549194 0.325631 -0.214793 -0.147863
0.925781 -0.291382 -0.536255 0.336786 -0.278637 -0.146914
0.922607 -0.291748 -0.532227 0.346042 -0.340109 -0.138607
0.921875 -0.300781 -0.534668 0.343431 -0.375235 -0.115347
0.931152 -0.296387 -0.514648 0.336786 -0.391611 -0.080221
0.945801 -0.292236 -0.502686 0.327530 -0.399444 -0.048180
0.962646 -0.291870 -0.486572 0.318985 -0.394697 -0.024209
0.976440 -0.291748 -0.479004 0.316849 -0.377134 -0.008782
0.990112 -0.286621 -0.474243 0.315188 -0.359808 -0.002136
1.001465 -0.282471 -0.481079 0.314001 -0.349365 -0.002611
1.017090 -0.282104 -0.489014 0.304745 -0.339397 -0.009968
1.026978 -0.280640 -0.492065 0.287656 -0.321596 -0.018513
1.030151 -0.277954 -0.499023 0.263922 -0.299049 -0.023971
1.026489 -0.269897 -0.491577 0.234730 -0.281723 -0.033702
1.012329 -0.275513 -0.483154 0.200790 -0.258938 -0.052215
0.996826 -0.284302 -0.479370 0.171597 -0.243986 -0.072389
0.979980 -0.289185 -0.472534 0.155458 -0.239476 -0.078797
0.971069 -0.292969 -0.471313 0.152847 -0.234255 -0.071202
0.969971 -0.288818 -0.478882 0.150948 -0.219777 -0.050553
0.969238 -0.280029 -0.484009 0.127689 -0.190822 -0.022310
0.973755 -0.274170 -0.482300 0.081170 -0.139556 0.006171
0.982910 -0.278809 -0.476440 0.024209 -0.085917 0.032753
0.989746 -0.275513 -0.469849 -0.030380 -0.045807 0.051740
0.998779 -0.277100 -0.455078 -0.073575 -0.017563 0.062183
1.005249 -0.275635 -0.444458 -0.098259 0.006171 0.065269
1.011841 -0.278320 -0.434326 -0.111787 0.022310 0.060522
