0.443481 0.983643 -0.184814 -0.220014 -0.139319 -0.008070
0.526733 0.803711 -0.137817 -0.318273 -0.089952 0.168749
0.504517 0.886597 -0.083984 -0.346992 -0.046519 0.120569
0.417358 0.918091 -0.098633 -0.293115 0.057674 0.165664
0.363159 0.884399 -0.162231 -0.271043 0.132911 0.379744
0.438477 0.744385 -0.137085 -0.352925 0.210758 0.624917
0.574341 0.793335 -0.063232 -0.404191 0.300947 0.655297
0.618042 0.812744 -0.065308 -0.334887 0.278875 0.532117
0.583374 0.793945 -0.091919 -0.297625 0.261786 0.395409
0.559082 0.786377 -0.100830 -0.323732 0.232119 0.248021
0.538330 0.765991 -0.076416 -0.352688 0.196755 0.125790
0.512695 0.731567 -0.029175 -0.345330 0.204825 0.052452
0.480591 0.697632 0.022339 -0.291929 0.242799 0.000475
0.428711 0.663696 0.081055 -0.200315 0.261312 -0.007358
0.421387 0.620972 0.134399 -0.065269 0.287656 0.067405
0.408813 0.575684 0.176636 0.106803 0.287182 0.147151
0.297241 0.535767 0.249390 0.280774 0.201502 0.244460
0.386353 0.475464 0.270752 0.466848 0.086629 0.404191
0.378540 0.418335 0.286255 0.652923 0.021361 0.518114
0.400513 0.369385 0.292236 0.826656 0.004035 0.602844
0.391602 0.371460 0.289551 0.995880 0.019462 0.625629
0.382568 0.372192 0.270752 1.183379 -0.029193 0.623730
0.376709 0.349976 0.229126 1.368741 -0.203163 0.622544
0.372314 0.365234 0.188721 1.552917 -0.363605 0.607828
0.365112 0.365479 0.123291 1.736382 -0.436231 0.606879
0.364624 0.354370 0.066528 1.879972 -0.423178 0.655059
0.376099 0.350220 0.028442 1.974196 -0.341058 0.750945
0.385010 0.337646 -0.004883 2.023326 -0.234967 0.866055
0.406006 0.341675 -0.037964 2.070557 -0.183464 0.970722
0.450317 0.338135 -0.097168 2.173800 -0.169224 1.047383
0.497681 0.344971 -0.171753 2.306473 -0.166850 1.087493
0.529907 0.376587 -0.269897 2.446978 -0.177531 1.107430
0.559082 0.401855 -0.368774 2.548085 -0.157357 1.125468
0.583008 0.444214 -0.476196 2.565649 -0.134572 1.148015
0.620605 0.499023 -0.568970 2.520791 -0.079984 1.187413
0.662964 0.541260 -0.654175 2.424431 0.032516 1.230609
0.708008 0.595459 -0.744141 2.303387 0.117246 1.253394
0.752075 0.645386 -0.844849 2.174749 0.178480 1.250309
0.803467 0.697998 -0.950562 2.022139 0.201739 1.232033
0.832153 0.750000 -1.061401 1.856713 0.174682 1.194771
0.866943 0.806885 -1.169678 1.680844 0.152610 1.153711
0.905151 0.865967 -1.254150 1.473646 0.157357 1.129028
0.929321 0.897461 -1.309448 1.200467 0.233305 1.110515
0.951172 0.901123 -1.297852 0.851577 0.345805 1.101259
0.977539 0.886108 -1.241211 0.490108 0.454269 1.098886
0.996216 0.854248 -1.159180 0.188923 0.538525 1.095325
1.015137 0.818237 -1.087769 -0.031329 0.602844 1.080373
1.039307 0.784424 -1.026611 -0.182277 0.644379 1.047383
1.046143 0.749023 -0.974365 -0.293590 0.679031 0.996117
1.038940 0.719971 -0.930786 -0.391374 0.681641 0.932985
1.030518 0.704224 -0.906250 -0.471832 0.623968 0.862969
1.014526 0.696411 -0.887695 -0.530456 0.532592 0.771119
0.992432 0.696289 -0.881226 -0.590503 0.421991 0.666689
0.968506 0.689331 -0.862671 -0.675470 0.291691 0.562734
0.940063 0.671509 -0.841919 -0.770881 0.144778 0.458304
0.909790 0.653687 -0.823853 -0.857273 0.015902 0.374998
0.884155 0.649658 -0.813721 -0.931798 -0.083306 0.323020
0.873535 0.640503 -0.801636 -1.008222 -0.136945 0.298099
0.863403 0.636963 -0.786377 -1.095800 -0.147151 0.297150
0.860718 0.630615 -0.770386 -1.176970 -0.127926 0.312340
0.855835 0.615845 -0.750366 -1.261226 -0.087104 0.327292
0.854126 0.598267 -0.724976 -1.357824 -0.071439 0.333938
0.862061 0.578003 -0.706665 -1.452760 -0.092088 0.330140
0.862427 0.554810 -0.687622 -1.535592 -0.131961 0.310441
0.864868 0.539917 -0.665405 -1.611066 -0.200315 0.273653
0.865479 0.533081 -0.649292 -1.684879 -0.277213 0.234255
0.878174 0.527344 -0.622803 -1.770796 -0.297625 0.212894
0.885986 0.512939 -0.594971 -1.867156 -0.274365 0.209571
0.890259 0.491577 -0.561035 -1.962804 -0.232356 0.218353
0.901245 0.468140 -0.521362 -2.052044 -0.172309 0.233780
0.902222 0.446533 -0.479004 -2.134401 -0.110838 0.249682
0.906982 0.424438 -0.422485 -2.207265 -0.065743 0.251106
0.897705 0.408691 -0.363281 -2.261616 -0.055538 0.232831
0.890869 0.403809 -0.311890 -2.291520 -0.073813 0.202689
0.892090 0.388062 -0.261719 -2.304811 -0.112499 0.165426
0.896118 0.369995 -0.201782 -2.318103 -0.179192 0.121044
0.890747 0.335815 -0.131958 -2.342311 -0.240900 0.087816
0.890381 0.312012 -0.055176 -2.355128 -0.254903 0.077848
0.882935 0.286377 0.034546 -2.308609 -0.213606 0.084493
0.875488 0.268555 0.104492 -2.205603 -0.136471 0.097072
0.866821 0.248047 0.167969 -2.076490 -0.050553 0.105379
0.858276 0.233276 0.223999 -1.929577 0.009494 0.104430
0.840820 0.221191 0.268188 -1.758692 0.035601 0.095411
0.818970 0.215576 0.296875 -1.571193 0.041297 0.079509
0.796265 0.213745 0.320679 -1.386305 0.025633 0.061234
0.776611 0.214233 0.338013 -1.204739 -0.021598 0.040585
0.754150 0.216309 0.344360 -1.022699 -0.085443 0.014003
0.730957 0.215820 0.350830 -0.843507 -0.154271 -0.006408
0.710693 0.213257 0.352661 -0.671436 -0.232119 -0.012342
0.697876 0.201904 0.361450 -0.513842 -0.295726 -0.000949
0.682617 0.194092 0.369019 -0.368115 -0.328479 0.034652
0.676147 0.190552 0.381348 -0.213844 -0.334887 0.086392
0.678589 0.183960 0.380859 -0.043908 -0.349840 0.140505
0.675293 0.188721 0.374023 0.143116 -0.388051 0.186549
0.670166 0.198486 0.345337 0.348890 -0.400868 0.223575
0.675415 0.217163 0.304688 0.557750 -0.418194 0.262261
0.682739 0.241821 0.253174 0.756166 -0.432434 0.300710
0.690308 0.264526 0.188965 0.928713 -0.427213 0.339397
0.692871 0.279053 0.126099 1.062335 -0.412023 0.379507
0.697510 0.284790 0.073608 1.155373 -0.384491 0.425314
0.710815 0.289429 0.022949 1.210910 -0.358146 0.473019
0.723755 0.283569 -0.021118 1.223252 -0.346517 0.522623
0.736694 0.272949 -0.047119 1.194534 -0.328954 0.575788
0.756714 0.264160 -0.053955 1.158933 -0.291691 0.626816
0.778442 0.249023 -0.047485 1.145167 -0.247546 0.673572
0.795410 0.239136 -0.043457 1.163442 -0.218353 0.712496
0.817139 0.226563 -0.044678 1.216369 -0.204587 0.739315
0.835693 0.219238 -0.046143 1.296115 -0.202214 0.752131
0.854614 0.216309 -0.060303 1.392475 -0.201502 0.762100
0.877686 0.220337 -0.089844 1.504025 -0.198654 0.777289
0.893677 0.229858 -0.145142 1.628154 -0.183701 0.788682
0.906128 0.235229 -0.207275 1.749198 -0.167325 0.794615
0.909424 0.237793 -0.275757 1.842710 -0.157831 0.792479
0.917969 0.243286 -0.331543 1.883770 -0.150948 0.788444
0.920166 0.252075 -0.380005 1.861935 -0.154983 0.783935
0.923096 0.247681 -0.400391 1.783850 -0.152610 0.787970
0.926514 0.234863 -0.406250 1.705765 -0.147151 0.799599
0.945190 0.233765 -0.408936 1.673961 -0.148575 0.823096
0.980347 0.244507 -0.440430 1.713597 -0.163053 0.843033
1.011841 0.264404 -0.499878 1.798565 -0.159018 0.846355
1.032471 0.289917 -0.587646 1.881396 -0.141217 0.846830
1.057129 0.319946 -0.694214 1.911539 -0.095173 0.847067
1.070801 0.339600 -0.777344 1.832979 -0.009256 0.853950
1.066528 0.339478 -0.816284 1.644294 0.076186 0.861783
1.063843 0.340332 -0.813965 1.397934 0.127926 0.869140
1.091309 0.343018 -0.772827 1.176970 0.125790 0.873175
1.136963 0.350586 -0.756958 1.053316 0.075712 0.853001
1.162354 0.362427 -0.775635 1.022225 0.037025 0.792242
1.172363 0.370117 -0.797119 0.992320 0.037737 0.722464
1.178345 0.371338 -0.820435 0.903792 0.072151 0.665502
1.174072 0.358643 -0.822144 0.760438 0.131961 0.621594
1.163208 0.335449 -0.791382 0.598335 0.189398 0.586943
1.163574 0.310547 -0.733643 0.456168 0.209809 0.550155
1.167358 0.289429 -0.686035 0.364317 0.193907 0.504111
1.180054 0.281250 -0.660278 0.322071 0.167088 0.447386
1.178223 0.284912 -0.659424 0.312815 0.160679 0.389001
1.175537 0.289551 -0.672852 0.307830 0.186312 0.331802
1.161499 0.291626 -0.690063 0.271280 0.225236 0.279824
1.137085 0.281860 -0.690063 0.193432 0.272941 0.238527
1.109741 0.263916 -0.664917 0.093512 0.313527 0.202689
1.091187 0.244629 -0.632080 -0.004509 0.341533 0.172784
1.077271 0.230957 -0.586182 -0.092325 0.343431 0.143828
1.059814 0.219604 -0.540161 -0.159967 0.326818 0.109889
1.043091 0.205688 -0.507935 -0.196280 0.280299 0.060522
1.032959 0.197754 -0.486450 -0.207198 0.217166 0.004509
1.026245 0.189087 -0.473145 -0.209334 0.159493 -0.042247
1.014404 0.172729 -0.459351 -0.218828 0.125553 -0.076898
1.004517 0.160034 -0.443970 -0.237815 0.112025 -0.099446
0.998413 0.147949 -0.421631 -0.257752 0.104667 -0.112499
0.990234 0.138062 -0.404541 -0.269619 0.094461 -0.123417
