0.428711 0.437378 0.653076 -0.635360 0.264872 -0.501263
0.434570 0.423096 0.665283 -0.489870 -0.049604 -0.422940
0.457031 0.419312 0.668213 -0.351026 -0.324207 -0.342007
0.481445 0.425781 0.666748 -0.234967 -0.535202 -0.292166
0.573730 0.411743 0.644409 -0.148575 -0.679505 -0.230695
0.574585 0.479126 0.654541 -0.103006 -0.521437 -0.277451
0.561279 0.480957 0.616699 -0.113923 -0.253005 -0.299049
0.521729 0.485840 0.600830 -0.165664 -0.171597 -0.274128
0.502197 0.488770 0.590942 -0.216217 -0.036550 -0.229745
0.473877 0.474609 0.607544 -0.242562 0.062895 -0.175869
0.466553 0.456543 0.617554 -0.233543 -0.001899 -0.098734
0.479248 0.460693 0.634277 -0.184651 -0.123417 -0.054114
0.502686 0.464233 0.640381 -0.122705 -0.228084 -0.015427
0.515015 0.460693 0.640503 -0.089715 -0.268669 0.018275
0.522217 0.459961 0.638794 -0.090427 -0.246597 0.049841
0.523926 0.456299 0.640015 -0.107990 -0.174920 0.087579
0.535522 0.462158 0.643555 -0.126977 -0.125790 0.120332
0.540527 0.463867 0.637451 -0.138132 -0.102056 0.127689
0.537598 0.462769 0.643188 -0.142404 -0.095648 0.120094
0.544067 0.463379 0.637207 -0.134809 -0.088291 0.110838
0.558228 0.474731 0.634033 -0.119145 -0.082120 0.096835
0.561890 0.479492 0.615723 -0.112499 -0.052927 0.078560
0.554321 0.481445 0.616943 -0.135521 -0.000237 0.069303
0.553223 0.472168 0.629272 -0.164714 0.029193 0.071914
0.550659 0.469116 0.643555 -0.166850 0.045095 0.071439
0.553101 0.472412 0.640869 -0.147388 0.030380 0.068117
0.553955 0.479126 0.644043 -0.128401 -0.004984 0.067405
0.558350 0.476196 0.637451 -0.115110 -0.041772 0.070490
0.572021 0.473511 0.637695 -0.106566 -0.065031 0.066930
0.581665 0.485474 0.630371 -0.110601 -0.027294 0.054588
0.582153 0.480103 0.657104 -0.121044 -0.022310 0.042247
0.578125 0.472168 0.640625 -0.109414 -0.045807 0.020649
0.570190 0.465820 0.627319 -0.093512 -0.062183 0.005696
0.567505 0.473022 0.609253 -0.082357 -0.063370 0.007595
0.571533 0.473145 0.610229 -0.086155 -0.066218 0.018038
0.573242 0.459106 0.593506 -0.077136 -0.136471 0.017326
0.567505 0.485718 0.615234 -0.090901 -0.106328 0.016614
0.589111 0.473755 0.624756 -0.108702 -0.119620 0.003797
0.567749 0.468140 0.593384 -0.108465 -0.086867 -0.020886
0.571289 0.467407 0.625610 -0.121281 -0.094224 -0.018275
0.575684 0.466675 0.619019 -0.117009 -0.135759 -0.035601
0.580811 0.466675 0.620605 -0.110363 -0.154983 -0.055538
0.559204 0.467529 0.607910 -0.112025 -0.125316 -0.064319
0.561523 0.463501 0.623657 -0.122230 -0.115347 -0.053639
0.551758 0.470703 0.626953 -0.118907 -0.099446 -0.057199
0.545654 0.466553 0.615112 -0.111787 -0.090427 -0.054588
0.549194 0.466675 0.608032 -0.111313 -0.071439 -0.037974
0.559326 0.466064 0.612427 -0.118907 -0.054351 -0.019937
0.564819 0.466309 0.616821 -0.126028 -0.043433 -0.015190
0.564087 0.465576 0.614868 -0.131249 -0.029193 -0.018513
0.559937 0.466797 0.618530 -0.138369 -0.017801 -0.021361
0.554810 0.463135 0.627197 -0.142879 -0.011867 -0.018275
0.557373 0.458984 0.630859 -0.140505 -0.011155 -0.012816
0.558960 0.461426 0.628296 -0.136471 -0.021598 -0.011392
0.555176 0.462402 0.630737 -0.128164 -0.033702 -0.009256
0.550049 0.462036 0.628052 -0.118907 -0.043908 -0.004035
0.554443 0.457764 0.623779 -0.113449 -0.056250 0.000000
0.555664 0.456665 0.620605 -0.113211 -0.072389 0.002373
0.550537 0.456055 0.616455 -0.116771 -0.082120 0.008070
0.547363 0.456055 0.612427 -0.120569 -0.080221 0.019462
0.492554 0.455811 0.615967 -0.124129 -0.080696 0.040585
0.544678 0.447876 0.609619 -0.124366 -0.093987 0.097310
0.542725 0.450195 0.629883 -0.119857 -0.111313 0.111075
0.550659 0.449829 0.622070 -0.100158 -0.139081 0.127214
0.546753 0.453003 0.630249 -0.083069 -0.163527 0.141692
0.558960 0.463989 0.631958 -0.061708 -0.201027 0.151186
0.571411 0.466431 0.614624 -0.042484 -0.229745 0.151423
0.583252 0.462036 0.622925 -0.043671 -0.227847 0.142404
0.614258 0.459351 0.618408 -0.053402 -0.240188 0.123180
0.609131 0.461060 0.624878 -0.059098 -0.257752 0.092800
0.589966 0.461304 0.617432 -0.055775 -0.299523 0.066218
0.606689 0.461670 0.603516 -0.048655 -0.312815 0.050791
0.591553 0.464966 0.611694 -0.044145 -0.311153 0.029193
0.592407 0.466431 0.593140 -0.045807 -0.268907 0.034889
0.603271 0.465454 0.593384 -0.065506 -0.196043 0.047705
0.614868 0.462769 0.606934 -0.085680 -0.134572 0.049129
0.615967 0.458984 0.610352 -0.090189 -0.093037 0.034889
0.619141 0.458374 0.612061 -0.083781 -0.106328 0.018038
0.611206 0.459351 0.597900 -0.072389 -0.147151 0.002611
0.613281 0.463135 0.589111 -0.073813 -0.125553 -0.001187
0.613037 0.462524 0.595825 -0.084493 -0.087341 0.002611
0.618896 0.463867 0.599243 -0.091613 -0.063370 0.002611
0.618530 0.460693 0.596680 -0.089240 -0.051740 -0.003323
0.618530 0.464478 0.588623 -0.091376 -0.032753 -0.010443
0.614136 0.467407 0.591187 -0.102768 -0.016139 -0.017326
0.615723 0.465088 0.589478 -0.109651 0.011392 -0.024209
0.613770 0.463623 0.594604 -0.113686 0.034889 -0.029905
0.604736 0.465576 0.596558 -0.117483 0.037262 -0.035126
0.605469 0.462524 0.600952 -0.118195 0.020174 -0.039398
0.605957 0.463867 0.600952 -0.117009 0.007358 -0.044145
0.603638 0.462646 0.597900 -0.114635 0.007832 -0.050791
0.599731 0.459595 0.602295 -0.113923 0.009731 -0.057199
0.592407 0.461182 0.606934 -0.110838 0.007832 -0.066455
0.585205 0.457397 0.603516 -0.103006 -0.000475 -0.064319
0.588989 0.457886 0.595581 -0.099446 -0.011155 -0.053402
0.592285 0.456787 0.595459 -0.102768 -0.015664 -0.044620
0.591309 0.455444 0.598755 -0.105379 -0.014478 -0.041772
0.597290 0.458008 0.602417 -0.110838 -0.005696 -0.041060
0.591919 0.452881 0.599121 -0.120806 0.009968 -0.046993
0.587402 0.451416 0.612061 -0.125078 0.014240 -0.056012
0.583130 0.450928 0.614136 -0.119145 0.005221 -0.056012
0.578735 0.451172 0.620117 -0.109414 -0.007595 -0.051978
0.581665 0.451904 0.618652 -0.094461 -0.023971 -0.046993
0.580200 0.455200 0.609863 -0.078560 -0.045095 -0.043908
0.578491 0.458862 0.603638 -0.070727 -0.043196 -0.034889
0.576782 0.458984 0.602783 -0.073575 -0.033940 -0.023022
0.585938 0.460205 0.605347 -0.077848 -0.024683 -0.009256
0.587646 0.459839 0.604370 -0.077136 -0.027057 -0.002611
0.593628 0.466919 0.600464 -0.073338 -0.031804 -0.005934
0.598633 0.467651 0.600098 -0.074288 -0.031566 -0.015664
0.597046 0.465332 0.599976 -0.079034 -0.023022 -0.020886
0.595581 0.460571 0.607056 -0.083069 -0.012104 -0.023259
0.592896 0.459229 0.604980 -0.078085 -0.014715 -0.028006
0.588501 0.463379 0.599121 -0.071202 -0.013528 -0.031566
0.586548 0.462280 0.598755 -0.070727 -0.018275 -0.029193
0.590576 0.464111 0.591064 -0.072863 -0.023497 -0.022785
0.588379 0.464600 0.595215 -0.074762 -0.031329 -0.023971
0.591187 0.463257 0.592529 -0.074762 -0.042484 -0.022073
0.587891 0.465698 0.593262 -0.073338 -0.055063 -0.015190
0.594971 0.462524 0.590820 -0.079746 -0.041772 -0.007120
0.599243 0.467407 0.605347 -0.085443 -0.031092 -0.009494
0.599976 0.464111 0.591675 -0.082357 -0.020649 -0.022785
0.595215 0.470337 0.598145 -0.089477 0.005221 -0.031329
0.604248 0.468994 0.608887 -0.099683 0.011392 -0.040585
0.595947 0.465576 0.593262 -0.089715 -0.023734 -0.064557
0.585571 0.468994 0.588623 -0.089477 -0.013528 -0.069303
0.581055 0.469360 0.588135 -0.113211 0.006171 -0.060284
0.577271 0.460571 0.599243 -0.135759 0.035364 -0.047468
0.572266 0.458130 0.597656 -0.135759 0.034414 -0.035364
0.575562 0.460205 0.599854 -0.126265 0.017089 -0.015190
0.585938 0.464844 0.602783 -0.119145 -0.004509 0.001661
0.604858 0.473511 0.606812 -0.117009 -0.005696 0.001424
0.612427 0.475586 0.610352 -0.120094 0.011155 -0.016851
0.608521 0.470703 0.600464 -0.121518 0.032278 -0.039873
0.606689 0.471313 0.607910 -0.127452 0.084730 -0.056250
0.593872 0.465088 0.615601 -0.130537 0.104192 -0.072626
0.585938 0.460449 0.629028 -0.119620 0.092088 -0.080458
0.576172 0.456909 0.606567 -0.095885 0.041535 -0.079746
0.568481 0.461914 0.601685 -0.082832 0.006883 -0.067405
0.568604 0.466919 0.601685 -0.088528 -0.003085 -0.046756
0.576782 0.462280 0.601074 -0.098022 0.006408 -0.029905
0.575928 0.463135 0.612305 -0.101344 -0.002136 -0.022073
0.580322 0.465210 0.609497 -0.092800 -0.028956 -0.020649
0.582520 0.467163 0.602539 -0.086867 -0.044620 -0.025395
0.580322 0.467773 0.600586 -0.089240 -0.038212 -0.031092
0.577026 0.466431 0.609741 -0.095173 -0.014240 -0.033465
0.580322 0.467041 0.601074 -0.097072 0.005696 -0.035364
0.576050 0.468506 0.612427 -0.095885 0.011867 -0.038449
0.564697 0.469604 0.605957 -0.089715 -0.003085 -0.040823
0.561646 0.464722 0.597900 -0.087579 -0.011392 -0.033940
