0.743408 0.695313 -0.419800 -0.259650 -0.088765 -0.346517
0.814697 0.535522 -0.438354 -0.186312 -0.404428 -0.428874
0.795776 0.553833 -0.446411 -0.088053 -0.698018 -0.507196
0.733521 0.606812 -0.392212 0.028006 -0.735518 -0.585756
0.593018 0.815308 -0.648804 0.129588 -0.706562 -0.561310
0.884155 0.680176 -0.654419 0.109889 0.599284 -0.407988
0.489624 0.332275 -0.478149 -0.068829 0.818824 -0.089477
0.570923 0.540649 -0.409302 -0.345093 0.378083 0.025870
0.718994 0.639648 -0.414795 -0.366691 0.181803 0.039636
0.791382 0.631714 -0.438599 -0.144778 0.006883 0.083781
0.746094 0.577026 -0.484253 0.119620 -0.023734 0.216929
0.729126 0.545654 -0.489258 0.227847 -0.011630 0.313527
0.761475 0.547241 -0.508545 0.162578 -0.058860 0.304270
0.808594 0.561401 -0.511597 0.050791 -0.066693 0.242324
0.828491 0.579956 -0.479614 -0.014478 -0.025633 0.189398
0.829590 0.577026 -0.459717 -0.029668 -0.000712 0.153322
0.824463 0.557983 -0.453857 -0.014478 -0.008544 0.106328
0.816772 0.562744 -0.462036 0.020649 -0.026819 0.045095
0.807739 0.576538 -0.478027 0.066930 -0.035126 -0.013528
0.792114 0.594360 -0.499268 0.112499 -0.032041 -0.055538
0.777466 0.606934 -0.526245 0.145964 -0.047943 -0.076898
0.775269 0.611816 -0.547607 0.155458 -0.080696 -0.085443
0.769165 0.622314 -0.569092 0.142404 -0.115822 -0.086155
0.767212 0.626953 -0.581421 0.107990 -0.127926 -0.073813
0.768433 0.619507 -0.585938 0.053639 -0.128876 -0.054826
0.772705 0.612305 -0.589355 -0.014952 -0.108702 -0.025395
0.777344 0.597778 -0.572998 -0.081170 -0.071202 0.014715
0.781860 0.584717 -0.558228 -0.133148 -0.038449 0.055775
0.792847 0.572388 -0.540161 -0.170648 -0.020886 0.091851
0.810181 0.562134 -0.525024 -0.196280 -0.005696 0.117721
0.821777 0.550171 -0.503784 -0.209809 0.018275 0.126502
0.829346 0.543457 -0.487671 -0.213132 0.031804 0.109651
0.827026 0.538818 -0.468384 -0.200315 0.023259 0.068117
0.818604 0.536987 -0.457153 -0.164002 0.001424 0.013054
0.801392 0.543335 -0.459473 -0.106566 -0.021361 -0.040585
0.781982 0.550415 -0.468628 -0.040823 -0.050791 -0.083544
0.760376 0.559692 -0.485596 0.018275 -0.093037 -0.110601
0.747681 0.571899 -0.503540 0.056724 -0.120569 -0.120569
0.727295 0.581421 -0.528931 0.073575 -0.109414 -0.114398
0.720215 0.591553 -0.544312 0.065506 -0.089003 -0.094224
0.715576 0.592529 -0.559326 0.040823 -0.084256 -0.061946
0.724731 0.596802 -0.562134 0.005934 -0.077373 -0.024683
0.736938 0.594360 -0.566406 -0.038449 -0.054351 0.019937
0.749512 0.588379 -0.556885 -0.091851 -0.018275 0.069541
0.771851 0.576660 -0.551147 -0.151186 0.013766 0.114398
0.792969 0.566528 -0.531128 -0.195806 0.042484 0.147388
0.809448 0.554810 -0.505737 -0.217404 0.050791 0.161154
0.825684 0.549683 -0.490356 -0.217166 0.027057 0.157119
0.837158 0.546997 -0.478271 -0.197704 -0.004747 0.141929
0.841431 0.546387 -0.467651 -0.163290 -0.017563 0.120806
0.844116 0.545044 -0.462891 -0.124604 -0.019225 0.088291
0.834717 0.551758 -0.468994 -0.082832 -0.024683 0.044857
0.821411 0.559204 -0.476074 -0.038686 -0.033465 -0.003797
0.805176 0.567139 -0.494385 0.001899 -0.058148 -0.046519
0.790039 0.577881 -0.511230 0.038212 -0.088291 -0.074288
0.775146 0.592651 -0.541626 0.056250 -0.109177 -0.082120
0.762451 0.600098 -0.559937 0.051503 -0.110838 -0.074525
0.753906 0.603149 -0.575317 0.022310 -0.095885 -0.057674
0.751099 0.608643 -0.589966 -0.016851 -0.074288 -0.031804
0.749756 0.607300 -0.590576 -0.060047 -0.052215 -0.002373
0.757324 0.601318 -0.588013 -0.105854 -0.045095 0.031092
0.773804 0.587891 -0.575195 -0.152847 -0.040585 0.063607
0.794067 0.574463 -0.557739 -0.196043 -0.019937 0.091613
0.809448 0.558594 -0.535278 -0.232593 0.004984 0.109651
0.823975 0.540283 -0.514160 -0.256802 0.013054 0.116059
0.833740 0.534912 -0.487305 -0.258938 0.009256 0.109651
0.842285 0.525513 -0.467407 -0.239476 0.003560 0.093275
0.837036 0.521729 -0.458252 -0.205537 -0.008782 0.065981
0.834717 0.523071 -0.453735 -0.159255 -0.021361 0.027057
0.822754 0.527832 -0.455566 -0.103243 -0.039873 -0.019462
0.804321 0.542847 -0.465088 -0.046519 -0.066693 -0.063370
0.781860 0.546265 -0.485352 0.005934 -0.098259 -0.096360
0.766357 0.547363 -0.508667 0.045807 -0.116534 -0.109177
0.749146 0.575806 -0.527344 0.069303 -0.100870 -0.105379
0.747192 0.595093 -0.557495 0.073101 -0.090427 -0.089715
0.730591 0.597168 -0.583862 0.057911 -0.082594 -0.065031
0.730103 0.605225 -0.591797 0.021361 -0.067879 -0.031804
0.742065 0.601685 -0.602173 -0.033940 -0.050079 0.004509
0.759644 0.598267 -0.599976 -0.098734 -0.041772 0.039398
0.780273 0.588989 -0.581665 -0.160442 -0.028956 0.070490
0.798340 0.574951 -0.559326 -0.215268 0.001661 0.097072
0.811890 0.559937 -0.532715 -0.257989 0.031566 0.115347
0.822998 0.544067 -0.510986 -0.281011 0.043433 0.120806
0.834595 0.533325 -0.484009 -0.277688 0.035126 0.113449
0.839111 0.527100 -0.474731 -0.250869 0.021123 0.094936
0.846924 0.521484 -0.449829 -0.207435 0.001424 0.066455
0.840698 0.531250 -0.461182 -0.154271 -0.025870 0.023734
0.828491 0.530640 -0.469360 -0.096360 -0.055063 -0.022547
0.809448 0.540039 -0.470093 -0.038924 -0.059335 -0.060047
0.794800 0.546753 -0.488647 0.009019 -0.069066 -0.085917
0.778320 0.560791 -0.508911 0.047705 -0.091851 -0.104667
0.762573 0.572021 -0.527222 0.074525 -0.098734 -0.113449
0.755005 0.585449 -0.554199 0.083069 -0.100870 -0.105616
0.748047 0.594971 -0.576782 0.072863 -0.108465 -0.086867
0.747803 0.593872 -0.594482 0.041772 -0.104904 -0.061708
0.749634 0.598633 -0.602539 -0.009256 -0.089003 -0.032516
0.760620 0.590332 -0.602661 -0.070965 -0.061946 0.000475
0.773438 0.576416 -0.586426 -0.137183 -0.032516 0.036313
0.789185 0.567627 -0.574951 -0.197467 0.000237 0.065981
0.805054 0.553589 -0.544922 -0.242562 0.026819 0.083306
0.813721 0.534180 -0.520752 -0.267720 0.047943 0.089240
0.828369 0.521729 -0.487183 -0.271517 0.048417 0.086392
0.832031 0.516357 -0.468872 -0.253242 0.032516 0.067167
0.827026 0.511230 -0.452515 -0.212894 0.021123 0.036313
0.819092 0.517212 -0.437500 -0.156170 0.009494 -0.001899
0.803345 0.524902 -0.444092 -0.086392 -0.012104 -0.039873
0.784180 0.537842 -0.466919 -0.009019 -0.049367 -0.074050
0.767700 0.552368 -0.486450 0.059572 -0.075949 -0.093037
0.758301 0.571899 -0.510864 0.098971 -0.090189 -0.095173
0.760986 0.582520 -0.550903 0.105854 -0.095648 -0.089715
0.747559 0.595581 -0.583740 0.091376 -0.082832 -0.078322
0.740845 0.605225 -0.597412 0.058860 -0.057911 -0.058860
0.750366 0.609619 -0.607422 0.009731 -0.045807 -0.030617
0.765381 0.603638 -0.610718 -0.052690 -0.042721 0.003797
0.782227 0.592529 -0.597900 -0.119145 -0.019225 0.036788
0.801758 0.582397 -0.585571 -0.188448 0.016614 0.064557
0.821899 0.567383 -0.567017 -0.250869 0.051740 0.084730
0.836060 0.560791 -0.548462 -0.295489 0.080458 0.095648
0.844482 0.542969 -0.519409 -0.323732 0.112974 0.094224
0.848389 0.529053 -0.501221 -0.331802 0.168512 0.082357
0.863647 0.537231 -0.490967 -0.314713 0.234255 0.069066
0.859985 0.536865 -0.467163 -0.270331 0.323495 0.049367
0.864624 0.516235 -0.451050 -0.213132 0.419380 0.010680
0.869263 0.520508 -0.440796 -0.148575 0.464000 -0.050079
0.850220 0.534546 -0.428955 -0.077373 0.426975 -0.115822
0.821289 0.532715 -0.427979 -0.001424 0.410836 -0.178480
0.749146 0.555176 -0.458984 0.075949 0.435994 -0.213844
0.760864 0.534302 -0.450439 0.152135 0.517164 -0.182040
0.758423 0.559937 -0.442017 0.192483 0.395884 -0.085205
0.760010 0.581787 -0.464233 0.207673 0.298811 -0.020411
0.770752 0.581177 -0.517334 0.196518 0.289792 0.021598
0.768555 0.593994 -0.554443 0.168512 0.294539 0.066218
0.780884 0.638550 -0.678955 -0.003560 0.275789 0.041535
0.796265 0.595459 -0.537964 -0.182277 0.552291 0.029668
0.808838 0.567871 -0.478882 -0.163765 0.385915 0.090427
0.818115 0.539551 -0.515869 -0.204350 0.212894 0.069778
0.831421 0.560791 -0.467163 -0.184651 0.133148 0.066930
0.840332 0.538818 -0.479736 -0.156407 0.051978 0.040348
0.857544 0.549805 -0.495850 -0.168986 -0.013291 -0.004747
0.844727 0.564453 -0.471558 -0.170173 0.025395 -0.051028
0.835327 0.536011 -0.468994 -0.164239 0.001661 -0.063845
0.848633 0.519043 -0.461426 -0.168037 -0.024683 -0.063133
0.841675 0.544678 -0.459473 -0.155458 -0.050316 -0.091376
0.826904 0.551636 -0.465210 -0.133385 -0.056250 -0.134572
0.801514 0.543213 -0.467285 -0.108227 -0.128401 -0.164239
0.805420 0.566528 -0.475464 -0.098734 -0.190110 -0.170410
0.803101 0.568115 -0.492432 -0.117721 -0.183701 -0.161629
0.795898 0.564575 -0.505249 -0.164239 -0.132673 -0.134097
0.784058 0.562256 -0.502563 -0.214318 -0.046044 -0.094936
0.790527 0.546021 -0.481445 -0.251581 0.069778 -0.052452
