0.730835 0.588013 -0.751587 -0.304508 -0.283384 -0.528082
0.686768 0.575928 -0.726807 -0.414633 -0.114161 -0.505772
0.648315 0.565918 -0.697632 -0.492006 0.004747 -0.418668
0.720825 0.493286 -0.727295 -0.516452 -0.042721 -0.218828
0.679077 0.492676 -0.634644 -0.539000 -0.001424 -0.141217
0.686157 0.500244 -0.639893 -0.501500 -0.033702 -0.086629
0.686035 0.492676 -0.636353 -0.427450 -0.076661 -0.027057
0.695679 0.491455 -0.618896 -0.329666 -0.091613 -0.009968
0.688721 0.493042 -0.641846 -0.243986 -0.034889 -0.032041
0.671509 0.494751 -0.622070 -0.173496 -0.070253 -0.047468
0.668945 0.493164 -0.639893 -0.106803 -0.107040 -0.023971
0.665039 0.497192 -0.642578 -0.058860 -0.081408 0.001424
0.665039 0.506592 -0.653687 -0.021598 -0.032990 0.021598
0.661011 0.521606 -0.666382 -0.000237 -0.005934 0.040585
0.661377 0.530029 -0.677124 -0.001424 0.002848 0.062658
0.665894 0.532227 -0.675293 -0.022547 0.010680 0.086867
0.677612 0.534302 -0.669067 -0.046756 0.009256 0.112974
0.685669 0.534912 -0.663208 -0.057674 -0.006171 0.135996
0.696289 0.529053 -0.662598 -0.045095 -0.032990 0.154509
0.702271 0.517700 -0.664063 -0.010206 -0.051740 0.167800
0.715942 0.520142 -0.669189 0.034414 -0.068829 0.173733
0.719604 0.526245 -0.669556 0.073338 -0.118670 0.167562
0.725708 0.525635 -0.673340 0.098496 -0.182277 0.149999
0.729858 0.522705 -0.681641 0.109414 -0.227609 0.131724
0.733154 0.522827 -0.681152 0.113686 -0.248970 0.118433
0.735840 0.524902 -0.685791 0.117483 -0.259888 0.108939
0.738159 0.522461 -0.694580 0.125316 -0.262024 0.100632
0.742310 0.528809 -0.708252 0.129350 -0.260362 0.089715
0.737793 0.534424 -0.720703 0.122230 -0.245647 0.073575
0.740967 0.534912 -0.729492 0.100870 -0.239002 0.055538
0.736816 0.534424 -0.728271 0.064794 -0.234492 0.040585
0.736694 0.528931 -0.730103 0.021361 -0.209571 0.033940
0.732666 0.522339 -0.730103 -0.015427 -0.165426 0.038212
0.727295 0.519897 -0.721191 -0.042721 -0.120806 0.043433
0.725830 0.516602 -0.717041 -0.058148 -0.082594 0.043908
0.721313 0.511353 -0.705200 -0.061946 -0.056724 0.040111
0.719604 0.508911 -0.697754 -0.054114 -0.043671 0.034414
0.714233 0.504150 -0.696899 -0.040348 -0.039636 0.031329
0.712646 0.499756 -0.693359 -0.020886 -0.041060 0.028006
0.708618 0.497070 -0.695923 0.002611 -0.041535 0.025158
0.708862 0.497681 -0.696899 0.026107 -0.043433 0.026107
0.703247 0.494507 -0.699463 0.048655 -0.061946 0.029430
0.700562 0.498047 -0.696777 0.066930 -0.084730 0.034652
0.702271 0.495605 -0.706665 0.079034 -0.094699 0.040823
0.703979 0.495605 -0.716675 0.087104 -0.104192 0.048892
0.708618 0.501099 -0.726929 0.084730 -0.125790 0.048417
0.710815 0.507202 -0.741211 0.065269 -0.148812 0.040348
0.705322 0.504028 -0.747437 0.037025 -0.146914 0.033702
0.707886 0.498657 -0.744507 0.004747 -0.125078 0.034414
0.705688 0.498535 -0.744385 -0.025870 -0.099920 0.037974
0.704224 0.501709 -0.734863 -0.053639 -0.078797 0.039161
0.703491 0.495850 -0.728394 -0.073575 -0.056250 0.038449
0.709106 0.492432 -0.726929 -0.083069 -0.040823 0.037025
0.704834 0.493042 -0.719604 -0.082832 -0.040111 0.033702
0.707886 0.486328 -0.713257 -0.072626 -0.039636 0.030142
0.708008 0.486694 -0.716187 -0.057674 -0.038924 0.027057
0.711670 0.488525 -0.725464 -0.045807 -0.037500 0.025395
0.714478 0.487183 -0.724609 -0.038686 -0.038924 0.026582
0.715576 0.486694 -0.727783 -0.036788 -0.046044 0.025870
0.716431 0.487671 -0.727173 -0.038449 -0.058860 0.023734
0.712036 0.485474 -0.735229 -0.040111 -0.070965 0.024446
0.719727 0.487793 -0.734253 -0.035838 -0.079034 0.024446
0.717896 0.492310 -0.736816 -0.029668 -0.083306 0.021835
0.718872 0.495361 -0.744385 -0.030617 -0.085917 0.017801
0.716553 0.494751 -0.740967 -0.037262 -0.085680 0.009494
0.714111 0.491455 -0.743408 -0.051028 -0.078085 0.004984
0.710571 0.486328 -0.738037 -0.066930 -0.064319 0.001899
0.710693 0.482422 -0.736328 -0.078085 -0.051028 0.002611
0.706787 0.481934 -0.734009 -0.077610 -0.042247 0.005934
0.704956 0.480591 -0.725830 -0.073101 -0.034889 0.006408
0.703491 0.482056 -0.730591 -0.069778 -0.032278 0.004984
0.703003 0.479492 -0.734131 -0.067405 -0.042247 0.004509
0.707031 0.481689 -0.734375 -0.067642 -0.047705 0.007358
0.712402 0.482178 -0.733154 -0.066930 -0.047468 0.012579
0.708740 0.480835 -0.732788 -0.063845 -0.043671 0.017801
0.711792 0.483398 -0.735352 -0.058860 -0.043908 0.020886
0.710938 0.486084 -0.736816 -0.061708 -0.042959 0.020886
0.714233 0.487549 -0.734131 -0.076186 -0.042721 0.020411
0.711914 0.481201 -0.730713 -0.090901 -0.037500 0.022073
0.712769 0.477295 -0.727661 -0.094699 -0.031566 0.022073
0.708984 0.477051 -0.725708 -0.086155 -0.023971 0.023259
0.713135 0.480103 -0.728882 -0.072626 -0.025158 0.023734
0.713379 0.476929 -0.727905 -0.060996 -0.034414 0.017563
0.708862 0.481934 -0.735107 -0.052690 -0.043908 0.008782
0.712524 0.481201 -0.735962 -0.054114 -0.052452 -0.001661
0.713623 0.484009 -0.741943 -0.061708 -0.061471 -0.009019
0.709473 0.485352 -0.745728 -0.073813 -0.066455 -0.012104
0.708496 0.479858 -0.741211 -0.087579 -0.065269 -0.013528
0.704956 0.472778 -0.740234 -0.099920 -0.062895 -0.011630
0.701904 0.470703 -0.738159 -0.102768 -0.058148 -0.002848
0.706299 0.470947 -0.734985 -0.097547 -0.044620 0.006171
0.708618 0.472534 -0.729370 -0.087816 -0.034177 0.007832
0.705933 0.470581 -0.731567 -0.074525 -0.036788 0.001661
0.704102 0.476807 -0.735352 -0.064319 -0.046519 -0.006408
0.703369 0.478271 -0.736694 -0.059098 -0.048180 -0.007358
0.707764 0.479126 -0.742310 -0.064082 -0.044857 -0.005934
0.709106 0.477051 -0.740479 -0.073338 -0.042484 -0.004984
0.709839 0.477417 -0.742798 -0.079272 -0.044620 -0.006883
0.704590 0.472900 -0.742310 -0.078085 -0.048655 -0.008307
0.707153 0.472778 -0.743896 -0.074050 -0.053164 -0.011630
0.706909 0.473877 -0.740723 -0.068354 -0.058860 -0.014003
0.710571 0.477051 -0.746460 -0.066693 -0.062420 -0.017089
0.706665 0.476318 -0.745972 -0.067167 -0.062658 -0.017089
0.704956 0.477173 -0.746948 -0.066693 -0.057436 -0.013291
0.705200 0.472656 -0.744873 -0.067405 -0.051503 -0.010206
0.703613 0.473389 -0.749146 -0.065269 -0.048892 -0.008782
0.702881 0.474976 -0.749634 -0.064557 -0.051028 -0.010443
0.702148 0.475342 -0.752808 -0.062658 -0.051503 -0.011630
0.702637 0.475098 -0.750732 -0.062420 -0.050079 -0.012816
0.703613 0.472900 -0.748657 -0.066930 -0.045332 -0.011867
0.704102 0.471924 -0.748779 -0.071202 -0.041535 -0.009494
0.712036 0.477783 -0.731201 -0.077610 -0.037262 -0.007832
0.696533 0.469238 -0.753906 -0.090901 0.037025 -0.008070
0.700928 0.462524 -0.751587 -0.101107 0.019699 -0.013766
0.706299 0.475342 -0.739502 -0.098022 -0.004509 -0.010206
0.706299 0.473022 -0.739624 -0.092800 -0.038924 -0.009968
0.706543 0.475830 -0.741089 -0.093512 -0.041772 -0.018750
0.709106 0.475952 -0.737915 -0.089952 -0.034414 -0.021361
0.707397 0.468872 -0.736938 -0.081645 -0.042009 -0.021361
0.706421 0.472046 -0.737671 -0.075237 -0.047468 -0.020174
0.709717 0.471069 -0.748291 -0.075474 -0.054114 -0.021361
0.707275 0.471802 -0.750977 -0.078085 -0.063370 -0.021835
0.704102 0.476074 -0.751221 -0.079034 -0.065981 -0.020886
0.704468 0.474487 -0.754639 -0.080696 -0.059098 -0.019937
0.704590 0.475098 -0.755737 -0.087104 -0.046519 -0.018750
0.705200 0.468994 -0.749878 -0.095173 -0.032753 -0.014715
0.708008 0.469238 -0.746582 -0.099208 -0.021361 -0.010206
0.702515 0.470703 -0.743530 -0.099208 -0.016376 -0.005934
0.702881 0.473267 -0.750610 -0.097547 -0.016376 -0.003797
0.700806 0.471191 -0.751099 -0.097784 -0.019699 -0.008782
0.702515 0.470093 -0.744507 -0.096597 -0.024446 -0.012342
0.702515 0.466675 -0.749268 -0.093987 -0.033228 -0.015664
0.705444 0.471436 -0.754517 -0.093987 -0.044620 -0.016851
0.701172 0.470337 -0.756958 -0.091376 -0.049841 -0.017563
0.702271 0.472168 -0.759521 -0.090664 -0.047468 -0.015902
0.701050 0.471924 -0.756104 -0.095648 -0.040111 -0.013291
0.703979 0.470825 -0.751465 -0.105142 -0.034889 -0.011155
0.702881 0.471680 -0.748413 -0.110126 -0.034177 -0.008782
0.702515 0.475952 -0.747437 -0.108227 -0.033702 -0.005221
0.700684 0.473755 -0.743774 -0.099683 -0.030380 -0.004747
0.700684 0.473755 -0.745117 -0.093749 -0.025870 -0.004984
0.702271 0.472778 -0.745605 -0.091613 -0.025870 -0.003085
0.701538 0.474121 -0.743896 -0.091376 -0.030142 0.000000
0.706299 0.472778 -0.743530 -0.093275 -0.032516 0.000712
0.705566 0.471069 -0.746338 -0.094224 -0.035838 -0.003323
0.707031 0.474243 -0.747925 -0.094936 -0.041060 -0.008782
0.708984 0.469360 -0.750000 -0.095648 -0.046281 -0.013054
0.708374 0.470825 -0.745972 -0.094224 -0.042721 -0.012579
0.706299 0.466553 -0.742065 -0.091139 -0.035364 -0.008544
0.703735 0.470703 -0.741211 -0.087579 -0.026819 -0.005459
