0.997803 0.032837 -0.069580 -0.040348 0.010680 0.000237
0.991089 0.029297 -0.061157 -0.025870 0.039873 0.013766
0.953003 0.043335 -0.055176 0.006646 0.052690 0.020649
0.964111 0.007813 -0.066895 0.041772 0.065506 0.056487
0.983887 0.046631 -0.092041 0.078797 -0.043908 0.068829
1.001465 0.053955 -0.085571 0.100395 -0.036076 0.046044
1.006714 0.057373 -0.094849 0.118433 -0.098259 0.019699
0.991699 0.051270 -0.109009 0.102531 -0.116297 -0.012342
0.986450 0.044067 -0.099121 0.065981 -0.119145 -0.030142
0.988403 0.038818 -0.101074 0.037262 -0.117246 -0.025870
1.001831 0.030762 -0.085205 0.017326 -0.101107 -0.006171
1.008179 0.034912 -0.077026 0.014003 -0.068591 0.014240
1.015259 0.038452 -0.067505 0.026345 -0.034177 0.029193
1.019043 0.039307 -0.082642 0.048655 -0.002373 0.044383
1.011963 0.042725 -0.097290 0.065269 0.034414 0.055775
1.013794 0.047485 -0.103882 0.065743 0.047943 0.056487
1.016602 0.053833 -0.107544 0.055775 0.039873 0.043433
1.021362 0.056152 -0.106445 0.044383 0.019699 0.019699
1.022095 0.056152 -0.107910 0.029668 -0.001187 -0.006408
1.006958 0.051147 -0.114258 0.010680 -0.007358 -0.027531
0.999756 0.043091 -0.117432 -0.006171 -0.012342 -0.037737
0.992432 0.042114 -0.108521 -0.008307 -0.026582 -0.032990
0.997070 0.049561 -0.099609 0.000000 -0.035126 -0.021835
1.004150 0.053223 -0.100708 0.011867 -0.039873 -0.013528
1.004272 0.050537 -0.110107 0.015664 -0.027769 -0.008307
1.004272 0.052856 -0.117798 -0.004035 0.002136 -0.004509
1.010498 0.051880 -0.127808 -0.043433 0.040111 -0.004509
1.012939 0.048706 -0.122681 -0.091376 0.079509 -0.008070
1.017212 0.044434 -0.116577 -0.140268 0.121993 -0.014715
1.010254 0.036011 -0.103149 -0.176106 0.150236 -0.029430
1.008057 0.038818 -0.067993 -0.176344 0.136233 -0.053402
1.010132 0.034668 -0.047852 -0.140743 0.071202 -0.074762
1.002686 0.027710 -0.049072 -0.083306 -0.004035 -0.084493
0.999390 0.029541 -0.054688 -0.026107 -0.058386 -0.081170
0.998413 0.037964 -0.068848 0.017089 -0.089715 -0.070490
1.005615 0.041138 -0.081177 0.031566 -0.083781 -0.053402
1.009155 0.037842 -0.098267 0.010443 -0.055538 -0.038686
1.005127 0.037842 -0.102661 -0.030617 -0.005221 -0.025158
1.000854 0.045654 -0.091797 -0.066218 0.032278 -0.015427
0.997803 0.048828 -0.079834 -0.075237 0.025870 -0.014478
0.997437 0.047119 -0.072998 -0.058386 0.008782 -0.016851
0.993164 0.046875 -0.071289 -0.024209 -0.018275 -0.022073
0.992188 0.044434 -0.073364 0.018275 -0.049841 -0.028481
0.994995 0.047363 -0.084229 0.051740 -0.068829 -0.028718
0.996216 0.045288 -0.091064 0.063370 -0.069066 -0.022547
1.004761 0.043091 -0.093140 0.053402 -0.046756 -0.016851
1.010132 0.043213 -0.094849 0.025158 -0.011867 -0.008070
1.006226 0.032959 -0.088501 -0.004035 0.031804 0.000237
1.011963 0.038208 -0.084717 -0.019699 0.054826 0.004984
1.006714 0.036743 -0.082642 -0.018038 0.052690 0.001899
1.007813 0.037964 -0.085083 -0.009968 0.042247 -0.007120
1.006470 0.037720 -0.083984 0.004984 0.010680 -0.019462
1.002319 0.042480 -0.080811 0.025395 -0.029193 -0.028243
1.005737 0.042725 -0.075928 0.043196 -0.057911 -0.030142
0.999268 0.037842 -0.084229 0.050791 -0.064082 -0.026107
1.003174 0.047852 -0.083862 0.056012 -0.048180 -0.018750
1.000122 0.041382 -0.088257 0.054826 -0.025870 -0.006171
0.996704 0.041626 -0.100830 0.044383 -0.008070 0.007595
1.008179 0.044434 -0.104858 0.028243 0.008782 0.021123
1.010986 0.045898 -0.106567 0.009256 0.032041 0.028006
1.012695 0.048218 -0.106201 -0.007832 0.050316 0.022785
1.010254 0.052246 -0.106445 -0.013054 0.041535 0.005459
0.999390 0.052856 -0.105469 -0.009494 0.010918 -0.014952
0.995605 0.055420 -0.103638 -0.002848 -0.013291 -0.031804
0.983521 0.054199 -0.098633 0.002136 -0.026819 -0.042959
0.982178 0.050293 -0.096924 0.011867 -0.042721 -0.046281
0.988281 0.050537 -0.100708 0.024683 -0.058148 -0.039398
0.993408 0.044434 -0.098389 0.030854 -0.057674 -0.024209
1.001343 0.046631 -0.103760 0.023022 -0.035126 -0.004984
1.005249 0.049316 -0.106567 0.007120 0.000712 0.013766
1.002197 0.049072 -0.107178 -0.013054 0.032990 0.031092
1.006226 0.054565 -0.098999 -0.031092 0.041772 0.037025
1.008789 0.055176 -0.095947 -0.036550 0.027531 0.028006
1.015259 0.059570 -0.095337 -0.032753 0.009019 0.006171
1.011841 0.059204 -0.105591 -0.030380 -0.003560 -0.020886
1.002930 0.055908 -0.109009 -0.035364 -0.012816 -0.042009
0.997803 0.057251 -0.104004 -0.040111 -0.015427 -0.053164
0.992310 0.051636 -0.105103 -0.043433 -0.026819 -0.055775
0.985352 0.052124 -0.104980 -0.041060 -0.049129 -0.050791
0.987427 0.052490 -0.105713 -0.039636 -0.079509 -0.035838
0.994629 0.053101 -0.104492 -0.042247 -0.094936 -0.018038
1.006836 0.054688 -0.104736 -0.053639 -0.077373 -0.001424
1.008423 0.052368 -0.099243 -0.067879 -0.036788 0.009019
1.002686 0.051147 -0.094604 -0.074288 -0.008544 0.011155
1.006836 0.048584 -0.091919 -0.071677 -0.005459 0.006171
1.006470 0.044434 -0.085327 -0.059098 -0.020411 -0.004035
1.010620 0.040894 -0.088989 -0.039636 -0.036076 -0.014715
1.010864 0.040283 -0.082397 -0.023022 -0.034889 -0.022310
1.002563 0.038574 -0.087402 -0.009731 -0.037025 -0.027057
1.010742 0.043213 -0.098633 -0.001187 -0.052927 -0.027294
1.004761 0.041626 -0.101074 -0.004035 -0.055775 -0.022310
1.010620 0.049072 -0.103760 -0.016851 -0.046044 -0.018750
1.009155 0.053345 -0.105469 -0.030142 -0.040348 -0.020174
1.006226 0.052979 -0.104370 -0.038924 -0.032990 -0.019225
1.004883 0.056885 -0.103760 -0.044620 -0.028718 -0.022785
1.001953 0.056396 -0.097290 -0.045332 -0.022073 -0.026345
0.999023 0.054932 -0.096313 -0.045569 -0.009731 -0.028718
0.994873 0.054688 -0.096558 -0.040585 -0.008544 -0.033465
0.987671 0.053711 -0.091919 -0.022547 -0.018275 -0.034414
0.991455 0.056396 -0.093140 0.000949 -0.040348 -0.030380
0.993530 0.058594 -0.099365 0.020886 -0.054588 -0.021598
1.001709 0.056763 -0.103638 0.024446 -0.046519 -0.008782
1.007080 0.058594 -0.112427 0.017326 -0.028718 0.003797
1.004517 0.064453 -0.111450 0.003323 -0.018987 0.010443
1.024170 0.061890 -0.114136 -0.017801 -0.008544 0.013528
1.026001 0.059937 -0.111206 -0.040111 0.008544 0.008307
1.025391 0.057983 -0.105469 -0.058860 0.022310 -0.004035
1.020020 0.057129 -0.098267 -0.061234 0.022310 -0.020649
1.017456 0.058228 -0.098511 -0.046756 0.005934 -0.037262
1.010376 0.060181 -0.096191 -0.025158 -0.010443 -0.052215
1.002075 0.054443 -0.099243 -0.013766 -0.017326 -0.053639
0.997803 0.052856 -0.095947 -0.011867 -0.013528 -0.041772
1.000610 0.054077 -0.106201 -0.009494 -0.014715 -0.023022
1.004150 0.058228 -0.108276 -0.008070 -0.018275 -0.007358
1.013916 0.058594 -0.109009 -0.017326 -0.008544 0.002611
1.015625 0.059448 -0.107422 -0.033465 0.011630 0.004747
1.018677 0.062378 -0.103638 -0.039161 0.019937 -0.001187
1.020142 0.062622 -0.104614 -0.032278 0.014478 -0.011392
1.008423 0.065430 -0.104370 -0.026107 0.004035 -0.026582
0.994995 0.063721 -0.105469 -0.027057 -0.004984 -0.042009
0.973267 0.066040 -0.103149 -0.030142 -0.012342 -0.050316
0.963745 0.062622 -0.105835 -0.031329 -0.033228 -0.049367
0.964478 0.065308 -0.103516 -0.032041 -0.061946 -0.034177
0.973999 0.061401 -0.098999 -0.034414 -0.071914 -0.011392
0.983398 0.063843 -0.096802 -0.040348 -0.047705 0.007120
0.994141 0.063110 -0.098877 -0.046519 -0.025395 0.019225
0.997559 0.065796 -0.096191 -0.047231 -0.007595 0.022547
1.001953 0.064331 -0.093628 -0.044857 -0.000712 0.013291
1.002075 0.063599 -0.092285 -0.037974 0.004272 -0.006408
1.001221 0.058838 -0.092041 -0.026582 0.003085 -0.028956
0.996826 0.051270 -0.097534 -0.016614 -0.014952 -0.044857
0.993896 0.057495 -0.106201 -0.015902 -0.026107 -0.051028
0.992920 0.052124 -0.099731 -0.028481 -0.019225 -0.045807
0.987183 0.050903 -0.102539 -0.039873 -0.000949 -0.034414
0.987549 0.051392 -0.096558 -0.038449 0.005696 -0.022310
0.987671 0.052612 -0.094727 -0.028481 -0.007832 -0.013291
0.990967 0.051514 -0.096069 -0.018513 -0.022547 -0.006646
0.998047 0.049683 -0.097534 -0.008307 -0.037500 -0.007120
1.002808 0.047607 -0.102661 0.000237 -0.042484 -0.007358
1.009277 0.043823 -0.099365 0.004984 -0.041772 -0.011155
1.008301 0.042969 -0.105347 0.006646 -0.037025 -0.017801
1.013550 0.041504 -0.111084 0.006646 -0.038212 -0.022547
1.018433 0.038696 -0.112427 0.002136 -0.035126 -0.020411
1.023560 0.036621 -0.111938 -0.008307 -0.014715 -0.011392
1.025269 0.039429 -0.115479 -0.017563 0.005459 -0.002136
1.028076 0.043213 -0.117676 -0.018038 0.017089 0.001187
1.022339 0.046021 -0.124878 -0.017326 0.018513 -0.004509
1.017944 0.051270 -0.124756 -0.022073 0.014478 -0.017563
1.004761 0.053467 -0.122681 -0.028956 0.004272 -0.034889
0.996338 0.056396 -0.124878 -0.036550 -0.007358 -0.049604
