0.549805 0.683228 -0.613281 -0.394460 0.276501 -0.292166
0.547729 0.674316 -0.583374 -0.409412 0.446674 -0.107752
0.566162 0.675903 -0.553589 -0.391611 0.502449 0.063845
0.582764 0.668701 -0.541260 -0.339871 0.461152 0.184413
0.636353 0.640625 -0.542480 -0.256090 0.281486 0.235679
0.637573 0.653076 -0.486694 -0.172072 0.183227 0.196518
0.643188 0.631348 -0.503662 -0.078797 0.040348 0.157357
0.654785 0.639526 -0.532471 0.003323 -0.093749 0.087104
0.690430 0.657349 -0.555420 0.071914 -0.325394 0.017089
0.690796 0.649658 -0.569214 0.111550 -0.596436 -0.031804
0.676270 0.638916 -0.574219 0.122230 -0.807669 -0.085680
0.663452 0.631104 -0.576904 0.122468 -0.932985 -0.146202
0.646362 0.621582 -0.583740 0.145015 -0.993032 -0.178955
0.634766 0.618896 -0.594482 0.196280 -1.016766 -0.183464
0.609985 0.625488 -0.598267 0.256565 -1.021275 -0.174445
0.580444 0.646362 -0.597290 0.318036 -1.023411 -0.125078
0.578247 0.627563 -0.611816 0.368827 -1.057588 -0.032516
0.572632 0.615112 -0.624634 0.402766 -1.113838 0.023022
0.565918 0.614746 -0.655029 0.436469 -1.186227 0.010443
0.567871 0.626465 -0.691772 0.464000 -1.266210 -0.048417
0.561279 0.638916 -0.724976 0.480377 -1.335751 -0.117958
0.549438 0.641113 -0.758667 0.467323 -1.356637 -0.169461
0.537720 0.633057 -0.771729 0.423415 -1.315340 -0.182989
0.525513 0.630005 -0.784424 0.369539 -1.236306 -0.142404
0.515991 0.627075 -0.793701 0.309254 -1.172698 -0.081882
0.510010 0.629639 -0.813232 0.247546 -1.138521 -0.037500
0.511475 0.645752 -0.838135 0.182277 -1.108854 -0.020174
0.505493 0.672119 -0.843140 0.110601 -1.076101 -0.030142
0.501831 0.655273 -0.837646 0.047943 -1.104344 -0.048655
0.493164 0.632813 -0.820190 -0.012342 -1.117635 -0.090427
0.485596 0.624878 -0.797729 -0.070727 -1.096275 -0.150474
0.479004 0.614868 -0.789429 -0.112262 -1.050705 -0.188211
0.473755 0.602173 -0.781982 -0.124841 -0.951497 -0.181565
0.471313 0.593872 -0.778687 -0.117958 -0.812653 -0.142879
0.467773 0.593628 -0.773682 -0.101344 -0.668588 -0.093987
0.460815 0.593506 -0.775269 -0.084730 -0.529269 -0.049604
0.453735 0.592041 -0.779175 -0.072626 -0.382118 -0.024446
0.458496 0.599487 -0.790771 -0.067167 -0.214318 -0.021361
0.462158 0.618530 -0.803223 -0.065743 -0.041772 -0.031566
0.466553 0.639038 -0.809570 -0.070965 0.102531 -0.042009
0.469360 0.632080 -0.796875 -0.078322 0.153797 -0.036076
0.471436 0.615112 -0.796387 -0.079746 0.085917 -0.005221
0.475098 0.617310 -0.799438 -0.100870 0.014952 0.018513
0.469360 0.620239 -0.811890 -0.139319 0.039873 0.023022
0.456177 0.603638 -0.813232 -0.178005 0.088291 0.019225
0.462158 0.599365 -0.793335 -0.206723 0.131724 0.022547
0.466919 0.598633 -0.785034 -0.211708 0.153322 0.028006
0.477295 0.599243 -0.786133 -0.191534 0.183939 0.032516
0.484985 0.611694 -0.786621 -0.154509 0.241850 0.021598
0.482910 0.605591 -0.797363 -0.113449 0.363368 -0.007120
0.488892 0.604370 -0.800537 -0.070965 0.459728 -0.033228
0.494263 0.633057 -0.810913 -0.038449 0.505060 -0.051266
0.485596 0.657837 -0.834595 -0.050791 0.564158 -0.033702
0.485840 0.651611 -0.845947 -0.138369 0.758065 0.015664
0.466919 0.653198 -0.856201 -0.275315 1.008459 0.068829
0.448730 0.654053 -0.862549 -0.447861 1.217793 0.133623
0.463257 0.645752 -0.834473 -0.680217 1.483139 0.214793
0.481934 0.640503 -0.789551 -0.902842 1.758217 0.274365
0.544067 0.629883 -0.719849 -1.035041 1.951174 0.294777
0.595215 0.623779 -0.654541 -1.003000 1.867393 0.242324
0.608276 0.636719 -0.624878 -0.810042 1.520164 0.154509
0.618042 0.639282 -0.620239 -0.536152 1.093189 0.081882
0.621216 0.642090 -0.626709 -0.287894 0.750233 0.043671
0.621826 0.649292 -0.630371 -0.123417 0.568905 0.037974
0.603394 0.652832 -0.663086 -0.060047 0.533066 0.047231
0.601440 0.665771 -0.670532 -0.084018 0.622306 0.067167
0.587891 0.672119 -0.697388 -0.164002 0.772543 0.088291
0.602905 0.661743 -0.707520 -0.301185 1.068269 0.095648
0.637451 0.657349 -0.666138 -0.450947 1.266210 0.059098
0.633911 0.651978 -0.640381 -0.547307 1.280926 0.009968
0.627686 0.649170 -0.640991 -0.561547 1.060674 -0.020886
0.628296 0.646484 -0.635132 -0.488209 0.804346 -0.016376
0.625732 0.639404 -0.621826 -0.384017 0.650787 0.006646
0.642212 0.664307 -0.644531 -0.284334 0.572227 0.036550
0.641846 0.693481 -0.658203 -0.200315 0.488684 0.057199
0.645996 0.705566 -0.668457 -0.163527 0.394697 0.070727
0.663818 0.705078 -0.670898 -0.196992 0.359096 0.080458
0.686890 0.723145 -0.653320 -0.278163 0.352450 0.077136
0.705200 0.717773 -0.630981 -0.373574 0.377846 0.092325
0.710815 0.722046 -0.603149 -0.440741 0.413447 0.127452
0.671753 0.742920 -0.568115 -0.466136 0.497465 0.156882
0.640991 0.767212 -0.598389 -0.456643 0.666926 0.211945
0.671387 0.777100 -0.619629 -0.426500 0.860833 0.313289
0.666138 0.796021 -0.671021 -0.418668 1.053316 0.416770
0.679565 0.805664 -0.676758 -0.463763 1.134961 0.502924
0.683960 0.807983 -0.653442 -0.545645 1.192398 0.570566
0.692993 0.811279 -0.600464 -0.593825 1.074677 0.600471
0.768799 0.775024 -0.594482 -0.568905 0.771593 0.589079
0.812744 0.660156 -0.606445 -0.538762 0.471120 0.440741
0.773315 0.667358 -0.718140 -0.525471 0.222625 0.173021
0.801636 0.697754 -0.795044 -0.662179 0.262024 0.075712
0.820190 0.703979 -0.643066 -0.923016 0.623493 0.071914
0.806641 0.651978 -0.488647 -1.208062 0.807432 0.150948
0.781982 0.591675 -0.333984 -1.528471 0.786071 0.257277
0.784180 0.562256 -0.188110 -1.732821 0.690186 0.312102
0.790283 0.538818 -0.115234 -1.674910 0.397782 0.291929
0.816040 0.550781 -0.119507 -1.388678 0.160679 0.240426
0.847534 0.579834 -0.162598 -0.978079 -0.009256 0.148100
0.835571 0.576416 -0.232056 -0.535914 -0.116534 0.037974
0.828979 0.619751 -0.323730 -0.181565 -0.127926 -0.044383
0.842407 0.661011 -0.392578 0.020649 -0.113449 -0.056962
0.864746 0.680054 -0.447510 0.059810 0.062420 -0.033702
0.909546 0.710083 -0.489136 -0.023971 0.213606 -0.018987
0.945313 0.743652 -0.544067 -0.188686 0.301422 -0.017326
0.930664 0.738525 -0.593018 -0.415345 0.330378 -0.079034
0.886597 0.696899 -0.553101 -0.676420 0.290979 -0.255853
0.855347 0.639893 -0.497925 -0.937257 0.221913 -0.450472
0.792236 0.561768 -0.462280 -1.137335 0.107990 -0.580297
0.731567 0.485474 -0.428589 -1.234644 0.006408 -0.638683
0.664307 0.441650 -0.382324 -1.257429 0.001187 -0.621357
0.672363 0.432007 -0.350098 -1.252445 -0.040585 -0.522861
0.699585 0.426392 -0.327637 -1.280451 0.042721 -0.393273
0.748047 0.451050 -0.257935 -1.328631 0.162815 -0.294302
0.745850 0.500122 -0.216431 -1.323172 0.294065 -0.255853
0.715820 0.501587 -0.201050 -1.260277 0.354349 -0.247546
0.699585 0.529297 -0.151489 -1.195958 0.339159 -0.231407
0.673462 0.583252 -0.134277 -1.131876 0.401105 -0.183701
0.658081 0.629272 -0.119507 -1.037652 0.443352 -0.146202
0.632568 0.661011 -0.096436 -0.912811 0.502212 -0.129825
0.614014 0.674072 -0.088623 -0.812416 0.562259 -0.092563
0.590088 0.681396 -0.096436 -0.744062 0.646515 -0.042484
0.588135 0.692871 -0.108398 -0.697306 0.731720 0.029668
0.598877 0.709106 -0.104370 -0.665502 0.804346 0.103243
0.624390 0.730103 -0.086426 -0.645091 0.839473 0.139081
0.640869 0.743042 -0.077026 -0.645566 0.827843 0.131724
0.654541 0.746460 -0.059326 -0.676657 0.820960 0.122705
0.666992 0.768677 -0.035156 -0.709885 0.865343 0.129350
0.670044 0.777832 -0.019775 -0.716293 0.926339 0.144303
0.670166 0.784058 -0.013184 -0.706325 0.996355 0.155695
0.683350 0.777832 -0.030640 -0.697068 1.055690 0.156645
0.685059 0.748535 -0.058838 -0.685913 1.142319 0.167088
0.669434 0.743408 -0.060181 -0.650312 1.227287 0.214556
0.656372 0.764282 -0.068115 -0.606167 1.209011 0.273891
0.676392 0.772461 -0.074707 -0.587417 1.122857 0.308305
0.676270 0.789795 -0.090942 -0.585281 1.059250 0.306644
0.687012 0.805420 -0.078979 -0.544933 1.008222 0.303084
0.697998 0.817871 -0.068481 -0.472545 0.922542 0.308542
0.691406 0.851807 -0.064697 -0.419618 0.890738 0.318985
0.697266 0.868774 -0.046021 -0.406327 0.897858 0.374760
0.704712 0.888794 -0.019653 -0.388289 0.880295 0.445962
0.690308 0.898682 -0.026489 -0.316375 0.873887 0.493905
0.737305 0.891235 -0.065918 -0.209571 0.975231 0.541848
0.823486 0.842773 -0.094727 -0.152610 1.242239 0.570091
0.884888 0.779053 -0.134399 -0.227372 1.704815 0.557038
0.941284 0.765137 -0.175049 -0.506247 2.202281 0.555139
0.966919 0.779297 -0.140015 -0.993032 2.502991 0.546120
0.961304 0.746338 -0.067871 -1.559088 2.413039 0.465662
0.959106 0.710205 0.108521 -2.067234 1.892551 0.289792
0.941406 0.679932 0.260376 -2.414225 1.367792 0.009968
0.904175 0.565552 0.415039 -2.549509 0.859172 -0.378083
