8663.000000 4126.000000 -1577.000000 -5237.000000 -17681.000000 2601.000000
8257.000000 4675.000000 -1066.000000 -5038.000000 -5226.000000 2977.000000
7941.000000 3828.000000 -1776.000000 -3975.000000 8465.000000 2681.000000
7635.000000 3369.000000 -684.000000 -2256.000000 17559.000000 1876.000000
7551.000000 2798.000000 1616.000000 -1045.000000 23960.000000 937.000000
6917.000000 2119.000000 2036.000000 -364.000000 30945.000000 110.000000
6058.000000 3248.000000 1693.000000 1165.000000 32767.000000 -352.000000
6545.000000 2664.000000 4624.000000 2601.000000 32767.000000 -512.000000
5331.000000 3631.000000 4441.000000 -1076.000000 30471.000000 777.000000
4841.000000 3516.000000 4192.000000 -2956.000000 20823.000000 1500.000000
4622.000000 3386.000000 4805.000000 -1064.000000 12269.000000 1736.000000
4887.000000 3624.000000 4546.000000 451.000000 6713.000000 1880.000000
5149.000000 3767.000000 4383.000000 1391.000000 1100.000000 1714.000000
5586.000000 3757.000000 4023.000000 2309.000000 -4658.000000 1654.000000
6343.000000 3933.000000 3437.000000 2855.000000 -7554.000000 1675.000000
6753.000000 3967.000000 3160.000000 2808.000000 -7316.000000 1516.000000
6992.000000 3657.000000 2992.000000 2343.000000 -5956.000000 1161.000000
7199.000000 3440.000000 2721.000000 1903.000000 -3850.000000 1045.000000
7100.000000 3569.000000 2806.000000 1500.000000 -722.000000 1123.000000
7120.000000 3667.000000 2805.000000 1158.000000 1780.000000 1216.000000
6998.000000 3728.000000 2953.000000 906.000000 3507.000000 1180.000000
6899.000000 3921.000000 2960.000000 742.000000 3813.000000 1133.000000
6853.000000 3931.000000 2959.000000 705.000000 3197.000000 1028.000000
6747.000000 3874.000000 2988.000000 712.000000 2189.000000 813.000000
6725.000000 3925.000000 2888.000000 700.000000 1264.000000 618.000000
6663.000000 3940.000000 2899.000000 627.000000 895.000000 506.000000
6556.000000 3883.000000 2855.000000 498.000000 936.000000 464.000000
6460.000000 3807.000000 2858.000000 295.000000 1302.000000 460.000000
6457.000000 3755.000000 2867.000000 88.000000 1805.000000 498.000000
6319.000000 3779.000000 2856.000000 -122.000000 2283.000000 576.000000
6280.000000 3742.000000 2926.000000 -290.000000 2662.000000 683.000000
6426.000000 3679.000000 2965.000000 -382.000000 2795.000000 750.000000
6456.000000 3834.000000 3063.000000 -395.000000 2877.000000 764.000000
6496.000000 3877.000000 3059.000000 -364.000000 2667.000000 804.000000
6524.000000 3886.000000 3049.000000 -340.000000 2621.000000 780.000000
6570.000000 3854.000000 3041.000000 -408.000000 2571.000000 754.000000
6591.000000 3857.000000 3103.000000 -497.000000 2353.000000 676.000000
6583.000000 3864.000000 3099.000000 -592.000000 2179.000000 619.000000
6649.000000 3737.000000 3259.000000 -769.000000 2218.000000 618.000000
6651.000000 3673.000000 3386.000000 -881.000000 2082.000000 526.000000
6515.000000 3594.000000 3485.000000 -887.000000 1923.000000 410.000000
6346.000000 3514.000000 3456.000000 -892.000000 1768.000000 335.000000
6234.000000 3438.000000 3583.000000 -970.000000 1641.000000 277.000000
6151.000000 3421.000000 3687.000000 -1036.000000 1526.000000 240.000000
6075.000000 3392.000000 3765.000000 -1077.000000 1471.000000 243.000000
6088.000000 3339.000000 3878.000000 -1093.000000 1551.000000 269.000000
6072.000000 3362.000000 3906.000000 -1064.000000 1514.000000 260.000000
6095.000000 3352.000000 4019.000000 -1028.000000 1523.000000 259.000000
6098.000000 3352.000000 4117.000000 -1000.000000 1460.000000 234.000000
6173.000000 3370.000000 4145.000000 -966.000000 1345.000000 212.000000
6179.000000 3290.000000 4238.000000 -986.000000 1426.000000 251.000000
6223.000000 3332.000000 4339.000000 -1018.000000 1728.000000 349.000000
6223.000000 3403.000000 4434.000000 -999.000000 2074.000000 368.000000
6227.000000 3455.000000 4470.000000 -905.000000 2133.000000 300.000000
6220.000000 3414.000000 4571.000000 -753.000000 1835.000000 188.000000
6239.000000 3365.000000 4709.000000 -583.000000 1200.000000 45.000000
6211.000000 3222.000000 4669.000000 -439.000000 602.000000 -103.000000
6132.000000 3117.000000 4768.000000 -306.000000 262.000000 -192.000000
6026.000000 3005.000000 4590.000000 -174.000000 402.000000 -190.000000
5852.000000 3074.000000 4604.000000 -32.000000 860.000000 -144.000000
5885.000000 3336.000000 4580.000000 95.000000 1179.000000 -28.000000
5874.000000 3631.000000 4522.000000 213.000000 1244.000000 61.000000
5862.000000 3635.000000 4301.000000 282.000000 1164.000000 84.000000
5829.000000 3619.000000 4298.000000 250.000000 885.000000 -7.000000
5722.000000 3592.000000 4214.000000 221.000000 564.000000 -127.000000
5643.000000 3544.000000 4149.000000 247.000000 273.000000 -175.000000
5576.000000 3544.000000 4040.000000 264.000000 -67.000000 -190.000000
5659.000000 3599.000000 4100.000000 182.000000 -274.000000 -203.000000
5706.000000 3571.000000 4245.000000 41.000000 -505.000000 -248.000000
5757.000000 3513.000000 4399.000000 -22.000000 -815.000000 -343.000000
5805.000000 3432.000000 4546.000000 -27.000000 -978.000000 -411.000000
5904.000000 3379.000000 4634.000000 -3.000000 -1002.000000 -416.000000
5977.000000 3374.000000 4732.000000 69.000000 -960.000000 -398.000000
6038.000000 3429.000000 4759.000000 182.000000 -938.000000 -395.000000
5997.000000 3492.000000 4727.000000 291.000000 -918.000000 -396.000000
5911.000000 3474.000000 4572.000000 413.000000 -855.000000 -382.000000
5846.000000 3502.000000 4362.000000 557.000000 -813.000000 -349.000000
5782.000000 3610.000000 4147.000000 686.000000 -830.000000 -324.000000
5759.000000 3723.000000 3911.000000 712.000000 -813.000000 -298.000000
5676.000000 3796.000000 3642.000000 635.000000 -720.000000 -258.000000
5647.000000 3820.000000 3592.000000 495.000000 -421.000000 -185.000000
5575.000000 3837.000000 3560.000000 382.000000 -188.000000 -125.000000
5537.000000 3827.000000 3479.000000 335.000000 -72.000000 -67.000000
5488.000000 3859.000000 3484.000000 300.000000 -225.000000 -5.000000
5536.000000 3819.000000 3431.000000 298.000000 -684.000000 38.000000
5658.000000 3762.000000 3367.000000 292.000000 -1187.000000 59.000000
5810.000000 3709.000000 3362.000000 225.000000 -1543.000000 102.000000
5954.000000 3678.000000 3412.000000 128.000000 -1714.000000 140.000000
6123.000000 3662.000000 3514.000000 25.000000 -1647.000000 164.000000
6184.000000 3682.000000 3611.000000 -44.000000 -1472.000000 166.000000
6277.000000 3679.000000 3690.000000 -40.000000 -1398.000000 129.000000
6378.000000 3732.000000 3668.000000 11.000000 -1314.000000 82.000000
6414.000000 3800.000000 3657.000000 33.000000 -1215.000000 67.000000
6466.000000 3813.000000 3594.000000 -8.000000 -1084.000000 56.000000
6478.000000 3844.000000 3624.000000 -64.000000 -1009.000000 13.000000
6527.000000 3879.000000 3593.000000 -134.000000 -939.000000 0.000000
6510.000000 3899.000000 3653.000000 -245.000000 -860.000000 -30.000000
6515.000000 3950.000000 3671.000000 -321.000000 -831.000000 -93.000000
6457.000000 3971.000000 3708.000000 -343.000000 -730.000000 -156.000000
6415.000000 3938.000000 3732.000000 -365.000000 -592.000000 -189.000000
6373.000000 3880.000000 3664.000000 -411.000000 -481.000000 -260.000000
6301.000000 3855.000000 3689.000000 -459.000000 -322.000000 -288.000000
6231.000000 3811.000000 3770.000000 -498.000000 -213.000000 -292.000000
6208.000000 3805.000000 3801.000000 -506.000000 -238.000000 -296.000000
6107.000000 3818.000000 3839.000000 -491.000000 -368.000000 -312.000000
6063.000000 3765.000000 3799.000000 -465.000000 -544.000000 -338.000000
5985.000000 3737.000000 3737.000000 -440.000000 -700.000000 -348.000000
5984.000000 3695.000000 3749.000000 -427.000000 -792.000000 -319.000000
6038.000000 3700.000000 3729.000000 -424.000000 -717.000000 -262.000000
6056.000000 3750.000000 3692.000000 -404.000000 -546.000000 -225.000000
6004.000000 3703.000000 3606.000000 -369.000000 -388.000000 -196.000000
6022.000000 3767.000000 3637.000000 -347.000000 -336.000000 -175.000000
6064.000000 3753.000000 3637.000000 -360.000000 -413.000000 -136.000000
6164.000000 3738.000000 3637.000000 -407.000000 -412.000000 -86.000000
6270.000000 3786.000000 3648.000000 -434.000000 -283.000000 -59.000000
6350.000000 3763.000000 3666.000000 -394.000000 -116.000000 -50.000000
6408.000000 3796.000000 3703.000000 -361.000000 -27.000000 -52.000000
6473.000000 3805.000000 3699.000000 -355.000000 -67.000000 -90.000000
6447.000000 3791.000000 3711.000000 -348.000000 -186.000000 -164.000000
6348.000000 3766.000000 3699.000000 -327.000000 -232.000000 -222.000000
6318.000000 3828.000000 3755.000000 -292.000000 -183.000000 -233.000000
6160.000000 3895.000000 3664.000000 -224.000000 -106.000000 -249.000000
6130.000000 3883.000000 3549.000000 -153.000000 -253.000000 -246.000000
6133.000000 3985.000000 3514.000000 -112.000000 -415.000000 -224.000000
6193.000000 3992.000000 3530.000000 -95.000000 -606.000000 -230.000000
6233.000000 4002.000000 3583.000000 -101.000000 -793.000000 -260.000000
6180.000000 3965.000000 3648.000000 -107.000000 -927.000000 -293.000000
6144.000000 3916.000000 3620.000000 -78.000000 -962.000000 -307.000000
6154.000000 3946.000000 3595.000000 -26.000000 -884.000000 -276.000000
6094.000000 3957.000000 3535.000000 32.000000 -854.000000 -230.000000
6128.000000 3980.000000 3432.000000 56.000000 -929.000000 -214.000000
6085.000000 3880.000000 3376.000000 23.000000 -954.000000 -212.000000
6071.000000 3872.000000 3307.000000 -30.000000 -945.000000 -208.000000
6071.000000 3834.000000 3291.000000 -101.000000 -917.000000 -168.000000
6119.000000 3896.000000 3388.000000 -155.000000 -827.000000 -114.000000
6202.000000 3916.000000 3463.000000 -167.000000 -790.000000 -64.000000
6306.000000 3934.000000 3499.000000 -149.000000 -827.000000 -50.000000
6377.000000 4015.000000 3559.000000 -103.000000 -855.000000 -76.000000
6416.000000 3921.000000 3472.000000 -83.000000 -896.000000 -108.000000
6401.000000 3932.000000 3398.000000 -127.000000 -767.000000 -124.000000
6343.000000 3904.000000 3358.000000 -181.000000 -489.000000 -139.000000
6218.000000 3856.000000 3277.000000 -180.000000 -304.000000 -159.000000
6105.000000 3840.000000 3213.000000 -162.000000 -234.000000 -161.000000
6050.000000 3898.000000 3259.000000 -185.000000 -268.000000 -117.000000
6035.000000 3963.000000 3206.000000 -210.000000 -347.000000 -62.000000
6065.000000 3941.000000 3132.000000 -216.000000 -402.000000 -2.000000
6138.000000 3974.000000 3094.000000 -227.000000 -468.000000 51.000000
6240.000000 3991.000000 3088.000000 -240.000000 -535.000000 78.000000
6317.000000 3975.000000 3101.000000 -240.000000 -614.000000 84.000000
6386.000000 4004.000000 3142.000000 -223.000000 -771.000000 69.000000
