0.604492 0.758057 -0.167480 0.004984 0.178243 0.150948
0.605713 0.751099 -0.156738 0.042247 0.122230 0.184176
0.609741 0.791870 -0.162720 0.090664 0.061471 0.241612
0.671875 0.726196 -0.174805 0.134572 -0.041535 0.292166
0.678833 0.758301 -0.189575 0.155695 -0.086392 0.235204
0.673706 0.765625 -0.193848 0.169224 -0.126265 0.180141
0.677734 0.761963 -0.205322 0.174208 -0.135996 0.146202
0.670288 0.770752 -0.205200 0.176344 -0.144778 0.115585
0.652466 0.769165 -0.209351 0.181091 -0.154746 0.093275
0.643066 0.775146 -0.235596 0.171597 -0.162578 0.079509
0.641235 0.773560 -0.250610 0.136471 -0.147151 0.081170
0.641724 0.770752 -0.251465 0.085205 -0.120806 0.084493
0.636108 0.766846 -0.243042 0.038686 -0.093037 0.081170
0.632446 0.768921 -0.233154 0.006646 -0.066930 0.077373
0.629028 0.760254 -0.234009 -0.008782 -0.045332 0.075474
0.624390 0.757080 -0.230469 -0.015664 -0.020411 0.068354
0.614502 0.753296 -0.227417 -0.024209 0.003797 0.059572
0.612549 0.748657 -0.222046 -0.030142 0.020174 0.055538
0.601440 0.749146 -0.220581 -0.031329 0.029905 0.055538
0.601929 0.743042 -0.220825 -0.029430 0.033228 0.061234
0.607910 0.741699 -0.221069 -0.026819 0.032516 0.067642
0.615356 0.742310 -0.224243 -0.023259 0.041060 0.072626
0.619141 0.746948 -0.228760 -0.025395 0.065269 0.072389
0.621582 0.747681 -0.222534 -0.033940 0.077136 0.075474
0.641357 0.751465 -0.223633 -0.039636 0.076424 0.082832
0.651733 0.751953 -0.216797 -0.037974 0.079034 0.089952
0.653687 0.752930 -0.215088 -0.032041 0.080221 0.089240
0.661499 0.759155 -0.217896 -0.031092 0.072389 0.082357
0.661133 0.755127 -0.211792 -0.033702 0.056487 0.069303
0.659180 0.754639 -0.208130 -0.029193 0.032278 0.060284
0.667603 0.756470 -0.210571 -0.022073 0.008307 0.054588
0.670410 0.756958 -0.211426 -0.023022 -0.001187 0.043671
0.660522 0.757813 -0.214233 -0.033940 -0.002373 0.035126
0.655151 0.755737 -0.204102 -0.040585 -0.007120 0.036076
0.654907 0.755737 -0.201904 -0.039161 -0.012104 0.039161
0.650635 0.755615 -0.208618 -0.037262 -0.021598 0.037500
0.646362 0.751221 -0.206055 -0.037974 -0.035601 0.030617
0.642090 0.750732 -0.207886 -0.036076 -0.051503 0.025633
0.642822 0.748901 -0.204956 -0.031092 -0.069066 0.023971
0.631470 0.746338 -0.205566 -0.024683 -0.082832 0.025158
0.631714 0.745605 -0.206055 -0.020411 -0.089003 0.030380
0.628418 0.746582 -0.211304 -0.017801 -0.087579 0.040823
0.626709 0.744019 -0.217529 -0.014952 -0.082832 0.053164
0.623047 0.740845 -0.215942 -0.012342 -0.079746 0.064794
0.627563 0.745972 -0.217651 -0.010680 -0.081645 0.076186
0.640381 0.746216 -0.218262 -0.007595 -0.083781 0.085205
0.642090 0.750977 -0.221069 -0.007120 -0.073575 0.085205
0.647583 0.747925 -0.229004 -0.014952 -0.052452 0.078085
0.647949 0.751221 -0.230469 -0.026582 -0.034177 0.072389
0.648804 0.750122 -0.228882 -0.035126 -0.023734 0.069303
0.646484 0.749756 -0.223755 -0.041060 -0.018038 0.072389
0.650024 0.748657 -0.215576 -0.043908 -0.014952 0.080221
0.659668 0.752197 -0.214722 -0.042721 -0.015664 0.086867
0.662720 0.751587 -0.213501 -0.038212 -0.020174 0.088053
0.668701 0.754272 -0.220459 -0.032278 -0.027294 0.086867
0.674561 0.758911 -0.220947 -0.025633 -0.037262 0.082832
0.676147 0.760742 -0.225708 -0.021123 -0.043196 0.076898
0.674683 0.759155 -0.225586 -0.023259 -0.045095 0.068354
0.672852 0.755493 -0.221558 -0.026819 -0.050316 0.060759
0.669434 0.756348 -0.221680 -0.029193 -0.046993 0.054588
0.664185 0.750854 -0.221924 -0.033465 -0.030142 0.050791
0.660522 0.749023 -0.219971 -0.038212 -0.012104 0.051028
0.661011 0.750366 -0.219849 -0.039873 -0.003560 0.048417
0.655762 0.747192 -0.221069 -0.040585 0.001187 0.044857
0.656250 0.747192 -0.220215 -0.042721 0.002848 0.040823
0.658325 0.748169 -0.217285 -0.043433 -0.004509 0.037737
0.659424 0.748413 -0.218750 -0.043433 -0.012579 0.032753
0.656128 0.746338 -0.220093 -0.042959 -0.014240 0.027294
0.657349 0.741699 -0.214600 -0.042959 -0.012816 0.026107
0.656982 0.745850 -0.213989 -0.043908 -0.010206 0.028006
0.661377 0.743286 -0.215454 -0.043433 -0.006883 0.031329
0.659546 0.743408 -0.216919 -0.045095 0.002848 0.032278
0.663574 0.742310 -0.213013 -0.053164 0.016851 0.035838
0.661377 0.741455 -0.208252 -0.058860 0.027531 0.042009
0.655884 0.738403 -0.206787 -0.057436 0.035364 0.044620
0.661011 0.738770 -0.202271 -0.055538 0.036076 0.041535
0.660767 0.737793 -0.202148 -0.052452 0.030617 0.036550
0.661499 0.735229 -0.198486 -0.044620 0.021835 0.032516
0.657715 0.735352 -0.197998 -0.036313 0.018987 0.028243
0.663330 0.736328 -0.205078 -0.032753 0.017326 0.025158
0.663940 0.737427 -0.203857 -0.032516 0.012104 0.024209
0.659912 0.736816 -0.203735 -0.033228 0.007595 0.023259
0.656616 0.734253 -0.199951 -0.031566 0.006883 0.023734
0.660889 0.735840 -0.196411 -0.026107 0.005459 0.027294
0.661743 0.733765 -0.197632 -0.019699 0.005934 0.030380
0.658569 0.734009 -0.197754 -0.016139 0.006883 0.033702
0.662598 0.733032 -0.197510 -0.013054 0.007358 0.035364
0.665283 0.732544 -0.195190 -0.010206 0.007832 0.037737
0.665527 0.732910 -0.200684 -0.006883 0.006171 0.038686
0.671875 0.733032 -0.202515 -0.004984 0.006408 0.037025
0.679077 0.737427 -0.198242 -0.002611 0.008782 0.032990
0.670654 0.734131 -0.196289 0.003085 0.009731 0.028006
0.667236 0.736572 -0.200806 0.010918 0.009256 0.023971
0.670532 0.736450 -0.202881 0.022785 0.010443 0.020649
0.668213 0.739746 -0.210449 0.030854 0.016614 0.017563
0.665527 0.740723 -0.217285 0.029430 0.023259 0.014478
0.661987 0.743896 -0.217407 0.022073 0.023734 0.011867
0.663696 0.740967 -0.218628 0.017089 0.020174 0.012816
0.661743 0.741943 -0.214966 0.013528 0.017563 0.012816
0.661499 0.739624 -0.216553 0.010680 0.013054 0.013766
0.658813 0.738281 -0.213135 0.010206 0.010680 0.014478
0.655518 0.738770 -0.213257 0.009731 0.006883 0.013528
0.650391 0.736084 -0.215332 0.011155 -0.000712 0.014478
0.652832 0.732910 -0.218018 0.013528 -0.008307 0.018275
0.662354 0.741333 -0.217407 0.013528 -0.013766 0.019699
0.662598 0.736328 -0.221191 0.010443 -0.018275 0.018750
0.662598 0.739258 -0.228638 0.006408 -0.020174 0.018513
0.666382 0.741211 -0.226685 -0.001899 -0.018275 0.019699
0.668701 0.738647 -0.219604 -0.009494 -0.019937 0.023971
0.671753 0.739136 -0.219238 -0.013054 -0.019225 0.029430
0.671631 0.739136 -0.218140 -0.014240 -0.016139 0.031092
0.674316 0.740112 -0.213623 -0.015427 -0.015190 0.027294
0.673462 0.737915 -0.216431 -0.015190 -0.016851 0.024446
0.666626 0.736084 -0.218262 -0.015427 -0.019462 0.021361
0.669922 0.735229 -0.213989 -0.017563 -0.020174 0.020174
0.667236 0.733398 -0.210205 -0.018750 -0.016376 0.019225
0.661499 0.732422 -0.205566 -0.015902 -0.012816 0.021361
0.665283 0.729370 -0.201904 -0.011867 -0.011630 0.023497
0.668091 0.728027 -0.206055 -0.005696 -0.013054 0.025633
0.667480 0.730469 -0.203613 0.000000 -0.014952 0.023259
0.666992 0.731079 -0.206177 0.002373 -0.016851 0.018987
0.667725 0.732178 -0.210449 0.004509 -0.017089 0.017089
0.666382 0.731079 -0.209717 0.004035 -0.012342 0.016614
0.665649 0.733765 -0.209595 0.003797 -0.008782 0.021123
0.665649 0.729614 -0.208618 0.005696 -0.006171 0.025395
0.672974 0.727783 -0.203247 0.009731 -0.005459 0.028718
0.674683 0.730835 -0.208008 0.016139 -0.006171 0.028243
0.675415 0.730957 -0.210449 0.023497 -0.006883 0.025870
0.679077 0.735962 -0.214478 0.029193 -0.008307 0.023497
0.678223 0.734009 -0.222046 0.030142 -0.011392 0.021123
0.676270 0.734375 -0.225830 0.023259 -0.009494 0.018275
0.674561 0.735718 -0.225830 0.012342 -0.006646 0.018750
0.678955 0.733398 -0.220825 0.005934 -0.003323 0.021123
0.677490 0.731201 -0.218140 0.002848 0.000712 0.022310
0.671265 0.729980 -0.217041 0.001661 0.004747 0.019462
0.670532 0.728882 -0.216431 0.002848 0.004272 0.015427
0.665161 0.728394 -0.213013 0.009494 0.000000 0.013054
0.664185 0.728394 -0.220825 0.019462 -0.005934 0.009968
0.666138 0.731934 -0.229004 0.024446 -0.007358 0.007595
0.666138 0.734131 -0.228027 0.019225 -0.005459 0.007358
0.658691 0.733154 -0.232300 0.009731 -0.004509 0.011630
0.662109 0.731689 -0.230957 0.003323 -0.001424 0.018275
0.670288 0.736450 -0.231567 -0.003560 0.001899 0.022547
0.673340 0.735596 -0.229004 -0.009731 0.003560 0.025158
0.672852 0.735840 -0.231567 -0.011392 0.001424 0.027057
0.676392 0.736938 -0.228882 -0.011392 -0.000475 0.024921
0.679565 0.739014 -0.226807 -0.011630 -0.000712 0.021361
0.679565 0.737671 -0.226685 -0.014003 -0.002136 0.018987
0.675659 0.737671 -0.226929 -0.014478 -0.000712 0.014715
0.671143 0.738892 -0.228516 -0.014715 0.000712 0.012342
