6716.000000 1514.000000 -1805.000000 -92.000000 574.000000 -633.000000
8639.000000 1069.000000 -1924.000000 64.000000 457.000000 -127.000000
8499.000000 1116.000000 -1984.000000 149.000000 776.000000 -191.000000
8766.000000 1162.000000 -2006.000000 152.000000 1048.000000 -36.000000
8871.000000 1061.000000 -2305.000000 126.000000 1334.000000 -26.000000
8915.000000 1031.000000 -2451.000000 60.000000 1368.000000 -59.000000
8795.000000 911.000000 -2617.000000 -21.000000 1261.000000 -163.000000
8756.000000 752.000000 -2868.000000 -111.000000 942.000000 -285.000000
8786.000000 629.000000 -2953.000000 -215.000000 465.000000 -339.000000
8833.000000 585.000000 -3137.000000 -223.000000 -10.000000 -396.000000
8795.000000 596.000000 -3426.000000 -156.000000 -359.000000 -452.000000
8713.000000 696.000000 -3818.000000 -73.000000 -674.000000 -468.000000
8570.000000 805.000000 -4295.000000 -43.000000 -1079.000000 -494.000000
8480.000000 908.000000 -4840.000000 -154.000000 -1292.000000 -487.000000
8428.000000 934.000000 -5119.000000 -455.000000 -1459.000000 -438.000000
8453.000000 833.000000 -5395.000000 -910.000000 -1375.000000 -270.000000
8611.000000 730.000000 -5491.000000 -1422.000000 -1199.000000 -13.000000
8727.000000 694.000000 -5455.000000 -1922.000000 -1027.000000 166.000000
8954.000000 652.000000 -5511.000000 -2359.000000 -1012.000000 267.000000
9249.000000 547.000000 -5474.000000 -2809.000000 -971.000000 322.000000
9497.000000 542.000000 -5238.000000 -3266.000000 -944.000000 323.000000
9575.000000 482.000000 -5159.000000 -3668.000000 -641.000000 190.000000
9340.000000 446.000000 -4920.000000 -4080.000000 -150.000000 -59.000000
9045.000000 507.000000 -4669.000000 -4441.000000 -45.000000 -309.000000
8890.000000 624.000000 -4400.000000 -4780.000000 -29.000000 -433.000000
8829.000000 588.000000 -4097.000000 -5153.000000 108.000000 -446.000000
8758.000000 501.000000 -3831.000000 -5499.000000 221.000000 -420.000000
8988.000000 645.000000 -3510.000000 -5775.000000 438.000000 -338.000000
9146.000000 776.000000 -3204.000000 -6076.000000 759.000000 -319.000000
9180.000000 946.000000 -2876.000000 -6408.000000 1021.000000 -424.000000
9232.000000 853.000000 -2581.000000 -6754.000000 1581.000000 -593.000000
9114.000000 840.000000 -2107.000000 -7118.000000 1975.000000 -771.000000
9091.000000 891.000000 -1588.000000 -7357.000000 2026.000000 -991.000000
9003.000000 958.000000 -1100.000000 -7488.000000 1912.000000 -1201.000000
8908.000000 1048.000000 -696.000000 -7502.000000 1703.000000 -1389.000000
8693.000000 1132.000000 -334.000000 -7490.000000 1572.000000 -1558.000000
8473.000000 1217.000000 83.000000 -7513.000000 1670.000000 -1704.000000
8258.000000 1382.000000 519.000000 -7485.000000 1840.000000 -1828.000000
8012.000000 1528.000000 896.000000 -7393.000000 1911.000000 -1953.000000
7656.000000 1737.000000 1350.000000 -7253.000000 1969.000000 -2079.000000
7311.000000 1918.000000 1765.000000 -7035.000000 2058.000000 -2140.000000
7023.000000 2039.000000 2134.000000 -6743.000000 2057.000000 -2141.000000
6655.000000 2078.000000 2397.000000 -6389.000000 1997.000000 -2095.000000
6374.000000 2115.000000 2615.000000 -6044.000000 1946.000000 -1985.000000
6034.000000 2221.000000 2796.000000 -5748.000000 1868.000000 -1849.000000
5716.000000 2264.000000 3044.000000 -5509.000000 1758.000000 -1683.000000
5387.000000 2210.000000 3322.000000 -5223.000000 1561.000000 -1488.000000
5070.000000 2175.000000 3430.000000 -4844.000000 1264.000000 -1244.000000
4833.000000 2122.000000 3695.000000 -4434.000000 992.000000 -897.000000
4702.000000 2039.000000 3906.000000 -3987.000000 879.000000 -458.000000
4526.000000 1997.000000 3889.000000 -3428.000000 881.000000 -49.000000
4295.000000 1923.000000 3697.000000 -2778.000000 878.000000 326.000000
4072.000000 1717.000000 3373.000000 -2142.000000 755.000000 705.000000
3733.000000 1658.000000 3151.000000 -1615.000000 539.000000 1092.000000
3429.000000 1593.000000 2902.000000 -1194.000000 376.000000 1488.000000
3020.000000 1456.000000 2700.000000 -856.000000 228.000000 1912.000000
2356.000000 1373.000000 2616.000000 -543.000000 -6.000000 2313.000000
2053.000000 1318.000000 2482.000000 -181.000000 -455.000000 2968.000000
2081.000000 1225.000000 2427.000000 258.000000 -1066.000000 3890.000000
2210.000000 980.000000 2188.000000 801.000000 -1701.000000 4839.000000
2464.000000 859.000000 1870.000000 1356.000000 -2293.000000 5745.000000
2814.000000 575.000000 1600.000000 1819.000000 -2798.000000 6727.000000
3156.000000 116.000000 1277.000000 2362.000000 -3166.000000 7759.000000
4232.000000 -92.000000 741.000000 2963.000000 -3693.000000 9009.000000
5699.000000 -176.000000 132.000000 3512.000000 -4392.000000 10126.000000
7655.000000 149.000000 -738.000000 3953.000000 -5047.000000 10640.000000
9167.000000 3.000000 -2112.000000 4074.000000 -6026.000000 10570.000000
11027.000000 63.000000 -2764.000000 3686.000000 -5251.000000 10205.000000
12254.000000 -151.000000 -2986.000000 2689.000000 -3278.000000 9416.000000
13168.000000 -162.000000 -2959.000000 1759.000000 -3001.000000 8436.000000
13877.000000 -270.000000 -3023.000000 1196.000000 -3316.000000 7391.000000
14347.000000 -298.000000 -2821.000000 716.000000 -3058.000000 6233.000000
14441.000000 -531.000000 -2703.000000 297.000000 -2672.000000 5038.000000
14485.000000 -747.000000 -2588.000000 47.000000 -2239.000000 4098.000000
14737.000000 -613.000000 -2413.000000 -81.000000 -1567.000000 3417.000000
14670.000000 -505.000000 -2222.000000 -122.000000 -609.000000 2648.000000
14148.000000 -576.000000 -2155.000000 -136.000000 213.000000 1788.000000
13500.000000 -580.000000 -2146.000000 -98.000000 294.000000 1097.000000
12806.000000 -534.000000 -2188.000000 -32.000000 100.000000 622.000000
12224.000000 -463.000000 -2222.000000 -65.000000 264.000000 208.000000
11713.000000 -398.000000 -2138.000000 -278.000000 613.000000 -114.000000
11311.000000 -490.000000 -1996.000000 -650.000000 1208.000000 -281.000000
10874.000000 -519.000000 -1647.000000 -996.000000 1761.000000 -414.000000
10525.000000 -525.000000 -1390.000000 -1145.000000 1908.000000 -537.000000
10186.000000 -521.000000 -1232.000000 -1221.000000 1889.000000 -624.000000
9904.000000 -592.000000 -979.000000 -1304.000000 1953.000000 -706.000000
9674.000000 -641.000000 -740.000000 -1356.000000 2005.000000 -731.000000
9469.000000 -701.000000 -556.000000 -1320.000000 1981.000000 -689.000000
9227.000000 -886.000000 -449.000000 -1198.000000 1778.000000 -645.000000
9007.000000 -927.000000 -313.000000 -1059.000000 1521.000000 -514.000000
8999.000000 -902.000000 -113.000000 -927.000000 1396.000000 -314.000000
9051.000000 -989.000000 28.000000 -744.000000 1170.000000 -174.000000
9011.000000 -1004.000000 68.000000 -527.000000 882.000000 -52.000000
8947.000000 -997.000000 12.000000 -305.000000 648.000000 10.000000
8932.000000 -987.000000 -97.000000 -98.000000 389.000000 18.000000
8947.000000 -990.000000 -142.000000 50.000000 80.000000 49.000000
8973.000000 -882.000000 -171.000000 159.000000 -81.000000 69.000000
8870.000000 -836.000000 -307.000000 276.000000 -194.000000 46.000000
8820.000000 -733.000000 -513.000000 384.000000 -395.000000 23.000000
8879.000000 -698.000000 -653.000000 405.000000 -673.000000 24.000000
8895.000000 -624.000000 -748.000000 370.000000 -938.000000 -6.000000
8841.000000 -630.000000 -806.000000 308.000000 -1078.000000 -79.000000
8817.000000 -626.000000 -835.000000 291.000000 -1166.000000 -148.000000
8823.000000 -606.000000 -843.000000 293.000000 -1119.000000 -177.000000
8730.000000 -550.000000 -933.000000 306.000000 -970.000000 -182.000000
8606.000000 -506.000000 -1116.000000 321.000000 -892.000000 -181.000000
8551.000000 -437.000000 -1186.000000 278.000000 -889.000000 -142.000000
8610.000000 -376.000000 -1220.000000 155.000000 -835.000000 -78.000000
8662.000000 -404.000000 -1191.000000 25.000000 -716.000000 -65.000000
8641.000000 -429.000000 -1197.000000 -49.000000 -615.000000 -51.000000
8609.000000 -361.000000 -1146.000000 -111.000000 -458.000000 -35.000000
8608.000000 -393.000000 -1157.000000 -191.000000 -268.000000 -9.000000
8615.000000 -456.000000 -1183.000000 -247.000000 -131.000000 0.000000
8667.000000 -436.000000 -1225.000000 -298.000000 -68.000000 30.000000
8745.000000 -472.000000 -1109.000000 -409.000000 18.000000 44.000000
8773.000000 -482.000000 -1065.000000 -519.000000 105.000000 14.000000
8794.000000 -569.000000 -926.000000 -570.000000 140.000000 -17.000000
8726.000000 -588.000000 -880.000000 -570.000000 131.000000 -22.000000
8750.000000 -615.000000 -799.000000 -549.000000 117.000000 -14.000000
8746.000000 -598.000000 -779.000000 -495.000000 33.000000 -37.000000
8760.000000 -592.000000 -793.000000 -426.000000 -101.000000 -79.000000
8740.000000 -576.000000 -772.000000 -393.000000 -214.000000 -102.000000
8725.000000 -579.000000 -746.000000 -374.000000 -256.000000 -133.000000
8631.000000 -557.000000 -711.000000 -340.000000 -304.000000 -167.000000
8607.000000 -592.000000 -712.000000 -300.000000 -377.000000 -191.000000
8590.000000 -624.000000 -687.000000 -268.000000 -451.000000 -183.000000
8600.000000 -578.000000 -660.000000 -228.000000 -485.000000 -132.000000
8672.000000 -598.000000 -717.000000 -201.000000 -402.000000 -79.000000
8648.000000 -574.000000 -754.000000 -175.000000 -336.000000 -42.000000
8586.000000 -583.000000 -810.000000 -162.000000 -360.000000 -6.000000
8652.000000 -592.000000 -846.000000 -158.000000 -395.000000 20.000000
8672.000000 -575.000000 -873.000000 -148.000000 -459.000000 34.000000
8757.000000 -599.000000 -907.000000 -128.000000 -516.000000 28.000000
8741.000000 -607.000000 -908.000000 -110.000000 -478.000000 27.000000
8760.000000 -593.000000 -964.000000 -80.000000 -387.000000 16.000000
8709.000000 -573.000000 -994.000000 -47.000000 -330.000000 -3.000000
8690.000000 -539.000000 -1033.000000 -51.000000 -352.000000 4.000000
8722.000000 -545.000000 -1086.000000 -86.000000 -405.000000 -16.000000
8712.000000 -554.000000 -1088.000000 -107.000000 -476.000000 -66.000000
8693.000000 -592.000000 -1113.000000 -153.000000 -493.000000 -93.000000
8648.000000 -638.000000 -1062.000000 -215.000000 -421.000000 -86.000000
8670.000000 -635.000000 -1072.000000 -229.000000 -387.000000 -98.000000
8664.000000 -681.000000 -1114.000000 -214.000000 -414.000000 -112.000000
8621.000000 -614.000000 -1085.000000 -194.000000 -455.000000 -114.000000
8536.000000 -615.000000 -1114.000000 -187.000000 -477.000000 -130.000000
8503.000000 -618.000000 -1127.000000 -151.000000 -508.000000 -136.000000
8531.000000 -629.000000 -1192.000000 -122.000000 -541.000000 -103.000000
8549.000000 -635.000000 -1239.000000 -124.000000 -481.000000 -71.000000
8631.000000 -616.000000 -1239.000000 -147.000000 -379.000000 -41.000000
8687.000000 -586.000000 -1280.000000 -179.000000 -353.000000 -33.000000
