0.560913 0.436401 -0.723267 -1.510434 -0.602844 -0.306881
0.549805 0.401489 -0.667725 -1.506873 -0.523098 -0.297862
0.538330 0.365601 -0.604858 -1.426415 -0.349602 -0.245885
0.535645 0.365845 -0.543579 -1.256005 -0.100870 -0.146202
0.543945 0.372803 -0.511963 -1.050468 0.132436 -0.043908
0.541260 0.405396 -0.527100 -0.833539 0.295489 0.017563
0.556519 0.427246 -0.623901 -0.655534 0.414396 0.066218
0.582397 0.434692 -0.686157 -0.521911 0.643904 0.101582
0.582397 0.492676 -0.855225 -0.461152 0.524047 0.102531
0.533081 0.536865 -0.971069 -0.496041 0.526895 0.087341
0.528320 0.535522 -1.063965 -0.633461 0.450235 0.092800
0.488770 0.564331 -1.132935 -0.885754 0.367640 0.156170
0.525635 0.610718 -1.185791 -1.198094 0.206723 0.204350
0.549316 0.619629 -1.189209 -1.523487 -0.089240 0.223812
0.580933 0.615723 -1.161743 -1.914624 -0.259413 0.186312
0.665405 0.631104 -1.186279 -2.300302 -0.435757 0.143591
0.791260 0.756470 -1.301514 -2.701170 -0.760438 0.062183
0.869629 0.815308 -1.389038 -3.236609 -1.080136 -0.141692
0.848267 0.770630 -1.360352 -3.990877 -1.493345 -0.381643
0.761230 0.587036 -1.262817 -4.807327 -1.664467 -0.604743
0.813110 0.498169 -1.183716 -5.458589 -1.470086 -0.903080
0.866211 0.502808 -1.144653 -5.965548 -1.438282 -1.158695
0.816650 0.348511 -0.974243 -6.468947 -1.447538 -1.390102
0.762817 0.190552 -0.692749 -6.862694 -1.459405 -1.598012
0.751587 0.145874 -0.361206 -6.932710 -1.550307 -1.722616
0.763306 0.226929 -0.151855 -6.679942 -1.789071 -1.799989
0.725952 0.294312 -0.047119 -6.320847 -2.010509 -1.902282
0.629761 0.317505 0.114014 -5.986197 -2.119686 -2.035668
0.555054 0.325806 0.338623 -5.612148 -2.173088 -2.087645
0.483887 0.405396 0.522339 -5.102816 -2.189939 -2.048484
0.376221 0.459839 0.631226 -4.531538 -2.040177 -1.987250
0.266235 0.504517 0.754639 -4.023155 -1.787647 -1.883533
0.183716 0.527466 0.881104 -3.509551 -1.524911 -1.729499
0.117920 0.544556 0.961060 -2.912640 -1.330530 -1.521826
0.093628 0.593872 0.956543 -2.272771 -1.161069 -1.274992
0.083862 0.652100 0.851807 -1.710511 -0.941766 -1.037414
0.066040 0.685425 0.733398 -1.313441 -0.627765 -0.854900
0.071289 0.713867 0.605103 -1.054265 -0.345567 -0.724837
0.043335 0.743774 0.508179 -0.879346 -0.214081 -0.634411
0.016479 0.781616 0.461426 -0.752131 -0.221201 -0.566769
-0.020386 0.780273 0.455322 -0.650550 -0.179192 -0.482750
-0.039429 0.772827 0.482056 -0.543272 -0.134097 -0.361707
-0.066650 0.776855 0.507690 -0.409175 -0.090901 -0.209334
-0.088867 0.778198 0.532471 -0.253717 -0.002611 -0.024446
-0.095093 0.779297 0.525513 -0.064794 0.114161 0.180853
-0.104370 0.781128 0.484985 0.148338 0.194619 0.403478
-0.075195 0.804199 0.413330 0.352688 0.153559 0.634648
-0.044678 0.810547 0.337036 0.496753 0.006171 0.838523
-0.063965 0.806519 0.276001 0.575076 -0.071202 0.982589
-0.095093 0.802002 0.214966 0.612338 -0.090427 1.137097
-0.106201 0.813721 0.184326 0.620170 -0.102531 1.333852
-0.142090 0.773926 0.162354 0.592164 -0.105854 1.546984
-0.167969 0.733765 0.211426 0.594537 -0.317324 1.810194
-0.158447 0.681763 0.292847 0.665977 -0.591215 2.156711
-0.135254 0.621216 0.353271 0.826419 -0.674758 2.541914
-0.069580 0.596313 0.379028 1.044060 -0.630138 2.928779
0.000366 0.510498 0.303345 1.256717 -0.542085 3.331546
0.049683 0.457153 0.153198 1.390577 -0.421516 3.712951
0.128296 0.421631 0.038452 1.428314 -0.316849 4.092221
0.196533 0.355347 -0.033447 1.438045 -0.313052 4.444434
0.317017 0.333130 0.047974 1.482190 -0.309729 4.762233
0.398804 0.284058 0.192749 1.590892 -0.099920 5.017136
0.429443 0.194580 0.254639 1.811618 0.200315 5.192056
0.514526 0.081909 0.227295 2.155050 0.239239 5.364603
0.705444 0.035400 0.194458 2.538354 0.031566 5.569902
0.892090 0.044189 0.185059 2.881074 -0.063133 5.719901
0.849976 0.103638 0.124268 3.116753 0.192246 5.835011
1.078125 -0.160522 0.176758 3.255834 0.331802 5.908824
1.217163 -0.204712 0.144653 3.561528 -0.014003 5.571801
1.262451 -0.042603 -0.021729 3.840166 -0.489158 5.081218
1.293579 -0.193726 -0.175659 3.911843 -0.571753 4.703135
1.323853 0.098145 -0.233154 3.806463 -0.341533 4.531775
1.581177 -0.003540 -0.309082 3.604724 0.154509 4.428770
1.776978 -0.081909 -0.453979 3.343413 0.359096 4.090560
1.739990 0.093750 -0.554321 2.924744 0.586943 3.532098
1.744629 0.160645 -0.618286 2.375302 0.691135 3.040092
1.714355 0.127686 -0.664307 1.790020 0.375235 2.552832
1.697510 0.122314 -0.674683 1.192160 -0.008544 2.106632
1.693848 0.127686 -0.597656 0.588841 -0.286232 1.709087
1.637573 0.095825 -0.493896 0.081882 -0.524522 1.303236
1.578491 0.067627 -0.361938 -0.285758 -0.674521 0.945564
1.534058 -0.004761 -0.276489 -0.557987 -0.662417 0.662179
1.502441 -0.017334 -0.170532 -0.759252 -0.175869 0.429586
1.386108 -0.068481 -0.061035 -0.908539 0.456405 0.218590
1.317139 -0.063965 0.035400 -0.959329 0.606879 0.096835
1.275757 -0.045654 0.062988 -0.854188 0.571990 -0.014478
1.182251 -0.056030 0.060181 -0.688999 0.375947 -0.164714
1.098755 -0.060669 0.047852 -0.545883 0.199128 -0.257752
1.037354 -0.054932 0.023560 -0.465424 0.099446 -0.273653
1.010620 -0.051392 0.055542 -0.431722 0.076898 -0.250394
1.001343 -0.064819 0.040894 -0.329428 0.076424 -0.223812
0.994995 -0.044067 0.021606 -0.182752 -0.044383 -0.184651
1.006836 -0.039429 0.014648 -0.069541 -0.195094 -0.146676
1.015259 -0.035034 0.004028 0.029668 -0.297150 -0.131487
1.023193 -0.017822 -0.005127 0.086629 -0.275315 -0.098496
1.020020 -0.005981 -0.043213 0.108939 -0.179192 -0.079034
1.010864 -0.000366 -0.065308 0.125553 0.001187 -0.087579
0.992554 0.000244 -0.094482 0.158781 0.096835 -0.105379
0.984253 0.007935 -0.124878 0.196043 0.052452 -0.130774
0.970703 0.013062 -0.143677 0.207435 -0.045332 -0.157119
0.968628 0.019531 -0.156494 0.205062 -0.137895 -0.183227
0.940918 0.026001 -0.186035 0.222625 -0.209571 -0.210046
0.920410 0.028687 -0.196289 0.215268 -0.242324 -0.196043
0.923096 0.037720 -0.211548 0.183701 -0.271992 -0.148100
0.938721 0.044678 -0.222046 0.145964 -0.288131 -0.100632
0.966187 0.040527 -0.206055 0.113449 -0.283622 -0.059098
0.984375 0.036743 -0.191162 0.097072 -0.247783 -0.033228
0.991333 0.024658 -0.181030 0.099446 -0.178717 -0.011867
1.009888 0.038452 -0.169678 0.121756 -0.072389 0.016851
1.023560 0.052734 -0.180908 0.130062 0.008070 0.028243
1.020630 0.060913 -0.174438 0.135284 0.086392 0.013766
0.994629 0.053223 -0.162476 0.135284 0.135284 -0.004984
1.005493 0.054688 -0.165405 0.135047 0.139793 -0.021835
0.989014 0.051392 -0.167847 0.125316 0.071439 -0.049129
0.978394 0.045166 -0.175903 0.106328 -0.037737 -0.071677
0.969360 0.041992 -0.179199 0.064794 -0.130300 -0.083781
0.986450 0.036133 -0.172485 -0.003085 -0.162578 -0.069541
0.994507 0.036255 -0.142212 -0.059572 -0.159018 -0.054114
1.012085 0.037720 -0.111328 -0.082357 -0.154509 -0.059572
1.016846 0.035889 -0.093750 -0.070015 -0.161391 -0.083781
1.004028 0.009521 -0.097290 -0.030854 -0.162815 -0.098971
0.978882 0.003906 -0.102905 0.008782 -0.113449 -0.065506
0.983276 0.017700 -0.120728 0.032278 -0.042247 -0.023734
0.988281 0.021973 -0.130493 0.052927 -0.000712 0.005221
0.993286 0.032715 -0.151855 0.084730 -0.002373 0.026345
0.997681 0.042236 -0.163940 0.094699 -0.020174 0.022310
1.013794 0.045410 -0.170288 0.082594 -0.026819 0.014240
1.020508 0.056885 -0.176636 0.060759 -0.024446 0.000237
1.005249 0.047363 -0.181030 0.038924 -0.017326 -0.032041
0.992798 0.038940 -0.184204 0.016614 -0.023259 -0.056962
0.982544 0.036743 -0.184082 -0.006171 -0.055775 -0.059810
0.976318 0.048096 -0.198853 -0.019462 -0.095173 -0.051978
0.995972 0.061768 -0.212891 -0.047468 -0.114635 -0.049604
0.999878 0.069946 -0.205322 -0.093275 -0.134335 -0.068117
1.004028 0.060791 -0.201904 -0.134809 -0.133860 -0.105854
0.987671 0.042114 -0.188110 -0.166850 -0.158543 -0.136945
0.991455 0.040283 -0.171753 -0.175632 -0.196992 -0.140268
0.981201 0.035522 -0.183472 -0.166376 -0.190110 -0.124841
0.980347 0.029053 -0.166504 -0.173970 -0.125790 -0.089477
0.977173 0.034424 -0.124390 -0.183227 -0.019699 -0.029905
0.974976 0.038208 -0.125366 -0.153797 0.066693 0.001661
0.975708 0.040527 -0.132935 -0.099208 0.079984 0.003560
0.956543 0.040771 -0.144897 -0.043433 0.053639 -0.000237
0.953735 0.036621 -0.176880 -0.012342 0.055775 0.011867
0.955811 0.042969 -0.180786 -0.033228 0.091851 0.038686
0.976074 0.057495 -0.182251 -0.063133 0.137657 0.058860
0.992798 0.056519 -0.180176 -0.098734 0.166138 0.071202
0.999634 0.048340 -0.173584 -0.125790 0.177531 0.058148
1.006836 0.047852 -0.174683 -0.140268 0.187024 0.037974
1.014771 0.047485 -0.167969 -0.169461 0.211470 0.029193
