1.056641 0.230713 -0.322266 0.102768 -0.532117 -0.225473
1.036255 0.215820 -0.338501 0.084256 -0.576500 -0.254903
1.023926 0.198486 -0.345825 0.047943 -0.530218 -0.250157
1.092041 0.173340 -0.300537 0.003085 -0.604980 -0.219777
1.020752 0.163330 -0.322144 -0.012342 -0.509570 -0.186312
1.024536 0.180542 -0.308105 -0.031329 -0.252767 -0.168512
1.026733 0.180664 -0.291992 -0.036076 0.084256 -0.123180
1.032715 0.181519 -0.322510 -0.023734 0.295726 -0.088765
1.041382 0.191895 -0.355347 -0.007595 0.407513 -0.060284
1.065552 0.205566 -0.381714 -0.010443 0.464475 -0.046756
1.083862 0.198730 -0.411377 -0.023971 0.451421 -0.065981
1.100342 0.177002 -0.449585 -0.034177 0.380931 -0.114161
1.101563 0.142578 -0.531006 -0.059335 0.271755 -0.177293
1.071289 0.089111 -0.629517 -0.105379 0.130537 -0.215742
1.063232 0.036377 -0.737305 -0.180141 -0.049129 -0.180853
1.169434 0.024170 -0.810791 -0.304270 -0.248733 -0.056487
1.317871 0.023071 -0.870483 -0.448810 -0.374523 0.043433
1.412598 -0.005493 -0.942383 -0.597386 -0.391849 -0.022310
1.443115 -0.034668 -1.026855 -0.756404 -0.377846 -0.204587
1.426147 -0.065674 -1.086304 -0.932035 -0.396121 -0.387339
1.375488 -0.087158 -1.121460 -1.130452 -0.435282 -0.529981
1.343750 -0.084595 -1.128906 -1.330530 -0.461864 -0.610202
1.316650 -0.069214 -1.132568 -1.514231 -0.440029 -0.659806
1.265869 -0.050171 -1.151978 -1.694847 -0.404665 -0.708935
1.224609 -0.016968 -1.155640 -1.911301 -0.370488 -0.759726
1.174072 0.034302 -1.119141 -2.182819 -0.397782 -0.827131
1.117432 0.104248 -1.038940 -2.486377 -0.532592 -0.932510
1.014160 0.135010 -0.919922 -2.804888 -0.759964 -1.097461
0.890503 0.138184 -0.785278 -3.123873 -1.009171 -1.243426
0.814941 0.133423 -0.577271 -3.440722 -1.213046 -1.285435
0.754639 0.127930 -0.297241 -3.699186 -1.343821 -1.200230
0.651733 0.104370 -0.060303 -3.826163 -1.247460 -0.995405
0.571167 0.136475 0.159546 -3.794122 -0.951497 -0.739552
0.575195 0.162720 0.339600 -3.640088 -0.649600 -0.465662
0.619141 0.188477 0.478149 -3.393966 -0.454269 -0.201502
0.661133 0.206787 0.574219 -3.085424 -0.329666 -0.001899
0.705688 0.247803 0.641968 -2.728227 -0.237815 0.129825
0.758911 0.271118 0.681274 -2.343023 -0.220489 0.188923
0.801880 0.268799 0.716553 -1.976333 -0.207910 0.218353
0.839355 0.288940 0.726929 -1.594689 -0.218353 0.241850
0.882568 0.317993 0.667847 -1.234169 -0.182277 0.250157
0.897949 0.351685 0.606323 -0.977130 -0.112025 0.254666
0.881104 0.379150 0.554688 -0.803634 -0.006646 0.239951
0.819702 0.392944 0.502319 -0.674996 0.063370 0.204587
0.777344 0.414673 0.464722 -0.564158 -0.005934 0.167088
0.753662 0.426147 0.426636 -0.453083 -0.171597 0.135996
0.741699 0.420532 0.393921 -0.329191 -0.330615 0.131249
0.734741 0.422852 0.355225 -0.186075 -0.425788 0.133148
0.709106 0.412231 0.315308 -0.050791 -0.416532 0.135284
0.667480 0.401733 0.257568 0.061471 -0.299761 0.175394
0.622314 0.394409 0.206787 0.150948 -0.118433 0.243511
0.563354 0.381470 0.168213 0.231881 0.037262 0.331090
0.513672 0.359497 0.137695 0.311153 0.127926 0.421991
0.440308 0.323608 0.084595 0.389238 0.214793 0.526895
0.401367 0.321411 0.056641 0.454032 0.308542 0.663841
0.352295 0.315918 0.030518 0.500076 0.337261 0.788919
0.317017 0.309570 0.008667 0.535440 0.260837 0.899045
0.310059 0.279541 -0.000122 0.551104 0.102294 0.996117
0.328369 0.222290 0.012939 0.568667 -0.040111 1.112177
0.382935 0.189331 0.012085 0.616135 -0.055538 1.302998
0.430176 0.141846 0.001953 0.688762 0.029905 1.502127
0.480347 0.114380 -0.036987 0.764236 0.112025 1.674673
0.541626 0.114624 -0.063599 0.819536 0.120332 1.826571
0.624878 0.130249 -0.151733 0.859172 0.132673 1.932899
0.677979 0.101318 -0.141235 0.860359 -0.227847 1.998880
0.830200 0.086060 -0.172119 0.874836 -0.609015 2.065335
1.005737 0.056519 -0.205566 0.909251 -0.641293 2.127993
1.210938 0.057861 -0.240479 0.942478 -0.633936 2.115651
1.409668 0.114868 -0.373047 0.977130 -0.716530 2.018579
1.447876 0.078247 -0.422607 0.939630 -1.282587 1.827757
1.514282 0.091675 -0.553345 0.824520 -1.542000 1.637648
1.608032 0.099487 -0.542603 0.618509 -1.003949 1.482427
1.697144 0.128540 -0.577759 0.384491 -0.155458 1.319612
1.735107 0.150879 -0.555054 0.145490 0.440266 1.109091
1.737427 0.137207 -0.488525 -0.076661 0.801023 0.840659
1.709595 0.124390 -0.372314 -0.215268 0.894773 0.581484
1.614746 0.068604 -0.310303 -0.255141 0.756404 0.357434
1.568359 0.035034 -0.263550 -0.222388 0.624205 0.246122
1.534058 0.033081 -0.271606 -0.124366 0.663603 0.247071
1.511597 0.051636 -0.315430 -0.019225 0.869852 0.274128
1.499512 0.092651 -0.353516 0.015902 1.038364 0.270805
1.490845 0.127319 -0.360840 -0.018275 1.048569 0.214081
1.463379 0.135620 -0.340454 -0.088528 0.951972 0.096123
1.407837 0.134277 -0.299927 -0.168037 0.799362 -0.048655
1.347900 0.118896 -0.255981 -0.236154 0.679031 -0.164952
1.287354 0.096802 -0.204712 -0.277925 0.625392 -0.231169
1.236816 0.078247 -0.164917 -0.282910 0.590265 -0.255378
1.206177 0.075195 -0.132202 -0.242799 0.548493 -0.242799
1.175293 0.075439 -0.112183 -0.177531 0.488684 -0.215505
1.158203 0.076294 -0.099365 -0.109177 0.453320 -0.187499
1.130249 0.071777 -0.103271 -0.048180 0.435282 -0.159493
1.116455 0.074463 -0.118896 -0.006408 0.410599 -0.127926
1.111816 0.069702 -0.112793 0.002136 0.365979 -0.098734
1.114502 0.068970 -0.097412 0.005459 0.258701 -0.087579
1.118530 0.063110 -0.083984 0.020886 0.146439 -0.095411
1.120361 0.064819 -0.071777 0.055538 0.045095 -0.111550
1.130737 0.064453 -0.070923 0.104192 -0.056250 -0.135284
1.116699 0.067383 -0.078735 0.161154 -0.129113 -0.164239
1.106812 0.070313 -0.092896 0.212657 -0.181565 -0.188686
1.101563 0.084595 -0.120117 0.250631 -0.175632 -0.206011
1.088745 0.095703 -0.141479 0.263448 -0.136233 -0.219302
1.070313 0.091797 -0.164429 0.248021 -0.112499 -0.224761
1.061646 0.097778 -0.183594 0.214793 -0.092563 -0.209571
1.054932 0.100952 -0.183472 0.161866 -0.063133 -0.191771
1.047729 0.097900 -0.167114 0.104667 -0.040111 -0.181565
1.050659 0.100342 -0.160767 0.065743 -0.040348 -0.171360
1.055298 0.099854 -0.147095 0.051503 -0.057911 -0.152372
1.054810 0.101807 -0.144531 0.055063 -0.078560 -0.141455
1.064575 0.107422 -0.151245 0.066693 -0.081645 -0.154034
1.064575 0.111084 -0.157715 0.084256 -0.086629 -0.177531
1.052368 0.112671 -0.170288 0.098496 -0.086629 -0.196043
1.037720 0.121826 -0.170410 0.089003 -0.053639 -0.205299
1.020264 0.114014 -0.179688 0.067167 -0.009731 -0.207910
1.006470 0.110474 -0.184326 0.049129 0.005459 -0.200553
0.997803 0.113159 -0.187134 0.027057 -0.006408 -0.175157
1.000244 0.113037 -0.189209 -0.005696 -0.008544 -0.143828
1.004761 0.110718 -0.175659 -0.042721 -0.008307 -0.118670
1.008301 0.109497 -0.159668 -0.061946 -0.028243 -0.096597
1.016357 0.107910 -0.145020 -0.067405 -0.049841 -0.076186
1.025757 0.102295 -0.149658 -0.067405 -0.040585 -0.057911
1.034912 0.098755 -0.152344 -0.064319 -0.005459 -0.036550
1.040527 0.107544 -0.151855 -0.060047 0.034652 -0.016614
1.047241 0.112183 -0.148438 -0.052927 0.044620 -0.015427
1.047241 0.120117 -0.157227 -0.049367 0.037025 -0.023022
1.042114 0.123535 -0.159912 -0.054351 0.035838 -0.024446
1.040039 0.125977 -0.156738 -0.065031 0.035364 -0.018513
1.036621 0.122314 -0.156738 -0.076424 0.022073 -0.016851
1.039185 0.120239 -0.145752 -0.081882 -0.008782 -0.023734
1.041870 0.111084 -0.140381 -0.079984 -0.048892 -0.034414
1.042236 0.106445 -0.133667 -0.067879 -0.069778 -0.039161
1.041748 0.106934 -0.142212 -0.057911 -0.068591 -0.036550
1.048218 0.100220 -0.141846 -0.056012 -0.052215 -0.024446
1.054932 0.105713 -0.148804 -0.053876 -0.032278 -0.010918
1.065552 0.104492 -0.150757 -0.052690 -0.029668 -0.015190
1.073120 0.109619 -0.153809 -0.054114 -0.039636 -0.024683
1.077515 0.105957 -0.161499 -0.062420 -0.027531 -0.036076
1.073364 0.104736 -0.157837 -0.078797 -0.001187 -0.039873
1.071777 0.099731 -0.144165 -0.102531 0.019225 -0.035601
1.074585 0.097412 -0.124146 -0.121281 0.026107 -0.029668
1.072998 0.093750 -0.113403 -0.117721 0.018275 -0.038686
1.074219 0.094727 -0.107666 -0.092563 -0.008782 -0.050316
1.076294 0.092041 -0.111694 -0.063607 -0.036788 -0.056250
1.077759 0.098267 -0.116699 -0.041297 -0.043908 -0.056012
1.077393 0.102417 -0.121216 -0.026345 -0.026819 -0.058148
1.067505 0.105591 -0.125000 -0.019937 -0.008544 -0.060759
1.072510 0.104004 -0.121826 -0.018275 -0.005221 -0.063133
1.073608 0.103638 -0.121094 -0.009731 -0.005459 -0.066218
1.071655 0.107544 -0.126221 0.002848 -0.013291 -0.072151
1.079590 0.114868 -0.129517 0.004509 -0.026819 -0.074288
1.077759 0.113647 -0.125854 -0.001187 -0.032753 -0.082832
