0.703247 0.500488 -0.348389 -0.841609 -0.216692 -0.447386
0.707031 0.461914 -0.295654 -0.717480 -0.193670 -0.409649
0.664551 0.471558 -0.300659 -0.607354 -0.189872 -0.374286
0.658203 0.460815 -0.313232 -0.503636 -0.127452 -0.343669
0.653809 0.460571 -0.317993 -0.385678 0.002373 -0.285283
0.655273 0.453613 -0.321533 -0.257514 0.161866 -0.213606
0.672485 0.404663 -0.367432 -0.129825 0.350314 -0.150236
0.629883 0.467651 -0.354126 -0.044383 0.608540 -0.118670
0.559814 0.516724 -0.353760 0.041772 0.688999 -0.033228
0.590576 0.534180 -0.384033 0.136708 0.562971 0.101344
0.629028 0.532837 -0.421997 0.180616 0.394460 0.173496
0.677246 0.541016 -0.468872 0.179667 0.250394 0.207435
0.700684 0.555786 -0.510620 0.152135 0.184413 0.222151
0.708496 0.564941 -0.525269 0.096123 0.156645 0.210758
0.755005 0.561523 -0.527832 0.040348 0.153797 0.196280
0.781616 0.557739 -0.523804 -0.023259 0.111787 0.165426
0.835205 0.582520 -0.545532 -0.088053 0.070727 0.113686
0.862671 0.616333 -0.590088 -0.140505 -0.013528 0.028956
0.854248 0.614502 -0.638306 -0.231169 -0.099208 -0.076186
0.858032 0.597046 -0.673584 -0.379270 -0.154271 -0.152135
0.841064 0.584473 -0.719238 -0.552054 -0.152372 -0.200315
0.831543 0.587036 -0.788086 -0.734331 -0.138844 -0.204113
0.810303 0.566528 -0.886597 -0.946038 -0.154034 -0.175869
0.788818 0.588257 -0.972778 -1.212097 -0.280774 -0.135996
0.832520 0.608887 -1.079346 -1.508060 -0.414396 -0.070727
0.905884 0.665039 -1.212158 -1.963279 -0.678556 -0.081882
0.568115 0.747925 -1.373047 -2.543813 -0.943428 -0.194856
0.971802 0.734253 -1.461060 -3.330122 -0.938443 -0.054114
1.044922 0.695190 -1.361206 -4.295384 -1.096987 -0.334412
1.089355 0.629639 -1.356812 -5.207958 -1.407191 -0.751657
1.024658 0.389160 -1.259399 -6.076623 -1.647142 -1.060911
0.953491 0.167480 -1.004883 -6.846555 -1.705290 -1.300150
0.942993 0.026001 -0.722778 -7.320524 -1.749673 -1.460592
0.930176 -0.046631 -0.462646 -7.462690 -1.908928 -1.557902
0.911011 -0.061768 -0.160400 -7.362296 -2.140572 -1.648091
0.863037 -0.010254 0.153198 -7.025035 -2.264464 -1.742078
0.838989 0.103394 0.389648 -6.482238 -2.352280 -1.788596
0.792847 0.182861 0.593750 -5.827416 -2.310270 -1.803549
0.710938 0.273438 0.767578 -5.101629 -2.236458 -1.818501
0.612671 0.360596 0.874878 -4.372520 -2.181869 -1.792156
0.459473 0.406250 0.902466 -3.708917 -2.012883 -1.675860
0.356567 0.457886 0.898560 -3.154727 -1.640971 -1.433298
0.294556 0.465942 0.894653 -2.685743 -1.086306 -1.088917
0.272095 0.500122 0.839844 -2.221742 -0.515028 -0.720328
0.287231 0.559814 0.727051 -1.805685 -0.073575 -0.402054
0.297363 0.607788 0.595337 -1.509009 0.239476 -0.170885
0.265137 0.630493 0.498535 -1.325308 0.372624 -0.036788
0.249634 0.664063 0.475586 -1.188363 0.322071 0.055538
0.251587 0.687500 0.516235 -1.049044 0.221201 0.125078
0.241211 0.678345 0.587158 -0.877684 0.063607 0.164239
0.209351 0.665649 0.639404 -0.659569 -0.060284 0.219302
0.135986 0.646118 0.646484 -0.399206 -0.042247 0.343906
0.060669 0.614502 0.597534 -0.117483 -0.015427 0.568430
0.054443 0.614624 0.540283 0.143828 -0.194382 0.877684
0.051758 0.573975 0.488403 0.359096 -0.425788 1.220166
0.038208 0.534912 0.466431 0.529981 -0.532117 1.570955
0.093872 0.550903 0.470703 0.697780 -0.538288 1.962567
0.162231 0.546021 0.417603 0.873412 -0.422228 2.301489
0.196289 0.481323 0.393433 0.988760 -0.241850 2.576566
0.181152 0.415649 0.412964 1.137335 0.028243 2.873716
0.177246 0.358154 0.422607 1.345957 0.172784 3.206230
0.212891 0.274048 0.449707 1.636224 -0.032278 3.558206
0.344482 0.237061 0.462402 2.032345 -0.403478 3.902349
0.350098 0.313721 0.390503 2.508687 -0.700629 4.226318
0.593994 0.027344 0.418457 2.953225 -1.057351 4.550525
0.659790 0.072632 0.259766 3.389219 -1.275704 4.594671
0.696045 0.066406 0.110229 3.637952 -1.177683 4.657329
0.771240 -0.010986 0.021118 3.713901 -1.164866 4.765081
0.901489 -0.031372 -0.071533 3.716511 -1.241290 4.785017
1.099731 0.023804 -0.111572 3.638901 -1.136623 4.788815
1.387207 0.063721 -0.136353 3.487715 -0.811704 4.604164
1.569824 0.060669 -0.158081 3.386371 -0.624442 4.058044
1.434570 0.068726 -0.300293 3.379251 -0.489158 3.427906
1.399536 0.041870 -0.511841 3.263191 -0.500788 3.058842
1.441528 0.026245 -0.674316 2.889143 -0.599284 2.870394
1.510620 0.107422 -0.707031 2.342311 -0.744299 2.727515
1.566406 0.164429 -0.736450 1.828944 -0.820011 2.484003
1.596191 0.159668 -0.722412 1.344295 -0.865105 2.124670
1.632324 0.123169 -0.690552 0.842558 -0.849678 1.768660
1.674683 0.113892 -0.613037 0.337735 -0.778239 1.436146
1.695679 0.124756 -0.490967 -0.099446 -0.701815 1.080373
1.658569 0.103394 -0.366333 -0.401342 -0.609965 0.679505
1.574951 0.063843 -0.254028 -0.570329 -0.493430 0.285520
1.429810 -0.007202 -0.159180 -0.633699 -0.344855 -0.020174
1.288818 -0.073486 -0.116821 -0.615661 -0.175869 -0.192958
1.224976 -0.072998 -0.097168 -0.563209 0.016851 -0.228084
1.189941 -0.034790 -0.067383 -0.479190 0.191296 -0.222151
1.139893 -0.004639 -0.052734 -0.355773 0.269144 -0.250869
1.090820 0.015503 -0.057251 -0.233780 0.225948 -0.290742
1.046631 0.036255 -0.056519 -0.139556 0.187024 -0.302134
1.011475 0.053345 -0.052612 -0.056250 0.188923 -0.302846
0.979370 0.069946 -0.072754 0.031329 0.175157 -0.315425
0.939209 0.072998 -0.104858 0.096123 0.168749 -0.322545
0.911377 0.081543 -0.128296 0.133148 0.170885 -0.315425
0.884155 0.096924 -0.141846 0.160442 0.163765 -0.296675
0.854004 0.086670 -0.173706 0.187024 0.085443 -0.278875
0.835938 0.080933 -0.198242 0.201027 -0.017563 -0.243036
0.843628 0.086914 -0.221680 0.188211 -0.114635 -0.183939
0.874512 0.079834 -0.212402 0.167562 -0.196992 -0.118907
0.881958 0.079956 -0.201538 0.162815 -0.243036 -0.072151
0.890259 0.079346 -0.213623 0.168986 -0.284808 -0.027057
0.903931 0.086060 -0.221680 0.163765 -0.329191 0.018750
0.938354 0.097046 -0.229736 0.150711 -0.368827 0.046993
0.953857 0.084351 -0.231323 0.146439 -0.417482 0.042484
0.970825 0.080200 -0.223755 0.153559 -0.456168 0.030617
0.995239 0.072876 -0.244629 0.148575 -0.469459 0.036788
1.023438 0.083252 -0.257690 0.123654 -0.435519 0.037262
1.039551 0.083008 -0.252075 0.104430 -0.372862 0.015190
1.015259 0.059570 -0.252319 0.104667 -0.301422 -0.014240
1.026489 0.066040 -0.263550 0.100395 -0.209334 -0.010443
1.043701 0.086792 -0.270630 0.082594 -0.130774 -0.000712
1.042603 0.096191 -0.271606 0.065269 -0.074762 -0.023259
1.013428 0.083862 -0.271240 0.051740 -0.071914 -0.066218
0.992065 0.078491 -0.264160 0.037025 -0.098496 -0.085443
0.993286 0.091431 -0.250000 0.023259 -0.137895 -0.082357
0.995605 0.105103 -0.237061 0.018275 -0.167562 -0.091613
0.991699 0.108765 -0.224243 0.013766 -0.173021 -0.117483
0.959106 0.089844 -0.222046 0.007595 -0.155695 -0.137657
0.953857 0.087891 -0.225708 -0.008544 -0.095885 -0.128876
0.948975 0.090210 -0.206055 -0.016376 -0.029430 -0.108227
0.932495 0.080688 -0.210449 0.006408 -0.043671 -0.103243
0.924927 0.081421 -0.227905 0.038686 -0.142642 -0.096835
0.946289 0.088745 -0.235596 0.047468 -0.225948 -0.069303
0.967773 0.101929 -0.226074 0.047705 -0.271992 -0.056012
0.967896 0.103271 -0.236450 0.061946 -0.304745 -0.071439
0.962524 0.091431 -0.254395 0.080458 -0.318511 -0.088053
0.960571 0.079590 -0.279663 0.076424 -0.274365 -0.072151
0.974487 0.087402 -0.281616 0.046756 -0.166613 -0.045332
0.970703 0.081543 -0.282104 0.021361 -0.095411 -0.026345
0.973877 0.088989 -0.286255 0.018987 -0.096360 -0.014003
0.977173 0.102173 -0.286499 0.020886 -0.117721 -0.012104
0.973022 0.102295 -0.286011 0.013054 -0.125316 -0.023022
0.968506 0.093872 -0.282593 0.005696 -0.115822 -0.037025
0.956177 0.082397 -0.273193 0.001661 -0.082357 -0.037974
0.952271 0.087646 -0.270508 0.000712 -0.041535 -0.020649
0.963257 0.096680 -0.262573 0.003560 -0.019462 -0.008782
0.960693 0.091553 -0.255737 0.019225 -0.053402 -0.014715
0.961426 0.090454 -0.269287 0.037262 -0.125553 -0.022310
0.972046 0.100342 -0.278931 0.039636 -0.159493 -0.024446
0.969238 0.108765 -0.275879 0.033228 -0.149524 -0.030854
0.966431 0.099365 -0.268555 0.033465 -0.145252 -0.046281
0.970093 0.098755 -0.269897 0.037500 -0.152847 -0.054351
0.964233 0.098511 -0.274780 0.036076 -0.137895 -0.056724
0.962891 0.101685 -0.285645 0.040585 -0.106091 -0.064557
0.955078 0.093872 -0.286011 0.048180 -0.071914 -0.072626
0.947144 0.098389 -0.294678 0.060047 -0.072863 -0.063370
0.948120 0.102539 -0.296509 0.063370 -0.089477 -0.046281
0.950317 0.099365 -0.306763 0.065031 -0.103955 -0.043908
0.937866 0.095825 -0.317139 0.057199 -0.098022 -0.039636
0.935059 0.091797 -0.325195 0.041060 -0.083069 -0.020174
