0.725830 0.460693 -0.510254 -0.700629 0.035838 -0.436469
0.734985 0.450928 -0.567627 -0.639632 -0.039161 -0.477291
0.720459 0.352295 -0.494873 -0.539949 0.102056 -0.514554
0.716064 0.323730 -0.496582 -0.442877 0.064319 -0.490582
0.694336 0.319580 -0.470093 -0.314951 0.365504 -0.329191
0.697266 0.351318 -0.503418 -0.181328 0.621119 -0.177056
0.725220 0.375732 -0.549194 -0.061471 0.791292 -0.099683
0.743530 0.393311 -0.598755 0.048892 0.808381 -0.092563
0.745361 0.418823 -0.683594 0.135047 0.682353 -0.118433
0.740601 0.402832 -0.791748 0.163290 0.478478 -0.139556
0.736938 0.387207 -0.913452 0.103718 0.334175 -0.129588
0.746582 0.382202 -1.038330 -0.032041 0.229983 -0.074050
0.773804 0.391602 -1.164795 -0.235442 0.083306 0.007595
0.785156 0.405151 -1.297852 -0.500076 -0.224999 0.079984
0.821045 0.490234 -1.385498 -0.832590 -0.645091 0.132911
0.957520 0.523071 -1.643677 -1.284011 -0.777764 0.120569
0.997925 0.637329 -1.748901 -2.007187 -0.911624 -0.033702
1.020264 0.635132 -1.785522 -2.942545 -1.032193 -0.350552
1.033325 0.558472 -1.681396 -4.033361 -0.991845 -0.748809
1.040283 0.446045 -1.512695 -5.031851 -0.778476 -1.147066
1.030273 0.338989 -1.365234 -5.828365 -0.673334 -1.529658
0.973022 0.245483 -1.207764 -6.406052 -0.791767 -1.927915
0.852051 0.108276 -1.059204 -6.814040 -1.112414 -2.282501
0.783569 0.009766 -0.898193 -7.101696 -1.572854 -2.475459
0.760010 -0.052734 -0.688354 -7.268309 -2.015256 -2.511535
0.788452 -0.107056 -0.411255 -7.294891 -2.384795 -2.505839
0.893066 -0.040039 -0.141724 -7.137297 -2.749825 -2.500617
0.853760 0.024292 0.110107 -6.814752 -3.077829 -2.544525
0.704346 0.056030 0.375366 -6.415545 -3.113193 -2.579889
0.530762 0.107422 0.605469 -5.948222 -2.860662 -2.471899
0.370361 0.225464 0.772461 -5.376470 -2.447928 -2.192787
0.248657 0.330078 0.871826 -4.752976 -1.933611 -1.833691
0.208252 0.443359 0.898682 -4.136604 -1.431399 -1.476731
0.155762 0.508423 0.854980 -3.583838 -0.811704 -1.169613
0.115845 0.556274 0.817871 -3.126958 -0.248733 -0.919456
0.095093 0.610596 0.754028 -2.744603 0.102294 -0.712496
0.050171 0.634399 0.714233 -2.407817 0.304982 -0.559648
0.010254 0.644043 0.704590 -2.091443 0.322071 -0.440978
-0.021118 0.644165 0.694702 -1.779815 0.131961 -0.330140
-0.001343 0.657593 0.671753 -1.457744 -0.069066 -0.219540
0.002808 0.664429 0.636841 -1.167002 -0.271043 -0.126265
-0.044067 0.655640 0.622437 -0.942953 -0.449760 -0.034414
-0.100952 0.650391 0.633057 -0.747147 -0.534490 0.127214
-0.149170 0.642822 0.644531 -0.544221 -0.567243 0.390187
-0.124268 0.642944 0.668945 -0.345093 -0.576737 0.724837
-0.072144 0.624146 0.654297 -0.149762 -0.585281 1.066133
-0.074707 0.594604 0.619263 0.037737 -0.473969 1.379896
-0.094849 0.585815 0.571167 0.224287 -0.326580 1.705527
-0.107544 0.564697 0.510498 0.396833 -0.298574 2.064861
-0.099854 0.536133 0.457275 0.560123 -0.377608 2.432026
-0.071045 0.509033 0.496826 0.754979 -0.469696 2.825536
-0.031006 0.459961 0.575806 1.038601 -0.547069 3.246341
-0.008667 0.379150 0.586060 1.419770 -0.623493 3.643411
0.096558 0.335327 0.585083 1.855289 -0.589079 4.026953
0.223877 0.240723 0.575439 2.285112 -0.459965 4.382251
0.286255 0.128540 0.488892 2.731312 -0.295489 4.687233
0.455444 0.121704 0.359009 3.165882 -0.170173 5.007643
0.653809 0.147339 0.198975 3.503855 -0.067405 5.266581
0.717407 0.205078 -0.005493 3.649819 0.009731 5.337783
0.968384 0.158936 -0.182373 3.586212 -0.070490 5.324255
1.116455 0.223999 -0.274414 3.372606 -0.156170 5.064130
1.179565 0.241211 -0.274292 3.069759 0.040348 4.746568
1.238892 0.246826 -0.199219 2.835742 -0.024683 4.428533
1.294067 0.218750 -0.166504 2.773084 -0.407513 4.040006
1.323486 0.123657 -0.211304 2.828384 -0.847780 3.647208
1.350098 0.215088 -0.310791 2.830758 -1.250546 3.308286
1.387329 0.192261 -0.406128 2.700695 -1.613439 3.003541
1.404907 0.255249 -0.467529 2.435586 -1.715258 2.755283
1.531860 0.169922 -0.473511 2.045873 -1.407903 2.605047
1.593872 0.172729 -0.480591 1.623645 -1.062572 2.361536
1.627563 0.236450 -0.494873 1.249122 -0.793429 2.077677
1.653687 0.266968 -0.519287 0.919456 -0.628477 1.766524
1.633179 0.264771 -0.513184 0.587892 -0.635835 1.370640
1.581665 0.232544 -0.474365 0.276976 -0.785122 0.974282
1.524780 0.194580 -0.396118 0.014952 -0.933934 0.644616
1.468384 0.162354 -0.291992 -0.166138 -1.002051 0.376659
1.410645 0.124512 -0.189087 -0.233305 -1.072303 0.159493
1.349487 0.107300 -0.145752 -0.217404 -0.967874 0.009968
1.318481 0.118652 -0.104614 -0.194144 -0.660281 -0.082594
1.254639 0.126099 -0.076172 -0.151660 -0.356248 -0.166138
1.171021 0.131348 -0.089844 -0.072389 -0.126977 -0.240188
1.092896 0.141235 -0.121948 0.016139 0.045332 -0.287656
1.020264 0.157104 -0.163330 0.092088 0.154746 -0.322545
0.947266 0.157104 -0.194092 0.155458 0.152847 -0.342482
0.892456 0.162231 -0.233032 0.198891 0.052927 -0.333700
0.866333 0.173096 -0.246094 0.213369 -0.043196 -0.293115
0.849976 0.177246 -0.255859 0.200553 -0.106803 -0.240663
0.849365 0.183472 -0.253540 0.191534 -0.155221 -0.197230
0.839355 0.192993 -0.261108 0.180379 -0.237815 -0.154509
0.854858 0.186890 -0.267456 0.163053 -0.290030 -0.118433
0.857910 0.183960 -0.272827 0.156882 -0.249682 -0.102768
0.868408 0.173706 -0.259888 0.158781 -0.244935 -0.082120
0.869873 0.168091 -0.281250 0.169224 -0.283384 -0.059335
0.876343 0.164063 -0.294067 0.170648 -0.295489 -0.023971
0.886597 0.156006 -0.303711 0.170410 -0.300710 0.003560
0.887695 0.144409 -0.325806 0.176819 -0.330615 0.026345
0.912476 0.161255 -0.341309 0.176344 -0.356248 0.061708
0.948853 0.178711 -0.334717 0.159730 -0.370963 0.085443
0.967651 0.185913 -0.335815 0.149999 -0.389001 0.069066
0.957275 0.181396 -0.341309 0.145252 -0.389475 0.032516
0.953491 0.183350 -0.345459 0.129113 -0.334412 0.011392
0.967041 0.184326 -0.338013 0.104904 -0.251343 0.002136
0.972168 0.182617 -0.344727 0.089715 -0.196043 -0.009968
0.976563 0.180298 -0.352173 0.078797 -0.181328 -0.024446
0.968018 0.181152 -0.369507 0.057436 -0.174208 -0.034652
0.975342 0.193115 -0.383423 0.030617 -0.144540 -0.041535
0.953979 0.213257 -0.392212 0.002611 -0.111075 -0.043671
0.953125 0.176025 -0.374634 -0.050079 -0.037025 -0.023734
0.951904 0.177368 -0.355225 -0.099683 -0.001424 -0.028006
0.941284 0.184814 -0.335938 -0.124841 0.031092 -0.048417
0.933105 0.183105 -0.325562 -0.137183 0.048180 -0.049841
0.926880 0.175537 -0.314941 -0.145727 0.037262 -0.048180
0.945435 0.162231 -0.288452 -0.145252 0.008070 -0.037025
0.950439 0.161987 -0.260620 -0.130774 0.014003 -0.027057
0.958984 0.166138 -0.249756 -0.103718 0.059335 -0.025633
0.960205 0.170410 -0.242798 -0.067879 0.105142 -0.028718
0.958740 0.179321 -0.242432 -0.026582 0.118195 -0.039873
0.955933 0.175171 -0.243530 0.018513 0.103718 -0.056487
0.937988 0.168823 -0.261353 0.068354 0.064319 -0.074050
0.919678 0.165161 -0.296143 0.099683 0.035364 -0.072863
0.926392 0.178345 -0.310059 0.099920 0.017801 -0.051266
0.938599 0.194214 -0.338379 0.090427 -0.028718 -0.032516
0.944214 0.198120 -0.345093 0.065743 -0.074525 -0.031804
0.953369 0.197754 -0.342163 0.038212 -0.118907 -0.046044
0.957275 0.185791 -0.334229 0.015664 -0.151660 -0.059810
0.953857 0.185791 -0.330811 0.000000 -0.157831 -0.064794
0.952881 0.184204 -0.326172 -0.011867 -0.126265 -0.064319
0.953491 0.190308 -0.310303 -0.018275 -0.083306 -0.067642
0.937378 0.186035 -0.311890 -0.010443 -0.077373 -0.079984
0.907227 0.179565 -0.330200 -0.002136 -0.075712 -0.084968
0.912231 0.187134 -0.329834 -0.022547 -0.003085 -0.064319
0.897217 0.185303 -0.320190 -0.040111 0.063845 -0.045807
0.890869 0.185303 -0.313599 -0.031092 0.050553 -0.034177
0.887329 0.183472 -0.313354 -0.015427 -0.023971 -0.022073
0.899292 0.183960 -0.314575 -0.001187 -0.102531 0.001424
0.917603 0.189941 -0.314819 0.009731 -0.142642 0.019225
0.931030 0.190796 -0.316284 0.017563 -0.142879 0.023497
0.940552 0.196777 -0.313477 0.027057 -0.135521 0.019699
0.944336 0.195801 -0.323730 0.040348 -0.145727 0.012104
0.955933 0.199219 -0.339478 0.046044 -0.172546 -0.000237
0.943726 0.195068 -0.349487 0.042959 -0.187261 -0.021835
0.942627 0.190674 -0.350708 0.038212 -0.173733 -0.035126
0.934692 0.185181 -0.344604 0.036788 -0.154746 -0.031329
0.940552 0.192261 -0.349854 0.037737 -0.159255 -0.019225
0.946533 0.198975 -0.345825 0.037262 -0.174208 -0.017326
0.938721 0.190674 -0.345337 0.039398 -0.171834 -0.028243
0.938843 0.170410 -0.335815 0.042959 -0.164477 -0.037500
0.918823 0.171265 -0.333252 0.060996 -0.155933 -0.048892
0.903564 0.175171 -0.349487 0.081645 -0.147388 -0.046044
0.898315 0.177856 -0.361694 0.087816 -0.147151 -0.029668
