7095.000000 1555.000000 -1672.000000 584.000000 1944.000000 4.000000
8845.000000 1343.000000 -1938.000000 833.000000 1391.000000 534.000000
8593.000000 1342.000000 -2287.000000 1029.000000 831.000000 386.000000
8678.000000 1436.000000 -2570.000000 988.000000 278.000000 353.000000
8947.000000 1428.000000 -2865.000000 788.000000 55.000000 281.000000
9051.000000 1235.000000 -3112.000000 564.000000 82.000000 80.000000
9034.000000 917.000000 -3288.000000 401.000000 213.000000 -47.000000
9065.000000 636.000000 -3632.000000 425.000000 1.000000 -79.000000
9132.000000 426.000000 -3973.000000 529.000000 -397.000000 -133.000000
9273.000000 132.000000 -4419.000000 644.000000 -827.000000 -126.000000
9352.000000 -122.000000 -5209.000000 1007.000000 -1543.000000 -177.000000
9595.000000 -5.000000 -6535.000000 1548.000000 -2340.000000 -167.000000
10118.000000 854.000000 -7864.000000 1940.000000 -2741.000000 -89.000000
10567.000000 1215.000000 -9137.000000 1842.000000 -3095.000000 -46.000000
10710.000000 1180.000000 -10515.000000 1135.000000 -2830.000000 -208.000000
10696.000000 1274.000000 -11210.000000 -235.000000 -1753.000000 -514.000000
10599.000000 1281.000000 -11554.000000 -2047.000000 -1089.000000 -832.000000
10598.000000 1230.000000 -11279.000000 -4277.000000 26.000000 -1141.000000
10238.000000 553.000000 -9629.000000 -6617.000000 1355.000000 -1491.000000
9724.000000 23.000000 -8378.000000 -8391.000000 2577.000000 -1718.000000
9467.000000 -235.000000 -7044.000000 -9672.000000 3418.000000 -1650.000000
9395.000000 -552.000000 -5807.000000 -10513.000000 3650.000000 -1484.000000
9406.000000 -647.000000 -4625.000000 -11092.000000 3411.000000 -1377.000000
9557.000000 -587.000000 -3482.000000 -11511.000000 3210.000000 -1270.000000
9738.000000 -686.000000 -2499.000000 -11749.000000 3289.000000 -1203.000000
9930.000000 -480.000000 -1586.000000 -11818.000000 3421.000000 -1228.000000
10080.000000 -272.000000 -257.000000 -11814.000000 3436.000000 -1472.000000
10079.000000 -38.000000 1488.000000 -11594.000000 3423.000000 -2058.000000
9703.000000 266.000000 2867.000000 -10912.000000 3187.000000 -2843.000000
8880.000000 584.000000 3795.000000 -10064.000000 2834.000000 -3549.000000
7779.000000 923.000000 4376.000000 -9317.000000 2784.000000 -4030.000000
6677.000000 1171.000000 4921.000000 -8783.000000 2987.000000 -4187.000000
5789.000000 1452.000000 5543.000000 -8309.000000 2986.000000 -4073.000000
5204.000000 1902.000000 6130.000000 -7745.000000 2489.000000 -3811.000000
4880.000000 2205.000000 6661.000000 -7070.000000 1725.000000 -3481.000000
4725.000000 2261.000000 7001.000000 -6207.000000 1032.000000 -3136.000000
4506.000000 2489.000000 6917.000000 -5181.000000 556.000000 -2724.000000
4251.000000 2792.000000 6682.000000 -4132.000000 247.000000 -2295.000000
4078.000000 3140.000000 6245.000000 -3136.000000 -78.000000 -1882.000000
3771.000000 3505.000000 5736.000000 -2250.000000 -459.000000 -1559.000000
3410.000000 3731.000000 5352.000000 -1500.000000 -870.000000 -1332.000000
3074.000000 3691.000000 4893.000000 -830.000000 -1450.000000 -1066.000000
2888.000000 3570.000000 4319.000000 -227.000000 -2005.000000 -592.000000
3028.000000 3612.000000 3646.000000 281.000000 -2317.000000 63.000000
3350.000000 3647.000000 3139.000000 665.000000 -2262.000000 733.000000
3625.000000 3569.000000 2494.000000 1090.000000 -2257.000000 1252.000000
3852.000000 3415.000000 1682.000000 1449.000000 -2342.000000 1678.000000
4290.000000 3238.000000 1131.000000 1645.000000 -2335.000000 2065.000000
4427.000000 2957.000000 726.000000 1757.000000 -2178.000000 2346.000000
4393.000000 2884.000000 389.000000 1824.000000 -1829.000000 2615.000000
4533.000000 2644.000000 52.000000 1827.000000 -1141.000000 3050.000000
4443.000000 2350.000000 -345.000000 1937.000000 -629.000000 3366.000000
4354.000000 2272.000000 -756.000000 2075.000000 -661.000000 3549.000000
4269.000000 2074.000000 -1099.000000 2021.000000 -1013.000000 3751.000000
4008.000000 1838.000000 -1212.000000 1791.000000 -1272.000000 3840.000000
3267.000000 1756.000000 -1145.000000 1424.000000 -1329.000000 3961.000000
2689.000000 1509.000000 -815.000000 990.000000 -1360.000000 4357.000000
2607.000000 893.000000 -371.000000 708.000000 -1584.000000 5195.000000
3489.000000 429.000000 436.000000 722.000000 -1994.000000 6503.000000
4114.000000 197.000000 20.000000 995.000000 -2615.000000 7868.000000
5433.000000 -217.000000 -505.000000 1544.000000 -3940.000000 8967.000000
6565.000000 -394.000000 -800.000000 1932.000000 -3410.000000 9464.000000
7574.000000 -569.000000 -1026.000000 1976.000000 -2295.000000 9621.000000
8505.000000 -897.000000 -1226.000000 1910.000000 -1627.000000 9777.000000
9737.000000 -992.000000 -1477.000000 1947.000000 -2028.000000 9899.000000
11143.000000 -953.000000 -1894.000000 2100.000000 -2909.000000 9742.000000
12278.000000 -801.000000 -2398.000000 2223.000000 -3865.000000 9101.000000
12899.000000 -843.000000 -3169.000000 2139.000000 -4640.000000 8278.000000
13465.000000 -883.000000 -3847.000000 1875.000000 -5133.000000 7396.000000
16473.000000 57.000000 -4373.000000 1299.000000 -4325.000000 6492.000000
13162.000000 -2077.000000 -3128.000000 441.000000 -3819.000000 5132.000000
13827.000000 -305.000000 -3682.000000 -175.000000 -930.000000 4889.000000
14073.000000 -649.000000 -2659.000000 -371.000000 -397.000000 4400.000000
14471.000000 -269.000000 -3036.000000 -115.000000 -2765.000000 3514.000000
13798.000000 -296.000000 -3137.000000 50.000000 -2584.000000 2516.000000
13416.000000 -367.000000 -3125.000000 -161.000000 -1597.000000 1630.000000
12680.000000 -469.000000 -2853.000000 -330.000000 -630.000000 1029.000000
12399.000000 -334.000000 -2560.000000 -486.000000 164.000000 686.000000
11934.000000 -319.000000 -2388.000000 -559.000000 771.000000 227.000000
11349.000000 -392.000000 -2289.000000 -598.000000 1000.000000 -223.000000
10859.000000 -440.000000 -2204.000000 -675.000000 1180.000000 -501.000000
10563.000000 -408.000000 -1980.000000 -815.000000 1290.000000 -620.000000
10241.000000 -361.000000 -1790.000000 -892.000000 1235.000000 -685.000000
10002.000000 -316.000000 -1686.000000 -887.000000 1013.000000 -728.000000
9780.000000 -344.000000 -1555.000000 -908.000000 799.000000 -705.000000
9541.000000 -332.000000 -1316.000000 -1000.000000 933.000000 -614.000000
9364.000000 -439.000000 -1124.000000 -1059.000000 1226.000000 -508.000000
9191.000000 -501.000000 -1009.000000 -1000.000000 1304.000000 -398.000000
9168.000000 -486.000000 -961.000000 -929.000000 1325.000000 -270.000000
9224.000000 -533.000000 -859.000000 -885.000000 1375.000000 -202.000000
9064.000000 -569.000000 -815.000000 -794.000000 1322.000000 -250.000000
8944.000000 -603.000000 -817.000000 -661.000000 993.000000 -362.000000
8806.000000 -593.000000 -794.000000 -531.000000 616.000000 -445.000000
8773.000000 -603.000000 -826.000000 -411.000000 322.000000 -483.000000
8703.000000 -610.000000 -744.000000 -300.000000 115.000000 -480.000000
8683.000000 -625.000000 -793.000000 -156.000000 -25.000000 -453.000000
8660.000000 -624.000000 -933.000000 -16.000000 -84.000000 -433.000000
8608.000000 -588.000000 -1026.000000 103.000000 -281.000000 -412.000000
8632.000000 -496.000000 -1203.000000 210.000000 -553.000000 -379.000000
8712.000000 -454.000000 -1313.000000 264.000000 -639.000000 -359.000000
8732.000000 -413.000000 -1354.000000 285.000000 -730.000000 -353.000000
8717.000000 -328.000000 -1462.000000 326.000000 -785.000000 -377.000000
8603.000000 -286.000000 -1602.000000 342.000000 -799.000000 -418.000000
8544.000000 -225.000000 -1634.000000 306.000000 -690.000000 -432.000000
8524.000000 -160.000000 -1658.000000 272.000000 -596.000000 -444.000000
8508.000000 -139.000000 -1760.000000 238.000000 -549.000000 -458.000000
8418.000000 -141.000000 -1874.000000 136.000000 -443.000000 -494.000000
8347.000000 -157.000000 -1882.000000 -12.000000 -304.000000 -504.000000
8215.000000 -187.000000 -1890.000000 -133.000000 -297.000000 -461.000000
8317.000000 -213.000000 -1883.000000 -250.000000 -342.000000 -331.000000
8622.000000 -195.000000 -1709.000000 -363.000000 -255.000000 -220.000000
8605.000000 -273.000000 -1655.000000 -387.000000 -134.000000 -190.000000
8559.000000 -262.000000 -1690.000000 -374.000000 -42.000000 -155.000000
8612.000000 -258.000000 -1656.000000 -386.000000 -9.000000 -108.000000
8762.000000 -251.000000 -1629.000000 -367.000000 -53.000000 -85.000000
8795.000000 -253.000000 -1575.000000 -342.000000 -52.000000 -68.000000
8704.000000 -235.000000 -1603.000000 -338.000000 29.000000 -60.000000
8710.000000 -229.000000 -1627.000000 -367.000000 101.000000 -54.000000
8686.000000 -197.000000 -1565.000000 -376.000000 124.000000 -66.000000
8701.000000 -212.000000 -1456.000000 -387.000000 101.000000 -117.000000
8631.000000 -227.000000 -1459.000000 -400.000000 100.000000 -135.000000
8630.000000 -236.000000 -1451.000000 -407.000000 119.000000 -138.000000
8648.000000 -317.000000 -1324.000000 -412.000000 119.000000 -132.000000
8616.000000 -271.000000 -1319.000000 -380.000000 97.000000 -109.000000
8670.000000 -270.000000 -1349.000000 -361.000000 96.000000 -108.000000
8705.000000 -288.000000 -1274.000000 -331.000000 30.000000 -141.000000
8650.000000 -302.000000 -1299.000000 -270.000000 -65.000000 -206.000000
8648.000000 -339.000000 -1258.000000 -220.000000 -133.000000 -223.000000
8703.000000 -342.000000 -1266.000000 -164.000000 -181.000000 -229.000000
8729.000000 -396.000000 -1333.000000 -82.000000 -221.000000 -227.000000
8729.000000 -463.000000 -1395.000000 -27.000000 -280.000000 -223.000000
8758.000000 -467.000000 -1465.000000 -20.000000 -346.000000 -147.000000
8826.000000 -447.000000 -1421.000000 -39.000000 -318.000000 -112.000000
8783.000000 -457.000000 -1462.000000 -49.000000 -291.000000 -122.000000
8747.000000 -403.000000 -1568.000000 -72.000000 -226.000000 -107.000000
8749.000000 -378.000000 -1542.000000 -127.000000 -165.000000 -102.000000
8760.000000 -346.000000 -1492.000000 -151.000000 -189.000000 -135.000000
8693.000000 -311.000000 -1506.000000 -141.000000 -248.000000 -209.000000
8651.000000 -336.000000 -1472.000000 -134.000000 -291.000000 -269.000000
8598.000000 -306.000000 -1436.000000 -114.000000 -301.000000 -294.000000
8601.000000 -300.000000 -1435.000000 -83.000000 -322.000000 -262.000000
8650.000000 -245.000000 -1442.000000 -43.000000 -364.000000 -227.000000
8751.000000 -126.000000 -1407.000000 -27.000000 -383.000000 -196.000000
8861.000000 -111.000000 -1339.000000 -53.000000 -328.000000 -201.000000
8815.000000 -17.000000 -1255.000000 -28.000000 -286.000000 -263.000000
8674.000000 -36.000000 -1245.000000 34.000000 -262.000000 -326.000000
8601.000000 -44.000000 -1257.000000 93.000000 -212.000000 -342.000000
8594.000000 -30.000000 -1336.000000 167.000000 -224.000000 -314.000000
8644.000000 -89.000000 -1373.000000 238.000000 -282.000000 -273.000000
8776.000000 -172.000000 -1468.000000 276.000000 -261.000000 -239.000000
