0.813721 -0.016602 -0.267822 -0.589316 0.286470 0.056962
0.872559 -0.006958 -0.197876 -0.536152 0.376184 0.262024
0.948120 -0.017944 -0.213379 -0.374998 0.379032 0.397545
1.002075 -0.024536 -0.228638 -0.183701 0.312340 0.427213
1.027710 0.018921 -0.276611 0.003797 0.129588 0.367403
1.038940 0.030273 -0.344971 0.166850 0.057911 0.222863
1.012085 0.033203 -0.427979 0.278875 0.009731 0.059098
0.943604 -0.000244 -0.468750 0.319697 -0.020649 -0.074288
0.832153 0.007935 -0.697876 0.322783 -0.003085 -0.154034
0.798218 0.013916 -0.585449 0.237340 0.195568 -0.133385
0.783813 0.086914 -0.807983 0.175632 0.185600 -0.037025
0.824585 0.116333 -0.910889 0.197230 -0.098259 0.047231
0.838623 0.072998 -1.009521 0.226185 -0.361707 0.032516
0.893066 0.094604 -1.179321 0.178717 -0.389950 -0.087104
0.867432 0.090698 -1.279785 0.076424 -0.444301 -0.247071
0.848267 0.091431 -1.353149 -0.046756 -0.626578 -0.398257
0.776489 0.104004 -1.406006 -0.237815 -0.624680 -0.506484
0.619141 0.098511 -1.492676 -0.531168 -0.458067 -0.500076
0.612061 -0.005493 -1.460083 -0.984962 -0.085917 -0.300947
0.700195 -0.088135 -1.359863 -1.577126 0.086392 0.075474
0.820435 -0.072876 -1.114014 -2.151964 0.179667 0.393510
0.996094 -0.065308 -0.839966 -2.555918 0.156170 0.495567
1.118286 -0.085571 -0.531860 -2.716360 -0.029193 0.387814
1.165649 -0.113037 -0.257446 -2.670316 -0.328716 0.193907
1.178223 -0.151001 -0.006714 -2.501804 -0.535440 0.042959
1.148315 -0.121826 0.218262 -2.308134 -0.580772 -0.013528
1.134888 -0.082153 0.418335 -2.148404 -0.543035 0.001899
1.156494 -0.058838 0.608521 -1.999592 -0.450947 0.036550
1.150146 -0.049805 0.746094 -1.797615 -0.391849 0.037025
1.112427 -0.029175 0.829346 -1.492633 -0.392798 0.008070
1.053833 -0.019287 0.835693 -1.095325 -0.437655 -0.016614
1.019897 -0.038940 0.758789 -0.674284 -0.545408 -0.007595
0.996094 -0.027832 0.648193 -0.291691 -0.712258 0.037974
0.986328 -0.013916 0.499390 0.022073 -0.848729 0.101107
0.989624 0.031372 0.320068 0.256090 -0.966924 0.145727
0.961548 0.053711 0.148804 0.402054 -1.091765 0.135047
0.930420 0.069214 0.011963 0.450235 -1.166765 0.072626
0.860107 0.047119 -0.096680 0.417244 -1.177445 0.007832
0.801880 0.028564 -0.151978 0.335124 -1.110278 -0.003085
0.739014 0.017456 -0.189941 0.244698 -0.961940 0.041535
0.688843 0.007690 -0.215698 0.181091 -0.775391 0.111787
0.662476 -0.002808 -0.239136 0.149999 -0.581246 0.189635
0.631592 0.003296 -0.268188 0.134809 -0.391374 0.264160
0.593994 0.009644 -0.288574 0.120094 -0.231881 0.320647
0.571899 0.020996 -0.293213 0.103955 -0.125790 0.347229
0.526367 0.030396 -0.280273 0.086867 -0.107040 0.340346
0.430298 0.022827 -0.273804 0.077373 -0.115347 0.316849
0.308960 -0.002319 -0.290405 0.073575 -0.172309 0.335599
0.194214 -0.038330 -0.293823 0.078085 -0.304745 0.443114
0.186401 -0.055664 -0.238525 0.094461 -0.496753 0.637971
0.282471 -0.096924 -0.153076 0.135759 -0.548019 0.875786
0.440796 -0.132568 -0.071533 0.211945 -0.280536 1.111702
0.588257 -0.133057 -0.070435 0.322783 0.194382 1.296827
0.690918 -0.150879 -0.114014 0.428399 0.594300 1.383694
0.745117 -0.167358 -0.200439 0.508383 0.744299 1.362096
0.789063 -0.198120 -0.288818 0.575313 0.610914 1.302998
0.865967 -0.236938 -0.385742 0.646040 0.253954 1.277128
1.049316 -0.270752 -0.454346 0.703002 -0.155695 1.289232
1.272949 -0.264771 -0.531006 0.730771 -0.442877 1.317713
1.476318 -0.238647 -0.634033 0.707274 -0.541848 1.279027
1.615479 -0.211060 -0.716309 0.611626 -0.503636 1.122620
1.665283 -0.197510 -0.780884 0.442165 -0.369776 0.891925
1.650024 -0.166870 -0.804199 0.231881 -0.152610 0.661942
1.615234 -0.164307 -0.791260 0.033940 0.065506 0.476105
1.572266 -0.156006 -0.755981 -0.107990 0.231169 0.331327
1.509155 -0.134277 -0.711426 -0.176581 0.354586 0.210996
1.435181 -0.096924 -0.685425 -0.182277 0.393985 0.108939
1.360596 -0.061890 -0.673340 -0.153559 0.371200 0.018275
1.275635 -0.040894 -0.666870 -0.122230 0.341533 -0.068591
1.209961 -0.012085 -0.660645 -0.115347 0.323732 -0.143354
1.134644 0.001465 -0.654053 -0.125553 0.333226 -0.196518
1.057739 0.005005 -0.649292 -0.148100 0.353400 -0.218353
1.006714 0.006470 -0.626587 -0.184176 0.339397 -0.202451
0.993774 0.004150 -0.593872 -0.220489 0.314476 -0.159730
0.988281 0.003296 -0.571411 -0.240188 0.301422 -0.129588
0.975952 0.002686 -0.539307 -0.238052 0.269381 -0.128638
0.972412 -0.011353 -0.519287 -0.220726 0.234018 -0.140268
0.961670 -0.038574 -0.513184 -0.193432 0.189872 -0.139556
0.968140 -0.042603 -0.500732 -0.161391 0.146202 -0.120569
0.975098 -0.053589 -0.499390 -0.140505 0.117009 -0.093749
0.978760 -0.058960 -0.489014 -0.137183 0.116534 -0.069778
1.004761 -0.060547 -0.484985 -0.142879 0.127926 -0.056962
1.012451 -0.054565 -0.468750 -0.147388 0.101344 -0.065269
1.011475 -0.062134 -0.461182 -0.148100 0.072151 -0.104904
1.000244 -0.074219 -0.436035 -0.158543 0.055775 -0.156170
0.979370 -0.085327 -0.411865 -0.167562 0.051266 -0.195331
0.953613 -0.095703 -0.375977 -0.161866 0.056724 -0.216454
0.927246 -0.096924 -0.367920 -0.134335 0.056012 -0.218590
0.902100 -0.100952 -0.378662 -0.092800 0.027769 -0.199366
0.903442 -0.098877 -0.380981 -0.057199 -0.020649 -0.168749
0.911499 -0.095947 -0.383057 -0.042721 -0.069541 -0.144778
0.909790 -0.087891 -0.382446 -0.048180 -0.085917 -0.125790
0.891724 -0.069946 -0.398438 -0.075949 -0.038686 -0.102056
0.919922 -0.092163 -0.378052 -0.114161 -0.014003 -0.068591
0.918335 -0.085693 -0.379150 -0.149762 0.046519 -0.054826
0.934448 -0.121826 -0.351807 -0.177056 0.161154 -0.065981
0.931763 -0.088501 -0.306152 -0.184413 0.144540 -0.105616
0.949707 -0.079712 -0.278076 -0.119857 0.146202 -0.172072
0.940186 -0.080566 -0.279419 -0.017801 0.059335 -0.239714
0.937012 -0.067383 -0.306274 0.083069 0.017326 -0.296201
0.934204 -0.061646 -0.342163 0.152610 -0.006171 -0.330378
0.916138 -0.059448 -0.363281 0.184176 -0.000949 -0.341295
0.908691 -0.045532 -0.396240 0.186549 0.037262 -0.332751
0.903564 -0.024292 -0.406982 0.174920 0.044145 -0.311153
0.919067 -0.029541 -0.420532 0.155933 0.020649 -0.277451
0.917480 -0.039429 -0.434570 0.131487 0.000000 -0.235916
0.924194 -0.036499 -0.446167 0.103955 -0.012816 -0.192483
0.932129 -0.022583 -0.464478 0.075237 -0.047231 -0.145964
0.938232 -0.027344 -0.479004 0.050316 -0.081882 -0.101582
0.946777 -0.024048 -0.515747 0.015902 -0.123654 -0.064082
0.958984 -0.019775 -0.537964 -0.041772 -0.167325 -0.037025
0.968018 -0.011108 -0.551392 -0.128401 -0.168749 -0.012816
0.986938 -0.047363 -0.534424 -0.237815 -0.089477 0.015190
1.000244 -0.040039 -0.510132 -0.343431 0.000712 0.024683
1.020020 -0.027954 -0.483398 -0.417482 0.101582 -0.000475
1.019043 -0.036499 -0.456909 -0.447624 0.159730 -0.052690
0.986572 -0.034790 -0.436768 -0.445725 0.172784 -0.109889
0.963257 -0.033936 -0.430908 -0.429111 0.167562 -0.159018
0.929810 -0.035767 -0.419312 -0.410599 0.155221 -0.186549
0.901489 -0.028442 -0.413452 -0.393510 0.149287 -0.187261
0.888550 -0.023315 -0.407837 -0.378558 0.140743 -0.168749
0.879517 -0.021484 -0.398315 -0.358621 0.154034 -0.144778
0.868896 -0.018311 -0.392578 -0.328004 0.164477 -0.129825
0.863281 -0.015259 -0.394531 -0.290979 0.158069 -0.117246
0.853271 -0.017334 -0.400269 -0.257514 0.163527 -0.096360
0.849609 -0.010742 -0.400146 -0.236391 0.173258 -0.067405
0.849609 -0.003662 -0.399170 -0.225948 0.165901 -0.036788
0.843994 -0.008667 -0.378784 -0.221913 0.162341 -0.002611
0.851318 -0.018311 -0.363892 -0.212894 0.159018 0.038212
0.866455 -0.016846 -0.345459 -0.192008 0.126977 0.085205
0.900879 -0.005615 -0.340942 -0.150711 0.070727 0.126502
0.944824 0.003296 -0.348633 -0.096835 -0.000712 0.138607
0.971924 -0.000122 -0.368164 -0.052927 -0.050791 0.105142
0.973267 0.002441 -0.375244 -0.036550 -0.062420 0.043196
0.964233 0.001587 -0.370728 -0.040348 -0.031566 -0.013766
0.940430 -0.005371 -0.370728 -0.047943 0.018750 -0.038924
0.913208 -0.009521 -0.370605 -0.043196 0.042959 -0.032753
0.903687 -0.008667 -0.368774 -0.021598 0.019225 -0.008544
0.906494 -0.005371 -0.374023 0.014240 -0.033702 0.018987
0.921631 -0.012329 -0.389648 0.054826 -0.098496 0.042247
0.954102 -0.006348 -0.412964 0.083781 -0.154983 0.052452
0.970459 -0.002441 -0.439819 0.087816 -0.187973 0.048417
0.979858 0.003906 -0.460083 0.062420 -0.185363 0.030854
0.975586 0.005249 -0.468750 0.015190 -0.146914 0.010918
0.966919 0.000000 -0.470947 -0.044145 -0.088765 -0.002136
0.964478 -0.003174 -0.452393 -0.096835 -0.042009 -0.007358
0.964722 -0.009521 -0.437256 -0.131724 -0.010680 -0.013528
0.960571 -0.015869 -0.420654 -0.147388 -0.001661 -0.016851
0.958984 -0.022705 -0.412720 -0.147626 0.003560 -0.015902
0.963623 -0.024536 -0.398071 -0.140268 -0.002136 -0.010443
