0.812744 0.440430 -0.408081 -0.713682 0.348416 -0.177293
0.804810 0.415161 -0.348389 -0.755454 0.531880 -0.168274
0.792480 0.405640 -0.312988 -0.709410 0.605455 -0.157594
0.797119 0.401489 -0.304810 -0.594537 0.564633 -0.146439
0.787354 0.435913 -0.414551 -0.458304 0.698255 -0.146914
0.797607 0.405640 -0.226563 -0.363368 0.522623 -0.142404
0.819702 0.423340 -0.324219 -0.172309 0.151660 -0.163290
0.800049 0.412231 -0.343872 -0.073338 0.085917 -0.204113
0.814209 0.427734 -0.363647 -0.020411 0.158781 -0.205774
0.816406 0.428223 -0.310669 0.011155 0.264160 -0.205299
0.837524 0.419312 -0.324341 0.128401 0.284571 -0.216692
0.823608 0.419067 -0.346680 0.255615 0.341770 -0.251106
0.822021 0.415405 -0.416992 0.371200 0.289318 -0.262498
0.802002 0.429321 -0.477295 0.419618 0.226897 -0.282435
0.773193 0.458008 -0.528809 0.394934 0.237815 -0.283622
0.788086 0.435547 -0.515991 0.326818 0.275552 -0.234255
0.802124 0.440308 -0.539429 0.270568 0.238527 -0.212894
0.817139 0.451416 -0.551636 0.226423 0.242324 -0.221438
0.851685 0.435547 -0.578857 0.186075 0.277213 -0.223100
0.906616 0.438599 -0.616089 0.132199 0.374998 -0.223337
0.944824 0.449097 -0.674561 0.064794 0.405377 -0.254903
0.992798 0.443970 -0.792114 -0.008070 0.326343 -0.319223
1.026978 0.496704 -0.924927 -0.108939 0.116297 -0.412972
1.072510 0.506714 -1.184326 -0.210758 -0.018987 -0.494854
1.094238 0.589722 -1.516846 -0.559886 -0.444301 -0.627290
1.096558 0.697388 -1.768066 -1.353314 -0.652448 -0.791055
1.175171 0.811768 -2.013916 -2.470712 -0.742638 -0.986386
1.221924 0.749756 -2.175049 -3.904485 -0.950311 -1.356874
1.257080 0.568726 -2.150513 -5.583193 -1.121196 -1.882583
1.379028 0.291382 -2.123413 -7.204702 -1.318663 -2.421108
1.430664 -0.106934 -1.966553 -7.777166 -1.911776 -2.990725
1.553345 -0.528076 -1.547485 -7.777166 -2.795156 -3.648870
1.706787 -0.762329 -0.883667 -7.777166 -4.077032 -4.300606
1.739136 -0.786621 -0.146851 -7.777166 -5.376944 -4.872121
1.572144 -0.628418 0.556519 -7.777166 -6.279312 -5.183037
1.251343 -0.449951 1.158936 -7.777166 -6.258901 -5.190869
0.739746 -0.308228 1.549194 -7.387928 -5.214603 -4.834621
0.255615 -0.129395 1.723511 -6.085167 -3.665009 -4.169119
-0.093506 0.060425 1.752319 -4.842454 -2.125382 -3.306387
-0.235962 0.192139 1.693604 -3.671654 -1.055690 -2.420159
-0.231812 0.271484 1.500488 -2.540965 -0.639395 -1.585196
-0.151611 0.344727 1.202148 -1.601335 -0.417244 -0.860359
-0.053345 0.420532 0.854370 -0.973095 -0.221676 -0.312815
0.059937 0.503052 0.602173 -0.663841 -0.182752 0.017089
0.131836 0.587769 0.437256 -0.563920 -0.192246 0.135996
0.117065 0.663818 0.401367 -0.576500 -0.119382 0.122230
0.078857 0.728394 0.442871 -0.580060 -0.189398 0.075237
0.037354 0.759399 0.486450 -0.514554 -0.384729 0.062658
0.026978 0.794189 0.511108 -0.392086 -0.570803 0.115585
0.029175 0.813232 0.531860 -0.230695 -0.632037 0.241375
0.036499 0.822510 0.521606 -0.078797 -0.561072 0.396833
0.020142 0.815918 0.478149 0.053164 -0.312340 0.584094
-0.010742 0.796753 0.432129 0.149762 -0.031804 0.839710
-0.047729 0.766846 0.390869 0.226897 0.135996 1.126654
-0.062378 0.734863 0.350830 0.335362 0.099208 1.423567
0.007813 0.707153 0.324463 0.466374 -0.110363 1.736856
0.035156 0.698608 0.368164 0.591452 -0.127689 2.045161
-0.008667 0.660278 0.307983 0.657907 0.188211 2.318815
-0.019165 0.647217 0.322998 0.712733 0.323257 2.663670
-0.075806 0.541260 0.324219 0.802685 0.226897 3.065724
-0.043091 0.473877 0.337402 0.945564 0.316612 3.515959
0.025269 0.399170 0.465820 1.138284 0.390187 4.024105
0.004272 0.317139 0.494629 1.471747 0.337261 4.500921
0.200317 0.071533 0.521118 1.867868 0.143354 5.021171
0.247437 0.076904 0.460205 2.311694 -0.005696 5.415156
0.346558 0.162476 0.371582 2.708053 -0.163765 5.804631
0.547607 -0.002686 0.323364 2.999032 -0.194144 6.050041
0.696167 -0.087769 0.306274 3.257258 -0.054351 6.061671
0.803345 -0.089233 0.199829 3.515959 0.073101 5.968634
0.937134 -0.071777 0.070190 3.723394 0.173970 5.849251
1.102051 -0.028076 0.000732 3.829485 0.044857 5.633984
1.217529 -0.018677 -0.092041 3.891906 -0.304508 5.227894
1.344360 -0.014893 -0.238281 3.922997 -0.539474 4.721648
1.411133 -0.031494 -0.397461 3.850134 -0.692084 4.150607
1.418823 0.037598 -0.544556 3.621575 -0.974757 3.612556
1.532715 0.105713 -0.619751 3.202670 -1.308932 3.295944
1.582764 0.041138 -0.645630 2.602911 -1.157509 3.040329
1.655762 0.059692 -0.616211 1.974671 -0.794141 2.773559
1.741455 0.049805 -0.623901 1.438757 -0.421042 2.491598
1.812134 0.064575 -0.622681 1.003237 -0.255141 2.164069
1.809082 0.057495 -0.607178 0.655771 -0.271992 1.746825
1.750244 0.041748 -0.562134 0.389713 -0.419143 1.302049
1.685791 0.031128 -0.517700 0.157119 -0.602607 0.896909
1.587891 0.032959 -0.486694 -0.078085 -0.673334 0.561072
1.513184 0.024170 -0.397827 -0.342482 -0.543984 0.293827
1.435913 0.016479 -0.233765 -0.561547 -0.284334 0.073338
1.339966 -0.006348 -0.122070 -0.664078 -0.034414 -0.083781
1.259033 0.000488 -0.048950 -0.670961 0.176819 -0.178480
1.169067 -0.009888 0.020020 -0.605218 0.351976 -0.242324
1.090698 -0.005493 0.049194 -0.473019 0.473494 -0.269144
1.026855 0.013916 0.063232 -0.327767 0.543272 -0.257989
1.004395 0.023926 0.066406 -0.185363 0.553478 -0.243036
0.989746 0.037354 0.059204 -0.042959 0.522861 -0.229271
0.984985 0.060913 0.032715 0.095173 0.436469 -0.224049
0.943848 0.057373 -0.014771 0.207673 0.303796 -0.244935
0.947998 0.056885 -0.062744 0.272704 0.198416 -0.233305
0.926758 0.066162 -0.100708 0.290505 0.119145 -0.210046
0.935059 0.066040 -0.125488 0.281960 0.045332 -0.196518
0.930176 0.056641 -0.117065 0.258464 -0.017089 -0.172072
0.953979 0.072754 -0.140015 0.237340 -0.114398 -0.133148
0.929321 0.065430 -0.130005 0.214556 -0.196280 -0.116771
0.914551 0.055786 -0.132080 0.217166 -0.254666 -0.095173
0.916626 0.066162 -0.150513 0.220252 -0.292878 -0.048180
0.930176 0.067871 -0.160889 0.200315 -0.289555 0.003323
0.941895 0.059204 -0.164551 0.178717 -0.269381 0.035838
0.946289 0.056274 -0.168091 0.167325 -0.210521 0.061708
0.955811 0.055176 -0.174072 0.159967 -0.144066 0.094936
0.976074 0.067627 -0.182983 0.159967 -0.099683 0.112025
0.978516 0.066284 -0.197632 0.161866 -0.104430 0.107752
0.988892 0.070435 -0.212280 0.148812 -0.127926 0.100395
1.009277 0.073242 -0.215698 0.111550 -0.124841 0.100870
1.016113 0.087891 -0.203491 0.075712 -0.085680 0.092325
1.010864 0.090698 -0.205078 0.058148 -0.061708 0.070490
0.989746 0.090698 -0.218018 0.046519 -0.058860 0.051978
0.980591 0.090332 -0.211548 0.016614 -0.047705 0.045095
0.968872 0.084961 -0.217163 -0.010918 -0.048417 0.051978
0.989380 0.085327 -0.203979 -0.040823 -0.043908 0.066455
0.992432 0.079834 -0.172974 -0.064082 -0.021361 0.082357
1.003418 0.071045 -0.164795 -0.065506 0.004747 0.095648
1.002563 0.061157 -0.165527 -0.059098 0.025870 0.092800
0.999756 0.055908 -0.171021 -0.050553 0.043433 0.084018
1.004395 0.044434 -0.156860 -0.054351 0.076186 0.075237
0.997803 0.031860 -0.160278 -0.049604 0.090189 0.072626
1.013794 0.036133 -0.165527 -0.043908 0.084256 0.070727
1.017700 0.037476 -0.148682 -0.041060 0.069541 0.062658
1.008789 0.039917 -0.148926 -0.028718 0.049129 0.050553
1.011719 0.041138 -0.153931 -0.023022 0.054826 0.043433
1.018066 0.041504 -0.149780 -0.028956 0.066930 0.039636
1.007690 0.036499 -0.149292 -0.025633 0.086392 0.035364
1.011597 0.040161 -0.149658 -0.021598 0.092325 0.035838
1.022949 0.039917 -0.154297 -0.017326 0.088053 0.030854
1.014038 0.043457 -0.146729 -0.021598 0.103955 0.029905
1.013916 0.049561 -0.147949 -0.026819 0.104192 0.030854
1.007568 0.052368 -0.145752 -0.024209 0.079509 0.026582
1.006104 0.050415 -0.150146 -0.023734 0.031092 0.018513
0.998291 0.055176 -0.143066 -0.030142 -0.001661 0.011630
0.994995 0.058105 -0.146362 -0.034889 -0.031329 0.013766
0.999512 0.059082 -0.140503 -0.047231 -0.031329 0.020411
0.991455 0.058228 -0.132202 -0.051503 -0.005696 0.023971
0.996704 0.055542 -0.129883 -0.042009 0.013054 0.023022
1.000244 0.056763 -0.136475 -0.028956 -0.000949 0.019937
1.012573 0.052979 -0.138062 -0.023971 -0.041297 0.009968
1.021606 0.055054 -0.137695 -0.024209 -0.078797 -0.006171
1.026123 0.062378 -0.128784 -0.024683 -0.104904 -0.029668
1.016235 0.052979 -0.128174 -0.013291 -0.124129 -0.057199
1.008667 0.040039 -0.132446 0.003797 -0.139081 -0.075474
0.999512 0.029785 -0.147583 0.012579 -0.124129 -0.072389
1.008057 0.030640 -0.145752 0.017801 -0.074525 -0.055300
1.018433 0.034058 -0.153564 0.025870 -0.045095 -0.054588
1.021118 0.040771 -0.162476 0.032041 -0.063370 -0.062420
