0.286987 0.829468 -0.148315 -0.150236 -0.192246 0.092088
0.475952 0.664185 -0.056763 -0.148338 -0.046281 0.312102
0.439941 0.737305 -0.115723 -0.068829 -0.279824 0.332039
0.261597 0.893066 -0.146973 0.010206 -0.302609 0.417719
0.318604 0.728149 -0.271240 0.008307 -0.125790 0.781562
0.433472 0.654297 -0.118408 -0.159493 0.115822 1.058300
0.565186 0.705322 -0.024902 -0.166376 0.109414 1.081085
0.606201 0.684570 -0.054565 -0.018275 -0.024446 0.990896
0.598267 0.643188 -0.093994 0.098734 -0.025633 0.905928
0.560791 0.621704 -0.116577 0.200315 0.031329 0.808381
0.521851 0.607422 -0.167480 0.325156 0.009731 0.730296
0.512939 0.614014 -0.233032 0.416058 -0.029905 0.685676
0.530518 0.620483 -0.263184 0.408463 0.016851 0.646278
0.412964 0.597412 -0.291504 0.315663 0.089240 0.583857
0.351807 0.584351 -0.229370 0.201027 0.033702 0.623493
0.468750 0.557129 -0.174316 0.141929 0.105379 0.734806
0.477051 0.517456 -0.117065 0.133385 0.117009 0.774916
0.454956 0.491333 -0.055786 0.161629 0.130774 0.780850
0.448120 0.446655 -0.016968 0.239239 0.128638 0.817875
0.447388 0.397095 0.003418 0.351026 0.050791 0.883381
0.452637 0.366943 0.021729 0.475630 -0.009256 0.929425
0.464233 0.335327 0.044800 0.590265 -0.034652 0.969535
0.480591 0.306274 0.073608 0.693034 -0.043433 1.025785
0.499146 0.277466 0.117798 0.790581 -0.055300 1.094139
0.525879 0.251343 0.155640 0.903554 -0.096597 1.165103
0.563965 0.232910 0.169434 1.057351 -0.167800 1.217556
0.604736 0.227295 0.136475 1.262413 -0.269856 1.253631
0.647827 0.240479 0.038696 1.531794 -0.350314 1.282350
0.697021 0.272827 -0.102539 1.808296 -0.365504 1.317239
0.744141 0.314941 -0.250366 1.993658 -0.292878 1.375387
0.782104 0.351807 -0.379272 2.043975 -0.162578 1.437333
0.815308 0.395508 -0.463257 1.977757 -0.048892 1.487174
0.864990 0.432983 -0.500244 1.853390 -0.005934 1.515180
0.925049 0.459839 -0.529419 1.752521 -0.069778 1.495006
0.979370 0.490723 -0.588501 1.721904 -0.196280 1.428314
1.041870 0.534180 -0.699707 1.738992 -0.283859 1.352602
1.101440 0.582031 -0.829224 1.729024 -0.260125 1.302998
1.140625 0.628296 -0.942871 1.647379 -0.129588 1.272381
1.150269 0.669800 -1.035156 1.491684 0.038924 1.235594
1.148682 0.716919 -1.086060 1.275941 0.167800 1.176496
1.139282 0.745239 -1.119263 1.038126 0.229983 1.086306
1.117188 0.743164 -1.141357 0.804821 0.250869 0.982351
1.087891 0.732056 -1.150635 0.581484 0.246834 0.891925
1.075195 0.728760 -1.165894 0.364555 0.255141 0.826894
1.065308 0.715332 -1.160645 0.154983 0.275552 0.777052
1.043091 0.699585 -1.158569 -0.036313 0.298811 0.726736
1.019897 0.689453 -1.165771 -0.207198 0.318985 0.675470
0.988281 0.677979 -1.167236 -0.363368 0.337735 0.621357
0.956055 0.656128 -1.156250 -0.526895 0.357672 0.568905
0.915039 0.626831 -1.135010 -0.707986 0.353162 0.521199
0.873535 0.583008 -1.091553 -0.901893 0.321359 0.484649
0.833496 0.542236 -1.028198 -1.087256 0.254903 0.467323
0.812256 0.504639 -0.947266 -1.247460 0.182515 0.466374
0.792603 0.475586 -0.874878 -1.364944 0.104667 0.471832
0.792725 0.448975 -0.813599 -1.438994 0.012816 0.483937
0.799194 0.431274 -0.765991 -1.486700 -0.082594 0.504348
0.817871 0.412842 -0.729492 -1.520164 -0.172309 0.529981
0.839600 0.395386 -0.707764 -1.550307 -0.206486 0.550155
0.864136 0.378540 -0.693726 -1.587569 -0.207673 0.560360
0.880859 0.361328 -0.667480 -1.640496 -0.247783 0.562734
0.886841 0.347656 -0.628662 -1.701018 -0.309729 0.558224
0.901123 0.335815 -0.591431 -1.753470 -0.355773 0.551816
0.911987 0.328735 -0.559814 -1.786223 -0.389238 0.548493
0.931030 0.318359 -0.528442 -1.816128 -0.417244 0.553715
0.950562 0.311157 -0.507202 -1.852204 -0.436469 0.562734
0.973389 0.302979 -0.481689 -1.897536 -0.437893 0.566531
0.987793 0.293213 -0.457153 -1.948089 -0.438605 0.562259
0.992676 0.281616 -0.427124 -1.995794 -0.435994 0.549443
0.984131 0.273560 -0.387817 -2.034481 -0.427213 0.533778
0.975586 0.266357 -0.347534 -2.063911 -0.415108 0.523573
0.966919 0.255127 -0.313965 -2.090731 -0.410599 0.519775
0.950317 0.238770 -0.270874 -2.120636 -0.409649 0.521674
0.945679 0.226807 -0.230713 -2.138911 -0.416295 0.518589
0.962280 0.208130 -0.177856 -2.119449 -0.429349 0.498177
0.971313 0.200439 -0.148926 -2.052756 -0.466374 0.446912
0.959473 0.189941 -0.147095 -1.964940 -0.505297 0.384491
0.953125 0.170288 -0.134888 -1.902520 -0.521437 0.349602
0.969849 0.156250 -0.104370 -1.884957 -0.523810 0.364792
0.996948 0.136963 -0.071411 -1.892551 -0.492481 0.414871
1.030029 0.118408 -0.023682 -1.893501 -0.430535 0.473969
1.069946 0.111816 0.032837 -1.860748 -0.350552 0.517164
1.109619 0.110229 0.095703 -1.781951 -0.283147 0.514791
1.137207 0.106812 0.155029 -1.656635 -0.259413 0.449048
1.138794 0.104980 0.203003 -1.488598 -0.289555 0.340821
1.126831 0.114380 0.232544 -1.289707 -0.325631 0.232119
1.098633 0.124268 0.245972 -1.081797 -0.320647 0.151898
1.061279 0.140015 0.243164 -0.878396 -0.256802 0.108465
1.030762 0.166016 0.219971 -0.683540 -0.169698 0.097547
1.009521 0.205200 0.180420 -0.503161 -0.101819 0.098734
0.995239 0.235229 0.136353 -0.352925 -0.069066 0.087579
0.976685 0.254883 0.104004 -0.241138 -0.054826 0.064319
0.966431 0.275269 0.073975 -0.147863 -0.061471 0.040823
0.967163 0.291382 0.037720 -0.062183 -0.080221 0.021361
0.972534 0.307983 0.001465 0.008544 -0.099208 -0.000712
0.973389 0.325317 -0.048096 0.069778 -0.105616 -0.012816
0.975220 0.348145 -0.084106 0.129588 -0.094699 -0.022547
0.978394 0.370728 -0.128662 0.181803 -0.055538 -0.034889
0.966187 0.392944 -0.183594 0.214318 -0.000949 -0.046281
0.952271 0.413330 -0.227295 0.217878 0.054114 -0.051740
0.942993 0.432373 -0.265869 0.194856 0.100395 -0.052690
0.927856 0.445557 -0.301758 0.146914 0.131487 -0.051503
0.915283 0.454224 -0.309082 0.077373 0.146676 -0.044857
0.900269 0.450684 -0.305542 -0.001661 0.152610 -0.031092
0.901367 0.444214 -0.294800 -0.078085 0.148338 -0.012816
0.907959 0.439575 -0.276611 -0.141455 0.141217 0.009968
0.916138 0.432617 -0.255737 -0.185125 0.147151 0.031566
0.928345 0.427734 -0.230347 -0.206961 0.162815 0.047468
0.939819 0.422241 -0.208984 -0.206961 0.178243 0.051978
0.943115 0.418091 -0.204468 -0.185363 0.182752 0.040348
0.948608 0.407104 -0.203247 -0.157831 0.181565 0.023971
0.950195 0.403687 -0.195190 -0.135521 0.166613 0.010680
0.949829 0.396118 -0.183472 -0.118195 0.154983 -0.000712
0.944824 0.384766 -0.179321 -0.099208 0.154271 -0.009019
0.937622 0.377197 -0.172607 -0.076186 0.150236 -0.017089
0.932251 0.374268 -0.165405 -0.049367 0.140743 -0.025870
0.926025 0.373291 -0.163818 -0.015427 0.123654 -0.032516
0.918579 0.371338 -0.165283 0.020649 0.109414 -0.037025
0.915039 0.372559 -0.170044 0.057199 0.107040 -0.036076
0.915894 0.377563 -0.181030 0.088765 0.094461 -0.037025
0.909546 0.382568 -0.187256 0.115585 0.077373 -0.042009
0.901855 0.387451 -0.206055 0.135284 0.058148 -0.049367
0.896240 0.387573 -0.217285 0.147388 0.035364 -0.053876
0.900146 0.390869 -0.224854 0.153559 0.017801 -0.055538
0.895996 0.389282 -0.236450 0.153322 0.010918 -0.052927
0.889160 0.388428 -0.237427 0.146202 0.007832 -0.046756
0.887573 0.399536 -0.243530 0.148812 0.008070 -0.034889
0.886475 0.402222 -0.264160 0.156645 0.026345 -0.019699
0.887573 0.401367 -0.267456 0.144066 0.042484 -0.005696
0.883545 0.405273 -0.275391 0.118907 0.044145 0.004747
0.881592 0.407349 -0.279175 0.093512 0.043433 0.017563
0.887207 0.403198 -0.268433 0.068829 0.025870 0.035601
0.889771 0.398926 -0.261597 0.048892 -0.006883 0.049129
0.896606 0.394653 -0.258789 0.041297 -0.037974 0.054114
0.905029 0.395264 -0.251343 0.038449 -0.050316 0.057436
0.909424 0.393677 -0.248169 0.037974 -0.045807 0.057199
0.904785 0.392822 -0.248535 0.036788 -0.024209 0.056012
0.903564 0.391479 -0.248413 0.038212 0.002136 0.062420
0.911743 0.392334 -0.244629 0.039873 0.052690 0.067405
0.916260 0.388794 -0.242065 0.041060 0.086392 0.074762
0.916382 0.385254 -0.237671 0.037025 0.096597 0.074525
0.915649 0.386108 -0.235107 0.037262 0.104904 0.069541
0.919067 0.381592 -0.231934 0.045569 0.095648 0.064794
0.924194 0.370117 -0.241455 0.046044 0.098259 0.054588
0.916992 0.375610 -0.226318 0.037025 0.175869 0.029430
0.908569 0.409546 -0.197266 0.061471 0.177531 0.018038
0.919922 0.374512 -0.232788 0.095885 0.063607 0.043196
0.916992 0.391724 -0.229736 0.101107 0.047468 0.051503
0.916138 0.394775 -0.239380 0.108227 0.079034 0.053402
0.922363 0.394653 -0.242676 0.107752 0.077136 0.061234
0.926636 0.396118 -0.247437 0.102768 0.069541 0.058386
