0.985840 0.979614 0.052734 -0.304982 0.673334 -0.542085
0.978760 0.931519 0.104126 -0.365504 0.778713 -0.581958
0.948730 0.881226 0.145142 -0.405615 0.780850 -0.557512
0.840210 0.725586 0.175293 -0.425551 0.894536 -0.573414
0.851563 0.852539 0.192871 -0.390187 1.091053 -0.559886
0.807007 0.866211 0.205566 -0.290030 1.059962 -0.485836
0.745605 0.787354 0.214111 -0.162815 0.840659 -0.381168
0.723389 0.710815 0.224976 -0.056962 0.502924 -0.294302
0.719360 0.669434 0.212402 0.010918 0.215268 -0.271280
0.709351 0.656250 0.228638 0.047231 0.066455 -0.317087
0.702393 0.630981 0.258301 0.051740 0.009494 -0.405852
0.685547 0.617432 0.280884 0.015664 -0.012579 -0.499839
0.670044 0.606689 0.291016 -0.041060 -0.033940 -0.566057
0.636963 0.584473 0.315552 -0.092088 -0.016139 -0.591452
0.612671 0.561035 0.321289 -0.128401 0.069541 -0.578636
0.591797 0.563232 0.326416 -0.146914 0.154034 -0.530456
0.584961 0.567017 0.329102 -0.151660 0.195568 -0.450947
0.582886 0.560059 0.329712 -0.157119 0.212420 -0.353637
0.581787 0.541626 0.322266 -0.169224 0.249682 -0.250631
0.572021 0.535889 0.321777 -0.180141 0.321121 -0.151186
0.568726 0.555176 0.336548 -0.178243 0.409175 -0.065031
0.573853 0.576294 0.353638 -0.164952 0.478003 0.004272
0.593750 0.578125 0.365479 -0.148812 0.485598 0.050079
0.602417 0.563477 0.383667 -0.139081 0.440504 0.069066
0.605835 0.551147 0.395264 -0.135521 0.414871 0.060284
0.609253 0.543335 0.397095 -0.134809 0.440504 0.030617
0.596436 0.539917 0.407349 -0.128638 0.493905 -0.004747
0.583862 0.539307 0.416382 -0.115585 0.541136 -0.032753
0.557983 0.527832 0.418457 -0.097072 0.581958 -0.049129
0.531128 0.509399 0.426514 -0.075712 0.614237 -0.052690
0.514526 0.492676 0.427856 -0.052690 0.637733 -0.041297
0.488770 0.467651 0.416748 -0.029193 0.650312 -0.015664
0.465576 0.439819 0.409668 -0.007832 0.630138 0.021598
0.441650 0.410522 0.407349 0.006408 0.563920 0.068354
0.407227 0.372314 0.423096 0.009019 0.479427 0.122942
0.383911 0.332886 0.438599 0.002136 0.432197 0.183939
0.344971 0.292603 0.461792 -0.002136 0.408700 0.249682
0.310181 0.239258 0.481934 0.006646 0.449997 0.317324
0.270874 0.184204 0.488403 0.044145 0.541848 0.385915
0.233032 0.123169 0.489990 0.123654 0.557987 0.462102
0.184570 0.066162 0.483154 0.248733 0.373336 0.550629
0.177612 0.009399 0.485718 0.414633 0.074525 0.662417
0.190552 -0.067993 0.511963 0.602607 -0.306644 0.821909
0.206909 -0.151611 0.525513 0.778713 -0.559886 1.049281
0.036377 -0.141602 0.586792 0.920880 -0.687337 1.365893
0.172485 -0.153198 0.592285 1.026971 -0.981165 1.820637
0.426270 -0.182739 0.527588 1.147540 -0.978079 2.413751
0.564453 -0.178345 0.540527 1.315577 -0.984962 3.014696
0.716431 -0.203857 0.539185 1.556478 -1.032193 3.620626
0.853149 -0.220459 0.515869 1.884245 -1.070167 4.169119
0.924194 -0.196655 0.477417 2.303862 -0.986861 4.642851
1.022949 -0.105103 0.423950 2.813195 -0.881482 5.023544
1.162109 -0.012695 0.284668 3.372131 -0.784647 5.304080
1.285522 -0.027710 0.109009 3.925371 -0.725075 5.485171
1.363770 0.008545 -0.076904 4.382251 -0.816688 5.547829
1.417603 0.188477 -0.186279 4.648784 -0.911624 5.436042
1.611938 0.245239 -0.395386 4.614607 -0.287656 5.116344
1.784302 0.270874 -0.613281 4.217299 0.418906 4.636205
1.864380 0.291748 -0.804199 3.508839 0.680929 4.053772
1.857178 0.312744 -0.921143 2.648955 0.588841 3.365248
1.809814 0.383179 -0.898193 1.813042 0.455219 2.642072
1.787964 0.476440 -0.799927 1.128790 0.373099 2.003152
1.773560 0.479736 -0.672363 0.640819 0.231644 1.513044
1.757202 0.421631 -0.522217 0.304982 0.014003 1.156559
1.730835 0.349609 -0.395142 0.048180 -0.127689 0.892637
1.701294 0.311035 -0.280151 -0.170885 -0.111313 0.691847
1.675659 0.289063 -0.205200 -0.368352 0.096123 0.538762
1.634033 0.266113 -0.143921 -0.539712 0.285046 0.424127
1.599609 0.207520 -0.121826 -0.685439 0.430061 0.326106
1.560181 0.163086 -0.115356 -0.788682 0.503399 0.207198
1.525757 0.154663 -0.125000 -0.845643 0.482987 0.052452
1.479980 0.143921 -0.158569 -0.864156 0.424602 -0.128876
1.398682 0.105835 -0.181641 -0.862495 0.392323 -0.321833
1.300537 0.062134 -0.196655 -0.860833 0.352925 -0.511943
1.212524 0.054077 -0.209229 -0.871988 0.244935 -0.674521
1.153687 0.073730 -0.202637 -0.903317 0.109651 -0.785359
1.117065 0.065918 -0.197876 -0.961228 0.004509 -0.853238
1.092651 0.049316 -0.185425 -1.044535 -0.041297 -0.907589
1.110840 0.044434 -0.188843 -1.156559 -0.050553 -0.972620
1.148193 0.056274 -0.200073 -1.299438 -0.041772 -1.057351
1.155762 0.046631 -0.237305 -1.472934 0.010680 -1.171986
1.121826 -0.005981 -0.315186 -1.669689 0.089240 -1.315103
1.031982 -0.073486 -0.385620 -1.875700 0.063370 -1.456320
0.909424 -0.120850 -0.429565 -2.080762 -0.089240 -1.545085
0.807007 -0.132446 -0.424316 -2.278467 -0.246834 -1.537490
0.743652 -0.116333 -0.385986 -2.471662 -0.331564 -1.417396
0.730103 -0.090942 -0.326050 -2.657024 -0.403241 -1.203553
0.747070 -0.076050 -0.266846 -2.825299 -0.451421 -0.948174
0.797241 -0.074463 -0.226563 -2.961532 -0.444538 -0.707511
0.821655 -0.091553 -0.207886 -3.050772 -0.380931 -0.526658
0.796875 -0.131592 -0.210693 -3.103699 -0.306881 -0.417007
0.749146 -0.154663 -0.220459 -3.148793 -0.337023 -0.343431
0.713135 -0.206787 -0.217041 -3.216673 -0.524047 -0.240663
0.696533 -0.299805 -0.187866 -3.329884 -0.788444 -0.087341
0.693481 -0.367310 -0.131592 -3.476323 -0.961228 0.095173
0.716064 -0.388306 -0.029907 -3.627272 -1.032668 0.282198
0.777832 -0.390625 0.095459 -3.754961 -1.078474 0.460915
0.861084 -0.376709 0.252808 -3.832334 -1.107667 0.613999
0.982056 -0.345581 0.430908 -3.841352 -1.063997 0.710597
1.096680 -0.343750 0.626831 -3.781068 -0.941054 0.729347
1.150513 -0.393188 0.791382 -3.647445 -0.744062 0.672860
1.171143 -0.408936 0.886963 -3.411292 -0.518114 0.573177
1.180908 -0.364868 0.928589 -3.037006 -0.308780 0.482987
1.187378 -0.303223 0.938599 -2.517468 -0.103006 0.442402
1.202393 -0.259155 0.922607 -1.899434 0.053639 0.449997
1.212402 -0.214966 0.898804 -1.258378 0.095411 0.469696
1.235352 -0.150879 0.872070 -0.661230 0.002136 0.436231
1.274780 -0.097046 0.846313 -0.158306 -0.176106 0.309017
1.301270 -0.050903 0.803345 0.215505 -0.351501 0.097784
1.288452 -0.019531 0.735718 0.443826 -0.445013 -0.149999
1.250488 0.001709 0.658203 0.542797 -0.463051 -0.377846
1.198120 -0.001465 0.580200 0.554427 -0.423652 -0.553478
1.121826 -0.026611 0.503418 0.525471 -0.365504 -0.662891
1.058228 -0.027710 0.438110 0.496516 -0.364317 -0.697306
1.058228 0.014893 0.401123 0.496041 -0.382593 -0.665739
1.066528 0.027710 0.369507 0.529743 -0.274128 -0.596673
1.057495 0.041870 0.332642 0.581009 -0.031092 -0.533778
1.046997 0.070190 0.311157 0.624680 0.263448 -0.493193
1.042480 0.105835 0.273804 0.649126 0.556088 -0.473494
1.001587 0.141724 0.281982 0.650075 0.703714 -0.450947
0.956787 0.119019 0.265869 0.635597 0.535677 -0.417244
0.948486 0.073730 0.173096 0.628714 0.297150 -0.366453
0.921753 0.036255 0.106567 0.643192 0.093037 -0.309729
0.897339 0.034302 0.046631 0.695170 -0.017326 -0.245410
0.900879 0.072510 0.012939 0.761150 -0.042721 -0.180379
0.904175 0.099487 0.012695 0.815501 -0.012816 -0.122468
0.932739 0.107788 0.014648 0.829742 0.033702 -0.076186
0.948364 0.103027 0.003174 0.784410 0.083306 -0.058623
0.950562 0.096558 -0.012207 0.686388 0.143354 -0.077373
0.964722 0.091187 -0.037354 0.553715 0.237578 -0.119382
0.962280 0.095337 -0.054810 0.405852 0.328479 -0.169224
0.949707 0.103882 -0.051514 0.265109 0.455219 -0.206723
0.957886 0.110718 -0.038696 0.137183 0.623493 -0.223337
0.949707 0.101318 -0.010010 0.022785 0.754030 -0.219540
0.914307 0.067627 0.023071 -0.066455 0.831166 -0.197942
0.881226 0.016602 0.061157 -0.105379 0.726736 -0.151898
0.878296 0.023193 0.034302 -0.064319 0.426026 -0.076186
0.921387 0.066650 0.035156 0.078797 0.247309 0.035364
0.950439 0.109009 0.061646 0.259650 0.237340 0.169698
0.963379 0.121338 0.081909 0.397782 0.310441 0.292878
0.971191 0.115234 0.082642 0.451659 0.349365 0.366928
0.989746 0.114136 0.070801 0.415583 0.315663 0.373811
1.014160 0.121216 0.058228 0.321833 0.257277 0.328716
1.028931 0.130249 0.047119 0.205299 0.227847 0.257277
1.028564 0.150024 0.061890 0.085680 0.270093 0.184651
1.009399 0.149658 0.087280 -0.024209 0.301422 0.136471
0.996094 0.120361 0.111572 -0.115110 0.262973 0.114873
1.011963 0.085327 0.135864 -0.170173 0.211470 0.096360
1.015259 0.064453 0.169189 -0.182515 0.231169 0.065981
1.005371 0.067017 0.195923 -0.156645 0.284334 0.029668
