1.040894 0.697388 0.178223 -0.065981 -0.120332 -0.248258
1.065918 0.743042 0.192383 -0.169224 0.034177 -0.103480
1.141357 0.719849 0.218872 -0.265346 0.199603 0.096835
1.267700 0.866211 0.240967 -0.319935 0.451896 0.210046
1.386108 1.015625 0.214233 -0.325394 0.659094 0.294777
1.499146 1.015381 0.204956 -0.251343 0.696831 0.323020
1.537109 0.963989 0.199951 -0.128638 0.736467 0.203163
1.543213 0.913452 0.202393 -0.002136 0.835912 -0.063845
1.521973 0.891724 0.223145 0.116297 0.943428 -0.447861
1.485229 0.888428 0.238037 0.237103 1.000864 -0.872463
1.435913 0.872803 0.243652 0.375472 0.951260 -1.261701
1.366333 0.843140 0.246582 0.537576 0.763761 -1.588281
1.279785 0.811768 0.223389 0.702527 0.508146 -1.835590
1.176392 0.789307 0.188843 0.835675 0.204113 -2.006712
1.086914 0.771606 0.169800 0.903554 -0.165189 -2.118974
1.018188 0.727173 0.170166 0.876972 -0.538525 -2.196347
0.965088 0.652954 0.180542 0.745486 -0.857985 -2.266600
0.919922 0.549438 0.208618 0.521199 -1.107192 -2.348482
0.869507 0.487427 0.244507 0.233305 -1.201416 -2.437010
0.819458 0.428833 0.275757 -0.081882 -1.102208 -2.528149
0.747925 0.374146 0.317627 -0.381881 -0.830216 -2.616439
0.671997 0.322266 0.352051 -0.636547 -0.513367 -2.682657
0.587891 0.279053 0.381836 -0.837811 -0.273179 -2.723243
0.514648 0.224854 0.412231 -0.984962 -0.109651 -2.744603
0.451904 0.161377 0.433228 -1.077525 0.042009 -2.746739
0.395630 0.108643 0.445679 -1.120484 0.198654 -2.731075
0.328247 0.067139 0.461670 -1.124518 0.305694 -2.695474
0.258667 0.044312 0.472534 -1.099835 0.391374 -2.637088
0.166748 0.019531 0.502441 -1.045959 0.411311 -2.561376
-0.067993 0.072021 0.559692 -0.953159 0.106091 -2.426092
-0.078125 0.041138 0.542969 -0.834726 -0.396596 -2.254258
-0.032471 -0.004272 0.526855 -0.640344 -0.655059 -1.972060
-0.055420 -0.039917 0.524536 -0.428162 -0.801973 -1.725939
-0.091309 -0.077759 0.528442 -0.216692 -0.881719 -1.452285
-0.078979 -0.090942 0.523438 -0.038212 -0.917558 -1.158933
-0.069336 -0.097290 0.532715 0.083306 -0.878634 -0.861545
-0.071655 -0.111328 0.551025 0.144066 -0.837574 -0.534490
-0.055908 -0.117310 0.563721 0.152372 -0.800549 -0.184413
-0.031250 -0.117676 0.589478 0.129825 -0.742638 0.192246
0.002197 -0.122314 0.623901 0.103243 -0.622306 0.600471
0.049805 -0.126343 0.653076 0.097784 -0.417482 1.037652
0.085449 -0.130493 0.685425 0.136233 -0.171360 1.494769
0.126099 -0.142700 0.709351 0.232831 0.069303 1.961617
0.186157 -0.156982 0.703125 0.394697 0.264634 2.425618
0.249268 -0.169189 0.676270 0.624205 0.395409 2.874665
0.330078 -0.186646 0.632446 0.909488 0.501500 3.292859
0.425537 -0.207764 0.591187 1.216844 0.576974 3.678774
0.523560 -0.210938 0.547729 1.511383 0.615898 4.036209
0.616455 -0.203125 0.509277 1.784324 0.607828 4.358992
0.688232 -0.200806 0.464111 2.040889 0.562971 4.637629
0.789185 -0.177979 0.421021 2.297454 0.484886 4.862628
0.921753 -0.132324 0.365112 2.575142 0.353400 5.041582
1.151733 -0.037231 0.244995 2.880836 0.109177 5.178053
1.414795 0.089600 0.073486 3.199110 -0.264160 5.267767
1.656006 0.215332 -0.165527 3.489140 -0.704901 5.272989
1.789063 0.335205 -0.368408 3.688980 -1.207825 5.165474
1.589722 0.491821 -0.372070 3.703695 -1.037652 4.863814
1.516602 0.351196 -0.499390 3.383760 0.686625 4.325764
1.502686 0.257446 -0.489624 2.727277 1.798802 3.637952
1.501343 0.295410 -0.476807 1.851254 1.692474 3.016358
1.540649 0.399048 -0.465454 1.066370 1.007509 2.566835
1.610840 0.437500 -0.453125 0.613287 0.507434 2.360349
1.679932 0.438721 -0.402954 0.504348 0.283147 2.348007
1.704712 0.406860 -0.308594 0.619933 0.249445 2.396899
1.692505 0.368042 -0.197388 0.815501 0.375947 2.391678
1.679077 0.357910 -0.118164 0.987098 0.552054 2.282739
1.646729 0.323730 -0.060303 1.098411 0.583620 2.085272
1.606445 0.269165 -0.034302 1.138521 0.430773 1.841286
1.587158 0.229492 -0.050415 1.138521 0.282435 1.589468
1.590942 0.201904 -0.096191 1.111702 0.217404 1.360672
1.672974 0.213989 -0.158325 1.068031 0.117721 1.165815
1.737183 0.285645 -0.219360 1.009646 -0.058386 0.983538
1.742676 0.346313 -0.263550 0.926576 -0.051028 0.743587
1.698730 0.341797 -0.259277 0.789156 0.133385 0.402529
1.618652 0.277954 -0.235229 0.580060 0.235916 -0.025633
1.512695 0.232300 -0.231689 0.329428 0.181091 -0.452608
1.410522 0.230469 -0.249878 0.113686 0.064082 -0.811229
1.312500 0.235229 -0.249634 -0.009494 -0.091851 -1.050705
1.220459 0.239380 -0.241333 -0.057436 -0.236866 -1.162255
1.176147 0.252686 -0.247803 -0.071202 -0.234492 -1.184328
1.141724 0.239014 -0.259277 -0.102294 0.019937 -1.163205
1.091797 0.189697 -0.241699 -0.188923 0.309254 -1.130689
1.052734 0.161621 -0.213379 -0.353400 0.352688 -1.106718
1.012939 0.142578 -0.225342 -0.569379 0.210758 -1.097461
0.989624 0.132324 -0.225342 -0.790581 0.070965 -1.104107
0.983276 0.123291 -0.215820 -0.987098 0.012342 -1.101971
0.998047 0.111206 -0.205688 -1.149676 -0.030142 -1.071829
0.975952 0.070801 -0.198730 -1.284960 -0.075237 -1.016766
0.942993 0.016968 -0.212891 -1.395798 -0.135284 -0.961228
0.923462 0.006836 -0.222168 -1.489785 -0.227372 -0.914472
0.896973 0.030884 -0.211914 -1.576889 -0.266058 -0.858460
0.867310 0.051758 -0.216553 -1.671113 -0.173258 -0.780612
0.817627 0.064697 -0.234863 -1.769372 -0.034414 -0.688049
0.772461 0.064087 -0.254395 -1.858137 0.099683 -0.601420
0.755127 0.053955 -0.241699 -1.931950 0.137895 -0.525709
0.753174 0.036011 -0.214966 -2.002915 0.035601 -0.448336
0.770752 0.010986 -0.180420 -2.074829 -0.126977 -0.362893
0.802490 -0.015015 -0.143066 -2.143420 -0.275077 -0.278637
0.833008 -0.037354 -0.118042 -2.201806 -0.382830 -0.219777
0.862793 -0.067993 -0.099731 -2.251173 -0.499839 -0.197467
0.876953 -0.088257 -0.064087 -2.305998 -0.621832 -0.186787
0.876953 -0.095459 -0.035278 -2.378150 -0.671910 -0.160679
0.873657 -0.099121 0.000000 -2.467864 -0.656958 -0.101582
0.876343 -0.106323 0.035767 -2.568022 -0.615423 -0.016376
0.887573 -0.122070 0.075195 -2.664619 -0.614237 0.072389
0.894897 -0.156738 0.116943 -2.747926 -0.686388 0.152610
0.904053 -0.175415 0.178467 -2.817941 -0.779426 0.230220
0.918457 -0.164551 0.263184 -2.871105 -0.794141 0.315188
0.946167 -0.147339 0.368286 -2.901485 -0.680217 0.394222
1.007446 -0.154541 0.485840 -2.898400 -0.462339 0.445962
1.062134 -0.172729 0.568115 -2.847846 -0.262024 0.463763
1.108887 -0.179810 0.664429 -2.727277 -0.147151 0.439317
1.148315 -0.193359 0.725342 -2.527674 0.086392 0.363368
1.157227 -0.209961 0.764893 -2.261378 0.286470 0.259650
1.111938 -0.163574 0.791748 -1.949513 0.319460 0.157357
1.071533 -0.096680 0.814819 -1.604658 0.370014 0.055063
1.049683 -0.051270 0.825806 -1.254581 0.326580 -0.032041
1.027954 -0.020386 0.816040 -0.920406 0.067642 -0.090189
1.038940 0.009521 0.782471 -0.613287 -0.227847 -0.126740
1.055420 0.029541 0.741089 -0.339397 -0.493430 -0.146202
1.063599 0.037354 0.683716 -0.104904 -0.675708 -0.154271
1.069214 0.053101 0.636353 0.082832 -0.763286 -0.158306
1.073120 0.067017 0.595215 0.214318 -0.759964 -0.161391
1.067627 0.087158 0.549316 0.291691 -0.731483 -0.156645
1.067993 0.104370 0.490845 0.324207 -0.698255 -0.136708
1.058228 0.121704 0.449829 0.329428 -0.626816 -0.093275
1.051392 0.138428 0.410889 0.320647 -0.451421 -0.030617
1.055908 0.152466 0.370972 0.308305 -0.213132 0.042721
1.039917 0.149170 0.347656 0.294302 0.025633 0.106803
1.037476 0.151978 0.328369 0.282672 0.197467 0.145015
1.043701 0.149780 0.305298 0.276739 0.295726 0.148812
1.052612 0.145874 0.276978 0.280536 0.315188 0.111313
1.054443 0.142090 0.255371 0.296201 0.291454 0.039161
1.049072 0.136841 0.228516 0.319223 0.290267 -0.059335
1.047363 0.137085 0.199097 0.344855 0.311390 -0.170648
1.032104 0.125854 0.168579 0.369301 0.308780 -0.280299
1.004883 0.112427 0.146240 0.383542 0.274840 -0.374523
0.974121 0.105347 0.127319 0.386390 0.230695 -0.438842
0.940674 0.101074 0.097778 0.384254 0.185837 -0.469934
0.921143 0.112427 0.088989 0.382118 0.104667 -0.468510
0.909790 0.118408 0.089844 0.376422 0.027057 -0.433383
0.903076 0.124146 0.090332 0.363843 -0.017563 -0.370014
0.915283 0.127686 0.099243 0.340821 -0.028718 -0.294065
0.929077 0.122314 0.097290 0.305694 -0.019699 -0.220726
0.943848 0.118530 0.105347 0.257040 0.007358 -0.163527
0.952271 0.114380 0.114380 0.194382 0.078322 -0.120332
0.957275 0.121826 0.126587 0.124129 0.211945 -0.082594
0.968384 0.119751 0.124268 0.056724 0.365029 -0.048417
0.963379 0.115601 0.127930 -0.003323 0.457592 -0.014478
0.956665 0.114990 0.129395 -0.054588 0.529743 0.026582
