1.007935 0.286255 -0.096680 -0.056487 -0.132911 -0.485124
0.968140 0.304199 -0.139648 -0.018513 -0.229271 -0.544696
0.924194 0.331787 -0.189941 -0.037737 -0.230457 -0.544459
0.905762 0.297241 -0.136475 -0.130537 -0.293115 -0.472307
0.837646 0.280029 -0.194336 -0.202689 -0.006408 -0.338922
0.824829 0.305664 -0.084351 -0.306881 0.223812 -0.215030
0.833252 0.295410 -0.040161 -0.335599 0.379744 -0.087816
0.821777 0.281616 -0.018188 -0.300235 0.429823 -0.031329
0.795654 0.274658 0.000366 -0.241375 0.420092 0.006883
0.764160 0.256226 0.026611 -0.171360 0.386627 0.035601
0.746826 0.227051 0.043213 -0.103480 0.371200 0.078797
0.726563 0.222046 0.047607 -0.070727 0.416770 0.120332
0.670654 0.204834 0.101685 -0.071439 0.424602 0.132436
0.606689 0.233032 0.099121 -0.108227 0.499364 0.127926
0.524048 0.228760 0.162720 -0.216217 0.579822 0.103480
0.413452 0.202148 0.210205 -0.353162 0.649838 0.058148
0.328369 0.158569 0.265991 -0.507908 0.639395 0.046756
0.281250 0.098877 0.375732 -0.646990 0.550155 0.077848
0.237305 0.063232 0.537964 -0.702290 0.397545 0.120806
0.205566 0.005615 0.625000 -0.662891 0.371438 0.200315
0.103149 -0.039185 0.743896 -0.497465 0.262024 0.317561
0.075806 -0.088379 0.761719 -0.178717 -0.116297 0.535202
0.099731 -0.139282 0.753662 0.190822 -0.310916 0.864156
0.183105 -0.197021 0.713013 0.591689 -0.245173 1.276653
0.350830 -0.234009 0.624512 0.999677 -0.149287 1.704341
0.563721 -0.193481 0.489990 1.395324 -0.107515 2.154100
0.808105 -0.233765 0.313965 1.801175 -0.241850 2.512010
1.065918 -0.137573 0.095093 2.187565 -0.434807 2.646819
1.254150 -0.027100 -0.173096 2.418972 -0.539000 2.531471
1.352905 0.030762 -0.362183 2.378862 -0.546120 2.218657
1.380493 -0.021484 -0.464966 2.172376 -0.588367 1.845795
1.381104 -0.019409 -0.525269 1.957820 -0.566769 1.593265
1.446899 -0.039917 -0.557373 1.785748 -0.487497 1.527997
1.518311 -0.002563 -0.590088 1.696271 -0.496279 1.480054
1.576538 0.038452 -0.648438 1.634562 -0.556088 1.398646
1.600586 0.040527 -0.684204 1.542475 -0.526421 1.285910
1.644653 0.059326 -0.731689 1.437807 -0.448573 1.188600
1.711060 0.022705 -0.829712 1.354976 -0.459965 1.126417
1.748901 0.072266 -0.896851 1.273331 -0.285758 1.027209
1.744019 0.081909 -0.965210 1.104819 -0.096123 0.883618
1.708374 0.074219 -0.965454 0.834726 0.077610 0.728160
1.644165 0.054199 -0.931396 0.565819 0.168274 0.573177
1.579590 0.029419 -0.889893 0.333938 0.178243 0.428874
1.517578 -0.010010 -0.822388 0.120094 0.142167 0.313764
1.468994 -0.046265 -0.757690 -0.044857 0.042009 0.229745
1.436401 -0.075806 -0.691284 -0.161391 -0.019699 0.161629
1.414551 -0.117554 -0.650635 -0.237103 -0.048892 0.128401
1.392090 -0.141602 -0.614502 -0.277451 -0.005934 0.129825
1.365356 -0.151001 -0.591187 -0.291454 0.085917 0.135759
1.335571 -0.174194 -0.586914 -0.292641 0.149762 0.137657
1.314453 -0.192871 -0.610718 -0.286232 0.165664 0.128876
1.308594 -0.200806 -0.637573 -0.303796 0.153084 0.106566
1.295288 -0.220337 -0.666504 -0.368352 0.167325 0.072863
1.278564 -0.230957 -0.657349 -0.457117 0.177293 0.041060
1.257202 -0.240723 -0.661377 -0.528557 0.149050 0.014478
1.239014 -0.247925 -0.668945 -0.584569 0.100870 -0.008782
1.215942 -0.251465 -0.685669 -0.637259 0.039636 -0.028718
1.217041 -0.262329 -0.703003 -0.697543 -0.003085 -0.032753
1.228149 -0.261963 -0.724609 -0.769695 -0.014952 -0.033940
1.236938 -0.269897 -0.746094 -0.851577 -0.004272 -0.040585
1.233276 -0.271606 -0.750610 -0.956719 0.027057 -0.048417
1.229248 -0.263184 -0.737793 -1.090341 0.092088 -0.061234
1.196655 -0.261475 -0.714966 -1.218742 0.172784 -0.089477
1.142822 -0.252441 -0.691406 -1.323647 0.196280 -0.120806
1.083130 -0.251099 -0.672974 -1.424516 0.116297 -0.147388
1.035645 -0.244507 -0.647461 -1.522775 -0.039873 -0.156645
1.022949 -0.237793 -0.595947 -1.630290 -0.239714 -0.123417
1.036987 -0.230225 -0.537231 -1.755369 -0.269856 -0.066218
1.033081 -0.232422 -0.484619 -1.901570 -0.055538 -0.001424
1.013062 -0.245850 -0.401978 -2.061300 0.134809 0.072389
1.024048 -0.241821 -0.299072 -2.167154 0.132911 0.123654
1.006470 -0.242554 -0.188843 -2.184243 0.094224 0.123892
0.976685 -0.231567 -0.125732 -2.127044 -0.033228 0.106328
0.959229 -0.220703 -0.067749 -2.076253 -0.151423 0.116771
0.963501 -0.214600 -0.003662 -2.050620 -0.239002 0.169224
0.987061 -0.210815 0.085205 -2.037804 -0.259650 0.247071
1.016846 -0.208130 0.181396 -2.033057 -0.190110 0.347941
1.048950 -0.195679 0.274902 -2.020478 -0.042721 0.456405
1.079468 -0.159546 0.351318 -1.965178 0.114398 0.524285
1.105469 -0.124268 0.390259 -1.870479 0.164714 0.517639
1.114746 -0.092896 0.408569 -1.757267 0.093275 0.433146
1.086914 -0.085693 0.398193 -1.655686 -0.026819 0.322545
1.078125 -0.086792 0.404175 -1.572617 -0.160917 0.250394
1.072632 -0.091797 0.412964 -1.509722 -0.263685 0.224287
1.069824 -0.071167 0.451172 -1.461304 -0.277213 0.230457
1.073608 -0.075806 0.469849 -1.399358 -0.232356 0.233780
1.065674 -0.074707 0.474121 -1.314865 -0.132673 0.253954
1.086182 -0.045166 0.468628 -1.191686 -0.060996 0.288131
1.119263 -0.015137 0.436523 -1.041924 -0.046281 0.309254
1.163330 0.011719 0.407104 -0.892399 -0.064794 0.289792
1.186035 0.026367 0.372437 -0.789631 -0.068591 0.248258
1.209229 0.018921 0.376587 -0.733619 0.000237 0.215030
1.229980 0.006958 0.383423 -0.655534 0.049841 0.185600
1.255737 0.000732 0.389648 -0.545408 0.057199 0.165664
1.294922 -0.001831 0.391479 -0.419855 0.057199 0.163290
1.341309 0.010010 0.380737 -0.296913 0.070965 0.164239
1.386230 0.010254 0.378540 -0.191296 0.073101 0.137657
1.442871 0.003784 0.388062 -0.095411 0.037500 0.086392
1.504272 0.003418 0.395020 0.008782 -0.012579 0.015664
1.556152 -0.010864 0.385376 0.112499 -0.006646 -0.075712
1.591919 -0.004883 0.368164 0.212182 0.041772 -0.194382
1.613770 -0.002441 0.351318 0.297625 0.089715 -0.339397
1.630127 -0.032104 0.343750 0.376422 0.096835 -0.504823
1.639526 -0.053223 0.341431 0.479427 0.094224 -0.678793
1.618042 -0.064331 0.316528 0.611151 0.099446 -0.847780
1.560913 -0.074951 0.266235 0.736467 0.136471 -1.013918
1.485718 -0.090820 0.223389 0.830928 0.174208 -1.164154
1.418701 -0.106079 0.186523 0.903080 0.200315 -1.274043
1.360840 -0.108887 0.143555 0.966212 0.205062 -1.340498
1.313354 -0.112427 0.111572 1.015816 0.218590 -1.373013
1.246826 -0.120483 0.091431 1.054503 0.262024 -1.434247
1.154297 -0.147217 0.060791 1.106955 0.301185 -1.492396
1.062256 -0.164307 0.021729 1.162018 0.285046 -1.517079
1.021362 -0.161255 -0.004150 1.199518 0.238764 -1.478867
0.985474 -0.136353 -0.023926 1.248885 0.219065 -1.435434
0.943848 -0.120483 -0.078125 1.332903 0.181091 -1.421194
0.889282 -0.116333 -0.169800 1.425466 0.191059 -1.392001
0.839233 -0.108521 -0.277710 1.471985 0.225473 -1.340023
0.808350 -0.083374 -0.358521 1.435909 0.278637 -1.259565
0.788452 -0.062378 -0.414307 1.359960 0.292166 -1.181480
0.766479 -0.031372 -0.463623 1.282824 0.248495 -1.130689
0.755371 -0.013062 -0.504395 1.198331 0.149999 -1.103632
0.704834 -0.011597 -0.542358 1.124044 0.026345 -1.073253
0.667480 0.018799 -0.573608 1.017240 -0.063845 -0.999677
0.653687 0.032471 -0.571045 0.863919 -0.122230 -0.896909
0.646729 0.051392 -0.549683 0.708461 -0.158543 -0.801973
0.652344 0.059937 -0.524658 0.587655 -0.204350 -0.705375
0.642090 0.067993 -0.502563 0.504348 -0.213844 -0.610914
0.655273 0.074951 -0.504639 0.448336 -0.206249 -0.513367
0.686401 0.096802 -0.505127 0.395646 -0.206249 -0.408225
0.720337 0.103027 -0.496826 0.325631 -0.216217 -0.339634
0.741211 0.108643 -0.472900 0.251581 -0.230932 -0.315663
0.745117 0.098999 -0.453247 0.187024 -0.248970 -0.300710
0.747559 0.114014 -0.430298 0.129825 -0.229033 -0.262024
0.776123 0.135376 -0.411865 0.089715 -0.233780 -0.194619
0.806396 0.155396 -0.389771 0.033702 -0.219065 -0.128638
0.815674 0.161743 -0.361572 -0.028006 -0.176581 -0.097072
0.828003 0.155518 -0.338135 -0.075237 -0.163765 -0.088528
0.847290 0.142090 -0.305054 -0.116771 -0.179429 -0.071439
0.863770 0.136963 -0.287598 -0.135996 -0.202451 -0.054588
0.893555 0.143188 -0.263184 -0.143354 -0.238052 -0.031329
0.933350 0.148193 -0.252197 -0.157357 -0.213844 0.005934
0.973022 0.157837 -0.246338 -0.169224 -0.102294 0.056724
1.007568 0.167847 -0.243530 -0.160205 -0.016614 0.076898
1.020264 0.172485 -0.244995 -0.130774 -0.003323 0.062895
1.033691 0.176270 -0.253662 -0.097310 -0.052452 0.037737
1.052979 0.187378 -0.247925 -0.085443 -0.075712 0.021361
1.057129 0.186035 -0.237793 -0.086867 -0.046044 0.010443
1.040283 0.192627 -0.238403 -0.056962 -0.056012 -0.013054
1.046875 0.202393 -0.254639 -0.014478 -0.117483 -0.035126
