0.517822 -0.009644 0.487061 -0.356248 0.651736 -0.047943
0.319092 0.070313 0.573730 -0.322308 0.744536 0.088291
0.208252 0.128906 0.707275 -0.228084 0.738603 0.221201
0.143433 0.148315 0.799805 -0.135996 0.505060 0.372862
0.102539 0.080078 0.863892 -0.008070 0.151898 0.543272
0.168213 0.119629 0.874146 0.189160 -0.113449 0.682828
0.255859 0.078491 0.864624 0.386865 -0.172546 1.020089
0.413452 0.017578 0.835327 0.581958 -0.024683 1.402681
0.608154 -0.027710 0.788574 0.865580 0.241850 1.720954
0.788330 -0.089722 0.673462 1.217081 0.523810 1.993658
0.974487 -0.072998 0.611206 1.606794 0.759014 2.123721
1.144165 -0.102295 0.485229 1.914624 0.769457 2.154575
1.280884 -0.116821 0.367554 2.157660 0.642717 2.047772
1.389526 -0.140625 0.223389 2.300302 0.391849 1.815653
1.520752 -0.172363 0.053467 2.354890 0.112737 1.635037
1.636353 -0.169312 -0.143677 2.301489 -0.167562 1.506161
1.727783 -0.165527 -0.311157 2.129892 -0.474681 1.381795
1.792236 -0.141235 -0.509521 1.888517 -0.836150 1.219929
1.828857 -0.115234 -0.662720 1.649040 -1.110278 0.945089
1.844238 -0.106445 -0.793579 1.390577 -1.265973 0.646515
1.822021 -0.097778 -0.890015 1.141844 -1.313204 0.394934
1.790649 -0.070923 -0.928711 0.959329 -1.173173 0.182040
1.718018 -0.078979 -1.001709 0.813603 -0.983063 0.092800
1.694092 -0.095093 -1.060303 0.709410 -0.686625 0.133148
1.718140 -0.112427 -1.092285 0.598098 -0.360045 0.205537
1.699951 -0.153076 -1.104004 0.440504 -0.093749 0.215742
1.640869 -0.172852 -1.092163 0.228796 0.071677 0.151660
1.572998 -0.219604 -1.053833 -0.003323 0.076898 0.093749
1.504883 -0.252319 -1.026245 -0.226423 -0.062183 0.040111
1.458008 -0.253906 -0.998291 -0.422703 -0.231169 -0.022310
1.378418 -0.274658 -0.968140 -0.661942 -0.323495 -0.121993
1.259521 -0.287964 -0.907349 -0.912336 -0.331802 -0.245410
1.133545 -0.276367 -0.825073 -1.115262 -0.344381 -0.275789
1.028198 -0.255737 -0.752319 -1.241764 -0.369064 -0.247546
0.960205 -0.209351 -0.684448 -1.307270 -0.394222 -0.175869
0.933105 -0.179565 -0.649292 -1.379184 -0.390425 -0.052927
0.922119 -0.161255 -0.617798 -1.476494 -0.306644 0.045569
0.917114 -0.148315 -0.593018 -1.593265 -0.203638 0.147626
0.919800 -0.124634 -0.531860 -1.753233 -0.153084 0.251581
0.952026 -0.100464 -0.433472 -1.928864 -0.172546 0.305220
0.984131 -0.101929 -0.323242 -2.105683 -0.225948 0.308068
1.012451 -0.091431 -0.215698 -2.249986 -0.225948 0.268907
1.033081 -0.066406 -0.071655 -2.331868 -0.111075 0.230220
1.029907 -0.058594 0.070801 -2.355602 0.079272 0.202214
1.009033 -0.037231 0.203247 -2.327596 0.259176 0.184651
1.015503 -0.011353 0.340332 -2.266600 0.337498 0.234255
1.045410 -0.007690 0.469971 -2.187328 0.344618 0.311390
1.066284 0.000854 0.574219 -2.076490 0.329191 0.352925
1.113281 0.028198 0.669922 -1.953073 0.351738 0.359096
1.140747 0.046509 0.756592 -1.820875 0.389475 0.349365
1.168823 0.069336 0.816650 -1.635512 0.459016 0.356485
1.212769 0.082031 0.866699 -1.422618 0.591927 0.369301
1.232910 0.103027 0.906128 -1.178157 0.707986 0.337023
1.247925 0.131958 0.946167 -0.942953 0.755691 0.279350
1.252563 0.159424 0.967285 -0.769932 0.680692 0.204825
1.270020 0.171753 0.979492 -0.651024 0.510756 0.152372
1.294434 0.186279 0.990601 -0.501737 0.330615 0.081645
1.298096 0.203003 0.983521 -0.320647 0.166850 -0.038924
1.296875 0.207886 0.966675 -0.105379 0.050079 -0.130774
1.292236 0.197144 0.937866 0.123180 -0.011630 -0.188923
1.315674 0.179565 0.915771 0.337498 -0.008544 -0.199603
1.385498 0.155762 0.878418 0.541136 0.054114 -0.170173
1.444580 0.123901 0.839478 0.756878 0.147151 -0.199128
1.473145 0.080933 0.784912 0.971908 0.228084 -0.292166
1.486084 0.007813 0.719116 1.147303 0.256328 -0.435282
1.477417 -0.039917 0.631836 1.324121 0.225473 -0.621119
1.432007 -0.074707 0.511597 1.487649 0.176106 -0.813128
1.340942 -0.101563 0.403198 1.569531 0.121518 -0.988997
1.261841 -0.144165 0.306030 1.532506 0.038449 -1.079424
1.227905 -0.180176 0.251343 1.454421 -0.056724 -1.088205
1.180176 -0.205078 0.213135 1.434247 -0.172784 -1.072541
1.146606 -0.174194 0.109741 1.474358 -0.337973 -1.036228
1.098877 -0.114990 -0.048828 1.539626 -0.620882 -0.999915
1.042114 -0.043945 -0.302368 1.579737 -0.975706 -0.989946
0.929810 -0.004761 -0.593140 1.540101 -1.275704 -1.048569
0.771362 0.036987 -0.818970 1.380846 -1.363520 -1.154186
0.629395 0.087769 -0.923340 1.124044 -1.228711 -1.177208
0.547607 0.113159 -0.953857 0.839473 -0.990896 -1.057114
0.532593 0.105103 -0.926025 0.620882 -0.727685 -0.818587
0.588867 0.091431 -0.860352 0.490582 -0.495804 -0.566531
0.636230 0.044556 -0.784424 0.390662 -0.284808 -0.397308
0.673584 0.013184 -0.690186 0.276264 -0.117958 -0.275315
0.705200 -0.018066 -0.585083 0.119382 -0.061234 -0.183227
0.749390 -0.054565 -0.491821 -0.030142 -0.103718 -0.116771
0.785645 -0.047241 -0.406860 -0.114161 -0.142642 -0.056962
0.819214 -0.032349 -0.348022 -0.153559 -0.138132 -0.008070
0.858765 -0.020264 -0.313843 -0.172309 -0.100632 0.055300
0.894043 -0.010864 -0.277344 -0.179192 -0.033702 0.100158
0.918823 -0.015625 -0.242188 -0.178005 0.065743 0.118433
0.937866 0.005615 -0.192383 -0.168986 0.169936 0.126740
0.947266 0.017578 -0.139038 -0.152610 0.241850 0.111550
0.961182 0.028198 -0.098389 -0.125078 0.274840 0.112262
0.985474 0.055786 -0.074341 -0.093987 0.264160 0.110126
1.002197 0.070801 -0.058716 -0.098496 0.240663 0.079509
1.015137 0.087158 -0.041992 -0.113923 0.217878 0.049129
1.017334 0.104980 -0.033325 -0.132673 0.181091 0.019937
1.018066 0.118652 -0.023560 -0.165426 0.108939 0.004035
1.021851 0.128052 -0.011597 -0.197942 0.014715 -0.000949
1.019775 0.131592 -0.013672 -0.198179 -0.066693 -0.019225
1.023560 0.140991 -0.011841 -0.166138 -0.110601 -0.004747
1.040405 0.147949 -0.020996 -0.106328 -0.128876 0.016376
1.063599 0.143311 -0.044189 -0.056487 -0.143828 0.030617
1.083374 0.138916 -0.067505 -0.038449 -0.125553 0.049604
1.098267 0.135864 -0.062378 -0.053639 -0.071914 0.048180
1.106567 0.139160 -0.053345 -0.055063 -0.029193 0.025633
1.105957 0.142944 -0.068359 -0.029668 -0.019462 0.000475
1.097290 0.156372 -0.083862 -0.009494 -0.008307 -0.029668
1.086548 0.167725 -0.096191 -0.007832 -0.007595 -0.047943
1.076050 0.174072 -0.092407 -0.027531 -0.029430 -0.066693
1.073120 0.169678 -0.099121 -0.042959 -0.051503 -0.070727
1.067505 0.172607 -0.099365 -0.047468 -0.053639 -0.062420
1.064453 0.169922 -0.090210 -0.070965 -0.043196 -0.066455
1.059326 0.164307 -0.067261 -0.099683 -0.049604 -0.053876
1.062012 0.157715 -0.066895 -0.098022 -0.075237 -0.050079
1.058228 0.151001 -0.073242 -0.068829 -0.085917 -0.054114
1.050903 0.150513 -0.075684 -0.046519 -0.082357 -0.051740
1.040283 0.153076 -0.078369 -0.037025 -0.081645 -0.059098
1.036499 0.156250 -0.076660 -0.016851 -0.084256 -0.049841
1.037720 0.157715 -0.075195 0.006646 -0.089952 -0.046044
1.036377 0.156616 -0.083862 0.024209 -0.115347 -0.055063
1.024292 0.150757 -0.109863 0.029193 -0.127214 -0.046519
1.021729 0.154297 -0.115234 0.021598 -0.121518 -0.040823
1.029785 0.159302 -0.109741 0.009731 -0.127689 -0.014715
1.041504 0.161743 -0.116089 -0.014715 -0.150474 0.010443
1.058838 0.161133 -0.125732 -0.042484 -0.160442 0.015902
1.070801 0.152710 -0.125854 -0.041772 -0.128164 0.019225
1.065796 0.152954 -0.129272 -0.032990 -0.073101 -0.002611
1.057983 0.146729 -0.131226 -0.034177 -0.013054 -0.009731
1.060791 0.143799 -0.123291 -0.035601 0.019225 -0.003560
1.064087 0.141968 -0.119629 -0.035126 0.005934 -0.016614
1.067871 0.134033 -0.123901 -0.036076 -0.019699 -0.024209
1.067139 0.132446 -0.127808 -0.036313 -0.013528 -0.036788
1.071411 0.129395 -0.116333 -0.034177 0.023022 -0.040348
1.073120 0.128784 -0.111816 -0.027057 0.045095 -0.035126
1.074585 0.128418 -0.112427 -0.018750 0.038686 -0.043196
1.067261 0.129028 -0.103394 -0.019937 0.009256 -0.047943
1.067627 0.129761 -0.110718 -0.020886 -0.019699 -0.056724
1.061523 0.131592 -0.112671 -0.026819 -0.029668 -0.067642
1.058472 0.133911 -0.108398 -0.043196 -0.029430 -0.062658
1.057251 0.135986 -0.093506 -0.060522 -0.034889 -0.082357
1.051514 0.145508 -0.087524 -0.061946 -0.045332 -0.093987
1.040771 0.155029 -0.072998 -0.049367 -0.046993 -0.102768
1.030640 0.166504 -0.072388 -0.035601 -0.050316 -0.118195
1.017700 0.186279 -0.071167 -0.012816 -0.048892 -0.107278
1.003906 0.208008 -0.079712 0.004509 -0.041535 -0.098971
1.002563 0.215088 -0.090210 0.006646 -0.044857 -0.076898
1.003418 0.222168 -0.088623 -0.003797 -0.050079 -0.052927
1.006592 0.221436 -0.081909 -0.010443 -0.045095 -0.046281
1.008545 0.220703 -0.075928 -0.001899 -0.048655 -0.028718
1.016113 0.214600 -0.085938 0.008307 -0.056724 -0.014478
