0.324341 0.723877 0.359741 -0.353400 -0.055300 -0.729109
0.293091 0.693115 0.469727 -0.374998 -0.219302 -0.715818
0.255981 0.732422 0.551270 -0.306644 -0.441690 -0.615898
0.173828 0.431152 0.656616 -0.202451 -0.567718 -0.407988
0.124756 0.765991 0.729736 -0.029193 -0.626104 -0.187499
0.197388 0.758911 0.649292 0.264872 -0.684015 0.219065
0.252808 0.671021 0.627563 0.449048 -0.596436 0.563683
0.281738 0.698853 0.610229 0.556800 -0.387339 0.774204
0.275757 0.721436 0.557983 0.660043 -0.104667 0.916134
0.264160 0.721069 0.499756 0.746435 0.062183 1.014155
0.233398 0.717041 0.476807 0.814315 0.159493 1.052604
0.173096 0.688599 0.449951 0.892162 0.170885 1.055452
0.143677 0.716553 0.503296 1.004661 0.196755 1.020801
0.116577 0.626953 0.504883 1.089867 -0.006646 1.029107
0.081055 0.604614 0.541504 1.243663 -0.250394 0.996829
0.063965 0.578857 0.590698 1.470798 -0.741214 0.939868
0.054810 0.500732 0.658691 1.767710 -1.352365 0.858222
0.041016 0.441040 0.727783 2.143420 -1.946190 0.844694
0.043335 0.387817 0.781250 2.561376 -2.539066 0.960754
0.086182 0.325562 0.806641 2.997370 -2.915725 1.149439
0.132324 0.247314 0.791504 3.452114 -3.019206 1.372776
0.221313 0.187378 0.731812 3.927032 -2.984792 1.617474
0.290161 0.123413 0.651733 4.382726 -2.769286 1.845795
0.369995 0.096069 0.534790 4.808040 -2.627120 2.057503
0.483154 0.071045 0.383179 5.182088 -2.626408 2.236695
0.585938 -0.008911 0.239868 5.491817 -2.590095 2.356077
0.656372 -0.025757 0.082153 5.730344 -2.445080 2.427991
0.749390 -0.016724 -0.081421 5.868950 -2.393102 2.475222
0.888916 0.013306 -0.268555 5.906213 -2.321900 2.471662
0.995239 0.042847 -0.434937 5.855897 -2.193262 2.387881
1.076904 0.113647 -0.587280 5.667686 -1.902045 2.248087
1.165894 0.152100 -0.664673 5.363891 -1.879023 2.035430
1.267700 0.117676 -0.806152 5.019510 -1.800701 1.757742
1.258057 0.061279 -0.914429 4.614132 -1.183379 1.436621
1.146973 -0.020508 -1.031616 4.202822 -0.665265 1.116449
1.065552 -0.093506 -1.160522 3.827824 -0.129825 0.850153
1.008423 -0.146973 -1.280762 3.551323 0.454507 0.715581
0.968018 -0.130737 -1.416016 3.363586 0.757828 0.640107
0.926147 -0.111938 -1.530518 3.200296 0.705138 0.539712
0.821167 -0.162476 -1.641846 2.986453 0.224761 0.470171
0.757568 -0.126221 -1.733521 2.767625 -0.321833 0.404665
0.674683 -0.131104 -1.832642 2.474747 -0.576737 0.356960
0.697510 -0.062134 -1.778809 2.067471 -0.674996 0.403241
0.712891 -0.047852 -1.769287 1.584958 -0.750707 0.467086
0.735229 -0.063232 -1.683105 1.091528 -0.448573 0.483462
0.735474 -0.107300 -1.627563 0.670249 -0.224999 0.460915
0.685547 -0.138916 -1.581055 0.360995 -0.084018 0.373099
0.635254 -0.162598 -1.584961 0.149762 -0.109651 0.284571
0.546021 -0.149414 -1.548340 -0.076898 0.013291 0.250869
0.518555 -0.157715 -1.540527 -0.311390 0.231169 0.234255
0.475830 -0.156982 -1.452515 -0.522386 0.482750 0.219065
0.446289 -0.146484 -1.417847 -0.690186 0.478003 0.219540
0.386353 -0.163940 -1.442505 -0.868903 0.366928 0.253479
0.348633 -0.141357 -1.451660 -1.032668 0.379507 0.294539
0.309326 -0.148438 -1.407227 -1.296827 0.500076 0.408700
0.263794 -0.165527 -1.395386 -1.620797 0.646990 0.586705
0.294922 -0.181274 -1.336792 -1.975146 0.887415 0.852526
0.335083 -0.185547 -1.212891 -2.312169 1.044535 1.093189
0.382446 -0.180054 -1.185059 -2.523402 1.078712 1.250309
0.373291 -0.243774 -1.204346 -2.685980 1.097699 1.374200
0.433838 -0.159912 -1.232910 -2.938035 1.253394 1.558614
0.563232 -0.143311 -1.169067 -3.288350 1.268346 1.769847
0.612793 -0.115845 -1.035522 -3.681623 1.396273 1.884719
0.696411 -0.065186 -0.972168 -3.982333 1.538440 1.822061
0.706787 -0.071655 -0.944580 -4.218249 1.458693 1.709799
0.768799 -0.119751 -0.886963 -4.447994 1.416447 1.619610
0.736572 -0.146484 -0.686279 -4.701711 1.799277 1.525861
0.745605 -0.135132 -0.650269 -4.872121 2.354890 1.449912
0.924438 -0.105957 -0.548828 -5.024731 2.160509 1.413836
0.923218 -0.145386 -0.454224 -5.096883 1.836776 1.167240
0.853882 -0.138794 -0.249634 -5.042295 1.722141 0.855374
0.717163 -0.201782 -0.206299 -4.884463 1.469848 0.657670
0.740967 -0.262207 -0.101807 -4.767692 1.413836 0.736467
0.793213 -0.450317 0.049072 -4.621727 1.962567 0.894536
0.777832 -0.273682 0.189575 -4.304166 2.088357 0.918507
0.833984 -0.108643 0.226807 -3.904248 1.928627 0.949836
0.860474 -0.079346 0.210815 -3.509076 1.777204 0.936782
0.897949 -0.150879 0.216431 -3.186056 1.437333 0.925152
0.970093 -0.124756 0.245728 -2.941121 0.929662 0.872938
1.052002 -0.085571 0.301758 -2.709714 0.507196 0.720565
1.055664 -0.056152 0.353149 -2.483054 0.262736 0.506009
1.062744 -0.036743 0.419556 -2.332106 0.274128 0.340821
1.057129 -0.056763 0.475342 -2.153626 0.303321 0.272467
1.037476 -0.069092 0.486206 -1.913437 0.409649 0.264634
1.041504 -0.036621 0.506714 -1.664230 0.624442 0.311390
1.040283 -0.030640 0.441528 -1.445402 1.017952 0.388051
1.064575 -0.063477 0.522095 -1.286147 1.206875 0.468747
1.100342 -0.018921 0.593384 -1.053316 1.164154 0.467323
1.116943 0.003052 0.581543 -0.749283 0.907115 0.386390
1.230469 0.059937 0.509399 -0.494617 0.382355 0.226660
1.255737 0.008057 0.546387 -0.332514 0.082357 0.002848
1.299805 -0.027222 0.576660 -0.203401 -0.220252 -0.168749
1.405640 -0.014160 0.562256 -0.107278 -0.407039 -0.311628
1.444946 0.001831 0.560181 -0.038212 -0.294539 -0.439080
1.451416 -0.008545 0.539185 0.028481 -0.140743 -0.564158
1.460205 -0.010742 0.525146 0.126028 -0.084493 -0.672148
1.510254 -0.002197 0.537842 0.278400 -0.136945 -0.813365
1.570801 -0.007324 0.544189 0.531642 -0.257040 -0.993981
1.625854 -0.004517 0.531250 0.828555 -0.355773 -1.181955
1.624023 -0.011108 0.451782 1.145404 -0.379507 -1.414073
1.591553 -0.024780 0.373535 1.443741 -0.394697 -1.677758
1.559448 -0.052734 0.324585 1.704815 -0.476342 -1.955209
1.446533 -0.006348 0.246216 1.973247 -0.619221 -2.233609
1.380737 -0.014771 0.188599 2.163831 -0.790343 -2.409004
1.342407 -0.007690 0.179321 2.267312 -0.883381 -2.521978
1.292358 0.005493 0.185425 2.363197 -0.969535 -2.635664
1.229492 0.023315 0.180298 2.502991 -1.163205 -2.771422
1.192017 0.048706 0.132324 2.669366 -1.406716 -2.933289
1.127197 0.109009 0.006836 2.815331 -1.591604 -3.119363
1.103760 0.167358 -0.134766 2.831470 -1.580686 -3.281229
1.036743 0.186157 -0.232300 2.701407 -1.412175 -3.428143
0.906250 0.174927 -0.341187 2.514858 -1.062810 -3.562715
0.685059 0.171143 -0.488159 2.308372 -0.579585 -3.569598
0.536133 0.177124 -0.624390 2.022851 -0.295251 -3.324900
0.482544 0.252808 -0.682739 1.626730 -0.052690 -2.897687
0.414673 0.323120 -0.687622 1.236306 0.371912 -2.436535
0.449829 0.384399 -0.697021 0.942004 0.907589 -1.996269
0.505859 0.471802 -0.634888 0.705613 1.209723 -1.718818
0.506104 0.542236 -0.630981 0.603794 1.313204 -1.659721
0.402588 0.560059 -0.664917 0.627765 1.238204 -1.732109
0.302124 0.575928 -0.703247 0.662417 1.064471 -1.776967
0.233765 0.598999 -0.729492 0.641531 0.890501 -1.712647
0.180908 0.634644 -0.754150 0.579585 0.771356 -1.579500
0.164795 0.667114 -0.752319 0.470171 0.670012 -1.406479
0.175659 0.682495 -0.720459 0.346517 0.568430 -1.254343
0.154419 0.691406 -0.701782 0.247546 0.459016 -1.172698
0.067383 0.693604 -0.717651 0.173021 0.395646 -1.109091
0.010986 0.706665 -0.737793 0.054114 0.392323 -0.952684
0.004517 0.713257 -0.700562 -0.114398 0.390662 -0.713682
0.068237 0.745117 -0.604736 -0.246122 0.372624 -0.480139
0.127563 0.776733 -0.513794 -0.276501 0.360520 -0.349602
0.150513 0.793579 -0.459839 -0.204587 0.208147 -0.320884
0.153076 0.766846 -0.459595 -0.066218 -0.041772 -0.351501
0.139282 0.709717 -0.487183 0.097784 -0.320172 -0.361469
0.174927 0.687256 -0.523804 0.225473 -0.513367 -0.292403
0.215820 0.672607 -0.547363 0.288843 -0.554427 -0.202214
0.253906 0.660156 -0.573975 0.311390 -0.521911 -0.136945
0.289429 0.662354 -0.604004 0.292166 -0.423415 -0.092325
0.326294 0.666138 -0.599121 0.201739 -0.203401 -0.053876
0.349976 0.674194 -0.560059 0.098259 -0.006171 -0.033940
0.351563 0.671631 -0.541382 0.035126 0.061234 -0.031092
0.362305 0.664795 -0.530884 0.001661 0.060996 -0.009731
0.362793 0.676025 -0.515503 -0.042247 0.112499 0.045807
0.391479 0.690186 -0.474976 -0.098259 0.193195 0.124129
0.425415 0.707764 -0.428101 -0.121044 0.212420 0.178480
0.427002 0.707275 -0.400391 -0.104667 0.154746 0.203875
0.431519 0.724365 -0.379272 -0.069066 0.124841 0.233068
0.433472 0.738647 -0.368042 -0.032278 0.091376 0.274365
0.447754 0.743774 -0.360962 0.011155 0.008307 0.316612
0.460938 0.743042 -0.359009 0.053639 -0.070965 0.358858
