0.958374 0.320068 -0.128418 -0.203638 0.215030 -0.167800
0.963501 0.307129 -0.084961 -0.197230 0.072151 -0.124366
0.919800 0.280640 -0.104370 -0.157594 0.099683 -0.070253
0.923462 0.291260 -0.078735 -0.151423 0.162341 -0.025633
0.925659 0.281372 -0.075317 -0.150474 0.288368 -0.009968
0.911987 0.269043 -0.059570 -0.159730 0.355061 0.001187
0.876465 0.229126 -0.034668 -0.161629 0.438130 0.032041
0.860229 0.225708 -0.021240 -0.147626 0.513130 0.082594
0.847412 0.227173 0.012939 -0.127689 0.524997 0.138132
0.835693 0.218994 0.045044 -0.100632 0.427450 0.179904
0.810669 0.166870 0.062622 -0.092088 0.355298 0.202451
0.752930 0.123779 0.098999 -0.109414 0.397070 0.207198
0.689209 0.107056 0.167603 -0.180141 0.647227 0.211233
0.572754 0.085571 0.278564 -0.296438 0.940580 0.218590
0.447388 0.063965 0.399292 -0.357197 0.957193 0.205299
0.351685 0.043335 0.498047 -0.307830 0.726261 0.173258
0.270020 0.009766 0.573730 -0.175869 0.363368 0.138369
0.198242 -0.031860 0.626709 0.001187 -0.012342 0.157119
0.150146 -0.067383 0.655518 0.206011 -0.282910 0.275552
0.126343 -0.103027 0.690552 0.457829 -0.580060 0.491057
0.166382 -0.123291 0.706665 0.763524 -0.606642 0.740027
0.205078 -0.130859 0.689697 1.108142 -0.555376 0.951023
0.252075 -0.162354 0.612915 1.492633 -0.588604 1.143505
0.337280 -0.202148 0.486450 1.901096 -0.668825 1.367555
0.475098 -0.270996 0.299927 2.328071 -0.780612 1.654262
0.710205 -0.277100 0.055908 2.764065 -0.935595 1.996744
0.977173 -0.211792 -0.264282 3.131468 -1.077288 2.273957
1.247925 -0.106201 -0.600098 3.319441 -1.196195 2.370555
1.408203 0.003906 -0.871460 3.194600 -0.979741 2.281790
1.535034 0.083008 -1.083984 2.839777 -0.801498 2.053468
1.576782 0.132568 -1.180054 2.331868 -0.594775 1.729024
1.599365 0.136841 -1.196167 1.809245 -0.628477 1.411225
1.631958 0.115356 -1.198730 1.375387 -0.849916 1.152762
1.681030 0.131714 -1.194092 1.059012 -1.127604 0.955769
1.713745 0.129517 -1.182251 0.824758 -1.364707 0.753555
1.719604 0.096558 -1.179932 0.627528 -1.502364 0.550867
1.685913 0.029419 -1.178223 0.471120 -1.424279 0.406089
1.651978 -0.026611 -1.212524 0.334175 -1.032193 0.360520
1.645264 -0.052856 -1.262573 0.173970 -0.465662 0.411548
1.647461 -0.027222 -1.308716 0.016851 0.103006 0.479665
1.632446 0.002808 -1.324829 -0.165426 0.497228 0.436706
1.596436 0.000244 -1.321533 -0.404191 0.645566 0.281723
1.541748 -0.011841 -1.268311 -0.695407 0.659331 0.089952
1.474854 -0.046509 -1.196411 -0.988285 0.628952 -0.091851
1.409912 -0.099365 -1.102417 -1.253869 0.668350 -0.227135
1.354614 -0.137695 -1.009766 -1.463203 0.740027 -0.305694
1.303467 -0.154175 -0.933228 -1.596825 0.731957 -0.356248
1.250610 -0.170898 -0.882690 -1.665179 0.652448 -0.384729
1.178467 -0.181885 -0.838135 -1.726888 0.619458 -0.368589
1.111694 -0.201904 -0.786133 -1.802837 0.592876 -0.322071
1.043945 -0.210693 -0.767334 -1.887330 0.540661 -0.251581
1.025024 -0.198120 -0.730591 -1.979181 0.447861 -0.146439
1.043335 -0.172852 -0.653687 -2.080050 0.331802 -0.054826
1.038330 -0.168457 -0.603882 -2.184955 0.383779 -0.018275
1.014160 -0.157227 -0.547119 -2.282739 0.516452 -0.009494
0.989868 -0.146729 -0.478760 -2.360824 0.508858 -0.003797
0.957275 -0.151245 -0.433838 -2.412564 0.388763 0.001187
0.937134 -0.154419 -0.373901 -2.469051 0.310204 0.028243
0.940063 -0.167969 -0.305054 -2.548085 0.330378 0.104667
0.952026 -0.179321 -0.217773 -2.611455 0.385441 0.213606
0.961304 -0.178223 -0.141113 -2.620949 0.447624 0.325631
0.980835 -0.173096 -0.058716 -2.595079 0.501263 0.427213
1.018799 -0.159546 0.010742 -2.550933 0.520250 0.500551
1.044922 -0.148560 0.075073 -2.496108 0.502449 0.527845
1.068115 -0.156128 0.152100 -2.439621 0.496753 0.510282
1.068115 -0.162109 0.237915 -2.371742 0.483462 0.459253
1.074097 -0.165039 0.302612 -2.261141 0.346754 0.389713
1.075806 -0.177979 0.368774 -2.147930 0.163765 0.331090
1.076172 -0.184937 0.428223 -2.030921 0.004509 0.286944
1.069946 -0.192261 0.487915 -1.906080 -0.083306 0.268195
1.060425 -0.188965 0.537842 -1.760116 -0.109414 0.281960
1.061768 -0.172852 0.562378 -1.593740 -0.126265 0.295251
1.061279 -0.146484 0.576660 -1.404817 -0.154509 0.294539
1.066284 -0.127686 0.570801 -1.206875 -0.218116 0.276976
1.069580 -0.107666 0.561401 -1.024598 -0.281011 0.250869
1.070801 -0.093262 0.540771 -0.869615 -0.297387 0.227135
1.067139 -0.104492 0.509277 -0.749283 -0.249445 0.216929
1.085327 -0.099243 0.484985 -0.656246 -0.164477 0.243274
1.114014 -0.074829 0.480957 -0.566294 -0.050316 0.281723
1.146362 -0.055786 0.472412 -0.471120 0.051266 0.286232
1.176392 -0.041260 0.458618 -0.356722 0.060047 0.238290
1.195923 -0.036865 0.433838 -0.242799 0.006646 0.155933
1.199707 -0.039551 0.416504 -0.164477 -0.053876 0.068354
1.199097 -0.057129 0.412842 -0.113449 -0.097072 0.003560
1.203003 -0.061401 0.423706 -0.060759 -0.112974 -0.016376
1.232056 -0.047974 0.440674 0.008544 -0.125316 -0.006408
1.272217 -0.038574 0.457275 0.096123 -0.113923 0.001187
1.296997 -0.030273 0.454956 0.201977 -0.104904 -0.004747
1.348633 -0.085327 0.438965 0.316849 -0.132911 -0.005221
1.381836 -0.107178 0.396240 0.401817 -0.173258 -0.035601
1.433105 -0.101074 0.393188 0.435045 -0.220726 -0.076186
1.494995 -0.098267 0.422852 0.445488 -0.275077 -0.132673
1.536743 -0.104980 0.455444 0.464950 -0.286944 -0.246359
1.566650 -0.124756 0.471924 0.519775 -0.300947 -0.389475
1.608276 -0.166992 0.462036 0.612101 -0.364080 -0.530218
1.628052 -0.194702 0.433228 0.741214 -0.440029 -0.688762
1.631958 -0.229126 0.387939 0.899520 -0.463288 -0.863444
1.559326 -0.227539 0.325073 1.069693 -0.407039 -1.073727
1.437988 -0.202637 0.220947 1.251733 -0.333226 -1.276416
1.325928 -0.171753 0.096313 1.400782 -0.341533 -1.417159
1.230591 -0.153076 0.003540 1.455133 -0.356485 -1.510434
1.115967 -0.155029 -0.047241 1.447538 -0.307593 -1.551493
1.027466 -0.142944 -0.086182 1.449912 -0.179904 -1.518503
0.936768 -0.131958 -0.140991 1.507586 0.010680 -1.418108
0.878784 -0.092285 -0.257202 1.602759 0.164952 -1.274043
0.848389 -0.032959 -0.389526 1.690100 0.301185 -1.128316
0.832764 0.030762 -0.496582 1.701967 0.411311 -1.023411
0.795898 0.081787 -0.601807 1.636224 0.409175 -0.994930
0.746704 0.127197 -0.680054 1.527997 0.311865 -1.017952
0.672852 0.144287 -0.748779 1.390339 0.204113 -1.041924
0.626465 0.167847 -0.798462 1.207350 0.089003 -1.025073
0.598389 0.174194 -0.829224 0.985437 -0.030617 -0.964551
0.610840 0.171387 -0.794312 0.740739 -0.101107 -0.853238
0.630371 0.166504 -0.740234 0.531880 -0.122705 -0.727685
0.645020 0.164307 -0.706177 0.386390 -0.138844 -0.613287
0.657104 0.159546 -0.687866 0.278163 -0.129113 -0.498889
0.687134 0.153687 -0.675781 0.186787 -0.102294 -0.393036
0.730713 0.154785 -0.669312 0.100870 -0.101107 -0.309254
0.768433 0.154419 -0.651001 0.012579 -0.090189 -0.239239
0.802368 0.164185 -0.611816 -0.062658 -0.066218 -0.189872
0.832764 0.163086 -0.570801 -0.117009 -0.045095 -0.169936
0.847534 0.165405 -0.541626 -0.142167 -0.036550 -0.164002
0.856689 0.165283 -0.537842 -0.154509 -0.052690 -0.166138
0.850586 0.163330 -0.518188 -0.196518 -0.045095 -0.164239
0.852295 0.155884 -0.480103 -0.268432 -0.025633 -0.142879
0.858032 0.145386 -0.438110 -0.331564 0.013054 -0.112737
0.857544 0.126099 -0.398926 -0.367640 0.022547 -0.073813
0.886475 0.122681 -0.356323 -0.383779 0.005459 -0.024446
0.924927 0.134888 -0.323730 -0.391611 0.004747 0.026819
0.960571 0.140991 -0.291016 -0.390187 -0.012342 0.058623
0.982910 0.143555 -0.271484 -0.374286 -0.065031 0.057911
0.994507 0.140625 -0.259277 -0.358146 -0.081408 0.051978
1.004639 0.142944 -0.251221 -0.349840 -0.051740 0.052452
1.025757 0.147827 -0.235718 -0.350789 -0.041060 0.058623
1.042725 0.156494 -0.216309 -0.350789 -0.038212 0.057911
1.035156 0.156372 -0.196289 -0.345330 -0.025870 0.027057
1.025879 0.146118 -0.201782 -0.326580 -0.042484 -0.005221
1.035889 0.157837 -0.205078 -0.316612 -0.061471 -0.001661
1.053711 0.154907 -0.186768 -0.332514 -0.050079 0.005221
1.059204 0.155884 -0.172729 -0.341770 -0.027294 -0.019225
1.050171 0.167236 -0.168701 -0.323020 0.001187 -0.038212
1.038818 0.181763 -0.164429 -0.296675 0.023734 -0.040111
1.043091 0.187744 -0.155396 -0.276501 -0.000949 -0.048417
1.044922 0.195679 -0.147949 -0.248258 -0.010680 -0.063845
1.028931 0.203857 -0.151001 -0.220014 0.019462 -0.070965
1.028076 0.206787 -0.145020 -0.195094 0.051978 -0.077610
1.031250 0.214478 -0.152344 -0.154034 0.029668 -0.077136
1.024292 0.221313 -0.160034 -0.119382 -0.015902 -0.082357
1.024536 0.225342 -0.182373 -0.108702 -0.054351 -0.083069
1.030273 0.230957 -0.177612 -0.109889 -0.070253 -0.073813
