1.099609 0.630127 -0.359253 -0.235204 0.329903 0.038212
1.053101 0.655884 -0.358765 -0.169461 0.207198 0.025870
1.000977 0.656860 -0.370728 -0.114635 0.119620 0.005934
0.959473 0.591187 -0.388672 -0.051978 -0.020649 -0.073101
0.891724 0.594360 -0.398560 -0.008544 0.046044 -0.200078
0.906494 0.626587 -0.366577 0.028956 0.237578 -0.323020
0.919189 0.637085 -0.370361 0.068117 0.174208 -0.448336
0.911255 0.632935 -0.373779 0.108227 -0.107278 -0.520013
0.927490 0.629517 -0.377075 0.168037 -0.344855 -0.566294
0.950684 0.628418 -0.393799 0.240900 -0.452608 -0.616847
0.976318 0.632080 -0.412964 0.307593 -0.554664 -0.668825
0.989136 0.630737 -0.417480 0.351501 -0.662179 -0.729821
0.976929 0.627808 -0.397827 0.348178 -0.684489 -0.805296
0.950073 0.622803 -0.363037 0.285520 -0.639869 -0.897146
0.915161 0.605103 -0.323242 0.170648 -0.585993 -1.017478
0.870850 0.552856 -0.291260 0.022310 -0.553003 -1.157746
0.823242 0.506836 -0.279541 -0.122942 -0.548493 -1.297065
0.775391 0.486450 -0.249878 -0.231881 -0.509332 -1.403393
0.701660 0.455688 -0.219604 -0.291691 -0.399918 -1.461067
0.634399 0.424805 -0.190918 -0.306644 -0.276976 -1.474595
0.564941 0.403320 -0.163208 -0.291454 -0.182989 -1.454184
0.497314 0.386353 -0.146240 -0.258226 -0.144540 -1.407428
0.423950 0.398071 -0.109741 -0.214793 -0.225711 -1.332666
0.380981 0.380737 -0.104492 -0.173970 -0.422466 -1.220878
0.365356 0.351318 -0.107056 -0.128164 -0.499839 -1.067794
0.342529 0.334229 -0.101440 -0.089715 -0.450472 -0.905216
0.309082 0.302490 -0.091187 -0.061946 -0.379032 -0.739078
0.298218 0.263184 -0.080566 -0.049841 -0.364792 -0.576737
0.289673 0.221802 -0.069336 -0.046281 -0.343431 -0.422703
0.275146 0.178467 -0.052979 -0.045569 -0.294777 -0.276739
0.272705 0.140259 -0.035278 -0.035838 -0.264634 -0.126502
0.268311 0.106812 -0.020874 -0.002848 -0.254429 0.037500
0.269531 0.079956 0.015015 0.070015 -0.232593 0.217404
0.282715 0.028076 0.063477 0.189635 -0.170410 0.404665
0.289185 -0.047485 0.096558 0.366691 -0.075000 0.598572
0.280396 -0.083008 0.103760 0.614237 -0.019462 0.799362
0.229248 -0.151489 0.109009 0.935595 0.010206 1.014155
0.161987 -0.285400 0.078613 1.327444 -0.009494 1.252919
0.086060 -0.436523 0.007568 1.797141 -0.204587 1.545560
-0.005737 -0.531860 -0.071167 2.373640 -0.585518 1.922456
-0.071411 -0.598389 -0.125366 3.069997 -0.939868 2.407342
0.026733 -0.639038 -0.209839 3.851795 -0.873650 3.008288
0.281982 -0.558594 -0.233398 4.632170 -0.198416 3.728616
0.617676 -0.463989 -0.203735 5.239761 0.640819 4.522994
0.872437 -0.449341 -0.282104 5.459776 0.942716 5.276786
1.152100 -0.317383 -0.536011 5.256375 1.076813 5.752891
1.449829 -0.024170 -0.789063 4.776711 1.164866 5.810090
1.763062 -0.057007 -1.014160 4.155828 1.080848 5.446248
2.045776 -0.042603 -1.287354 3.507652 1.149914 4.824891
2.289429 0.206909 -1.521851 2.948716 1.095800 4.121651
2.368286 0.404297 -1.640869 2.566123 0.694932 3.358365
2.323608 0.400391 -1.710449 2.306947 0.156407 2.549272
2.242676 0.331787 -1.788940 2.063911 -0.330852 1.710986
2.248901 0.328857 -1.852539 1.776729 -0.752843 0.945326
2.337524 0.367188 -1.947998 1.439944 -1.045247 0.367403
2.371704 0.428955 -2.021973 1.059962 -1.157034 -0.001661
2.349121 0.497925 -2.063599 0.649600 -0.974757 -0.255378
2.254150 0.542725 -2.068848 0.199128 -0.667401 -0.534728
2.121582 0.532959 -2.027832 -0.297387 -0.453320 -0.906640
1.978638 0.541992 -1.982910 -0.822859 -0.431010 -1.368029
1.840088 0.503418 -1.898804 -1.343109 -0.501737 -1.848643
1.736816 0.406982 -1.788574 -1.821587 -0.642243 -2.304811
1.667114 0.274780 -1.699585 -2.240730 -0.904979 -2.698084
1.621826 0.189819 -1.626099 -2.574193 -1.246511 -2.997133
1.587036 0.150635 -1.542236 -2.807498 -1.456320 -3.181546
1.572388 0.128418 -1.481445 -2.944443 -1.469136 -3.262242
1.541016 0.134644 -1.458618 -3.007101 -1.395561 -3.258207
1.469727 0.142090 -1.429077 -3.032022 -1.344533 -3.203619
1.407349 0.133423 -1.382446 -3.063826 -1.290182 -3.147370
1.346802 0.112671 -1.300659 -3.139775 -1.283536 -3.119838
1.281738 0.059814 -1.211426 -3.274584 -1.364469 -3.143335
1.241333 0.002441 -1.121216 -3.455200 -1.510671 -3.209790
1.185425 -0.034424 -1.028320 -3.642936 -1.685116 -3.289774
1.118896 -0.079468 -0.932739 -3.806701 -1.811618 -3.365723
1.049438 -0.140869 -0.836792 -3.935339 -1.857425 -3.424583
0.969482 -0.213135 -0.737427 -4.040244 -1.857900 -3.454725
0.894897 -0.289429 -0.622803 -4.138740 -1.836776 -3.448317
0.819702 -0.398682 -0.524780 -4.235812 -1.795717 -3.396577
0.749634 -0.438599 -0.396851 -4.327425 -1.731397 -3.274821
0.707886 -0.465576 -0.274658 -4.394355 -1.612727 -3.103936
0.638794 -0.511353 -0.125122 -4.405985 -1.459168 -2.912640
0.565430 -0.538940 0.028564 -4.326239 -1.206875 -2.732024
0.487305 -0.548584 0.162231 -4.129484 -0.932510 -2.581550
0.404297 -0.540894 0.254272 -3.809074 -0.758065 -2.460981
0.337524 -0.521362 0.300659 -3.375928 -0.705138 -2.364146
0.275879 -0.489380 0.323242 -2.858764 -0.723413 -2.272296
0.208008 -0.450317 0.336060 -2.289147 -0.706325 -2.172613
0.166016 -0.408447 0.306396 -1.703629 -0.615186 -2.058452
0.128052 -0.390869 0.277832 -1.144217 -0.482038 -1.926491
0.093994 -0.370239 0.251831 -0.648888 -0.332039 -1.780290
0.055908 -0.361328 0.226685 -0.254903 -0.210996 -1.632427
0.004028 -0.378662 0.203735 0.025158 -0.201739 -1.477918
-0.054321 -0.389160 0.178711 0.194144 -0.364080 -1.297065
-0.117798 -0.366089 0.163330 0.285758 -0.638920 -1.078237
-0.134399 -0.320190 0.154175 0.339634 -0.871514 -0.812178
-0.116821 -0.278076 0.153442 0.393036 -1.004424 -0.497228
-0.078979 -0.272949 0.187500 0.457355 -1.034329 -0.134572
-0.023315 -0.266235 0.234985 0.535677 -0.922304 0.264160
0.020386 -0.251587 0.286133 0.624205 -0.676657 0.669300
0.056030 -0.233521 0.289185 0.723176 -0.266770 1.058300
0.086792 -0.237671 0.290771 0.831166 0.159967 1.416209
0.107544 -0.233276 0.303467 0.940105 0.499127 1.755369
0.136841 -0.228760 0.311646 1.045247 0.752131 2.085272
0.151001 -0.208008 0.304932 1.152050 0.876260 2.408055
0.145630 -0.194458 0.284546 1.295641 0.956481 2.718258
0.148193 -0.209473 0.254883 1.499279 1.078474 3.009712
0.148193 -0.212524 0.218018 1.776017 1.188125 3.285739
0.137085 -0.230957 0.176025 2.128230 1.236780 3.553221
0.120972 -0.276245 0.122192 2.548560 1.234169 3.832096
0.180542 -0.341553 0.021606 3.029174 1.242239 4.162474
0.365601 -0.408936 -0.132080 3.558918 1.371827 4.598468
0.689087 -0.423096 -0.270874 4.115243 1.603946 5.187072
1.090454 -0.353394 -0.432373 4.637866 1.877599 5.928048
1.477783 -0.177002 -0.620605 5.066741 1.976570 6.729072
1.757690 -0.022217 -0.798340 5.342767 2.049671 7.386742
1.998169 0.124756 -0.963867 5.416817 1.955209 7.659683
2.279663 0.306519 -1.136719 5.317846 1.376336 7.389590
2.513794 0.428223 -1.345825 5.058196 0.703239 6.603756
2.696045 0.483032 -1.477661 4.549576 0.546357 5.448858
2.775757 0.475952 -1.538330 3.664534 0.957668 4.162474
2.743408 0.521240 -1.528198 2.456235 1.516367 3.010187
2.578735 0.574707 -1.466309 1.191448 2.044212 2.201568
2.331055 0.491699 -1.354492 0.113211 2.609082 1.807346
2.142822 0.334473 -1.255493 -0.665977 3.088984 1.747537
2.028320 0.255493 -1.174438 -1.096749 3.136452 1.844134
1.968262 0.273682 -1.088501 -1.171749 2.798479 1.910115
1.957275 0.306641 -1.032471 -0.955532 2.230287 1.800226
1.927002 0.353027 -0.991089 -0.567243 1.438994 1.492396
1.779907 0.401367 -0.969482 -0.140031 0.632512 1.039550
1.581299 0.423950 -0.956055 0.228321 0.166376 0.494380
1.457520 0.404541 -0.928467 0.450709 0.063370 -0.092800
1.415527 0.385376 -0.894897 0.460915 0.030617 -0.634648
1.331055 0.375732 -0.882080 0.253005 -0.129350 -1.041687
1.218506 0.343506 -0.875244 -0.117009 -0.328479 -1.292318
1.121826 0.299316 -0.863403 -0.551104 -0.533304 -1.413836
1.057861 0.250488 -0.852783 -0.963364 -0.761625 -1.439706
1.031738 0.211060 -0.823242 -1.292081 -0.964788 -1.402444
1.010986 0.174561 -0.766968 -1.513519 -1.074677 -1.328156
1.012207 0.158325 -0.694214 -1.631002 -1.043111 -1.233695
1.027954 0.140625 -0.622803 -1.666841 -0.876023 -1.122857
1.031860 0.133301 -0.561401 -1.654262 -0.650787 -0.995642
1.033447 0.130249 -0.495605 -1.618661 -0.383542 -0.862732
1.018555 0.121216 -0.458130 -1.572617 -0.070965 -0.743350
0.987793 0.112427 -0.432617 -1.516604 0.238052 -0.658857
0.959473 0.091675 -0.420898 -1.440418 0.506247 -0.627765
0.915894 0.067383 -0.424805 -1.329343 0.711071 -0.651736
0.866333 0.060547 -0.446411 -1.176970 0.830691 -0.715106
0.812256 0.062622 -0.464722 -0.985200 0.866055 -0.798413
0.765137 0.059814 -0.484985 -0.768983 0.827368 -0.881244
0.739136 0.052612 -0.512695 -0.548019 0.721989 -0.948649
