-0.014648 0.044189 -1.192505 0.603319 -0.104192 -0.214081
0.006592 0.064087 -1.212524 0.579110 -0.143354 -0.148338
-0.049072 0.000122 -1.237305 0.546832 -0.326818 -0.080221
0.000488 0.013672 -1.282104 0.495804 -0.307593 -0.041772
0.006104 0.023682 -1.323853 0.421754 -0.278163 -0.037262
0.012817 -0.010864 -1.340576 0.330852 -0.214556 -0.031804
0.026978 0.044556 -1.345703 0.217404 -0.098022 -0.047231
0.014893 0.031494 -1.366821 0.098022 -0.052690 -0.066930
0.018066 0.010010 -1.385986 0.015664 0.115822 -0.070965
-0.002197 -0.003662 -1.392822 -0.085917 0.309729 -0.077610
0.001099 -0.015259 -1.378540 -0.179904 0.480139 -0.079984
0.003784 -0.024780 -1.373047 -0.221201 0.478478 -0.059335
0.013672 -0.062256 -1.392700 -0.205299 0.362419 -0.022073
0.037964 -0.104980 -1.435181 -0.170173 0.224287 0.019699
0.072510 -0.137451 -1.519409 -0.149524 0.124366 0.030617
0.097778 -0.193604 -1.616821 -0.153084 0.002373 -0.001661
0.128174 -0.257202 -1.723999 -0.199128 -0.207673 -0.063370
0.155029 -0.260132 -1.849487 -0.296913 -0.449760 -0.133148
0.172241 -0.212769 -1.949829 -0.478003 -0.563209 -0.196280
0.173096 -0.167114 -2.047607 -0.785596 -0.552291 -0.252293
0.145142 -0.129395 -2.094849 -1.230135 -0.418668 -0.301185
0.112549 -0.115234 -2.100464 -1.768422 -0.160442 -0.355061
0.069092 -0.108521 -2.060181 -2.331394 0.143591 -0.410361
0.011475 -0.096436 -2.012451 -2.845710 0.482038 -0.448810
-0.046753 -0.081787 -1.961304 -3.285976 0.725075 -0.455693
-0.114868 -0.046997 -1.923462 -3.695151 0.810042 -0.433858
-0.161499 -0.013550 -1.874023 -4.100765 0.747385 -0.388289
-0.322021 -0.002197 -1.800415 -4.511601 0.623018 -0.312340
-0.247681 0.079712 -1.651978 -4.920301 0.479190 -0.143116
-0.212158 0.044434 -1.505371 -5.284856 0.344618 0.107040
-0.166382 0.090210 -1.348022 -5.563731 0.334175 0.350314
-0.139282 0.156250 -1.183716 -5.759299 0.297150 0.452608
-0.116333 0.179810 -1.015869 -5.902653 0.233780 0.449997
-0.101074 0.191284 -0.869995 -5.976466 0.108465 0.402054
-0.106567 0.203125 -0.721924 -5.962225 0.025395 0.353162
-0.082153 0.211060 -0.578369 -5.876308 -0.002136 0.329428
-0.060547 0.253418 -0.454224 -5.726072 -0.023734 0.326106
-0.020020 0.303345 -0.342651 -5.522908 0.005459 0.319460
0.016602 0.329468 -0.240967 -5.296723 0.088291 0.289318
0.000000 0.327148 -0.140747 -5.064130 0.146202 0.233068
0.009644 0.364868 -0.095825 -4.806141 0.173733 0.174682
-0.020020 0.400024 -0.065796 -4.502820 0.155933 0.154746
-0.029419 0.382080 -0.011963 -4.179088 0.189872 0.182752
-0.008179 0.401367 0.027832 -3.873868 0.204350 0.238290
0.037964 0.453735 0.054932 -3.585025 0.133860 0.303084
0.073242 0.482788 0.121216 -3.304014 0.105379 0.336311
0.107178 0.497925 0.181519 -3.051721 0.166850 0.319460
0.135864 0.512817 0.240112 -2.814381 0.232356 0.263922
0.167847 0.544678 0.296387 -2.555680 0.289318 0.189872
0.191040 0.557373 0.366577 -2.260904 0.344618 0.114161
0.209717 0.563599 0.410767 -1.939307 0.398494 0.054588
0.205322 0.553955 0.442017 -1.608455 0.467560 0.012342
0.169189 0.539917 0.482300 -1.277365 0.542560 -0.032041
0.114990 0.546631 0.516602 -0.942478 0.589079 -0.093275
0.047607 0.559692 0.533081 -0.583382 0.534016 -0.151898
-0.005737 0.568848 0.541626 -0.167325 0.348178 -0.192246
-0.050171 0.571533 0.520874 0.314951 0.107040 -0.219065
-0.066406 0.586426 0.489380 0.834963 -0.171122 -0.231644
-0.067383 0.594727 0.446655 1.351890 -0.397782 -0.228559
-0.066162 0.591553 0.388062 1.827283 -0.531168 -0.219302
-0.051392 0.600098 0.319946 2.243103 -0.578873 -0.214081
-0.040405 0.595825 0.252686 2.598639 -0.553715 -0.202451
-0.042725 0.574951 0.169800 2.919286 -0.490820 -0.174208
-0.029663 0.561768 0.089233 3.215961 -0.422940 -0.125078
-0.006104 0.536499 0.005981 3.494124 -0.323257 -0.049129
0.014893 0.505493 -0.066772 3.742382 -0.222863 0.033702
0.040161 0.487427 -0.136841 3.951953 -0.177531 0.086392
0.042603 0.462769 -0.201294 4.135654 -0.153797 0.094461
0.023193 0.425415 -0.267334 4.334308 -0.154271 0.052215
-0.008667 0.370117 -0.329590 4.592535 -0.203638 -0.034652
-0.030396 0.308472 -0.402466 4.917453 -0.301422 -0.125078
-0.034546 0.254395 -0.459839 5.279397 -0.393985 -0.183701
-0.024170 0.188110 -0.521851 5.627101 -0.426500 -0.209334
0.003296 0.114868 -0.655762 5.924726 -0.466374 -0.221676
0.030762 0.106445 -0.780762 6.156132 -0.504585 -0.226897
0.063721 0.095703 -0.948486 6.291654 -0.462576 -0.248733
0.087524 0.081177 -1.140747 6.304470 -0.368352 -0.326106
0.097534 0.067871 -1.324707 6.168237 -0.272941 -0.467086
0.118164 0.040894 -1.579834 5.867289 -0.209571 -0.626104
0.089722 -0.010864 -1.805176 5.429634 -0.272467 -0.763286
0.045776 -0.046631 -2.043335 4.873545 -0.385203 -0.869615
-0.017578 -0.010254 -2.275391 4.220385 -0.585756 -0.919694
-0.103516 0.000000 -2.397095 3.462557 -0.727448 -0.868665
-0.175293 -0.069824 -2.517334 2.577041 -0.686388 -0.687337
-0.207886 -0.069336 -2.544678 1.660670 -0.559886 -0.367877
-0.200439 -0.033447 -2.435059 0.810754 -0.342482 0.034889
-0.166016 -0.005005 -2.284668 0.071914 -0.068117 0.410599
-0.121094 0.027100 -2.085815 -0.515503 0.172072 0.661942
-0.078735 0.053711 -1.868286 -0.922542 0.324919 0.781799
-0.027954 0.075562 -1.674316 -1.152287 0.403953 0.802922
0.005249 0.103882 -1.489624 -1.215657 0.387814 0.750233
0.016113 0.137451 -1.352295 -1.131876 0.326343 0.644616
0.020264 0.147949 -1.236938 -0.939868 0.258938 0.515978
0.015137 0.166748 -1.169434 -0.684015 0.201265 0.389950
0.001831 0.178101 -1.127686 -0.402529 0.158781 0.283622
-0.015747 0.170654 -1.115112 -0.125553 0.131487 0.199603
-0.027100 0.167358 -1.120239 0.119382 0.089952 0.139319
-0.029785 0.153320 -1.134277 0.314476 0.040348 0.098259
-0.028076 0.136597 -1.154907 0.461864 -0.021598 0.074050
-0.015747 0.138550 -1.176636 0.566057 -0.086629 0.072151
-0.002441 0.129272 -1.203735 0.631088 -0.134097 0.088291
0.023193 0.140625 -1.231567 0.648888 -0.152847 0.112737
0.043335 0.154297 -1.244385 0.612338 -0.152847 0.138844
0.065552 0.161011 -1.265259 0.530930 -0.128401 0.151186
0.080322 0.172974 -1.269409 0.422940 -0.098022 0.139319
0.073853 0.180054 -1.257935 0.303084 -0.084256 0.108465
0.059937 0.167725 -1.243164 0.179904 -0.074050 0.074050
0.046509 0.161133 -1.213013 0.067405 -0.062183 0.054351
0.035645 0.160278 -1.185669 -0.013528 -0.057436 0.053639
0.032593 0.155029 -1.152832 -0.059572 -0.047943 0.068591
0.038208 0.155273 -1.130981 -0.081408 -0.035601 0.087579
0.044312 0.157104 -1.129761 -0.089952 -0.027057 0.093987
0.056519 0.154785 -1.114868 -0.089715 -0.013054 0.079034
0.050659 0.144653 -1.120605 -0.084968 0.000237 0.043196
0.046387 0.142944 -1.122925 -0.067642 0.011867 0.004035
0.032837 0.132446 -1.125732 -0.042484 0.020174 -0.020411
0.031250 0.125854 -1.128784 -0.023734 0.044383 -0.026582
0.023560 0.126587 -1.143311 -0.006408 0.051028 -0.027769
0.020142 0.129395 -1.154053 0.014952 0.040585 -0.030142
0.013550 0.128418 -1.164673 0.029905 0.019937 -0.029905
0.016724 0.126099 -1.175171 0.023971 0.013291 -0.019462
0.020996 0.125488 -1.186035 -0.002373 0.011630 -0.003085
0.020264 0.123779 -1.194946 -0.034414 0.019699 0.012342
0.026001 0.117554 -1.198730 -0.065981 0.012104 0.020174
0.030762 0.117310 -1.195190 -0.101344 0.009019 0.023497
0.031860 0.114746 -1.190796 -0.139556 0.013766 0.022310
0.030762 0.106445 -1.177368 -0.165901 0.040585 0.020174
0.029419 0.107788 -1.157837 -0.179904 0.082832 0.028481
0.030762 0.106323 -1.147461 -0.179192 0.100395 0.038686
0.029663 0.109497 -1.141235 -0.164239 0.091613 0.029905
0.026245 0.119629 -1.134399 -0.138607 0.058386 0.008544
0.017456 0.119385 -1.133667 -0.112025 0.021361 -0.009256
0.015381 0.123657 -1.128906 -0.091376 -0.000237 -0.016851
0.016479 0.124146 -1.140991 -0.071202 -0.009731 -0.016139
0.020996 0.129150 -1.156860 -0.056724 -0.027769 -0.012579
0.032471 0.130371 -1.156494 -0.049841 -0.038449 -0.015427
0.031128 0.129883 -1.161499 -0.050553 -0.038212 -0.028006
0.024414 0.129883 -1.160522 -0.050553 -0.029905 -0.047705
0.009277 0.122925 -1.164307 -0.045807 -0.011867 -0.064319
-0.003540 0.118896 -1.167969 -0.043433 0.005221 -0.066218
-0.007690 0.117554 -1.173706 -0.044145 0.012579 -0.049129
-0.003052 0.121582 -1.179932 -0.049604 -0.001424 -0.023259
0.007935 0.121826 -1.188721 -0.063370 -0.020649 -0.003085
0.009399 0.123657 -1.186035 -0.085443 -0.041297 0.008070
0.012207 0.121948 -1.182617 -0.104667 -0.069303 0.008782
0.018677 0.120117 -1.177246 -0.116534 -0.088053 0.008307
0.026978 0.116211 -1.171265 -0.124129 -0.090901 0.013528
0.038696 0.118042 -1.165771 -0.132199 -0.085917 0.015902
0.044800 0.122803 -1.162964 -0.131487 -0.066693 0.009019
0.045044 0.120728 -1.155884 -0.130774 -0.036550 -0.001661
