0.966064 0.202637 -0.158325 0.128401 -0.397308 0.168986
1.013306 0.200439 -0.105713 -0.117009 -0.012816 0.251343
1.068726 0.192505 -0.070313 -0.286470 0.207910 0.286707
1.087646 0.147583 -0.042847 -0.420804 0.305694 0.246597
1.080444 0.114624 0.047363 -0.523335 0.185125 0.199128
1.161377 0.067627 0.093750 -0.521199 -0.152372 0.194382
1.218750 0.028198 0.159424 -0.452845 -0.405852 0.142167
1.237061 0.095459 0.208008 -0.317799 -0.642480 0.002848
1.278198 0.071655 0.166870 -0.095173 -1.157271 -0.132911
1.330933 0.009766 0.120483 0.104430 -1.811856 -0.311628
1.288818 0.067017 0.084595 0.220489 -2.366283 -0.527607
1.387329 0.087280 0.067261 0.299761 -2.811770 -0.634173
1.590576 0.070435 -0.004883 0.348653 -3.040566 -0.838523
1.817139 0.063843 -0.070435 0.378320 -3.467541 -1.260989
2.063110 0.139893 -0.156006 0.381168 -4.056383 -1.881159
2.173706 0.127075 -0.413574 0.211945 -3.936526 -2.970314
2.180176 0.171021 -0.435669 -0.114161 -3.383523 -4.137316
2.081665 0.150513 -0.441895 -0.453557 -2.533845 -4.713815
1.963135 0.051270 -0.457764 -0.797226 -1.374438 -4.922675
1.787231 -0.015259 -0.384277 -1.144930 -0.093987 -5.065554
1.566162 -0.026733 -0.333130 -1.406953 1.104107 -5.240473
1.336670 -0.079590 -0.296631 -1.508298 2.047060 -5.397356
0.881714 0.013428 -0.256226 -1.529421 2.494921 -5.409697
1.020752 0.138672 -0.462891 -1.550069 2.279416 -5.090000
0.910889 0.138184 -0.500610 -1.692711 2.062250 -4.968244
0.795532 0.169434 -0.442261 -1.800226 1.639784 -5.102579
0.610474 0.162231 -0.297852 -1.834878 1.294217 -5.146012
0.357422 0.117432 -0.104126 -1.649278 0.982826 -5.108275
0.175537 0.124756 0.038818 -1.284723 0.459016 -4.905824
0.080811 0.261719 0.086182 -0.961465 0.014003 -4.555272
0.006470 0.384399 0.132202 -0.752843 -0.046519 -4.167221
-0.086548 0.420410 0.143555 -0.558462 0.134097 -3.796495
-0.193359 0.455444 0.117065 -0.389238 0.398257 -3.412479
-0.300049 0.506226 0.064209 -0.267245 0.623730 -2.982893
-0.401855 0.565918 0.038696 -0.205299 0.752369 -2.547611
-0.482788 0.555664 0.041626 -0.183227 0.782986 -2.123721
-0.502075 0.572510 0.057983 -0.152847 0.682116 -1.734245
-0.516235 0.601074 0.064941 -0.042959 0.496753 -1.447301
-0.575928 0.616943 0.039429 0.107752 0.327530 -1.233932
-0.623169 0.628906 -0.001587 0.222625 0.142167 -0.999203
-0.658447 0.638916 -0.059937 0.272467 -0.010680 -0.704189
-0.683716 0.652344 -0.090454 0.256328 0.010206 -0.338210
-0.693848 0.685181 -0.126831 0.167562 0.257277 0.100632
-0.639526 0.674316 -0.137695 -0.028718 0.550867 0.514791
-0.589355 0.679199 -0.109497 -0.243511 0.825944 0.918032
-0.533691 0.673462 -0.068481 -0.389238 0.899045 1.286859
-0.500732 0.657715 -0.046875 -0.432434 0.836862 1.569531
-0.485107 0.638794 -0.039429 -0.431247 0.756404 1.784799
-0.459839 0.622437 -0.035522 -0.437655 0.662654 2.042313
-0.459839 0.576050 -0.048584 -0.453557 0.615186 2.410191
-0.447510 0.526978 -0.059937 -0.449760 0.627528 2.891754
-0.305176 0.509277 -0.035034 -0.455693 0.577686 3.426244
-0.116089 0.496826 -0.009888 -0.479902 0.456880 3.897602
0.075684 0.472900 0.010254 -0.470171 0.104430 4.208281
0.259644 0.450928 0.015137 -0.403478 -0.304270 4.334783
0.375366 0.428101 0.003418 -0.279824 -0.683065 4.341903
0.489502 0.401978 -0.021851 -0.122942 -1.051417 4.328375
0.666260 0.397583 -0.084106 -0.032041 -1.087256 4.371571
0.767334 0.299194 0.064209 0.000237 -0.971434 4.433991
0.856567 0.278809 0.168213 0.058860 -0.305932 4.538896
0.958008 0.197632 0.170288 0.178243 0.008782 4.526554
1.055420 0.154297 0.149780 0.334650 -0.005221 4.438501
1.244019 0.184570 0.078369 0.476342 -0.363131 4.349498
1.505859 0.267944 -0.003540 0.513842 -0.635123 4.148471
1.729980 0.468506 -0.155151 0.379270 -0.285520 3.774897
1.809937 0.523438 -0.162842 -0.053164 0.807194 3.180597
1.757935 0.468506 -0.001831 -0.480851 1.504737 2.577990
1.622925 0.350830 0.096191 -0.669062 1.705765 1.979893
1.448364 0.228638 0.226563 -0.660281 1.678233 1.408140
1.350342 0.255737 0.128540 -0.511231 1.647854 1.036940
1.281616 0.221680 0.183228 -0.391137 0.980453 0.807432
1.274658 0.266968 0.160400 -0.313052 0.295014 0.695407
1.324219 0.305298 0.174438 -0.307830 0.081882 0.568905
1.346802 0.334961 0.210327 -0.311865 0.148575 0.380694
1.335083 0.309570 0.287231 -0.332514 0.107990 0.102768
1.360352 0.338867 0.336426 -0.356722 -0.211233 -0.174445
1.354614 0.223145 0.151855 -0.413447 0.746673 -0.167325
1.263672 0.279297 0.317505 -0.404903 2.218420 -0.074050
1.168823 0.250488 0.376343 -0.365267 2.730837 -0.039636
1.122070 0.322754 0.318970 -0.326343 2.324511 0.003560
1.122803 0.349731 0.245605 -0.247071 1.820163 -0.065269
1.119995 0.404541 0.216064 -0.164002 1.443978 -0.176819
1.109985 0.405029 0.236572 -0.146202 1.082272 -0.297625
1.070557 0.356567 0.303711 -0.169224 0.626578 -0.429349
1.044800 0.341309 0.322266 -0.195094 0.478715 -0.486785
1.022217 0.329712 0.356079 -0.206249 0.542797 -0.476579
0.988159 0.334839 0.366455 -0.186549 0.567481 -0.478478
0.932861 0.341919 0.363159 -0.157357 0.515266 -0.491294
0.894165 0.342407 0.344849 -0.131961 0.391611 -0.478003
0.861450 0.361938 0.317749 -0.116059 0.275315 -0.450709
0.857666 0.364746 0.303101 -0.111075 0.220252 -0.426975
0.868286 0.372803 0.325439 -0.110126 0.188448 -0.424364
0.871460 0.374390 0.341309 -0.090427 0.144778 -0.443352
0.871094 0.384155 0.344116 -0.085917 0.110601 -0.438842
0.887695 0.399414 0.328613 -0.112737 0.091613 -0.410836
0.881958 0.404053 0.300659 -0.140743 0.106803 -0.380456
0.867065 0.399170 0.291382 -0.148812 0.138132 -0.343906
0.831177 0.403931 0.269775 -0.150948 0.107990 -0.277925
0.944946 0.309570 0.392578 -0.185363 0.105142 -0.070015
1.155518 0.524536 0.529053 -0.193670 0.393273 0.181803
0.988647 0.481323 0.542603 -0.053639 -0.168749 0.056487
0.916992 0.383545 0.449951 0.102294 -0.281011 -0.124841
0.871948 0.382935 0.385254 0.178243 -0.195331 -0.199603
0.838379 0.403076 0.331177 0.211470 -0.183701 -0.187024
0.824585 0.387329 0.265137 0.207435 -0.157594 -0.177768
0.820801 0.382568 0.217407 0.172072 -0.152135 -0.181803
0.830200 0.390747 0.195435 0.148100 -0.119145 -0.169224
0.823608 0.411377 0.202148 0.095648 -0.098259 -0.140505
0.821533 0.408936 0.215942 0.010918 -0.115347 -0.140031
0.821411 0.417236 0.262085 -0.091376 -0.086155 -0.119620
0.833496 0.413452 0.315796 -0.178955 -0.107752 -0.089715
0.837891 0.409058 0.333862 -0.213132 -0.169936 -0.077373
0.857788 0.399292 0.329590 -0.216692 -0.201739 -0.071439
0.802368 0.241211 0.477539 -0.190347 -0.189635 -0.053876
0.828613 0.391479 0.337891 -0.131249 0.667876 0.118433
0.835327 0.424438 0.363281 -0.062895 0.617797 0.207435
0.894165 0.436157 0.304443 -0.019937 0.251818 0.187024
0.922119 0.443848 0.299927 -0.011155 0.145727 0.144066
0.920044 0.450806 0.267334 0.016139 0.169936 0.110126
0.903931 0.451782 0.246704 0.006408 0.109889 0.072626
0.880005 0.426025 0.256958 -0.022310 -0.056012 0.009968
0.856689 0.395264 0.259644 -0.053639 -0.096835 -0.022073
0.863281 0.399048 0.302734 -0.084493 -0.036313 -0.010680
0.875977 0.407227 0.333740 -0.097072 -0.017563 -0.003797
0.896729 0.419556 0.339233 -0.098971 0.007358 -0.001187
0.893066 0.421265 0.335693 -0.095885 0.078085 -0.001187
0.873901 0.419434 0.314697 -0.080933 0.138607 -0.003797
0.862793 0.417847 0.311035 -0.065506 0.184888 -0.005221
0.854248 0.412231 0.299438 -0.071914 0.225948 0.012342
0.854126 0.404175 0.297852 -0.101344 0.259650 0.038449
0.868774 0.402588 0.317139 -0.134809 0.289080 0.054114
0.880981 0.401733 0.327148 -0.159018 0.316612 0.053402
0.870728 0.389771 0.335815 -0.172546 0.351026 0.040348
0.865479 0.390869 0.352295 -0.182040 0.342007 0.023497
0.853882 0.387085 0.359497 -0.187973 0.308305 0.002136
0.837769 0.382690 0.372437 -0.182989 0.259176 -0.014478
0.837524 0.384766 0.383301 -0.159967 0.179904 -0.031804
0.843628 0.394165 0.390503 -0.124841 0.090664 -0.044145
0.861084 0.390747 0.394043 -0.091851 0.036313 -0.051266
0.886841 0.392212 0.401611 -0.068591 0.018987 -0.063607
0.868408 0.400146 0.381226 -0.021835 0.018513 -0.096360
0.868286 0.402710 0.365356 0.035838 0.008307 -0.106566
0.851074 0.410889 0.348267 0.058860 0.006883 -0.112025
0.837280 0.414795 0.340454 0.049604 0.027294 -0.105616
0.828979 0.408081 0.337891 0.034889 0.036076 -0.088291
0.827515 0.410400 0.342773 0.025395 0.024446 -0.072626
0.826294 0.411865 0.349121 0.011392 0.006171 -0.062658
0.819824 0.410767 0.349243 -0.000237 -0.003560 -0.054114
0.825928 0.415894 0.352295 -0.006171 -0.014240 -0.045807
0.830566 0.416016 0.354980 -0.020411 -0.021361 -0.039161
