7034.000000 264.000000 557.000000 -1174.000000 -853.000000 699.000000
8197.000000 -556.000000 -197.000000 -381.000000 -2451.000000 1586.000000
8302.000000 -300.000000 -51.000000 -170.000000 -1822.000000 1579.000000
8495.000000 -274.000000 -389.000000 45.000000 -2191.000000 1895.000000
8563.000000 -131.000000 -488.000000 388.000000 -2318.000000 2025.000000
8585.000000 -163.000000 -522.000000 572.000000 -2804.000000 2025.000000
8648.000000 -217.000000 -566.000000 661.000000 -3486.000000 2040.000000
8673.000000 -220.000000 -614.000000 856.000000 -4373.000000 2006.000000
8939.000000 -144.000000 -848.000000 1011.000000 -5283.000000 1949.000000
9400.000000 17.000000 -1008.000000 979.000000 -6254.000000 1913.000000
10013.000000 -199.000000 -1267.000000 900.000000 -7091.000000 1914.000000
11089.000000 -230.000000 -1266.000000 1039.000000 -7337.000000 1994.000000
12341.000000 -397.000000 -1319.000000 1046.000000 -7551.000000 2340.000000
13590.000000 -704.000000 -1699.000000 1202.000000 -7485.000000 2808.000000
14962.000000 -784.000000 -2444.000000 1626.000000 -6590.000000 3106.000000
16449.000000 -446.000000 -3225.000000 1900.000000 -5363.000000 3105.000000
17825.000000 -329.000000 -3885.000000 1750.000000 -4487.000000 2611.000000
18711.000000 -61.000000 -4304.000000 1316.000000 -3663.000000 1388.000000
19154.000000 114.000000 -4332.000000 467.000000 -3140.000000 -472.000000
19023.000000 156.000000 -4205.000000 -363.000000 -2352.000000 -2591.000000
18116.000000 -191.000000 -3866.000000 -1053.000000 -1429.000000 -4686.000000
16983.000000 -528.000000 -3523.000000 -1508.000000 -1139.000000 -6358.000000
16273.000000 -696.000000 -3293.000000 -1814.000000 -1314.000000 -7623.000000
15590.000000 -829.000000 -3163.000000 -1969.000000 -1349.000000 -8596.000000
15026.000000 -1010.000000 -3109.000000 -2186.000000 -1390.000000 -9427.000000
14670.000000 -1069.000000 -3179.000000 -2390.000000 -1320.000000 -10100.000000
14158.000000 -1129.000000 -3339.000000 -2559.000000 -1043.000000 -10691.000000
13596.000000 -1195.000000 -3441.000000 -2856.000000 -578.000000 -11237.000000
12825.000000 -1270.000000 -3374.000000 -3265.000000 -17.000000 -11824.000000
11963.000000 -1399.000000 -3041.000000 -3687.000000 530.000000 -12517.000000
10896.000000 -1516.000000 -2741.000000 -4038.000000 1132.000000 -13166.000000
9958.000000 -1598.000000 -2369.000000 -4347.000000 1829.000000 -13649.000000
8976.000000 -1597.000000 -1746.000000 -4541.000000 2650.000000 -13958.000000
8105.000000 -1519.000000 -1198.000000 -4592.000000 3768.000000 -14069.000000
7410.000000 -1518.000000 -753.000000 -4567.000000 5505.000000 -13718.000000
6714.000000 -1215.000000 -146.000000 -4425.000000 7641.000000 -13193.000000
5909.000000 -904.000000 303.000000 -3973.000000 9710.000000 -12782.000000
4810.000000 -474.000000 895.000000 -3206.000000 11139.000000 -12454.000000
3803.000000 -147.000000 628.000000 -2037.000000 10877.000000 -12132.000000
2707.000000 167.000000 220.000000 -845.000000 9839.000000 -11875.000000
1772.000000 620.000000 -145.000000 72.000000 7531.000000 -11761.000000
784.000000 1202.000000 -622.000000 707.000000 4630.000000 -11773.000000
-34.000000 1534.000000 -1155.000000 1151.000000 1321.000000 -11630.000000
-497.000000 1786.000000 -1340.000000 1091.000000 -1465.000000 -11074.000000
-805.000000 1934.000000 -1239.000000 551.000000 -2928.000000 -10095.000000
-789.000000 1982.000000 -1067.000000 -125.000000 -2897.000000 -8622.000000
-493.000000 2137.000000 -834.000000 -683.000000 -1883.000000 -6748.000000
-202.000000 2304.000000 -597.000000 -1035.000000 -485.000000 -4960.000000
154.000000 2550.000000 -499.000000 -1109.000000 491.000000 -3561.000000
549.000000 2714.000000 -562.000000 -887.000000 495.000000 -2621.000000
863.000000 2938.000000 -662.000000 -546.000000 -20.000000 -2069.000000
1073.000000 2641.000000 -724.000000 -278.000000 -659.000000 -1884.000000
1234.000000 2887.000000 -718.000000 17.000000 -1418.000000 -1670.000000
1071.000000 2845.000000 -952.000000 227.000000 -1866.000000 -1528.000000
826.000000 2851.000000 -1054.000000 252.000000 -1744.000000 -1125.000000
866.000000 2953.000000 -957.000000 91.000000 -1296.000000 -357.000000
945.000000 2938.000000 -917.000000 -6.000000 -833.000000 468.000000
982.000000 2988.000000 -1016.000000 -31.000000 -316.000000 1286.000000
960.000000 3036.000000 -1094.000000 -120.000000 276.000000 2052.000000
1175.000000 3128.000000 -1070.000000 -225.000000 598.000000 2702.000000
1402.000000 3085.000000 -977.000000 -289.000000 541.000000 3256.000000
1601.000000 3070.000000 -830.000000 -289.000000 394.000000 3811.000000
1808.000000 3029.000000 -711.000000 -234.000000 316.000000 4353.000000
2014.000000 3006.000000 -681.000000 -193.000000 318.000000 4939.000000
2115.000000 2903.000000 -694.000000 -151.000000 460.000000 5533.000000
2192.000000 2818.000000 -793.000000 -72.000000 522.000000 6115.000000
2385.000000 2694.000000 -836.000000 -43.000000 324.000000 6648.000000
2624.000000 2497.000000 -786.000000 -19.000000 -13.000000 7174.000000
2905.000000 2302.000000 -753.000000 -22.000000 -261.000000 7809.000000
3340.000000 2028.000000 -732.000000 -57.000000 -128.000000 8677.000000
3949.000000 1892.000000 -783.000000 -7.000000 -147.000000 9722.000000
4732.000000 1907.000000 -872.000000 116.000000 -219.000000 10722.000000
5512.000000 1846.000000 -884.000000 147.000000 -132.000000 11497.000000
6175.000000 1856.000000 -840.000000 108.000000 -152.000000 11959.000000
6588.000000 1694.000000 -826.000000 45.000000 -239.000000 12077.000000
7091.000000 1503.000000 -762.000000 25.000000 -491.000000 12098.000000
7309.000000 1288.000000 -895.000000 94.000000 -907.000000 12027.000000
7722.000000 904.000000 -1071.000000 169.000000 -1417.000000 12032.000000
8603.000000 663.000000 -1139.000000 216.000000 -1744.000000 12397.000000
9344.000000 454.000000 -1237.000000 252.000000 -1956.000000 12760.000000
10217.000000 326.000000 -1314.000000 144.000000 -1844.000000 13036.000000
10966.000000 -270.000000 -1392.000000 27.000000 -1897.000000 13105.000000
11596.000000 -474.000000 -1358.000000 -138.000000 -1682.000000 13015.000000
12018.000000 -606.000000 -1248.000000 -315.000000 -1172.000000 12699.000000
12593.000000 -725.000000 -1155.000000 -429.000000 -978.000000 12197.000000
13072.000000 -886.000000 -1131.000000 -402.000000 -1668.000000 11447.000000
13301.000000 -919.000000 -1050.000000 -254.000000 -2946.000000 10497.000000
13362.000000 -1069.000000 -1007.000000 -86.000000 -3302.000000 9436.000000
13343.000000 -1206.000000 -1000.000000 3.000000 -3161.000000 8407.000000
13500.000000 -1355.000000 -994.000000 104.000000 -2858.000000 7622.000000
13592.000000 -1431.000000 -1031.000000 310.000000 -2551.000000 6996.000000
13583.000000 -1420.000000 -1091.000000 483.000000 -2099.000000 6452.000000
13521.000000 -1427.000000 -1299.000000 579.000000 -1367.000000 5988.000000
13474.000000 -1464.000000 -1610.000000 602.000000 -615.000000 5504.000000
13468.000000 -1460.000000 -1732.000000 539.000000 -67.000000 5084.000000
13519.000000 -1360.000000 -1720.000000 475.000000 162.000000 4637.000000
13491.000000 -1238.000000 -1707.000000 439.000000 219.000000 4022.000000
13340.000000 -1200.000000 -1805.000000 369.000000 299.000000 3321.000000
12904.000000 -1163.000000 -1844.000000 257.000000 320.000000 2532.000000
12324.000000 -1168.000000 -1885.000000 121.000000 344.000000 1747.000000
11674.000000 -1191.000000 -1776.000000 -43.000000 278.000000 1074.000000
11228.000000 -1304.000000 -1638.000000 -172.000000 61.000000 466.000000
10733.000000 -1429.000000 -1459.000000 -166.000000 -307.000000 21.000000
10493.000000 -1518.000000 -1418.000000 -70.000000 -698.000000 -176.000000
10392.000000 -1486.000000 -1372.000000 29.000000 -876.000000 -156.000000
10219.000000 -1465.000000 -1409.000000 85.000000 -755.000000 -107.000000
9983.000000 -1422.000000 -1444.000000 87.000000 -478.000000 -120.000000
9800.000000 -1430.000000 -1446.000000 27.000000 -180.000000 -213.000000
9590.000000 -1425.000000 -1395.000000 -67.000000 114.000000 -311.000000
9385.000000 -1438.000000 -1348.000000 -122.000000 237.000000 -460.000000
9135.000000 -1468.000000 -1285.000000 -116.000000 178.000000 -586.000000
8940.000000 -1419.000000 -1215.000000 -101.000000 50.000000 -684.000000
8807.000000 -1398.000000 -1202.000000 -91.000000 -79.000000 -750.000000
8677.000000 -1436.000000 -1247.000000 -60.000000 -159.000000 -731.000000
8601.000000 -1385.000000 -1273.000000 -46.000000 -172.000000 -671.000000
8576.000000 -1343.000000 -1285.000000 -40.000000 -137.000000 -627.000000
8551.000000 -1369.000000 -1293.000000 -63.000000 -29.000000 -607.000000
8503.000000 -1375.000000 -1301.000000 -67.000000 84.000000 -561.000000
8520.000000 -1374.000000 -1287.000000 -43.000000 148.000000 -457.000000
8529.000000 -1300.000000 -1323.000000 -37.000000 156.000000 -369.000000
8551.000000 -1245.000000 -1293.000000 -19.000000 123.000000 -319.000000
8609.000000 -1212.000000 -1345.000000 -1.000000 53.000000 -305.000000
8584.000000 -1176.000000 -1424.000000 -13.000000 8.000000 -329.000000
8579.000000 -1182.000000 -1421.000000 -53.000000 -31.000000 -374.000000
8547.000000 -1176.000000 -1423.000000 -84.000000 -86.000000 -417.000000
8515.000000 -1193.000000 -1418.000000 -100.000000 -130.000000 -431.000000
8492.000000 -1129.000000 -1366.000000 -111.000000 -143.000000 -413.000000
8457.000000 -1095.000000 -1362.000000 -133.000000 -148.000000 -378.000000
8449.000000 -1149.000000 -1337.000000 -169.000000 -156.000000 -395.000000
8416.000000 -1174.000000 -1314.000000 -159.000000 -148.000000 -425.000000
8494.000000 -1131.000000 -1324.000000 -137.000000 -106.000000 -353.000000
8518.000000 -1142.000000 -1351.000000 -139.000000 33.000000 -258.000000
8456.000000 -1117.000000 -1390.000000 -146.000000 158.000000 -218.000000
8457.000000 -1091.000000 -1395.000000 -133.000000 187.000000 -193.000000
8444.000000 -1045.000000 -1395.000000 -130.000000 148.000000 -234.000000
8426.000000 -1017.000000 -1450.000000 -172.000000 95.000000 -311.000000
8383.000000 -1074.000000 -1468.000000 -230.000000 7.000000 -369.000000
8431.000000 -1063.000000 -1466.000000 -261.000000 -89.000000 -325.000000
8431.000000 -1063.000000 -1494.000000 -269.000000 -123.000000 -189.000000
8480.000000 -1029.000000 -1495.000000 -314.000000 -83.000000 -87.000000
8559.000000 -1002.000000 -1389.000000 -379.000000 -43.000000 -78.000000
8596.000000 -1052.000000 -1378.000000 -393.000000 -69.000000 -120.000000
8617.000000 -1067.000000 -1398.000000 -388.000000 -128.000000 -181.000000
8610.000000 -1094.000000 -1421.000000 -388.000000 -166.000000 -192.000000
8618.000000 -1094.000000 -1361.000000 -390.000000 -228.000000 -157.000000
8679.000000 -1052.000000 -1361.000000 -431.000000 -264.000000 -107.000000
8671.000000 -1118.000000 -1332.000000 -467.000000 -256.000000 -120.000000
8675.000000 -1086.000000 -1377.000000 -471.000000 -228.000000 -163.000000
8678.000000 -1134.000000 -1316.000000 -487.000000 -159.000000 -176.000000
8719.000000 -1190.000000 -1270.000000 -496.000000 -97.000000 -183.000000
