0.116699 -0.133545 -1.132935 0.395646 -0.220489 -0.315425
0.168945 -0.150635 -1.131958 0.542085 -0.229983 -0.349128
0.152954 -0.131836 -1.118164 0.709410 -0.186787 -0.374286
0.204346 -0.083008 -1.217651 0.899520 -0.171597 -0.428874
0.123413 -0.063843 -1.345093 1.042161 -0.213369 -0.496279
0.067383 -0.089600 -1.533203 1.051180 -0.066693 -0.526421
0.045288 -0.057861 -1.602417 0.892162 0.132199 -0.475155
0.099731 -0.040405 -1.660767 0.632749 0.048180 -0.339397
0.153809 -0.083862 -1.714355 0.401342 0.072626 -0.217641
0.165771 -0.122559 -1.735962 0.173258 0.192720 -0.194144
0.155396 -0.117554 -1.721069 -0.049841 0.269856 -0.293827
0.124268 -0.100708 -1.698730 -0.228084 0.191296 -0.450709
0.103882 -0.097412 -1.703003 -0.365267 0.024446 -0.560360
0.049072 -0.139038 -1.726563 -0.491769 -0.050316 -0.561784
-0.000244 -0.123413 -1.735840 -0.645803 -0.051503 -0.484412
0.005981 -0.086060 -1.752441 -0.815264 -0.003085 -0.365504
-0.013306 -0.077026 -1.769287 -0.992557 0.173970 -0.231881
-0.061279 -0.070801 -1.808105 -1.210673 0.373574 -0.120569
-0.076050 -0.056885 -1.812012 -1.480529 0.549205 -0.042009
-0.083130 -0.075562 -1.772827 -1.785274 0.602607 0.022310
-0.099854 -0.106567 -1.701782 -2.082898 0.580060 0.070253
-0.129028 -0.125854 -1.632324 -2.330682 0.531405 0.112737
-0.179688 -0.116577 -1.568481 -2.502991 0.504823 0.168274
-0.203003 -0.104614 -1.527466 -2.642309 0.488446 0.259650
-0.186279 -0.133057 -1.427856 -2.803226 0.458304 0.398494
-0.173340 -0.129150 -1.339966 -2.993810 0.495567 0.543035
-0.136841 -0.116577 -1.243896 -3.149743 0.500313 0.628240
-0.109375 -0.115967 -1.136719 -3.249663 0.421516 0.676894
-0.091431 -0.122681 -1.030396 -3.306625 0.380456 0.702527
-0.073608 -0.121826 -0.921265 -3.336055 0.401342 0.720090
-0.048462 -0.108032 -0.816895 -3.341277 0.433383 0.749521
-0.041138 -0.101807 -0.734863 -3.312321 0.526183 0.792005
-0.048950 -0.088623 -0.651245 -3.237796 0.573651 0.818112
-0.049561 -0.087769 -0.564331 -3.110582 0.612575 0.826894
-0.065552 -0.074707 -0.472900 -2.943257 0.617797 0.849204
-0.044189 -0.044678 -0.407349 -2.735584 0.552766 0.895485
0.016602 -0.007446 -0.330933 -2.478782 0.439080 0.944377
0.061768 -0.012085 -0.286987 -2.195398 0.349840 0.966687
0.120605 0.011353 -0.219360 -1.893975 0.208859 0.932747
0.167114 0.029541 -0.170410 -1.572142 0.147863 0.852289
0.190308 0.026611 -0.126953 -1.234882 0.152847 0.756641
0.203247 0.026123 -0.100952 -0.872226 0.170410 0.665739
0.204834 0.033569 -0.087524 -0.485836 0.159493 0.581721
0.221436 0.045166 -0.085938 -0.077136 0.113211 0.498177
0.233032 0.040527 -0.117310 0.335124 0.045095 0.414871
0.240234 0.040405 -0.145142 0.730059 -0.056487 0.326343
0.242676 0.044067 -0.185913 1.096987 -0.181091 0.235679
0.250366 0.046265 -0.234375 1.437095 -0.290979 0.152135
0.262207 0.062744 -0.282715 1.761777 -0.421042 0.070015
0.282715 0.060913 -0.338013 2.083610 -0.527133 -0.040111
0.294312 0.061401 -0.403687 2.389305 -0.595249 -0.190347
0.248535 0.027954 -0.488892 2.681233 -0.614237 -0.361232
0.198975 0.004761 -0.589722 2.945393 -0.646278 -0.508146
0.127563 -0.015625 -0.716187 3.177037 -0.732432 -0.566769
0.056519 -0.047363 -0.820679 3.351007 -0.844457 -0.513367
0.007568 -0.087769 -0.933472 3.441197 -0.931561 -0.349128
-0.031128 -0.095581 -1.026367 3.447842 -0.988760 -0.086392
-0.014038 -0.057739 -1.105835 3.405833 -0.993269 0.229983
0.037231 -0.058960 -1.214600 3.342226 -0.954583 0.528794
0.081909 -0.068359 -1.332886 3.271736 -1.000864 0.728160
0.135010 -0.061157 -1.422607 3.195075 -1.073490 0.801498
0.173950 -0.051758 -1.516357 3.102750 -1.166290 0.797701
0.204224 -0.058105 -1.610840 3.004728 -1.269296 0.734331
0.209839 -0.074097 -1.708008 2.910979 -1.351178 0.627528
0.171265 -0.097534 -1.806519 2.804175 -1.403630 0.516927
0.130981 -0.103516 -1.887207 2.673401 -1.414785 0.437893
0.098145 -0.127808 -1.961304 2.512010 -1.354501 0.421991
0.064575 -0.158203 -2.061523 2.318815 -1.224201 0.485598
0.055908 -0.168823 -2.158325 2.104734 -1.037414 0.596911
0.075195 -0.155884 -2.243530 1.858374 -0.904029 0.709647
0.094849 -0.157715 -2.313843 1.576889 -0.773967 0.782036
0.122192 -0.153198 -2.364624 1.238916 -0.650787 0.801261
0.138794 -0.150513 -2.402222 0.862732 -0.528557 0.775153
0.143555 -0.143066 -2.426880 0.470171 -0.440504 0.720090
0.131714 -0.142578 -2.432495 0.060284 -0.405615 0.659569
0.095703 -0.153076 -2.409302 -0.377608 -0.374760 0.617322
0.074341 -0.155151 -2.366333 -0.834251 -0.300235 0.601895
0.063110 -0.156738 -2.286743 -1.279739 -0.288843 0.612101
0.052368 -0.160767 -2.193604 -1.703154 -0.274840 0.627528
0.037231 -0.164917 -2.088989 -2.108768 -0.220964 0.632987
0.015625 -0.166016 -1.964233 -2.483766 -0.159255 0.629189
0.003784 -0.170166 -1.847412 -2.827672 -0.097310 0.630376
-0.008545 -0.178467 -1.708008 -3.140961 0.019225 0.649838
-0.026611 -0.186401 -1.579590 -3.410342 0.174920 0.682591
-0.040527 -0.168213 -1.453857 -3.612082 0.304982 0.709885
-0.048096 -0.161255 -1.340332 -3.754011 0.387102 0.729584
-0.051147 -0.148804 -1.242920 -3.859390 0.412023 0.748097
-0.039795 -0.122070 -1.140991 -3.942222 0.415583 0.761862
-0.026245 -0.099365 -1.038208 -4.001082 0.440978 0.768983
-0.014404 -0.083374 -0.929810 -4.035022 0.489396 0.756404
0.000366 -0.058716 -0.846436 -4.035972 0.517639 0.727923
-0.003418 -0.033203 -0.767212 -3.999184 0.509095 0.706087
-0.008911 -0.014404 -0.704956 -3.936526 0.491769 0.696119
-0.010376 0.015503 -0.639038 -3.864612 0.464712 0.699679
-0.007568 0.030273 -0.564209 -3.788426 0.475630 0.702527
-0.002930 0.050659 -0.479858 -3.692303 0.510282 0.688049
-0.006226 0.074219 -0.395996 -3.554408 0.523098 0.654822
-0.015015 0.094971 -0.316040 -3.362637 0.486548 0.627528
-0.015869 0.104736 -0.248657 -3.134079 0.449048 0.632275
-0.027222 0.119263 -0.180542 -2.884159 0.436943 0.676657
-0.016968 0.128662 -0.115967 -2.614541 0.429586 0.730059
0.002441 0.142944 -0.054810 -2.321663 0.394222 0.777052
0.013550 0.187134 -0.008301 -1.975383 0.355773 0.793191
0.037842 0.214600 0.034058 -1.573803 0.272941 0.776340
0.065186 0.198608 0.039917 -1.118822 0.135759 0.729347
0.078247 0.203125 0.046631 -0.659331 -0.037025 0.653872
0.094116 0.194458 0.035400 -0.194382 -0.223337 0.571753
0.097656 0.185547 0.007324 0.277213 -0.388051 0.499601
0.100342 0.179077 -0.045654 0.756404 -0.556800 0.448573
0.104614 0.182495 -0.121704 1.236306 -0.690898 0.421516
0.123657 0.176636 -0.198608 1.695322 -0.769457 0.408937
0.139771 0.159668 -0.307129 2.100224 -0.789156 0.397070
0.159058 0.145996 -0.399536 2.465491 -0.760201 0.371200
0.168457 0.142578 -0.488647 2.779492 -0.693034 0.344855
0.164429 0.107544 -0.590942 3.053383 -0.604743 0.328716
0.184326 0.081299 -0.697754 3.279331 -0.537813 0.295251
0.179932 0.070557 -0.789185 3.471339 -0.504348 0.240663
0.187134 0.077881 -0.907593 3.621813 -0.488684 0.165664
0.186890 0.077148 -1.009766 3.701797 -0.526421 0.089715
0.179688 0.051758 -1.113892 3.708917 -0.543272 0.004509
0.179565 0.051636 -1.203491 3.651480 -0.547069 -0.081408
0.168213 0.035889 -1.304932 3.551560 -0.554190 -0.145727
0.146362 0.031250 -1.397217 3.416988 -0.582908 -0.176344
0.135986 0.016479 -1.512085 3.240407 -0.601658 -0.162578
0.133789 0.017090 -1.593262 3.012798 -0.592401 -0.113449
0.145386 0.002197 -1.652100 2.721818 -0.530218 -0.060522
0.169312 0.005859 -1.708496 2.385270 -0.474443 -0.026345
0.187256 0.018311 -1.734009 2.046348 -0.432434 -0.021123
0.193604 -0.005859 -1.738892 1.710037 -0.375235 -0.043433
0.174683 -0.039551 -1.733032 1.403156 -0.336311 -0.081170
0.167480 -0.041260 -1.719482 1.156085 -0.317799 -0.119145
0.156860 -0.050781 -1.695068 0.981639 -0.316849 -0.156882
0.137817 -0.057983 -1.674072 0.857510 -0.293590 -0.195094
0.125366 -0.060181 -1.690918 0.768270 -0.230932 -0.222625
0.111938 -0.057129 -1.693481 0.705138 -0.186549 -0.229508
0.097290 -0.056641 -1.715820 0.638920 -0.109889 -0.213844
0.084839 -0.033936 -1.724487 0.542085 -0.004509 -0.186075
0.063232 -0.028198 -1.709717 0.392323 0.111787 -0.154746
0.053711 -0.018677 -1.671021 0.189398 0.228321 -0.129350
0.041992 -0.011597 -1.608643 -0.034652 0.330140 -0.109414
0.033203 -0.014771 -1.538208 -0.243036 0.411785 -0.088528
0.019409 -0.034302 -1.468994 -0.412972 0.440978 -0.069066
0.022217 -0.047241 -1.401245 -0.534965 0.419380 -0.050079
0.031860 -0.050659 -1.345459 -0.596436 0.363843 -0.033228
0.049805 -0.053101 -1.309692 -0.597860 0.289318 -0.027294
0.069702 -0.050903 -1.279175 -0.556563 0.224287 -0.032990
0.078857 -0.055908 -1.260986 -0.503399 0.202926 -0.044145
0.074097 -0.055786 -1.248779 -0.449285 0.203401 -0.059335
0.052368 -0.054077 -1.246948 -0.393510 0.192008 -0.071202
0.045288 -0.049438 -1.234131 -0.343194 0.191059 -0.060047
