1.035034 -0.195435 -0.303711 -0.513842 0.316612 -0.180141
1.019653 -0.226929 -0.249634 -0.649600 0.431959 -0.158069
1.002319 -0.234741 -0.191406 -0.700391 0.416770 -0.107752
1.030273 -0.221436 -0.176147 -0.660043 0.286707 -0.054588
1.106812 -0.179932 -0.192627 -0.568905 0.212657 -0.011630
1.124634 -0.237549 -0.133911 -0.540186 0.336074 0.015664
1.109375 -0.239380 -0.170532 -0.517402 0.477054 -0.055300
1.096802 -0.237671 -0.134399 -0.491057 0.599522 -0.139556
1.106079 -0.271729 -0.283325 -0.438842 0.534253 -0.240426
0.979492 -0.240845 -0.033081 -0.464712 0.477054 -0.355298
0.911377 -0.205688 0.004272 -0.249919 0.375472 -0.350789
0.992920 -0.184937 -0.045654 0.008070 0.098022 -0.182515
1.093994 -0.210205 -0.100220 0.147863 -0.122942 -0.063370
1.119751 -0.215698 -0.097534 0.196755 -0.161866 -0.077373
1.171265 -0.218750 -0.105347 0.213132 -0.091376 -0.087341
1.161011 -0.201782 -0.085449 0.206249 -0.049604 -0.087104
1.196045 -0.207764 -0.094727 0.225711 -0.124841 -0.105616
1.239624 -0.212646 -0.096680 0.257989 -0.209809 -0.144778
1.274536 -0.179077 -0.084106 0.297150 -0.263210 -0.203875
1.314941 -0.172607 -0.088013 0.349840 -0.322308 -0.302846
1.344482 -0.182251 -0.094727 0.410124 -0.395409 -0.445013
1.366821 -0.204834 -0.125610 0.463288 -0.476342 -0.605692
1.375977 -0.235718 -0.161621 0.511468 -0.594300 -0.750470
1.404175 -0.267456 -0.191406 0.567718 -0.769695 -0.881719
1.461426 -0.285034 -0.225708 0.651736 -1.004899 -1.009646
1.526245 -0.288574 -0.267090 0.754267 -1.196907 -1.116923
1.584351 -0.269165 -0.308594 0.830216 -1.325546 -1.242476
1.623535 -0.231079 -0.378662 0.840897 -1.214233 -1.404580
1.623413 -0.163452 -0.454468 0.745486 -0.787970 -1.580212
1.545898 -0.115356 -0.492798 0.544221 -0.131724 -1.803074
1.438843 -0.102417 -0.504272 0.285046 0.489396 -2.039702
1.342651 -0.116943 -0.480103 0.042009 0.695882 -2.277280
1.246216 -0.135132 -0.439575 -0.140505 0.504823 -2.477121
1.202515 -0.147949 -0.420288 -0.228796 0.163527 -2.606234
1.156128 -0.159546 -0.412964 -0.293115 -0.197467 -2.707341
1.164307 -0.137695 -0.410889 -0.371675 -0.555614 -2.790884
1.182983 -0.071411 -0.427612 -0.455931 -0.982351 -2.877751
1.144653 0.047852 -0.442383 -0.568193 -1.377286 -2.863273
1.214600 0.003540 -0.431152 -0.768033 -1.369216 -2.779967
1.123291 -0.043091 -0.395142 -1.009883 -0.955532 -2.915013
1.065186 -0.023438 -0.419434 -1.181243 -0.579348 -2.985029
0.990479 0.015869 -0.490601 -1.316764 -0.149287 -2.966991
0.918091 0.050537 -0.538696 -1.478393 0.386627 -2.983605
0.830566 0.089111 -0.549194 -1.677996 0.800074 -3.064063
0.712280 0.108154 -0.534302 -1.883058 0.998491 -3.174189
0.583740 0.147217 -0.476318 -2.075066 1.069693 -3.235898
0.453613 0.099487 -0.409058 -2.181632 1.112177 -3.153303
0.304810 0.086304 -0.313843 -2.192787 1.302286 -2.962956
0.189087 0.108521 -0.237549 -2.198483 1.530607 -2.704967
0.093628 0.158447 -0.192017 -2.235271 1.695559 -2.409953
0.018066 0.192627 -0.129395 -2.257818 1.588281 -2.108056
-0.066284 0.184204 -0.099121 -2.206078 1.432349 -1.834403
-0.127686 0.191772 -0.032471 -2.114702 1.252445 -1.607031
-0.161621 0.202759 0.034302 -2.012883 1.073727 -1.369691
-0.174805 0.219727 0.092285 -1.890178 0.876972 -1.064946
-0.181519 0.232910 0.136963 -1.735432 0.691847 -0.696831
-0.199219 0.238525 0.149170 -1.569294 0.489158 -0.312577
-0.171631 0.253418 0.193848 -1.422855 0.222388 0.107040
-0.127197 0.271973 0.207153 -1.316764 0.153559 0.538050
-0.062378 0.322632 0.234009 -1.223727 0.307118 0.915659
0.014160 0.272583 0.248047 -1.115974 0.390662 1.241764
0.057495 0.277832 0.255737 -0.982351 0.389238 1.584246
0.126587 0.284424 0.254028 -0.827606 0.341295 1.866444
0.200195 0.266846 0.244751 -0.649600 0.204350 2.086458
0.258423 0.245605 0.223267 -0.515503 0.025870 2.258530
0.323730 0.216064 0.208496 -0.426263 -0.161866 2.397849
0.388550 0.206421 0.197510 -0.346992 -0.315188 2.566123
0.462646 0.211060 0.192505 -0.280299 -0.432434 2.749350
0.500122 0.128174 0.204834 -0.219065 -0.617085 2.886533
0.562134 0.094971 0.216675 -0.123654 -0.799837 3.043652
0.628662 0.058960 0.205444 0.071914 -1.180768 3.210977
0.744873 0.029053 0.179932 0.339397 -1.607506 3.383523
0.843384 -0.011963 0.145264 0.592401 -1.893263 3.487478
0.924561 -0.046021 0.083252 0.796277 -2.121110 3.549899
1.053345 -0.046753 -0.013184 0.921355 -2.089781 3.639613
1.146362 -0.024780 -0.060669 0.960516 -2.081949 3.765166
1.228394 -0.031616 -0.130005 0.926814 -1.881871 3.885023
1.289551 -0.078979 -0.198486 0.810517 -1.611778 3.898077
1.418579 -0.074463 -0.208618 0.661230 -1.494294 3.843963
1.563232 -0.045776 -0.227417 0.537101 -1.583772 3.700372
1.690918 -0.027710 -0.247681 0.436469 -1.863359 3.454251
1.751343 -0.037598 -0.267212 0.315663 -1.831080 3.090408
1.738647 -0.102051 -0.270386 0.121993 -1.461304 2.648005
1.730225 -0.132568 -0.256592 -0.060047 -1.246037 2.274432
1.715210 -0.187256 -0.246216 -0.176344 -1.212572 1.978943
1.727661 -0.229004 -0.245972 -0.237340 -1.148252 1.722616
1.764160 -0.252319 -0.229736 -0.253954 -1.090341 1.477918
1.810425 -0.270264 -0.247925 -0.229745 -1.039550 1.237255
1.860840 -0.280884 -0.276611 -0.204113 -0.917795 0.997541
1.889038 -0.298340 -0.284546 -0.207673 -0.759489 0.735280
1.899902 -0.310791 -0.302979 -0.200790 -0.692322 0.439080
1.896240 -0.323242 -0.328735 -0.178243 -0.722227 0.167088
1.914551 -0.292236 -0.361694 -0.128638 -0.830928 0.008307
1.947876 -0.248169 -0.415405 -0.098022 -0.913048 -0.145490
1.960693 -0.207886 -0.455078 -0.148812 -0.904979 -0.404665
1.965820 -0.184937 -0.483521 -0.268195 -0.770407 -0.744536
1.944092 -0.171875 -0.496094 -0.404665 -0.558699 -1.110515
1.881592 -0.176270 -0.526367 -0.527133 -0.384254 -1.480054
1.807129 -0.173584 -0.533936 -0.656483 -0.274128 -1.849593
1.767578 -0.169678 -0.519043 -0.788207 -0.210521 -2.223641
1.717896 -0.154785 -0.508667 -0.893586 -0.191771 -2.575379
1.644897 -0.147461 -0.480591 -0.963602 -0.181803 -2.925456
1.541016 -0.153564 -0.468628 -1.015816 -0.169698 -3.270787
1.421753 -0.154785 -0.464600 -1.087256 -0.141455 -3.562240
1.275146 -0.152222 -0.448853 -1.179819 -0.101582 -3.790562
1.157715 -0.170166 -0.428101 -1.304659 -0.169461 -3.937950
1.011719 -0.156128 -0.452759 -1.451810 -0.230457 -3.987792
0.909546 -0.134399 -0.463623 -1.610829 -0.206249 -3.952428
0.808838 -0.104736 -0.432495 -1.767710 -0.100870 -3.881938
0.716553 -0.083740 -0.390991 -1.880447 -0.059572 -3.800055
0.618408 -0.059692 -0.364746 -1.979418 -0.023022 -3.699660
0.528442 -0.038574 -0.317139 -2.071981 0.068591 -3.566038
0.436523 -0.015503 -0.262695 -2.118499 0.163290 -3.417700
0.357178 0.012573 -0.226807 -2.101648 0.197467 -3.262480
0.282715 0.044678 -0.195313 -2.038278 0.198891 -3.079965
0.241089 0.071045 -0.172852 -1.964940 0.316137 -2.842625
0.211426 0.110229 -0.196899 -1.887567 0.547307 -2.567547
0.195679 0.161011 -0.262207 -1.826808 0.726261 -2.302438
0.186523 0.223877 -0.255249 -1.807584 0.823333 -2.112091
0.201538 0.253906 -0.220215 -1.786460 0.818349 -2.034956
0.213745 0.272339 -0.221924 -1.762726 0.663129 -2.003389
0.177734 0.257935 -0.227539 -1.808533 0.590503 -1.902282
0.116699 0.248413 -0.182495 -1.906317 0.720090 -1.667790
0.069824 0.243286 -0.155762 -1.907741 0.905216 -1.349042
0.035645 0.250122 -0.111572 -1.831792 0.937494 -1.034566
0.019165 0.279785 -0.072388 -1.680607 0.754505 -0.776577
0.005005 0.315796 -0.046387 -1.525861 0.394934 -0.618034
0.000732 0.343140 -0.015625 -1.430212 0.035838 -0.533066
-0.006592 0.370972 -0.004639 -1.419770 -0.066455 -0.430535
-0.048706 0.367188 0.047729 -1.494057 0.143591 -0.237103
-0.127441 0.365723 0.113159 -1.587094 0.413921 0.023497
-0.186279 0.368652 0.172241 -1.636224 0.551341 0.301897
-0.226929 0.374146 0.224731 -1.659246 0.484412 0.553952
-0.257080 0.345215 0.254395 -1.669926 0.228321 0.791292
-0.202759 0.313354 0.285889 -1.631952 -0.141929 1.063997
-0.083618 0.307861 0.341064 -1.523250 -0.538762 1.357824
-0.015747 0.273438 0.382202 -1.347143 -0.913997 1.635037
0.053101 0.217651 0.413452 -1.115262 -1.222777 1.929577
0.237915 0.299927 0.462769 -0.816925 -1.457981 2.240730
0.402222 0.260132 0.481201 -0.476579 -1.621271 2.564699
0.543823 0.226563 0.467529 -0.139319 -1.585196 2.860188
0.650024 0.204346 0.426758 0.192008 -1.292081 3.166594
0.791016 0.223633 0.385376 0.517639 -0.840185 3.496972
0.917358 0.230469 0.364746 0.824283 -0.436231 3.737397
1.039185 0.226685 0.300903 1.103395 -0.209334 3.833045
1.210083 0.252319 0.217041 1.347143 -0.121518 3.819280
1.319824 0.258911 0.132080 1.522063 -0.065981 3.715800
1.343872 0.230835 0.040283 1.605132 -0.014952 3.536845
1.375488 0.190063 -0.007568 1.629816 0.007595 3.364536
1.404663 0.165527 -0.017944 1.616287 0.019462 3.209315
