9611.000000 -973.000000 -2060.000000 -639.000000 -1033.000000 -2144.000000
10558.000000 -1682.000000 -2244.000000 77.000000 -1052.000000 -1345.000000
10722.000000 -1563.000000 -1818.000000 745.000000 594.000000 -1323.000000
10904.000000 -1393.000000 -1295.000000 1499.000000 1651.000000 -1091.000000
10896.000000 -1638.000000 -1169.000000 2589.000000 2480.000000 -968.000000
10968.000000 -1713.000000 -1176.000000 3738.000000 3160.000000 -687.000000
11209.000000 -1709.000000 -1547.000000 4875.000000 3092.000000 -147.000000
11664.000000 -1696.000000 -2099.000000 5725.000000 2561.000000 471.000000
12253.000000 -1671.000000 -2165.000000 6200.000000 1932.000000 699.000000
13205.000000 -1557.000000 -2808.000000 6779.000000 406.000000 454.000000
13975.000000 -1366.000000 -4345.000000 7168.000000 -1422.000000 -287.000000
13986.000000 -1269.000000 -5115.000000 6377.000000 -2008.000000 -1489.000000
13775.000000 -1195.000000 -4985.000000 4769.000000 -1851.000000 -2795.000000
13431.000000 -1280.000000 -4971.000000 3419.000000 -2467.000000 -3927.000000
13040.000000 -1296.000000 -5056.000000 2265.000000 -2811.000000 -4914.000000
12835.000000 -1509.000000 -4992.000000 1013.000000 -2213.000000 -5591.000000
12971.000000 -1692.000000 -4928.000000 -106.000000 -1263.000000 -5970.000000
12854.000000 -1790.000000 -4940.000000 -896.000000 -424.000000 -6408.000000
12805.000000 -1745.000000 -5240.000000 -1388.000000 174.000000 -7037.000000
12577.000000 -1417.000000 -5736.000000 -1798.000000 556.000000 -7853.000000
12195.000000 -1092.000000 -6336.000000 -2396.000000 930.000000 -8823.000000
11742.000000 -962.000000 -6709.000000 -3393.000000 1742.000000 -9940.000000
10892.000000 -756.000000 -6896.000000 -4521.000000 2289.000000 -11181.000000
9956.000000 -378.000000 -6892.000000 -5671.000000 2525.000000 -12297.000000
8413.000000 -1241.000000 -7166.000000 -6947.000000 2019.000000 -12987.000000
7042.000000 -1536.000000 -7009.000000 -7970.000000 1615.000000 -13492.000000
6024.000000 -1644.000000 -6690.000000 -8947.000000 2193.000000 -13343.000000
5510.000000 -1368.000000 -6003.000000 -9692.000000 2459.000000 -12595.000000
5269.000000 -1225.000000 -5475.000000 -10253.000000 2235.000000 -11818.000000
4888.000000 -1086.000000 -5135.000000 -10840.000000 2513.000000 -11227.000000
4276.000000 -1037.000000 -4480.000000 -11553.000000 3651.000000 -10810.000000
3576.000000 -1140.000000 -3749.000000 -12148.000000 5132.000000 -10426.000000
2770.000000 -1040.000000 -3046.000000 -12428.000000 6592.000000 -9875.000000
2046.000000 -1012.000000 -2296.000000 -12487.000000 8046.000000 -9158.000000
1445.000000 -827.000000 -1388.000000 -12297.000000 8759.000000 -8468.000000
1062.000000 -710.000000 -597.000000 -11665.000000 8508.000000 -7809.000000
735.000000 -524.000000 -98.000000 -10725.000000 7534.000000 -7120.000000
392.000000 -525.000000 507.000000 -9706.000000 6078.000000 -6407.000000
113.000000 -536.000000 1077.000000 -8682.000000 4964.000000 -5571.000000
-234.000000 -510.000000 1516.000000 -7601.000000 4149.000000 -4517.000000
-469.000000 -277.000000 2006.000000 -6564.000000 3420.000000 -3265.000000
-852.000000 -21.000000 2355.000000 -5581.000000 2865.000000 -1988.000000
-1125.000000 125.000000 2769.000000 -4610.000000 2473.000000 -670.000000
-1380.000000 250.000000 3167.000000 -3545.000000 1917.000000 717.000000
-1165.000000 248.000000 3429.000000 -2516.000000 1062.000000 2224.000000
-655.000000 133.000000 3538.000000 -1459.000000 432.000000 3858.000000
-143.000000 11.000000 3585.000000 -289.000000 -195.000000 5463.000000
642.000000 12.000000 3638.000000 940.000000 -1008.000000 7002.000000
1315.000000 -26.000000 3559.000000 2185.000000 -1412.000000 8370.000000
2017.000000 -281.000000 3360.000000 3405.000000 -1495.000000 9574.000000
2697.000000 -692.000000 3135.000000 4684.000000 -1848.000000 10701.000000
3232.000000 -1048.000000 2916.000000 6154.000000 -2737.000000 11796.000000
3884.000000 -1238.000000 2675.000000 7721.000000 -3954.000000 12819.000000
4008.000000 -1519.000000 2100.000000 9338.000000 -5345.000000 13663.000000
3585.000000 -2115.000000 912.000000 11058.000000 -7083.000000 14537.000000
4162.000000 -2438.000000 -314.000000 12670.000000 -9428.000000 15752.000000
5887.000000 -2570.000000 -984.000000 13716.000000 -11422.000000 17174.000000
8135.000000 -2789.000000 -1987.000000 14335.000000 -12344.000000 18438.000000
9985.000000 -2730.000000 -3140.000000 14534.000000 -12074.000000 19216.000000
11491.000000 -2630.000000 -4359.000000 14124.000000 -11173.000000 19429.000000
12940.000000 -2108.000000 -5799.000000 13018.000000 -9971.000000 18873.000000
13457.000000 -1500.000000 -7464.000000 11457.000000 -9438.000000 17547.000000
12996.000000 -1658.000000 -8780.000000 9264.000000 -9233.000000 15707.000000
12683.000000 -2178.000000 -9431.000000 6543.000000 -9189.000000 14171.000000
13428.000000 -2830.000000 -9491.000000 3873.000000 -9331.000000 13512.000000
14813.000000 -3402.000000 -9330.000000 1792.000000 -9613.000000 13282.000000
16167.000000 -3864.000000 -9124.000000 427.000000 -9717.000000 12781.000000
17226.000000 -4212.000000 -9227.000000 -398.000000 -9399.000000 11859.000000
18131.000000 -4468.000000 -9475.000000 -1041.000000 -8291.000000 10664.000000
18677.000000 -4382.000000 -9917.000000 -1582.000000 -6904.000000 9213.000000
19021.000000 -4160.000000 -10289.000000 -2286.000000 -5450.000000 7605.000000
19110.000000 -4024.000000 -10309.000000 -3331.000000 -3881.000000 5747.000000
18868.000000 -4075.000000 -10003.000000 -4619.000000 -2405.000000 3740.000000
18339.000000 -4150.000000 -9472.000000 -5999.000000 -881.000000 1806.000000
17585.000000 -4275.000000 -8783.000000 -7357.000000 554.000000 21.000000
16940.000000 -4396.000000 -7884.000000 -8542.000000 1482.000000 -1610.000000
16369.000000 -4493.000000 -6977.000000 -9479.000000 1942.000000 -3117.000000
16054.000000 -4450.000000 -6095.000000 -10110.000000 2223.000000 -4582.000000
15769.000000 -4316.000000 -5450.000000 -10455.000000 2443.000000 -6111.000000
15326.000000 -4294.000000 -5012.000000 -10661.000000 2656.000000 -7779.000000
14715.000000 -4141.000000 -4677.000000 -10805.000000 3032.000000 -9398.000000
13876.000000 -4069.000000 -4499.000000 -10854.000000 3387.000000 -10863.000000
12987.000000 -3935.000000 -4392.000000 -10914.000000 3799.000000 -12086.000000
12011.000000 -3642.000000 -4291.000000 -10968.000000 4130.000000 -13089.000000
10989.000000 -3414.000000 -4129.000000 -11026.000000 4487.000000 -14060.000000
9904.000000 -3207.000000 -3959.000000 -11122.000000 5157.000000 -14923.000000
8819.000000 -2959.000000 -3742.000000 -11196.000000 6032.000000 -15568.000000
7869.000000 -2642.000000 -3502.000000 -11154.000000 6947.000000 -16058.000000
6684.000000 -2404.000000 -3397.000000 -11064.000000 7564.000000 -16459.000000
5476.000000 -2073.000000 -3209.000000 -10946.000000 7729.000000 -16600.000000
4306.000000 -1856.000000 -3101.000000 -10855.000000 7622.000000 -16329.000000
3343.000000 -1442.000000 -2841.000000 -10823.000000 7240.000000 -15736.000000
2623.000000 -987.000000 -2414.000000 -10859.000000 6849.000000 -14998.000000
1897.000000 -826.000000 -1747.000000 -10780.000000 6586.000000 -14142.000000
1364.000000 -498.000000 -1004.000000 -10467.000000 6335.000000 -13135.000000
935.000000 -73.000000 -534.000000 -9848.000000 5826.000000 -11958.000000
570.000000 380.000000 -387.000000 -9091.000000 5154.000000 -10805.000000
159.000000 800.000000 -280.000000 -8503.000000 4684.000000 -9667.000000
-147.000000 1119.000000 1.000000 -8033.000000 4584.000000 -8496.000000
-336.000000 1474.000000 329.000000 -7423.000000 4466.000000 -7228.000000
-264.000000 1727.000000 391.000000 -6649.000000 3923.000000 -5908.000000
-174.000000 2096.000000 297.000000 -5911.000000 3154.000000 -4718.000000
-15.000000 2396.000000 134.000000 -5415.000000 2315.000000 -3749.000000
276.000000 2570.000000 30.000000 -5220.000000 1784.000000 -2846.000000
491.000000 2548.000000 43.000000 -5100.000000 1594.000000 -2005.000000
567.000000 2631.000000 -40.000000 -4975.000000 1418.000000 -1144.000000
684.000000 2727.000000 -55.000000 -5019.000000 1370.000000 -213.000000
740.000000 2854.000000 10.000000 -5059.000000 1329.000000 666.000000
773.000000 2799.000000 250.000000 -5087.000000 1207.000000 1454.000000
756.000000 2620.000000 595.000000 -5047.000000 976.000000 2267.000000
827.000000 2484.000000 844.000000 -4808.000000 540.000000 3121.000000
1026.000000 2383.000000 977.000000 -4408.000000 -208.000000 3970.000000
1413.000000 2230.000000 926.000000 -4002.000000 -1007.000000 4906.000000
1960.000000 2128.000000 987.000000 -3694.000000 -1477.000000 5917.000000
2517.000000 1897.000000 1109.000000 -3403.000000 -1617.000000 6850.000000
2974.000000 1705.000000 1141.000000 -3087.000000 -1523.000000 7684.000000
3286.000000 1477.000000 1067.000000 -2796.000000 -1353.000000 8385.000000
3444.000000 1263.000000 858.000000 -2526.000000 -1345.000000 8997.000000
3704.000000 1097.000000 725.000000 -2389.000000 -1459.000000 9659.000000
4210.000000 762.000000 818.000000 -2327.000000 -1735.000000 10353.000000
5158.000000 324.000000 905.000000 -2202.000000 -2093.000000 11122.000000
6125.000000 -34.000000 1054.000000 -1987.000000 -2275.000000 11929.000000
7198.000000 -306.000000 1126.000000 -1602.000000 -2226.000000 12617.000000
8206.000000 -431.000000 901.000000 -1082.000000 -2250.000000 13001.000000
9375.000000 -511.000000 388.000000 -694.000000 -2316.000000 13100.000000
10466.000000 -398.000000 47.000000 -591.000000 -2151.000000 12957.000000
11225.000000 -463.000000 -90.000000 -771.000000 -1717.000000 12349.000000
11938.000000 -735.000000 -76.000000 -983.000000 -1436.000000 11633.000000
12724.000000 -939.000000 60.000000 -1039.000000 -1608.000000 11111.000000
13484.000000 -811.000000 143.000000 -969.000000 -1938.000000 10497.000000
13873.000000 -1001.000000 275.000000 -865.000000 -1889.000000 9622.000000
14001.000000 -1166.000000 515.000000 -627.000000 -1684.000000 8725.000000
13778.000000 -1242.000000 430.000000 -273.000000 -1365.000000 7783.000000
13621.000000 -1442.000000 288.000000 58.000000 -902.000000 7091.000000
13611.000000 -1421.000000 268.000000 359.000000 -389.000000 6692.000000
13683.000000 -1338.000000 39.000000 634.000000 -24.000000 6295.000000
13692.000000 -1372.000000 -124.000000 761.000000 349.000000 5799.000000
13637.000000 -1308.000000 -222.000000 800.000000 623.000000 5243.000000
13375.000000 -1235.000000 -579.000000 794.000000 708.000000 4541.000000
12994.000000 -1232.000000 -749.000000 607.000000 764.000000 3827.000000
12554.000000 -1275.000000 -669.000000 252.000000 886.000000 3170.000000
12150.000000 -1357.000000 -506.000000 -72.000000 1106.000000 2570.000000
11734.000000 -1476.000000 -283.000000 -224.000000 1217.000000 2033.000000
11298.000000 -1398.000000 8.000000 -196.000000 1053.000000 1538.000000
10814.000000 -1435.000000 124.000000 -13.000000 732.000000 1053.000000
10434.000000 -1514.000000 126.000000 164.000000 583.000000 743.000000
10134.000000 -1499.000000 -42.000000 347.000000 564.000000 652.000000
9918.000000 -1488.000000 -311.000000 438.000000 559.000000 733.000000
9890.000000 -1335.000000 -424.000000 369.000000 533.000000 838.000000
9899.000000 -1302.000000 -380.000000 219.000000 402.000000 784.000000
