0.232910 -0.126465 -1.177124 -0.218353 0.395646 0.299049
0.254150 -0.119873 -1.166138 -0.235916 0.294539 0.265346
0.273682 -0.100952 -1.145630 -0.225473 0.094699 0.218590
0.257080 -0.132080 -1.155029 -0.167562 -0.122705 0.176819
0.242432 -0.119141 -1.136841 -0.081882 -0.177768 0.133623
0.226318 -0.105225 -1.145264 0.029430 -0.304270 0.119145
0.227417 -0.092285 -1.179565 0.125790 -0.315900 0.110838
0.232056 -0.089844 -1.184204 0.178717 -0.319935 0.103718
0.239868 -0.094238 -1.262573 0.194144 -0.385915 0.068591
0.276489 -0.117188 -1.304565 0.164952 -0.044857 0.019225
0.194946 -0.095215 -1.262085 0.049841 0.075949 -0.016851
0.182373 -0.112305 -1.241699 -0.062183 0.073813 -0.038686
0.205078 -0.116943 -1.211182 -0.105142 -0.028243 -0.028956
0.213257 -0.125732 -1.202759 -0.098971 -0.063133 -0.000949
0.211060 -0.134644 -1.193237 -0.091139 -0.030380 0.023259
0.224365 -0.128418 -1.179321 -0.100158 0.025158 0.016851
0.241333 -0.120605 -1.172607 -0.105142 0.042959 -0.011155
0.245117 -0.129517 -1.179199 -0.091376 0.060284 -0.037262
0.249756 -0.139893 -1.199341 -0.058386 0.091851 -0.048180
0.241455 -0.150024 -1.237305 -0.013528 0.124604 -0.051503
0.241943 -0.152954 -1.272705 0.035838 0.104430 -0.055300
0.262085 -0.144409 -1.317749 0.089003 0.046756 -0.065506
0.295410 -0.147217 -1.382813 0.146202 -0.005934 -0.072389
0.320801 -0.169067 -1.468140 0.198654 -0.041772 -0.084968
0.324219 -0.192505 -1.563477 0.236628 -0.079509 -0.125553
0.326782 -0.198120 -1.672974 0.259176 -0.141929 -0.190822
0.332275 -0.191650 -1.807373 0.252767 -0.199366 -0.245647
0.328125 -0.187988 -1.934814 0.192246 -0.238290 -0.272467
0.308228 -0.192871 -2.062134 0.042484 -0.229745 -0.294065
0.287231 -0.182129 -2.131470 -0.238527 -0.184176 -0.325394
0.265869 -0.164673 -2.188110 -0.662891 -0.070727 -0.360520
0.203003 -0.139526 -2.083374 -1.183379 0.060996 -0.375472
0.174683 -0.221924 -2.140259 -1.696746 0.288131 -0.355298
0.095337 -0.239258 -2.047119 -2.167629 0.337973 -0.315188
0.062256 -0.208008 -1.903198 -2.612879 0.343194 -0.283147
0.017578 -0.198608 -1.806396 -2.971975 0.347229 -0.243511
0.001099 -0.202148 -1.719116 -3.256071 0.281723 -0.185600
0.004761 -0.204102 -1.655029 -3.524740 0.240900 -0.118907
0.012085 -0.204712 -1.572021 -3.819280 0.258226 -0.055775
0.022095 -0.212891 -1.483887 -4.129484 0.342482 -0.001187
0.002319 -0.216309 -1.358765 -4.408121 0.463288 0.034652
-0.018311 -0.218506 -1.201050 -4.630509 0.556563 0.053639
-0.031250 -0.218384 -1.053711 -4.776711 0.581009 0.067879
-0.031250 -0.198364 -0.890625 -4.849574 0.591452 0.099920
-0.035156 -0.170898 -0.765503 -4.850286 0.664078 0.153559
-0.023560 -0.151855 -0.647339 -4.808277 0.721514 0.217641
0.008179 -0.151001 -0.539795 -4.740872 0.781799 0.287656
0.047852 -0.123047 -0.431641 -4.624576 0.840422 0.348178
0.078125 -0.114136 -0.298706 -4.448469 0.928475 0.389001
0.108887 -0.062012 -0.194092 -4.203534 1.073490 0.389001
0.121094 -0.040283 -0.084473 -3.876954 1.184803 0.354824
0.133667 -0.021240 0.031128 -3.463744 1.227761 0.300710
0.140869 0.014282 0.112061 -2.957023 1.227524 0.248021
0.140869 0.051392 0.164795 -2.357501 1.136148 0.209097
0.154297 0.082520 0.202637 -1.698407 1.017240 0.179904
0.152954 0.081665 0.220215 -1.014630 0.901893 0.160679
0.143921 0.098389 0.220825 -0.339871 0.796751 0.151660
0.136841 0.074951 0.179688 0.318511 0.714157 0.162103
0.161011 0.104858 0.114136 0.948412 0.605930 0.186549
0.179077 0.091187 0.032104 1.530133 0.436943 0.199603
0.186523 0.085571 -0.056519 2.058927 0.282910 0.185837
0.177734 0.083252 -0.165527 2.540016 0.109651 0.155933
0.163696 0.082275 -0.260132 2.966991 -0.131487 0.126265
0.122437 0.064819 -0.382324 3.319679 -0.393510 0.101582
0.077148 0.073364 -0.505005 3.601876 -0.703714 0.086392
0.066895 0.067017 -0.609375 3.803141 -1.023886 0.115110
0.081787 0.054810 -0.717773 3.918963 -1.249834 0.222151
0.099976 0.057739 -0.823975 3.966668 -1.287571 0.379270
0.117554 0.045776 -0.932617 3.965482 -1.209486 0.546120
0.135620 0.006104 -1.048096 3.929880 -1.115025 0.703477
0.153564 0.006470 -1.139404 3.859390 -1.050705 0.874599
0.177856 -0.021484 -1.220703 3.756385 -0.923254 1.073490
0.215210 -0.018555 -1.288818 3.618253 -0.770407 1.275467
0.216309 -0.020508 -1.323608 3.459709 -0.698492 1.422855
0.242432 -0.033936 -1.404419 3.287875 -0.567718 1.494532
0.272095 -0.032471 -1.483154 3.110819 -0.562022 1.520877
0.287598 -0.064087 -1.533081 2.943020 -0.675708 1.521589
0.314087 -0.079834 -1.573853 2.769286 -0.795802 1.499516
0.322388 -0.087280 -1.589722 2.591756 -0.836862 1.479105
0.346558 -0.119873 -1.645142 2.408529 -0.791055 1.476494
0.352539 -0.153442 -1.709717 2.234084 -0.873175 1.475070
0.372559 -0.152344 -1.762695 2.104022 -0.954820 1.453947
0.390991 -0.167358 -1.801880 1.979181 -1.046433 1.405766
0.415039 -0.171753 -1.844116 1.812805 -1.033854 1.327919
0.412720 -0.173462 -1.865723 1.598249 -0.932273 1.236780
0.402588 -0.196533 -1.892944 1.360672 -0.802210 1.162730
0.410034 -0.198730 -1.923828 1.132350 -0.681167 1.115974
0.407104 -0.199951 -1.957275 0.927288 -0.581721 1.080373
0.409058 -0.209106 -2.005127 0.714157 -0.534965 1.032668
0.414307 -0.192871 -2.055298 0.484412 -0.564395 0.967874
0.403687 -0.177490 -2.121460 0.236391 -0.626341 0.893111
0.392212 -0.168823 -2.176880 -0.046044 -0.678319 0.825232
0.387085 -0.170288 -2.204956 -0.379032 -0.676894 0.777052
0.380127 -0.171265 -2.182983 -0.775153 -0.600471 0.745248
0.361694 -0.155029 -2.149902 -1.203553 -0.446912 0.715106
0.327393 -0.158447 -2.105469 -1.606794 -0.293827 0.682116
0.291016 -0.153076 -2.053101 -1.961380 -0.164714 0.652686
0.259766 -0.156128 -1.996460 -2.297929 -0.095411 0.632037
0.231445 -0.143433 -1.932007 -2.648480 -0.045332 0.624442
0.211548 -0.131714 -1.861694 -3.008525 -0.017089 0.623493
0.193115 -0.123291 -1.794434 -3.364061 -0.037737 0.624917
0.187378 -0.131592 -1.703369 -3.716274 -0.084730 0.622781
0.197021 -0.140625 -1.574463 -4.058519 -0.081170 0.617797
0.201050 -0.129150 -1.444702 -4.368011 0.017326 0.615423
0.194702 -0.124268 -1.311279 -4.609860 0.165189 0.614237
0.183105 -0.134644 -1.182129 -4.778372 0.328716 0.615898
0.172119 -0.132324 -1.088257 -4.883039 0.465662 0.622306
0.158203 -0.110229 -0.987793 -4.918403 0.539712 0.638683
0.160278 -0.095337 -0.901978 -4.882327 0.565819 0.656958
0.164673 -0.061646 -0.812744 -4.784780 0.542560 0.657195
0.163696 -0.020508 -0.719971 -4.628373 0.459728 0.634173
0.182129 0.028320 -0.675293 -4.424972 0.339634 0.599996
0.211914 0.095703 -0.625000 -4.190243 0.174920 0.565107
0.231567 0.130737 -0.580566 -3.954089 0.099446 0.515978
0.224487 0.161133 -0.550049 -3.753537 0.098259 0.451896
0.226807 0.184448 -0.507080 -3.589772 0.135759 0.394460
0.224243 0.218872 -0.464966 -3.432652 0.176581 0.354586
0.216431 0.235962 -0.417603 -3.275059 0.234730 0.341295
0.203857 0.236328 -0.369141 -3.110582 0.327055 0.351264
0.208008 0.255615 -0.293579 -2.930440 0.394934 0.371912
0.223633 0.279541 -0.226929 -2.697135 0.435045 0.379270
0.238892 0.310547 -0.162720 -2.395001 0.429111 0.356485
0.243408 0.346924 -0.133423 -2.028785 0.360283 0.300947
0.239136 0.374878 -0.127563 -1.635512 0.258938 0.232831
0.208008 0.381958 -0.141602 -1.267397 0.123892 0.162341
0.188477 0.384033 -0.150513 -0.965738 -0.040111 0.096123
0.170532 0.385132 -0.160278 -0.719141 -0.180379 0.052215
0.162964 0.390991 -0.146973 -0.496991 -0.266533 0.047231
0.160767 0.386230 -0.134277 -0.274128 -0.292878 0.071439
0.161865 0.382813 -0.129150 -0.025158 -0.279824 0.102056
0.169434 0.383423 -0.125488 0.272704 -0.257989 0.124366
0.173462 0.388062 -0.141235 0.625392 -0.256565 0.123892
0.172485 0.377686 -0.162231 1.014392 -0.301185 0.096123
0.162964 0.351685 -0.189575 1.387017 -0.366453 0.048655
0.129150 0.317139 -0.213989 1.707189 -0.443114 -0.012104
0.107544 0.274658 -0.217651 1.968738 -0.533778 -0.079746
0.102905 0.226074 -0.226196 2.207027 -0.640819 -0.141692
0.095947 0.162598 -0.216919 2.480443 -0.779663 -0.182752
0.107910 0.087036 -0.237671 2.866121 -0.878159 -0.206486
0.114258 0.013306 -0.260742 3.394915 -0.948412 -0.219065
0.122803 -0.043091 -0.316284 4.061130 -0.994693 -0.215268
0.117554 -0.125977 -0.439209 4.779084 -1.044297 -0.185600
0.118408 -0.151611 -0.617554 5.433669 -1.066133 -0.139556
0.088989 -0.193237 -0.776855 5.909536 -1.029582 -0.103955
0.100464 -0.209717 -1.019043 6.142129 -0.963602 -0.089477
0.107422 -0.159180 -1.253662 6.156132 -0.906640 -0.074288
0.120117 -0.132813 -1.526733 5.983111 -0.810517 -0.047943
0.127075 -0.044556 -1.771118 5.633746 -0.775153 -0.035601
0.130249 -0.003052 -1.989868 5.097357 -0.674046 -0.047705
0.119995 0.028320 -2.172485 4.355669 -0.545645 -0.071202
