1.205688 -0.493286 -0.737915 0.221438 -0.794141 -0.175632
1.167480 -0.474365 -0.752930 0.295489 -0.914235 -0.377371
1.139282 -0.488525 -0.770386 0.300947 -1.013206 -0.462814
1.188965 -0.470459 -0.768799 0.264872 -0.963602 -0.451421
1.226318 -0.531738 -0.784058 0.248258 -0.908539 -0.396833
1.215210 -0.497314 -0.764404 0.281960 -0.596436 -0.415345
1.205078 -0.508301 -0.810669 0.381168 -0.295014 -0.422703
1.233643 -0.520142 -0.809570 0.487022 -0.144303 -0.345330
1.291382 -0.494507 -0.823242 0.620408 -0.089952 -0.310204
1.328369 -0.474976 -0.892456 0.751182 -0.053402 -0.319935
1.360229 -0.457886 -0.992065 0.841371 -0.038212 -0.361232
1.457642 -0.405640 -1.109375 0.842083 -0.042959 -0.443114
1.511108 -0.350586 -1.217896 0.761862 -0.186312 -0.624680
1.545654 -0.356812 -1.289307 0.551341 -0.252767 -0.878396
1.563721 -0.386475 -1.291138 0.229508 -0.117721 -1.145642
1.541626 -0.381226 -1.281494 -0.096835 0.119382 -1.399596
1.499512 -0.395996 -1.260254 -0.401105 0.319697 -1.645955
1.433228 -0.421387 -1.236694 -0.676657 0.367877 -1.914624
1.347656 -0.446411 -1.215210 -0.926339 0.318036 -2.176410
1.286255 -0.469971 -1.207031 -1.167952 0.281960 -2.377912
1.235352 -0.463501 -1.209106 -1.428551 0.300947 -2.512010
1.193359 -0.451660 -1.218628 -1.722141 0.362656 -2.617626
1.130981 -0.436523 -1.202637 -2.052281 0.505060 -2.735821
1.027710 -0.420776 -1.177979 -2.405444 0.691847 -2.864697
0.947510 -0.419189 -1.140137 -2.778068 0.893586 -2.978621
0.859863 -0.398560 -1.072388 -3.135503 1.089392 -3.088272
0.747681 -0.401001 -0.982300 -3.466355 1.274280 -3.229727
0.628662 -0.407715 -0.876465 -3.744755 1.428314 -3.371656
0.489136 -0.377563 -0.793335 -3.960260 1.568345 -3.473475
0.342407 -0.373535 -0.702148 -4.182411 1.791919 -3.507177
0.222534 -0.422241 -0.545410 -4.344514 1.994608 -3.446418
0.138550 -0.389893 -0.429932 -4.334071 2.141284 -3.333207
0.078613 -0.336914 -0.361938 -4.198787 1.940732 -3.191278
0.011230 -0.306396 -0.305176 -4.046177 1.790970 -2.982655
-0.063110 -0.239502 -0.217041 -3.927744 1.726176 -2.714698
-0.133545 -0.161011 -0.111938 -3.776321 1.675860 -2.446741
-0.187744 -0.109497 -0.025513 -3.561054 1.610829 -2.204179
-0.243042 -0.062256 0.067383 -3.280755 1.495006 -1.971111
-0.301392 0.001709 0.145752 -2.944681 1.262176 -1.723802
-0.341919 0.047241 0.167114 -2.592943 0.955295 -1.460117
-0.384766 0.085449 0.186890 -2.253546 0.573177 -1.186701
-0.391479 0.107544 0.219727 -1.935035 0.143828 -0.884093
-0.387451 0.110107 0.240601 -1.628629 -0.076424 -0.568905
-0.368896 0.086426 0.276489 -1.330055 -0.206961 -0.219065
-0.307007 0.069336 0.320557 -1.012731 -0.433146 0.226660
-0.217651 0.047485 0.328491 -0.674284 -0.577686 0.790818
-0.104980 0.051270 0.308594 -0.351026 -0.537101 1.380134
0.010742 0.037231 0.285522 -0.066455 -0.401105 1.916523
0.141113 0.004150 0.273682 0.211945 -0.292166 2.381235
0.296265 -0.005981 0.235596 0.506247 -0.252767 2.758606
0.439575 -0.023071 0.187622 0.811229 -0.370488 3.034158
0.576538 -0.046753 0.149170 1.121196 -0.617085 3.196499
0.710205 -0.093994 0.075317 1.421431 -0.860833 3.296894
0.873291 -0.152222 -0.014893 1.691999 -1.076576 3.422210
1.042603 -0.152222 -0.110474 1.934323 -1.331954 3.552272
1.210449 -0.129028 -0.215088 2.152676 -1.701255 3.627272
1.346802 -0.123413 -0.331543 2.326410 -2.111617 3.656939
1.440796 -0.119751 -0.417969 2.475697 -2.449826 3.654328
1.537720 -0.115601 -0.514404 2.594841 -2.671265 3.624661
1.621826 -0.098145 -0.627686 2.688591 -2.800853 3.574819
1.715210 -0.084473 -0.813843 2.715410 -2.823163 3.491038
1.767334 -0.085083 -0.975952 2.589145 -2.726328 3.365248
1.787354 -0.070557 -1.086426 2.352280 -2.622373 3.193651
1.763550 -0.091797 -1.218506 2.063911 -2.557579 3.018019
1.747681 -0.144897 -1.310059 1.721192 -2.350143 2.907418
1.783325 -0.135620 -1.423950 1.374912 -2.158610 2.841438
1.876221 -0.099365 -1.503540 1.045247 -2.079813 2.778305
1.988037 -0.120239 -1.586060 0.751657 -2.184717 2.657262
2.031006 -0.130127 -1.686401 0.305932 -2.143657 2.408767
2.062134 -0.134399 -1.674072 -0.317087 -1.882820 2.135350
1.992065 -0.158813 -1.495728 -0.940817 -1.462728 1.816840
1.972534 -0.187500 -1.420166 -1.347143 -1.102920 1.520164
1.927612 -0.216797 -1.325806 -1.661382 -0.917558 1.154660
1.911377 -0.241943 -1.224365 -1.894925 -0.817400 0.754030
1.929199 -0.250610 -1.127686 -2.067708 -0.709885 0.375472
1.930908 -0.244141 -1.055420 -2.211774 -0.445013 0.025395
1.888916 -0.251221 -1.013306 -2.354890 0.022310 -0.327767
1.817627 -0.239868 -0.965698 -2.502279 0.570329 -0.705375
1.727905 -0.239990 -0.899414 -2.648005 1.068981 -1.109803
1.652954 -0.221436 -0.825684 -2.759793 1.413836 -1.517079
1.569092 -0.199463 -0.758789 -2.838590 1.628629 -1.933849
1.485474 -0.210449 -0.676514 -2.890805 1.723090 -2.356789
1.386963 -0.210571 -0.603516 -2.909317 1.791444 -2.769999
1.274170 -0.212402 -0.537842 -2.875140 1.802362 -3.142623
1.148193 -0.218506 -0.493896 -2.800141 1.786460 -3.412241
1.018799 -0.225708 -0.440674 -2.723005 1.771033 -3.576481
0.875122 -0.241211 -0.369263 -2.642784 1.765100 -3.671891
0.704956 -0.246582 -0.304810 -2.528386 1.734245 -3.695151
0.623047 -0.180664 -0.261841 -2.376014 1.624357 -3.615167
0.542847 -0.144775 -0.184448 -2.240967 1.509722 -3.596417
0.442871 -0.136597 -0.126465 -2.106632 1.411463 -3.601164
0.343384 -0.086426 -0.054932 -1.885906 1.292318 -3.625848
0.267456 -0.049316 -0.022095 -1.645955 1.138284 -3.613506
0.214355 -0.008301 -0.035278 -1.409801 0.951023 -3.525215
0.151489 0.022461 -0.080200 -1.218505 0.851102 -3.370469
0.060669 0.070801 -0.135010 -1.156085 1.033142 -3.151642
0.009033 0.129150 -0.163574 -1.199993 1.417396 -2.873479
-0.041504 0.178833 -0.188599 -1.264074 1.709799 -2.574193
-0.101807 0.210449 -0.193848 -1.299201 1.777679 -2.293657
-0.149170 0.243164 -0.173828 -1.304422 1.669689 -2.025462
-0.183105 0.286377 -0.163452 -1.312017 1.509009 -1.737568
-0.168335 0.313843 -0.162598 -1.327207 1.363757 -1.420719
-0.120361 0.351318 -0.156860 -1.359010 1.224439 -1.099123
-0.063843 0.360962 -0.165039 -1.404342 1.056639 -0.813128
-0.019287 0.364258 -0.161377 -1.456557 0.877210 -0.546357
-0.009644 0.364868 -0.131348 -1.526810 0.743112 -0.280536
-0.006226 0.377808 -0.106812 -1.597300 0.681879 -0.026345
-0.000854 0.403198 -0.093262 -1.645955 0.642005 0.223812
0.008789 0.410767 -0.086914 -1.667078 0.570091 0.462576
0.015991 0.406128 -0.073853 -1.678945 0.437893 0.677844
0.034180 0.372559 -0.036133 -1.687964 0.297625 0.884330
0.078735 0.337891 -0.014160 -1.660195 0.165189 1.121670
0.140625 0.303223 0.014526 -1.584246 0.039398 1.411700
0.198975 0.292603 0.041382 -1.463203 -0.094699 1.720242
0.250732 0.287231 0.066162 -1.325308 -0.235916 2.019291
0.303345 0.265137 0.102783 -1.190024 -0.348178 2.286299
0.350708 0.253662 0.132935 -1.037414 -0.416295 2.498481
0.396606 0.227051 0.128540 -0.885279 -0.441928 2.673164
0.433960 0.178955 0.102905 -0.765185 -0.456168 2.868969
0.469360 0.121826 0.049072 -0.668113 -0.494142 3.123161
0.564209 0.085449 0.025269 -0.581246 -0.602844 3.404646
0.724243 0.067749 0.026123 -0.489870 -0.806245 3.702746
0.906860 0.063843 0.001831 -0.403241 -1.013680 3.947681
1.089600 0.060791 -0.011475 -0.356485 -1.063997 4.080354
1.267822 0.039673 -0.001709 -0.328716 -0.959092 4.116192
1.473999 0.076660 -0.030273 -0.275552 -0.912099 4.104563
1.673828 0.096191 -0.069824 -0.224049 -0.875548 3.935102
1.756348 0.067749 -0.054932 -0.149524 -0.985912 3.585974
1.860962 0.082397 -0.057373 -0.046281 -1.063997 3.220945
1.902344 0.062622 -0.077759 0.028243 -0.928001 2.806074
1.933228 0.020264 -0.092407 0.116059 -0.939393 2.405918
1.974976 -0.011475 -0.112915 0.216217 -1.040737 2.098800
2.013916 -0.008301 -0.134521 0.302134 -1.028395 1.854340
2.032959 0.001343 -0.157349 0.354824 -0.861308 1.595164
2.006470 0.001831 -0.177856 0.379032 -0.622781 1.319137
1.935303 0.012329 -0.175659 0.366928 -0.344143 1.041212
1.831787 0.001709 -0.187622 0.322545 -0.076898 0.782036
1.731812 -0.033203 -0.171875 0.252530 0.131487 0.587417
1.662231 -0.041138 -0.145874 0.212894 0.205062 0.462102
1.612427 -0.039429 -0.135254 0.214081 0.194144 0.356248
1.571411 -0.037720 -0.140625 0.222388 0.210283 0.258464
1.520020 -0.023071 -0.148560 0.219065 0.252530 0.167562
1.465210 -0.018921 -0.168213 0.197467 0.303558 0.081408
1.407471 -0.015137 -0.167114 0.157119 0.337023 -0.001661
1.369385 -0.017212 -0.163208 0.127689 0.317561 -0.082357
1.332153 -0.005249 -0.171143 0.116059 0.243036 -0.161154
1.293091 -0.001831 -0.169067 0.094461 0.133148 -0.238527
1.253052 -0.005371 -0.147095 0.055300 0.065269 -0.305694
1.209595 -0.005859 -0.137817 0.028243 0.054826 -0.364555
1.166748 -0.007935 -0.128174 0.024921 -0.012816 -0.412497
