1.118408 -0.180786 -0.560181 0.775153 -0.314476 0.096835
1.085938 -0.186035 -0.578003 1.000152 -0.513130 0.107040
1.138184 -0.182983 -0.599121 1.213284 -0.596436 0.051503
1.212402 -0.182007 -0.673096 1.413836 -0.639632 -0.070965
1.306152 -0.142212 -0.769165 1.543899 -0.633461 -0.267482
1.396606 -0.088135 -0.896973 1.554579 -0.508620 -0.549680
1.381104 -0.070557 -0.988159 1.397460 -0.184176 -0.906877
1.302246 -0.082642 -1.025146 1.088205 0.331564 -1.290656
1.181274 -0.093018 -1.009766 0.716768 0.785834 -1.623882
1.043701 -0.115479 -0.963135 0.373811 1.002525 -1.856713
0.917236 -0.137207 -0.912231 0.099920 1.001339 -1.984402
0.813599 -0.137329 -0.874878 -0.122705 0.878871 -2.001728
0.729736 -0.123169 -0.846680 -0.327292 0.752369 -1.921982
0.667358 -0.100952 -0.821655 -0.544459 0.655297 -1.769135
0.630493 -0.066284 -0.788818 -0.781324 0.619933 -1.583772
0.621338 -0.034302 -0.751465 -1.027446 0.611389 -1.413361
0.621704 -0.025757 -0.708130 -1.271669 0.617085 -1.282350
0.606445 -0.021240 -0.639771 -1.501652 0.635597 -1.199281
0.587646 -0.023438 -0.562988 -1.687015 0.657433 -1.160119
0.565063 -0.038574 -0.490112 -1.815179 0.661230 -1.131164
0.543945 -0.048462 -0.434570 -1.892077 0.666926 -1.093664
0.515625 -0.040283 -0.394531 -1.929102 0.661942 -1.045009
0.487915 -0.048462 -0.356201 -1.935747 0.629426 -0.988285
0.459595 -0.039551 -0.320679 -1.912725 0.593588 -0.927051
0.430908 -0.029419 -0.284790 -1.872140 0.542797 -0.851340
0.406128 -0.044434 -0.262939 -1.823723 0.476342 -0.749521
0.394287 -0.052979 -0.242310 -1.775543 0.404191 -0.602132
0.404297 -0.039551 -0.212646 -1.722378 0.329666 -0.411073
0.434570 -0.039429 -0.198364 -1.651176 0.243511 -0.219065
0.474731 -0.036987 -0.198242 -1.568819 0.155221 -0.056012
0.516602 -0.040039 -0.175537 -1.486700 0.113923 0.080458
0.550415 -0.064819 -0.148438 -1.396510 0.146202 0.201977
0.569824 -0.081055 -0.101440 -1.272144 0.173970 0.322071
0.582764 -0.091919 -0.071411 -1.102683 0.160917 0.446674
0.596191 -0.097290 -0.058716 -0.899520 0.120569 0.584806
0.621948 -0.082764 -0.046753 -0.685913 0.073813 0.737891
0.638306 -0.073486 -0.050415 -0.477766 0.023259 0.885991
0.643799 -0.069214 -0.073364 -0.277925 -0.021835 1.005373
0.672363 -0.044434 -0.106812 -0.108939 -0.073575 1.110753
0.698120 -0.032227 -0.146973 0.007832 -0.099446 1.214470
0.742065 -0.034790 -0.177368 0.082832 -0.078560 1.286622
0.766968 -0.042358 -0.183716 0.141217 -0.032516 1.321511
0.772461 -0.053955 -0.191895 0.196992 0.022073 1.345957
0.745361 -0.066772 -0.205322 0.271992 0.069066 1.375862
0.731689 -0.071411 -0.239014 0.366453 0.075000 1.442317
0.732788 -0.079712 -0.288940 0.466611 0.024921 1.569057
0.756836 -0.087036 -0.352173 0.564870 -0.042721 1.708375
0.807373 -0.067749 -0.436768 0.647702 -0.131487 1.824435
0.857056 -0.079712 -0.534180 0.671198 -0.262024 1.920558
0.935913 -0.089722 -0.612183 0.613525 -0.360757 1.999829
1.018066 -0.087646 -0.665161 0.491294 -0.438842 2.059164
1.111450 -0.077393 -0.659302 0.334650 -0.468035 2.071031
1.165771 -0.080688 -0.648682 0.196992 -0.452133 1.996744
1.214844 -0.091187 -0.625000 0.125790 -0.451896 1.854814
1.224121 -0.106445 -0.617676 0.122230 -0.506721 1.686065
1.232422 -0.109741 -0.647217 0.154271 -0.564633 1.534880
1.264160 -0.105591 -0.707275 0.173021 -0.598335 1.432823
1.291016 -0.091675 -0.763550 0.114161 -0.563209 1.365181
1.340332 -0.080688 -0.810181 -0.027531 -0.464475 1.294454
1.385864 -0.085205 -0.828857 -0.218828 -0.404191 1.204739
1.422241 -0.097900 -0.827393 -0.422228 -0.425076 1.078000
1.451782 -0.103027 -0.815430 -0.601895 -0.486548 0.894061
1.478882 -0.118042 -0.808960 -0.740027 -0.630850 0.679505
1.497437 -0.135864 -0.801147 -0.848254 -0.794615 0.449760
1.502930 -0.158691 -0.783081 -0.939156 -0.900469 0.213369
1.496460 -0.179199 -0.774170 -1.006560 -0.970010 0.004509
1.484375 -0.184937 -0.747925 -1.067557 -0.973570 -0.158543
1.454956 -0.182007 -0.726807 -1.123332 -0.867479 -0.301185
1.425903 -0.173828 -0.715332 -1.158695 -0.735518 -0.433383
1.383057 -0.174561 -0.693481 -1.181480 -0.605692 -0.561072
1.326904 -0.179199 -0.686768 -1.197856 -0.483225 -0.688762
1.276367 -0.177612 -0.680420 -1.201179 -0.392561 -0.810754
1.210205 -0.168091 -0.678955 -1.212334 -0.305694 -0.913048
1.155029 -0.156616 -0.685669 -1.247698 -0.214081 -0.992320
1.090942 -0.160522 -0.682861 -1.310830 -0.129588 -1.046671
1.021362 -0.140381 -0.664185 -1.393425 -0.052690 -1.085120
0.966553 -0.146606 -0.643677 -1.480291 -0.022310 -1.113601
0.905884 -0.146362 -0.627563 -1.553630 -0.052927 -1.125468
0.857178 -0.140015 -0.588501 -1.622458 -0.117721 -1.116211
0.813843 -0.145752 -0.552246 -1.682268 -0.169936 -1.098886
0.765869 -0.146240 -0.508667 -1.722378 -0.210996 -1.069693
0.725342 -0.146851 -0.459351 -1.732821 -0.217878 -1.019851
0.696411 -0.144653 -0.414795 -1.718818 -0.181328 -0.942953
0.666138 -0.135254 -0.380127 -1.679420 -0.117009 -0.853950
0.646118 -0.122192 -0.351563 -1.622696 -0.031804 -0.764948
0.624023 -0.105347 -0.329834 -1.551256 0.043908 -0.673097
0.608765 -0.088135 -0.305664 -1.469136 0.125553 -0.576974
0.603027 -0.064331 -0.320068 -1.378710 0.164714 -0.490582
0.623779 -0.038818 -0.354980 -1.289707 0.137420 -0.418431
0.654663 -0.023804 -0.380005 -1.227049 0.070490 -0.367877
0.667236 -0.011108 -0.386230 -1.200467 0.036550 -0.342482
0.692261 -0.008789 -0.368896 -1.189075 0.000712 -0.328242
0.715698 0.002197 -0.360229 -1.161306 -0.056962 -0.311628
0.754150 0.027954 -0.349731 -1.126654 -0.103006 -0.285758
0.771973 0.043701 -0.344238 -1.105768 -0.071914 -0.270568
0.752930 0.058960 -0.321289 -1.085594 0.028956 -0.276501
0.717529 0.063354 -0.304199 -1.033142 0.116059 -0.286707
0.676880 0.089233 -0.278076 -0.946750 0.151898 -0.268195
0.655029 0.105103 -0.263062 -0.840659 0.153084 -0.222388
0.619995 0.107544 -0.242554 -0.723413 0.127452 -0.174682
0.558472 0.122559 -0.228027 -0.597386 0.106566 -0.123892
0.517578 0.135864 -0.215088 -0.473257 0.057199 -0.030854
0.489746 0.140259 -0.215088 -0.358621 -0.009968 0.112262
0.470581 0.153809 -0.215698 -0.251581 -0.062183 0.267008
0.487427 0.143066 -0.228271 -0.155933 -0.103006 0.414396
0.498047 0.140503 -0.229492 -0.080696 -0.137183 0.561784
0.512817 0.122314 -0.219849 -0.034177 -0.114873 0.703951
0.552490 0.111694 -0.203857 -0.002136 -0.084018 0.848254
0.584351 0.094727 -0.193848 0.037974 -0.084730 0.988760
0.619019 0.093018 -0.209351 0.108227 -0.106803 1.087968
0.658691 0.080688 -0.243652 0.211233 -0.167088 1.146354
0.705444 0.067139 -0.283081 0.310441 -0.245885 1.191686
0.754272 0.059326 -0.305420 0.382355 -0.267245 1.212809
0.789185 0.055664 -0.326782 0.449522 -0.264160 1.199281
0.793823 0.052246 -0.355469 0.525234 -0.276501 1.161069
0.774414 0.047485 -0.398071 0.607116 -0.287894 1.120246
0.762695 0.033081 -0.443726 0.671436 -0.285046 1.119771
0.744873 0.033081 -0.490112 0.710597 -0.285758 1.171512
0.759644 0.020752 -0.553589 0.733619 -0.280774 1.240815
0.808838 0.014771 -0.617310 0.728872 -0.345093 1.321036
0.865601 0.026855 -0.670288 0.672622 -0.404191 1.380134
0.902466 0.045898 -0.700562 0.571278 -0.437418 1.375387
0.914185 0.057495 -0.711426 0.456168 -0.482038 1.303710
0.910278 0.046143 -0.713013 0.346517 -0.529506 1.201179
0.900757 0.019531 -0.721680 0.256328 -0.585518 1.111227
0.904297 -0.008179 -0.736572 0.186075 -0.626104 1.070879
0.931885 -0.022461 -0.752075 0.114161 -0.609965 1.080136
0.972290 -0.039917 -0.749512 0.032278 -0.539949 1.100784
0.992798 -0.052612 -0.741211 -0.042247 -0.450235 1.085120
0.980469 -0.067627 -0.733765 -0.077848 -0.400393 1.036465
0.990967 -0.096191 -0.744019 -0.077848 -0.426263 0.990658
0.990601 -0.104126 -0.766235 -0.067167 -0.522386 0.961228
0.992432 -0.094360 -0.800659 -0.066218 -0.610202 0.923254
1.011597 -0.103027 -0.836914 -0.092325 -0.691847 0.883855
1.045654 -0.087158 -0.859497 -0.156170 -0.776103 0.850628
1.083374 -0.071655 -0.855957 -0.251106 -0.809805 0.774916
1.093140 -0.065308 -0.835938 -0.343669 -0.819536 0.638683
1.077515 -0.079224 -0.812744 -0.410599 -0.801498 0.475867
1.037964 -0.100586 -0.792358 -0.444776 -0.759489 0.339634
1.000000 -0.119263 -0.780273 -0.451184 -0.671673 0.269381
0.977539 -0.132202 -0.769775 -0.444301 -0.546357 0.259413
0.970459 -0.119141 -0.754883 -0.428637 -0.415108 0.270568
0.973755 -0.105835 -0.730957 -0.406801 -0.292641 0.257752
0.976807 -0.096436 -0.709106 -0.378083 -0.198654 0.201739
0.965820 -0.096191 -0.687866 -0.344143 -0.152372 0.115822
0.945313 -0.094238 -0.669678 -0.308542 -0.120569 0.015664
0.897949 -0.093506 -0.670654 -0.270093 -0.092563 -0.077373
0.859131 -0.098267 -0.670410 -0.227609 -0.070253 -0.137183
0.836670 -0.107422 -0.673096 -0.197467 -0.055775 -0.147863
0.833374 -0.099609 -0.668213 -0.186549 -0.046519 -0.136233
