0.297974 0.234741 -0.922729 2.783527 -0.332039 -0.061946
0.392090 0.230225 -0.932495 2.248799 -0.452133 0.125553
0.418701 0.161743 -0.850586 1.859324 -0.469696 0.310678
0.400024 0.010864 -0.834229 1.680369 -0.205774 0.505060
0.398071 0.123413 -0.785278 1.642632 0.018513 0.626816
0.456177 0.179565 -0.833496 1.745875 0.316612 0.766134
0.489746 0.234985 -0.909058 1.899197 0.389475 0.934883
0.536621 0.214844 -0.992065 2.041601 0.415583 1.047145
0.598389 0.158569 -1.102295 2.130129 0.321359 1.013206
0.627075 0.119751 -1.117798 2.137961 -0.002136 0.802685
0.709351 0.121094 -1.151489 2.118737 -0.354586 0.456643
0.706299 0.092529 -1.258179 2.162882 -0.933459 0.081645
0.711304 0.119263 -1.317749 2.297454 -1.447301 -0.250157
0.725586 0.155029 -1.337524 2.477595 -1.484563 -0.473969
0.712158 0.137207 -1.417847 2.615252 -1.271907 -0.586705
0.685913 0.152344 -1.494507 2.662721 -1.127129 -0.633224
0.657471 0.190430 -1.571411 2.580838 -1.042636 -0.645328
0.627319 0.211304 -1.647339 2.342074 -1.021750 -0.637971
0.601318 0.190308 -1.736572 1.967551 -1.012968 -0.609965
0.460327 0.125244 -1.865723 1.501889 -0.999677 -0.548019
0.465576 0.152954 -1.874634 0.980453 -0.812178 -0.441216
0.549316 0.153076 -1.871826 0.429586 -0.574126 -0.285283
0.562744 0.116089 -1.901733 -0.085917 -0.546120 -0.170885
0.535645 0.061768 -1.882690 -0.555139 -0.638445 -0.114873
0.539917 0.046021 -1.848145 -0.981402 -0.664553 -0.110838
0.553101 0.035156 -1.789551 -1.366843 -0.610914 -0.108939
0.563477 0.006226 -1.721436 -1.707663 -0.604743 -0.085917
0.574585 -0.018066 -1.665894 -1.985114 -0.611863 -0.063370
0.584595 -0.024902 -1.614014 -2.198958 -0.557987 -0.064794
0.583862 -0.019409 -1.564209 -2.368893 -0.499839 -0.091376
0.590454 -0.007202 -1.540771 -2.529098 -0.474918 -0.130062
0.587646 0.018433 -1.532837 -2.712562 -0.505297 -0.174208
0.566650 0.015137 -1.501587 -2.937798 -0.578636 -0.224049
0.551270 -0.010864 -1.454224 -3.223793 -0.673809 -0.271992
0.545288 -0.031128 -1.404419 -3.549424 -0.795090 -0.293353
0.539185 -0.042114 -1.335815 -3.869833 -0.901893 -0.278400
0.532837 -0.066895 -1.250366 -4.151082 -0.941054 -0.237340
0.507324 -0.082520 -1.161499 -4.386048 -0.917795 -0.183701
0.489624 -0.094971 -1.063843 -4.587550 -0.861071 -0.119857
0.483521 -0.130493 -0.962036 -4.772676 -0.782036 -0.034889
0.468628 -0.162109 -0.852661 -4.942611 -0.647939 0.065981
0.462402 -0.182739 -0.738403 -5.079082 -0.469696 0.166138
0.458740 -0.194092 -0.626709 -5.154319 -0.277213 0.254666
0.446289 -0.204712 -0.505859 -5.157642 -0.108702 0.321833
0.434326 -0.232544 -0.381226 -5.093797 0.022073 0.372624
0.409180 -0.272827 -0.262817 -4.966820 0.112499 0.411073
0.382813 -0.283813 -0.155151 -4.768878 0.141455 0.435282
0.341919 -0.285522 -0.062256 -4.492852 0.189635 0.434333
0.301880 -0.277344 0.007080 -4.149420 0.276501 0.405615
0.259277 -0.257324 0.065552 -3.757097 0.331090 0.363131
0.204590 -0.224487 0.115967 -3.339615 0.303321 0.322071
0.180542 -0.200195 0.165161 -2.915251 0.224761 0.296201
0.171021 -0.201660 0.198853 -2.498719 0.123892 0.295963
0.166016 -0.210327 0.226929 -2.107344 0.014240 0.326106
0.163452 -0.202759 0.242065 -1.752046 -0.076898 0.392798
0.159668 -0.192505 0.249756 -1.441842 -0.155221 0.498415
0.165771 -0.178223 0.260620 -1.173410 -0.226897 0.637496
0.184204 -0.174438 0.269043 -0.930374 -0.281011 0.802447
0.204834 -0.170288 0.286255 -0.696119 -0.312815 0.989709
0.240845 -0.136353 0.307983 -0.452133 -0.322071 1.196670
0.254517 -0.097412 0.320435 -0.190822 -0.288606 1.407665
0.277954 -0.069214 0.323730 0.089477 -0.220964 1.602759
0.311035 -0.041992 0.301636 0.381168 -0.144303 1.788359
0.341064 -0.021729 0.255615 0.673572 -0.077848 1.972535
0.384277 -0.003296 0.205933 0.963127 -0.020411 2.163831
0.448730 0.012451 0.167725 1.251970 0.023971 2.359162
0.561890 0.027344 0.131226 1.551493 0.076898 2.527911
0.694458 0.046753 0.072388 1.882346 0.046756 2.637563
0.814697 0.078735 -0.028320 2.269922 -0.108702 2.665806
0.928345 0.141479 -0.176392 2.721581 -0.334887 2.612642
1.052368 0.222778 -0.335083 3.222844 -0.558224 2.497532
1.118042 0.299683 -0.491577 3.741432 -0.711546 2.335903
1.157837 0.387329 -0.602905 4.237711 -0.826656 2.145793
1.145508 0.398438 -0.676270 4.662313 -0.873650 1.940494
1.085938 0.389038 -0.743896 4.966345 -0.738128 1.735432
1.054810 0.348389 -0.783447 5.098544 -0.556563 1.537965
0.993408 0.256836 -0.844604 5.042057 -0.506009 1.364707
0.923462 0.177612 -0.931274 4.843403 -0.586231 1.249359
0.886475 0.151489 -1.005981 4.618642 -0.655059 1.217556
0.918823 0.116455 -1.124878 4.471253 -0.645328 1.285435
0.983154 0.083008 -1.240723 4.448944 -0.631562 1.428551
1.011841 0.082520 -1.297852 4.536997 -0.512892 1.601572
1.027222 0.106567 -1.289185 4.673942 -0.264160 1.720242
1.039063 0.082886 -1.287842 4.783119 -0.146439 1.723565
1.041626 -0.013672 -1.296143 4.835334 -0.430298 1.560750
1.042969 -0.130859 -1.312256 4.872121 -1.046196 1.223252
1.038452 -0.226074 -1.442871 4.956852 -1.787410 0.757828
1.005371 -0.243530 -1.639526 5.128449 -2.490886 0.241850
0.969971 -0.199707 -1.783691 5.342055 -2.710189 -0.261549
0.946533 -0.093140 -1.808228 5.448858 -2.447928 -0.650312
0.879761 -0.112671 -1.834473 5.273939 -1.983453 -0.833539
0.758179 -0.194092 -1.890625 4.750128 -1.529184 -0.841609
0.670288 -0.225464 -1.978638 3.957649 -1.176258 -0.768983
0.601685 -0.200684 -2.021973 3.056231 -0.977367 -0.687812
0.529053 -0.194702 -2.022705 2.163831 -0.745011 -0.599047
0.472168 -0.213623 -1.993652 1.329343 -0.406801 -0.496753
0.448730 -0.256226 -1.960938 0.565819 -0.110838 -0.400156
0.435181 -0.286377 -1.929565 -0.119620 -0.013766 -0.330378
0.421265 -0.299438 -1.876465 -0.720328 -0.058623 -0.298574
0.420044 -0.320068 -1.803101 -1.248410 -0.101107 -0.290742
0.443115 -0.332642 -1.725952 -1.719056 -0.122942 -0.285758
0.479248 -0.333374 -1.672119 -2.141521 -0.147388 -0.272941
0.520264 -0.328857 -1.625000 -2.522215 -0.146202 -0.262261
0.579712 -0.333740 -1.579224 -2.868495 -0.115822 -0.268432
0.648438 -0.342529 -1.539673 -3.181072 -0.093749 -0.298099
0.697021 -0.347168 -1.497803 -3.450928 -0.118433 -0.363131
0.734497 -0.358765 -1.458130 -3.667382 -0.159255 -0.455931
0.761108 -0.325562 -1.447876 -3.832571 -0.190584 -0.556088
0.764893 -0.266113 -1.438843 -3.954564 -0.215030 -0.654110
0.751709 -0.236938 -1.419189 -4.058519 -0.213132 -0.756166
0.750366 -0.222656 -1.416870 -4.187395 -0.188211 -0.858697
0.746460 -0.185425 -1.418701 -4.359229 -0.208147 -0.946038
0.750244 -0.184814 -1.376221 -4.565952 -0.261786 -1.010595
0.751221 -0.187622 -1.312622 -4.780746 -0.337023 -1.056639
0.743652 -0.167480 -1.230469 -4.965159 -0.386627 -1.088917
0.728638 -0.152710 -1.150391 -5.087626 -0.358621 -1.118822
0.727173 -0.154419 -1.072998 -5.143164 -0.311865 -1.143743
0.719360 -0.147461 -1.017456 -5.150047 -0.277451 -1.152999
0.705322 -0.157837 -0.960815 -5.126075 -0.280536 -1.131401
0.713379 -0.172729 -0.907471 -5.072911 -0.254191 -1.059962
0.731934 -0.107666 -0.886597 -4.982010 -0.247546 -0.931561
0.719482 0.027588 -0.861938 -4.844353 -0.262973 -0.778001
0.673218 0.110107 -0.802856 -4.692929 -0.115585 -0.653872
0.632080 0.083130 -0.723633 -4.608199 0.152135 -0.586943
0.598877 0.036133 -0.629272 -4.644512 0.332751 -0.561784
0.542847 -0.001099 -0.526733 -4.776948 0.421042 -0.567481
0.483643 -0.014526 -0.434814 -4.916979 0.483937 -0.582670
0.435791 -0.007202 -0.350830 -4.972754 0.589791 -0.574363
0.369507 -0.001343 -0.281494 -4.912232 0.740264 -0.525946
0.295044 -0.017090 -0.222656 -4.745144 0.921118 -0.442640
0.218384 -0.036987 -0.168457 -4.497361 1.044297 -0.328716
0.154297 -0.025879 -0.130127 -4.188344 1.066607 -0.187736
0.086060 0.019043 -0.120605 -3.834944 1.029819 -0.032990
0.031860 0.053711 -0.116821 -3.464931 0.978079 0.127689
0.014648 0.053833 -0.099609 -3.112480 0.986861 0.288368
0.013428 0.040405 -0.075806 -2.813432 1.015104 0.451184
0.028442 0.028442 -0.040527 -2.582737 0.983063 0.604268
0.038574 0.017700 0.002319 -2.418972 0.873650 0.738128
0.040771 0.022949 0.041138 -2.305286 0.734806 0.854662
0.051392 0.024902 0.065674 -2.220081 0.599996 0.963602
0.059204 0.022339 0.097656 -2.137249 0.498415 1.070405
0.068481 0.010010 0.135864 -2.043500 0.429349 1.184091
0.087646 -0.001221 0.177856 -1.929577 0.357672 1.312017
0.108398 -0.000488 0.215698 -1.784087 0.258226 1.456557
0.138916 0.012817 0.235840 -1.584484 0.124129 1.620559
0.197754 0.022827 0.237305 -1.311305 -0.060522 1.789071
0.268677 0.010498 0.220581 -0.963127 -0.307830 1.967788
0.354492 0.007935 0.192749 -0.559886 -0.591689 2.167392
0.457520 0.024292 0.173096 -0.131012 -0.764710 2.397374
0.559326 0.062988 0.143433 0.281723 -0.803160 2.655601
