9981.000000 -2610.000000 -76.000000 1420.000000 -2769.000000 484.000000
9296.000000 -2672.000000 -528.000000 2019.000000 -2906.000000 956.000000
9665.000000 -2662.000000 -624.000000 2465.000000 -2556.000000 1050.000000
10055.000000 -2746.000000 -739.000000 2927.000000 -2191.000000 1359.000000
10464.000000 -2809.000000 -744.000000 3451.000000 -1802.000000 1696.000000
10980.000000 -2805.000000 -780.000000 3940.000000 -1770.000000 1958.000000
11592.000000 -2960.000000 -812.000000 4504.000000 -1886.000000 2205.000000
12257.000000 -3059.000000 -1045.000000 5180.000000 -2144.000000 2279.000000
12936.000000 -3114.000000 -1525.000000 5919.000000 -2929.000000 2153.000000
13590.000000 -3024.000000 -2273.000000 6513.000000 -3705.000000 1692.000000
13983.000000 -2869.000000 -2879.000000 6656.000000 -4442.000000 824.000000
14227.000000 -2623.000000 -3473.000000 6460.000000 -5467.000000 -266.000000
14454.000000 -2366.000000 -4391.000000 6004.000000 -6386.000000 -1478.000000
14329.000000 -2177.000000 -5059.000000 5144.000000 -6764.000000 -2762.000000
14002.000000 -2136.000000 -5383.000000 3801.000000 -6337.000000 -4018.000000
13616.000000 -2196.000000 -5435.000000 2217.000000 -5451.000000 -5090.000000
13192.000000 -2205.000000 -5295.000000 767.000000 -4718.000000 -5973.000000
12777.000000 -2334.000000 -5091.000000 -329.000000 -3904.000000 -6658.000000
12473.000000 -2453.000000 -5027.000000 -1064.000000 -3141.000000 -7329.000000
12249.000000 -2421.000000 -5113.000000 -1518.000000 -2607.000000 -7987.000000
11903.000000 -2329.000000 -5288.000000 -1902.000000 -2084.000000 -8586.000000
11429.000000 -2217.000000 -5406.000000 -2323.000000 -1248.000000 -9242.000000
10954.000000 -2022.000000 -5562.000000 -2749.000000 -545.000000 -9936.000000
10348.000000 -1812.000000 -5751.000000 -3162.000000 -88.000000 -10619.000000
9629.000000 -1683.000000 -5974.000000 -3681.000000 42.000000 -11251.000000
8983.000000 -1556.000000 -6148.000000 -4389.000000 328.000000 -11838.000000
8330.000000 -1475.000000 -6103.000000 -5274.000000 643.000000 -12253.000000
7687.000000 -1558.000000 -5857.000000 -6147.000000 786.000000 -12374.000000
7171.000000 -1445.000000 -5631.000000 -6894.000000 816.000000 -12171.000000
6733.000000 -1362.000000 -5355.000000 -7561.000000 887.000000 -11798.000000
6535.000000 -1110.000000 -5229.000000 -8107.000000 1066.000000 -11378.000000
6327.000000 -882.000000 -5006.000000 -8577.000000 1339.000000 -11024.000000
5967.000000 -777.000000 -4733.000000 -9070.000000 1764.000000 -10830.000000
5564.000000 -722.000000 -4421.000000 -9514.000000 2408.000000 -10715.000000
4992.000000 -586.000000 -4195.000000 -9941.000000 3211.000000 -10608.000000
4538.000000 -526.000000 -3836.000000 -10454.000000 4065.000000 -10492.000000
3951.000000 -428.000000 -3365.000000 -10885.000000 4837.000000 -10361.000000
3211.000000 -440.000000 -2820.000000 -11143.000000 5427.000000 -10166.000000
2386.000000 -460.000000 -2319.000000 -11216.000000 5865.000000 -9823.000000
1666.000000 -354.000000 -1906.000000 -11142.000000 5899.000000 -9245.000000
1081.000000 -237.000000 -1400.000000 -10952.000000 5748.000000 -8521.000000
634.000000 -45.000000 -727.000000 -10630.000000 5313.000000 -7711.000000
-27.000000 232.000000 -191.000000 -10052.000000 4973.000000 -6840.000000
-957.000000 446.000000 354.000000 -9367.000000 5171.000000 -6092.000000
-1827.000000 346.000000 820.000000 -8722.000000 5197.000000 -5420.000000
-2322.000000 450.000000 1293.000000 -8036.000000 5039.000000 -4377.000000
-2509.000000 400.000000 1716.000000 -7194.000000 4474.000000 -2991.000000
-2412.000000 427.000000 1991.000000 -6232.000000 3907.000000 -1328.000000
-2173.000000 503.000000 2297.000000 -5231.000000 3475.000000 554.000000
-1581.000000 665.000000 2528.000000 -4160.000000 3038.000000 2474.000000
-856.000000 702.000000 2600.000000 -3042.000000 2661.000000 4271.000000
-205.000000 720.000000 2519.000000 -1919.000000 2214.000000 5829.000000
380.000000 723.000000 2369.000000 -884.000000 1669.000000 7205.000000
997.000000 525.000000 2106.000000 7.000000 1185.000000 8566.000000
1805.000000 273.000000 1737.000000 763.000000 648.000000 9929.000000
2705.000000 45.000000 1476.000000 1367.000000 -141.000000 11211.000000
3665.000000 -213.000000 1373.000000 1928.000000 -1030.000000 12332.000000
4540.000000 -400.000000 1215.000000 2538.000000 -2018.000000 13295.000000
5312.000000 -541.000000 1156.000000 3237.000000 -3054.000000 14060.000000
6018.000000 -826.000000 868.000000 4043.000000 -4029.000000 14629.000000
6520.000000 -1255.000000 579.000000 4880.000000 -4970.000000 15008.000000
7118.000000 -1756.000000 250.000000 5781.000000 -5965.000000 15401.000000
8041.000000 -1846.000000 -118.000000 6737.000000 -7114.000000 15916.000000
9120.000000 -1908.000000 -1093.000000 7573.000000 -8251.000000 16195.000000
10310.000000 -1965.000000 -2092.000000 8008.000000 -9247.000000 16256.000000
11678.000000 -1693.000000 -3302.000000 7974.000000 -10235.000000 15981.000000
12891.000000 -1167.000000 -4628.000000 7286.000000 -11106.000000 15362.000000
13105.000000 -1238.000000 -5489.000000 5782.000000 -10894.000000 14264.000000
12851.000000 -1784.000000 -5766.000000 3747.000000 -9970.000000 13024.000000
12753.000000 -2552.000000 -5263.000000 1704.000000 -8944.000000 12408.000000
12974.000000 -3324.000000 -4465.000000 307.000000 -8322.000000 12178.000000
13193.000000 -4181.000000 -3854.000000 -270.000000 -7887.000000 12077.000000
13510.000000 -4743.000000 -3649.000000 -131.000000 -7229.000000 12022.000000
14220.000000 -5044.000000 -3576.000000 432.000000 -6887.000000 11915.000000
14931.000000 -5218.000000 -3520.000000 1245.000000 -6705.000000 11501.000000
15448.000000 -5347.000000 -3624.000000 2319.000000 -6520.000000 10607.000000
15637.000000 -5581.000000 -4093.000000 3494.000000 -6613.000000 9447.000000
15904.000000 -5646.000000 -5049.000000 4480.000000 -6797.000000 8263.000000
16752.000000 -4775.000000 -6734.000000 5025.000000 -7396.000000 7054.000000
17013.000000 -4225.000000 -7943.000000 4485.000000 -7873.000000 5436.000000
16889.000000 -4156.000000 -8238.000000 2869.000000 -7075.000000 3628.000000
16649.000000 -3971.000000 -8344.000000 985.000000 -5942.000000 2089.000000
16329.000000 -3782.000000 -8393.000000 -860.000000 -4712.000000 708.000000
15813.000000 -3799.000000 -8089.000000 -2653.000000 -3692.000000 -738.000000
15337.000000 -3770.000000 -7631.000000 -4262.000000 -3074.000000 -2249.000000
15020.000000 -3576.000000 -7477.000000 -5500.000000 -2872.000000 -3746.000000
14786.000000 -3234.000000 -7630.000000 -6615.000000 -2818.000000 -5289.000000
14289.000000 -2787.000000 -7857.000000 -7888.000000 -2819.000000 -6982.000000
13710.000000 -2466.000000 -8051.000000 -9460.000000 -2887.000000 -8871.000000
13198.000000 -2277.000000 -8033.000000 -11306.000000 -3056.000000 -10879.000000
12291.000000 -2434.000000 -7566.000000 -13199.000000 -3432.000000 -13043.000000
11577.000000 -3024.000000 -6243.000000 -14782.000000 -3959.000000 -15092.000000
11214.000000 -3754.000000 -4170.000000 -15454.000000 -4223.000000 -16442.000000
10451.000000 -4313.000000 -2973.000000 -14820.000000 -3232.000000 -16464.000000
9629.000000 -4123.000000 -2676.000000 -13338.000000 -266.000000 -15152.000000
8660.000000 -3327.000000 -2882.000000 -11792.000000 3893.000000 -13492.000000
7721.000000 -2507.000000 -3210.000000 -10501.000000 7575.000000 -12324.000000
7053.000000 -1564.000000 -3543.000000 -9493.000000 9450.000000 -11926.000000
6705.000000 -1001.000000 -3980.000000 -8975.000000 9556.000000 -12172.000000
6491.000000 -505.000000 -4141.000000 -8757.000000 8371.000000 -12696.000000
6231.000000 -161.000000 -4159.000000 -8876.000000 6499.000000 -13319.000000
5377.000000 -336.000000 -3586.000000 -9293.000000 4922.000000 -13730.000000
4817.000000 -117.000000 -3065.000000 -9617.000000 4217.000000 -13551.000000
4151.000000 -64.000000 -2641.000000 -9803.000000 4535.000000 -13038.000000
3763.000000 116.000000 -2262.000000 -9825.000000 5314.000000 -12218.000000
3342.000000 450.000000 -1954.000000 -9612.000000 5715.000000 -11222.000000
2868.000000 712.000000 -1618.000000 -9230.000000 5859.000000 -10209.000000
2606.000000 990.000000 -1263.000000 -8696.000000 5874.000000 -9126.000000
2497.000000 1401.000000 -1058.000000 -8016.000000 5613.000000 -8135.000000
2337.000000 1855.000000 -974.000000 -7315.000000 5109.000000 -7422.000000
2172.000000 2153.000000 -1063.000000 -6825.000000 4684.000000 -6977.000000
1908.000000 2447.000000 -1230.000000 -6615.000000 4301.000000 -6601.000000
1523.000000 2719.000000 -1402.000000 -6759.000000 4075.000000 -6179.000000
1211.000000 2809.000000 -1277.000000 -7199.000000 3898.000000 -5637.000000
993.000000 2847.000000 -1014.000000 -7614.000000 3697.000000 -4954.000000
821.000000 2841.000000 -590.000000 -7843.000000 3314.000000 -4146.000000
685.000000 2705.000000 -130.000000 -7876.000000 2996.000000 -3244.000000
623.000000 2661.000000 274.000000 -7546.000000 2843.000000 -2153.000000
523.000000 2720.000000 482.000000 -6952.000000 2936.000000 -938.000000
366.000000 2763.000000 591.000000 -6342.000000 3262.000000 227.000000
196.000000 2825.000000 745.000000 -5820.000000 3511.000000 1252.000000
71.000000 2801.000000 1045.000000 -5304.000000 3389.000000 2167.000000
112.000000 2625.000000 1252.000000 -4699.000000 2828.000000 3090.000000
237.000000 2303.000000 1300.000000 -3990.000000 1964.000000 4064.000000
434.000000 1989.000000 1331.000000 -3304.000000 1177.000000 5165.000000
502.000000 1738.000000 1312.000000 -2685.000000 682.000000 6421.000000
1007.000000 1535.000000 1131.000000 -2149.000000 336.000000 7927.000000
1765.000000 1358.000000 1002.000000 -1717.000000 41.000000 9570.000000
2618.000000 1179.000000 829.000000 -1351.000000 -341.000000 11007.000000
3505.000000 968.000000 599.000000 -1110.000000 -798.000000 12148.000000
4123.000000 750.000000 533.000000 -957.000000 -1149.000000 12891.000000
4593.000000 580.000000 462.000000 -898.000000 -1362.000000 13152.000000
4983.000000 209.000000 504.000000 -911.000000 -1672.000000 13085.000000
5428.000000 -231.000000 473.000000 -889.000000 -2213.000000 12993.000000
5948.000000 -719.000000 547.000000 -774.000000 -2509.000000 13222.000000
7055.000000 -1199.000000 388.000000 -558.000000 -2914.000000 13901.000000
8385.000000 -1318.000000 327.000000 -209.000000 -3362.000000 14655.000000
9415.000000 -1211.000000 337.000000 140.000000 -3686.000000 14839.000000
10066.000000 -1175.000000 247.000000 330.000000 -3526.000000 14452.000000
10390.000000 -1108.000000 151.000000 387.000000 -3107.000000 13623.000000
10577.000000 -1828.000000 104.000000 343.000000 -2603.000000 12725.000000
11559.000000 -2219.000000 43.000000 496.000000 -2391.000000 12612.000000
12937.000000 -2233.000000 -85.000000 881.000000 -3009.000000 12743.000000
14128.000000 -1808.000000 -348.000000 1229.000000 -3620.000000 12341.000000
14435.000000 -1726.000000 -581.000000 1392.000000 -3856.000000 11101.000000
14359.000000 -1757.000000 -781.000000 1434.000000 -3804.000000 9591.000000
14301.000000 -1984.000000 -824.000000 1451.000000 -3822.000000 8237.000000
14302.000000 -2102.000000 -752.000000 1605.000000 -4004.000000 7265.000000
14331.000000 -2093.000000 -981.000000 1913.000000 -3877.000000 6522.000000
14169.000000 -2045.000000 -1357.000000 2153.000000 -3315.000000 5903.000000
