0.077881 -0.134155 -1.302612 -0.273416 0.309966 -0.588841
0.050171 -0.071777 -1.276978 -0.291217 0.184651 -0.546595
-0.006836 -0.249146 -1.287964 -0.236154 -0.140505 -0.458779
0.074707 -0.218750 -1.304321 -0.133623 -0.324207 -0.355061
0.089966 -0.192627 -1.318970 -0.030380 -0.478715 -0.291217
0.121704 -0.193726 -1.405640 0.093749 -0.592639 -0.219065
0.140137 -0.213135 -1.499756 0.165189 -0.636309 -0.206723
0.131592 -0.226807 -1.594849 0.128401 -0.600946 -0.252530
0.118042 -0.169067 -1.651733 -0.010680 -0.482038 -0.325868
0.077393 -0.179810 -1.737793 -0.201502 -0.441928 -0.370488
0.064331 -0.178833 -1.763550 -0.416770 -0.293115 -0.367640
0.066284 -0.171631 -1.794434 -0.648888 -0.157119 -0.329191
0.075073 -0.191772 -1.819458 -0.871514 -0.021835 -0.299761
0.071777 -0.197144 -1.827271 -1.074202 0.078085 -0.314239
0.063965 -0.192383 -1.839600 -1.265973 0.111787 -0.360283
0.034546 -0.187866 -1.849487 -1.470086 0.154034 -0.405377
-0.024658 -0.216431 -1.835327 -1.702917 0.261549 -0.433383
-0.078735 -0.222412 -1.798706 -1.957108 0.385441 -0.449285
-0.120972 -0.217529 -1.744263 -2.201094 0.510519 -0.440741
-0.151978 -0.202026 -1.678345 -2.423007 0.594300 -0.403953
-0.179443 -0.207275 -1.613647 -2.631866 0.637971 -0.346042
-0.206787 -0.218506 -1.533813 -2.834318 0.687337 -0.274128
-0.238281 -0.206177 -1.451538 -3.022528 0.747859 -0.184413
-0.253540 -0.179810 -1.358032 -3.182021 0.802447 -0.086629
-0.275513 -0.166870 -1.270630 -3.309236 0.842558 0.010680
-0.284546 -0.144775 -1.185791 -3.404884 0.853476 0.102531
-0.296509 -0.132690 -1.097900 -3.467304 0.830928 0.185125
-0.301025 -0.119507 -1.011475 -3.496734 0.749283 0.259888
-0.287842 -0.103271 -0.930664 -3.476798 0.611863 0.333463
-0.288208 -0.082764 -0.857788 -3.410105 0.475867 0.414159
-0.272217 -0.057373 -0.776611 -3.304489 0.380456 0.497465
-0.263306 -0.024048 -0.703613 -3.179885 0.342482 0.585281
-0.262817 0.008789 -0.630005 -3.042940 0.312577 0.670961
-0.247192 0.035645 -0.556763 -2.898637 0.256565 0.748809
-0.238403 0.058105 -0.496216 -2.741755 0.189398 0.831166
-0.221069 0.077759 -0.442749 -2.563275 0.139556 0.925864
-0.214233 0.097778 -0.388062 -2.350381 0.103955 1.026734
-0.201172 0.125610 -0.346191 -2.109955 0.023971 1.124993
-0.182251 0.147827 -0.304321 -1.847219 -0.109889 1.219454
-0.155884 0.161011 -0.277710 -1.568819 -0.274128 1.302761
-0.107300 0.196289 -0.245850 -1.294217 -0.446674 1.376336
-0.066284 0.213745 -0.230103 -1.036228 -0.548256 1.446589
-0.051270 0.214111 -0.214966 -0.801735 -0.583857 1.502839
-0.030273 0.195801 -0.208618 -0.575313 -0.613287 1.533930
-0.006470 0.205811 -0.199951 -0.346517 -0.658382 1.552680
0.034180 0.224121 -0.201782 -0.113211 -0.735755 1.575227
0.084595 0.229004 -0.217896 0.126977 -0.848017 1.610116
0.130493 0.243652 -0.234253 0.366928 -0.971434 1.636936
0.176147 0.193604 -0.270508 0.603082 -1.094851 1.639072
0.218384 0.216919 -0.308716 0.845643 -1.218505 1.599199
0.268433 0.227173 -0.354492 1.090104 -1.323884 1.538440
0.294312 0.203979 -0.411743 1.306558 -1.438994 1.461067
0.337280 0.214233 -0.464355 1.484801 -1.571193 1.373013
0.370117 0.191772 -0.515747 1.629341 -1.695322 1.295166
0.440308 0.203003 -0.546875 1.750385 -1.780052 1.240103
0.510864 0.183350 -0.602295 1.852204 -1.807346 1.210673
0.587036 0.142944 -0.666138 1.946902 -1.762964 1.182192
0.650513 0.135864 -0.738892 2.048959 -1.612727 1.120958
0.689941 0.135620 -0.801514 2.163357 -1.425940 1.011544
0.730835 0.136719 -0.865112 2.255445 -1.304897 0.833302
0.766724 0.134399 -0.945190 2.348007 -1.261226 0.611151
0.800903 0.142822 -1.025635 2.438434 -1.283062 0.375235
0.817139 0.147827 -1.110474 2.522453 -1.261464 0.131487
0.793335 0.132690 -1.208008 2.573006 -1.223964 -0.114635
0.757324 0.132202 -1.312012 2.573718 -1.197856 -0.345330
0.704468 0.123169 -1.419922 2.530997 -1.169613 -0.532117
0.678955 0.135132 -1.536011 2.447216 -1.162967 -0.663603
0.649902 0.133057 -1.631348 2.312406 -1.109091 -0.757115
0.632080 0.101074 -1.735352 2.117313 -0.976181 -0.834963
0.610107 0.073242 -1.781616 1.861697 -0.815501 -0.926339
0.579468 0.068115 -1.812256 1.575465 -0.716293 -1.042161
0.533081 0.063232 -1.808594 1.317713 -0.646752 -1.190024
0.496460 0.048950 -1.794922 1.108379 -0.613999 -1.339074
0.455933 0.035156 -1.796631 0.957193 -0.661230 -1.488598
0.407837 0.009521 -1.787476 0.849441 -0.716530 -1.643107
0.345947 -0.025635 -1.779907 0.761150 -0.778951 -1.790970
0.282593 -0.044312 -1.768433 0.673809 -0.772305 -1.899197
0.206421 -0.069946 -1.763184 0.586231 -0.697306 -1.953310
0.150391 -0.077026 -1.726074 0.508858 -0.552291 -1.968738
0.100220 -0.086670 -1.687744 0.437655 -0.368115 -1.964465
0.062012 -0.093140 -1.648926 0.360520 -0.163765 -1.954023
0.017090 -0.096924 -1.598755 0.276501 0.049367 -1.966127
-0.019043 -0.105835 -1.548706 0.188686 0.187024 -2.001728
-0.062988 -0.118896 -1.530396 0.117721 0.208147 -2.033057
-0.106079 -0.144531 -1.552368 0.092800 0.176344 -2.042076
-0.134644 -0.149536 -1.540527 0.098971 0.151423 -2.034006
-0.174927 -0.147705 -1.559448 0.078797 0.119857 -2.003152
-0.219238 -0.142822 -1.577759 0.004747 0.062895 -1.930763
-0.260132 -0.166138 -1.602905 -0.106328 0.075949 -1.815416
-0.292969 -0.178345 -1.628784 -0.233068 0.178243 -1.675148
-0.302856 -0.196899 -1.642822 -0.350552 0.300473 -1.549120
-0.299194 -0.189941 -1.644897 -0.456880 0.400156 -1.448250
-0.302368 -0.182739 -1.658691 -0.568667 0.473969 -1.374438
-0.297607 -0.190552 -1.672974 -0.692559 0.565107 -1.307745
-0.318848 -0.216187 -1.669067 -0.830454 0.683540 -1.252207
-0.360352 -0.239746 -1.667236 -0.983063 0.729109 -1.204265
-0.397095 -0.244507 -1.650391 -1.129265 0.712733 -1.129265
-0.437988 -0.242554 -1.620850 -1.247935 0.665027 -1.005848
-0.429932 -0.219360 -1.587036 -1.361147 0.584094 -0.838523
-0.409302 -0.208740 -1.555420 -1.491446 0.545883 -0.638920
-0.377075 -0.205444 -1.519043 -1.637648 0.599284 -0.446200
-0.330566 -0.206787 -1.475952 -1.780527 0.693746 -0.299761
-0.302979 -0.198853 -1.433472 -1.907741 0.755691 -0.202214
-0.273682 -0.192505 -1.396729 -2.016680 0.776815 -0.138369
-0.255859 -0.188965 -1.353027 -2.109718 0.797938 -0.089952
-0.252075 -0.175903 -1.302246 -2.183768 0.845169 -0.040823
-0.257813 -0.156860 -1.240967 -2.238119 0.923491 0.003085
-0.263428 -0.128784 -1.178711 -2.268736 0.976418 0.039398
-0.252319 -0.121460 -1.130859 -2.272533 0.943665 0.070015
-0.228760 -0.093018 -1.087524 -2.251885 0.873887 0.107515
-0.204834 -0.065796 -1.045288 -2.220556 0.758065 0.157831
-0.197144 -0.069458 -1.019043 -2.187328 0.634411 0.220726
-0.188232 -0.057373 -0.980713 -2.144607 0.523573 0.295014
-0.156860 0.000854 -0.939575 -2.086221 0.417482 0.378795
-0.118530 0.040039 -0.889526 -2.022614 0.331327 0.467798
-0.076416 0.051880 -0.830811 -1.966364 0.253242 0.548968
-0.034058 0.078003 -0.786499 -1.909403 0.225236 0.619221
0.001465 0.112671 -0.745972 -1.832267 0.226660 0.688049
0.037476 0.135498 -0.721558 -1.727600 0.243274 0.754267
0.077026 0.155273 -0.698853 -1.600148 0.249919 0.801498
0.115234 0.174805 -0.683350 -1.455371 0.214081 0.821672
0.157104 0.208008 -0.663574 -1.292318 0.149762 0.810042
0.196167 0.246460 -0.654663 -1.109091 0.025395 0.779900
0.219971 0.272217 -0.668213 -0.923966 -0.120806 0.738840
0.242310 0.288452 -0.689941 -0.756878 -0.227847 0.704426
0.261719 0.307617 -0.718506 -0.620170 -0.261074 0.693746
0.279419 0.323242 -0.746704 -0.528082 -0.239239 0.708935
0.305908 0.320923 -0.766235 -0.481089 -0.157831 0.740502
0.333984 0.332275 -0.763794 -0.462576 -0.050079 0.771831
0.352905 0.350098 -0.768433 -0.450235 0.022310 0.789394
0.379883 0.359131 -0.775024 -0.429111 0.057199 0.779900
0.403198 0.366699 -0.777588 -0.396121 0.041060 0.741688
0.425537 0.368530 -0.789551 -0.345330 -0.023497 0.678081
0.441406 0.381470 -0.804199 -0.271043 -0.134335 0.591689
0.458984 0.398804 -0.823975 -0.189872 -0.240426 0.504585
0.447754 0.402222 -0.854248 -0.122942 -0.295726 0.425788
0.435669 0.418213 -0.888062 -0.076661 -0.298811 0.358146
0.423706 0.433228 -0.904785 -0.047231 -0.287894 0.305694
0.416016 0.443726 -0.920776 -0.027531 -0.265584 0.271043
0.413696 0.452759 -0.925293 -0.013291 -0.220726 0.245410
0.403687 0.459839 -0.938232 -0.004509 -0.165426 0.219302
0.399048 0.470581 -0.958984 0.001661 -0.116771 0.194144
0.383545 0.477417 -0.976440 0.005696 -0.100158 0.174208
0.369019 0.484863 -0.986572 0.000475 -0.080696 0.155221
0.362549 0.483887 -0.988159 -0.011867 -0.074762 0.132673
0.359619 0.483276 -0.990601 -0.023259 -0.088765 0.105854
0.357910 0.479492 -0.990112 -0.023259 -0.092088 0.074288
0.352783 0.472168 -0.991577 -0.015427 -0.104667 0.046044
0.348999 0.473267 -0.997314 0.002136 -0.111550 0.028243
0.351929 0.461548 -1.011719 0.021361 -0.111075 0.018513
