0.875610 0.426270 -0.268799 -0.145490 -0.077848 -0.301897
0.861328 0.426880 -0.247925 -0.138844 -0.142879 -0.286470
0.850952 0.432617 -0.237793 -0.098496 -0.215742 -0.254429
0.843872 0.434082 -0.244263 -0.057911 -0.272941 -0.187736
0.836426 0.424438 -0.249268 -0.025158 -0.276501 -0.097547
0.682007 0.553711 -0.262573 0.007595 -0.225473 0.012104
0.883301 0.350586 -0.310425 0.007120 -0.134097 0.205774
0.873657 0.441528 -0.314453 -0.059572 -0.081170 0.179667
0.850952 0.430176 -0.308960 -0.093037 -0.005221 0.193670
0.867676 0.407104 -0.313232 -0.108939 0.023497 0.229508
0.884277 0.429810 -0.290771 -0.128876 0.009256 0.207910
0.893311 0.409912 -0.311768 -0.119857 -0.065031 0.193907
0.889771 0.404663 -0.319336 -0.127689 -0.088291 0.168986
0.869751 0.416016 -0.304932 -0.148100 -0.038212 0.160679
0.869385 0.411255 -0.282104 -0.152847 0.016614 0.197942
0.889160 0.401855 -0.283081 -0.127689 -0.020411 0.229508
0.898193 0.400757 -0.291626 -0.108465 -0.049604 0.220489
0.891846 0.403564 -0.292480 -0.106091 -0.017563 0.208859
0.883179 0.405762 -0.289307 -0.115822 0.020886 0.209097
0.885132 0.401367 -0.286133 -0.129825 0.029193 0.211470
0.885376 0.398804 -0.278442 -0.139793 0.027057 0.207435
0.875000 0.395020 -0.280884 -0.135759 0.018513 0.198891
0.861572 0.389771 -0.277100 -0.133148 0.001187 0.198416
0.854370 0.394409 -0.291138 -0.139319 -0.027057 0.210046
0.854004 0.385620 -0.303589 -0.163765 -0.039161 0.235916
0.858643 0.384033 -0.295532 -0.200790 -0.036313 0.269619
0.869629 0.392456 -0.299194 -0.229033 -0.015190 0.292878
0.868286 0.397095 -0.309570 -0.260600 0.049841 0.318036
0.861572 0.402466 -0.296143 -0.294065 0.125790 0.347941
0.870361 0.415039 -0.291748 -0.311390 0.167088 0.380456
0.890137 0.427002 -0.315918 -0.328242 0.204587 0.428399
0.904419 0.462769 -0.354980 -0.375235 0.269619 0.502212
0.883179 0.514771 -0.340332 -0.455219 0.385915 0.611626
1.012695 0.597900 -0.308716 -0.522861 0.477766 0.773017
1.162476 0.671875 -0.289429 -0.597148 0.595012 0.881007
1.310547 0.738647 -0.284912 -0.711071 0.748097 0.924440
1.485107 0.755005 -0.279907 -0.848017 0.837099 0.878871
1.698486 0.725098 -0.299927 -0.976655 0.686863 0.712733
1.939575 0.690308 -0.227295 -1.075626 0.270331 0.325156
2.102173 0.630615 -0.123901 -1.124756 -0.172784 -0.272941
2.133423 0.578491 -0.004150 -1.115499 -0.528794 -0.893586
2.080078 0.517700 0.111938 -1.017952 -0.699679 -1.416209
1.959961 0.456299 0.219360 -0.853713 -0.676657 -1.775543
1.834106 0.404175 0.263062 -0.615661 -0.552291 -2.014307
1.693604 0.361572 0.287109 -0.346279 -0.387102 -2.201568
1.560181 0.341187 0.280518 -0.089952 -0.244698 -2.347770
1.430786 0.317627 0.253052 0.110601 -0.125790 -2.447928
1.300781 0.251831 0.222046 0.248021 -0.136471 -2.484953
1.195923 0.194214 0.177246 0.354824 -0.206723 -2.525063
1.116211 0.191895 0.199585 0.459728 -0.294539 -2.661059
1.038086 0.149048 0.194336 0.603319 -0.467798 -2.850457
0.947510 0.112549 0.193237 0.740502 -0.699916 -3.044364
0.846802 0.072998 0.198120 0.856798 -0.837574 -3.197686
0.708374 0.020020 0.206299 0.985437 -0.983063 -3.274347
0.551514 -0.014526 0.199219 1.173885 -1.212334 -3.290723
0.430542 -0.004883 0.170166 1.423804 -1.418346 -3.257258
0.333984 -0.022095 0.160889 1.696034 -1.544373 -3.168256
0.257202 -0.030029 0.136719 1.974671 -1.712410 -3.055994
0.182617 -0.026123 0.084229 2.246426 -1.926491 -2.956073
0.095703 -0.043457 0.040039 2.467627 -2.058215 -2.859238
-0.015625 -0.029297 0.004028 2.655838 -2.266362 -2.762641
-0.078491 -0.032715 0.006836 2.841438 -2.560190 -2.653227
-0.146851 -0.067139 -0.007935 3.048636 -2.792783 -2.529335
-0.213379 -0.089600 -0.026245 3.281467 -2.839777 -2.382422
-0.276978 -0.132568 -0.036621 3.544677 -2.624746 -2.177597
-0.358032 -0.192993 -0.079712 3.857966 -2.357738 -1.902994
-0.402954 -0.236328 -0.130859 4.212553 -2.194448 -1.583297
-0.403809 -0.256226 -0.187012 4.577345 -2.095477 -1.280451
-0.402222 -0.276489 -0.281616 4.931457 -2.024987 -1.026971
-0.384277 -0.284912 -0.398804 5.250442 -1.943817 -0.816451
-0.347656 -0.280396 -0.530273 5.508430 -1.775068 -0.639157
-0.316162 -0.273560 -0.661621 5.680027 -1.530133 -0.502212
-0.276245 -0.258423 -0.782715 5.763097 -1.274280 -0.375235
-0.231323 -0.272461 -0.916748 5.722037 -1.042873 -0.242324
-0.178223 -0.282349 -1.037598 5.565629 -0.869852 -0.142642
-0.120361 -0.291992 -1.137817 5.383115 -0.723651 -0.107515
-0.095703 -0.310791 -1.280396 5.239999 -0.664078 -0.140268
-0.093628 -0.319824 -1.417847 5.089050 -0.626104 -0.201265
-0.083496 -0.321777 -1.543457 4.873545 -0.537338 -0.220014
-0.045776 -0.299805 -1.669556 4.616269 -0.408463 -0.198654
-0.004639 -0.275146 -1.794312 4.333359 -0.272229 -0.179904
0.015625 -0.240845 -1.929688 4.005117 -0.149762 -0.205537
0.038330 -0.174683 -2.068726 3.602826 -0.023971 -0.244223
0.076782 -0.106567 -2.189575 3.099664 0.118195 -0.267720
0.109985 -0.065796 -2.272461 2.482817 0.243511 -0.283622
0.128662 -0.063354 -2.258789 1.751809 0.346279 -0.284096
0.155029 -0.098755 -2.159424 1.008696 0.439080 -0.245173
0.158691 -0.144897 -2.043457 0.408937 0.520250 -0.211233
0.160767 -0.187012 -1.942871 0.019699 0.597623 -0.199603
0.163086 -0.205933 -1.871338 -0.214318 0.644854 -0.193907
0.182861 -0.201172 -1.844116 -0.395884 0.820723 -0.174445
0.255371 -0.214844 -1.725098 -0.556088 1.011782 -0.145015
0.310913 -0.193848 -1.694580 -0.608540 0.885517 -0.210996
0.348145 -0.159912 -1.728149 -0.621832 0.692796 -0.326818
0.364502 -0.123535 -1.744385 -0.687337 0.613287 -0.415820
0.369263 -0.110474 -1.705933 -0.810517 0.569617 -0.490820
0.398926 -0.095215 -1.683716 -0.956719 0.476342 -0.570329
0.429932 -0.095093 -1.645508 -1.116923 0.507434 -0.655059
0.441162 -0.098877 -1.600952 -1.275941 0.695882 -0.720090
0.432739 -0.124146 -1.541382 -1.417396 0.955295 -0.769457
0.412964 -0.154297 -1.531128 -1.522301 1.180293 -0.816213
0.390137 -0.159546 -1.543091 -1.623882 1.418820 -0.895248
0.350098 -0.160645 -1.570923 -1.730685 1.713122 -0.988048
0.320068 -0.163574 -1.600342 -1.838912 1.980842 -1.063759
0.304199 -0.127930 -1.663574 -1.958057 2.184243 -1.120484
0.298950 -0.075317 -1.739136 -2.119686 2.324511 -1.162730
0.267700 -0.052002 -1.774292 -2.375776 2.437959 -1.170800
0.238892 -0.060303 -1.799927 -2.733448 2.541440 -1.144930
0.228027 -0.075928 -1.792847 -3.164221 2.626408 -1.095325
0.245850 -0.085815 -1.773804 -3.605674 2.609082 -1.043585
0.283081 -0.116943 -1.711792 -4.012949 2.548560 -1.042161
0.299194 -0.161133 -1.630859 -4.343327 2.502991 -1.092952
0.245361 -0.210449 -1.576050 -4.580667 2.506076 -1.133300
0.200562 -0.209229 -1.558594 -4.772201 2.550459 -1.058300
0.214966 -0.197144 -1.501709 -4.996250 2.606471 -0.871751
0.241821 -0.202515 -1.422729 -5.255900 2.664619 -0.700629
0.257813 -0.218994 -1.291626 -5.490868 2.716122 -0.616135
0.277344 -0.243530 -1.160889 -5.635645 2.690252 -0.605930
0.297241 -0.252808 -1.054443 -5.687860 2.591281 -0.658857
0.317627 -0.240112 -1.005737 -5.709220 2.504889 -0.735992
0.309692 -0.252441 -0.935791 -5.771878 2.461219 -0.778476
0.262207 -0.266968 -0.844971 -5.819821 2.386694 -0.796277
0.178467 -0.275513 -0.734375 -5.795138 2.239305 -0.805058
0.108154 -0.268677 -0.613892 -5.705660 2.072218 -0.759252
0.082520 -0.259766 -0.500000 -5.589839 1.893501 -0.642243
0.072510 -0.257690 -0.374023 -5.468083 1.687015 -0.497465
0.055054 -0.251221 -0.258545 -5.326391 1.479817 -0.374760
0.046143 -0.227905 -0.180420 -5.143401 1.258141 -0.295726
0.036865 -0.221558 -0.108154 -4.991741 1.068269 -0.231644
0.040527 -0.217163 -0.010010 -4.900365 0.933459 -0.156407
0.048950 -0.211060 0.096558 -4.819907 0.848254 -0.084968
0.052734 -0.201538 0.185303 -4.712154 0.777764 -0.012816
0.013306 -0.214966 0.307129 -4.605351 0.740264 0.076424
-0.023193 -0.209351 0.420410 -4.442061 0.633699 0.189635
-0.030640 -0.195435 0.496094 -4.174578 0.436469 0.326580
-0.025757 -0.174194 0.552734 -3.878140 0.252293 0.472307
0.016846 -0.132935 0.613525 -3.590484 0.116297 0.646040
0.074707 -0.101563 0.652710 -3.303540 0.055063 0.838286
0.123047 -0.084229 0.678345 -3.064538 0.079984 1.015342
0.157471 -0.081177 0.694580 -2.893415 0.145252 1.181005
0.188110 -0.071289 0.727661 -2.758132 0.172784 1.335751
0.239136 -0.059570 0.736084 -2.643496 0.116059 1.447064
0.298706 -0.054565 0.775757 -2.571582 0.021598 1.515180
0.365112 -0.062500 0.825928 -2.498956 -0.154271 1.509247
0.430298 -0.086914 0.868042 -2.382422 -0.438368 1.419770
0.490845 -0.093872 0.883911 -2.229812 -0.713445 1.303710
0.533569 -0.072632 0.895630 -2.052756 -0.908064 1.229660
0.569946 -0.051025 0.911377 -1.887093 -0.988522 1.229660
0.614746 -0.034546 0.931274 -1.738755 -0.994218 1.292318
0.675415 -0.013428 0.932861 -1.578550 -0.948649 1.388678
