0.223999 0.524048 -0.542358 0.133623 -0.328242 -0.002611
0.149292 0.535889 -0.499023 0.255378 -0.404191 0.051028
0.203003 0.451904 -0.512573 0.441928 -0.537338 0.190347
0.167725 0.433716 -0.491211 0.641768 -0.631562 0.304982
0.203979 0.495850 -0.484985 0.855374 -0.551816 0.384017
0.251953 0.463379 -0.501099 1.057588 -0.578161 0.434095
0.234131 0.520264 -0.503418 1.221828 -0.600946 0.470646
0.242920 0.454468 -0.532349 1.337412 -0.633699 0.491769
0.224731 0.389038 -0.565430 1.397460 -0.652211 0.471358
0.231079 0.404541 -0.552002 1.378472 -0.559648 0.387577
0.240967 0.403809 -0.525391 1.330055 -0.507908 0.294777
0.245972 0.363281 -0.506836 1.296115 -0.506959 0.204825
0.249146 0.322021 -0.474609 1.317239 -0.529269 0.134809
0.254639 0.273682 -0.451172 1.393662 -0.560598 0.081170
0.254639 0.222168 -0.427612 1.514231 -0.591452 0.039398
0.260132 0.167603 -0.416260 1.661857 -0.620408 0.006171
0.263672 0.106934 -0.414063 1.821587 -0.631088 -0.015902
0.253052 0.034790 -0.442749 1.997218 -0.611389 -0.014478
0.256348 -0.001343 -0.488281 2.212249 -0.604980 0.005696
0.274048 -0.009766 -0.579590 2.506551 -0.598810 0.033465
0.279907 -0.022949 -0.686279 2.872767 -0.608540 0.053402
0.295532 -0.033936 -0.786377 3.266277 -0.588841 0.044620
0.286011 -0.046143 -0.859497 3.614930 -0.575788 -0.003560
0.281738 -0.059937 -0.941406 3.849897 -0.557750 -0.078560
0.260010 -0.088257 -1.057251 3.948630 -0.554902 -0.165426
0.230835 -0.122192 -1.203125 3.950292 -0.554902 -0.243511
0.199951 -0.132935 -1.372559 3.912080 -0.514079 -0.310204
0.182007 -0.107422 -1.531250 3.866273 -0.473257 -0.369301
0.167847 -0.091187 -1.645630 3.788188 -0.435282 -0.416295
0.140869 -0.113037 -1.711548 3.611607 -0.423652 -0.444776
0.131592 -0.142334 -1.834106 3.328697 -0.407039 -0.439080
0.099609 -0.134521 -1.979614 3.023952 -0.464000 -0.418431
0.089966 -0.112183 -2.087769 2.745315 -0.534490 -0.388289
0.104492 -0.108887 -2.171753 2.476171 -0.572227 -0.347229
0.116699 -0.118286 -2.270142 2.179733 -0.633224 -0.296675
0.118408 -0.110474 -2.337769 1.872378 -0.672622 -0.257752
0.127319 -0.109497 -2.364990 1.539864 -0.625866 -0.253479
0.119385 -0.103271 -2.375244 1.195483 -0.540899 -0.281011
0.081055 -0.101807 -2.363647 0.843982 -0.413921 -0.314951
0.033569 -0.097534 -2.337769 0.495567 -0.285046 -0.338685
-0.022217 -0.088501 -2.297119 0.156882 -0.165189 -0.336549
-0.062744 -0.090698 -2.241089 -0.171597 -0.075237 -0.303084
-0.095703 -0.090698 -2.170532 -0.487022 -0.004035 -0.245173
-0.114380 -0.088013 -2.078369 -0.781087 0.065981 -0.177293
-0.122070 -0.092651 -1.982544 -1.046433 0.112025 -0.107278
-0.134766 -0.105591 -1.877563 -1.290182 0.151660 -0.042009
-0.134155 -0.111328 -1.782837 -1.502364 0.194856 0.017089
-0.136597 -0.124878 -1.697510 -1.673012 0.213369 0.073575
-0.144287 -0.119385 -1.615967 -1.801650 0.224761 0.134097
-0.147949 -0.113281 -1.552002 -1.891365 0.238527 0.208385
-0.134644 -0.103760 -1.483032 -1.953073 0.234730 0.291217
-0.120728 -0.090332 -1.438721 -2.004101 0.227135 0.380694
-0.107422 -0.075439 -1.389404 -2.056791 0.221676 0.464475
-0.090332 -0.064819 -1.357544 -2.114227 0.223337 0.531880
-0.061768 -0.051758 -1.309326 -2.179733 0.204113 0.585281
-0.040649 -0.034302 -1.270752 -2.250223 0.210521 0.628477
-0.015381 -0.015747 -1.224365 -2.316679 0.217641 0.664790
0.008057 -0.006958 -1.185547 -2.379811 0.208622 0.702290
0.029175 0.000854 -1.152222 -2.445080 0.206486 0.739790
0.055908 0.007080 -1.105591 -2.506313 0.233305 0.774916
0.080933 0.019775 -1.050049 -2.562326 0.283147 0.802685
0.101685 0.029053 -0.979492 -2.615252 0.315900 0.818824
0.128784 0.035034 -0.919067 -2.654651 0.359571 0.824758
0.158325 0.050293 -0.856567 -2.666518 0.427450 0.822147
0.194824 0.075562 -0.779663 -2.639699 0.488921 0.813128
0.213623 0.090210 -0.725830 -2.570395 0.550629 0.797463
0.230591 0.111206 -0.679810 -2.462880 0.597860 0.776815
0.250732 0.136353 -0.639282 -2.324036 0.617322 0.747622
0.267456 0.160278 -0.608887 -2.164543 0.620170 0.706562
0.285034 0.180298 -0.574951 -2.000304 0.600708 0.659569
0.286865 0.192749 -0.555664 -1.837726 0.541136 0.612101
0.289551 0.202271 -0.540649 -1.677758 0.464238 0.568905
0.286743 0.213257 -0.527100 -1.520639 0.393510 0.534016
0.286377 0.215942 -0.496338 -1.376574 0.334650 0.504823
0.287109 0.218872 -0.469849 -1.252445 0.271517 0.478241
0.295898 0.225464 -0.434814 -1.139945 0.217404 0.457829
0.301880 0.229370 -0.397583 -1.028395 0.198654 0.449760
0.312378 0.233398 -0.355347 -0.907827 0.215742 0.456405
0.310913 0.234131 -0.327637 -0.760676 0.265584 0.469934
0.308105 0.229980 -0.300049 -0.576500 0.296913 0.477054
0.302124 0.235352 -0.279175 -0.351026 0.268669 0.467086
0.297729 0.246582 -0.274902 -0.086867 0.198891 0.444538
0.301758 0.243286 -0.280273 0.204350 0.080458 0.425551
0.302368 0.232300 -0.311768 0.504111 -0.058148 0.421516
0.313232 0.222046 -0.345581 0.801023 -0.175869 0.427213
0.331909 0.207031 -0.414551 1.086544 -0.253479 0.432434
0.343750 0.208130 -0.485229 1.359722 -0.284096 0.433858
0.352905 0.203125 -0.548828 1.615101 -0.263685 0.430061
0.352051 0.191162 -0.598022 1.823723 -0.243986 0.418431
0.340820 0.169312 -0.648804 1.970874 -0.225473 0.392086
0.326294 0.150391 -0.685303 2.056079 -0.196992 0.350077
0.326416 0.140869 -0.748657 2.113515 -0.192246 0.300947
0.341309 0.129883 -0.815308 2.195160 -0.234255 0.250157
0.374756 0.123169 -0.915161 2.337802 -0.311153 0.193195
0.382080 0.108276 -1.032349 2.548085 -0.442877 0.136945
0.379639 0.100464 -1.130615 2.767625 -0.565345 0.072626
0.375000 0.097168 -1.246826 2.922134 -0.605455 0.010443
0.368164 0.084595 -1.378418 2.956785 -0.645328 -0.026582
0.344238 0.082153 -1.509888 2.855204 -0.694932 -0.038449
0.346680 0.087036 -1.659668 2.639461 -0.679505 -0.039398
0.334595 0.116089 -1.762329 2.336140 -0.592639 -0.036788
0.324585 0.105957 -1.818848 1.940969 -0.425314 -0.034414
0.307983 0.088257 -1.843018 1.484801 -0.247783 -0.027057
0.297241 0.092041 -1.829956 1.047620 -0.041297 -0.006646
0.301392 0.100464 -1.784058 0.698255 0.150948 0.023971
0.312500 0.084595 -1.746338 0.459016 0.229271 0.050079
0.325195 0.073120 -1.699707 0.313289 0.226423 0.053402
0.336304 0.073364 -1.674683 0.224761 0.175394 0.026582
0.331909 0.064209 -1.645874 0.157119 0.122705 -0.013528
0.313599 0.057495 -1.604126 0.087579 0.130537 -0.052215
0.283813 0.058228 -1.557373 0.004747 0.202689 -0.074288
0.250366 0.060547 -1.517334 -0.082120 0.270093 -0.075712
0.231567 0.059326 -1.475708 -0.157357 0.287656 -0.062658
0.226074 0.049561 -1.433472 -0.219777 0.254191 -0.036313
0.229248 0.043701 -1.389282 -0.269381 0.196755 -0.002611
0.234741 0.042480 -1.346313 -0.307593 0.143116 0.030854
0.245239 0.037720 -1.303833 -0.335124 0.114635 0.058860
0.250488 0.034546 -1.265503 -0.352213 0.104667 0.077136
0.252930 0.032227 -1.229126 -0.356010 0.104430 0.088053
0.252808 0.034058 -1.197388 -0.344381 0.092563 0.097784
0.255249 0.033325 -1.176392 -0.325156 0.061471 0.108465
0.259399 0.022461 -1.154785 -0.302372 0.021123 0.126740
0.267578 0.008789 -1.135010 -0.279112 -0.001661 0.155221
0.279907 0.006714 -1.117798 -0.249445 0.002373 0.178243
0.296509 0.013794 -1.113403 -0.211470 -0.009494 0.193195
0.312866 0.005981 -1.117432 -0.171597 -0.035364 0.197704
0.323364 0.006958 -1.125000 -0.140505 -0.060284 0.192483
0.334106 0.015381 -1.131348 -0.124604 -0.077373 0.178480
0.334473 0.018433 -1.137085 -0.124366 -0.075949 0.159493
0.337280 0.009888 -1.140869 -0.138132 -0.066693 0.138369
0.337646 0.018555 -1.138428 -0.151423 -0.062658 0.117721
0.339111 0.020386 -1.132568 -0.154746 -0.064557 0.096360
0.344849 0.017578 -1.132690 -0.150948 -0.076186 0.080933
0.347168 0.025757 -1.140869 -0.141455 -0.078322 0.071677
0.340942 0.032104 -1.138916 -0.134335 -0.059098 0.063133
0.339600 0.040527 -1.146484 -0.139319 -0.040111 0.049604
0.331787 0.041504 -1.142822 -0.156645 -0.022547 0.036788
0.326782 0.044189 -1.138794 -0.175157 0.000712 0.026345
0.319580 0.038818 -1.132324 -0.189635 0.015902 0.017563
0.317871 0.039307 -1.124756 -0.195806 0.023259 0.011867
0.317383 0.036865 -1.117065 -0.196755 0.018750 0.007595
0.318481 0.034912 -1.113037 -0.197942 0.006171 0.003560
0.324707 0.031128 -1.111450 -0.197942 0.008782 0.001661
0.320313 0.023926 -1.107056 -0.193195 0.023497 -0.001187
0.320557 0.026978 -1.103149 -0.179192 0.053402 -0.009019
0.314209 0.022217 -1.102661 -0.159255 0.065506 -0.018513
0.311157 0.024414 -1.104492 -0.133385 0.052927 -0.030142
0.310059 0.030762 -1.100342 -0.109414 0.024683 -0.039398
0.308594 0.034912 -1.110107 -0.094224 -0.001899 -0.044383
0.306885 0.033569 -1.119019 -0.089477 -0.008782 -0.051266
