0.885010 0.274780 -0.268066 -0.181328 1.212809 -0.260362
0.883789 0.287964 -0.267700 -0.306406 1.366843 -0.163290
0.902466 0.298706 -0.228271 -0.442402 1.382033 -0.058386
0.929932 0.305786 -0.156250 -0.548493 1.291606 -0.000475
0.948730 0.314575 -0.091919 -0.553240 1.037652 0.008544
1.013550 0.280029 -0.100342 -0.442402 0.578161 0.021123
0.955078 0.275146 -0.092041 -0.335836 0.392561 -0.037025
0.962280 0.296509 -0.106445 -0.274365 0.178480 -0.060759
0.964844 0.293335 -0.116577 -0.238290 0.094699 -0.088765
0.880737 0.201050 -0.117920 -0.241612 0.112974 -0.106803
0.896973 0.242920 -0.071411 -0.230457 -0.031329 -0.071914
0.869019 0.337891 -0.108154 -0.140268 -0.139556 -0.033702
0.905640 0.325439 -0.161499 -0.122230 -0.154509 0.104430
0.972290 0.295654 -0.152832 -0.198891 -0.040348 0.191059
0.998291 0.298218 -0.121094 -0.253717 0.045807 0.141929
0.977539 0.302246 -0.117432 -0.237578 -0.043433 0.040585
0.949707 0.300415 -0.128662 -0.203163 -0.223575 -0.059098
0.935547 0.297852 -0.149658 -0.196755 -0.395409 -0.138607
0.932129 0.292725 -0.137817 -0.223575 -0.428162 -0.201977
0.902344 0.293823 -0.092041 -0.291217 -0.242324 -0.251818
0.827881 0.281616 -0.064087 -0.389475 0.094461 -0.248970
0.706421 0.274170 -0.034302 -0.459016 0.441453 -0.217404
0.625610 0.284546 0.042480 -0.483462 0.693271 -0.198654
0.527466 0.300537 0.136230 -0.458304 0.713208 -0.249682
0.233276 0.320313 0.267944 -0.400156 0.545171 -0.267957
0.123779 0.234497 0.372192 -0.311865 0.626341 -0.209809
-0.172241 0.139526 0.670288 -0.236154 0.964314 -0.297387
-0.441772 -0.059692 0.887451 0.146676 0.727685 -0.171597
-0.718750 -0.437378 0.940063 0.926102 -0.082357 0.256565
-0.582642 -0.692871 0.918091 1.857662 -0.830928 1.152050
-0.156128 -0.722412 0.905518 2.734635 -1.429026 2.352517
0.336304 -0.721924 0.787231 3.535658 -1.598487 3.318492
0.746460 -0.742310 0.587158 4.227030 -1.455133 3.851321
1.152832 -0.610596 0.281372 4.825840 -1.485750 4.034547
1.275024 -0.627563 0.054199 5.244983 -1.273568 3.899501
1.580444 -0.503906 -0.310303 5.389998 -1.146828 3.631781
1.852661 -0.359985 -0.611450 5.272514 -1.326732 3.165170
2.027100 -0.242188 -0.807739 5.042531 -1.241764 2.468339
2.083496 -0.190063 -0.962036 4.702423 -1.187413 1.647616
2.084961 -0.229004 -1.072754 4.312948 -1.129265 0.854425
1.983521 -0.260620 -1.114258 3.852982 -0.989472 0.171597
1.924683 -0.265625 -1.195313 3.417225 -0.796989 -0.392798
1.750000 -0.320801 -1.261475 2.963431 0.010443 -0.844457
1.544067 -0.360596 -1.299072 2.497769 0.602370 -1.084645
1.374634 -0.374512 -1.329956 2.078151 0.810754 -1.093664
1.242676 -0.324341 -1.329346 1.690575 0.941529 -0.935358
1.158203 -0.264404 -1.320801 1.259328 0.990421 -0.708698
1.106689 -0.214478 -1.273926 0.734568 0.885042 -0.516690
1.092896 -0.178467 -1.171143 0.202926 0.715818 -0.408700
1.081665 -0.171875 -1.023315 -0.283622 0.583382 -0.382593
1.052979 -0.210205 -0.868652 -0.714869 0.443589 -0.393748
1.025635 -0.265869 -0.721924 -1.083933 0.361469 -0.405615
1.000610 -0.336914 -0.575684 -1.374200 0.423890 -0.393036
0.985474 -0.395752 -0.457520 -1.588756 0.651974 -0.311628
0.954590 -0.429932 -0.356201 -1.694847 0.798413 -0.171122
0.962891 -0.451294 -0.316772 -1.687727 0.759252 -0.047231
0.965332 -0.438110 -0.348389 -1.648566 0.823333 0.051028
0.885864 -0.445068 -0.403931 -1.631952 0.865817 0.143354
0.879883 -0.436523 -0.462158 -1.645243 0.552291 0.301185
0.918213 -0.384033 -0.517334 -1.721904 0.244223 0.502687
0.953979 -0.365601 -0.523438 -1.882820 0.038212 0.638920
1.037964 -0.315063 -0.563965 -2.096427 -0.126028 0.745723
1.081177 -0.273682 -0.607544 -2.374115 -0.161154 0.810754
1.031494 -0.280518 -0.681763 -2.712325 -0.119382 0.810042
1.057129 -0.268799 -0.694702 -3.128857 -0.053164 0.830454
1.105957 -0.234863 -0.594360 -3.588822 0.079034 0.839473
1.107666 -0.243774 -0.442505 -3.974738 0.233305 0.728872
1.060669 -0.262695 -0.328735 -4.219910 0.274840 0.538050
1.033081 -0.312622 -0.169312 -4.372757 0.337023 0.403241
1.078125 -0.281250 0.068481 -4.454165 0.380456 0.348178
1.094238 -0.263550 0.318970 -4.390795 0.388051 0.228559
1.055908 -0.266479 0.504517 -4.169831 0.369064 0.039398
0.972900 -0.322632 0.653320 -3.728853 0.490820 -0.100870
0.932007 -0.240356 0.783936 -3.128857 0.369064 -0.156170
0.940674 -0.224365 0.760498 -2.510586 0.111075 -0.154983
0.974243 -0.167603 0.759033 -1.967551 -0.014952 -0.061708
1.004761 -0.130859 0.712769 -1.582585 0.032278 0.040348
0.991089 -0.111694 0.628052 -1.266922 0.234018 0.119145
0.946777 -0.053467 0.535278 -0.983063 0.335599 0.192246
0.988525 -0.052246 0.488403 -0.748571 0.276264 0.274128
1.011963 -0.009766 0.428589 -0.526658 0.142404 0.287656
1.029053 0.030273 0.355591 -0.345567 0.047705 0.305932
1.066528 0.070801 0.267944 -0.219777 -0.043671 0.327530
1.065063 0.077148 0.184570 -0.145490 -0.083781 0.316375
1.096924 0.096680 0.138550 -0.110601 -0.119857 0.299998
1.129150 0.099609 0.113525 -0.078322 -0.191296 0.275315
1.183594 0.079102 0.097168 -0.035838 -0.298574 0.247783
1.217773 0.068604 0.063477 0.006408 -0.367640 0.214556
1.251709 0.071167 0.038940 0.041535 -0.396358 0.161629
1.299072 0.057739 0.019775 0.058623 -0.403241 0.112974
1.339600 0.042847 0.030518 0.079034 -0.414871 0.029430
1.412720 0.076172 0.042236 0.110363 -0.452371 -0.112262
1.441528 0.030884 0.039673 0.134572 -0.366453 -0.316849
1.458618 -0.010254 0.070313 0.158069 -0.281723 -0.508383
1.470337 -0.036621 0.106201 0.206723 -0.141217 -0.652211
1.488159 -0.044189 0.150879 0.284808 -0.020411 -0.796277
1.500000 -0.047241 0.203247 0.391611 0.040348 -0.988522
1.500732 -0.050415 0.248657 0.549443 -0.049841 -1.230372
1.492554 -0.114258 0.257568 0.764948 -0.153322 -1.489785
1.443481 -0.185791 0.237671 0.957668 -0.032990 -1.733533
1.367310 -0.202881 0.220947 1.143980 0.248258 -1.934323
1.285034 -0.213257 0.197876 1.325546 0.523573 -2.077914
1.192139 -0.214966 0.138672 1.503313 0.683065 -2.145082
1.098633 -0.202759 0.088501 1.645718 0.765660 -2.148404
1.024536 -0.175415 0.031250 1.766049 0.815501 -2.095240
0.966431 -0.131226 -0.071899 1.883533 0.827131 -2.009323
0.890137 -0.099731 -0.190186 1.953073 0.871514 -1.927440
0.740967 -0.094604 -0.317505 1.956633 0.798887 -1.840099
0.581909 -0.080688 -0.504395 1.892077 0.720565 -1.659958
0.507568 -0.014526 -0.645508 1.725464 0.589791 -1.359960
0.535767 0.094482 -0.725342 1.445640 0.407513 -0.999915
0.617432 0.184082 -0.755615 1.101259 0.323257 -0.706799
0.693848 0.234131 -0.727295 0.753081 0.106566 -0.565819
0.734131 0.229248 -0.675293 0.450947 -0.081645 -0.567243
0.745361 0.189941 -0.618652 0.209571 -0.151423 -0.601420
0.756592 0.166260 -0.549194 0.017326 -0.117721 -0.591215
0.734375 0.130615 -0.471069 -0.127689 -0.006883 -0.538050
0.734619 0.129272 -0.406128 -0.220489 0.074288 -0.454507
0.717285 0.118042 -0.404907 -0.267245 0.134572 -0.384966
0.747925 0.102783 -0.320923 -0.270568 0.040348 -0.328716
0.752075 0.091309 -0.257690 -0.239951 0.112262 -0.257277
0.774292 0.102295 -0.216553 -0.164239 -0.063845 -0.161391
0.822754 0.118164 -0.202759 -0.057436 -0.355773 -0.086629
0.868896 0.148682 -0.208984 0.049604 -0.442165 -0.031566
0.887207 0.169800 -0.234985 0.117721 -0.391374 -0.006171
0.885986 0.185303 -0.268311 0.131012 -0.349365 -0.008307
0.887329 0.184204 -0.272705 0.090664 -0.274365 -0.005221
0.904785 0.190308 -0.269409 0.039636 -0.230220 0.008544
0.918213 0.211670 -0.260254 0.007595 -0.217166 0.012342
0.914307 0.219116 -0.251465 -0.023734 -0.210758 -0.007595
0.916016 0.220947 -0.243530 -0.060759 -0.196518 -0.020886
0.913696 0.216919 -0.229492 -0.094699 -0.155221 -0.018275
0.914551 0.213257 -0.199219 -0.110126 -0.122942 -0.007358
0.921997 0.216797 -0.198364 -0.107515 -0.101344 0.010680
0.919922 0.216187 -0.192017 -0.104430 -0.067642 0.032753
0.932007 0.221313 -0.178101 -0.090664 -0.057199 0.043908
0.945557 0.226318 -0.177124 -0.064082 -0.083306 0.040585
0.945435 0.234497 -0.187744 -0.051028 -0.094699 0.040348
0.938110 0.239624 -0.183228 -0.071914 -0.063607 0.048655
0.942383 0.243530 -0.169556 -0.092088 -0.049604 0.053876
0.948608 0.247314 -0.171021 -0.093749 -0.073338 0.049841
0.947388 0.250854 -0.187866 -0.099920 -0.113449 0.045569
0.950439 0.249756 -0.171509 -0.138369 -0.110601 0.044857
0.964722 0.239990 -0.142334 -0.154509 -0.138607 0.047705
0.971313 0.240356 -0.126099 -0.130537 -0.181328 0.040585
0.978271 0.235718 -0.125854 -0.107278 -0.187973 0.038924
0.976807 0.232422 -0.128906 -0.098734 -0.106328 0.052690
0.979126 0.233643 -0.121460 -0.070965 -0.053639 0.061471
0.984253 0.239624 -0.133667 -0.015902 -0.070965 0.056012
0.984863 0.243774 -0.152588 0.035601 -0.108465 0.052215
