0.861450 0.343140 -0.118164 0.183227 0.216692 -0.229983
0.818848 0.482056 -0.108398 0.196992 0.326106 -0.111787
0.891113 0.286133 -0.146484 0.200078 0.383305 0.036788
0.817261 0.399048 -0.165649 0.130300 0.655534 0.003085
0.755005 0.390869 -0.113159 0.056962 0.741688 0.175157
0.772461 0.288574 -0.094971 0.073338 0.529269 0.306881
0.828369 0.307861 -0.076660 0.078085 0.283622 0.346042
0.861572 0.333252 -0.064331 0.117958 0.115585 0.370963
0.877930 0.314941 -0.056763 0.138607 0.136708 0.391849
0.870972 0.309082 -0.025146 0.152847 0.216692 0.354349
0.848511 0.326172 -0.003540 0.200315 0.237103 0.277925
0.830933 0.332642 0.042847 0.255141 0.205774 0.210521
0.827026 0.324829 0.090088 0.321596 0.201027 0.146914
0.812988 0.300415 0.141846 0.430061 0.280299 0.042721
0.753906 0.277466 0.184082 0.592401 0.374286 -0.101582
0.703491 0.259033 0.222534 0.800074 0.435757 -0.263685
0.640259 0.235107 0.237915 1.042873 0.398494 -0.460678
0.549561 0.211670 0.235718 1.278315 0.309254 -0.663841
0.467041 0.185425 0.236938 1.487649 0.157119 -0.809093
0.402832 0.147583 0.212646 1.679657 -0.003085 -0.849916
0.334351 0.107910 0.145996 1.842235 -0.127214 -0.749046
0.296387 0.052124 0.062622 1.943342 -0.152135 -0.439317
0.367798 0.061768 -0.010864 1.944292 0.081882 0.056250
0.440918 0.042236 0.092041 1.923406 0.380694 0.616135
0.619385 0.047241 0.121826 1.975621 0.672622 1.101734
0.782837 0.061646 0.117798 2.050620 0.750470 1.404105
0.888672 0.025269 0.084106 2.122060 0.749283 1.607506
1.098022 0.024780 0.116211 2.193974 0.712258 1.758454
1.262939 0.005859 0.160156 2.298403 0.783223 1.741128
1.343506 -0.033203 0.186279 2.467152 0.988285 1.579974
1.352905 -0.056396 0.104614 2.701407 1.192635 1.358061
1.274414 -0.080811 0.028687 2.922134 1.085832 1.156085
1.256348 -0.050293 -0.100952 3.082813 0.874124 1.054028
1.232544 0.001953 -0.246704 3.161135 0.264160 0.980215
1.223267 0.026489 -0.333374 3.152354 -0.226423 0.885754
1.206421 0.046265 -0.403442 3.044364 -0.213132 0.833302
1.215942 0.060913 -0.453247 2.936849 -0.060522 0.800549
1.794800 0.339966 -0.640259 2.798242 -0.022547 0.750233
0.960449 -0.039307 -0.507568 2.558528 -0.183701 0.285520
1.354126 0.183350 -0.860107 2.243578 0.606167 0.502687
1.348145 0.155762 -0.767578 1.685116 0.700391 0.686625
1.149780 0.080688 -0.611328 1.109566 1.201891 0.436469
1.189697 0.065308 -0.504395 0.839235 1.098173 0.480614
1.211182 0.040771 -0.526367 0.718192 0.447386 0.516215
1.226318 0.017822 -0.500610 0.584332 0.503873 0.453083
1.241699 0.001221 -0.426392 0.477291 0.597623 0.426500
1.247559 0.006104 -0.428955 0.398969 0.615661 0.465662
1.287109 0.030640 -0.400024 0.276264 0.772780 0.447149
1.314819 0.025269 -0.355225 0.142642 0.793666 0.373099
1.338379 0.014038 -0.328369 0.019462 0.657907 0.283859
1.347290 0.001587 -0.297241 -0.097072 0.557987 0.194856
1.332886 -0.026611 -0.269775 -0.216454 0.609253 0.119857
1.319092 -0.030396 -0.225220 -0.329191 0.774204 0.056250
1.275513 -0.050415 -0.201660 -0.413209 0.882668 -0.005696
1.238281 -0.073730 -0.184204 -0.459016 0.847780 -0.064557
1.192017 -0.088135 -0.186279 -0.488684 0.857273 -0.121756
1.179443 -0.081177 -0.147705 -0.533778 0.971196 -0.133860
1.177979 -0.098267 -0.125610 -0.575076 0.975706 -0.130537
1.172974 -0.116089 -0.122437 -0.601420 0.874836 -0.138132
1.162354 -0.112305 -0.143921 -0.621594 0.761150 -0.158069
1.141479 -0.118530 -0.176270 -0.675233 0.757828 -0.198416
1.121094 -0.140869 -0.232666 -0.742875 0.708698 -0.243511
1.073364 -0.145020 -0.185913 -0.835912 0.482038 -0.277688
1.029907 -0.169556 -0.219727 -0.907827 0.349365 -0.250631
1.012085 -0.167969 -0.226807 -0.991370 0.295014 -0.178480
1.022217 -0.142822 -0.228516 -1.069693 0.191771 -0.072151
1.055054 -0.132935 -0.216309 -1.130452 0.099208 -0.012816
1.109375 -0.101807 -0.202515 -1.163442 -0.102056 -0.020411
1.122559 -0.082031 -0.215942 -1.218030 -0.154034 -0.079509
1.097778 -0.060303 -0.206909 -1.388441 0.004747 -0.146439
1.050171 -0.064697 -0.185059 -1.606319 0.240426 -0.226423
1.000488 -0.071167 -0.183350 -1.771508 0.363131 -0.290267
0.973877 -0.067505 -0.164551 -1.901570 0.389475 -0.322308
0.955933 -0.051270 -0.109497 -2.034006 0.511943 -0.346754
0.919678 -0.035034 -0.003906 -2.134164 0.615423 -0.346517
0.913696 -0.022217 0.065186 -2.148404 0.537576 -0.306406
0.937622 0.000732 0.108276 -2.128230 0.470408 -0.254666
0.939697 0.020386 0.142090 -2.118737 0.450235 -0.229508
0.905518 0.038818 0.162598 -2.158847 0.407751 -0.222625
0.878540 0.060791 0.233154 -2.225777 0.395409 -0.212894
0.855713 0.063354 0.269409 -2.276805 0.297150 -0.179192
0.837524 0.064697 0.352661 -2.323561 0.193907 -0.133385
0.868530 0.043213 0.463013 -2.324511 0.130537 -0.071914
0.914307 0.028564 0.582397 -2.235271 0.077848 -0.034177
0.912476 0.018066 0.624390 -2.044687 -0.011392 -0.039398
0.905396 0.009888 0.661133 -1.779577 -0.056250 -0.041297
0.895996 0.002075 0.675781 -1.484326 -0.070490 -0.010680
0.869873 0.008789 0.612061 -1.177208 -0.058386 0.040585
0.872803 0.038086 0.560425 -0.909013 -0.039161 0.127452
0.893921 0.061401 0.515991 -0.693271 -0.104430 0.230457
0.927246 0.075073 0.463623 -0.509095 -0.193907 0.310678
0.966919 0.103394 0.400391 -0.370488 -0.282672 0.360045
0.999634 0.119507 0.364502 -0.281960 -0.344618 0.371675
1.018188 0.125244 0.319214 -0.221676 -0.421991 0.360045
1.056152 0.137695 0.288452 -0.198891 -0.464475 0.333463
1.079224 0.140259 0.278442 -0.206011 -0.496753 0.315188
1.088135 0.123901 0.271606 -0.211470 -0.511468 0.295726
1.136230 0.123779 0.257446 -0.194856 -0.543509 0.273416
1.178711 0.127808 0.237183 -0.189160 -0.534965 0.238764
1.191284 0.106201 0.204956 -0.210283 -0.514316 0.205537
1.213867 0.103394 0.194824 -0.230695 -0.498652 0.185363
1.225342 0.108032 0.172119 -0.251581 -0.445013 0.159967
1.242798 0.110474 0.170654 -0.282435 -0.499127 0.112025
1.271606 0.113770 0.182129 -0.317561 -0.586705 0.049841
1.299316 0.087769 0.207031 -0.339634 -0.646278 -0.036550
1.314575 0.058350 0.224121 -0.334887 -0.693271 -0.128164
1.312866 0.037109 0.243164 -0.309254 -0.632987 -0.211945
1.321655 0.036987 0.280151 -0.259413 -0.497228 -0.276739
1.320190 0.021729 0.295288 -0.187261 -0.413684 -0.348416
1.316040 0.014282 0.297729 -0.097072 -0.365979 -0.433621
1.303345 -0.005127 0.299194 -0.005221 -0.368115 -0.515028
1.278564 -0.019287 0.292725 0.068117 -0.361232 -0.576737
1.250000 -0.026489 0.298706 0.134335 -0.363368 -0.618746
1.220093 -0.018921 0.292603 0.201977 -0.310441 -0.663366
1.183350 -0.026123 0.285278 0.262973 -0.216217 -0.718429
1.156128 -0.022095 0.293579 0.321596 -0.124841 -0.769220
1.124634 -0.019165 0.316772 0.385915 -0.084256 -0.814789
1.083740 -0.037842 0.319336 0.470646 -0.143116 -0.839473
1.051514 -0.038086 0.295532 0.569379 -0.235679 -0.826419
1.025757 -0.018311 0.263428 0.667164 -0.277925 -0.788682
1.007690 -0.005859 0.210083 0.776577 -0.316375 -0.773492
1.000244 0.018799 0.142822 0.873412 -0.385915 -0.780612
0.994629 0.041382 0.072510 0.924915 -0.444776 -0.803160
0.988770 0.064819 0.021973 0.925152 -0.455693 -0.835912
0.964722 0.078979 -0.020264 0.908539 -0.437418 -0.883855
0.934082 0.079102 -0.070679 0.883381 -0.395172 -0.913048
0.921631 0.098267 -0.121826 0.832827 -0.358384 -0.922067
0.898926 0.117798 -0.160034 0.764473 -0.331327 -0.928001
0.864868 0.115112 -0.153198 0.693746 -0.424127 -0.915896
0.853149 0.129883 -0.224609 0.648651 -0.563209 -0.907827
0.801636 0.131836 -0.250977 0.602370 -0.627290 -0.924915
0.773804 0.146484 -0.296387 0.547069 -0.633461 -0.871988
0.752319 0.142334 -0.310791 0.454981 -0.656009 -0.772543
0.749023 0.142700 -0.324097 0.381406 -0.712258 -0.660518
0.750244 0.151733 -0.334106 0.323732 -0.787258 -0.572227
0.745850 0.156372 -0.348755 0.281248 -0.841846 -0.509332
0.755737 0.171387 -0.342529 0.240426 -0.849441 -0.462576
0.748047 0.181519 -0.325439 0.206011 -0.838049 -0.435519
0.731079 0.175659 -0.325317 0.194382 -0.830216 -0.417956
0.723267 0.175293 -0.338623 0.176581 -0.842558 -0.388289
0.721069 0.177246 -0.346436 0.138369 -0.806720 -0.331802
0.718018 0.183960 -0.348633 0.081882 -0.755454 -0.255615
0.740601 0.181396 -0.336792 0.003560 -0.696831 -0.175394
0.758545 0.188232 -0.334595 -0.061708 -0.641531 -0.119382
0.776855 0.192139 -0.339111 -0.093749 -0.605455 -0.085205
0.806641 0.193970 -0.327759 -0.121281 -0.610914 -0.060759
0.824585 0.190308 -0.322266 -0.144303 -0.631800 -0.052452
0.841431 0.208740 -0.310791 -0.145964 -0.619458 -0.048655
0.864258 0.223511 -0.301025 -0.140743 -0.592876 -0.057911
0.869019 0.215942 -0.298584 -0.159018 -0.548731 -0.065506
