1.025513 -0.100464 -0.133423 0.141929 -0.318511 -0.304033
1.041382 -0.094849 -0.157227 0.037262 -0.228796 -0.287182
1.028564 -0.109619 -0.153320 -0.102056 -0.166376 -0.241375
0.984985 -0.140137 -0.138184 -0.204350 -0.035838 -0.221913
0.960815 -0.163330 -0.113770 -0.251106 0.024209 -0.194382
0.921753 -0.161255 -0.148926 -0.262024 0.042959 -0.127214
1.008057 -0.143921 -0.070190 -0.347466 0.012104 -0.050079
0.981201 -0.137573 -0.079224 -0.232593 0.054351 -0.000237
0.995728 -0.134521 -0.111816 -0.198179 0.142642 -0.011867
0.938477 -0.183960 -0.023682 -0.193432 0.238052 -0.010918
0.930054 -0.278076 -0.112183 -0.108227 0.271992 0.024683
0.903687 -0.109985 -0.057373 -0.124366 0.277925 0.092563
0.876221 -0.043945 0.029541 -0.166376 0.548019 0.211708
0.942627 -0.071289 0.047852 -0.023497 0.390662 0.406327
1.021484 -0.113037 -0.029907 0.151186 0.322308 0.454032
1.020508 -0.109985 -0.056763 0.219777 0.151660 0.398494
1.009399 -0.108032 -0.067871 0.241850 -0.030617 0.364792
1.015625 -0.107788 -0.079346 0.245647 -0.053402 0.360995
1.061035 -0.103027 -0.098633 0.248021 -0.010680 0.373336
1.158813 -0.150513 -0.046753 0.260362 -0.066930 0.384254
1.120117 -0.242676 -0.000244 0.285046 -0.181328 0.369301
1.430176 -0.177124 0.012573 0.376896 -0.328954 0.369776
1.631348 -0.190186 -0.026733 0.499127 -0.362181 0.200553
1.802246 -0.247559 -0.079346 0.609490 -0.441216 -0.096123
1.932007 -0.289551 -0.141479 0.671198 -0.764948 -0.471358
2.062378 -0.332153 -0.200195 0.685439 -1.290656 -0.862969
2.214600 -0.097534 -0.245483 0.685676 -1.780764 -1.343583
2.270020 -0.372314 -0.366211 0.784410 -1.915099 -2.119449
2.315186 -0.440918 -0.447754 0.607116 -2.332106 -2.612405
2.316650 -0.428467 -0.476318 0.251106 -2.981469 -2.905520
2.234741 -0.312012 -0.506226 -0.215980 -3.300929 -3.150455
2.108643 -0.297119 -0.605835 -0.594063 -2.779729 -3.457098
1.981934 -0.395020 -0.640625 -0.957668 -1.738280 -3.731227
1.779541 -0.463623 -0.557129 -1.337175 -1.023411 -4.008440
1.619507 -0.382813 -0.482056 -1.646667 -0.985437 -4.292299
1.501221 -0.296997 -0.451904 -1.805448 -0.752131 -4.590161
1.310791 -0.280396 -0.370850 -1.832267 -0.222151 -4.874969
1.149536 -0.409668 -0.218750 -1.818027 0.141692 -4.907485
0.922485 -0.083252 -0.206299 -1.801650 0.520487 -4.625288
0.799927 -0.051636 -0.075073 -1.775543 0.533066 -4.513500
0.574463 -0.034424 0.016846 -1.858849 0.545408 -4.520383
0.481079 -0.038940 0.115845 -1.949988 0.411311 -4.291587
0.337402 -0.103271 0.177368 -1.810906 0.537338 -4.052111
0.199707 -0.095093 0.194458 -1.465339 0.795327 -3.705119
0.098877 -0.020386 0.145264 -1.062572 1.012256 -3.236135
0.003174 0.088257 0.092529 -0.667638 1.047383 -2.808210
-0.059204 0.194092 0.018066 -0.311628 0.861783 -2.485665
-0.138306 0.269287 -0.064209 -0.036313 0.467323 -2.214148
-0.222900 0.332397 -0.149780 0.068829 0.000712 -1.963042
-0.270874 0.410889 -0.201294 0.069541 -0.440741 -1.680607
-0.272827 0.456177 -0.221069 -0.005696 -0.724600 -1.411225
-0.268799 0.475342 -0.212769 -0.102531 -0.850628 -1.156085
-0.241943 0.514160 -0.193481 -0.191534 -0.853713 -0.875786
-0.219360 0.517700 -0.164063 -0.289792 -0.633699 -0.565345
-0.223633 0.507813 -0.131226 -0.333938 -0.439080 -0.216692
-0.220703 0.522217 -0.106689 -0.302846 -0.249682 0.119620
-0.192749 0.574341 -0.115356 -0.220252 0.060996 0.377846
-0.172363 0.568726 -0.101929 -0.150948 0.412735 0.495092
-0.182495 0.568481 -0.090454 -0.120332 0.613525 0.484649
-0.181274 0.561157 -0.101685 -0.127926 0.537101 0.519775
-0.177734 0.515259 -0.102905 -0.131012 0.407751 0.737891
-0.164795 0.501831 -0.106445 -0.097072 0.466848 1.101022
-0.119385 0.511963 -0.097900 -0.062183 0.627528 1.478630
-0.062378 0.522217 -0.090820 -0.039873 0.724600 1.791919
-0.071899 0.502319 -0.106567 0.000712 0.674996 2.036142
-0.135254 0.438965 -0.168945 0.075237 0.481326 2.273720
-0.123413 0.394043 -0.246704 0.100158 0.275315 2.608607
0.045532 0.420654 -0.312500 -0.002136 0.111075 3.024665
0.299316 0.447998 -0.255737 -0.174445 -0.206011 3.349821
0.486084 0.441162 -0.170898 -0.339397 -0.523573 3.430516
0.580444 0.380859 -0.075073 -0.506959 -0.567243 3.363586
0.517090 0.246216 -0.051758 -0.697543 0.111075 3.400849
0.499878 0.138794 0.002441 -0.809330 0.790581 3.617541
0.587280 0.081055 0.071411 -0.841609 1.156797 3.881226
0.698608 0.030640 0.125610 -0.754267 1.269058 4.032412
0.787842 -0.015869 0.115723 -0.523335 1.141607 4.035734
0.881592 -0.132690 0.060547 -0.253005 0.799599 3.964769
1.021484 -0.114014 0.148926 -0.027531 0.220726 3.874105
1.200562 -0.134399 0.140625 0.230932 -0.254191 3.787951
1.319824 -0.172974 0.100464 0.496753 -0.461152 3.702983
1.512817 -0.276123 0.035278 0.716530 -0.419380 3.642699
1.626465 -0.284302 -0.084595 0.904029 -0.187499 3.331308
1.742188 -0.166748 -0.129883 0.962890 0.123417 2.919523
1.779175 -0.177246 -0.246704 0.871514 0.282672 2.520554
1.781250 -0.199707 -0.242432 0.668350 -0.163290 2.081712
1.774292 -0.205200 -0.254883 0.483225 -0.380456 1.664467
1.741943 -0.208862 -0.219604 0.263922 -0.391849 1.353789
1.899048 -0.117920 -0.179810 0.046519 -0.376896 1.037652
1.701538 -0.172607 -0.147583 -0.145490 0.068354 0.590977
1.533936 -0.281372 -0.000244 -0.255615 0.565107 0.420804
1.476929 -0.273438 0.023071 -0.202451 0.740027 0.453320
1.422974 -0.232300 0.054443 -0.055775 0.345330 0.419855
1.432617 -0.199341 0.058838 0.134335 -0.211945 0.359808
1.339355 -0.198364 0.036865 0.291691 -0.245885 0.301659
1.386230 -0.126221 -0.078247 0.322308 0.155221 0.311865
1.358521 -0.091064 -0.127686 0.320409 0.286707 0.252530
1.323730 -0.080811 -0.192993 0.294539 0.300710 0.121756
1.280151 -0.083252 -0.209961 0.188211 0.187024 0.001187
1.248657 -0.085938 -0.174072 0.069541 0.030617 -0.058860
1.255249 -0.073242 -0.127563 -0.021361 -0.024446 -0.095411
1.223755 -0.081909 -0.097168 -0.089003 0.107040 -0.159493
1.203857 -0.095215 -0.060913 -0.103480 0.071677 -0.210996
1.147339 -0.104248 -0.039795 -0.075000 -0.052215 -0.250394
1.076782 -0.116699 -0.104004 -0.053402 0.010206 -0.246834
1.068481 -0.090210 -0.060669 -0.127214 0.233068 -0.177293
1.087158 -0.077271 -0.000732 -0.168512 0.272229 -0.130774
1.072388 -0.067505 0.029419 -0.084968 0.145964 -0.173496
1.019287 -0.068359 -0.019775 0.046281 -0.046993 -0.242799
1.007935 -0.063599 -0.080322 0.110838 -0.161629 -0.264634
1.001587 -0.054077 -0.122681 0.079746 -0.144303 -0.243274
1.014648 -0.060547 -0.090942 0.001661 -0.086629 -0.211233
1.014404 -0.043213 -0.049927 -0.036788 -0.061471 -0.217878
0.975342 -0.039063 -0.052246 -0.024683 -0.116059 -0.256328
0.993896 -0.031982 -0.058105 -0.006408 -0.153084 -0.276739
0.926025 -0.042847 -0.038574 0.010443 -0.159730 -0.281248
0.941284 -0.046021 -0.049927 0.051978 -0.132199 -0.223100
0.968384 -0.037231 -0.077148 0.089477 -0.107515 -0.175632
0.947754 -0.034180 -0.086426 0.105616 -0.108939 -0.150474
0.949341 -0.002319 -0.107056 0.102294 -0.074288 -0.117483
0.973511 0.012573 -0.090698 0.068354 -0.057199 -0.095411
0.980591 0.009033 -0.081665 0.048892 -0.084493 -0.096360
1.002686 0.002563 -0.098999 0.055063 -0.135996 -0.117246
1.042725 0.001221 -0.093140 0.042959 -0.159493 -0.155458
1.022949 -0.016602 -0.071899 0.018987 -0.109651 -0.196280
0.982910 -0.030273 -0.063965 0.027769 -0.062895 -0.207910
0.968262 -0.018311 -0.082031 0.050553 -0.014952 -0.159493
0.947998 -0.014038 -0.084229 0.049367 0.055775 -0.102056
0.950073 -0.003540 -0.082886 0.053876 0.096835 -0.064082
0.953125 0.007813 -0.089111 0.071677 0.077373 -0.053876
0.961548 0.009155 -0.100220 0.079272 0.050316 -0.055063
0.978882 0.009399 -0.086426 0.070490 0.052927 -0.066930
1.003540 0.000000 -0.079224 0.061234 0.064319 -0.106566
0.995483 -0.029907 -0.061646 0.074525 0.035838 -0.159730
1.000122 -0.049072 -0.066162 0.134335 0.037262 -0.195094
1.004028 -0.047852 -0.066895 0.179904 0.112262 -0.178480
1.002808 -0.031738 -0.078857 0.218590 0.279587 -0.128164
1.045532 -0.001099 -0.097656 0.292641 0.524997 -0.114161
1.025391 0.020630 -0.085938 0.270568 0.455219 -0.115822
1.013794 0.018188 -0.085938 0.169936 0.371912 -0.058860
1.020630 0.020386 -0.099487 0.081408 0.373336 0.019699
1.019287 0.011353 -0.082886 0.016614 0.385441 0.050316
0.999390 -0.026123 -0.057251 -0.024683 0.374523 0.059335
1.043213 -0.008911 -0.085938 -0.043433 0.446200 0.089952
1.077148 0.023560 -0.051880 -0.068354 0.521674 0.068354
1.086548 0.007813 -0.019775 -0.064794 0.390187 -0.004747
1.089600 -0.036377 -0.056152 -0.051978 0.316612 -0.056012
1.032227 0.034790 -0.022461 -0.044620 0.335124 -0.065981
1.077271 -0.016357 -0.019653 -0.005696 0.178480 -0.160917
1.046997 -0.026001 0.000122 -0.020886 0.148575 -0.178955
1.044067 -0.023193 -0.004150 -0.039873 0.133148 -0.114873
