0.191528 -0.107300 -1.285645 0.012579 0.185600 -0.131249
0.178955 -0.106934 -1.306274 0.009019 0.102294 -0.179904
0.173584 -0.119751 -1.331543 0.017801 0.014478 -0.220489
0.198242 -0.125854 -1.356323 0.049367 -0.074762 -0.248733
0.253662 -0.155640 -1.384888 0.097547 -0.079272 -0.271043
0.246582 -0.177856 -1.447021 0.139081 -0.074762 -0.333700
0.252319 -0.194336 -1.525879 0.148575 0.051740 -0.434095
0.255737 -0.185791 -1.582642 0.106803 0.163527 -0.513842
0.203003 -0.201782 -1.702881 0.010918 0.271992 -0.544459
0.198853 -0.251343 -1.769775 -0.150236 0.561784 -0.540186
0.163574 -0.191162 -1.762085 -0.386627 0.598098 -0.534490
0.116943 -0.149536 -1.781372 -0.608066 0.374760 -0.510044
0.118286 -0.146973 -1.798584 -0.782274 0.116771 -0.454744
0.114746 -0.140625 -1.826050 -0.970010 -0.036788 -0.369301
0.108765 -0.129517 -1.844849 -1.242714 -0.023971 -0.305694
0.077271 -0.124023 -1.837524 -1.592553 0.097547 -0.283147
0.061157 -0.144531 -1.791626 -1.959481 0.318273 -0.283384
0.030640 -0.162109 -1.729858 -2.287960 0.430298 -0.289080
-0.005493 -0.161621 -1.667114 -2.547373 0.326106 -0.284808
-0.030396 -0.157715 -1.619263 -2.743654 0.150711 -0.259650
-0.062378 -0.168579 -1.572266 -2.909792 0.086155 -0.201739
-0.094360 -0.158691 -1.538208 -3.073794 0.127926 -0.112499
-0.099731 -0.124512 -1.494385 -3.245628 0.164952 0.001899
-0.097412 -0.098755 -1.415405 -3.433839 0.200553 0.127214
-0.111206 -0.128784 -1.325439 -3.639851 0.299761 0.244223
-0.126587 -0.146851 -1.210571 -3.833045 0.504111 0.329428
-0.152222 -0.118286 -1.065918 -3.977823 0.697543 0.394697
-0.182129 -0.081177 -0.957764 -4.059943 0.799125 0.469696
-0.199829 -0.064087 -0.855103 -4.082490 0.816925 0.569379
-0.180664 -0.070679 -0.746948 -4.071810 0.777052 0.693508
-0.142578 -0.052246 -0.628296 -4.034547 0.703239 0.818112
-0.094849 -0.019775 -0.536987 -3.952665 0.666214 0.904029
-0.049438 0.005615 -0.444214 -3.812872 0.644616 0.948412
-0.014160 0.023438 -0.368408 -3.624186 0.599284 0.965975
0.020264 0.035034 -0.308960 -3.402510 0.587892 0.971434
0.040771 0.028809 -0.243652 -3.137164 0.595249 0.967162
0.068359 0.045898 -0.164063 -2.823637 0.618983 0.948649
0.083740 0.057373 -0.098877 -2.462405 0.612101 0.919694
0.112061 0.064697 -0.039551 -2.039465 0.553478 0.882194
0.159180 0.086670 0.018066 -1.567870 0.491057 0.851814
0.209473 0.093628 0.052979 -1.059487 0.454981 0.827368
0.255127 0.091064 0.069336 -0.525471 0.463288 0.793191
0.291626 0.102661 0.063721 0.045807 0.492006 0.729347
0.321045 0.103760 0.031738 0.667401 0.513604 0.637496
0.348267 0.091553 -0.037964 1.307982 0.539237 0.537576
0.360474 0.089111 -0.148438 1.913437 0.525946 0.440266
0.369629 0.085083 -0.268188 2.444368 0.465187 0.337973
0.374146 0.074463 -0.390137 2.883210 0.365741 0.219302
0.378540 0.073730 -0.515259 3.224505 0.223812 0.093037
0.375122 0.065186 -0.630859 3.473475 0.051028 -0.029193
0.374268 0.044556 -0.743774 3.637715 -0.116534 -0.132673
0.373047 0.027588 -0.835571 3.749739 -0.266296 -0.200315
0.376953 0.007568 -0.923706 3.850371 -0.405377 -0.247783
0.364990 0.029663 -1.018188 3.963108 -0.637733 -0.306644
0.318848 0.030640 -1.122925 4.080592 -0.958617 -0.401342
0.248291 0.011719 -1.241333 4.152268 -1.281400 -0.492481
0.171997 -0.008301 -1.354736 4.125449 -1.535117 -0.476579
0.121704 -0.028564 -1.402710 3.993962 -1.605132 -0.288368
0.110352 -0.033569 -1.547485 3.798156 -1.439469 0.076424
0.095703 -0.039673 -1.641235 3.568174 -1.138759 0.545171
0.119629 -0.083008 -1.675171 3.284315 -0.738840 1.022699
0.187134 -0.089844 -1.723022 2.950377 -0.367640 1.430212
0.241211 -0.079224 -1.710449 2.635189 -0.147388 1.700781
0.314087 -0.107422 -1.699707 2.392865 -0.054826 1.806634
0.353394 -0.159302 -1.701660 2.233847 -0.236628 1.766761
0.371094 -0.168945 -1.726440 2.182581 -0.536864 1.630053
0.370728 -0.180664 -1.745972 2.183056 -0.888602 1.436858
0.371460 -0.214722 -1.793823 2.153151 -1.143268 1.232033
0.346558 -0.239624 -1.841797 2.063437 -1.257429 1.073015
0.322510 -0.264526 -1.883423 1.925067 -1.250783 1.009646
0.314819 -0.264893 -1.936035 1.757980 -1.155610 1.049044
0.314941 -0.243896 -2.014038 1.555054 -0.988048 1.139471
0.323364 -0.222534 -2.063354 1.276179 -0.878159 1.225625
0.338867 -0.193359 -2.122070 0.889077 -0.780612 1.269058
0.343872 -0.173096 -2.144043 0.409887 -0.698492 1.267397
0.329956 -0.159302 -2.135010 -0.124841 -0.631088 1.233220
0.316772 -0.161011 -2.104126 -0.671436 -0.604268 1.186939
0.299316 -0.176880 -2.035889 -1.187888 -0.598335 1.137572
0.267334 -0.193237 -1.959717 -1.643582 -0.528794 1.101259
0.249634 -0.214233 -1.875122 -2.021190 -0.461864 1.095563
0.239136 -0.220825 -1.798828 -2.327833 -0.391611 1.119059
0.233887 -0.224121 -1.724731 -2.575379 -0.328954 1.140657
0.251221 -0.201904 -1.662109 -2.775457 -0.306169 1.135673
0.264771 -0.169556 -1.594482 -2.950377 -0.268669 1.102683
0.259766 -0.138672 -1.533447 -3.136689 -0.194619 1.043585
0.242432 -0.110352 -1.477539 -3.348397 -0.090427 0.976418
0.228516 -0.097168 -1.411011 -3.577430 0.018275 0.929187
0.207520 -0.093262 -1.339600 -3.810973 0.136708 0.905928
0.194336 -0.062500 -1.263428 -4.023393 0.237578 0.895248
0.189819 -0.079590 -1.182129 -4.189531 0.295963 0.900469
0.181396 -0.052002 -1.099243 -4.306777 0.359096 0.898808
0.190430 -0.041138 -1.012085 -4.379640 0.443589 0.880058
0.183105 -0.006714 -0.922363 -4.401475 0.491057 0.834726
0.182129 0.029541 -0.843628 -4.386286 0.528082 0.763761
0.168579 0.042480 -0.775269 -4.341191 0.512418 0.675708
0.162842 0.049927 -0.713257 -4.271176 0.496041 0.595012
0.153442 0.079956 -0.641357 -4.162949 0.498652 0.528319
0.149048 0.116455 -0.584106 -4.008203 0.491294 0.469934
0.142944 0.146729 -0.510864 -3.819992 0.490345 0.417244
0.142212 0.178223 -0.450684 -3.611370 0.506484 0.369301
0.131470 0.199707 -0.399048 -3.383998 0.499839 0.327292
0.128052 0.239990 -0.385010 -3.127908 0.449522 0.280774
0.121216 0.259277 -0.354248 -2.855678 0.365029 0.247071
0.112427 0.267700 -0.322632 -2.597215 0.335599 0.231644
0.100342 0.279541 -0.287720 -2.370317 0.323495 0.237340
0.099731 0.281738 -0.251587 -2.162170 0.325394 0.254191
0.098633 0.289185 -0.214722 -1.950937 0.334412 0.271517
0.090698 0.290894 -0.185547 -1.719056 0.324444 0.269856
0.087036 0.298584 -0.147461 -1.446589 0.245885 0.249445
0.089722 0.320435 -0.120728 -1.114075 0.105379 0.222151
0.097168 0.325684 -0.113037 -0.724363 -0.031804 0.199128
0.105713 0.329834 -0.124756 -0.299049 -0.154746 0.194144
0.104736 0.327393 -0.180298 0.137895 -0.230457 0.203638
0.120850 0.343262 -0.227905 0.564870 -0.292641 0.222625
0.118652 0.349121 -0.298828 0.941292 -0.319223 0.243036
0.110107 0.340210 -0.348022 1.234407 -0.314476 0.256090
0.107422 0.329834 -0.408936 1.437333 -0.294777 0.273179
0.105469 0.308716 -0.452759 1.589231 -0.302846 0.298337
0.112915 0.288208 -0.477783 1.719293 -0.333226 0.323257
0.133179 0.258179 -0.493530 1.844371 -0.385915 0.333463
0.156738 0.229126 -0.503662 2.009560 -0.455693 0.324207
0.177612 0.187500 -0.507080 2.268736 -0.528319 0.295014
0.197144 0.122681 -0.507568 2.656787 -0.640107 0.240663
0.232178 0.072144 -0.569336 3.161373 -0.794615 0.167088
0.271973 0.044556 -0.692627 3.726717 -0.914472 0.095173
0.282104 0.038940 -0.823364 4.240322 -0.927051 0.032753
0.267334 0.022583 -1.016479 4.596332 -0.931086 -0.034177
0.281494 -0.018555 -1.186890 4.785729 -0.746910 -0.103718
0.267578 0.028198 -1.372925 4.820381 -0.564633 -0.163290
0.268433 -0.006226 -1.518677 4.723309 -0.478715 -0.209334
0.269897 0.001587 -1.639404 4.494750 -0.268907 -0.234018
0.234375 0.048706 -1.719482 4.152505 -0.101344 -0.241138
0.213013 0.026611 -1.751221 3.734075 0.050079 -0.249207
0.202637 0.040771 -1.797485 3.300929 0.110601 -0.256090
0.191284 0.052612 -1.801025 2.909080 0.032041 -0.240426
0.186646 0.027710 -1.769531 2.554731 -0.029905 -0.201027
0.192749 0.036133 -1.745239 2.221268 -0.052452 -0.149762
0.185669 0.043457 -1.705811 1.914861 -0.042009 -0.104430
0.187378 0.005615 -1.672485 1.635037 0.008307 -0.074762
0.181152 -0.017456 -1.646362 1.411225 0.018987 -0.061946
0.176636 -0.036865 -1.619385 1.261701 -0.009968 -0.057911
0.176514 -0.060669 -1.617798 1.168664 -0.080933 -0.054588
0.172241 -0.070435 -1.620728 1.089629 -0.136233 -0.042959
0.172485 -0.065186 -1.615967 0.995880 -0.135759 -0.023497
0.169189 -0.062988 -1.601685 0.865817 -0.099920 0.001661
0.169678 -0.071899 -1.583984 0.695170 -0.028481 0.019699
0.155396 -0.083374 -1.558960 0.496753 0.030854 0.018513
0.139038 -0.096802 -1.526855 0.304508 0.056962 0.007120
0.130127 -0.123291 -1.491943 0.141692 0.071202 0.004272
0.136719 -0.133911 -1.454102 0.018275 0.078797 0.026582
