1.118774 0.011963 -0.037231 0.293590 -0.045095 -0.207435
1.074707 -0.038940 -0.032349 0.246359 0.236628 -0.226660
1.034546 -0.052979 0.003296 0.215980 0.498415 -0.189872
1.030518 -0.041748 0.025391 0.234255 0.661467 -0.097310
1.035645 -0.023315 0.035889 0.273179 0.808856 0.015664
1.043701 -0.006714 0.039673 0.295963 0.926102 0.106091
1.078125 0.009399 0.021118 0.346992 0.775153 0.158069
1.031006 0.004150 0.025757 0.368589 0.663129 0.162103
1.005249 0.006958 0.020874 0.338447 0.622069 0.164952
1.013916 0.000366 0.034058 0.285046 0.586943 0.198891
0.984619 -0.027710 0.105835 0.226897 0.458541 0.237815
1.059692 0.002686 0.107544 0.267957 0.186549 0.256802
1.071777 0.044312 0.044312 0.313527 0.004509 0.271755
1.127075 0.034912 -0.015015 0.240663 -0.030617 0.355773
1.157471 0.030640 0.069214 0.094224 0.092088 0.360045
1.177002 0.025757 0.056274 0.087104 0.124841 0.274840
1.162109 0.019653 0.018799 0.118195 -0.007358 0.134809
1.111572 0.019775 0.002197 0.111550 -0.102768 0.004272
1.061890 0.017090 0.007690 0.069541 -0.154034 -0.073813
1.022217 0.005249 0.005493 0.038212 -0.246122 -0.118907
0.978760 0.001831 0.007935 0.041060 -0.363131 -0.114635
0.974854 0.013794 0.026367 0.062183 -0.502687 -0.061471
1.002075 0.026855 0.080811 0.091376 -0.682353 0.001899
1.049805 0.016846 0.122192 0.144778 -0.841846 0.065506
1.074585 -0.023193 0.138916 0.234492 -0.877447 0.129350
1.107788 -0.039185 0.129517 0.363605 -0.899282 0.212420
1.151855 -0.046265 0.124268 0.497940 -0.981165 0.316137
1.244751 -0.065796 0.124512 0.614237 -1.041687 0.420804
1.318726 -0.081909 0.134644 0.711784 -1.028633 0.485124
1.411133 -0.089355 0.146240 0.801735 -1.020563 0.520962
1.484619 -0.084473 0.103027 0.912099 -1.096037 0.484412
1.535156 -0.089722 0.039063 0.996829 -1.101022 0.370014
1.570313 -0.054443 -0.026489 1.015342 -1.096987 0.209809
1.659180 -0.043213 -0.085083 0.972620 -1.213521 0.022073
1.731201 -0.058716 -0.155884 0.892637 -1.290419 -0.228321
1.765381 -0.042114 -0.248535 0.775391 -1.283536 -0.531168
1.777832 0.014404 -0.359619 0.602132 -1.342634 -0.811704
1.884155 0.022705 -0.419434 0.337973 -1.396510 -1.129502
1.852051 -0.020386 -0.507202 0.025870 -1.264549 -1.598724
1.776123 -0.053101 -0.570313 -0.360283 -0.934646 -2.011934
1.721680 -0.055786 -0.534546 -0.794615 -0.352450 -2.370792
1.639526 -0.059204 -0.531616 -1.157509 0.145490 -2.739856
1.527588 -0.087891 -0.570557 -1.483139 0.476342 -3.077354
1.380127 -0.113525 -0.595215 -1.795005 0.729347 -3.395153
1.255005 -0.111084 -0.595459 -2.089307 0.960754 -3.674740
1.099854 -0.116333 -0.572998 -2.372216 1.203315 -3.892618
0.944092 -0.181519 -0.526367 -2.635901 1.342634 -4.023155
0.831665 -0.154541 -0.470825 -2.827672 1.447064 -4.034310
0.683594 -0.146851 -0.427490 -2.956548 1.672062 -4.010101
0.504028 -0.216431 -0.334595 -2.977196 1.604183 -3.750689
0.326172 -0.211548 -0.250488 -2.903384 1.650702 -3.382336
0.157104 -0.176147 -0.171753 -2.770710 1.708850 -3.175613
0.052856 -0.125977 -0.087769 -2.527674 1.236780 -2.996896
0.006470 -0.065308 -0.036621 -2.275144 0.912336 -2.701882
-0.030396 -0.027954 0.021362 -2.024750 0.884805 -2.318340
-0.049194 0.018433 0.059204 -1.767710 0.803160 -1.907741
-0.027100 0.082886 0.074585 -1.539864 0.657670 -1.513044
0.010376 0.122437 0.086914 -1.354501 0.555614 -1.162730
0.029541 0.161865 0.085571 -1.195483 0.480139 -0.848254
0.050293 0.197266 0.101074 -1.064471 0.436706 -0.559174
0.070068 0.239136 0.114624 -0.964551 0.385915 -0.279350
0.089355 0.263062 0.128174 -0.894298 0.330140 -0.045095
0.090454 0.281128 0.186157 -0.824995 0.356485 0.155221
0.128540 0.317627 0.207886 -0.765185 0.337498 0.354349
0.132202 0.268555 0.246460 -0.672148 0.270805 0.577449
0.147949 0.306274 0.282349 -0.543747 0.123654 0.723413
0.190308 0.305908 0.277710 -0.378795 -0.113449 0.778713
0.208618 0.290405 0.249756 -0.214081 -0.299761 0.899520
0.272095 0.235229 0.243896 -0.100158 -0.460678 1.087731
0.311157 0.244385 0.239380 -0.019225 -0.491769 1.346669
0.353516 0.247070 0.209717 0.095411 -0.578398 1.592079
0.391602 0.222534 0.178345 0.215268 -0.802922 1.823960
0.444336 0.201904 0.169678 0.310678 -1.032668 2.116601
0.520996 0.182739 0.156982 0.428162 -1.299913 2.441994
0.597534 0.175049 0.156494 0.568430 -1.447301 2.734397
0.662476 0.136230 0.132080 0.686625 -1.344058 2.938985
0.699463 0.081543 0.117065 0.749758 -1.153236 3.128382
0.730225 0.075562 0.161255 0.814789 -1.324359 3.315406
0.810791 0.054688 0.135986 0.974994 -1.521826 3.489377
0.913818 0.049683 0.100220 1.171986 -1.722616 3.615167
1.026245 0.048706 0.070068 1.308932 -1.837251 3.664059
1.096313 0.078003 -0.022095 1.434010 -1.804024 3.659550
1.158203 0.066528 -0.097168 1.470560 -1.869292 3.570310
1.202148 0.045288 -0.171875 1.382982 -1.877362 3.450928
1.296631 0.051514 -0.205811 1.185040 -1.877836 3.379014
1.400757 0.071411 -0.203125 0.965263 -1.912725 3.283840
1.513916 0.083496 -0.239990 0.775628 -1.896111 3.100614
1.624023 0.068115 -0.239990 0.574126 -2.025937 2.826248
1.675781 0.026001 -0.254150 0.382355 -2.003864 2.535506
1.739502 -0.009766 -0.278076 0.210758 -1.835115 2.268261
1.770142 -0.032349 -0.284302 0.046519 -1.678470 2.024750
1.792725 -0.062866 -0.296387 -0.098022 -1.510671 1.789308
1.816040 -0.090698 -0.317139 -0.224049 -1.346906 1.552680
1.807373 -0.115723 -0.322510 -0.326343 -1.255055 1.306796
1.772705 -0.157349 -0.336914 -0.375472 -1.260040 1.064234
1.742554 -0.191406 -0.371826 -0.381168 -1.349042 0.866767
1.734009 -0.200195 -0.407593 -0.373099 -1.451810 0.721040
1.757446 -0.196899 -0.398071 -0.390662 -1.486700 0.585044
1.807495 -0.182861 -0.383057 -0.402292 -1.459643 0.427450
1.817871 -0.186279 -0.390381 -0.424364 -1.291843 0.247071
1.809937 -0.170288 -0.412231 -0.464000 -1.023411 0.032041
1.779175 -0.152344 -0.463257 -0.498415 -0.843745 -0.225236
1.765015 -0.143555 -0.515747 -0.560598 -0.784410 -0.499127
1.755981 -0.115112 -0.545166 -0.654822 -0.808381 -0.800549
1.735352 -0.100586 -0.560181 -0.762100 -0.881957 -1.130689
1.692871 -0.093994 -0.588379 -0.912336 -0.909013 -1.490734
1.640015 -0.085571 -0.610474 -1.083933 -0.909013 -1.848643
1.598877 -0.077026 -0.588501 -1.279027 -0.879820 -2.192787
1.540405 -0.091309 -0.551147 -1.472696 -0.816688 -2.513434
1.473633 -0.111816 -0.480957 -1.630290 -0.709885 -2.813195
1.401001 -0.109131 -0.455200 -1.715496 -0.582196 -3.078066
1.312256 -0.122925 -0.451416 -1.777679 -0.413921 -3.304014
1.207642 -0.105835 -0.473755 -1.863359 -0.099683 -3.487478
1.122192 -0.105835 -0.473877 -1.968738 0.314476 -3.702983
1.043213 -0.088989 -0.497925 -2.052519 0.527607 -3.779881
0.967285 -0.050537 -0.508057 -2.129417 0.579585 -3.782729
0.885254 -0.038330 -0.491333 -2.200382 0.558699 -3.788188
0.793823 -0.023804 -0.461548 -2.267549 0.535677 -3.797682
0.683350 -0.021606 -0.435913 -2.331631 0.547069 -3.796021
0.578125 -0.027466 -0.372925 -2.393577 0.570803 -3.737872
0.493408 -0.005371 -0.357788 -2.386456 0.605455 -3.587873
0.418335 0.044067 -0.320068 -2.341125 0.604268 -3.412241
0.353149 0.081299 -0.306396 -2.246901 0.560598 -3.255834
0.275024 0.106079 -0.274902 -2.167392 0.500313 -3.126009
0.195557 0.123047 -0.212524 -2.104022 0.496516 -2.992861
0.120239 0.124390 -0.163452 -2.069370 0.599759 -2.809397
0.069092 0.134155 -0.151123 -2.061538 0.795802 -2.524589
0.047852 0.177612 -0.140747 -2.062487 0.993506 -2.145082
0.052246 0.255127 -0.202881 -2.016443 1.054503 -1.733771
0.046265 0.333252 -0.234497 -1.997693 0.951023 -1.381320
0.010742 0.370117 -0.253418 -2.024513 0.743824 -1.132113
0.010254 0.415527 -0.235840 -2.075778 0.419618 -0.985437
-0.005371 0.445068 -0.165771 -2.114465 0.010918 -0.988285
-0.028198 0.417847 -0.096924 -2.059164 -0.259413 -1.073253
-0.039185 0.358765 0.010620 -1.922931 -0.310204 -1.075863
-0.024902 0.344238 0.096680 -1.755606 -0.360045 -0.869852
-0.001709 0.358154 0.158813 -1.547221 -0.415108 -0.508146
0.009399 0.361084 0.173584 -1.320324 -0.338922 -0.109177
0.024536 0.371826 0.167969 -1.176496 -0.117246 0.286470
0.036621 0.376465 0.129150 -1.139708 0.224287 0.686151
0.062744 0.387451 0.118042 -1.156797 0.558224 1.058775
0.082275 0.373535 0.111084 -1.182429 0.755929 1.339549
0.124634 0.355225 0.110107 -1.171749 0.765185 1.547221
0.187378 0.335815 0.108887 -1.118110 0.574363 1.739704
0.245605 0.323853 0.136475 -1.044535 0.292166 1.949513
0.296753 0.318604 0.165405 -0.949124 0.032278 2.162170
0.354614 0.304443 0.200928 -0.842321 -0.150948 2.354416
0.436401 0.295654 0.231812 -0.734093 -0.271755 2.525063
0.520020 0.300171 0.267822 -0.646990 -0.278163 2.678860
0.578735 0.260376 0.270630 -0.555851 -0.201265 2.788986
