0.039795 -0.109863 0.017944 0.077373 -0.213606 0.034889
-0.073975 -0.022217 0.167114 -0.143828 -0.043196 0.324919
-0.152344 -0.001953 0.218262 -0.296201 -0.003797 0.424364
-0.105713 -0.160767 0.134888 -0.205537 -0.312577 0.262261
-0.095459 -0.094604 0.047241 -0.185600 -0.183939 0.091851
-0.082886 -0.058105 0.019043 -0.161154 -0.112974 0.037025
-0.079712 -0.010498 0.009033 -0.154983 -0.020411 0.017563
-0.105835 0.018311 -0.043701 -0.205774 0.035601 -0.084968
-0.124878 -0.045288 -0.115723 -0.242799 -0.088053 -0.224999
-0.119141 -0.143921 -0.145386 -0.231644 -0.279824 -0.282672
-0.123779 -0.211792 -0.167725 -0.240663 -0.411785 -0.326106
-0.194458 -0.271362 -0.329346 -0.378083 -0.527607 -0.640344
-0.204346 -0.273560 -0.653931 -0.397308 -0.531880 -1.271432
-0.212769 -0.256348 -0.969360 -0.413684 -0.498415 -1.884719
-0.153564 -0.228638 -1.194580 -0.298574 -0.444538 -2.322612
-0.000122 -0.265991 -1.239990 -0.000237 -0.517164 -2.410903
0.037842 -0.266968 -1.183105 0.073575 -0.519063 -2.300302
-0.094116 -0.010742 -1.075317 -0.182989 -0.020886 -2.090731
-0.172485 0.091797 -0.857910 -0.335362 0.178480 -1.668028
-0.087891 0.048218 -0.554565 -0.170885 0.093749 -1.078237
-0.011719 0.072144 -0.274902 -0.022785 0.140268 -0.534490
-0.011841 0.115967 -0.127808 -0.023022 0.225473 -0.248495
-0.037109 0.108521 -0.036133 -0.072151 0.210996 -0.070253
-0.065552 0.035889 0.026978 -0.127452 0.069778 0.052452
-0.099365 -0.026367 0.072144 -0.193195 -0.051266 0.140268
-0.102905 -0.018188 0.111938 -0.200078 -0.035364 0.217641
-0.100464 0.065796 0.137939 -0.195331 0.127926 0.268195
-0.120728 0.177856 0.112427 -0.234730 0.345805 0.218590
-0.261719 0.160767 0.025024 -0.508858 0.312577 0.048655
-0.605591 -0.000854 -0.036133 -1.177445 -0.001661 -0.070253
-0.764038 -0.115845 0.036255 -1.485513 -0.225236 0.070490
-0.817627 -0.091064 0.127808 -1.589705 -0.177056 0.248495
-0.938354 -0.199463 0.235718 -1.824435 -0.387814 0.458304
-1.092529 -0.236328 0.326294 -2.124196 -0.459491 0.634411
-1.076782 -0.065063 0.274414 -2.093579 -0.126502 0.533541
-0.859375 -0.000854 0.173584 -1.670876 -0.001661 0.337498
-0.528687 0.115967 0.057251 -1.027921 0.225473 0.111313
-0.251953 0.282715 -0.038696 -0.489870 0.549680 -0.075237
-0.137817 0.337402 -0.095459 -0.267957 0.656009 -0.185600
-0.150146 0.225342 -0.140381 -0.291929 0.438130 -0.272941
-0.182739 0.161621 -0.162109 -0.355298 0.314239 -0.315188
-0.192139 0.115234 -0.153198 -0.373574 0.224049 -0.297862
-0.124634 0.085449 -0.097656 -0.242324 0.166138 -0.189872
0.021484 0.054688 0.003906 0.041772 0.106328 0.007595
-0.008179 0.016724 0.036499 -0.015902 0.032516 0.070965
-0.052368 -0.049561 0.013916 -0.101819 -0.096360 0.027057
-0.052124 -0.055176 -0.008911 -0.101344 -0.107278 -0.017326
-0.063110 0.001221 -0.023071 -0.122705 0.002373 -0.044857
-0.099976 0.025024 -0.016113 -0.194382 0.048655 -0.031329
-0.118774 -0.002075 -0.009155 -0.230932 -0.004035 -0.017801
-0.132935 0.014648 -0.033691 -0.258464 0.028481 -0.065506
-0.067993 0.036865 -0.029297 -0.132199 0.071677 -0.056962
-0.019653 0.008911 0.013794 -0.038212 0.017326 0.026819
-0.038940 -0.023315 0.026001 -0.075712 -0.045332 0.050553
-0.061279 -0.024292 -0.004883 -0.119145 -0.047231 -0.009494
-0.076172 -0.013306 -0.036499 -0.148100 -0.025870 -0.070965
-0.097778 0.000977 -0.032593 -0.190110 0.001899 -0.063370
-0.098022 0.006836 -0.013428 -0.190584 0.013291 -0.026107
-0.071777 0.019653 -0.002197 -0.139556 0.038212 -0.004272
-0.047363 -0.005493 0.003906 -0.092088 -0.010680 0.007595
