1.155640 -0.149292 -0.440674 0.009019 -0.400868 -0.354349
1.168091 -0.150024 -0.404297 -0.112499 -0.257752 -0.261786
1.175781 -0.149902 -0.324463 -0.141929 -0.102056 -0.185837
1.262939 -0.153564 -0.273193 -0.058623 -0.136471 -0.095411
1.184814 -0.171997 -0.299561 0.093275 -0.170648 -0.028006
1.192749 -0.150024 -0.308594 0.245647 -0.083544 -0.001187
1.223633 -0.124146 -0.312622 0.350552 -0.118195 0.025158
1.273804 -0.134033 -0.342896 0.392561 -0.215268 0.030380
1.327881 -0.134277 -0.351929 0.390425 -0.190110 0.040585
1.383057 -0.114380 -0.337891 0.395646 -0.133623 0.047705
1.442383 -0.100464 -0.323364 0.429349 -0.151660 0.022310
1.500732 -0.109009 -0.320068 0.484174 -0.263210 -0.033465
1.552856 -0.116211 -0.349365 0.565582 -0.465187 -0.103006
1.597168 -0.118164 -0.385864 0.651736 -0.622544 -0.216454
1.611938 -0.107178 -0.418945 0.690898 -0.628002 -0.379982
1.621948 -0.109741 -0.464355 0.688287 -0.636309 -0.539237
1.638306 -0.107910 -0.515137 0.653872 -0.678556 -0.682116
1.667603 -0.107910 -0.574097 0.577449 -0.688524 -0.807432
1.691284 -0.114990 -0.620605 0.454507 -0.583857 -0.930374
1.705078 -0.129395 -0.645264 0.303558 -0.490582 -1.079661
1.704224 -0.133301 -0.665161 0.177056 -0.467086 -1.256005
1.687012 -0.141846 -0.686523 0.081408 -0.437181 -1.441130
1.651611 -0.149414 -0.704224 -0.005221 -0.388526 -1.641208
1.605225 -0.149292 -0.718140 -0.086392 -0.332751 -1.839625
1.543091 -0.142090 -0.726563 -0.160205 -0.275789 -2.035430
1.472778 -0.138794 -0.744751 -0.235442 -0.208147 -2.224116
1.388550 -0.137451 -0.771973 -0.320409 -0.122468 -2.393102
1.286011 -0.138794 -0.805786 -0.421279 0.011392 -2.533607
1.157349 -0.143677 -0.826050 -0.560598 0.182277 -2.641360
1.019287 -0.159790 -0.826294 -0.718192 0.346279 -2.723005
0.885864 -0.154541 -0.811401 -0.835438 0.448336 -2.752435
0.739990 -0.157104 -0.810059 -0.909488 0.458304 -2.721106
0.605713 -0.149780 -0.810059 -0.981877 0.383779 -2.637088
0.526367 -0.121216 -0.791992 -1.085832 0.283622 -2.492310
0.479614 -0.101807 -0.740601 -1.212809 0.126740 -2.310745
0.446777 -0.060791 -0.694702 -1.317951 -0.034652 -2.133214
0.407837 -0.036987 -0.641724 -1.428551 -0.098259 -1.984165
0.364990 -0.031250 -0.585938 -1.541762 -0.103718 -1.874039
0.309937 -0.021729 -0.527588 -1.646430 -0.064319 -1.770558
0.264771 -0.005493 -0.484131 -1.720480 -0.025395 -1.647616
0.230103 0.004517 -0.423950 -1.762726 -0.014003 -1.508535
0.221680 0.003540 -0.369385 -1.784562 -0.058148 -1.340261
0.232910 0.009521 -0.327515 -1.762726 -0.115585 -1.124281
0.244629 0.055054 -0.306641 -1.698407 -0.117483 -0.915421
0.234985 0.091431 -0.304443 -1.634800 -0.058860 -0.744536
0.215942 0.119141 -0.307983 -1.608692 -0.000712 -0.593113
0.215942 0.145142 -0.308105 -1.611303 0.030617 -0.442402
0.221802 0.168945 -0.289185 -1.628629 0.040111 -0.299049
0.234253 0.189575 -0.257202 -1.656635 0.041060 -0.176819
0.224731 0.202637 -0.222168 -1.688913 0.042959 -0.070490
0.207153 0.214844 -0.179077 -1.724989 0.049129 0.035126
0.195435 0.226318 -0.138306 -1.762252 0.050079 0.149050
0.180420 0.234985 -0.092163 -1.790020 0.034652 0.262736
0.178711 0.244507 -0.027588 -1.792394 -0.017563 0.374048
0.173340 0.233398 0.020874 -1.774119 -0.094699 0.494617
0.189697 0.231201 0.062988 -1.733296 -0.160917 0.637971
0.219482 0.230103 0.090820 -1.658297 -0.192720 0.797463
0.260010 0.234619 0.121094 -1.559326 -0.218116 0.950548
0.306152 0.235718 0.135986 -1.453235 -0.264160 1.076338
0.342773 0.236816 0.144775 -1.361621 -0.299998 1.186939
0.367676 0.233032 0.154663 -1.310118 -0.286232 1.289944
0.375854 0.218018 0.177368 -1.307033 -0.253242 1.386305
0.382202 0.203979 0.214844 -1.319375 -0.272467 1.485750
0.403564 0.186768 0.282715 -1.301811 -0.377608 1.595639
0.446045 0.158569 0.344116 -1.231796 -0.563446 1.727837
0.500977 0.140015 0.402100 -1.112651 -0.774916 1.881634
0.562866 0.131348 0.437744 -0.972620 -0.931561 2.049196
0.623413 0.091797 0.483398 -0.844694 -1.002763 2.226015
0.707031 0.052368 0.541992 -0.719141 -1.025547 2.434637
0.840454 0.018677 0.588745 -0.556800 -1.063997 2.656312
0.984497 -0.007568 0.585938 -0.332988 -1.077525 2.812957
1.115601 -0.004272 0.570190 -0.088765 -0.992794 2.865172
1.204956 0.008911 0.541504 0.159730 -0.927763 2.818179
1.270752 0.027100 0.493286 0.391611 -0.894773 2.686217
1.296143 0.025269 0.439697 0.578161 -0.938918 2.478070
1.323608 -0.020020 0.390259 0.731483 -1.122145 2.275856
1.387817 -0.077515 0.316772 0.894061 -1.341447 2.190651
1.502075 -0.083496 0.274536 1.082034 -1.576651 2.178309
1.609375 -0.110596 0.224609 1.282350 -1.725939 2.126094
1.725464 -0.104736 0.117676 1.471985 -1.726888 2.022377
1.791870 -0.107544 0.006104 1.587569 -1.582110 1.858612
1.826782 -0.142090 -0.067871 1.633851 -1.215657 1.708613
1.837646 -0.161865 -0.115723 1.669214 -1.010595 1.550307
1.865601 -0.177734 -0.162109 1.773644 -1.197382 1.417159
1.853394 -0.196289 -0.243286 1.871665 -1.036228 1.218268
1.778442 -0.204102 -0.290405 1.904181 -0.639632 0.946988
1.718262 -0.239868 -0.356323 1.901333 -0.577686 0.714394
1.703247 -0.274658 -0.421997 1.894688 -0.704901 0.561310
1.721191 -0.299438 -0.457031 1.918184 -0.782748 0.444064
1.802002 -0.299194 -0.539551 1.987013 -0.873887 0.335124
1.884521 -0.271118 -0.659790 2.050383 -0.972620 0.210046
1.917847 -0.255493 -0.749268 2.043500 -0.958617 0.021361
1.926636 -0.255737 -0.827393 1.978231 -0.898333 -0.207198
1.921265 -0.259033 -0.880371 1.893263 -0.818824 -0.434570
1.906006 -0.257324 -0.920898 1.828944 -0.655534 -0.637733
1.870605 -0.259399 -0.962402 1.787884 -0.456880 -0.825944
1.814209 -0.242798 -1.016602 1.719768 -0.239951 -1.010595
1.736328 -0.243164 -1.059326 1.600623 -0.047705 -1.195958
1.660034 -0.247070 -1.065674 1.427364 0.039636 -1.385118
1.572510 -0.262207 -1.062378 1.246274 0.049367 -1.560987
1.495850 -0.274170 -1.067261 1.097936 0.072626 -1.697220
1.402954 -0.276733 -1.070679 0.960754 0.108702 -1.798802
1.305420 -0.282837 -1.073120 0.798175 0.171122 -1.860748
1.232544 -0.296509 -1.060791 0.616135 0.124366 -1.872140
1.180664 -0.298340 -1.047729 0.444538 0.047943 -1.846745
1.157471 -0.283936 -1.035522 0.292641 0.060759 -1.802362
1.132813 -0.268188 -1.026245 0.143828 0.119857 -1.757980
1.101563 -0.245972 -1.014526 -0.013766 0.202451 -1.718818
1.064819 -0.234985 -0.991333 -0.172309 0.321596 -1.697220
1.026367 -0.221924 -0.967651 -0.308780 0.403478 -1.703629
0.975464 -0.200928 -0.954468 -0.418906 0.424602 -1.732347
0.931641 -0.178589 -0.933472 -0.527845 0.453083 -1.755131
0.884521 -0.170166 -0.893677 -0.647227 0.464712 -1.756081
0.834839 -0.164429 -0.875977 -0.749283 0.435045 -1.729973
0.786377 -0.165283 -0.840454 -0.873412 0.565107 -1.660907
0.741333 -0.145386 -0.779297 -1.001101 0.767084 -1.556478
0.707642 -0.124146 -0.723389 -1.099598 0.907589 -1.436383
0.676636 -0.093750 -0.661865 -1.154660 0.880770 -1.332903
0.647949 -0.080444 -0.632690 -1.191448 0.838523 -1.239866
0.616699 -0.061035 -0.573608 -1.242714 0.784410 -1.171037
0.592285 -0.044800 -0.546021 -1.293979 0.721989 -1.101496
0.598511 -0.010986 -0.442505 -1.323647 0.694220 -0.990421
0.619995 0.004639 -0.406738 -1.292081 0.566769 -0.856324
0.633789 0.021118 -0.376953 -1.272144 0.512655 -0.756641
0.634644 0.036255 -0.353516 -1.272856 0.491532 -0.677844
0.615479 0.045898 -0.325317 -1.287808 0.553478 -0.601420
0.612427 0.052979 -0.278442 -1.301574 0.586943 -0.531642
0.617554 0.074951 -0.245483 -1.299201 0.560360 -0.454981
0.617432 0.095581 -0.189087 -1.284486 0.529981 -0.379744
0.618652 0.112793 -0.140625 -1.265261 0.473969 -0.312577
0.623779 0.119995 -0.117798 -1.252445 0.449522 -0.225236
0.643677 0.127319 -0.085205 -1.241052 0.511468 -0.112974
0.671753 0.129517 -0.031372 -1.202841 0.534016 0.000475
0.709106 0.132690 0.016846 -1.137809 0.481801 0.076898
0.723999 0.163574 0.010376 -1.054028 0.401342 0.120806
0.747681 0.184692 0.021362 -0.976893 0.378795 0.161629
0.789429 0.197510 0.020508 -0.910200 0.322308 0.201502
0.826050 0.224121 0.010864 -0.880770 0.304270 0.221676
0.851929 0.228271 0.023438 -0.891213 0.316612 0.219540
0.869995 0.225586 0.058960 -0.880532 0.242324 0.192008
0.876343 0.238159 0.080078 -0.844457 0.200078 0.152610
0.879395 0.235718 0.093750 -0.804821 0.180141 0.142879
0.895386 0.234375 0.109375 -0.751419 0.187736 0.167088
0.918823 0.244751 0.114624 -0.679743 0.204587 0.195806
0.937378 0.255737 0.131104 -0.590503 0.185600 0.202451
0.968384 0.271973 0.122803 -0.483937 0.092325 0.185363
0.986206 0.282227 0.115356 -0.376422 0.020411 0.154983
0.983398 0.292603 0.074463 -0.289318 0.004272 0.135996
0.983643 0.296143 0.073364 -0.243036 0.071677 0.126028
0.983154 0.301270 0.052246 -0.199841 0.067642 0.112974
