1.092773 0.341064 -0.363770 0.470646 -0.295489 -0.218828
1.096558 0.336426 -0.433594 0.658145 -0.223337 -0.212182
1.116211 0.328125 -0.492920 0.783935 -0.206249 -0.160442
1.071533 0.350464 -0.582520 0.853238 -0.235442 -0.092800
1.217041 0.346191 -0.665161 0.874124 -0.166138 -0.025870
1.109131 0.381226 -0.848755 0.815264 -0.337735 -0.056250
1.148193 0.418457 -0.855835 0.607828 -0.312577 -0.173496
1.185913 0.438965 -0.894531 0.314951 -0.523098 -0.235679
1.164429 0.396484 -0.889160 0.042484 -0.391611 -0.230457
1.138428 0.402100 -0.887695 -0.224761 -0.128876 -0.242324
1.123779 0.426636 -0.869141 -0.472307 0.090901 -0.309254
1.094849 0.431885 -0.838379 -0.659331 0.243511 -0.427925
1.056396 0.410889 -0.809814 -0.812890 0.315900 -0.582433
1.002930 0.397705 -0.809937 -0.957193 0.374048 -0.740502
0.913696 0.389771 -0.808105 -1.093664 0.484886 -0.867479
0.829346 0.378784 -0.804932 -1.227049 0.529743 -0.957668
0.753662 0.386719 -0.767822 -1.376099 0.458067 -1.013680
0.698730 0.377197 -0.745605 -1.534405 0.340109 -1.031006
0.639648 0.358154 -0.704956 -1.677758 0.259650 -0.999915
0.570557 0.348267 -0.645142 -1.790733 0.201027 -0.932747
0.511353 0.355225 -0.579590 -1.872140 0.120569 -0.844694
0.491333 0.355957 -0.517456 -1.905131 -0.063133 -0.736704
0.511719 0.367188 -0.482666 -1.888991 -0.318273 -0.599284
0.553589 0.364868 -0.465576 -1.855526 -0.516927 -0.451184
0.584351 0.354004 -0.456543 -1.844371 -0.563446 -0.324207
0.590332 0.355713 -0.421631 -1.864783 -0.476105 -0.249919
0.578003 0.359863 -0.380249 -1.892077 -0.430773 -0.230695
0.555420 0.361084 -0.335327 -1.892077 -0.443352 -0.242562
0.561768 0.354858 -0.285522 -1.844371 -0.531405 -0.256328
0.479858 0.333496 -0.291870 -1.761302 -0.651736 -0.252767
0.456665 0.339478 -0.219604 -1.658534 -0.717954 -0.228796
0.400146 0.348145 -0.226196 -1.536541 -1.039313 -0.167088
0.431152 0.329346 -0.213867 -1.386779 -1.436146 -0.049129
0.425659 0.319336 -0.224121 -1.237492 -1.747062 0.085680
0.456177 0.329590 -0.232544 -1.162493 -1.965652 0.190347
0.473999 0.343872 -0.225220 -1.125468 -2.094291 0.246122
0.501221 0.349976 -0.217896 -1.099835 -2.156474 0.294065
0.524902 0.315674 -0.207520 -1.073965 -2.170714 0.369539
0.547485 0.304077 -0.219604 -1.035041 -2.119686 0.486548
0.569824 0.307495 -0.240845 -0.981165 -2.048484 0.647702
0.596436 0.300049 -0.275391 -0.917320 -1.991522 0.826182
0.607910 0.306763 -0.330811 -0.846593 -2.011696 0.988522
0.640259 0.341309 -0.374878 -0.784884 -2.107582 1.142556
0.681396 0.383667 -0.409302 -0.744299 -2.174749 1.293030
0.734375 0.420532 -0.439575 -0.733619 -2.207502 1.401494
0.773193 0.420898 -0.486328 -0.745961 -2.228625 1.431162
0.786499 0.433472 -0.507446 -0.775628 -2.230761 1.406479
0.784790 0.417847 -0.525024 -0.816925 -2.216284 1.360197
0.769531 0.384277 -0.513062 -0.868903 -2.193974 1.328394
0.753906 0.350464 -0.485229 -0.928713 -2.136063 1.317476
0.717407 0.306274 -0.449097 -0.973095 -2.018816 1.326257
0.679321 0.267456 -0.409912 -0.972858 -1.912013 1.341922
0.622192 0.221191 -0.372925 -0.915184 -1.846982 1.359010
0.584839 0.184937 -0.347412 -0.803634 -1.873802 1.376099
0.571045 0.155396 -0.322876 -0.653635 -1.952124 1.409801
0.571777 0.123657 -0.301636 -0.484412 -1.998643 1.471747
0.574829 0.104492 -0.293091 -0.307593 -1.999829 1.549832
0.574341 0.088989 -0.274414 -0.133148 -1.987013 1.626730
0.589844 0.071167 -0.271362 0.039398 -1.960193 1.712885
0.618408 0.046265 -0.268555 0.209809 -1.920558 1.809720
0.680664 0.041504 -0.285522 0.357909 -1.824672 1.897536
0.739624 0.048096 -0.321411 0.465662 -1.686065 1.947852
0.808960 0.069702 -0.349609 0.533066 -1.542475 1.940732
0.850220 0.073608 -0.360962 0.572227 -1.427602 1.860748
0.881348 0.066650 -0.365479 0.606642 -1.337175 1.727837
0.885010 0.042603 -0.363647 0.648176 -1.251021 1.583534
0.867798 0.015747 -0.353149 0.696356 -1.166765 1.458693
0.872559 -0.001343 -0.323853 0.757115 -1.075151 1.393662
0.891846 -0.033569 -0.290283 0.835438 -0.875074 1.403630
0.900513 -0.061035 -0.289429 0.946988 -0.559411 1.449912
0.906250 -0.070190 -0.321533 1.090579 -0.309966 1.471510
0.922729 -0.048584 -0.372559 1.244612 -0.233068 1.448488
0.957642 -0.038696 -0.409180 1.369216 -0.243748 1.370165
0.972168 -0.046509 -0.434448 1.436146 -0.266058 1.228948
0.959351 -0.065796 -0.458740 1.446589 -0.261786 1.079186
0.950562 -0.093506 -0.467041 1.433535 -0.279824 0.974994
0.962402 -0.126099 -0.466919 1.417396 -0.313052 0.926339
1.001587 -0.144897 -0.449585 1.396748 -0.280536 0.907827
1.005615 -0.180298 -0.442749 1.391526 -0.155933 0.886703
1.010986 -0.202026 -0.446655 1.434010 -0.014715 0.866767
0.998657 -0.218750 -0.454346 1.535592 0.056250 0.855137
0.998535 -0.229980 -0.461914 1.672062 0.089715 0.858934
0.989136 -0.229736 -0.473633 1.805448 0.172784 0.880058
0.973267 -0.227661 -0.507080 1.913912 0.312577 0.932985
0.981567 -0.212646 -0.533691 1.995320 0.470646 0.994930
0.995972 -0.223267 -0.562256 2.046111 0.588604 1.028870
1.026367 -0.228760 -0.587524 2.063199 0.644142 1.011782
1.068359 -0.226318 -0.600464 2.079338 0.631325 0.944614
1.109619 -0.250122 -0.612549 2.114702 0.545645 0.832827
1.145264 -0.254272 -0.615845 2.170002 0.401817 0.688999
1.184448 -0.266113 -0.612915 2.240018 0.263210 0.552291
1.225586 -0.275146 -0.627075 2.302913 0.237103 0.452845
1.269775 -0.255127 -0.676270 2.352517 0.304270 0.383542
1.318115 -0.213135 -0.722412 2.376014 0.396358 0.316849
1.355469 -0.175171 -0.772705 2.354416 0.488446 0.207673
1.364258 -0.150879 -0.813721 2.282501 0.568430 0.045807
1.352295 -0.168579 -0.847412 2.179259 0.610677 -0.140743
1.350830 -0.164917 -0.859497 2.069607 0.561072 -0.319697
1.369019 -0.183350 -0.864868 1.958532 0.511706 -0.477291
1.360718 -0.203491 -0.866577 1.839150 0.536864 -0.628952
1.332397 -0.211792 -0.857300 1.724277 0.584806 -0.777527
1.277344 -0.226929 -0.825928 1.643344 0.628477 -0.909013
1.219727 -0.241699 -0.802734 1.596351 0.636784 -1.019139
1.164917 -0.243652 -0.775757 1.570006 0.623493 -1.100072
1.108398 -0.245605 -0.778687 1.553392 0.632512 -1.156559
1.079224 -0.235596 -0.783813 1.525149 0.638445 -1.197382
1.074951 -0.223022 -0.803467 1.464627 0.637496 -1.228711
1.078003 -0.236938 -0.809937 1.355450 0.674758 -1.262413
1.092163 -0.231323 -0.792358 1.223252 0.712733 -1.315577
1.086792 -0.264893 -0.775269 1.114313 0.754505 -1.379184
1.054565 -0.291138 -0.773682 1.045959 0.765185 -1.449912
1.046387 -0.299561 -0.768311 0.994693 0.694695 -1.497143
1.073853 -0.305298 -0.758789 0.934171 0.615661 -1.497380
1.125366 -0.289063 -0.762329 0.860359 0.624917 -1.471510
1.142090 -0.297974 -0.777222 0.774441 0.699916 -1.463678
1.141724 -0.300537 -0.796265 0.683303 0.742400 -1.490022
1.125977 -0.293945 -0.793579 0.609965 0.689948 -1.537965
1.127930 -0.284546 -0.804199 0.542085 0.625866 -1.579974
1.118408 -0.283081 -0.836792 0.454981 0.618983 -1.596588
1.136108 -0.274902 -0.838989 0.342957 0.639157 -1.588993
1.141235 -0.261719 -0.837524 0.218828 0.675233 -1.595164
1.129883 -0.268677 -0.829224 0.092325 0.708698 -1.636936
1.091553 -0.271729 -0.824585 -0.018750 0.708223 -1.688201
1.056763 -0.268555 -0.817993 -0.118907 0.688999 -1.705765
1.044800 -0.255127 -0.814697 -0.229271 0.682828 -1.679657
1.036133 -0.241821 -0.804810 -0.364080 0.724600 -1.626018
1.031860 -0.240723 -0.780762 -0.495329 0.776577 -1.582348
1.025513 -0.231567 -0.748047 -0.591927 0.788682 -1.568107
1.026001 -0.223755 -0.718872 -0.648888 0.800786 -1.559326
1.007935 -0.220581 -0.731934 -0.691847 0.841609 -1.542237
0.992188 -0.195679 -0.742554 -0.762337 0.905453 -1.516604
0.966064 -0.162964 -0.761475 -0.867241 0.966450 -1.494057
0.939453 -0.150391 -0.753906 -1.009171 1.025785 -1.483377
0.882324 -0.148560 -0.744995 -1.170325 1.093664 -1.486225
0.821167 -0.148926 -0.718628 -1.338599 1.160119 -1.466526
0.761597 -0.156006 -0.664795 -1.498567 1.218505 -1.400070
0.729492 -0.156982 -0.603271 -1.631240 1.305609 -1.297777
0.687622 -0.155273 -0.542236 -1.712173 1.364469 -1.197856
0.660645 -0.151489 -0.482666 -1.732109 1.355213 -1.118110
0.638672 -0.129517 -0.433472 -1.703154 1.284723 -1.054978
0.644531 -0.106079 -0.404419 -1.645480 1.161069 -1.001101
0.666138 -0.082642 -0.379028 -1.588044 1.024361 -0.959092
0.675781 -0.049316 -0.364136 -1.557190 0.932510 -0.926814
0.679321 -0.035034 -0.348877 -1.563360 0.886941 -0.890026
0.693115 -0.018311 -0.320923 -1.596113 0.859409 -0.836387
0.691650 -0.010864 -0.281738 -1.637173 0.855374 -0.780850
0.686035 -0.010742 -0.239136 -1.672774 0.835200 -0.734568
0.689941 -0.008301 -0.182007 -1.674673 0.754267 -0.697543
0.688232 -0.012695 -0.115234 -1.628866 0.636784 -0.666214
0.689819 -0.009155 -0.055664 -1.548645 0.537576 -0.635360
