0.775757 0.174561 -0.813599 0.796751 -0.072389 -0.514316
0.804810 0.177002 -0.807373 0.694458 -0.172784 -0.460678
0.795288 0.216675 -0.804688 0.616135 -0.211470 -0.426738
0.816650 0.160889 -0.801758 0.572227 -0.301422 -0.403241
0.862305 0.283936 -0.821167 0.539712 -0.449760 -0.425076
0.969727 0.393433 -0.930054 0.516927 -0.404665 -0.468272
1.035156 0.426392 -1.003784 0.449760 -0.353637 -0.540899
1.017090 0.367432 -1.076904 0.253242 -0.224524 -0.672622
0.978271 0.300171 -1.098511 -0.079746 0.034889 -0.871276
0.953979 0.285889 -1.063965 -0.447149 0.349602 -1.081322
0.952393 0.291504 -1.021851 -0.711784 0.562496 -1.215182
0.928833 0.303345 -0.984497 -0.795327 0.587655 -1.239391
0.914307 0.326538 -1.022949 -0.702290 0.491769 -1.191448
0.918701 0.371582 -1.136353 -0.491532 0.229271 -1.135911
0.901245 0.370972 -1.273193 -0.269856 -0.206011 -1.111227
0.938110 0.411377 -1.453369 -0.141929 -0.652686 -1.151812
0.964966 0.466187 -1.660278 -0.157357 -1.010595 -1.285198
0.910522 0.409424 -1.812744 -0.339871 -1.275467 -1.509959
0.752075 0.350464 -1.848633 -0.688049 -1.434247 -1.777916
0.559204 0.356567 -1.967896 -1.163205 -1.317476 -1.925304
0.536621 0.214966 -1.913086 -1.703866 -1.553392 -1.802837
0.647583 0.041626 -1.878052 -2.293419 -1.777204 -1.397697
0.645142 -0.009155 -1.883423 -2.831470 -1.594927 -0.981402
0.645996 -0.070801 -1.840454 -3.285027 -1.401732 -0.684964
0.695923 -0.133423 -1.789063 -3.604249 -1.405766 -0.558462
0.712891 -0.157593 -1.741943 -3.800293 -1.562174 -0.565107
0.677612 -0.172485 -1.650513 -3.932966 -1.785036 -0.641531
0.613525 -0.204590 -1.546143 -4.062316 -2.033769 -0.726736
0.555542 -0.291138 -1.431885 -4.244594 -2.231473 -0.765660
0.489746 -0.381958 -1.315552 -4.472915 -2.335191 -0.721514
0.438354 -0.417480 -1.176880 -4.678215 -2.323561 -0.580297
0.403809 -0.452637 -1.017090 -4.804005 -2.157898 -0.349840
0.363403 -0.482178 -0.840332 -4.843878 -1.810669 -0.056724
0.338989 -0.516235 -0.664429 -4.828213 -1.449912 0.249445
0.295288 -0.566040 -0.502808 -4.764843 -1.210673 0.536864
0.278320 -0.598511 -0.318970 -4.627898 -1.054265 0.776815
0.283203 -0.631714 -0.131348 -4.381776 -0.957193 0.943902
0.311401 -0.643799 0.101318 -3.987317 -0.982114 1.024361
0.328247 -0.617188 0.281372 -3.404172 -1.193347 1.010358
0.315552 -0.605347 0.393433 -2.606234 -1.703629 0.923966
0.298096 -0.571045 0.464355 -1.637885 -2.283214 0.794378
0.303711 -0.537231 0.487183 -0.630613 -2.679097 0.671673
0.280273 -0.532715 0.492554 0.278163 -2.929966 0.617322
0.243042 -0.530518 0.477539 1.006086 -3.104648 0.704901
0.214966 -0.510742 0.455200 1.541525 -3.168493 0.951260
0.241455 -0.490356 0.423096 1.925304 -3.023952 1.309644
0.295898 -0.425049 0.391357 2.207502 -2.741043 1.695796
0.342285 -0.334473 0.371704 2.409479 -2.377200 2.058690
0.392700 -0.269287 0.366455 2.517468 -1.964703 2.371742
0.401489 -0.249023 0.372192 2.521740 -1.554342 2.645869
0.444580 -0.211914 0.374146 2.444842 -1.143505 2.899112
0.530640 -0.188477 0.366211 2.346583 -0.685439 3.149268
0.634399 -0.211426 0.349243 2.287486 -0.206961 3.384235
0.786133 -0.212036 0.296265 2.315967 0.119620 3.580990
0.952515 -0.225220 0.256348 2.462643 0.150236 3.715562
1.092163 -0.215942 0.225464 2.712800 -0.070727 3.761132
1.243774 -0.195435 0.179199 3.045788 -0.364792 3.695626
1.379028 -0.151245 0.102783 3.429805 -0.644616 3.513111
1.484619 -0.076660 0.013062 3.834707 -0.773017 3.219284
1.589722 -0.011841 -0.103149 4.192853 -0.665502 2.872055
1.692627 -0.005615 -0.232422 4.429482 -0.363605 2.535744
1.762329 -0.092651 -0.341553 4.510890 0.182515 2.259954
1.883545 -0.127808 -0.485229 4.501871 0.865580 2.061063
2.000488 -0.100098 -0.640259 4.525605 1.325308 1.914861
2.064209 -0.056396 -0.770020 4.637629 1.595876 1.750622
2.087402 -0.040894 -0.905884 4.780746 1.753707 1.488361
2.083618 -0.018188 -0.997681 4.880903 1.651414 1.098886
2.107666 0.023682 -1.097412 4.893245 1.409564 0.610677
2.098999 0.038086 -1.197510 4.792138 1.113363 0.086155
2.050537 0.026123 -1.310913 4.562867 0.860121 -0.429111
1.931396 -0.018921 -1.418091 4.229878 0.728160 -0.918507
1.780029 -0.111694 -1.497559 3.857492 0.749995 -1.348330
1.661133 -0.162231 -1.570923 3.516196 0.834014 -1.673012
1.569458 -0.194824 -1.639648 3.235898 0.880058 -1.859798
1.494141 -0.167725 -1.715088 2.988826 0.924203 -1.940019
1.418579 -0.143555 -1.765625 2.726803 1.012494 -1.979181
1.375122 -0.124512 -1.761963 2.409953 1.128790 -2.015019
1.386353 -0.127197 -1.786133 2.019528 1.039788 -2.083373
1.394043 -0.124390 -1.860962 1.606082 0.665502 -2.237882
1.361084 -0.113159 -1.920166 1.235356 0.265109 -2.492310
1.273193 -0.197388 -1.959351 0.909013 0.072626 -2.799666
1.145752 -0.292725 -1.964722 0.585993 0.027057 -3.056231
1.015869 -0.299683 -1.946899 0.256328 0.050316 -3.177512
0.914551 -0.281372 -1.919556 -0.059572 0.152135 -3.140249
0.855469 -0.234009 -1.911377 -0.375235 0.237815 -3.009238
0.855225 -0.191528 -1.922485 -0.736467 0.234492 -2.873004
0.884277 -0.187378 -1.930298 -1.180056 0.096123 -2.801327
0.947754 -0.202148 -1.880859 -1.701493 -0.159967 -2.822451
0.975098 -0.328125 -1.776367 -2.251173 -0.482750 -2.929966
0.887817 -0.504150 -1.656128 -2.745315 -0.910437 -3.011611
0.827881 -0.511963 -1.535645 -3.116041 -1.227049 -2.912640
0.810059 -0.458862 -1.467651 -3.342700 -1.041687 -2.592943
0.826782 -0.393921 -1.408447 -3.469440 -0.550392 -2.217470
0.855835 -0.372559 -1.337402 -3.571971 -0.226897 -1.946428
0.953979 -0.291504 -1.390747 -3.712477 -0.181565 -1.848169
1.018799 -0.120728 -1.421143 -3.912792 -0.394934 -1.902282
1.005371 -0.130737 -1.363892 -4.223233 -0.462339 -2.079101
0.984253 -0.247437 -1.242188 -4.673230 -0.396358 -2.317865
0.916992 -0.324707 -1.105225 -5.164999 -0.404903 -2.516994
0.814697 -0.393311 -0.973389 -5.506769 -0.430535 -2.609082
0.607788 -0.590088 -0.857544 -5.564680 -0.437418 -2.554968
0.389282 -0.627441 -0.758911 -5.293163 -0.523335 -2.346583
0.352295 -0.425537 -0.752319 -4.743246 -0.512418 -1.995557
0.377563 -0.247070 -0.682739 -4.083914 -0.436469 -1.511146
0.400513 -0.223267 -0.555420 -3.553933 -0.291691 -0.963839
0.392822 -0.256470 -0.414551 -3.294520 -0.170885 -0.489158
0.386719 -0.267822 -0.287476 -3.290011 -0.129825 -0.204825
0.389038 -0.262451 -0.195923 -3.405833 -0.221201 -0.114873
0.357300 -0.293335 -0.091797 -3.494598 -0.317324 -0.108227
0.347290 -0.385132 -0.053833 -3.440248 -0.342957 -0.065269
0.235352 -0.310913 0.062988 -3.195075 -0.540661 0.072626
0.218750 -0.540405 0.087402 -2.760505 -0.319460 0.228321
0.047119 -0.513306 0.152466 -2.131790 -0.601420 0.437893
0.124634 -0.313721 0.182373 -1.408615 -1.057826 0.709410
0.217651 -0.233643 0.203003 -0.749995 -1.273093 0.981877
0.333496 -0.205688 0.224121 -0.356485 -1.338837 1.252682
0.385254 -0.190063 0.259399 -0.234018 -1.368267 1.442317
0.358765 -0.206909 0.285767 -0.248258 -1.381795 1.550781
0.414795 -0.153931 0.350098 -0.223812 -1.306084 1.651888
0.534546 -0.075439 0.467163 -0.081645 -1.057588 1.815891
0.686157 0.013916 0.565674 0.179667 -0.777052 1.953785
0.836426 0.091064 0.576416 0.581721 -0.667401 1.938358
0.980347 0.208984 0.496216 1.069693 -0.768508 1.770558
1.143188 0.395386 0.345215 1.490022 -0.942241 1.571193
1.315308 0.591309 0.170288 1.691999 -0.904504 1.454896
1.484619 0.768921 -0.010132 1.628392 -0.600471 1.439469
1.620850 0.896240 -0.173828 1.382507 -0.144066 1.459168
1.689575 1.004150 -0.286133 1.060911 0.419855 1.417871
1.704712 1.059570 -0.354980 0.738603 0.954583 1.232033
1.636353 1.046143 -0.376953 0.453320 1.201416 0.890263
1.503174 0.997192 -0.381714 0.242799 1.177445 0.446437
1.307739 0.931763 -0.417114 0.157594 0.957668 0.001424
1.131836 0.908447 -0.434326 0.220964 0.533304 -0.354824
1.007935 0.928589 -0.438110 0.377371 0.080933 -0.578161
0.935059 0.916260 -0.421997 0.516452 -0.211708 -0.690898
0.886719 0.863281 -0.417480 0.541373 -0.292166 -0.743350
0.849487 0.797241 -0.418091 0.428637 -0.294302 -0.776815
0.812500 0.745483 -0.405273 0.218353 -0.233068 -0.800786
0.798828 0.684326 -0.383057 -0.039398 -0.126977 -0.789156
0.793213 0.613403 -0.353394 -0.294777 0.033702 -0.719616
0.766479 0.551270 -0.331421 -0.506009 0.270568 -0.602132
0.730225 0.493774 -0.326782 -0.635597 0.517402 -0.464475
0.687500 0.450439 -0.321655 -0.673097 0.673809 -0.328479
0.662964 0.425049 -0.322266 -0.628952 0.702527 -0.204825
0.662720 0.422852 -0.305908 -0.527370 0.617322 -0.107752
0.673218 0.420898 -0.289551 -0.398494 0.478241 -0.051740
0.695068 0.414063 -0.269287 -0.273416 0.326580 -0.044857
0.715088 0.400635 -0.239868 -0.177056 0.164714 -0.087104
0.727173 0.388306 -0.233521 -0.111313 0.009494 -0.154034
0.734009 0.389160 -0.230957 -0.059335 -0.116059 -0.214081
