0.762329 0.374634 -0.499756 -0.047705 -0.127689 -0.096360
0.818848 0.323608 -0.500610 -0.013528 -0.016139 0.040823
0.814941 0.350952 -0.504150 0.020649 -0.090427 0.036313
0.792847 0.372070 -0.506348 0.071677 -0.077610 0.030142
0.800049 0.356689 -0.550293 0.129825 -0.098022 0.086392
0.805786 0.380615 -0.572876 0.126740 -0.108227 0.108465
0.806396 0.376953 -0.576660 0.083069 -0.115110 0.136945
0.761963 0.402344 -0.592407 0.045569 -0.134335 0.154271
0.773315 0.360107 -0.584717 0.011155 -0.074050 0.211233
0.825317 0.334351 -0.557739 -0.024209 -0.004509 0.268907
0.854370 0.346436 -0.547729 -0.011867 -0.046756 0.250631
0.868042 0.340942 -0.558105 0.024446 -0.093275 0.207198
0.865356 0.333984 -0.570313 0.037025 -0.067405 0.162815
0.849365 0.333496 -0.564087 0.042009 -0.038212 0.107278
0.826050 0.347656 -0.570313 0.054351 -0.053402 0.056250
0.813965 0.352173 -0.570923 0.048655 -0.086867 0.028481
0.812256 0.351685 -0.573730 0.023022 -0.112974 0.018275
0.800171 0.351074 -0.574219 -0.001661 -0.124604 0.021598
0.793213 0.344238 -0.564819 -0.015902 -0.125553 0.034889
0.795898 0.338745 -0.564453 -0.025633 -0.124366 0.047468
0.803589 0.347290 -0.567749 -0.037025 -0.124129 0.062895
0.811890 0.344238 -0.570557 -0.054114 -0.083781 0.079746
0.803589 0.335815 -0.573120 -0.074050 -0.041060 0.083069
0.800171 0.342529 -0.568359 -0.081645 -0.031804 0.078797
0.797485 0.346436 -0.569580 -0.074050 -0.028956 0.072389
0.807617 0.347900 -0.567749 -0.061234 -0.037262 0.062895
0.804932 0.348389 -0.571289 -0.057911 -0.040585 0.045095
0.793091 0.351074 -0.580200 -0.060284 -0.042247 0.030617
0.781494 0.347290 -0.583862 -0.066218 -0.040585 0.033940
0.774414 0.343750 -0.579834 -0.083544 -0.035126 0.051503
0.784790 0.342896 -0.576782 -0.099683 -0.038449 0.077136
0.776367 0.341309 -0.562012 -0.103006 -0.034177 0.096835
0.781494 0.339722 -0.554932 -0.092800 -0.060047 0.112737
0.806152 0.335815 -0.554810 -0.073338 -0.122468 0.099920
0.793579 0.330933 -0.552734 -0.061946 -0.189398 0.061234
0.770874 0.332642 -0.546265 -0.048655 -0.260600 0.038686
0.750488 0.325317 -0.533813 -0.027294 -0.311153 0.051028
0.761475 0.312988 -0.533936 -0.001187 -0.346042 0.089715
0.755371 0.335938 -0.533447 0.015427 -0.337498 0.113211
0.746582 0.333008 -0.530884 0.021361 -0.327055 0.162578
0.730713 0.327026 -0.509521 0.020649 -0.328479 0.221913
0.723267 0.329712 -0.488647 0.037025 -0.349840 0.268907
0.736694 0.319336 -0.454712 0.072863 -0.392086 0.310204
0.748535 0.317505 -0.412842 0.126028 -0.451184 0.334650
0.779053 0.311401 -0.375244 0.212420 -0.528319 0.352688
0.814941 0.299072 -0.364136 0.337973 -0.596436 0.355298
0.829102 0.290283 -0.368286 0.484412 -0.635835 0.333463
0.837524 0.268799 -0.386108 0.632275 -0.665027 0.301422
0.858154 0.259888 -0.400146 0.772305 -0.700629 0.274365
0.907837 0.264648 -0.427124 0.901656 -0.713920 0.259176
0.972900 0.286987 -0.511841 1.000627 -0.713208 0.224761
0.991211 0.310547 -0.602539 1.019377 -0.655534 0.143116
0.958618 0.311401 -0.679565 0.956719 -0.551579 0.044620
0.914795 0.316284 -0.710571 0.861071 -0.497940 -0.033465
0.886597 0.306641 -0.729126 0.774204 -0.499839 -0.087341
0.885132 0.307251 -0.721802 0.699205 -0.499601 -0.118433
0.891968 0.318359 -0.694824 0.632275 -0.442402 -0.119620
0.925659 0.328735 -0.657104 0.586231 -0.351976 -0.106566
0.974487 0.347412 -0.612427 0.583620 -0.266533 -0.098259
1.039551 0.366455 -0.590820 0.642717 -0.190347 -0.111787
1.108398 0.388428 -0.590698 0.741214 -0.101107 -0.141455
1.182373 0.380371 -0.607056 0.846830 0.016139 -0.171834
1.257080 0.372314 -0.625854 0.954108 0.104667 -0.231169
1.328125 0.366089 -0.670044 1.078237 0.089477 -0.380694
1.367798 0.359131 -0.740356 1.210198 -0.018987 -0.603082
1.389526 0.362427 -0.855835 1.343109 -0.191771 -0.841134
1.406494 0.388306 -1.022461 1.463915 -0.316137 -1.078949
1.391357 0.405151 -1.177368 1.514706 -0.337023 -1.303948
1.343018 0.416992 -1.317627 1.485750 -0.325868 -1.505924
1.244019 0.420044 -1.472900 1.394849 -0.362893 -1.683217
1.175415 0.468384 -1.628906 1.200230 -0.423415 -1.791682
1.114746 0.499268 -1.711304 0.839473 -0.386390 -1.829894
1.067871 0.496094 -1.700073 0.355061 -0.271043 -1.836064
1.033081 0.468384 -1.629883 -0.127689 -0.181328 -1.858612
0.995117 0.416870 -1.541260 -0.512418 -0.109889 -1.907741
0.954590 0.371460 -1.441284 -0.786308 0.001187 -1.949750
0.926270 0.323975 -1.344360 -0.974994 0.202451 -1.951887
0.903687 0.281616 -1.248779 -1.091053 0.457117 -1.928627
0.871460 0.233765 -1.174683 -1.137572 0.676182 -1.937646
0.800537 0.189209 -1.155396 -1.126417 0.778001 -1.989149
0.738892 0.186890 -1.173340 -1.087731 0.742400 -2.031633
0.670776 0.191406 -1.210083 -1.077288 0.665502 -2.054180
0.589233 0.198486 -1.231689 -1.155610 0.564633 -2.066759
0.502319 0.194824 -1.221069 -1.335989 0.447386 -2.043262
0.444824 0.184082 -1.201416 -1.569294 0.286470 -1.973485
0.432007 0.191650 -1.191406 -1.801175 0.104904 -1.874751
0.403198 0.181152 -1.177979 -1.977045 -0.116297 -1.736382
0.385864 0.158691 -1.174316 -2.143895 -0.179192 -1.616525
0.340820 0.145874 -1.135010 -2.362960 -0.071677 -1.584246
0.274048 0.123901 -1.091309 -2.560664 0.043671 -1.545085
0.195801 0.102539 -1.057007 -2.681471 0.033465 -1.443504
0.144531 0.109131 -1.025635 -2.742230 -0.062183 -1.298726
0.095703 0.122437 -1.000854 -2.791122 -0.114873 -1.162493
0.046387 0.099121 -0.961182 -2.878700 -0.013766 -1.053791
-0.027832 0.079102 -0.895996 -2.992386 0.046993 -0.968823
-0.107788 0.058228 -0.826660 -3.082338 -0.087341 -0.877922
-0.170654 0.042480 -0.759155 -3.127670 -0.358858 -0.778239
-0.244263 0.040649 -0.696045 -3.115803 -0.676657 -0.689948
-0.327148 0.023682 -0.624023 -3.094443 -0.939868 -0.593825
-0.401367 -0.000732 -0.548950 -3.121737 -1.199043 -0.457829
-0.430298 -0.014404 -0.450195 -3.182021 -1.485513 -0.279587
-0.437866 -0.029053 -0.332642 -3.229252 -1.738755 -0.113211
-0.427490 -0.045898 -0.201904 -3.227116 -1.997456 0.044620
-0.407715 -0.065552 -0.081421 -3.159474 -2.252122 0.202926
-0.393311 -0.076172 0.028931 -3.029886 -2.481155 0.354112
-0.365601 -0.093628 0.111206 -2.847846 -2.667942 0.526183
-0.313843 -0.112793 0.183960 -2.602436 -2.790884 0.741926
-0.239014 -0.130127 0.234253 -2.290097 -2.802277 1.012731
-0.152466 -0.124512 0.291992 -1.936222 -2.731075 1.307033
-0.063354 -0.119629 0.348267 -1.563835 -2.591044 1.601335
0.040283 -0.110229 0.379761 -1.182429 -2.424668 1.886381
0.176880 -0.117188 0.413696 -0.797226 -2.245714 2.129654
0.289429 -0.132324 0.432617 -0.400868 -2.083136 2.308134
0.396362 -0.159546 0.440674 0.017801 -1.951887 2.433687
0.516113 -0.173706 0.427734 0.436469 -1.860510 2.524826
0.673340 -0.177002 0.425537 0.799599 -1.772220 2.601724
0.836182 -0.175415 0.441040 1.081560 -1.661145 2.646107
0.942627 -0.175049 0.459106 1.330292 -1.573803 2.629256
1.024658 -0.163818 0.461548 1.598012 -1.552917 2.573718
1.140869 -0.138794 0.449463 1.885669 -1.540576 2.502041
1.258667 -0.114380 0.420288 2.182106 -1.493108 2.409004
1.354248 -0.085938 0.372925 2.476646 -1.386779 2.292470
1.462158 -0.057617 0.314941 2.732024 -1.224913 2.172138
1.583618 -0.017700 0.255005 2.938985 -1.055690 2.037092
1.698730 0.015015 0.173096 3.138113 -0.879346 1.861223
1.778564 0.024170 0.076416 3.348871 -0.617085 1.645243
1.800171 0.040405 -0.059937 3.587161 -0.326106 1.437095
1.801758 0.108032 -0.194092 3.808837 -0.080696 1.256242
1.803223 0.196045 -0.371216 3.989928 0.090901 1.101734
1.714966 0.266602 -0.542358 4.092221 0.224524 0.929425
1.776978 0.340820 -0.747070 4.094832 0.469222 0.780138
2.011230 0.437866 -0.964600 4.060180 -0.141217 0.611151
2.044312 0.529297 -1.266602 3.930593 -1.015342 0.252767
2.070923 0.542358 -1.412598 3.569123 -0.663129 -0.192958
2.056030 0.577881 -1.500610 3.192464 -0.076661 -0.496753
2.018188 0.590210 -1.520020 2.852593 0.449522 -0.704426
2.010498 0.594727 -1.506714 2.591993 0.893111 -0.941054
1.992188 0.600342 -1.524536 2.422058 0.920643 -1.299201
1.876343 0.576782 -1.600586 2.287248 0.773017 -1.742078
1.660034 0.562378 -1.712646 2.143183 0.740739 -2.118737
1.474365 0.575928 -1.825317 1.959956 0.692796 -2.320951
1.318604 0.589111 -1.896973 1.676097 0.762100 -2.353703
1.207153 0.580322 -1.877075 1.296827 0.873650 -2.327359
1.111328 0.548828 -1.803345 0.867479 0.900232 -2.324273
1.043823 0.471680 -1.667603 0.461627 0.932985 -2.347533
0.996826 0.398315 -1.554932 0.152847 0.865817 -2.370792
0.955078 0.347656 -1.510376 -0.027057 0.774441 -2.379099
0.886597 0.301636 -1.478638 -0.135759 0.859646 -2.362485
0.814453 0.261230 -1.423706 -0.248733 1.094376 -2.303150
0.749634 0.235962 -1.383301 -0.360757 1.277840 -2.235034
