0.889648 0.130371 -0.866577 -0.010206 0.293590 -0.136708
0.941895 0.106445 -0.912476 -0.017563 0.200553 -0.142167
0.903931 0.143799 -0.923218 -0.033702 0.151186 -0.176106
0.870239 0.154419 -0.926636 -0.030617 0.098734 -0.215505
0.853760 0.172485 -0.989868 -0.004509 -0.032990 -0.255378
0.862549 0.169067 -1.065186 0.023971 -0.211708 -0.267482
0.868408 0.175659 -1.149414 -0.005221 -0.329428 -0.277451
0.884033 0.181274 -1.239624 -0.079034 -0.346517 -0.317799
0.874634 0.200806 -1.331055 -0.183701 -0.306169 -0.385915
0.828247 0.187256 -1.409668 -0.322783 -0.220964 -0.467086
0.773193 0.187988 -1.466309 -0.478003 -0.142642 -0.555139
0.697876 0.194458 -1.502319 -0.623730 -0.116297 -0.626816
0.619995 0.195923 -1.520630 -0.774679 -0.109414 -0.661230
0.563110 0.197754 -1.523193 -0.952921 -0.094461 -0.653398
0.519897 0.183838 -1.522583 -1.155373 -0.109889 -0.626816
0.483887 0.166260 -1.492310 -1.367317 -0.176344 -0.598810
0.451904 0.135620 -1.459351 -1.588756 -0.262973 -0.561784
0.419922 0.098755 -1.413086 -1.819213 -0.336549 -0.499364
0.401855 0.065063 -1.336548 -2.044687 -0.329666 -0.414396
0.383423 0.031860 -1.236694 -2.259480 -0.262973 -0.313527
0.358398 0.000488 -1.124512 -2.452437 -0.152847 -0.211470
0.333374 -0.028198 -1.002686 -2.606471 -0.058148 -0.121993
0.302368 -0.063477 -0.879395 -2.709002 0.003085 -0.043671
0.275269 -0.072632 -0.737183 -2.762641 0.028481 0.032516
0.231445 -0.117310 -0.624268 -2.773321 0.044145 0.115347
0.201294 -0.145264 -0.487915 -2.758606 0.072151 0.217404
0.172485 -0.157715 -0.364868 -2.710901 0.072151 0.336311
0.163208 -0.164551 -0.246338 -2.630680 0.032753 0.457592
0.160767 -0.163086 -0.123901 -2.527199 -0.024921 0.585993
0.155151 -0.167480 -0.019653 -2.407817 -0.080221 0.715818
0.158325 -0.160522 0.087769 -2.269211 -0.119145 0.854425
0.161865 -0.142456 0.178833 -2.109955 -0.148338 1.003475
0.170288 -0.126709 0.269165 -1.921270 -0.211708 1.153474
0.190186 -0.112915 0.338867 -1.690100 -0.328479 1.285910
0.213257 -0.107300 0.398682 -1.420007 -0.464238 1.406953
0.234985 -0.089844 0.435791 -1.115262 -0.562496 1.534168
0.263428 -0.081055 0.451538 -0.782274 -0.618034 1.670638
0.291382 -0.078735 0.451660 -0.436469 -0.620170 1.812330
0.339722 -0.070557 0.420654 -0.090189 -0.606404 1.955684
0.381958 -0.065674 0.384277 0.239714 -0.603794 2.090493
0.430542 -0.071655 0.322266 0.538525 -0.596199 2.205366
0.490723 -0.098999 0.258789 0.808381 -0.624442 2.295318
0.569824 -0.105469 0.169556 1.056639 -0.733144 2.372216
0.662109 -0.117676 0.093506 1.270483 -0.867004 2.441757
0.753906 -0.135620 0.018433 1.443029 -0.953159 2.485902
0.852539 -0.160156 -0.071899 1.572617 -0.965738 2.495870
0.934326 -0.164307 -0.134644 1.662569 -0.966450 2.471424
1.012329 -0.195557 -0.184814 1.713122 -0.966924 2.408529
1.126465 -0.244751 -0.208252 1.757505 -0.938681 2.331156
1.225098 -0.280762 -0.213501 1.834403 -0.912099 2.243578
1.333252 -0.307983 -0.217407 1.956159 -0.839473 2.126806
1.430542 -0.344604 -0.232178 2.119449 -0.737179 1.981079
1.510986 -0.351440 -0.255127 2.310982 -0.660281 1.816365
1.584351 -0.383911 -0.310547 2.510348 -0.603556 1.607031
1.637207 -0.397583 -0.366577 2.690015 -0.568193 1.354976
1.665405 -0.413696 -0.417847 2.830520 -0.527607 1.084170
1.693604 -0.457275 -0.481689 2.939697 -0.487972 0.816688
1.756592 -0.505493 -0.562988 3.032259 -0.494617 0.579585
1.850098 -0.507446 -0.647217 3.091120 -0.537576 0.342245
1.915527 -0.515015 -0.729614 3.091832 -0.536864 0.033940
1.931641 -0.558838 -0.795044 3.055756 -0.463526 -0.346042
1.872192 -0.593384 -0.847534 3.028225 -0.413684 -0.738603
1.785156 -0.626099 -0.936890 3.030598 -0.421279 -1.083933
1.718262 -0.655640 -1.072876 3.046025 -0.503161 -1.348567
1.675171 -0.641846 -1.226807 3.032022 -0.639157 -1.577838
1.617432 -0.597656 -1.396484 2.962244 -0.753555 -1.851492
1.535889 -0.555298 -1.541870 2.829808 -0.814552 -2.154338
1.401001 -0.513672 -1.702148 2.628069 -0.770407 -2.432026
1.248047 -0.473267 -1.852905 2.382896 -0.674996 -2.669129
1.085449 -0.421997 -1.991455 2.115889 -0.596673 -2.857102
0.896729 -0.389160 -2.109375 1.810432 -0.490345 -2.963193
0.734009 -0.343872 -2.181152 1.459643 -0.299286 -2.954412
0.618530 -0.304810 -2.213867 1.054978 -0.059098 -2.820789
0.542603 -0.275879 -2.199829 0.603319 0.123180 -2.619762
0.518555 -0.263062 -2.124268 0.121518 0.243274 -2.427991
0.513672 -0.272095 -2.012329 -0.361469 0.291929 -2.273957
0.504395 -0.292847 -1.888306 -0.806482 0.248021 -2.173562
0.502441 -0.348267 -1.747070 -1.191211 0.182989 -2.115177
0.493530 -0.402222 -1.605103 -1.515180 0.119382 -2.065098
0.470581 -0.452026 -1.433472 -1.763676 0.091851 -2.000304
0.449463 -0.483398 -1.268799 -1.925542 0.115347 -1.909877
0.448486 -0.483887 -1.126343 -2.006949 0.136708 -1.786698
0.445435 -0.467651 -0.998047 -2.034006 0.131487 -1.662331
0.420654 -0.452393 -0.887817 -2.033294 0.164477 -1.574753
0.384521 -0.423706 -0.775391 -2.012883 0.223575 -1.515892
0.343506 -0.406250 -0.671265 -1.974908 0.256090 -1.443978
0.289307 -0.366577 -0.585449 -1.915573 0.250157 -1.347143
0.239502 -0.330566 -0.487671 -1.837963 0.216692 -1.230372
0.201172 -0.283936 -0.412231 -1.749673 0.196992 -1.087256
0.180420 -0.254028 -0.348389 -1.639784 0.121044 -0.935358
0.178467 -0.219849 -0.290283 -1.496193 -0.023734 -0.801023
0.173950 -0.171509 -0.239258 -1.338837 -0.141692 -0.670012
0.201782 -0.137329 -0.205444 -1.185989 -0.202451 -0.517639
0.243286 -0.108276 -0.175171 -1.030294 -0.221913 -0.344618
0.303955 -0.058838 -0.161011 -0.879583 -0.195331 -0.176106
0.369995 -0.019897 -0.142944 -0.754742 -0.098971 -0.039636
0.423706 0.000977 -0.124023 -0.647227 0.012816 0.060047
0.476440 0.027832 -0.106079 -0.525709 0.075949 0.128876
0.522217 0.057373 -0.101929 -0.378083 0.087341 0.182515
0.553467 0.112183 -0.108887 -0.220252 0.075949 0.235679
0.590454 0.168457 -0.140625 -0.072863 0.059335 0.284334
0.609375 0.215576 -0.197632 0.039398 0.055063 0.330378
0.639893 0.239990 -0.250000 0.093749 0.071914 0.369776
0.661011 0.249023 -0.302124 0.099683 0.094224 0.397070
0.689941 0.236328 -0.360474 0.093275 -0.014003 0.396358
0.740112 0.227539 -0.421753 0.087816 -0.199366 0.364317
0.779175 0.203491 -0.472290 0.079272 -0.377134 0.314239
0.810669 0.188599 -0.519531 0.082594 -0.416295 0.262024
0.837891 0.173584 -0.569580 0.108465 -0.372387 0.224999
0.862915 0.161255 -0.606323 0.150711 -0.315188 0.207910
0.894043 0.154419 -0.657959 0.197230 -0.226185 0.193670
0.921021 0.156372 -0.712402 0.230220 -0.125078 0.174445
0.935059 0.166870 -0.755005 0.236391 -0.006171 0.153084
0.938354 0.173584 -0.785767 0.205062 0.121281 0.119382
0.911499 0.180420 -0.802612 0.147388 0.198654 0.076186
0.885010 0.187622 -0.791138 0.079034 0.212182 0.037737
0.862305 0.180054 -0.772461 0.016139 0.177293 0.012104
0.850830 0.181763 -0.748901 -0.025395 0.112025 -0.003085
0.833130 0.176025 -0.728394 -0.040348 0.038686 -0.017326
0.808838 0.177734 -0.717041 -0.038449 0.016614 -0.032516
0.779785 0.182861 -0.711304 -0.032278 -0.006408 -0.036788
0.751343 0.188232 -0.705322 -0.030142 -0.033228 -0.028718
0.739624 0.190308 -0.703491 -0.034652 -0.051028 -0.015427
0.736572 0.190674 -0.698364 -0.047705 -0.072863 -0.005221
0.722656 0.182617 -0.684692 -0.065269 -0.109177 -0.002373
0.715820 0.171875 -0.678955 -0.085205 -0.136945 -0.006646
0.706787 0.155762 -0.668701 -0.102768 -0.145015 -0.004984
0.714478 0.151123 -0.669189 -0.105854 -0.164239 0.008307
0.727173 0.140869 -0.671997 -0.096835 -0.166850 0.026107
0.732544 0.138794 -0.669556 -0.081645 -0.157831 0.032041
0.743164 0.140503 -0.666260 -0.064794 -0.140743 0.026819
0.747681 0.141724 -0.667725 -0.047231 -0.140268 0.017326
0.748901 0.142700 -0.662476 -0.035126 -0.118670 0.009494
0.753784 0.151001 -0.654785 -0.025870 -0.090664 0.003797
0.744507 0.150146 -0.655518 -0.014715 -0.072863 -0.001661
0.744019 0.154053 -0.661499 -0.001899 -0.071914 -0.001187
0.738525 0.157715 -0.670288 -0.000949 -0.069066 0.006408
0.723877 0.157959 -0.674927 -0.011630 -0.060759 0.015664
0.732178 0.165405 -0.682251 -0.024921 -0.079272 0.031566
0.737549 0.169312 -0.681885 -0.037025 -0.086392 0.057674
0.761108 0.170654 -0.676514 -0.051978 -0.080221 0.084018
0.789063 0.176880 -0.672485 -0.064794 -0.071677 0.092088
0.798950 0.169678 -0.670166 -0.071202 -0.061471 0.082357
0.815308 0.162354 -0.670532 -0.066930 -0.035126 0.061946
0.814697 0.157227 -0.667847 -0.051978 0.009019 0.045569
0.809937 0.162109 -0.676880 -0.037025 0.052215 0.036076
0.801025 0.168823 -0.682739 -0.033940 0.095173 0.031329
0.789917 0.174683 -0.681885 -0.050079 0.121281 0.027294
0.784668 0.181885 -0.671753 -0.078560 0.119382 0.023022
0.772095 0.188843 -0.664307 -0.107278 0.085680 0.013291
