0.691284 0.326172 -0.700562 -0.414871 0.865343 0.376896
0.726196 0.330933 -0.665161 -0.464000 0.868191 0.440741
0.761597 0.331177 -0.607544 -0.473969 0.767558 0.438842
0.753296 0.343018 -0.611938 -0.421042 0.567006 0.368589
0.748779 0.341553 -0.598389 -0.348890 0.410599 0.301897
0.744141 0.390869 -0.540283 -0.250631 0.230457 0.271280
0.800293 0.303345 -0.638428 -0.154034 0.139081 0.268907
0.780396 0.332764 -0.620239 -0.126977 0.043196 0.198416
0.782715 0.338745 -0.625000 -0.078085 -0.045807 0.157831
0.776611 0.328979 -0.630981 -0.032753 -0.110601 0.116059
0.769531 0.327515 -0.645264 -0.003323 -0.173733 0.080933
0.759644 0.324707 -0.663818 0.025633 -0.230932 0.050079
0.761597 0.316528 -0.676514 0.031566 -0.204113 0.021598
0.749390 0.328735 -0.642822 0.019937 -0.132199 0.008782
0.739380 0.317749 -0.659180 0.034177 -0.125790 0.005221
0.738770 0.324097 -0.667236 0.026345 -0.103480 -0.003560
0.716675 0.344971 -0.656616 0.002373 -0.063370 0.000237
0.707520 0.339844 -0.665527 -0.003560 -0.065031 0.041060
0.721680 0.329468 -0.670166 -0.012816 -0.068591 0.088053
0.735107 0.326660 -0.667236 -0.031329 -0.061708 0.113923
0.741577 0.320801 -0.654053 -0.043433 -0.054826 0.116297
0.734009 0.317993 -0.644531 -0.040111 -0.064319 0.105379
0.731689 0.315063 -0.632324 -0.019699 -0.075712 0.095411
0.728394 0.308594 -0.633545 0.010918 -0.082832 0.093275
0.707764 0.294556 -0.626831 0.045095 -0.086867 0.103243
0.697144 0.296631 -0.621826 0.084493 -0.098734 0.125553
0.702759 0.299438 -0.614502 0.125078 -0.100632 0.156170
0.705078 0.289673 -0.597900 0.162815 -0.098496 0.184413
0.692261 0.285034 -0.597900 0.208859 -0.127452 0.208385
0.682617 0.287842 -0.599854 0.267245 -0.164239 0.239239
0.674927 0.280273 -0.592773 0.328242 -0.187024 0.284096
0.653931 0.275146 -0.570190 0.389950 -0.204113 0.337973
0.646973 0.287231 -0.523193 0.462102 -0.267008 0.416770
0.692017 0.303833 -0.481567 0.561072 -0.334887 0.506484
0.758545 0.304810 -0.474609 0.687575 -0.403241 0.572227
0.811523 0.307617 -0.468140 0.815501 -0.445488 0.595724
0.877197 0.306030 -0.473999 0.955769 -0.458779 0.590977
0.942017 0.335693 -0.507935 1.104819 -0.466848 0.555851
1.017456 0.358398 -0.543823 1.213046 -0.475155 0.493668
1.100342 0.385742 -0.551392 1.242951 -0.464712 0.405377
1.190430 0.398560 -0.542480 1.219692 -0.470646 0.279824
1.259644 0.396606 -0.541870 1.195008 -0.520250 0.098496
1.297119 0.391602 -0.561035 1.221828 -0.579110 -0.123654
1.340942 0.383179 -0.617676 1.321985 -0.623968 -0.346042
1.391602 0.365845 -0.716675 1.456557 -0.616847 -0.559648
1.446289 0.341553 -0.828857 1.557190 -0.551579 -0.757353
1.510864 0.324585 -0.948853 1.610829 -0.439317 -0.938443
1.593140 0.323853 -1.086548 1.626968 -0.351264 -1.129028
1.639404 0.326294 -1.234985 1.589705 -0.308542 -1.365181
1.615356 0.333130 -1.377075 1.500703 -0.334175 -1.644531
1.549072 0.344116 -1.508423 1.381320 -0.393273 -1.916760
1.477783 0.351807 -1.629761 1.251495 -0.416532 -2.125145
1.401245 0.359497 -1.739136 1.115262 -0.425551 -2.291520
1.292969 0.373047 -1.872314 0.956007 -0.426500 -2.459320
1.148804 0.385376 -1.994019 0.714632 -0.395172 -2.587484
0.959473 0.341309 -2.097290 0.384491 -0.385441 -2.558053
0.836914 0.280029 -2.126099 -0.097072 -0.205537 -2.429178
0.767334 0.245605 -2.058594 -0.706562 0.147626 -2.319527
0.739258 0.215698 -1.920654 -1.279739 0.498177 -2.235983
0.704834 0.163452 -1.773315 -1.698170 0.703714 -2.195398
0.647339 0.103149 -1.629639 -1.999355 0.780850 -2.189227
0.597900 0.057739 -1.495239 -2.257106 0.785834 -2.184005
0.560913 0.012207 -1.369995 -2.485427 0.711071 -2.163594
0.515869 -0.030273 -1.248047 -2.657024 0.553952 -2.137724
0.482178 -0.072754 -1.143921 -2.767862 0.386390 -2.110667
0.442993 -0.102783 -1.051147 -2.828622 0.232356 -2.106158
0.395020 -0.118042 -0.980957 -2.849270 0.074525 -2.119686
0.344116 -0.114990 -0.939331 -2.844523 -0.071439 -2.116363
0.305176 -0.108765 -0.917236 -2.853780 -0.161866 -2.085509
0.243896 -0.107788 -0.873291 -2.889855 -0.221438 -2.034956
0.139160 -0.097778 -0.829102 -2.917387 -0.285758 -1.958057
0.055054 -0.063721 -0.780396 -2.898874 -0.364080 -1.841761
0.020996 -0.038696 -0.759155 -2.860662 -0.395884 -1.698407
-0.018066 -0.019653 -0.728027 -2.857102 -0.450472 -1.554816
-0.066528 -0.015137 -0.700806 -2.890330 -0.557512 -1.405054
-0.101074 0.002197 -0.661743 -2.925931 -0.712733 -1.240103
-0.168701 0.003662 -0.620117 -2.969364 -0.758065 -1.061860
-0.223389 0.003906 -0.555420 -3.021105 -0.637021 -0.872463
-0.243896 0.014038 -0.470215 -3.046263 -0.596199 -0.672385
-0.253052 0.008301 -0.387451 -3.029649 -0.711784 -0.468272
-0.263428 0.014648 -0.304810 -2.968890 -0.913997 -0.280299
-0.272461 0.035522 -0.226929 -2.859238 -1.151100 -0.125078
-0.273682 0.062134 -0.147705 -2.707103 -1.387729 -0.001424
-0.278076 0.097778 -0.073486 -2.541203 -1.611066 0.092088
-0.275269 0.116333 -0.003662 -2.387881 -1.809482 0.185125
-0.273438 0.122437 0.055176 -2.235508 -2.015731 0.311390
-0.270386 0.131104 0.100342 -2.050620 -2.187803 0.482987
-0.244751 0.134155 0.133301 -1.823723 -2.276805 0.703951
-0.212402 0.140991 0.159424 -1.579737 -2.278467 0.954108
-0.163574 0.160522 0.178711 -1.328868 -2.243815 1.198806
-0.128418 0.180420 0.190186 -1.084170 -2.165730 1.438045
-0.067383 0.193726 0.211670 -0.862495 -2.082661 1.701018
0.014771 0.197266 0.234375 -0.668113 -1.988912 1.959481
0.102905 0.196655 0.273071 -0.482987 -1.898485 2.176173
0.205933 0.195068 0.320923 -0.283384 -1.837726 2.336853
0.282959 0.177979 0.364624 -0.047468 -1.811856 2.438671
0.379028 0.161987 0.391235 0.224761 -1.832267 2.506788
0.503662 0.140991 0.399902 0.516452 -1.884482 2.547848
0.594727 0.104370 0.405273 0.819061 -1.936934 2.547373
0.686523 0.073853 0.389404 1.144692 -1.996506 2.521029
0.781982 0.057251 0.377319 1.514468 -1.983215 2.505601
0.883423 0.072510 0.339111 1.925542 -1.927203 2.488988
0.973511 0.098633 0.276001 2.349669 -1.822299 2.428703
1.046387 0.105225 0.196411 2.734397 -1.649040 2.328546
1.112915 0.115845 0.107056 3.052671 -1.467475 2.223641
1.184448 0.133057 0.007568 3.293097 -1.262176 2.127993
1.278320 0.145874 -0.074219 3.419362 -1.063522 2.022851
1.380737 0.158936 -0.135132 3.457336 -0.926339 1.857425
1.442505 0.173950 -0.181519 3.464456 -0.840422 1.618661
1.456055 0.191406 -0.222168 3.482969 -0.756166 1.346431
1.460327 0.212769 -0.292847 3.579566 -0.627053 1.080610
1.427856 0.214355 -0.372925 3.721021 -0.376896 0.858460
1.472900 0.189209 -0.500732 3.827587 0.131961 0.734568
1.663818 0.217041 -0.646118 3.905434 -0.075237 0.648888
1.726074 0.267334 -0.856567 3.895703 -0.910200 0.355536
1.740845 0.300293 -1.092285 3.820467 -1.249122 -0.123417
1.668335 0.314453 -1.282715 3.708917 -1.279739 -0.593588
1.564331 0.318970 -1.427124 3.515959 -1.091765 -0.918982
1.531372 0.350220 -1.532104 3.272923 -0.665265 -1.076338
1.510986 0.389893 -1.619751 3.066199 -0.254429 -1.176021
1.482544 0.419556 -1.697632 2.845947 -0.013291 -1.305134
1.404419 0.428101 -1.770264 2.608370 0.100395 -1.506636
1.272949 0.440796 -1.892090 2.400697 0.116534 -1.723328
1.155762 0.487915 -2.030273 2.170952 0.168037 -1.863596
1.089478 0.520142 -2.128174 1.816128 0.317087 -1.930526
1.041016 0.527710 -2.159790 1.340261 0.450709 -1.995557
0.984131 0.499756 -2.119263 0.813840 0.545645 -2.081237
0.935547 0.449097 -2.031372 0.327767 0.560598 -2.163119
0.911011 0.377563 -1.929077 -0.071677 0.507196 -2.226015
0.876587 0.306274 -1.825928 -0.358146 0.464475 -2.273245
0.846436 0.269653 -1.745605 -0.536626 0.520487 -2.286774
0.799561 0.237427 -1.683960 -0.679743 0.710122 -2.255207
0.708252 0.199585 -1.598267 -0.830691 0.943665 -2.198720
0.619873 0.175781 -1.513306 -0.977367 1.082034 -2.114939
0.547852 0.177246 -1.445557 -1.091291 1.092477 -2.032345
0.494873 0.181885 -1.385620 -1.197619 1.067319 -1.959719
0.450684 0.197266 -1.327393 -1.307033 0.990896 -1.903944
0.420898 0.215210 -1.282959 -1.411937 0.881719 -1.870716
0.401611 0.234741 -1.280640 -1.530133 0.759014 -1.856001
0.353271 0.252197 -1.275513 -1.705053 0.654347 -1.844371
0.284790 0.239868 -1.233643 -1.934798 0.627053 -1.794055
0.224487 0.218384 -1.163940 -2.151727 0.645803 -1.685591
0.192993 0.205933 -1.072388 -2.301489 0.655297 -1.547221
0.189941 0.191772 -0.976929 -2.382422 0.649126 -1.416209
0.187134 0.183594 -0.890015 -2.405918 0.641293 -1.313679
0.181030 0.186035 -0.815674 -2.368893 0.631800 -1.232745
0.159912 0.196289 -0.773804 -2.296504 0.628477 -1.159645
0.127075 0.224243 -0.765503 -2.234559 0.595249 -1.073965
0.075439 0.245483 -0.741943 -2.226964 0.539000 -0.968586
0.052856 0.250244 -0.676270 -2.260191 0.469696 -0.843745
