0.877686 0.121948 0.302612 -0.593825 0.636072 -0.261312
0.828613 0.098389 0.317749 -0.702053 0.717480 -0.384491
0.770630 0.088867 0.386475 -0.766134 0.696119 -0.410599
0.746948 0.107178 0.452637 -0.746198 0.500313 -0.332751
0.764282 0.111816 0.463379 -0.654822 0.307593 -0.184651
0.736328 0.183350 0.412109 -0.646990 0.661230 0.004035
0.699463 0.086426 0.578735 -0.672622 0.962652 0.258464
0.820679 0.128906 0.666504 -0.561784 0.394222 0.519775
0.943848 0.157227 0.715332 -0.423178 0.308780 0.700866
1.091797 0.178467 0.733276 -0.304270 0.242799 0.802210
1.219482 0.208496 0.730225 -0.261312 0.228084 0.787020
1.300537 0.241577 0.729248 -0.260600 0.250394 0.631088
1.368896 0.239502 0.728638 -0.303321 0.185837 0.370963
1.405273 0.240356 0.776489 -0.397782 0.049841 0.033465
1.413940 0.205078 0.856079 -0.499364 -0.136945 -0.324207
1.413452 0.162720 0.952026 -0.551341 -0.390187 -0.666214
1.430298 0.131958 1.043701 -0.559411 -0.662891 -0.978791
1.443848 0.098145 1.129517 -0.519301 -0.882668 -1.267872
1.447021 0.065552 1.192993 -0.429823 -1.030294 -1.545323
1.417847 0.030884 1.235474 -0.297862 -1.094376 -1.814229
1.356689 -0.000977 1.248779 -0.129350 -1.092715 -2.051332
1.292358 -0.027954 1.238647 0.067879 -1.079424 -2.229100
1.225830 -0.049194 1.225220 0.301897 -1.023174 -2.371979
1.151001 -0.060425 1.202026 0.571278 -0.920406 -2.505601
1.054077 -0.069702 1.165894 0.885042 -0.829504 -2.609556
0.944214 -0.058472 1.115723 1.217318 -0.827843 -2.682183
0.852539 -0.054688 1.043457 1.536304 -0.915896 -2.719682
0.762939 -0.062622 0.954834 1.815891 -0.983538 -2.724904
0.675293 -0.057861 0.877808 2.048009 -0.990184 -2.688828
0.591675 -0.051147 0.811279 2.237882 -0.960754 -2.612642
0.525513 -0.064941 0.748901 2.409241 -0.924678 -2.513908
0.445557 -0.077637 0.687866 2.584636 -0.855374 -2.396899
0.353271 -0.081421 0.638062 2.759318 -0.765897 -2.255445
0.259399 -0.081177 0.556396 2.938747 -0.715106 -2.083848
0.164673 -0.058228 0.476563 3.102512 -0.665027 -1.858137
0.106079 -0.033569 0.401123 3.219521 -0.665977 -1.594927
0.039063 -0.010254 0.342896 3.320865 -0.741451 -1.338125
-0.007324 0.009399 0.299438 3.457573 -0.857273 -1.100072
-0.040771 0.010864 0.241577 3.629645 -0.963839 -0.861071
-0.068604 -0.014404 0.175781 3.784153 -0.962890 -0.585993
-0.084839 -0.047119 0.119629 3.888583 -0.821435 -0.246597
-0.087036 -0.080078 0.079346 3.946732 -0.612338 0.157357
-0.042358 -0.131836 0.046997 3.995861 -0.412260 0.608540
0.110474 -0.149780 0.029419 4.073471 -0.227135 1.072303
0.129517 -0.178101 -0.023193 4.182173 -0.034414 1.520877
0.244629 -0.198975 -0.085815 4.289451 -0.008070 1.901333
0.368652 -0.229736 -0.139160 4.370859 -0.056962 2.176173
0.453491 -0.253418 -0.187988 4.436127 0.001424 2.388355
0.509155 -0.295654 -0.219238 4.489529 0.124841 2.570395
0.559937 -0.333496 -0.257202 4.612234 0.125316 2.698322
0.619995 -0.353882 -0.298950 4.825128 -0.138132 2.778543
0.697021 -0.416748 -0.374146 5.095696 -0.594300 2.823163
0.800903 -0.442749 -0.506104 5.366501 -1.064708 2.828147
0.955200 -0.382446 -0.695557 5.572275 -1.579262 2.728939
1.026855 -0.395264 -0.904053 5.641341 -2.137961 2.459557
1.195557 -0.337036 -1.155396 5.566816 -2.637563 2.100461
1.330322 -0.245850 -1.343018 5.235964 -2.911216 1.712173
1.363892 -0.197754 -1.486572 4.663499 -2.968415 1.315340
1.437134 -0.237915 -1.582642 3.927982 -2.568971 0.981877
1.410645 -0.256958 -1.554321 3.128382 -1.634088 0.732195
1.462646 -0.261230 -1.536011 2.425143 -0.606167 0.590740
1.472778 -0.251221 -1.521729 1.870004 0.126740 0.442165
1.453369 -0.232544 -1.498413 1.428551 0.433858 0.257752
1.446289 -0.234375 -1.488403 1.065895 0.358858 0.083069
1.465820 -0.231323 -1.477783 0.755929 0.157357 -0.081408
1.470337 -0.241333 -1.476196 0.483225 0.008544 -0.298574
1.465820 -0.228149 -1.471436 0.240426 -0.112499 -0.579348
1.463013 -0.210327 -1.480957 -0.009019 -0.211708 -0.888127
1.411011 -0.215820 -1.494751 -0.293115 -0.286707 -1.184803
1.322754 -0.237549 -1.485107 -0.611151 -0.213369 -1.413836
1.245117 -0.265625 -1.495728 -0.938206 -0.037974 -1.494294
1.206299 -0.253784 -1.474609 -1.284486 0.270093 -1.444928
1.208984 -0.233276 -1.431152 -1.637173 0.571515 -1.377523
1.206421 -0.222168 -1.358154 -1.961617 0.795565 -1.373013
1.180786 -0.192993 -1.270996 -2.251410 0.948412 -1.431162
1.129395 -0.181152 -1.189941 -2.522215 1.057351 -1.512095
1.102905 -0.193848 -1.113892 -2.775457 1.130452 -1.569769
1.108154 -0.196655 -1.039917 -2.991674 1.173173 -1.605370
1.100464 -0.218262 -0.979614 -3.155914 1.211147 -1.652126
1.095703 -0.205444 -0.919800 -3.290960 1.205214 -1.726176
1.061401 -0.205933 -0.859863 -3.436450 1.162967 -1.815179
0.991455 -0.175049 -0.774902 -3.613269 1.175546 -1.888517
1.034912 -0.253906 -0.733032 -3.855356 1.222065 -1.841998
0.845947 -0.365967 -0.588135 -3.988741 1.766524 -1.804498
0.807251 -0.279663 -0.461426 -4.031699 2.274669 -1.737568
0.768433 -0.241943 -0.357666 -3.960735 2.335666 -1.714309
0.753784 -0.209717 -0.286133 -3.838030 2.272533 -1.685828
0.732178 -0.169556 -0.217773 -3.690404 2.082661 -1.706002
0.691772 -0.133423 -0.186035 -3.511450 1.758929 -1.746825
0.642456 -0.099243 -0.171143 -3.338428 1.431399 -1.754657
0.639771 -0.055054 -0.168457 -3.191040 1.199518 -1.708613
0.628906 0.011719 -0.171143 -3.089933 1.038601 -1.664942
0.600098 0.044067 -0.152100 -3.061927 0.966450 -1.675148
0.545532 0.052002 -0.114746 -3.096341 0.930611 -1.700781
0.493408 0.056519 -0.066528 -3.166594 0.949836 -1.678945
0.427124 0.057983 -0.019043 -3.224980 1.036228 -1.602284
0.359497 0.094971 0.010986 -3.253698 1.116686 -1.455133
0.347290 0.141846 0.054443 -3.261530 1.166765 -1.256954
0.357300 0.189453 0.127686 -3.254885 1.194534 -1.080610
0.362915 0.228882 0.207275 -3.224268 1.155847 -0.970722
0.363159 0.259033 0.262085 -3.196736 1.052604 -0.881244
0.393555 0.258667 0.305542 -3.199110 1.011070 -0.756641
0.451172 0.260864 0.332031 -3.211214 1.069218 -0.625392
0.464233 0.259521 0.364990 -3.223081 1.158221 -0.580060
0.434692 0.252686 0.433838 -3.233999 1.177208 -0.646752
0.369751 0.259155 0.520996 -3.233524 1.097224 -0.759489
0.305298 0.258179 0.611694 -3.207654 0.983301 -0.822621
0.258545 0.233398 0.685547 -3.154252 0.865817 -0.793666
0.254028 0.225830 0.760864 -3.082576 0.808856 -0.662179
0.248047 0.239380 0.840942 -2.980994 0.869615 -0.489158
0.193604 0.244141 0.906128 -2.865647 1.030057 -0.301659
0.152954 0.220947 0.918213 -2.745315 1.294217 -0.061471
0.141846 0.218018 0.889282 -2.617151 1.565497 0.182515
0.122192 0.221436 0.884277 -2.476883 1.657110 0.327055
0.145020 0.273071 0.880371 -2.316204 1.379422 0.352450
0.209595 0.317749 0.895508 -2.168341 0.991608 0.239002
0.270996 0.291260 0.950928 -2.060351 0.690898 0.076424
0.287354 0.286011 1.010742 -1.952836 0.414633 -0.054588
0.297119 0.240845 1.060181 -1.843185 0.180141 -0.096360
0.312378 0.208862 1.115479 -1.714309 0.096360 -0.069303
0.329468 0.197510 1.154175 -1.537016 0.058860 0.023971
0.361938 0.195557 1.167725 -1.308457 -0.001187 0.149050
0.416382 0.206909 1.154175 -1.069693 -0.071914 0.259888
0.450806 0.228027 1.121704 -0.852052 -0.091613 0.331564
0.470337 0.268188 1.076904 -0.678319 -0.060522 0.387102
0.510498 0.290527 1.047485 -0.551104 -0.002373 0.437181
0.555542 0.298706 1.028198 -0.444776 0.024446 0.458067
0.609009 0.314087 0.994385 -0.338685 0.004272 0.419143
0.617920 0.339355 0.940430 -0.246597 -0.057911 0.294777
0.595459 0.336426 0.889526 -0.207673 -0.144540 0.136945
0.562378 0.334595 0.858032 -0.204113 -0.227847 0.014715
0.529175 0.332031 0.854126 -0.220489 -0.244698 -0.056487
0.509399 0.320068 0.875000 -0.228321 -0.260837 -0.077848
0.498657 0.309082 0.888550 -0.206723 -0.279824 -0.040585
0.508179 0.309448 0.881958 -0.158781 -0.271280 0.037737
0.524658 0.314575 0.868408 -0.102056 -0.241850 0.133148
0.554443 0.317749 0.830811 -0.065269 -0.207673 0.234730
0.588379 0.338379 0.804443 -0.067879 -0.140980 0.329666
0.629150 0.349731 0.791382 -0.095173 -0.049604 0.394697
0.672485 0.354858 0.785034 -0.130537 -0.001424 0.416770
0.708740 0.353516 0.793213 -0.168037 -0.000712 0.399444
0.737793 0.352539 0.812866 -0.196043 0.023259 0.340346
0.741089 0.345825 0.838379 -0.195094 0.035126 0.243511
0.739258 0.338135 0.826172 -0.174920 -0.012816 0.146202
0.718140 0.333130 0.802490 -0.169461 -0.038686 0.071677
0.702515 0.314941 0.800781 -0.188448 -0.021835 0.018038
0.697388 0.305908 0.803467 -0.202926 -0.023022 -0.024921
0.693848 0.296387 0.815552 -0.206961 -0.053164 -0.056962
0.684448 0.281616 0.828491 -0.198416 -0.076424 -0.092563
0.665771 0.263428 0.839478 -0.172072 -0.104667 -0.122942
