1.229004 0.209351 -0.019653 -0.371438 0.616847 -0.121281
1.232788 0.206665 0.000488 -0.530930 1.232033 -0.224761
1.197876 0.196777 0.085815 -0.700154 1.596588 -0.332276
1.188599 0.197144 0.168701 -0.824520 1.641683 -0.444538
1.236694 0.236328 0.242554 -0.871988 1.420719 -0.470408
1.294800 0.208984 0.343018 -0.813840 1.180531 -0.324919
1.362549 0.299683 0.467896 -0.717242 0.889314 -0.123417
1.368896 0.202393 0.531494 -0.639869 0.622069 -0.011630
1.387207 0.230103 0.597046 -0.567481 0.581721 -0.093037
1.404175 0.161133 0.612305 -0.426738 0.491769 -0.176581
1.414063 0.109741 0.644165 -0.270805 0.292166 -0.228559
1.412476 0.107422 0.708374 -0.132673 0.021361 -0.271280
1.416870 0.104614 0.756592 0.005459 -0.250869 -0.326343
1.415283 0.089966 0.800781 0.124604 -0.415345 -0.416770
1.383667 0.106567 0.833008 0.233068 -0.443589 -0.554902
1.291748 0.104614 0.820557 0.336549 -0.301659 -0.712258
1.181519 0.083130 0.783203 0.439554 -0.083781 -0.841609
1.088623 0.046997 0.772705 0.540186 -0.047943 -0.954345
1.014160 0.054199 0.745483 0.646515 -0.140268 -1.040500
0.903442 0.044434 0.702271 0.776340 -0.298811 -1.066370
0.830200 0.077637 0.678223 0.929662 -0.614711 -1.001101
0.744019 0.062134 0.618164 1.039788 -0.545408 -0.962890
0.637207 0.068359 0.588867 1.158458 -0.583382 -0.952209
0.515137 0.076782 0.521240 1.285198 -0.563920 -0.929187
0.354736 0.046021 0.463745 1.355925 -0.400868 -0.846593
0.167847 0.050903 0.390381 1.396510 -0.282672 -0.691847
0.031494 0.020142 0.324829 1.402444 -0.198891 -0.483462
-0.044434 -0.007935 0.283081 1.407191 -0.252293 -0.256328
-0.051392 -0.054199 0.263184 1.434485 -0.377846 0.005459
-0.019287 -0.118286 0.225464 1.497617 -0.504823 0.318748
0.068481 -0.154785 0.157227 1.633851 -0.599759 0.685439
0.155518 -0.161621 0.068970 1.825621 -0.686388 1.018902
0.215698 -0.166504 -0.049561 2.009323 -0.756878 1.241290
0.285278 -0.142700 -0.175049 2.135113 -0.804821 1.368741
0.375610 -0.120728 -0.276245 2.185904 -0.889077 1.479579
0.462402 -0.107300 -0.345825 2.158847 -0.991133 1.598487
0.533447 -0.093872 -0.379272 2.064148 -1.082746 1.681793
0.548096 -0.077637 -0.399414 1.963991 -1.135199 1.727837
0.572754 -0.102661 -0.421631 1.905368 -1.212572 1.777679
0.648071 -0.087402 -0.436890 1.924830 -1.448250 1.783850
0.682007 -0.172485 -0.438721 2.001965 -1.673724 1.711698
0.745605 -0.250854 -0.410889 2.132265 -2.039702 1.724989
0.854126 -0.305786 -0.391602 2.332106 -2.443181 1.851492
1.018311 -0.364136 -0.463501 2.610743 -2.588196 1.952361
1.229980 -0.416504 -0.644165 2.923558 -2.964143 2.087170
1.498657 -0.425781 -0.882690 3.130756 -3.236135 2.252359
1.778564 -0.325439 -1.082275 3.160898 -3.196262 2.311220
2.008179 -0.237549 -1.202026 2.999506 -2.931627 2.135588
2.061035 -0.225098 -1.259399 2.650616 -2.361536 1.716208
2.016357 -0.258789 -1.231689 2.219132 -1.852916 1.220404
1.941162 -0.252075 -1.212646 1.837014 -1.582585 0.751419
1.853394 -0.305298 -1.161987 1.492158 -1.420007 0.332039
1.779053 -0.398560 -1.069946 1.180531 -1.286859 0.012104
1.725952 -0.444092 -1.032837 1.004661 -1.171274 -0.175157
1.701904 -0.435669 -1.056519 0.961940 -1.013680 -0.267245
1.722168 -0.422363 -1.132935 0.898333 -0.700154 -0.359808
1.721069 -0.387939 -1.185913 0.731720 -0.327767 -0.492718
1.705078 -0.342529 -1.195923 0.498889 -0.009256 -0.663603
1.662354 -0.311279 -1.170288 0.258226 0.234730 -0.882194
1.582153 -0.295532 -1.142822 0.021598 0.447386 -1.126417
1.499023 -0.284302 -1.115967 -0.194144 0.623018 -1.359485
1.403442 -0.289185 -1.092163 -0.403241 0.758540 -1.570006
1.345581 -0.290283 -1.064819 -0.609015 0.887415 -1.750859
1.282227 -0.307129 -1.011475 -0.793191 1.019377 -1.905368
1.240723 -0.323975 -0.954834 -0.922542 1.107192 -2.003864
1.213135 -0.328857 -0.934937 -0.975943 1.173410 -2.041364
1.174194 -0.306274 -0.946045 -0.982114 1.225388 -2.050145
1.100098 -0.285278 -0.977539 -1.010358 1.241052 -2.071269
1.021606 -0.254028 -0.982300 -1.099360 1.187651 -2.112329
0.930176 -0.234619 -0.974243 -1.229423 1.043348 -2.127044
0.831299 -0.221436 -0.948364 -1.387254 0.855137 -2.108056
0.756226 -0.216675 -0.878784 -1.590892 0.845643 -2.043500
0.689331 -0.190186 -0.793457 -1.816840 1.078474 -1.954972
0.614990 -0.178955 -0.720581 -2.005525 1.324121 -1.889941
0.551758 -0.172485 -0.647095 -2.130604 1.433773 -1.854340
0.497681 -0.144653 -0.576416 -2.193736 1.355450 -1.784799
0.442139 -0.124268 -0.520020 -2.230524 1.297302 -1.685591
0.390625 -0.094360 -0.475342 -2.281790 1.382033 -1.588993
0.319946 -0.061523 -0.436401 -2.320713 1.412412 -1.484563
0.271606 -0.034912 -0.380493 -2.379811 1.440655 -1.360672
0.222046 -0.017090 -0.302979 -2.458133 1.473883 -1.205689
0.175171 0.015991 -0.226807 -2.530285 1.499516 -1.047857
0.147827 0.036987 -0.147095 -2.572531 1.479105 -0.880532
0.144897 0.068481 -0.064453 -2.553307 1.349042 -0.695882
0.146484 0.107544 -0.003540 -2.484715 1.152287 -0.503873
0.184814 0.148682 0.065796 -2.428466 1.012731 -0.320172
0.231689 0.176147 0.144165 -2.366520 0.851577 -0.163527
0.261719 0.199219 0.198364 -2.279891 0.697068 -0.034177
0.305420 0.203979 0.253174 -2.202281 0.574838 0.089477
0.356079 0.208252 0.306519 -2.135825 0.453320 0.217878
0.422852 0.215454 0.371826 -2.081712 0.373574 0.367165
0.506714 0.228760 0.445190 -2.014544 0.296438 0.515740
0.596680 0.237549 0.505981 -1.911776 0.220014 0.640344
0.695435 0.246948 0.566772 -1.782188 0.146676 0.735280
0.787231 0.238037 0.602905 -1.625306 0.060996 0.777052
0.866699 0.221924 0.606689 -1.450624 0.000475 0.782511
0.947021 0.207520 0.619141 -1.290419 -0.025870 0.783460
1.022095 0.211670 0.627319 -1.141844 -0.079746 0.771119
1.086792 0.226807 0.620728 -1.003475 -0.143828 0.735518
1.139282 0.233521 0.610352 -0.887178 -0.167562 0.660993
1.169678 0.240601 0.598145 -0.791292 -0.122230 0.562259
1.181641 0.238892 0.565918 -0.707749 -0.084256 0.442402
1.163696 0.215942 0.539917 -0.649838 -0.032278 0.309966
1.162842 0.212769 0.520264 -0.589079 -0.099683 0.206249
1.155273 0.210815 0.502441 -0.530218 -0.140980 0.121993
1.134888 0.214111 0.486572 -0.470408 -0.155458 0.070965
1.121704 0.223022 0.469360 -0.399918 -0.161154 0.041297
1.108398 0.233521 0.441040 -0.318036 -0.167562 0.015427
1.097900 0.242554 0.415405 -0.242087 -0.155695 -0.014715
1.096069 0.245850 0.392700 -0.172784 -0.142642 -0.039636
1.092285 0.251709 0.368286 -0.122942 -0.095411 -0.047468
1.087036 0.266602 0.333374 -0.094699 0.002611 -0.047468
1.074097 0.261475 0.322510 -0.106328 0.160917 -0.044620
1.055908 0.258423 0.315308 -0.121518 0.299998 -0.053402
1.039307 0.253052 0.313599 -0.124841 0.358146 -0.070965
1.035400 0.239746 0.321045 -0.120569 0.360995 -0.083544
1.041870 0.229004 0.321167 -0.097784 0.369776 -0.084968
1.045776 0.227661 0.308472 -0.069541 0.415820 -0.091851
1.043945 0.224976 0.297485 -0.044383 0.455456 -0.115347
1.030151 0.214966 0.299683 -0.023259 0.463051 -0.149050
1.009521 0.214355 0.286621 0.010918 0.407513 -0.179429
0.985718 0.209106 0.266357 0.042484 0.339397 -0.187499
0.975830 0.208008 0.268311 0.064082 0.265109 -0.179192
0.977295 0.209839 0.253540 0.084493 0.200790 -0.154509
0.982666 0.216797 0.256226 0.087579 0.171360 -0.117246
0.982178 0.219971 0.256836 0.091613 0.151898 -0.088053
0.983398 0.237549 0.252808 0.105379 0.145727 -0.066930
0.979126 0.234253 0.231812 0.121281 0.116059 -0.065506
0.978149 0.235596 0.224731 0.122942 0.057199 -0.077610
0.987305 0.241943 0.218628 0.131012 -0.039636 -0.083306
0.999878 0.249023 0.212402 0.149762 -0.148338 -0.090664
0.996216 0.258423 0.203857 0.166850 -0.232831 -0.107278
0.995972 0.266602 0.192749 0.176819 -0.276264 -0.130062
0.986328 0.270020 0.186890 0.184413 -0.287419 -0.145490
0.971680 0.273682 0.177612 0.200553 -0.321121 -0.160679
0.963867 0.274414 0.154053 0.216217 -0.361707 -0.169461
0.947388 0.276001 0.136475 0.212894 -0.390899 -0.163527
0.945801 0.273682 0.123291 0.182277 -0.386153 -0.142167
0.949219 0.271118 0.116821 0.142404 -0.357909 -0.115347
0.960449 0.271240 0.127686 0.103480 -0.329428 -0.093037
0.969604 0.266357 0.142578 0.074050 -0.315663 -0.072626
0.974976 0.271606 0.136353 0.065269 -0.290505 -0.057911
0.972168 0.272095 0.136353 0.038686 -0.202926 -0.057436
0.960449 0.265869 0.129150 0.003797 -0.121518 -0.061708
0.953003 0.261108 0.131714 -0.013766 -0.091376 -0.066693
0.961548 0.264160 0.140625 -0.021835 -0.088528 -0.066455
0.969482 0.264038 0.148438 -0.022547 -0.089477 -0.055300
0.961914 0.264160 0.151001 -0.018038 -0.045332 -0.035364
0.959351 0.266846 0.149414 -0.012342 0.041060 -0.012579
0.953125 0.270508 0.155762 -0.002611 0.097310 -0.000237
