1.227417 0.224365 0.630981 -0.307356 0.741451 -0.660043
1.107788 0.206543 0.706299 -0.270093 0.438368 -0.713208
1.213501 0.060059 0.730347 -0.135996 -0.143828 -0.718666
1.198975 0.148926 0.755981 -0.019937 -0.178005 -0.883143
1.209595 0.007690 0.838135 0.143116 -0.148100 -1.073727
1.167725 -0.027710 0.902344 0.253717 -0.327055 -0.886703
1.120361 -0.009766 0.937622 0.378083 -0.577449 -0.670724
1.061768 0.032104 0.964233 0.567243 -0.819061 -0.609490
1.003906 0.045166 0.990601 0.786546 -1.127604 -0.626104
0.941650 0.091797 0.970947 0.986149 -1.258378 -0.679031
0.864746 0.123047 0.907593 1.100310 -1.089392 -0.749521
0.732178 0.090088 0.841309 1.118585 -0.884567 -0.787495
0.640747 0.049927 0.838379 1.161069 -1.324834 -0.776340
0.605469 0.036987 0.757324 1.236780 -1.374200 -0.706087
0.588379 0.026001 0.706421 1.370165 -1.372776 -0.584094
0.549927 0.055908 0.637451 1.549120 -1.412175 -0.457117
0.551270 0.080688 0.564087 1.679183 -1.362571 -0.422940
0.511353 0.080688 0.435303 1.748249 -1.186227 -0.425076
0.448486 0.059937 0.315918 1.742552 -0.876735 -0.383779
0.388916 0.037964 0.253174 1.702204 -0.562259 -0.276739
0.357056 0.026855 0.192383 1.691050 -0.405615 -0.154746
0.314087 0.013794 0.115112 1.720717 -0.367403 -0.061708
0.274170 -0.023193 0.042236 1.776255 -0.338210 0.051503
0.250122 -0.031860 -0.041626 1.855764 -0.332276 0.224287
0.213379 -0.024048 -0.151733 1.953073 -0.379270 0.447386
0.195435 -0.026978 -0.248047 2.023801 -0.472070 0.677132
0.195313 -0.012085 -0.340942 2.055604 -0.632512 0.907352
0.255859 0.005371 -0.419800 2.053705 -0.832590 1.168189
0.332520 0.023560 -0.480103 2.026649 -1.034566 1.407903
0.402954 0.013794 -0.519409 1.978943 -1.193822 1.574990
0.458740 -0.002197 -0.580322 1.907504 -1.295403 1.737806
0.546753 -0.025513 -0.576172 1.860985 -1.449912 1.895162
0.609131 -0.106323 -0.597900 1.906317 -1.679420 1.951649
0.723389 -0.122437 -0.588013 2.044449 -2.113990 2.093341
0.876343 -0.169556 -0.577759 2.213435 -2.360112 2.223878
1.042236 -0.212891 -0.658447 2.407817 -2.396425 2.313830
1.245728 -0.182739 -0.817017 2.560427 -2.596977 2.425143
1.402588 -0.158081 -0.954346 2.535506 -2.646344 2.402596
1.522217 -0.140015 -1.054810 2.309796 -2.354653 2.230287
1.607910 -0.147705 -1.122070 1.970162 -2.006712 1.943105
1.690796 -0.140991 -1.143921 1.604420 -1.775780 1.606556
1.760620 -0.147705 -1.121216 1.250071 -1.668740 1.270957
1.822998 -0.153076 -1.052246 0.945326 -1.586145 0.951497
1.827637 -0.197510 -0.973633 0.639157 -1.263600 0.654347
1.765869 -0.249268 -0.913208 0.419143 -0.815501 0.395646
1.750366 -0.287964 -0.883545 0.319697 -0.400393 0.218828
1.750122 -0.312866 -0.846802 0.268195 -0.105379 0.059335
1.737671 -0.345459 -0.842041 0.282198 0.052927 -0.084018
1.747314 -0.346802 -0.850342 0.324207 0.160205 -0.187499
1.775391 -0.338745 -0.867065 0.340109 0.268907 -0.280774
1.789673 -0.327881 -0.890869 0.320647 0.417956 -0.417244
1.774414 -0.314941 -0.918335 0.247309 0.674758 -0.589553
1.736694 -0.305298 -0.925903 0.133148 0.892399 -0.783935
1.683594 -0.312012 -0.926880 0.004984 1.063285 -0.983775
1.628906 -0.313232 -0.909912 -0.114635 1.162018 -1.156559
1.566162 -0.312378 -0.881348 -0.217641 1.205451 -1.294691
1.510376 -0.301880 -0.859375 -0.291929 1.231084 -1.418820
1.437256 -0.288940 -0.836792 -0.355061 1.276653 -1.538202
1.328735 -0.276123 -0.852051 -0.418906 1.347381 -1.634088
1.225830 -0.257324 -0.857300 -0.508858 1.389153 -1.704103
1.145996 -0.235352 -0.844238 -0.633936 1.398884 -1.747774
1.078613 -0.204834 -0.799561 -0.767084 1.386542 -1.794055
1.001099 -0.184448 -0.763306 -0.907115 1.396985 -1.853153
0.922607 -0.156372 -0.704590 -1.028633 1.433298 -1.906792
0.819214 -0.126221 -0.671753 -1.125942 1.473171 -1.958057
0.697632 -0.106445 -0.644775 -1.222777 1.427364 -1.979655
0.609009 -0.073608 -0.579468 -1.345719 1.351890 -1.946665
0.526611 -0.038818 -0.520386 -1.483614 1.308457 -1.881871
0.457397 -0.011108 -0.444336 -1.621746 1.285198 -1.813280
0.376099 0.005859 -0.350098 -1.754657 1.223252 -1.728075
0.286865 0.031982 -0.277222 -1.858849 1.135436 -1.610829
0.226318 0.031616 -0.183105 -1.926254 1.063759 -1.457032
0.218262 0.071411 -0.080811 -1.947377 0.960516 -1.291843
0.225586 0.097046 0.000000 -1.915336 0.798650 -1.100072
0.251343 0.125244 0.071655 -1.836776 0.578161 -0.911861
0.285767 0.147949 0.119385 -1.739704 0.427687 -0.748097
0.332764 0.175171 0.154297 -1.623882 0.306881 -0.596673
0.389526 0.213379 0.164673 -1.494057 0.209571 -0.453795
0.445679 0.244751 0.167969 -1.391051 0.131724 -0.330615
0.502319 0.274658 0.172119 -1.330767 0.070015 -0.228321
0.542847 0.298706 0.190063 -1.319849 0.068591 -0.145490
0.560913 0.299072 0.207031 -1.347855 0.141217 -0.071914
0.584839 0.296997 0.245239 -1.387729 0.220726 -0.010680
0.626343 0.312988 0.288208 -1.411463 0.253954 0.053639
0.666870 0.279297 0.347412 -1.419770 0.265346 0.108939
0.705566 0.279175 0.401489 -1.398172 0.259176 0.137420
0.738281 0.265381 0.433838 -1.316289 0.188448 0.160205
0.771973 0.256592 0.469849 -1.218030 0.116771 0.191771
0.817383 0.251465 0.487061 -1.105531 0.059335 0.223100
0.870605 0.262207 0.490479 -0.957905 0.006646 0.240663
0.917603 0.262207 0.475952 -0.802447 -0.056962 0.248495
0.967529 0.270386 0.463623 -0.666214 -0.097547 0.259888
1.020752 0.286987 0.419556 -0.536152 -0.138607 0.260125
1.058594 0.290649 0.395996 -0.459016 -0.074762 0.238764
1.091431 0.302612 0.364136 -0.389950 -0.034889 0.201502
1.101685 0.304932 0.315796 -0.326106 -0.009019 0.135759
1.082275 0.311401 0.275757 -0.296675 0.023734 0.057199
1.058472 0.311523 0.243896 -0.306406 0.051740 0.002848
1.043701 0.324219 0.219971 -0.326818 0.046281 -0.035364
1.043823 0.341919 0.215088 -0.354349 0.018275 -0.060996
1.049805 0.345825 0.219116 -0.396833 0.003085 -0.087816
1.032715 0.341553 0.231934 -0.429349 0.011630 -0.123892
0.996826 0.319580 0.240479 -0.454507 0.080933 -0.142879
0.968994 0.302002 0.255249 -0.477291 0.160917 -0.131012
0.972778 0.304443 0.274170 -0.473019 0.180141 -0.108939
0.965576 0.283081 0.295654 -0.454269 0.169698 -0.100870
0.957520 0.266479 0.298828 -0.402292 0.141929 -0.086392
0.958740 0.261841 0.285400 -0.334412 0.135759 -0.052452
0.961914 0.253296 0.275635 -0.291217 0.165426 -0.009256
0.961670 0.250488 0.262207 -0.253954 0.192720 0.024446
0.966309 0.255981 0.250488 -0.217404 0.187499 0.028718
0.970825 0.261475 0.247437 -0.201502 0.158069 0.016139
0.973877 0.256104 0.249756 -0.185837 0.076424 -0.003797
0.973633 0.254883 0.244995 -0.164239 0.011392 -0.008782
0.973633 0.257813 0.230713 -0.142879 -0.014240 -0.002848
0.975342 0.256714 0.223999 -0.132436 -0.017801 -0.001187
0.975464 0.256226 0.220093 -0.126028 -0.027294 -0.003797
0.972290 0.253662 0.226440 -0.114635 -0.069778 -0.015190
0.976440 0.257080 0.214600 -0.079746 -0.148100 -0.025870
0.969971 0.250732 0.204956 -0.050079 -0.188923 -0.036076
0.967651 0.256348 0.192993 -0.022310 -0.196992 -0.019699
0.969116 0.258545 0.180298 -0.006646 -0.157357 0.011392
0.973145 0.260254 0.173218 0.001661 -0.113449 0.031092
0.975220 0.258057 0.161621 0.015427 -0.094699 0.050316
0.987061 0.262207 0.144775 0.031092 -0.093037 0.063133
0.990112 0.261353 0.141968 0.043433 -0.099683 0.061471
0.983521 0.270630 0.130615 0.050079 -0.102768 0.059810
0.993652 0.271240 0.118652 0.042247 -0.082832 0.060759
1.004883 0.272339 0.127686 0.019225 -0.056012 0.055538
1.011108 0.267822 0.127563 0.017563 -0.056487 0.050316
1.007813 0.265381 0.119019 0.023497 -0.056012 0.043433
1.003906 0.267090 0.113281 0.023971 -0.043196 0.042959
1.000488 0.269775 0.103638 0.023259 -0.025870 0.050791
0.999756 0.272705 0.101685 0.014478 -0.011630 0.049841
0.991699 0.276489 0.097534 -0.000949 0.006883 0.042959
0.986450 0.274780 0.091064 -0.017326 0.009494 0.036550
0.984497 0.272949 0.098511 -0.038449 0.007120 0.036550
0.985596 0.271362 0.104370 -0.055538 0.001661 0.039161
0.986084 0.264160 0.113159 -0.065981 0.001661 0.036313
0.984131 0.259644 0.119385 -0.064319 -0.016376 0.037500
0.982666 0.257080 0.124878 -0.063133 -0.024446 0.047231
0.986084 0.246704 0.125854 -0.066693 -0.000949 0.065981
0.994873 0.248779 0.125244 -0.058386 0.018275 0.084968
1.009155 0.249390 0.121338 -0.041060 -0.003323 0.091376
1.029907 0.253052 0.108154 -0.025870 -0.034414 0.089240
1.039307 0.257202 0.106445 -0.028243 -0.025395 0.084968
1.042725 0.258057 0.102539 -0.040111 -0.003085 0.068591
1.034546 0.253540 0.101685 -0.048655 -0.004509 0.039161
1.026367 0.249756 0.103027 -0.051266 -0.024921 0.019462
1.014648 0.242554 0.095337 -0.058148 -0.056250 0.017563
