1.137451 0.146362 -0.062622 -0.747622 0.385441 0.161629
1.145142 0.104614 -0.021240 -0.862732 0.472545 0.182277
1.175781 0.101074 0.025146 -0.912099 0.495329 0.201739
1.098755 0.169678 0.108521 -0.886466 0.414396 0.201265
1.283447 0.023926 0.178711 -0.785834 0.239951 0.306169
1.328979 0.047974 0.234863 -0.668350 0.300473 0.301422
1.369873 0.038452 0.264404 -0.515028 0.409412 0.284334
1.418091 0.062744 0.282593 -0.388763 0.482987 0.298337
1.467407 0.105957 0.304077 -0.335836 0.598810 0.291691
1.519287 0.134888 0.334473 -0.342482 0.660043 0.236154
1.582642 0.142456 0.373169 -0.374998 0.670249 0.109177
1.584839 0.129150 0.438232 -0.420804 0.755454 -0.074288
1.578247 0.111206 0.511719 -0.432197 0.677132 -0.299049
1.546021 0.090576 0.577881 -0.392323 0.501025 -0.529269
1.514282 0.082275 0.632202 -0.307830 0.284571 -0.735280
1.476807 0.076538 0.678589 -0.185600 0.058860 -0.933697
1.435181 0.073853 0.714233 -0.021835 -0.129350 -1.129740
1.386108 0.078613 0.719604 0.179192 -0.262024 -1.311305
1.307983 0.068604 0.691772 0.382118 -0.339634 -1.469136
1.212402 0.063232 0.639160 0.549205 -0.385203 -1.577363
1.138672 0.055176 0.623169 0.662654 -0.361232 -1.616050
1.049438 0.034912 0.595215 0.744536 -0.279112 -1.592079
0.981812 0.044312 0.553955 0.840422 -0.354112 -1.559088
0.884277 0.018433 0.516479 0.925627 -0.254191 -1.560987
0.781982 0.004883 0.484131 1.031718 -0.172309 -1.536778
0.663208 -0.029175 0.422974 1.155373 -0.186312 -1.489548
0.564941 -0.042480 0.368042 1.287334 -0.279587 -1.387491
0.480957 -0.036987 0.314941 1.424754 -0.363605 -1.216132
0.350830 -0.067383 0.217529 1.548645 -0.379270 -0.957431
0.257935 -0.047729 0.137573 1.632664 -0.272229 -0.679031
0.205322 -0.014771 0.036865 1.707901 -0.201502 -0.410124
0.148560 0.010498 -0.078491 1.730685 -0.126028 -0.111313
0.073608 0.023926 -0.167847 1.690100 -0.043433 0.156170
0.031372 0.038940 -0.217773 1.608218 -0.033465 0.341295
0.041260 0.045044 -0.237427 1.492396 -0.221913 0.449760
0.073975 0.020386 -0.233276 1.384881 -0.590740 0.511231
0.108276 -0.022461 -0.199585 1.338125 -0.999677 0.565582
0.133911 -0.076782 -0.173096 1.366368 -1.288758 0.662654
0.162720 -0.123657 -0.181152 1.449200 -1.499753 0.818824
0.234863 -0.148926 -0.206177 1.592316 -1.757030 1.011070
0.326538 -0.235352 -0.289795 1.795242 -2.046585 1.249122
0.463745 -0.204956 -0.385132 2.064861 -2.263040 1.516130
0.563599 -0.180176 -0.534912 2.305049 -2.324748 1.765574
0.693115 -0.090698 -0.664795 2.418972 -2.212486 1.920795
0.773315 -0.133667 -0.783569 2.356314 -2.010509 1.928390
0.908936 -0.122681 -0.863647 2.263277 -2.197059 1.919608
1.063110 -0.096313 -0.954468 2.231473 -2.843337 1.857188
1.224121 -0.078857 -1.059326 2.208214 -3.397289 1.701255
1.367676 -0.065186 -1.158203 2.054655 -3.310897 1.540338
1.476440 -0.059570 -1.227905 1.844371 -2.980994 1.348805
1.537842 -0.088013 -1.251099 1.687727 -2.541677 1.117161
1.599976 -0.104736 -1.280029 1.602522 -2.198483 0.919694
1.655884 -0.089233 -1.333252 1.549832 -2.011696 0.760913
1.710449 -0.072021 -1.386108 1.465814 -1.847932 0.605692
1.722656 -0.064941 -1.423462 1.298251 -1.569294 0.430535
1.709351 -0.059937 -1.443848 1.041212 -1.169613 0.211470
1.705566 -0.091309 -1.428833 0.749758 -0.790818 -0.038924
1.703979 -0.134033 -1.388672 0.489396 -0.539474 -0.263685
1.707031 -0.179321 -1.325684 0.273179 -0.355298 -0.454507
1.708008 -0.201050 -1.246582 0.119382 -0.204113 -0.624680
1.696655 -0.230347 -1.180420 0.031092 -0.014003 -0.787020
1.669922 -0.236328 -1.124878 -0.004984 0.204825 -0.955532
1.620361 -0.230347 -1.104614 0.004984 0.367877 -1.128553
1.570068 -0.227661 -1.097778 0.012342 0.477766 -1.292555
1.518433 -0.209106 -1.087646 -0.029193 0.512655 -1.455608
1.469604 -0.208252 -1.089478 -0.095173 0.418668 -1.630765
1.413574 -0.219482 -1.105103 -0.164002 0.343194 -1.793581
1.372314 -0.181396 -1.149902 -0.244698 0.384254 -1.891602
1.332031 -0.198608 -1.177124 -0.387102 0.551816 -1.941206
1.270874 -0.168579 -1.174683 -0.582196 0.810992 -1.956159
1.200928 -0.166992 -1.164307 -0.763049 0.979266 -1.943817
1.124268 -0.147217 -1.134888 -0.918032 1.101734 -1.921507
1.037964 -0.091919 -1.109619 -1.059012 1.140657 -1.926491
0.960449 -0.063110 -1.073120 -1.227761 1.166053 -1.951174
0.873169 -0.041504 -1.020142 -1.419532 1.210673 -1.979181
0.779053 -0.036255 -0.959106 -1.606082 1.286859 -2.004576
0.676392 -0.024902 -0.902222 -1.759404 1.348093 -2.001728
0.568604 -0.005371 -0.844971 -1.882583 1.413124 -1.947377
0.440918 0.027832 -0.815552 -2.001253 1.493345 -1.844134
0.338989 0.012817 -0.761597 -2.144369 1.601335 -1.699356
0.321777 0.012573 -0.662231 -2.277992 1.589705 -1.548408
0.342896 0.037598 -0.555054 -2.358213 1.450624 -1.392001
0.316895 0.065552 -0.470947 -2.398324 1.347143 -1.256480
0.265869 0.079956 -0.398560 -2.428703 1.322697 -1.130452
0.214111 0.096924 -0.332031 -2.471662 1.377998 -1.017715
0.178955 0.110474 -0.247681 -2.499905 1.425703 -0.905453
0.147583 0.117920 -0.171509 -2.491124 1.376099 -0.814077
0.137329 0.138306 -0.110474 -2.445554 1.250071 -0.724363
0.140259 0.177368 -0.066528 -2.380760 1.135673 -0.603082
0.132935 0.201904 -0.002319 -2.306710 1.091053 -0.454507
0.160522 0.208984 0.052002 -2.188040 0.994218 -0.304745
0.196289 0.232300 0.082764 -2.026649 0.832115 -0.164477
0.239136 0.266357 0.104614 -1.853153 0.650550 -0.027294
0.270142 0.296387 0.140503 -1.706477 0.496991 0.077373
0.272827 0.331665 0.138062 -1.592316 0.413684 0.149287
0.295410 0.368896 0.150391 -1.525623 0.407039 0.227135
0.310303 0.402588 0.171387 -1.507111 0.414159 0.303084
0.340576 0.412842 0.195190 -1.512807 0.382593 0.362181
0.381958 0.398438 0.228149 -1.515655 0.238527 0.437655
0.431274 0.384521 0.280273 -1.510196 0.095173 0.577449
0.513428 0.350220 0.333130 -1.479579 -0.001424 0.768745
0.623047 0.308960 0.376221 -1.411463 -0.007120 0.967399
0.724976 0.297852 0.426880 -1.332903 0.109414 1.157034
0.816528 0.284546 0.437744 -1.248647 0.253954 1.332666
0.915649 0.278320 0.463013 -1.173885 0.351738 1.459168
0.999146 0.288574 0.474487 -1.092003 0.315425 1.493345
1.061768 0.353638 0.485840 -0.979029 0.140743 1.432586
1.166016 0.311279 0.477051 -0.832352 -0.165189 1.327919
1.225708 0.289795 0.434937 -0.697780 -0.410599 1.148964
1.271240 0.297485 0.408691 -0.585756 -0.477291 0.931086
1.297241 0.280396 0.375122 -0.524522 -0.414633 0.760913
1.324585 0.259521 0.350464 -0.525471 -0.354824 0.646040
1.334229 0.255005 0.342163 -0.539949 -0.320409 0.540661
1.323486 0.237305 0.331421 -0.525709 -0.288606 0.433146
1.304932 0.232422 0.348022 -0.496753 -0.251106 0.311865
1.268311 0.227295 0.354370 -0.440978 -0.218590 0.169461
1.240479 0.226196 0.360718 -0.323969 -0.256090 0.018275
1.224854 0.239258 0.330688 -0.144066 -0.339397 -0.112974
1.190918 0.266113 0.277710 0.051266 -0.382355 -0.209571
1.163818 0.276245 0.215942 0.211945 -0.220252 -0.296438
1.140381 0.284302 0.202637 0.331564 0.101819 -0.402529
1.096924 0.286621 0.177979 0.397070 0.382830 -0.482513
1.068481 0.285889 0.168579 0.337735 0.499127 -0.483937
1.052124 0.296753 0.161499 0.179192 0.489633 -0.435519
1.043335 0.286499 0.148560 0.041535 0.430061 -0.393748
1.061523 0.284058 0.188477 -0.020174 0.413447 -0.353162
1.065918 0.274414 0.207153 -0.072863 0.381168 -0.259650
1.066284 0.277954 0.241211 -0.126028 0.366928 -0.127452
1.066406 0.289917 0.245605 -0.143591 0.333226 -0.034177
1.060303 0.299194 0.236938 -0.094699 0.312340 -0.026107
1.042236 0.307251 0.216064 -0.009968 0.281248 -0.041297
1.028809 0.310791 0.194336 0.044620 0.216692 -0.051028
1.015015 0.312378 0.167480 0.072863 0.153559 -0.057199
1.017456 0.316040 0.149048 0.090901 0.132911 -0.067879
1.017456 0.320313 0.148193 0.105616 0.129113 -0.063845
1.010620 0.341064 0.130493 0.118670 0.106803 -0.065743
0.997559 0.353638 0.105713 0.118907 0.073813 -0.094224
0.968506 0.345825 0.110596 0.088291 0.062420 -0.120094
0.937744 0.333618 0.117920 0.056012 0.057674 -0.125790
0.914917 0.337280 0.122437 0.061471 0.034177 -0.121993
0.899170 0.337646 0.105103 0.102768 -0.051266 -0.120332
0.898193 0.334961 0.092041 0.145727 -0.172072 -0.110838
0.894043 0.337524 0.067261 0.169461 -0.268432 -0.085917
0.888184 0.337036 0.061890 0.169936 -0.309492 -0.051740
0.887695 0.337158 0.056519 0.160205 -0.330615 -0.017326
0.890381 0.334473 0.054321 0.154746 -0.375710 0.005696
0.907349 0.330200 0.049561 0.153559 -0.428162 0.015902
0.932251 0.334473 0.047729 0.148100 -0.458067 0.013766
0.954712 0.337036 0.036865 0.140505 -0.460678 0.006883
0.970703 0.332275 0.026855 0.125316 -0.425551 0.002848
