1.072266 0.127808 0.200073 -0.695407 0.457355 -0.254429
1.009399 0.119263 0.218018 -0.768745 0.555376 -0.261549
0.995972 0.143311 0.246216 -0.828318 0.568193 -0.190110
0.976563 0.131714 0.265381 -0.888127 0.617797 -0.064082
1.026367 0.147095 0.469360 -0.910912 0.967636 0.050079
1.005615 0.143433 0.324219 -0.849916 0.677607 0.147151
0.965210 0.158203 0.424805 -0.857036 0.757353 0.255615
1.104492 0.197876 0.496216 -0.815264 0.502212 0.412497
1.211792 0.206299 0.523926 -0.720090 0.275077 0.457117
1.292114 0.210205 0.531250 -0.636072 0.075000 0.428162
1.353271 0.229126 0.557007 -0.601895 0.001187 0.326343
1.378052 0.192017 0.594727 -0.607116 -0.001187 0.178717
1.401611 0.138550 0.634155 -0.643430 0.002611 0.031329
1.429688 0.094971 0.702881 -0.723176 0.051503 -0.089952
1.439087 0.070435 0.814453 -0.825707 0.167800 -0.211470
1.431519 0.049927 0.936523 -0.880770 0.294777 -0.367403
1.381348 0.012817 1.041626 -0.821672 0.346042 -0.557987
1.331421 -0.007935 1.111328 -0.618746 0.221438 -0.776815
1.256226 -0.022705 1.134644 -0.307356 -0.032753 -1.013206
1.172485 -0.029785 1.112427 0.049841 -0.313764 -1.254106
1.081787 -0.045044 1.069092 0.402529 -0.597148 -1.475545
0.982788 -0.067749 1.002197 0.711784 -0.846593 -1.638597
0.881836 -0.090820 0.910645 0.958143 -0.998728 -1.733296
0.773682 -0.085327 0.829102 1.152999 -1.064708 -1.752995
0.681641 -0.078979 0.767334 1.306796 -1.060674 -1.710986
0.602539 -0.071655 0.733643 1.455371 -1.061148 -1.638597
0.521606 -0.080933 0.697510 1.614626 -1.099360 -1.550544
0.448853 -0.088745 0.657593 1.795479 -1.149676 -1.437570
0.365356 -0.110962 0.617554 1.996506 -1.189312 -1.296353
0.290771 -0.107788 0.581299 2.210113 -1.244138 -1.126892
0.227295 -0.104492 0.541016 2.418260 -1.269771 -0.920880
0.172119 -0.084961 0.490723 2.621661 -1.263837 -0.695644
0.125854 -0.082275 0.434082 2.815093 -1.213758 -0.466374
0.077515 -0.097534 0.378052 2.970551 -0.909013 -0.211708
-0.010254 -0.135864 0.363647 3.113667 -0.651262 0.045807
-0.081055 -0.130249 0.328857 3.310660 -0.821197 0.314951
-0.101807 -0.186768 0.270264 3.507177 -0.866055 0.637259
-0.146973 -0.264038 0.179321 3.658838 -0.716530 1.042161
-0.179321 -0.320801 0.074341 3.790799 -0.584332 1.518978
-0.146606 -0.386963 -0.052979 3.913029 -0.572465 2.081237
-0.018799 -0.445679 -0.149536 4.007016 -0.607828 2.703306
0.170654 -0.501953 -0.192017 4.092696 -0.719853 3.303302
0.447876 -0.555420 -0.235474 4.263818 -0.993744 3.792698
0.762207 -0.549561 -0.361084 4.497598 -1.439232 4.064215
1.108765 -0.468628 -0.548584 4.646411 -1.911776 4.044041
1.365234 -0.331421 -0.761719 4.564528 -2.262802 3.687793
1.474854 -0.253662 -0.893799 4.189293 -2.374827 3.079253
1.495483 -0.235107 -0.996826 3.628458 -2.339938 2.442706
1.490723 -0.327881 -1.010864 2.977196 -2.226489 1.937646
1.569214 -0.417725 -0.937256 2.386219 -2.072693 1.610829
1.700684 -0.516357 -0.858154 2.040652 -2.045398 1.426178
1.879395 -0.575562 -0.881348 1.968500 -2.182581 1.288758
2.050781 -0.576294 -0.945313 2.006712 -2.271347 1.089155
2.173218 -0.549438 -1.073975 2.071743 -2.274432 0.808618
2.264893 -0.478760 -1.202759 2.048959 -2.193024 0.429111
2.248535 -0.487183 -1.355469 1.870479 -1.969687 -0.049604
2.167358 -0.476318 -1.431274 1.555054 -1.649278 -0.560123
2.036133 -0.491455 -1.504395 1.157983 -1.179107 -1.002288
1.853760 -0.461548 -1.541260 0.699442 -0.617085 -1.401257
1.695679 -0.467896 -1.480835 0.183939 -0.050316 -1.703391
1.510498 -0.500732 -1.377808 -0.283384 0.380694 -1.934323
1.343994 -0.513550 -1.292114 -0.637021 0.580297 -2.074591
1.218750 -0.486328 -1.190063 -0.927526 0.604980 -2.128705
1.160400 -0.474609 -1.099121 -1.165341 0.578398 -2.122297
1.144775 -0.478516 -1.037476 -1.327444 0.492956 -2.106158
1.146118 -0.463013 -0.994995 -1.450861 0.413209 -2.127518
1.097046 -0.468262 -0.990234 -1.576889 0.349365 -2.187091
1.088501 -0.476074 -0.979126 -1.712647 0.228796 -2.249511
1.067261 -0.479858 -0.944214 -1.877599 0.210283 -2.300777
1.053711 -0.458130 -0.910889 -2.048959 0.161391 -2.344685
1.028687 -0.437500 -0.871704 -2.232660 0.179429 -2.407817
0.975708 -0.441650 -0.836060 -2.427991 0.260600 -2.473560
0.892822 -0.445679 -0.801147 -2.589620 0.368589 -2.525063
0.816895 -0.468506 -0.768188 -2.729413 0.512180 -2.508687
0.770630 -0.439819 -0.718384 -2.852830 0.698255 -2.445080
0.729980 -0.402710 -0.633057 -2.954175 0.898333 -2.386694
0.669678 -0.354248 -0.546265 -3.021579 1.087018 -2.343023
0.585083 -0.305420 -0.483887 -3.050772 1.185752 -2.319052
0.493530 -0.264160 -0.450439 -3.066911 1.176733 -2.277280
0.437988 -0.227051 -0.427490 -3.106547 1.111465 -2.204891
0.399292 -0.181885 -0.367310 -3.181546 1.071591 -2.126332
0.389648 -0.140747 -0.318237 -3.259394 1.026022 -2.052281
0.368408 -0.121094 -0.247437 -3.333444 0.983301 -1.986538
0.326172 -0.079102 -0.152588 -3.384710 0.990184 -1.923406
0.261108 -0.041870 -0.073364 -3.388745 0.978791 -1.849355
0.189209 -0.001099 0.008667 -3.350296 0.911861 -1.733296
0.161987 0.047974 0.104858 -3.281941 0.808144 -1.558851
0.145630 0.077271 0.187988 -3.161135 0.687100 -1.349992
0.172119 0.139282 0.278076 -2.988114 0.591927 -1.093189
0.210693 0.222534 0.346191 -2.772372 0.520962 -0.840422
0.251465 0.304443 0.382446 -2.549272 0.430061 -0.603082
0.304321 0.363892 0.407104 -2.379099 0.404903 -0.393510
0.332275 0.413818 0.416138 -2.269685 0.461627 -0.230932
0.361084 0.433838 0.422119 -2.229575 0.556088 -0.108465
0.361328 0.419312 0.443726 -2.230524 0.640107 -0.030617
0.385010 0.405762 0.469360 -2.213198 0.640819 0.039873
0.421753 0.412964 0.517090 -2.173800 0.573889 0.108227
0.462280 0.417725 0.583618 -2.128705 0.490820 0.142879
0.483398 0.418213 0.638916 -2.064386 0.417956 0.150236
0.496338 0.416138 0.686768 -1.988674 0.377608 0.162815
0.515625 0.418945 0.745972 -1.885194 0.349602 0.186549
0.540039 0.425415 0.779297 -1.713834 0.270568 0.216217
0.587158 0.444824 0.777588 -1.482427 0.126502 0.244698
0.633057 0.453613 0.755127 -1.227524 -0.050553 0.258226
0.701172 0.478882 0.704224 -0.988997 -0.227372 0.258938
0.749756 0.484497 0.648438 -0.818824 -0.319697 0.251106
0.793945 0.485107 0.600464 -0.735755 -0.299998 0.243748
0.813110 0.476196 0.578247 -0.725549 -0.186312 0.224761
0.804932 0.475220 0.580444 -0.730296 -0.056962 0.188448
0.808472 0.474243 0.585693 -0.700866 -0.011867 0.148100
0.813354 0.489380 0.587280 -0.625629 -0.056250 0.110601
0.817993 0.518433 0.584473 -0.536626 -0.126502 0.059098
0.791382 0.514282 0.578735 -0.466374 -0.150474 0.001661
0.746338 0.499390 0.549072 -0.416770 -0.130300 -0.041535
0.713013 0.479126 0.532349 -0.389001 -0.088291 -0.043671
0.710693 0.472046 0.528687 -0.364080 -0.054826 0.000949
0.729370 0.467407 0.520386 -0.317561 -0.043196 0.063133
0.745361 0.475586 0.501953 -0.250394 -0.058148 0.106566
0.778931 0.481079 0.474365 -0.188211 -0.098496 0.128876
0.778931 0.479370 0.445801 -0.157594 -0.112974 0.120806
0.772217 0.473999 0.428467 -0.159967 -0.099208 0.098259
0.771606 0.457642 0.421631 -0.166613 -0.098496 0.085680
0.770630 0.463379 0.420532 -0.168986 -0.098496 0.078322
0.751465 0.459351 0.424561 -0.165426 -0.097072 0.051503
0.723022 0.450073 0.414917 -0.147151 -0.132199 0.029193
0.712891 0.444580 0.415039 -0.132199 -0.161629 0.039636
0.692383 0.448364 0.409912 -0.121044 -0.159255 0.065743
0.692139 0.450684 0.409790 -0.106566 -0.168274 0.091376
0.685791 0.446533 0.403687 -0.090189 -0.182989 0.124604
0.697998 0.457520 0.392212 -0.073101 -0.190110 0.168749
0.711548 0.461670 0.383911 -0.065506 -0.182040 0.214081
0.720825 0.457520 0.382568 -0.061471 -0.181803 0.245885
0.749390 0.453979 0.377563 -0.051503 -0.197230 0.281960
0.784546 0.467163 0.381958 -0.037737 -0.216929 0.321596
0.827515 0.473022 0.394409 -0.020649 -0.217404 0.356010
0.862671 0.469971 0.376465 0.007120 -0.215980 0.370251
0.900146 0.472778 0.360596 0.025870 -0.205062 0.378558
0.925903 0.475830 0.352417 0.017563 -0.162578 0.367403
0.932007 0.472900 0.348511 -0.000712 -0.122468 0.322071
0.926880 0.459229 0.349731 -0.023971 -0.105142 0.258701
0.912720 0.441528 0.349854 -0.043908 -0.092563 0.210758
0.904663 0.438232 0.347656 -0.058148 -0.053639 0.178005
0.888916 0.438965 0.377319 -0.070015 -0.056724 0.149050
0.882568 0.430420 0.384644 -0.058623 -0.018513 0.126265
0.858521 0.422241 0.373901 -0.055300 0.077136 0.125790
0.840088 0.422974 0.387207 -0.050791 0.140268 0.135047
0.846191 0.422119 0.388184 -0.025633 0.119620 0.151898
0.848022 0.429932 0.373413 0.002611 0.082357 0.168749
0.855347 0.441162 0.365112 0.018513 0.050553 0.178717
0.865723 0.436157 0.355347 0.014240 0.024446 0.183227
