1.166504 -0.088135 -0.069580 -0.226185 -0.147151 -0.523810
1.174561 -0.068604 -0.092773 -0.201739 -0.201265 -0.501737
1.135742 -0.049438 -0.073730 -0.202451 -0.178480 -0.459253
1.126587 -0.005737 -0.057495 -0.212657 -0.084256 -0.416058
1.123291 -0.026245 -0.034790 -0.211945 -0.026345 -0.400393
1.134277 -0.051025 -0.000366 -0.181565 -0.063845 -0.395172
1.155029 -0.064697 0.030640 -0.126028 -0.225711 -0.413684
1.178223 -0.060303 0.064697 -0.038686 -0.354586 -0.446912
1.194702 -0.081787 0.086792 0.061946 -0.417244 -0.485361
1.193237 -0.099121 0.113159 0.176344 -0.442402 -0.538762
1.180908 -0.095337 0.113770 0.309254 -0.502687 -0.600708
1.181641 -0.095093 0.111450 0.449285 -0.623493 -0.651499
1.164185 -0.090332 0.107300 0.567006 -0.687575 -0.689474
1.144531 -0.074097 0.098389 0.651974 -0.673097 -0.721989
1.120972 -0.072632 0.084961 0.717242 -0.647464 -0.758302
1.090576 -0.068481 0.078857 0.768745 -0.653635 -0.788682
1.067993 -0.068481 0.071167 0.812178 -0.680455 -0.820248
1.038574 -0.069092 0.063110 0.858934 -0.759252 -0.860596
1.030518 -0.044556 0.054932 0.904266 -0.823808 -0.901656
1.011963 -0.056519 0.040649 0.934409 -0.848966 -0.942716
0.977783 -0.059692 0.037598 0.958380 -0.902130 -0.999440
0.943115 -0.057251 0.029053 1.004661 -1.031956 -1.078949
0.893921 -0.048096 0.024658 1.074677 -1.201179 -1.159170
0.839111 -0.052368 0.011475 1.155373 -1.397460 -1.208062
0.752686 -0.082275 -0.019287 1.230847 -1.534880 -1.215894
0.669434 -0.072510 -0.030518 1.294217 -1.567395 -1.152762
0.624146 -0.061157 -0.032837 1.340735 -1.562411 -1.007747
0.587402 -0.060669 -0.026855 1.389627 -1.552443 -0.837811
0.537720 -0.063843 -0.016968 1.457269 -1.499991 -0.716768
0.480469 -0.060669 -0.011353 1.542949 -1.474358 -0.616847
0.385010 -0.062744 -0.005371 1.642632 -1.504263 -0.503161
0.332520 -0.072510 -0.003174 1.761065 -1.570243 -0.342482
0.286255 -0.075684 -0.023193 1.876887 -1.596825 -0.141217
0.264526 -0.068848 -0.066162 1.977757 -1.571430 0.062658
0.259644 -0.058472 -0.117432 2.069133 -1.541762 0.233780
0.245361 -0.056641 -0.161865 2.155287 -1.521114 0.372150
0.220337 -0.057129 -0.205566 2.236458 -1.481953 0.485124
0.199585 -0.057739 -0.248291 2.327833 -1.477681 0.594537
0.240234 -0.086060 -0.291626 2.426092 -1.471747 0.734331
0.289185 -0.141602 -0.361084 2.526725 -1.459643 0.890975
0.387817 -0.157837 -0.447632 2.630442 -1.432823 1.026259
0.479492 -0.193481 -0.547974 2.721344 -1.368029 1.137097
0.612427 -0.190674 -0.672729 2.755046 -1.285910 1.203315
0.754517 -0.216675 -0.813965 2.698796 -1.130926 1.220404
0.910156 -0.234009 -0.949463 2.531946 -0.871276 1.181005
1.005493 -0.265381 -1.037476 2.257581 -0.719141 1.055690
1.083130 -0.258179 -1.114380 1.921032 -0.690660 0.872463
1.114258 -0.290527 -1.139526 1.574041 -0.758302 0.676182
1.149658 -0.321167 -1.150269 1.282350 -0.932510 0.505060
1.207153 -0.323608 -1.143311 1.080848 -1.200467 0.375472
1.287964 -0.318848 -1.118896 0.952209 -1.332191 0.260600
1.364136 -0.346313 -1.102173 0.890263 -1.218742 0.153559
1.409424 -0.373901 -1.091187 0.893824 -0.901893 0.056012
1.422241 -0.368652 -1.108032 0.938681 -0.481089 -0.042959
1.375488 -0.360474 -1.152588 0.979741 -0.156882 -0.171360
1.333984 -0.332764 -1.219360 0.965975 -0.031804 -0.322545
1.272217 -0.323486 -1.304321 0.878634 -0.058860 -0.479427
1.235352 -0.303833 -1.371216 0.721277 -0.190584 -0.641056
1.172607 -0.311890 -1.435913 0.511231 -0.350789 -0.797938
1.145630 -0.299805 -1.469727 0.273179 -0.471120 -0.916371
1.108887 -0.301025 -1.475586 0.033940 -0.480377 -1.003237
1.068359 -0.315430 -1.469971 -0.187261 -0.345330 -1.081322
1.000732 -0.324097 -1.472046 -0.370488 -0.149524 -1.155847
0.897583 -0.324463 -1.481445 -0.514554 -0.003323 -1.210673
0.791016 -0.320190 -1.490723 -0.634173 0.092800 -1.234882
0.677368 -0.292969 -1.510132 -0.752843 0.154034 -1.214470
0.597534 -0.268799 -1.530273 -0.905928 0.196518 -1.141369
0.557373 -0.238281 -1.521973 -1.119297 0.220964 -1.048807
0.528442 -0.225464 -1.488037 -1.389865 0.258226 -0.977367
0.509888 -0.244751 -1.439453 -1.686777 0.278163 -0.927763
0.500977 -0.260986 -1.367798 -1.980367 0.292403 -0.879820
0.504395 -0.295654 -1.261475 -2.252359 0.375947 -0.819061
0.500732 -0.330566 -1.141602 -2.490649 0.468035 -0.756404
0.484741 -0.355103 -1.005127 -2.662483 0.529743 -0.710359
0.476929 -0.358398 -0.885010 -2.754571 0.509332 -0.669300
0.480469 -0.371338 -0.777466 -2.796106 0.453557 -0.621832
0.480469 -0.398682 -0.687012 -2.811058 0.424839 -0.561784
0.507568 -0.381348 -0.601685 -2.802989 0.390187 -0.489633
0.514282 -0.376221 -0.523193 -2.781391 0.354349 -0.415345
0.525635 -0.373047 -0.448975 -2.761929 0.342245 -0.346754
0.534058 -0.347168 -0.370239 -2.741992 0.373811 -0.288606
0.534424 -0.332520 -0.281250 -2.723480 0.393510 -0.233305
0.515503 -0.322876 -0.189453 -2.694287 0.438605 -0.190110
0.473755 -0.313721 -0.099976 -2.634002 0.473969 -0.135996
0.433350 -0.295654 -0.028809 -2.526250 0.454744 -0.048417
0.410156 -0.258179 0.032227 -2.374352 0.434095 0.068829
0.381226 -0.221313 0.069580 -2.194211 0.435519 0.196280
0.355957 -0.165039 0.084839 -1.999592 0.431959 0.325156
0.329102 -0.135986 0.079102 -1.809957 0.413921 0.459253
0.315430 -0.087402 0.065918 -1.631714 0.401817 0.594775
0.317261 -0.052368 0.049561 -1.472222 0.416532 0.732907
0.330444 -0.017578 0.014771 -1.337650 0.431959 0.877684
0.356323 0.009155 -0.039185 -1.221116 0.438605 1.005611
0.390381 0.030640 -0.086548 -1.117161 0.431010 1.101259
0.421753 0.043579 -0.124390 -1.037177 0.400630 1.181243
0.485718 0.060791 -0.143921 -0.988760 0.397070 1.261226
0.540039 0.052612 -0.143311 -0.964076 0.451421 1.339311
0.603149 0.030640 -0.135010 -0.941766 0.485836 1.399596
0.681274 0.006470 -0.118530 -0.900706 0.472545 1.444690
0.751831 -0.002930 -0.100708 -0.848966 0.436943 1.486462
0.836060 -0.010742 -0.093140 -0.801498 0.415108 1.517316
0.891602 -0.021606 -0.088257 -0.753555 0.376896 1.516367
0.935547 -0.031372 -0.087158 -0.705375 0.313052 1.495718
0.987915 -0.034790 -0.082520 -0.660043 0.238290 1.484563
1.038208 -0.025269 -0.081909 -0.605692 0.175869 1.479105
1.068237 -0.016968 -0.087402 -0.536864 0.141217 1.448488
1.085815 -0.008057 -0.100952 -0.454507 0.101819 1.402681
1.086914 0.007690 -0.116821 -0.370963 0.098022 1.368029
1.080078 0.014038 -0.145630 -0.290030 0.120806 1.341922
1.088379 -0.006104 -0.189941 -0.206249 0.133385 1.328631
1.115967 -0.011963 -0.248413 -0.129588 0.124841 1.333852
1.189941 0.005615 -0.314697 -0.077373 0.098259 1.332191
1.253540 0.013184 -0.369995 -0.055063 0.061946 1.280688
1.284546 0.021240 -0.410278 -0.071202 0.019225 1.151812
1.282227 0.012329 -0.438477 -0.113211 -0.014952 0.980215
1.290283 -0.021606 -0.449707 -0.163765 -0.048417 0.841609
1.306641 -0.036255 -0.449585 -0.209334 -0.049129 0.745011
1.320068 -0.042480 -0.441650 -0.232119 -0.028481 0.649600
1.321655 -0.058105 -0.446777 -0.221201 -0.016139 0.549680
1.296387 -0.057983 -0.441406 -0.195331 0.018987 0.457829
1.273804 -0.037720 -0.443604 -0.159967 0.058148 0.381881
1.246704 -0.030151 -0.450317 -0.120094 0.064557 0.318273
1.227539 -0.020752 -0.463257 -0.093037 0.073575 0.265584
1.211548 -0.009155 -0.474609 -0.090664 0.099920 0.213844
1.185303 -0.000854 -0.486328 -0.113686 0.111550 0.153084
1.148438 -0.009155 -0.483765 -0.151186 0.097072 0.081170
1.118042 -0.013916 -0.472168 -0.189635 0.071439 0.025158
1.084595 -0.012329 -0.455688 -0.222863 0.056962 -0.000475
1.065063 -0.022705 -0.439209 -0.250157 0.062895 -0.016139
1.044189 -0.040039 -0.417480 -0.265346 0.073575 -0.038449
1.029541 -0.054932 -0.391968 -0.262024 0.064319 -0.058148
1.017334 -0.064575 -0.370850 -0.244223 0.055775 -0.073338
0.999512 -0.066772 -0.351440 -0.219302 0.058623 -0.083069
0.980469 -0.074707 -0.336060 -0.185363 0.069303 -0.095411
0.960083 -0.077148 -0.324707 -0.143591 0.072151 -0.109177
0.937134 -0.068604 -0.322144 -0.098496 0.044620 -0.120332
0.914429 -0.067261 -0.313843 -0.058860 0.012816 -0.122230
0.893555 -0.061157 -0.321655 -0.028481 -0.005934 -0.121044
0.876831 -0.055786 -0.318604 -0.006883 -0.022073 -0.114635
0.859253 -0.056763 -0.321289 0.012579 -0.025158 -0.102768
0.856567 -0.056152 -0.332886 0.037262 -0.029430 -0.085443
0.856201 -0.047852 -0.340698 0.066218 -0.040823 -0.058623
0.864624 -0.053467 -0.365601 0.084730 -0.037500 -0.031092
0.878296 -0.048950 -0.382080 0.083069 -0.028006 -0.013528
0.887451 -0.055054 -0.395874 0.067642 -0.005221 -0.001424
0.893433 -0.057007 -0.400024 0.043671 0.018275 0.006171
0.901123 -0.056519 -0.394531 0.018987 0.031566 0.009019
0.902832 -0.054810 -0.395142 0.004509 0.023022 0.007832
0.916260 -0.057739 -0.393921 0.000949 0.030380 0.011867
0.929443 -0.058716 -0.397705 0.000475 0.027057 0.022785
