0.658569 0.787720 -0.088623 -0.131724 0.134335 0.060996
0.625610 0.810181 -0.087280 -0.156170 0.080696 0.050079
0.671753 0.762329 -0.068970 -0.200078 0.121281 0.106566
0.659058 0.796021 -0.064575 -0.211470 0.035364 0.072151
0.656006 0.783569 -0.068604 -0.188211 0.022547 0.069066
0.658691 0.773804 -0.072388 -0.166613 0.018750 0.077136
0.662476 0.781494 -0.088135 -0.146676 0.017801 0.078560
0.672974 0.777710 -0.076660 -0.132911 0.020649 0.080221
0.676514 0.767456 -0.068604 -0.121756 -0.001899 0.054826
0.670166 0.784790 -0.040771 -0.124366 0.053639 -0.007358
0.653320 0.791992 -0.036743 -0.099920 0.011392 -0.039873
0.648193 0.739746 -0.075317 -0.062895 -0.065031 -0.031329
0.656738 0.783936 -0.040039 -0.068591 -0.007832 -0.053402
0.653687 0.773804 -0.068970 -0.045569 0.009256 -0.047943
0.649170 0.774414 -0.065308 -0.051978 0.025158 -0.018750
0.653320 0.785156 -0.064819 -0.056250 0.056012 -0.022073
0.660156 0.796875 -0.072632 -0.050079 0.041535 -0.030380
0.653320 0.811157 -0.087524 -0.059572 0.040111 -0.044145
0.655762 0.819702 -0.097168 -0.089952 0.032753 -0.049367
0.660400 0.823975 -0.084473 -0.136708 0.027057 -0.053164
0.672485 0.825928 -0.063477 -0.183227 0.030142 -0.059572
0.673828 0.826294 -0.032227 -0.213369 0.031092 -0.071677
0.687500 0.827515 -0.009888 -0.225473 0.028243 -0.091139
0.711060 0.830200 0.012695 -0.233780 0.014478 -0.126502
0.744385 0.820068 0.063843 -0.252055 -0.014715 -0.197704
0.766113 0.787842 0.127075 -0.255853 -0.061708 -0.303084
0.778809 0.748047 0.188232 -0.212657 -0.104904 -0.417007
0.776367 0.704712 0.261719 -0.125316 -0.092800 -0.517164
0.740479 0.654419 0.315063 0.009968 -0.043908 -0.588604
0.680176 0.602295 0.347900 0.198654 -0.000949 -0.621119
0.619019 0.571533 0.366211 0.413684 -0.058148 -0.625629
0.569336 0.541992 0.388672 0.626104 -0.161154 -0.623256
0.524536 0.489868 0.444580 0.843745 -0.225711 -0.627528
0.454956 0.424316 0.472778 1.116923 -0.304270 -0.653160
0.367920 0.347778 0.505981 1.437333 -0.401105 -0.656721
0.299072 0.272949 0.529053 1.778628 -0.499601 -0.610677
0.218140 0.213135 0.515625 2.151015 -0.600234 -0.529032
0.096924 0.173462 0.452637 2.580601 -0.704901 -0.428874
-0.030029 0.149414 0.331665 3.060740 -0.858934 -0.307593
-0.157349 0.132935 0.162354 3.513823 -1.018664 -0.132673
-0.255737 0.115845 -0.043701 3.881938 -1.160831 0.108939
-0.312988 0.093628 -0.226685 4.103613 -1.210436 0.404665
-0.311646 0.094604 -0.416504 4.158914 -1.132113 0.745486
-0.258301 0.103027 -0.599121 4.032886 -0.954583 1.102208
-0.224854 0.080200 -0.692017 3.669993 -0.700391 1.435671
-0.154053 0.033813 -0.685669 3.196974 -0.482987 1.715496
-0.060669 -0.027832 -0.603638 2.774745 -0.372150 1.921982
0.009521 -0.120850 -0.502930 2.474984 -0.459728 2.028073
0.059326 -0.196289 -0.437256 2.417548 -0.737179 2.039702
0.091431 -0.241943 -0.452393 2.638749 -1.066607 2.013120
0.113403 -0.243652 -0.608765 3.000456 -1.311780 2.004101
0.143311 -0.201294 -0.840454 3.334631 -1.410513 2.081474
0.161377 -0.134033 -1.110962 3.527114 -1.262888 2.229100
0.190918 -0.040649 -1.415894 3.532098 -0.984725 2.442469
0.197754 0.049927 -1.706543 3.330122 -0.634885 2.662246
0.235840 0.136719 -1.976074 2.922608 -0.293353 2.863273
0.281006 0.196289 -2.231201 2.389305 -0.177293 3.050297
0.373291 0.271729 -2.471191 1.782663 -0.126265 3.225929
0.514160 0.370483 -2.687866 1.095800 -0.112262 3.343650
0.656494 0.436157 -2.832275 0.297625 -0.120569 3.382811
0.759521 0.420654 -2.856445 -0.581246 -0.094461 3.392542
0.886841 0.345459 -2.797119 -1.409089 -0.144303 3.408206
1.100464 0.265747 -2.675659 -2.106158 -0.182752 3.435263
1.316040 0.169067 -2.512573 -2.677910 -0.020174 3.445944
1.503296 0.053833 -2.313843 -3.138588 0.244935 3.438349
1.680786 -0.041382 -2.067871 -3.486766 0.538762 3.435738
1.888184 -0.041504 -1.829224 -3.666195 0.796514 3.405358
2.039551 0.014893 -1.638184 -3.715087 1.135436 3.306150
2.231445 -0.002075 -1.459595 -3.698236 1.359010 3.056705
2.297363 0.180664 -1.345703 -3.607810 1.375624 2.507975
2.336182 0.255127 -1.329834 -3.509551 1.163917 1.906317
2.369507 0.275513 -1.336426 -3.521655 0.832590 1.301099
2.353638 0.263794 -1.312622 -3.663822 0.553240 0.737891
2.348633 0.213013 -1.234619 -3.908757 0.445962 0.297387
2.329468 0.148071 -1.080933 -4.184784 0.527845 -0.041535
2.307495 0.047729 -0.871704 -4.439213 0.725312 -0.304982
2.338867 -0.126099 -0.622070 -4.611997 0.926102 -0.555614
2.272705 -0.190918 -0.413208 -4.649496 1.115499 -0.951972
2.171997 -0.260986 -0.192261 -4.614607 1.257666 -1.396036
2.074707 -0.366089 0.086304 -4.550525 1.347381 -1.842947
1.981567 -0.459106 0.368042 -4.326001 1.293505 -2.296504
1.837158 -0.493164 0.542725 -3.866036 1.121907 -2.739856
1.676514 -0.520996 0.638794 -3.266514 1.012019 -3.086610
1.522217 -0.523315 0.678223 -2.652040 0.931798 -3.370232
1.323242 -0.516602 0.672485 -2.069845 0.800074 -3.653616
1.082520 -0.493774 0.610352 -1.532269 0.549205 -3.895466
0.856323 -0.455811 0.560791 -1.106480 0.252293 -4.068962
0.638428 -0.412720 0.516357 -0.821672 -0.000949 -4.161287
0.408447 -0.374146 0.485474 -0.616135 -0.167562 -4.147284
0.193237 -0.330566 0.472046 -0.438368 -0.244698 -4.015798
0.016602 -0.297119 0.472412 -0.271992 -0.223100 -3.778457
-0.126099 -0.265503 0.486450 -0.112974 -0.113211 -3.463744
-0.251099 -0.254639 0.523438 0.037737 0.021598 -3.119126
-0.325317 -0.247559 0.568970 0.195806 0.159255 -2.762166
-0.389404 -0.257935 0.640015 0.396833 0.279350 -2.441045
-0.520142 -0.283325 0.708374 0.663841 0.269381 -2.192312
-0.671265 -0.305542 0.746582 1.014630 0.111787 -1.951412
-0.797119 -0.295532 0.722046 1.437570 -0.136945 -1.653787
-0.817017 -0.268921 0.659912 1.869292 -0.377846 -1.324834
-0.785522 -0.256714 0.587158 2.250223 -0.528557 -1.031481
-0.757568 -0.258179 0.487427 2.591993 -0.601895 -0.764236
-0.724609 -0.268921 0.380371 2.879887 -0.567718 -0.486073
-0.680176 -0.288940 0.288940 3.102275 -0.507196 -0.189160
-0.619507 -0.318970 0.224609 3.279805 -0.462339 0.106328
-0.558105 -0.357178 0.167969 3.449266 -0.448573 0.379270
-0.463379 -0.384033 0.132324 3.629882 -0.519775 0.599759
-0.387817 -0.397095 0.108398 3.864137 -0.697543 0.719853
-0.362061 -0.439819 0.029175 4.206619 -0.899757 0.755217
-0.395630 -0.496216 -0.094604 4.662075 -1.032193 0.795802
-0.385864 -0.528564 -0.305298 5.176154 -1.080136 0.929662
-0.312256 -0.534180 -0.567261 5.594110 -0.915421 1.206875
-0.173096 -0.489624 -0.905884 5.776625 -0.638920 1.558376
0.007568 -0.459839 -1.190796 5.649173 -0.373574 1.846270
0.111572 -0.449707 -1.438843 5.400916 -0.295014 1.935510
0.189697 -0.472656 -1.695435 5.216977 -0.333700 1.899434
0.282959 -0.460815 -1.903564 5.027579 -0.470408 1.882820
0.387939 -0.414307 -2.089844 4.843403 -0.520962 1.887330
0.473999 -0.364502 -2.276489 4.672281 -0.302372 1.952361
0.557861 -0.345947 -2.499390 4.443247 0.023022 2.063674
0.735840 -0.253662 -2.770020 4.132094 0.128638 2.148167
0.876587 -0.104126 -2.970215 3.663585 0.147863 2.146268
0.949097 0.028564 -3.057495 2.961295 0.401342 2.079101
0.956543 0.105591 -2.978394 2.062012 0.651736 2.037329
0.954712 0.137939 -2.769043 1.141607 0.810042 2.051807
1.001831 0.128906 -2.507202 0.396596 1.017003 2.074591
1.065186 0.105713 -2.265137 -0.111787 1.177208 2.056079
1.105591 0.094116 -2.087646 -0.411548 1.289944 2.000541
1.146973 0.101807 -1.945923 -0.581009 1.400070 1.921507
1.167847 0.120117 -1.838745 -0.708698 1.528709 1.802837
1.164795 0.123535 -1.738403 -0.858697 1.610591 1.646430
1.149048 0.113525 -1.619263 -1.046433 1.593977 1.461304
1.124756 0.102173 -1.459473 -1.241290 1.490022 1.264549
1.094971 0.095337 -1.295532 -1.394137 1.364944 1.067557
1.064209 0.071533 -1.128540 -1.481715 1.265973 0.869615
1.024536 0.055054 -0.977539 -1.481478 1.155847 0.671436
0.994507 0.041748 -0.861694 -1.382982 0.997779 0.482038
0.943481 0.040527 -0.786743 -1.224201 0.608778 0.288606
0.880615 0.054565 -0.746948 -1.031006 0.106091 0.088528
0.845703 0.066650 -0.736450 -0.857985 -0.232356 -0.077373
0.816895 0.070068 -0.723389 -0.745011 -0.288368 -0.190110
0.780273 0.057983 -0.697876 -0.674521 -0.157831 -0.250394
0.728638 0.051270 -0.667603 -0.607591 -0.030617 -0.279112
0.700439 0.052612 -0.638428 -0.536152 0.048892 -0.295251
0.685059 0.051880 -0.605835 -0.467086 0.075237 -0.332514
0.670044 0.059326 -0.566284 -0.392561 0.075237 -0.396358
0.640381 0.058716 -0.540039 -0.299286 0.078322 -0.451659
0.592529 0.053467 -0.530884 -0.180853 0.055538 -0.474918
0.570679 0.056274 -0.532715 -0.040823 -0.015190 -0.482275
0.567871 0.056396 -0.550049 0.112262 -0.084018 -0.495092
0.556519 0.065918 -0.614136 0.270093 -0.123180 -0.514791
