0.727051 0.323364 -0.340088 -0.178717 0.031329 -0.273653
0.685547 0.309814 -0.326294 -0.158069 0.200790 -0.228321
0.690063 0.273682 -0.312134 -0.092800 0.230457 -0.111787
0.661255 0.293213 -0.263428 -0.007120 0.449997 -0.008307
0.651489 0.294312 -0.298706 0.097547 0.634648 0.127452
0.607056 0.354980 -0.339966 0.173733 0.802210 0.238764
0.536499 0.340088 -0.409180 0.164952 1.035990 0.373099
0.500610 0.293579 -0.394043 0.050791 1.161069 0.563446
0.527710 0.300781 -0.381104 -0.077610 1.068743 0.734806
0.563110 0.296509 -0.361938 -0.176344 0.875548 0.796989
0.559937 0.271606 -0.341919 -0.234255 0.667638 0.763049
0.504639 0.229980 -0.326050 -0.285046 0.580772 0.702765
0.429810 0.183594 -0.302734 -0.349128 0.621832 0.677607
0.384155 0.151733 -0.262207 -0.392561 0.666214 0.702290
0.366455 0.120728 -0.226807 -0.398257 0.616610 0.772780
0.380127 0.085693 -0.195557 -0.369064 0.482987 0.893111
0.401367 0.055664 -0.175293 -0.306406 0.399206 1.035990
0.407227 0.047729 -0.163330 -0.221913 0.411548 1.152050
0.381714 0.050415 -0.196777 -0.129350 0.432671 1.218505
0.346191 0.065552 -0.228638 -0.055063 0.438130 1.251021
0.280762 0.073486 -0.269165 -0.028956 0.464950 1.272619
0.199341 0.048828 -0.289063 -0.067405 0.509570 1.323409
0.125244 -0.009399 -0.279663 -0.136233 0.550392 1.451098
0.061157 -0.067505 -0.270752 -0.179667 0.542560 1.663043
0.029785 -0.115356 -0.245972 -0.212894 0.394934 1.990336
0.082520 -0.186523 -0.210815 -0.229271 0.184651 2.504415
0.287231 -0.205322 -0.209351 -0.155221 -0.071914 3.191515
0.665161 -0.239380 -0.327271 0.007595 -0.332039 3.864137
1.066650 -0.281250 -0.418701 0.162815 -0.730059 4.255749
1.324951 -0.246460 -0.426880 0.268669 -1.000389 4.272837
1.560059 -0.191528 -0.514771 0.356722 -1.138284 4.028852
1.652832 -0.145020 -0.635254 0.351026 -1.382745 3.640800
1.704590 -0.149658 -0.720337 0.191771 -1.510671 3.281467
1.817139 -0.188232 -0.770508 -0.044620 -1.518266 3.067861
2.034668 -0.185059 -0.797607 -0.231881 -1.550544 2.976247
2.291016 -0.167847 -0.804199 -0.387339 -1.565497 2.854254
2.539429 -0.135132 -0.793091 -0.536864 -1.611303 2.628781
2.769165 -0.104370 -0.784180 -0.655771 -1.507348 2.283214
2.927124 -0.067017 -0.815796 -0.726024 -1.355450 1.817077
2.978394 -0.054688 -0.817261 -0.748097 -1.481003 1.252682
2.943115 -0.042969 -0.885742 -0.768983 -1.456795 0.665739
2.828979 -0.050781 -0.892578 -0.876972 -0.878159 0.140031
2.694580 -0.062378 -0.858398 -0.993744 -0.205062 -0.262261
2.547485 -0.089600 -0.802368 -1.059250 0.423415 -0.592401
2.398193 -0.084961 -0.737793 -1.059487 0.912099 -0.898808
2.275513 -0.058716 -0.695801 -1.001576 1.163679 -1.170325
2.164917 -0.044067 -0.677246 -0.940580 1.206401 -1.414311
2.052124 -0.039307 -0.653931 -0.889314 0.923728 -1.666366
1.963989 -0.029663 -0.650879 -0.860833 0.671436 -1.926491
1.862305 -0.043335 -0.625488 -0.902605 0.926339 -2.171426
1.732910 -0.067017 -0.579956 -0.992320 1.336938 -2.353466
1.600830 -0.077637 -0.515381 -1.062335 1.456083 -2.455523
1.498291 -0.089478 -0.485352 -1.077762 1.448725 -2.504177
1.418823 -0.082397 -0.473145 -1.060199 1.473171 -2.509399
1.343140 -0.069824 -0.453857 -1.052604 1.497855 -2.503465
1.264648 -0.059204 -0.411743 -1.077050 1.569769 -2.511060
1.156494 -0.072144 -0.375977 -1.118822 1.687727 -2.556867
1.043823 -0.073730 -0.317261 -1.136860 1.697695 -2.599113
0.924438 -0.072144 -0.258789 -1.133300 1.668977 -2.635189
0.809204 -0.086060 -0.201294 -1.113126 1.541050 -2.650142
0.732910 -0.085327 -0.148804 -1.057826 1.350466 -2.596028
0.633545 -0.084473 -0.104004 -0.982114 1.250546 -2.527911
0.554443 -0.079956 -0.067139 -0.892399 1.193347 -2.416124
0.480957 -0.063599 -0.042603 -0.792717 1.186227 -2.256869
0.401123 -0.042480 -0.032837 -0.691372 1.201654 -2.086696
0.329834 -0.024414 -0.035767 -0.604980 1.169850 -1.920558
0.287354 0.006470 -0.021606 -0.526183 1.068506 -1.735432
0.272949 0.026123 -0.024536 -0.434570 0.915184 -1.532032
0.250977 0.056396 -0.030273 -0.333938 0.764236 -1.342634
0.239502 0.063232 -0.028931 -0.244698 0.653635 -1.120009
0.265381 0.084595 -0.041504 -0.155458 0.604268 -0.867241
0.290405 0.119751 -0.062500 -0.082120 0.568667 -0.662179
0.294678 0.152588 -0.073608 -0.070965 0.548256 -0.522149
0.281006 0.162842 -0.085449 -0.116059 0.541611 -0.418906
0.248169 0.146973 -0.112549 -0.199603 0.570091 -0.318273
0.214233 0.172607 -0.091797 -0.305694 0.677844 -0.218116
0.187012 0.197021 -0.074829 -0.365029 0.809805 -0.129825
0.139404 0.213745 -0.054810 -0.369539 0.817163 -0.060996
0.094849 0.234253 -0.065552 -0.351026 0.702527 0.001187
0.055298 0.221558 -0.046143 -0.346992 0.527133 0.104430
0.037476 0.224487 -0.020508 -0.325631 0.411785 0.287894
0.049438 0.222778 -0.020020 -0.248495 0.248970 0.541136
0.093750 0.208496 -0.032593 -0.143116 0.074762 0.808381
0.152344 0.205933 -0.062866 -0.043671 -0.130537 1.047620
0.237183 0.211060 -0.096680 0.019462 -0.328004 1.274280
0.325562 0.200317 -0.127563 0.032516 -0.431010 1.498567
0.403442 0.167114 -0.145630 0.016614 -0.420804 1.709799
0.460571 0.147461 -0.167725 -0.013528 -0.331090 1.898485
0.514648 0.144165 -0.175903 -0.050316 -0.229033 2.052044
0.566284 0.145874 -0.178589 -0.076661 -0.189160 2.148879
0.607056 0.147583 -0.189209 -0.095648 -0.251106 2.191363
0.650635 0.143433 -0.207642 -0.141929 -0.394460 2.198008
0.683838 0.116211 -0.205444 -0.235204 -0.541373 2.200619
0.714844 0.082520 -0.197876 -0.356722 -0.628714 2.243815
0.767578 0.043091 -0.171265 -0.473494 -0.663366 2.325223
0.859131 -0.005737 -0.130981 -0.551816 -0.732669 2.440333
0.990723 -0.052612 -0.122559 -0.585281 -0.908776 2.567310
1.141846 -0.115112 -0.134155 -0.584094 -1.169138 2.694287
1.363403 -0.107788 -0.167847 -0.554664 -1.307270 2.779017
1.474243 -0.142090 -0.173462 -0.514554 -1.395324 2.706154
1.582642 -0.145508 -0.176392 -0.481326 -1.336938 2.579652
1.681030 -0.136475 -0.178223 -0.475393 -1.098173 2.440570
1.765869 -0.136597 -0.156128 -0.506484 -0.711784 2.290571
1.843384 -0.118164 -0.120483 -0.533066 -0.406801 2.116838
1.905518 -0.129761 -0.103760 -0.513604 -0.308068 1.892077
1.994019 -0.129761 -0.129028 -0.439317 -0.407513 1.669926
2.089111 -0.124878 -0.180176 -0.343669 -0.518114 1.455133
2.177246 -0.104858 -0.232422 -0.276976 -0.595012 1.226812
2.243164 -0.085938 -0.292603 -0.273416 -0.594300 0.981877
2.282959 -0.083496 -0.331299 -0.339871 -0.493193 0.716530
2.281616 -0.085938 -0.347900 -0.457117 -0.378558 0.442165
2.250488 -0.080444 -0.326294 -0.585993 -0.270568 0.180853
2.235840 -0.140625 -0.302856 -0.676420 -0.195094 -0.055300
2.202759 -0.162842 -0.267822 -0.726736 -0.157594 -0.285758
2.141113 -0.140747 -0.223755 -0.744299 -0.040111 -0.498652
2.066040 -0.143799 -0.194580 -0.735518 0.109414 -0.690186
1.997559 -0.149658 -0.176514 -0.707274 0.242562 -0.866292
1.923706 -0.147949 -0.164063 -0.670724 0.330615 -1.025310
1.842163 -0.134033 -0.170044 -0.634885 0.401580 -1.160357
1.757568 -0.112305 -0.185669 -0.620882 0.468747 -1.286384
1.668091 -0.098877 -0.196899 -0.639632 0.504585 -1.424754
1.593994 -0.081299 -0.205688 -0.687337 0.456880 -1.557902
1.518311 -0.059204 -0.193726 -0.753793 0.395646 -1.680607
1.442383 -0.047485 -0.166626 -0.834251 0.389001 -1.803549
1.359741 -0.049316 -0.130249 -0.907589 0.365267 -1.902282
1.276611 -0.045532 -0.081543 -0.944140 0.324682 -1.975858
1.187622 -0.043457 -0.051270 -0.936307 0.281011 -2.026886
1.103760 -0.034180 -0.022827 -0.905216 0.242324 -2.047772
1.020142 -0.025146 -0.000122 -0.876260 0.235679 -2.042076
0.943115 -0.017212 0.013428 -0.851577 0.260837 -1.996032
0.852417 -0.030396 0.033691 -0.812416 0.335836 -1.931001
0.775879 -0.004150 0.048096 -0.737179 0.401580 -1.846270
0.698486 0.025757 0.039795 -0.650550 0.400630 -1.744926
0.636475 0.047607 0.038574 -0.589316 0.264872 -1.634325
0.594971 0.074097 0.048584 -0.540424 0.098496 -1.518978
0.579346 0.105103 0.052734 -0.487260 -0.009019 -1.388441
0.561768 0.121704 0.053589 -0.436231 -0.048892 -1.278552
0.567139 0.132446 0.047119 -0.398732 -0.083069 -1.169850
0.588135 0.149048 0.014526 -0.355536 -0.124366 -1.063997
0.580078 0.163452 0.006836 -0.310204 -0.095648 -0.987573
0.534790 0.190918 -0.001953 -0.284808 0.011392 -0.926339
0.489380 0.219604 -0.001343 -0.283384 0.096360 -0.862969
0.445557 0.216919 -0.009033 -0.276027 0.095648 -0.784647
0.420776 0.221191 -0.018311 -0.253005 -0.014952 -0.669774
0.449951 0.226685 -0.011963 -0.229508 -0.178480 -0.512418
0.505615 0.231445 -0.001587 -0.196992 -0.314476 -0.361707
0.555176 0.236694 0.011230 -0.141455 -0.398257 -0.249682
0.594360 0.244141 -0.000366 -0.079746 -0.434807 -0.172072
0.632202 0.242065 -0.032104 -0.031566 -0.444538 -0.107752
0.647461 0.249268 -0.071289 -0.014715 -0.420567 -0.055300
