0.618530 0.906982 -0.198242 -0.150948 -0.555614 -1.624357
0.523926 0.825806 -0.156128 -0.157357 -0.446200 -1.521351
0.479126 0.780029 -0.140381 -0.137420 -0.270093 -1.430687
0.464722 0.772827 -0.122070 -0.081882 -0.146676 -1.378710
0.413574 0.645630 -0.083496 0.001661 -0.146676 -1.338125
0.446167 0.697632 -0.037598 0.109177 -0.125078 -1.284486
0.481812 0.688599 0.010132 0.237340 -0.100632 -1.233932
0.519897 0.642578 0.023193 0.391611 -0.126028 -1.198331
0.512085 0.601440 0.032349 0.555139 -0.285520 -1.220878
0.519531 0.572266 0.026367 0.691610 -0.467086 -1.322935
0.521729 0.539185 -0.002686 0.790343 -0.649126 -1.470798
0.479248 0.495605 -0.067261 0.826894 -0.800786 -1.631240
0.401123 0.461548 -0.115601 0.806245 -0.932035 -1.783375
0.345703 0.439453 -0.133667 0.730533 -1.010595 -1.903469
0.298828 0.391724 -0.144165 0.612338 -0.896672 -1.973485
0.243652 0.330322 -0.160034 0.482275 -0.590265 -1.982978
0.182251 0.284546 -0.133545 0.374286 -0.165189 -1.941444
0.099731 0.216553 -0.130737 0.306644 0.348178 -1.855289
-0.109863 0.128662 -0.116821 0.289080 0.636547 -1.717632
-0.282593 0.173828 0.020020 0.320647 0.307830 -1.467238
-0.215698 0.154785 0.046387 0.423415 -0.220489 -1.065658
-0.117798 0.111938 -0.068848 0.645328 -0.310916 -0.558224
-0.069092 0.072144 -0.109619 0.974994 -0.438842 -0.075949
-0.051147 0.032349 -0.134521 1.369928 -0.545171 0.308068
-0.008789 -0.004761 -0.201294 1.729499 -0.294777 0.529032
0.033691 -0.032715 -0.223877 2.033769 0.056724 0.600234
0.093750 -0.051758 -0.213989 2.264226 0.302372 0.576025
0.145874 -0.045288 -0.231812 2.454811 0.376659 0.520487
0.136230 -0.042725 -0.261230 2.646107 0.352450 0.505772
0.080933 -0.089966 -0.287109 2.849508 0.472070 0.584569
0.017700 -0.136108 -0.356323 3.063826 0.666452 0.779426
-0.027344 -0.145630 -0.419434 3.312558 0.742163 1.059724
-0.033813 -0.138794 -0.494507 3.626322 0.740976 1.379896
0.013184 -0.145630 -0.555908 3.997997 0.713682 1.697932
0.093872 -0.198975 -0.598999 4.370621 0.740976 1.969687
0.190186 -0.293335 -0.643311 4.690794 0.787732 2.166205
0.333984 -0.353271 -0.683960 4.953292 0.748334 2.266837
0.476440 -0.404175 -0.705933 5.209857 0.641293 2.282027
0.630127 -0.452026 -0.796143 5.522908 0.620408 2.234321
0.810913 -0.359253 -0.983521 5.948222 0.726499 2.173325
0.957764 -0.125244 -1.311157 6.465624 0.665739 2.138436
0.958008 0.075439 -1.602417 6.960953 0.389950 2.096664
0.805542 0.055054 -1.696899 7.242676 0.572465 1.970874
0.760376 -0.006958 -1.699097 7.077487 1.378947 1.817315
0.795166 -0.117065 -1.806396 6.367602 1.879972 1.729973
0.768066 -0.101807 -2.013672 5.316897 1.534168 1.694372
0.799805 -0.064697 -2.191406 4.325289 0.985912 1.664705
0.873169 -0.069580 -2.225952 3.649819 0.772780 1.580924
0.893066 -0.155273 -2.211426 3.272211 0.798887 1.414548
0.908691 -0.239624 -2.214844 3.057892 0.721989 1.153948
0.885620 -0.288330 -2.245972 2.917150 0.410836 0.841371
0.842773 -0.294556 -2.364502 2.795869 0.087579 0.537338
0.771973 -0.269165 -2.503906 2.631154 -0.201502 0.285520
0.668579 -0.258789 -2.590820 2.345634 -0.423890 0.095173
0.562500 -0.240601 -2.583252 1.885431 -0.444538 -0.052690
0.493530 -0.222290 -2.591919 1.260989 -0.385441 -0.147151
0.419678 -0.160767 -2.586426 0.530930 -0.442165 -0.177056
0.364258 -0.122559 -2.527710 -0.266058 -0.476105 -0.171122
0.355591 -0.152466 -2.431885 -1.115974 -0.509807 -0.141455
0.369507 -0.237793 -2.322876 -1.987488 -0.562259 -0.065269
0.395996 -0.327393 -2.197021 -2.815805 -0.561547 0.066218
0.454224 -0.355225 -2.095215 -3.527351 -0.409649 0.254666
0.499878 -0.281128 -2.049683 -4.092696 -0.254429 0.452133
0.511719 -0.227417 -2.000732 -4.556221 -0.207910 0.593113
0.538574 -0.233154 -1.932251 -5.021646 -0.296438 0.649363
0.567017 -0.272217 -1.859131 -5.554237 -0.576025 0.658145
0.569946 -0.380981 -1.751343 -6.120057 -0.923966 0.674521
0.584961 -0.449585 -1.595581 -6.621557 -1.165103 0.736230
0.611328 -0.439941 -1.446289 -6.981602 -1.269771 0.828555
0.673218 -0.377441 -1.347168 -7.181680 -1.354264 0.907352
0.709839 -0.329102 -1.221436 -7.252170 -1.446352 0.913997
0.720581 -0.373657 -1.072632 -7.278040 -1.447301 0.831878
0.751587 -0.428711 -0.894287 -7.309844 -1.459405 0.681404
0.721436 -0.475830 -0.730469 -7.347106 -1.483377 0.505297
0.701416 -0.498779 -0.580322 -7.338087 -1.437570 0.326818
0.650024 -0.492920 -0.440063 -7.243626 -1.300862 0.160917
0.595215 -0.458740 -0.315430 -7.032393 -1.037652 0.029193
0.532227 -0.420898 -0.203491 -6.724325 -0.661230 -0.073101
0.465576 -0.406860 -0.086060 -6.353837 -0.258464 -0.149050
0.421265 -0.386475 0.041138 -5.953444 0.026819 -0.205299
0.377563 -0.372437 0.167603 -5.532876 0.130537 -0.247546
0.338013 -0.343994 0.270020 -5.081693 0.086629 -0.284334
0.305420 -0.302002 0.372925 -4.577819 -0.027057 -0.320409
0.281128 -0.274658 0.435303 -3.997997 -0.150474 -0.359571
0.277344 -0.255859 0.482422 -3.327511 -0.244223 -0.384966
0.269409 -0.229614 0.522339 -2.571345 -0.264872 -0.390425
0.260376 -0.193481 0.555664 -1.760828 -0.190347 -0.375947
0.270874 -0.155396 0.577515 -0.939156 -0.051266 -0.343906
0.251343 -0.114136 0.578979 -0.143828 0.054351 -0.280774
0.229736 -0.069580 0.542603 0.596199 0.169936 -0.178955
0.232422 -0.064209 0.449951 1.273331 0.328479 -0.044383
0.228516 -0.067261 0.365479 1.888991 0.502687 0.115585
0.219604 -0.046387 0.281128 2.443893 0.721752 0.278875
0.208984 -0.064697 0.194580 2.940883 0.966924 0.438605
0.197266 -0.123779 0.104736 3.386371 1.162018 0.595724
0.207520 -0.159424 0.009521 3.820941 1.270245 0.747385
0.228638 -0.156616 -0.080444 4.313660 1.354264 0.890263
0.240723 -0.157959 -0.186157 4.890159 1.478630 1.017715
0.261353 -0.195679 -0.311890 5.547592 1.525861 1.136148
0.306885 -0.217407 -0.518555 6.249882 1.377998 1.249122
0.379761 -0.193481 -0.729980 6.960004 1.122145 1.344533
0.376343 -0.252563 -0.856079 7.609129 0.895722 1.399596
0.381470 -0.398682 -0.977783 7.776929 0.771831 1.379184
0.440674 -0.429810 -1.127075 7.776929 0.576737 1.302998
0.520996 -0.280029 -1.462769 7.776929 0.067167 1.212097
0.530396 -0.141357 -1.797974 7.776929 -0.635835 1.114075
0.458984 0.059082 -1.896851 7.776929 -0.864393 0.998965
0.387817 0.082764 -1.790649 7.776929 -0.774441 0.888365
0.419067 0.012695 -1.761963 7.113563 -0.907115 0.884805
0.458252 -0.055054 -1.754272 5.898143 -1.328868 0.985912
0.500122 -0.164063 -1.710327 4.971330 -1.489073 1.085832
0.579956 -0.319702 -1.662598 4.500209 -1.106006 1.116686
0.624634 -0.429932 -1.642212 4.349261 -0.532829 1.078237
0.666626 -0.544800 -1.662720 4.346650 -0.081645 0.980453
0.710327 -0.567017 -1.699585 4.401713 0.327055 0.802210
0.744141 -0.534302 -1.924194 4.434228 0.522149 0.536864
0.671509 -0.402710 -2.216064 4.385574 0.243036 0.171834
0.505127 -0.299927 -2.402100 4.136366 -0.049604 -0.293353
0.327393 -0.271851 -2.459961 3.558206 -0.071677 -0.750233
0.200562 -0.410278 -2.508667 2.615252 0.093275 -0.993744
0.096924 -0.405151 -2.477295 1.446114 0.289792 -0.887890
0.034912 -0.437622 -2.407104 0.234967 0.683065 -0.535202
0.019653 -0.466919 -2.315674 -0.824995 1.206875 -0.111313
0.049438 -0.469971 -2.215454 -1.636936 1.551256 0.276027
0.107544 -0.469971 -2.124878 -2.238831 1.600623 0.525946
0.175171 -0.468994 -2.046387 -2.723243 1.332191 0.628952
0.234497 -0.497559 -1.944580 -3.142623 0.852052 0.617797
0.311157 -0.481323 -1.906128 -3.519282 0.315188 0.540899
0.359741 -0.398682 -1.975342 -3.844913 -0.320409 0.445250
0.383911 -0.333130 -2.086670 -4.162474 -0.973095 0.348890
0.404907 -0.278320 -2.306396 -4.582329 -1.628866 0.264634
0.308838 -0.335693 -2.380737 -5.174255 -2.051569 0.240426
0.244873 -0.521973 -2.248779 -6.009931 -1.925779 0.313527
0.255371 -0.701782 -2.053345 -7.103120 -1.534880 0.592639
0.307007 -0.745361 -1.777466 -7.777166 -1.022462 1.079424
0.407593 -0.763306 -1.509033 -7.777166 -0.381643 1.609167
0.524536 -0.785278 -1.270508 -7.777166 0.226897 2.004576
0.657104 -0.649536 -1.168213 -7.777166 0.634885 2.184480
0.731689 -0.516968 -1.096191 -7.777166 0.757828 2.146268
0.831787 -0.450073 -1.044678 -7.777166 0.779900 1.929102
0.937378 -0.337524 -1.055054 -7.777166 0.703951 1.595639
0.936401 -0.336182 -0.974243 -7.777166 0.626578 1.204502
0.839478 -0.435181 -0.763428 -7.777166 0.739315 0.795802
0.788330 -0.472778 -0.520996 -7.777166 1.023649 0.400868
0.737671 -0.441895 -0.296875 -7.777166 1.256005 0.067642
0.648682 -0.379272 -0.101074 -7.777166 1.478155 -0.168749
0.560547 -0.311401 0.093262 -7.371789 1.708138 -0.341058
0.470703 -0.228394 0.270874 -6.685876 1.842235 -0.485124
0.405518 -0.159668 0.394775 -5.848539 1.805922 -0.613762
0.360718 -0.114868 0.486816 -4.911757 1.627205 -0.707986
