1.078857 -0.115112 -1.140625 -0.179667 -0.083544 -0.064794
1.018311 -0.116455 -1.121338 -0.285758 0.012579 -0.103480
1.021973 -0.078735 -1.118774 -0.384491 0.132436 -0.137657
1.031250 -0.062500 -1.138794 -0.446437 0.115347 -0.196043
1.044556 -0.075439 -1.157715 -0.485836 -0.070253 -0.277688
1.040771 -0.078491 -1.168335 -0.543747 -0.186549 -0.406327
1.007690 -0.104614 -1.168213 -0.631325 -0.259176 -0.535202
0.968262 -0.155518 -1.149048 -0.712021 -0.305457 -0.623730
0.937866 -0.181274 -1.139771 -0.766609 -0.352213 -0.664315
0.928955 -0.181519 -1.114502 -0.800311 -0.404903 -0.677844
0.937744 -0.179810 -1.093872 -0.825232 -0.445962 -0.698492
0.953735 -0.177246 -1.067627 -0.847780 -0.445250 -0.741214
0.953125 -0.188354 -1.032227 -0.873412 -0.355773 -0.804346
0.927368 -0.196167 -0.991455 -0.904504 -0.176819 -0.867479
0.879150 -0.189453 -0.928223 -0.930611 0.004509 -0.922779
0.814575 -0.190796 -0.871216 -0.940817 0.147626 -0.976418
0.747681 -0.188721 -0.826782 -0.926814 0.182277 -1.020801
0.681396 -0.176392 -0.792358 -0.894773 0.107990 -1.051417
0.631958 -0.164673 -0.776611 -0.862257 -0.014478 -1.066845
0.602661 -0.152588 -0.764648 -0.845881 -0.150948 -1.069455
0.574341 -0.151245 -0.758667 -0.850390 -0.253005 -1.066133
0.539917 -0.137085 -0.737427 -0.870564 -0.291454 -1.060199
0.515015 -0.102295 -0.709106 -0.899282 -0.270805 -1.051655
0.470215 -0.076782 -0.677734 -0.930611 -0.220489 -1.052130
0.421997 -0.060059 -0.637817 -0.949598 -0.172072 -1.059250
0.364624 -0.044434 -0.603760 -0.945326 -0.138132 -1.053791
0.320679 -0.029907 -0.579834 -0.915184 -0.131961 -1.021750
0.284790 -0.023438 -0.572876 -0.862969 -0.147863 -0.973570
0.229370 -0.013672 -0.581177 -0.793666 -0.177056 -0.912336
0.201172 -0.008911 -0.613159 -0.722938 -0.221913 -0.817163
0.196777 0.015137 -0.653320 -0.676182 -0.293590 -0.690660
0.206055 0.060791 -0.698730 -0.688999 -0.289792 -0.557750
0.204712 0.082886 -0.729370 -0.766846 -0.229033 -0.447149
0.206177 0.104004 -0.731934 -0.882431 -0.145964 -0.363131
0.180176 0.105347 -0.715088 -1.009883 -0.077136 -0.290030
0.154785 0.089233 -0.677979 -1.121433 -0.017089 -0.211233
0.124390 0.079834 -0.634399 -1.194534 0.017326 -0.117246
0.105591 0.089966 -0.594849 -1.223014 0.013528 -0.005221
0.099121 0.099487 -0.546509 -1.216132 0.017563 0.117009
0.097046 0.120605 -0.501343 -1.189312 0.028006 0.247071
0.096191 0.136108 -0.474365 -1.148490 0.054114 0.385915
0.106934 0.138306 -0.454834 -1.096037 0.056487 0.529032
0.129639 0.142944 -0.445923 -1.046433 0.030380 0.680455
0.164307 0.149048 -0.446167 -1.003475 0.003323 0.833539
0.204102 0.140625 -0.442505 -0.970722 -0.013054 0.978079
0.260620 0.160278 -0.427246 -0.946988 -0.044857 1.103395
0.311768 0.165894 -0.400146 -0.919456 -0.073813 1.202603
0.354736 0.177002 -0.364258 -0.877210 -0.095173 1.278552
0.394531 0.179443 -0.325562 -0.819536 -0.083781 1.334802
0.435181 0.175049 -0.283569 -0.744536 -0.033702 1.392713
0.483032 0.175415 -0.234741 -0.653160 0.064794 1.461779
0.539185 0.182739 -0.191284 -0.538525 0.167325 1.521351
0.604248 0.174683 -0.149902 -0.400156 0.234730 1.564547
0.669800 0.158569 -0.112793 -0.243036 0.262498 1.588519
0.748291 0.154297 -0.082886 -0.076661 0.257040 1.601335
0.847412 0.163574 -0.067017 0.096835 0.188448 1.602047
0.953003 0.161865 -0.046631 0.258226 0.120569 1.582110
1.050293 0.153687 -0.034668 0.394460 0.074288 1.531319
1.143921 0.144287 -0.017090 0.515028 0.007595 1.451336
1.205811 0.104736 -0.012329 0.633461 -0.076186 1.339311
1.259521 0.053223 -0.023193 0.761150 -0.196280 1.191923
1.319946 0.003784 -0.082642 0.922542 -0.383305 1.024835
1.384277 -0.055298 -0.162842 1.121907 -0.553715 0.842321
1.443359 -0.087646 -0.257813 1.331479 -0.640819 0.638683
1.474243 -0.094604 -0.367554 1.518028 -0.613287 0.410124
1.488037 -0.109741 -0.491089 1.662094 -0.489158 0.159730
1.456909 -0.112427 -0.595825 1.769847 -0.324207 -0.107515
1.385742 -0.122192 -0.694214 1.840811 -0.107752 -0.378795
1.261353 -0.140015 -0.784546 1.906792 0.092325 -0.619933
1.137451 -0.169800 -0.891357 1.970636 0.214081 -0.768508
1.041748 -0.178467 -0.990845 1.997456 0.259413 -0.805770
0.979492 -0.160034 -1.073242 1.963042 0.243986 -0.790818
0.900269 -0.140015 -1.135132 1.875938 0.213369 -0.795565
0.821289 -0.118408 -1.190552 1.750859 0.146914 -0.806957
0.747559 -0.108887 -1.243652 1.609167 0.052215 -0.792954
0.687134 -0.092407 -1.272949 1.438994 -0.020886 -0.763524
0.626465 -0.071533 -1.266479 1.249359 -0.035364 -0.728397
0.575928 -0.073853 -1.263916 1.063997 0.010443 -0.678319
0.535889 -0.085083 -1.256836 0.901418 0.054826 -0.609253
0.515259 -0.085938 -1.252197 0.767084 0.067879 -0.530218
0.503540 -0.097656 -1.249023 0.657195 0.057911 -0.458779
0.508423 -0.098022 -1.242188 0.554427 0.047705 -0.397545
0.514160 -0.096313 -1.223389 0.439792 0.051028 -0.343194
0.522461 -0.091553 -1.180786 0.318036 0.090664 -0.295963
0.535156 -0.088867 -1.132935 0.201027 0.114398 -0.257040
0.539795 -0.087280 -1.078613 0.094461 0.143116 -0.231881
0.535522 -0.086914 -1.018188 0.000712 0.164002 -0.211233
0.530762 -0.094238 -0.964233 -0.069303 0.176106 -0.183939
0.525024 -0.098145 -0.918701 -0.100632 0.166613 -0.152847
0.531006 -0.102539 -0.888916 -0.090901 0.119620 -0.122230
0.537842 -0.113281 -0.875977 -0.063845 0.066218 -0.090901
0.555054 -0.100952 -0.865723 -0.043908 0.016139 -0.052215
0.576660 -0.092529 -0.857300 -0.039398 -0.027531 -0.021123
0.580444 -0.084229 -0.848389 -0.050553 -0.034414 -0.008544
0.578369 -0.085693 -0.833618 -0.078797 -0.005696 0.002373
0.563110 -0.074585 -0.834717 -0.110838 0.039398 0.026582
0.544434 -0.064819 -0.832031 -0.138607 0.082832 0.063845
0.526489 -0.055908 -0.824341 -0.161629 0.116297 0.108702
0.509277 -0.048340 -0.816528 -0.189635 0.150474 0.157119
0.497925 -0.053589 -0.807373 -0.226423 0.178243 0.218353
0.482300 -0.057495 -0.792236 -0.266770 0.177056 0.289792
0.466675 -0.060791 -0.778564 -0.292403 0.149287 0.354824
0.459961 -0.071167 -0.763794 -0.304033 0.103243 0.425551
0.454834 -0.081299 -0.757324 -0.304508 0.071202 0.498889
0.447632 -0.084351 -0.742676 -0.295963 0.061471 0.563683
0.428223 -0.095581 -0.726440 -0.292403 0.080696 0.616373
0.390625 -0.102173 -0.702759 -0.304270 0.117958 0.669300
0.342407 -0.105103 -0.666138 -0.323020 0.145964 0.735280
0.297729 -0.105957 -0.626343 -0.342007 0.138132 0.823571
0.249146 -0.094482 -0.588135 -0.350789 0.106803 0.924678
0.231689 -0.103271 -0.554321 -0.334887 0.059335 1.043348
0.234131 -0.133545 -0.523560 -0.293115 0.016376 1.196432
0.248901 -0.190796 -0.527100 -0.221201 -0.020886 1.381795
0.316406 -0.226929 -0.538940 -0.120332 -0.113449 1.588044
0.431885 -0.249756 -0.560303 -0.016376 -0.284096 1.777441
0.604980 -0.249390 -0.602539 0.069541 -0.473731 1.891127
0.769165 -0.249756 -0.642212 0.122230 -0.591452 1.886618
0.887207 -0.256714 -0.694336 0.122230 -0.555614 1.792156
0.972290 -0.289307 -0.746948 0.078322 -0.393510 1.661145
1.020996 -0.308716 -0.781006 0.012342 -0.183701 1.529184
1.041992 -0.332520 -0.800537 -0.062420 0.007832 1.404817
1.052734 -0.369019 -0.817261 -0.121044 0.112262 1.287571
1.067261 -0.384277 -0.824219 -0.150236 0.072151 1.185277
1.096191 -0.379028 -0.826538 -0.164239 -0.056487 1.090579
1.113281 -0.368774 -0.835327 -0.171122 -0.178955 0.985437
1.124878 -0.350830 -0.840210 -0.185600 -0.311153 0.874362
1.140015 -0.329224 -0.835327 -0.208147 -0.388051 0.767321
1.155640 -0.304077 -0.825562 -0.236154 -0.401342 0.660755
1.164551 -0.292480 -0.792480 -0.265584 -0.340109 0.543984
1.147949 -0.300049 -0.760742 -0.282672 -0.216692 0.410836
1.101074 -0.318848 -0.726929 -0.262736 -0.071202 0.285995
1.057983 -0.320923 -0.703491 -0.197704 0.037262 0.187499
1.011719 -0.317383 -0.697876 -0.104904 0.080221 0.109651
0.970337 -0.294189 -0.710571 -0.007832 0.062658 0.032041
0.930908 -0.263428 -0.726807 0.067879 0.016376 -0.045095
0.876831 -0.246948 -0.750610 0.106566 -0.004747 -0.117246
0.837402 -0.229370 -0.768555 0.107990 0.001424 -0.169224
0.794312 -0.223389 -0.773193 0.080221 0.008070 -0.201265
0.751099 -0.217407 -0.778198 0.041535 0.012342 -0.225948
0.716187 -0.215820 -0.770386 0.001899 0.004272 -0.242324
0.687988 -0.219360 -0.764648 -0.033940 -0.004035 -0.245173
0.669067 -0.222046 -0.749512 -0.057436 -0.008070 -0.239714
0.660522 -0.232544 -0.745850 -0.069778 -0.001187 -0.233543
0.649414 -0.236328 -0.738403 -0.075000 0.013528 -0.226423
0.646362 -0.244385 -0.733032 -0.075949 0.028718 -0.215980
0.645874 -0.244751 -0.722412 -0.075474 0.031329 -0.203638
0.647461 -0.242798 -0.711304 -0.073575 0.032990 -0.201502
0.646729 -0.241333 -0.705444 -0.071914 0.022310 -0.215268
0.641602 -0.252197 -0.700073 -0.068829 0.016614 -0.232356
0.626831 -0.250244 -0.689331 -0.062420 0.019937 -0.243274
