0.904663 0.505493 0.015991 -0.059335 0.579585 -0.258464
0.860229 0.534302 0.039429 -0.140505 0.664315 -0.264397
0.846680 0.539917 0.083984 -0.187499 0.634885 -0.248970
0.773438 0.542603 0.145142 -0.169224 0.465187 -0.235442
0.855957 0.518799 0.097412 -0.093275 0.152847 -0.161629
0.846802 0.510620 0.109009 -0.101819 0.200315 -0.145015
0.826294 0.543213 0.102905 -0.110601 0.231644 -0.136233
0.794922 0.518921 0.114624 -0.154034 0.353400 -0.128638
0.721313 0.516846 0.171387 -0.194144 0.278400 -0.084018
0.695435 0.520264 0.207153 -0.187261 0.248258 0.023259
0.680054 0.497559 0.247070 -0.190110 0.300235 0.128638
0.698730 0.485474 0.281250 -0.176581 0.379982 0.205062
0.675293 0.478516 0.316040 -0.124604 0.436469 0.204113
0.607178 0.487305 0.364502 -0.033228 0.439792 0.133860
0.546021 0.479614 0.431885 0.090901 0.396596 0.045332
0.470459 0.449707 0.509399 0.262261 0.296913 -0.070015
0.391724 0.422363 0.574951 0.499839 0.143354 -0.165901
0.369019 0.357666 0.595947 0.786071 -0.058148 -0.128638
0.429688 0.266113 0.547607 1.106955 -0.216692 0.056487
0.462769 0.217163 0.461304 1.409801 -0.301659 0.273891
0.460205 0.225830 0.386841 1.658059 -0.280062 0.484886
0.546753 0.238159 0.252808 1.859086 -0.310204 0.734331
0.610352 0.234741 0.155029 1.943342 -0.366453 0.930611
0.655884 0.211914 0.081055 1.937883 -0.434807 1.068506
0.682861 0.206421 0.005371 1.902282 -0.480851 1.164391
0.695923 0.183105 -0.069336 1.837489 -0.519301 1.203315
0.713013 0.144897 -0.126709 1.758929 -0.562734 1.202129
0.727173 0.123291 -0.178101 1.702204 -0.610914 1.174597
0.745361 0.085327 -0.244141 1.663755 -0.619695 1.133775
0.773804 0.076172 -0.312866 1.624357 -0.595249 1.138047
0.768433 0.044922 -0.358765 1.555528 -0.605692 1.214708
0.765869 -0.022827 -0.458008 1.518978 -0.617085 1.354264
0.741089 -0.052734 -0.494629 1.414785 -0.689236 1.448725
0.819580 -0.052734 -0.549927 1.243426 -0.808618 1.453472
0.823853 -0.058350 -0.581909 1.016054 -0.841846 1.317239
0.869751 -0.066284 -0.639160 0.796039 -0.796277 1.239866
0.861084 -0.091553 -0.631470 0.628477 -0.699442 1.195483
0.930908 -0.093140 -0.654541 0.573414 -0.709647 1.239154
0.989136 -0.069580 -0.727295 0.554190 -1.003237 1.324834
1.038330 -0.057007 -0.773438 0.467798 -1.242476 1.405529
1.072754 -0.041016 -0.805420 0.280774 -1.024835 1.493582
1.109131 -0.032837 -0.738647 0.013528 -0.612575 1.593977
1.151001 -0.049438 -0.711914 -0.205299 -0.378083 1.663993
1.212036 -0.051880 -0.706421 -0.356722 -0.281011 1.708375
1.279785 -0.052124 -0.744385 -0.464950 -0.228321 1.742078
1.382080 -0.032104 -0.756836 -0.567243 -0.180141 1.751571
1.477661 0.000977 -0.764404 -0.678319 -0.237340 1.703154
1.567383 0.038574 -0.764526 -0.790818 -0.232119 1.610829
1.636353 0.058960 -0.756836 -0.914709 -0.155221 1.475070
1.672974 0.064819 -0.745239 -1.047383 -0.096123 1.307982
1.695801 0.080933 -0.714233 -1.181955 -0.018513 1.151338
1.693115 0.081787 -0.677368 -1.318900 0.042959 1.016766
1.671143 0.073486 -0.612671 -1.463915 0.047943 0.881007
1.656128 0.088745 -0.617920 -1.647379 0.380931 0.779188
1.668091 0.069824 -0.484253 -1.860748 0.731720 0.699442
1.661743 0.060425 -0.386719 -2.012171 0.850390 0.589316
1.664917 0.076172 -0.304932 -2.101174 0.825232 0.434095
1.643799 0.090698 -0.231689 -2.147692 0.754030 0.259650
1.616211 0.100342 -0.125000 -2.168816 0.562496 0.070015
1.572876 0.105835 -0.081299 -2.146031 0.403241 -0.102531
1.542358 0.101807 -0.019043 -2.107107 0.506484 -0.245173
1.510620 0.112061 0.027954 -2.072218 0.555614 -0.340821
1.500244 0.119629 0.056885 -2.059876 0.556563 -0.394222
1.486206 0.127686 0.106445 -2.052994 0.588604 -0.457117
1.456299 0.141357 0.156128 -2.030921 0.679743 -0.544933
1.441284 0.149048 0.233276 -2.005051 0.785596 -0.656009
1.419922 0.179199 0.258545 -1.954023 0.768983 -0.792242
1.395020 0.176758 0.289673 -1.931238 0.766372 -0.918744
1.337891 0.172729 0.346680 -1.902757 0.816213 -1.038838
1.279419 0.150391 0.417114 -1.831318 0.836150 -1.160831
1.225830 0.173096 0.407104 -1.720480 0.742875 -1.284723
1.177002 0.204102 0.412109 -1.633139 0.647227 -1.388441
1.121704 0.212646 0.451050 -1.564547 0.512892 -1.478393
1.078003 0.235962 0.469116 -1.486225 0.385915 -1.582110
1.051392 0.283203 0.490845 -1.400070 0.359096 -1.652838
1.054077 0.327393 0.514038 -1.314865 0.349602 -1.649990
1.089233 0.327515 0.513672 -1.245087 0.413921 -1.610116
1.106567 0.303955 0.498047 -1.167240 0.568193 -1.585196
1.066895 0.275024 0.475952 -1.085120 0.698967 -1.649040
1.005249 0.265747 0.449341 -1.024598 0.774441 -1.764150
0.923462 0.239502 0.451416 -0.999677 0.856324 -1.883533
0.824341 0.203125 0.447510 -0.972146 0.829979 -1.994370
0.705200 0.163940 0.436401 -0.911624 0.637733 -2.071031
0.619751 0.166016 0.428223 -0.827131 0.426975 -2.112803
0.554565 0.181152 0.445923 -0.730533 0.257277 -2.127993
0.476685 0.183838 0.451416 -0.629426 0.155933 -2.112566
0.385376 0.171997 0.461548 -0.527845 0.187261 -2.047060
0.294189 0.169922 0.434204 -0.398969 0.253717 -1.883295
0.230835 0.219116 0.394409 -0.194382 0.346279 -1.663043
0.197266 0.281372 0.334229 0.048655 0.376184 -1.470323
0.178101 0.344482 0.262207 0.251106 0.303084 -1.321036
0.159668 0.383301 0.197754 0.365267 0.208147 -1.212572
0.151245 0.390869 0.140259 0.416058 0.063370 -1.135436
0.151001 0.411865 0.085449 0.419855 -0.083781 -1.078712
0.132935 0.421997 0.065308 0.353874 -0.148338 -1.017240
0.125488 0.414063 0.104980 0.233068 -0.068829 -0.913997
0.087158 0.381592 0.135498 0.157119 0.076186 -0.771119
0.015991 0.344360 0.119385 0.205774 0.106803 -0.603082
0.019897 0.329712 0.104492 0.329666 0.011392 -0.375472
0.100830 0.320923 0.087280 0.473019 -0.135521 -0.058860
0.196533 0.324097 0.049561 0.641293 -0.304982 0.274840
0.319092 0.351074 0.012085 0.831166 -0.441216 0.552054
0.417725 0.374146 -0.042358 1.003000 -0.506959 0.756404
0.519409 0.391235 -0.113037 1.109329 -0.457592 0.919456
0.603882 0.405029 -0.176880 1.139471 -0.324682 1.029107
0.637451 0.423096 -0.215088 1.116686 -0.113686 1.073727
0.640137 0.435913 -0.228760 1.043585 0.096360 1.069218
0.606201 0.433716 -0.211670 0.928950 0.162103 1.038838
0.550903 0.410645 -0.185181 0.804584 0.033702 0.991608
0.485107 0.357300 -0.147217 0.686388 -0.224524 0.967636
0.469971 0.300171 -0.103271 0.602844 -0.512418 1.006560
0.542236 0.246826 -0.067505 0.592639 -0.754979 1.103158
0.626343 0.208008 -0.053345 0.654347 -0.865580 1.233932
0.691895 0.162720 -0.059204 0.718192 -0.761150 1.393899
0.752075 0.139038 -0.088135 0.772780 -0.464950 1.578550
0.773926 0.150269 -0.147339 0.868191 -0.094224 1.733771
0.774292 0.180786 -0.199707 0.963839 0.244460 1.824435
0.776245 0.178467 -0.227173 0.977130 0.375947 1.851492
0.798462 0.161133 -0.253296 0.909251 0.300473 1.849355
0.821167 0.140137 -0.259644 0.846118 0.107278 1.823248
0.863403 0.114502 -0.261108 0.810992 -0.130062 1.797378
0.926758 0.107178 -0.260498 0.798175 -0.345805 1.785748
0.970703 0.106445 -0.233398 0.788682 -0.511468 1.749673
0.983154 0.095825 -0.212646 0.769932 -0.519775 1.713834
0.997803 0.076538 -0.190552 0.714632 -0.485124 1.738043
1.042114 0.058838 -0.187256 0.682353 -0.384729 1.821824
1.158691 0.057617 -0.203857 0.679031 -0.271043 1.941681
1.277832 0.057617 -0.236572 0.711546 -0.208859 1.998405
1.381226 0.071655 -0.282837 0.730771 -0.148812 1.945004
1.458374 0.090942 -0.283569 0.675233 -0.096835 1.823723
1.667725 0.152344 -0.244873 0.599284 -0.064319 1.640021
1.462402 0.036621 -0.276123 0.528794 0.253005 1.357112
1.438110 -0.020996 -0.179810 0.405377 0.765897 1.300625
1.443604 0.064819 -0.141602 0.373574 1.001813 1.292793
1.460815 0.070068 -0.095825 0.401105 0.379032 1.110278
1.504639 0.111572 -0.164185 0.411785 -0.304033 0.894536
1.465942 0.125122 -0.195557 0.420330 -0.646278 0.703951
1.409790 0.155518 -0.231445 0.388051 -0.655771 0.548968
1.350098 0.167847 -0.238770 0.262498 -0.304033 0.452133
1.287476 0.131104 -0.173828 0.088053 0.248495 0.452371
1.252441 0.095703 -0.104492 -0.017089 0.576500 0.499839
1.264404 0.085205 -0.069946 -0.005934 0.582433 0.529269
1.276489 0.072021 -0.076172 0.052215 0.449760 0.534728
1.298462 0.072754 -0.103149 0.091376 0.310204 0.534965
1.281738 0.057373 -0.085815 0.106566 0.063845 0.489633
1.272583 0.062256 -0.108154 0.082357 0.070253 0.446200
1.237061 0.056519 -0.084839 0.040585 0.288131 0.398494
1.213745 0.052612 -0.076172 0.029668 0.354349 0.333226
1.192261 0.043579 -0.063965 0.015664 0.203401 0.255141
1.191528 0.032837 -0.038818 0.005459 0.014715 0.172546
