0.555542 0.745728 -0.321899 -0.104192 -0.631325 -0.301897
0.666626 0.672729 -0.271362 -0.204113 -0.473731 -0.096835
0.673096 0.664795 -0.320801 -0.218116 -0.536626 -0.056724
0.660522 0.681396 -0.245972 -0.194382 -0.416770 -0.061234
0.508423 0.714600 -0.377808 -0.112737 -0.252055 0.022785
0.559082 0.685913 -0.288086 -0.154034 0.257989 0.261312
0.681396 0.678223 -0.283325 -0.127452 0.300235 0.450472
0.736450 0.679688 -0.340332 -0.097310 0.176106 0.477291
0.752197 0.697632 -0.366211 -0.154509 0.243274 0.447861
0.741577 0.708130 -0.354126 -0.238052 0.277213 0.366691
0.720947 0.709351 -0.332642 -0.322308 0.188923 0.261549
0.697266 0.691162 -0.278198 -0.402529 0.120332 0.190110
0.685059 0.678711 -0.222168 -0.418906 0.122705 0.163765
0.695801 0.682739 -0.201172 -0.346517 0.146914 0.166138
0.677002 0.684570 -0.206299 -0.240188 0.160205 0.178005
0.690063 0.702271 -0.213501 -0.142167 0.159493 0.183701
0.714966 0.717773 -0.251953 -0.079509 0.145727 0.169698
0.708008 0.728882 -0.281128 -0.086867 0.133385 0.142167
0.697632 0.734497 -0.297241 -0.127452 0.170173 0.126028
0.696167 0.730103 -0.289551 -0.158781 0.184651 0.113449
0.606445 0.718262 -0.288086 -0.181091 0.176819 0.086155
0.670898 0.717651 -0.255859 -0.201977 0.224761 0.105379
0.695190 0.692383 -0.244507 -0.190822 0.210758 0.131961
0.657104 0.662354 -0.251343 -0.179904 0.111787 0.133860
0.629761 0.644653 -0.244751 -0.181803 0.108465 0.130062
0.590210 0.612793 -0.236938 -0.174208 0.103243 0.140505
0.535156 0.582275 -0.231812 -0.158306 0.075237 0.157594
0.465942 0.557983 -0.240234 -0.140505 0.039398 0.177056
0.399414 0.531982 -0.240479 -0.135284 0.001899 0.217166
0.364014 0.493408 -0.231567 -0.147151 -0.042009 0.284808
0.336548 0.466797 -0.199219 -0.162815 -0.041772 0.360045
0.306030 0.458984 -0.154785 -0.158781 -0.027769 0.469459
0.319092 0.393433 -0.151123 -0.124366 -0.084256 0.636072
0.311890 0.359009 -0.152466 -0.069541 -0.112499 0.751182
0.281006 0.328491 -0.162231 0.001187 -0.111075 0.815976
0.236206 0.279785 -0.193115 0.063370 -0.181565 0.882906
0.148193 0.247314 -0.218262 0.120332 -0.297625 0.942004
0.064331 0.234009 -0.260742 0.168986 -0.395172 1.026497
0.016479 0.194580 -0.310547 0.187736 -0.468747 1.173648
-0.032349 0.169189 -0.340332 0.149999 -0.540661 1.340735
-0.072021 0.156128 -0.323120 0.062895 -0.591215 1.511858
-0.076660 0.140625 -0.279175 -0.013528 -0.669300 1.709087
-0.049561 0.115601 -0.227417 -0.053639 -0.773255 1.908691
0.007568 0.077515 -0.151245 -0.061471 -0.853001 2.119449
0.084106 0.019165 -0.095947 -0.021835 -0.789394 2.390966
0.203125 -0.028198 -0.098999 0.069303 -0.575550 2.768574
0.391724 -0.070923 -0.134033 0.199841 -0.361232 3.159711
0.615723 -0.098511 -0.233887 0.341058 -0.253717 3.429330
0.857056 -0.084839 -0.342163 0.425788 -0.261549 3.552509
1.104004 -0.061523 -0.426392 0.453795 -0.445725 3.521893
1.333008 -0.014404 -0.473022 0.463288 -0.844457 3.295707
1.514160 0.046509 -0.502930 0.483225 -1.272619 2.935425
1.682251 0.102295 -0.574707 0.539949 -1.616050 2.569446
1.840942 0.171143 -0.693237 0.615423 -1.745875 2.293182
2.062378 0.252563 -0.830322 0.668113 -1.605370 2.163594
2.365845 0.358765 -0.988892 0.628714 -1.265498 2.095477
2.624268 0.487061 -1.129517 0.462576 -0.830928 1.920795
2.802368 0.611572 -1.233276 0.210758 -0.464238 1.605370
2.900269 0.737915 -1.253784 -0.035838 -0.271043 1.175072
2.924561 0.850586 -1.234619 -0.206486 -0.219302 0.688762
2.875122 0.940674 -1.193359 -0.320409 -0.173496 0.213132
2.757446 0.984131 -1.177490 -0.429111 -0.016376 -0.172309
2.633667 0.986816 -1.130127 -0.577212 0.258701 -0.435045
2.544312 0.944214 -1.075195 -0.742163 0.491532 -0.670012
2.446289 0.858887 -1.016479 -0.894298 0.592401 -0.954108
2.341309 0.743652 -0.945313 -1.020801 0.573651 -1.278552
2.236206 0.625366 -0.852051 -1.132588 0.512180 -1.598249
2.102417 0.514526 -0.765747 -1.217556 0.470883 -1.891602
1.916382 0.422363 -0.686157 -1.262650 0.437418 -2.133452
1.707764 0.339233 -0.634399 -1.274517 0.438130 -2.314068
1.497803 0.261719 -0.590210 -1.281163 0.420330 -2.439146
1.291504 0.190796 -0.549927 -1.310356 0.336074 -2.504652
1.076660 0.128052 -0.535767 -1.370878 0.209334 -2.501329
0.888916 0.084473 -0.510620 -1.460592 0.069541 -2.430839
0.739380 0.058105 -0.493896 -1.549595 -0.064557 -2.309321
0.588135 0.008789 -0.466553 -1.653550 -0.137657 -2.193262
0.439331 -0.031616 -0.408203 -1.786460 -0.127689 -2.090968
0.296021 -0.084351 -0.315918 -1.907979 -0.057674 -1.980842
0.143433 -0.128784 -0.197876 -1.997693 0.024683 -1.844371
0.027954 -0.177979 -0.068848 -2.030684 0.111313 -1.677996
-0.069946 -0.209473 0.048706 -1.988200 0.237815 -1.494057
-0.156006 -0.231445 0.148560 -1.856476 0.331564 -1.315340
-0.247681 -0.234985 0.222656 -1.650227 0.319697 -1.164391
-0.306763 -0.217163 0.270142 -1.385830 0.192246 -1.025073
-0.367798 -0.193481 0.281128 -1.103632 0.031092 -0.877210
-0.427002 -0.180664 0.264526 -0.836862 -0.164002 -0.704901
-0.495361 -0.158936 0.235596 -0.600946 -0.364792 -0.515028
-0.531250 -0.150024 0.212769 -0.412735 -0.526183 -0.299049
-0.558838 -0.139526 0.192627 -0.272229 -0.635360 -0.039398
-0.536255 -0.131836 0.187012 -0.163527 -0.660043 0.261312
-0.482666 -0.120239 0.202515 -0.083306 -0.594300 0.571753
-0.419067 -0.111572 0.217163 -0.006646 -0.498415 0.860596
-0.356445 -0.083740 0.210205 0.101582 -0.462814 1.129265
-0.278442 -0.066040 0.186890 0.242799 -0.439554 1.380134
-0.205322 -0.062988 0.147339 0.369539 -0.448336 1.599674
-0.132690 -0.066650 0.112305 0.472782 -0.450235 1.817315
-0.069946 -0.073853 0.050171 0.584806 -0.472307 2.039702
0.023804 -0.075562 -0.018188 0.692559 -0.547069 2.261853
0.163696 -0.089966 -0.077759 0.778239 -0.667876 2.445317
0.302124 -0.115112 -0.145264 0.833302 -0.822384 2.556630
0.462158 -0.116943 -0.187622 0.868191 -1.014867 2.620949
0.645752 -0.111816 -0.265381 0.947225 -1.259802 2.628069
0.872925 -0.083130 -0.412354 1.076576 -1.455845 2.594604
1.040161 -0.073120 -0.568726 1.159882 -1.459168 2.590806
1.181030 -0.046753 -0.696899 1.175784 -1.389153 2.607420
1.316528 -0.012573 -0.809814 1.126417 -1.322935 2.599113
1.506958 0.070190 -0.900024 1.026259 -1.321273 2.559952
1.713867 0.139526 -0.987915 0.928475 -1.355688 2.449114
1.876465 0.193481 -1.059082 0.824283 -1.306321 2.280128
1.992432 0.250610 -1.103027 0.709885 -1.133300 2.120161
2.051147 0.315186 -1.105835 0.591927 -0.853238 1.977045
2.093628 0.358276 -1.091675 0.480851 -0.562259 1.836776
2.111328 0.420654 -1.065430 0.384017 -0.339397 1.675860
2.106812 0.489014 -1.058350 0.339397 -0.187261 1.483139
2.066406 0.552246 -1.078979 0.321359 -0.091613 1.269771
2.024902 0.631958 -1.113403 0.272229 -0.063133 1.064234
2.022095 0.693970 -1.146118 0.170648 -0.155221 0.844219
2.037964 0.711426 -1.170410 0.011392 -0.410124 0.579585
2.035645 0.713989 -1.187378 -0.159730 -0.609015 0.281011
2.038330 0.684448 -1.221069 -0.316375 -0.479427 0.001187
2.026001 0.638184 -1.248657 -0.469696 -0.335599 -0.211708
2.014038 0.588501 -1.245605 -0.657195 -0.113686 -0.365979
1.961670 0.542480 -1.193481 -0.842795 0.094936 -0.516452
1.900757 0.473755 -1.112305 -1.023886 0.334650 -0.698255
1.822144 0.411377 -1.023438 -1.191448 0.455456 -0.890263
1.738403 0.349976 -0.921265 -1.331479 0.564395 -1.065421
1.644897 0.287476 -0.817627 -1.427364 0.685676 -1.227999
1.559570 0.226196 -0.740112 -1.482665 0.729347 -1.392475
1.484009 0.176147 -0.678955 -1.516604 0.722701 -1.536304
1.383667 0.128052 -0.611206 -1.527285 0.717242 -1.655686
1.280029 0.098999 -0.566772 -1.523013 0.700866 -1.754182
1.184326 0.084717 -0.534180 -1.500940 0.655059 -1.827046
1.097778 0.072266 -0.527588 -1.473408 0.595012 -1.880210
1.015869 0.058960 -0.519653 -1.475307 0.527607 -1.908453
0.953735 0.046021 -0.465210 -1.513519 0.543747 -1.895874
0.858154 0.023438 -0.403320 -1.559088 0.737891 -1.856476
0.783325 0.019287 -0.340454 -1.562886 0.870564 -1.828707
0.718018 0.022095 -0.286499 -1.533930 0.777764 -1.839150
0.633301 0.007935 -0.238159 -1.514943 0.714157 -1.859324
0.545410 0.012085 -0.196289 -1.493820 0.566531 -1.846745
0.483032 0.019531 -0.139160 -1.474833 0.339159 -1.820163
0.433228 0.028687 -0.072388 -1.472934 0.133385 -1.790495
0.378662 0.023071 -0.012451 -1.452760 -0.005696 -1.732584
0.328125 0.031860 0.046387 -1.386542 -0.052927 -1.637648
0.292847 0.042603 0.099121 -1.293030 -0.060522 -1.516130
0.258545 0.066406 0.131104 -1.184328 -0.072389 -1.394611
0.233032 0.095703 0.153931 -1.054028 -0.072863 -1.263837
0.209351 0.129517 0.171753 -0.916608 -0.057911 -1.115262
0.208130 0.161987 0.168823 -0.776577 -0.018750 -0.965263
0.220215 0.197876 0.144165 -0.646278 0.045095 -0.808618
