0.463623 0.464233 -0.784668 -0.232593 0.142879 -0.456643
0.421631 0.475464 -0.742188 -0.245173 0.022785 -0.452608
0.459351 0.441040 -0.707520 -0.205062 -0.123180 -0.410361
0.394165 0.444214 -0.677490 -0.116059 -0.229033 -0.365267
0.364990 0.457275 -0.754639 -0.011155 -0.215980 -0.309729
0.474609 0.406006 -0.764893 0.022547 0.432909 -0.263922
0.344482 0.419189 -0.661743 -0.029430 0.686625 -0.163765
0.358765 0.458984 -0.566284 -0.075000 0.608303 -0.104430
0.434692 0.470093 -0.527832 0.045569 0.323732 -0.055063
0.475708 0.439331 -0.537598 0.243036 0.052690 0.033228
0.493530 0.385010 -0.546753 0.413447 0.006171 0.117721
0.503418 0.371094 -0.571167 0.511231 0.076661 0.118907
0.511963 0.361694 -0.578369 0.568430 0.182752 0.040823
0.507568 0.336914 -0.581909 0.626341 0.249682 -0.075712
0.487305 0.304810 -0.571167 0.695170 0.288606 -0.192246
0.464478 0.271973 -0.564331 0.771119 0.255615 -0.292166
0.432739 0.220825 -0.579102 0.856324 0.198179 -0.363131
0.385010 0.177490 -0.595459 0.949361 0.174682 -0.403478
0.338135 0.132690 -0.609863 1.043111 0.173970 -0.418194
0.298218 0.088257 -0.644775 1.140895 0.125316 -0.413209
0.278931 0.057007 -0.691895 1.267397 0.002373 -0.387339
0.264526 0.026001 -0.745239 1.416921 -0.106328 -0.341295
0.241577 -0.019775 -0.805542 1.551731 -0.161391 -0.286707
0.200928 -0.060913 -0.869385 1.660670 -0.140743 -0.235204
0.162476 -0.080688 -0.922852 1.768185 -0.084256 -0.193432
0.128906 -0.102173 -1.022949 1.896586 -0.116534 -0.149762
0.086304 -0.127686 -1.127563 2.056079 -0.208622 -0.111550
0.047119 -0.156860 -1.241699 2.210588 -0.294065 -0.092800
0.012817 -0.165894 -1.353638 2.331394 -0.359808 -0.082357
-0.041748 -0.190308 -1.447144 2.401172 -0.370014 -0.051028
-0.095947 -0.215576 -1.562256 2.416599 -0.368827 0.013054
-0.138428 -0.208862 -1.635376 2.397374 -0.391137 0.121518
-0.146851 -0.196899 -1.709473 2.368656 -0.373336 0.271755
-0.134766 -0.198486 -1.807373 2.326410 -0.369064 0.439317
-0.144409 -0.193970 -1.879883 2.246188 -0.446674 0.590977
-0.113770 -0.176147 -1.913818 2.093104 -0.463763 0.728872
-0.111450 -0.172607 -1.980835 1.864783 -0.374760 0.864393
-0.091675 -0.149536 -1.978271 1.602284 -0.378320 1.003237
-0.076294 -0.148193 -2.003418 1.321748 -0.388526 1.155847
-0.042236 -0.161621 -2.018677 1.051417 -0.432434 1.322223
0.024658 -0.149902 -2.018799 0.812178 -0.463051 1.497143
0.086060 -0.134766 -2.008057 0.616373 -0.485598 1.667553
0.127930 -0.125854 -2.034058 0.459253 -0.544933 1.820163
0.196411 -0.102783 -2.068481 0.337023 -0.594300 1.956633
0.265991 -0.045898 -2.089111 0.229745 -0.655297 2.076965
0.336914 -0.058716 -2.133179 0.084018 -0.727211 2.179733
0.416748 -0.015137 -2.137085 -0.134097 -0.720802 2.254495
0.488892 -0.024536 -2.153076 -0.428874 -0.694458 2.300065
0.565186 -0.001465 -2.098877 -0.780612 -0.606167 2.322137
0.625977 0.005615 -2.035767 -1.182192 -0.481563 2.333292
0.674194 -0.001099 -1.954346 -1.597063 -0.312815 2.338751
0.733032 0.013916 -1.834961 -1.974196 -0.106091 2.324986
0.795288 0.008667 -1.717163 -2.286299 0.013766 2.279654
0.855957 0.005371 -1.598145 -2.534557 0.072863 2.215809
0.926147 0.008911 -1.480225 -2.719445 0.152610 2.127044
0.976074 0.029907 -1.368530 -2.843337 0.222388 2.001253
1.005005 0.023071 -1.276123 -2.906707 0.233068 1.840574
1.014526 0.028442 -1.191772 -2.929729 0.235204 1.649752
1.029907 0.073608 -1.104004 -2.920947 0.257989 1.442554
1.018311 0.110107 -1.035278 -2.901248 0.297625 1.234644
0.996948 0.147461 -0.985474 -2.887957 0.365504 1.035278
0.972656 0.139526 -0.923828 -2.877988 0.439792 0.845881
0.936157 0.183594 -0.868408 -2.868732 0.490820 0.665739
0.909180 0.177612 -0.819580 -2.867545 0.565345 0.513604
0.880859 0.195679 -0.770630 -2.859713 0.675233 0.384254
0.868408 0.194458 -0.715942 -2.832894 0.791055 0.273653
0.843628 0.215942 -0.660400 -2.786138 0.892637 0.162578
0.830444 0.237549 -0.592896 -2.729176 0.984013 0.043671
0.809814 0.242676 -0.549072 -2.665806 1.032668 -0.077610
0.789307 0.249512 -0.504761 -2.576329 1.073965 -0.205062
0.764526 0.259155 -0.457764 -2.455523 1.078712 -0.344143
0.735840 0.280151 -0.415527 -2.307185 1.028395 -0.489396
0.706177 0.286011 -0.377808 -2.143183 0.958380 -0.627765
0.664551 0.292358 -0.351807 -1.976570 0.912336 -0.744536
0.618652 0.302124 -0.335571 -1.807821 0.894536 -0.839235
0.574463 0.306152 -0.328369 -1.637648 0.872700 -0.912811
0.537720 0.316772 -0.330933 -1.472222 0.848491 -0.958617
0.499146 0.329346 -0.331787 -1.325071 0.829030 -0.965263
0.466187 0.340210 -0.342896 -1.198568 0.807194 -0.938918
0.447876 0.351074 -0.351074 -1.083696 0.775865 -0.904266
0.423706 0.345703 -0.348267 -0.977367 0.747859 -0.874362
0.396240 0.342163 -0.338867 -0.895485 0.709647 -0.861071
0.371704 0.328491 -0.318115 -0.836387 0.674521 -0.866529
0.338257 0.298706 -0.285889 -0.786071 0.650550 -0.890026
0.298096 0.268433 -0.239502 -0.728397 0.604506 -0.926576
0.258789 0.260254 -0.206665 -0.644379 0.536626 -0.954108
0.200317 0.249512 -0.150757 -0.527607 0.405377 -0.959092
0.170776 0.223389 -0.127686 -0.371675 0.276027 -0.946513
0.153931 0.202881 -0.115234 -0.148100 0.128401 -0.916134
0.127930 0.182251 -0.079224 0.151423 0.001187 -0.866292
0.109131 0.156860 -0.091797 0.551341 -0.070490 -0.804821
0.073242 0.145386 -0.112915 1.033380 -0.121518 -0.734806
0.041504 0.103027 -0.175903 1.560512 -0.190822 -0.673097
-0.003784 0.027344 -0.215210 2.061300 -0.374523 -0.621594
-0.041870 -0.021484 -0.301025 2.482342 -0.494142 -0.570091
-0.046753 -0.023438 -0.361206 2.835742 -0.561310 -0.493193
-0.060303 -0.037109 -0.446899 3.140012 -0.578636 -0.376896
-0.049683 -0.083862 -0.548584 3.416513 -0.626104 -0.248970
-0.021484 -0.117676 -0.638306 3.687556 -0.676894 -0.154746
0.012085 -0.119263 -0.732422 3.927032 -0.767558 -0.125078
0.036865 -0.146240 -0.823608 4.092221 -0.837811 -0.155933
0.030762 -0.159790 -0.945068 4.153930 -0.889789 -0.222151
0.024292 -0.165771 -1.093628 4.149658 -0.959804 -0.293590
0.034668 -0.180664 -1.247192 4.116905 -1.041212 -0.328954
0.047119 -0.196045 -1.397095 4.058519 -1.123806 -0.302134
0.083008 -0.202881 -1.518433 3.960023 -1.147778 -0.231407
0.109619 -0.205444 -1.621826 3.790324 -1.080373 -0.143828
0.152222 -0.181885 -1.720215 3.537794 -0.920168 -0.060759
0.191162 -0.178467 -1.801758 3.219521 -0.731245 0.000000
0.252930 -0.152466 -1.894897 2.900536 -0.585044 0.024683
0.309570 -0.118896 -1.965332 2.645632 -0.491532 0.005934
0.353638 -0.092896 -2.005371 2.432501 -0.426975 -0.050791
0.354004 -0.075195 -2.031982 2.202755 -0.383542 -0.146202
0.342163 -0.042725 -2.057495 1.913675 -0.294539 -0.247309
0.319824 -0.018799 -2.065918 1.591129 -0.162341 -0.314951
0.280151 -0.027100 -2.051270 1.258615 -0.014240 -0.339397
0.243774 -0.015991 -1.987549 0.934883 0.123417 -0.339871
0.212524 -0.003662 -1.910034 0.627290 0.237578 -0.323732
0.195435 -0.010254 -1.822632 0.352688 0.293827 -0.286470
0.196777 -0.018066 -1.731689 0.130537 0.288843 -0.238527
0.194214 -0.034546 -1.645264 -0.046044 0.288606 -0.186787
0.195923 -0.039429 -1.569946 -0.190110 0.281011 -0.137420
0.207520 -0.040405 -1.502441 -0.294065 0.271992 -0.093512
0.211060 -0.049072 -1.435303 -0.348416 0.288606 -0.054826
0.216919 -0.053711 -1.385986 -0.355061 0.268907 -0.032278
0.225830 -0.049194 -1.348511 -0.320884 0.220726 -0.024683
0.226074 -0.045044 -1.328857 -0.262498 0.155221 -0.018750
0.221436 -0.045044 -1.315918 -0.207910 0.102768 -0.004747
0.216919 -0.039917 -1.315308 -0.181091 0.062183 0.023497
0.221680 -0.032471 -1.309204 -0.186312 0.037500 0.060996
0.221802 -0.029785 -1.301758 -0.209334 0.044383 0.098259
0.228027 -0.041260 -1.289551 -0.242562 0.031804 0.125790
0.239990 -0.039429 -1.265259 -0.276027 0.023971 0.149762
0.249878 -0.041138 -1.250977 -0.300235 0.032753 0.177531
0.267822 -0.044312 -1.232422 -0.308305 0.047705 0.200553
0.282104 -0.046143 -1.220825 -0.304982 0.039873 0.205537
0.291992 -0.045288 -1.215576 -0.296201 0.005696 0.193195
0.307861 -0.040527 -1.213257 -0.296201 -0.017801 0.172072
0.315063 -0.040527 -1.212036 -0.312815 -0.018987 0.150711
0.307739 -0.041870 -1.202393 -0.339397 0.015902 0.130774
0.302856 -0.045776 -1.184448 -0.367877 0.044857 0.111550
0.304443 -0.050049 -1.168823 -0.391137 0.061946 0.095411
0.299316 -0.044312 -1.150024 -0.394460 0.071439 0.090901
0.306763 -0.048828 -1.140747 -0.379744 0.066455 0.097784
0.312134 -0.052002 -1.130615 -0.360995 0.058860 0.114398
0.312988 -0.050293 -1.123901 -0.353162 0.075474 0.130062
0.319580 -0.049194 -1.123047 -0.359096 0.103006 0.141455
0.317749 -0.052124 -1.115967 -0.374760 0.127926 0.143591
0.319702 -0.049927 -1.110718 -0.396596 0.128638 0.134335
0.322876 -0.051270 -1.100952 -0.406327 0.099208 0.115822
