0.992188 0.396851 -0.309570 0.219065 -0.489396 -0.521911
0.959106 0.471313 -0.265869 0.177768 -0.644142 -0.542560
0.915405 0.458374 -0.358887 0.148575 -0.571278 -0.503873
0.893799 0.463257 -0.352051 0.054351 -0.233305 -0.444776
0.883545 0.441528 -0.359741 -0.001424 -0.065981 -0.333938
0.852417 0.450806 -0.319092 -0.036788 0.032990 -0.258938
0.841064 0.415771 -0.267212 -0.042009 0.057199 -0.131487
0.811279 0.356323 -0.331787 -0.060759 0.219065 -0.010443
0.752075 0.291626 -0.302368 -0.185600 0.564633 0.062420
0.713013 0.291626 -0.194580 -0.283147 0.751182 0.143354
0.698730 0.268188 -0.155151 -0.270568 0.728397 0.210758
0.674072 0.229248 -0.179565 -0.195806 0.550155 0.220964
0.621094 0.196167 -0.206909 -0.138132 0.402292 0.209097
0.578979 0.168457 -0.227783 -0.114873 0.332751 0.197230
0.518188 0.137207 -0.233521 -0.108939 0.331802 0.184413
0.432251 0.121216 -0.233398 -0.112025 0.310441 0.161629
0.338623 0.128540 -0.218262 -0.125790 0.220726 0.152847
0.253540 0.144409 -0.206421 -0.152610 0.112974 0.194382
0.181763 0.142334 -0.204590 -0.201502 0.057911 0.299523
0.118896 0.116577 -0.208496 -0.272467 0.104192 0.467798
0.067261 0.077637 -0.204468 -0.361707 0.174208 0.699679
0.053345 0.049194 -0.189453 -0.428399 0.213369 0.983301
0.081299 0.021118 -0.171509 -0.449522 0.177293 1.280926
0.137085 -0.012085 -0.164917 -0.417244 0.073101 1.556952
0.199585 -0.037354 -0.180420 -0.361944 -0.098971 1.803074
0.278687 -0.077271 -0.203735 -0.311628 -0.303796 2.031870
0.350708 -0.129272 -0.231445 -0.284096 -0.441216 2.248325
0.434204 -0.168579 -0.242920 -0.285283 -0.561310 2.471662
0.562256 -0.190430 -0.267822 -0.295014 -0.722227 2.736296
0.756592 -0.213623 -0.294800 -0.295489 -0.884330 3.037718
1.009399 -0.241577 -0.315430 -0.259888 -1.057826 3.298318
1.313965 -0.212891 -0.358765 -0.183701 -1.279739 3.436450
1.556396 -0.210083 -0.413696 -0.080696 -1.455133 3.407732
1.813110 -0.186768 -0.495605 0.036076 -1.619135 3.263429
2.036255 -0.148071 -0.608521 0.121756 -1.749673 3.009475
2.194580 -0.119995 -0.730347 0.113686 -1.687252 2.675774
2.274292 -0.097046 -0.807373 -0.017089 -1.340261 2.317153
2.316895 -0.069336 -0.807129 -0.221201 -0.921592 1.970636
2.353149 -0.051514 -0.812988 -0.425551 -0.454981 1.663993
2.403442 -0.066528 -0.716431 -0.577212 -0.394460 1.372064
2.421143 -0.072266 -0.705566 -0.654822 -0.391611 1.070879
2.413086 -0.089111 -0.691528 -0.703951 -0.145964 0.740264
2.378662 -0.099365 -0.647339 -0.750470 0.140743 0.443114
2.330444 -0.091309 -0.596191 -0.787732 0.370251 0.192720
2.257813 -0.087280 -0.557129 -0.810754 0.552528 -0.046993
2.175659 -0.094482 -0.528564 -0.832115 0.665265 -0.281486
2.091919 -0.103394 -0.489380 -0.851577 0.705375 -0.495329
2.014160 -0.099365 -0.455444 -0.858934 0.682116 -0.678556
1.947632 -0.098877 -0.427368 -0.856086 0.573889 -0.835675
1.894775 -0.105347 -0.407959 -0.847305 0.452608 -0.974045
1.862427 -0.112549 -0.404541 -0.854425 0.452133 -1.089867
1.831299 -0.131226 -0.365479 -0.883143 0.605692 -1.183141
1.822754 -0.130737 -0.322510 -0.899045 0.642480 -1.248885
1.804077 -0.125366 -0.284546 -0.882431 0.685439 -1.348093
1.771606 -0.128418 -0.249878 -0.843745 0.673809 -1.492633
1.728760 -0.138672 -0.230713 -0.794853 0.638683 -1.651414
1.658569 -0.142456 -0.216675 -0.749046 0.673809 -1.809957
1.587524 -0.133545 -0.194458 -0.717717 0.731245 -1.958532
1.488647 -0.133423 -0.169189 -0.692559 0.798175 -2.123009
1.362427 -0.136963 -0.138184 -0.677132 0.901656 -2.297217
1.216064 -0.144043 -0.118408 -0.646040 0.986386 -2.444605
1.060181 -0.145630 -0.100342 -0.608540 0.974757 -2.530522
0.917114 -0.155518 -0.105591 -0.577924 0.935595 -2.531234
0.799927 -0.127197 -0.104614 -0.539474 0.830454 -2.455285
0.694824 -0.093018 -0.110352 -0.501737 0.693746 -2.335666
0.644409 -0.046753 -0.104126 -0.498889 0.529269 -2.193262
0.579834 -0.022827 -0.083496 -0.523810 0.428874 -2.083373
0.520996 0.001465 -0.050171 -0.537338 0.365741 -1.997456
0.463379 0.021362 -0.025146 -0.529981 0.328004 -1.903944
0.412598 0.031372 -0.002441 -0.490345 0.304508 -1.785511
0.373291 0.055908 0.003906 -0.408937 0.261549 -1.650939
0.324707 0.080322 -0.003540 -0.302846 0.200553 -1.534168
0.268311 0.103638 -0.037231 -0.197230 0.134572 -1.426178
0.211792 0.115601 -0.078247 -0.114635 0.058860 -1.310830
0.166016 0.130005 -0.121826 -0.073575 -0.014240 -1.156085
0.137817 0.147949 -0.149536 -0.070253 -0.069066 -0.966212
0.141846 0.166260 -0.168701 -0.081170 -0.107990 -0.769220
0.147217 0.183228 -0.168823 -0.091376 -0.138132 -0.601658
0.130249 0.195557 -0.175171 -0.102531 -0.170410 -0.479902
0.113281 0.202148 -0.180786 -0.116059 -0.201502 -0.371200
0.090088 0.207764 -0.186890 -0.139556 -0.204825 -0.256565
0.063721 0.205566 -0.185913 -0.186787 -0.171122 -0.123892
0.055298 0.208008 -0.177612 -0.232356 -0.103480 0.038212
0.051025 0.204712 -0.160278 -0.248970 -0.034177 0.214318
0.066284 0.210083 -0.154297 -0.231169 0.008070 0.387102
0.080811 0.218628 -0.161987 -0.193432 -0.004035 0.557750
0.120361 0.218750 -0.177856 -0.148338 -0.060522 0.734568
0.174194 0.209717 -0.191284 -0.113686 -0.121993 0.919219
0.237793 0.205200 -0.193237 -0.099446 -0.152135 1.090816
0.304688 0.198975 -0.193481 -0.100158 -0.148575 1.237492
0.367676 0.188599 -0.190674 -0.108465 -0.143116 1.362333
0.424805 0.166138 -0.183594 -0.126265 -0.140505 1.468899
0.493164 0.141602 -0.177490 -0.137183 -0.145252 1.581398
0.568970 0.123047 -0.179932 -0.134097 -0.169224 1.701730
0.648315 0.107178 -0.186768 -0.127452 -0.199841 1.808296
0.731567 0.098022 -0.185547 -0.131012 -0.241375 1.882820
0.804688 0.078979 -0.190674 -0.158781 -0.285283 1.914387
0.859375 0.060791 -0.175049 -0.205299 -0.300947 1.920320
0.919556 0.049194 -0.159058 -0.236628 -0.302609 1.930526
0.969849 0.035522 -0.149414 -0.237340 -0.320884 1.931713
1.025757 0.021240 -0.153931 -0.224524 -0.371675 1.931713
1.083008 -0.002686 -0.165283 -0.206486 -0.454269 1.943580
1.155762 -0.018066 -0.192139 -0.178243 -0.556326 1.970399
1.246826 -0.012695 -0.220703 -0.154271 -0.673809 1.985589
1.389893 0.017822 -0.253540 -0.151898 -0.761625 1.976333
1.487915 0.002563 -0.277588 -0.171360 -0.758065 1.928627
1.618286 0.010254 -0.307861 -0.190584 -0.699679 1.891365
1.703491 0.020508 -0.333984 -0.226897 -0.508858 1.766524
1.746948 0.026611 -0.335938 -0.287419 -0.315188 1.570481
1.757568 0.029785 -0.349243 -0.346754 -0.169224 1.376099
1.766235 0.020386 -0.341309 -0.389238 -0.040111 1.227761
1.798706 0.012451 -0.338501 -0.418431 0.073338 1.124993
1.830322 0.017456 -0.335205 -0.442165 0.167088 1.012731
1.856201 0.014038 -0.328979 -0.462814 0.228559 0.888127
1.879150 0.009888 -0.338623 -0.480139 0.262973 0.776340
1.909546 0.013184 -0.354126 -0.497940 0.268907 0.676894
1.926392 0.016724 -0.354126 -0.541136 0.279587 0.563209
1.947510 0.015381 -0.330811 -0.612813 0.295726 0.426975
1.951050 0.002441 -0.305908 -0.680692 0.295489 0.275552
1.939941 -0.007690 -0.269897 -0.724837 0.282198 0.114635
1.900635 -0.029419 -0.235718 -0.757353 0.283384 -0.048655
1.866821 -0.049072 -0.201172 -0.787970 0.294302 -0.186075
1.830322 -0.067139 -0.156006 -0.798175 0.300235 -0.302372
1.784912 -0.072266 -0.128418 -0.788444 0.290979 -0.427213
1.737427 -0.076782 -0.105225 -0.767321 0.266296 -0.558699
1.686768 -0.085083 -0.090942 -0.733856 0.229983 -0.681641
1.633789 -0.085693 -0.080444 -0.688762 0.184651 -0.796751
1.573608 -0.080200 -0.083252 -0.646515 0.135521 -0.907115
1.515015 -0.075195 -0.082764 -0.614711 0.094936 -1.013443
1.445801 -0.075317 -0.084839 -0.595487 0.072626 -1.102208
1.386719 -0.079956 -0.080200 -0.586943 0.082832 -1.166290
1.325317 -0.069214 -0.076538 -0.567718 0.089715 -1.215182
1.275146 -0.060913 -0.077148 -0.532354 0.079272 -1.259565
1.225830 -0.045532 -0.079590 -0.482987 0.058386 -1.321985
1.160522 -0.028442 -0.090210 -0.433858 0.034889 -1.376336
1.068604 -0.028687 -0.098389 -0.407751 0.052215 -1.423567
0.973511 -0.023926 -0.104126 -0.389950 0.063845 -1.411937
0.908325 0.004028 -0.118774 -0.358384 0.071439 -1.361859
0.844727 0.022461 -0.119995 -0.332751 0.020411 -1.319849
0.805542 0.046509 -0.127075 -0.318036 -0.071439 -1.246274
0.775024 0.050171 -0.121338 -0.334412 -0.083544 -1.153236
0.765747 0.045898 -0.095459 -0.377134 -0.027531 -1.046908
0.740112 0.044067 -0.058350 -0.403241 0.035601 -0.971434
0.719971 0.043213 -0.041016 -0.378558 0.052927 -0.908539
0.698242 0.050171 -0.038940 -0.317799 0.043671 -0.838286
0.682861 0.059326 -0.036987 -0.247309 0.018513 -0.771356
0.660278 0.067505 -0.038696 -0.196755 -0.007832 -0.710122
0.642944 0.072632 -0.036011 -0.162578 -0.026345 -0.648414
0.628784 0.080933 -0.030518 -0.131249 -0.053876 -0.585518
0.623657 0.089600 -0.030640 -0.087341 -0.107040 -0.513842
