0.918335 0.458740 -0.207520 -0.334650 0.007120 0.116534
0.992188 0.432983 -0.167236 -0.374523 -0.081882 0.065981
0.992065 0.323975 -0.221069 -0.308068 -0.253005 -0.039161
0.980225 0.371338 -0.164551 -0.192246 0.283384 -0.239714
1.045044 0.502808 -0.161255 -0.144066 0.577449 -0.433146
0.982178 0.494629 -0.230835 -0.214556 0.414396 -0.512180
0.961304 0.508911 -0.168701 -0.251818 0.320647 -0.464475
0.965576 0.505371 -0.191528 -0.297387 0.227372 -0.403241
0.959229 0.494507 -0.177856 -0.352925 0.186312 -0.366691
0.970703 0.503174 -0.172729 -0.351026 0.080933 -0.373336
0.963745 0.500732 -0.177002 -0.321833 0.001661 -0.415345
0.963379 0.504272 -0.147705 -0.295489 -0.046756 -0.488446
0.960083 0.506104 -0.139038 -0.273416 -0.089240 -0.573889
0.930420 0.499268 -0.149048 -0.272467 -0.070253 -0.643667
0.886230 0.501587 -0.157227 -0.270093 -0.012104 -0.677844
0.862305 0.515015 -0.147705 -0.282198 0.025158 -0.662891
0.827026 0.504883 -0.144775 -0.317561 0.013528 -0.617559
0.797607 0.486938 -0.132935 -0.358858 -0.025395 -0.586705
0.771606 0.478394 -0.115723 -0.398257 -0.075237 -0.579585
0.741577 0.468506 -0.093994 -0.417956 -0.102294 -0.563683
0.689819 0.462524 -0.085815 -0.409175 -0.107040 -0.520013
0.649536 0.460693 -0.076782 -0.384254 -0.129350 -0.428874
0.608887 0.446777 -0.069214 -0.355773 -0.150711 -0.292403
0.583374 0.418213 -0.047974 -0.328479 -0.172784 -0.142879
0.547241 0.394531 -0.037964 -0.300710 -0.197230 -0.021123
0.510498 0.368408 -0.019409 -0.240426 -0.204113 0.078085
0.470947 0.341553 0.002075 -0.135996 -0.211233 0.178480
0.423950 0.315308 0.014526 0.001661 -0.234018 0.290742
0.373657 0.290894 0.023315 0.163527 -0.254666 0.420567
0.319946 0.256592 0.020630 0.328479 -0.266770 0.579348
0.278564 0.224731 0.010010 0.486073 -0.306644 0.773967
0.274902 0.176880 -0.018921 0.636547 -0.343669 1.000389
0.291748 0.125732 -0.047363 0.766372 -0.358384 1.249597
0.311523 0.074707 -0.054443 0.846118 -0.364317 1.495956
0.342896 0.022461 -0.065552 0.872938 -0.407276 1.707189
0.376709 -0.022095 -0.059937 0.895485 -0.485598 1.865969
0.420166 -0.051758 -0.072632 0.950311 -0.539237 1.989861
0.443237 -0.093628 -0.068237 1.029819 -0.520487 2.102835
0.451782 -0.123535 -0.090088 1.102920 -0.457592 2.226489
0.482422 -0.142334 -0.124390 1.166765 -0.400630 2.379811
0.533813 -0.178711 -0.156372 1.215182 -0.398257 2.555680
0.621216 -0.201172 -0.173828 1.243426 -0.457592 2.711138
0.719971 -0.210327 -0.198608 1.255767 -0.518114 2.810821
0.820557 -0.218140 -0.230713 1.272381 -0.511468 2.855441
0.904541 -0.214844 -0.253296 1.289232 -0.504585 2.855916
0.988403 -0.219116 -0.293457 1.296827 -0.466374 2.819365
1.066284 -0.229248 -0.341675 1.284486 -0.391374 2.765964
1.156738 -0.225220 -0.365234 1.237492 -0.325394 2.718258
1.250366 -0.235107 -0.377075 1.133300 -0.274365 2.656550
1.321533 -0.219482 -0.377319 0.994693 -0.270805 2.550459
1.377563 -0.201050 -0.378906 0.885991 -0.282672 2.393577
1.422485 -0.180908 -0.392700 0.843982 -0.306169 2.220081
1.455933 -0.154541 -0.407227 0.846355 -0.330615 2.067471
1.517578 -0.136353 -0.441162 0.839473 -0.314951 1.945478
1.581909 -0.107422 -0.463013 0.786308 -0.269619 1.840811
1.661499 -0.098267 -0.473389 0.683777 -0.227135 1.711461
1.747681 -0.090698 -0.493408 0.576262 -0.217166 1.523013
1.827026 -0.084229 -0.523926 0.518351 -0.227609 1.288283
1.900635 -0.076904 -0.559448 0.516215 -0.214793 1.038126
1.955444 -0.062866 -0.610229 0.527845 -0.148575 0.794853
1.982056 -0.047119 -0.661621 0.501263 -0.036788 0.562971
2.001709 -0.011963 -0.697754 0.418906 0.066455 0.328242
1.988159 0.014526 -0.719482 0.296201 0.150236 0.078322
1.958008 0.029297 -0.721436 0.158543 0.186075 -0.185837
1.917236 0.038452 -0.723877 0.029193 0.171360 -0.451659
1.876587 0.042725 -0.718872 -0.068117 0.155221 -0.708223
1.829834 0.034546 -0.738281 -0.141217 0.157831 -0.948886
1.783691 0.020386 -0.750610 -0.221201 0.158781 -1.182429
1.734619 -0.007690 -0.751221 -0.332276 0.150474 -1.414548
1.679077 -0.036499 -0.751465 -0.482513 0.133860 -1.641683
1.617065 -0.070679 -0.729858 -0.654110 0.081170 -1.857900
1.519897 -0.089478 -0.703003 -0.808144 0.018275 -2.065335
1.413452 -0.088379 -0.689819 -0.927763 -0.033940 -2.234321
1.298950 -0.083130 -0.681519 -1.021750 -0.081170 -2.355128
1.186768 -0.063477 -0.674927 -1.124044 -0.131961 -2.447453
1.073730 -0.049194 -0.667603 -1.248410 -0.164477 -2.529098
0.950195 -0.038208 -0.654297 -1.391526 -0.163765 -2.587246
0.813477 -0.029541 -0.647583 -1.539389 -0.132199 -2.598164
0.685669 -0.020996 -0.641724 -1.677758 -0.142642 -2.552357
0.578003 -0.024048 -0.605835 -1.807821 -0.217166 -2.460269
0.486328 -0.024170 -0.565063 -1.933611 -0.302846 -2.325697
0.413696 -0.034790 -0.509399 -2.042788 -0.360995 -2.149591
0.353760 -0.051514 -0.432861 -2.116126 -0.393036 -1.945241
0.295410 -0.063965 -0.365601 -2.143183 -0.382118 -1.711698
0.255859 -0.073486 -0.294434 -2.129180 -0.356248 -1.450387
0.220825 -0.077026 -0.228760 -2.096189 -0.329191 -1.172698
0.210083 -0.076538 -0.166382 -2.055841 -0.282910 -0.894298
0.198242 -0.075684 -0.098145 -2.013358 -0.238527 -0.634648
0.156738 -0.059692 -0.044800 -1.960193 -0.192483 -0.416770
0.094482 -0.062866 -0.009766 -1.869529 -0.127689 -0.235204
0.038696 -0.065674 0.010132 -1.729261 -0.108702 -0.035126
0.007935 -0.079224 0.025757 -1.553630 -0.169936 0.214556
0.030273 -0.094482 0.065308 -1.383694 -0.288843 0.494142
0.065308 -0.132202 0.092651 -1.249359 -0.415108 0.765897
0.146973 -0.182129 0.135010 -1.144692 -0.505297 1.034566
0.244019 -0.239868 0.188599 -1.040262 -0.574126 1.312254
0.342407 -0.293701 0.218628 -0.899520 -0.586943 1.582110
0.447510 -0.312378 0.251221 -0.693034 -0.534728 1.812093
0.528809 -0.306885 0.246704 -0.419618 -0.499127 1.983690
0.579956 -0.296265 0.201782 -0.104904 -0.485598 2.088357
0.607910 -0.262451 0.155151 0.199128 -0.485836 2.144369
0.603516 -0.218872 0.114746 0.436943 -0.502449 2.181869
0.612305 -0.210449 0.046021 0.584806 -0.554664 2.236932
0.687134 -0.214844 -0.011475 0.656483 -0.648414 2.337802
0.775391 -0.228149 -0.051392 0.682591 -0.768270 2.467390
0.876953 -0.245972 -0.077148 0.706799 -0.844931 2.561139
0.982910 -0.237427 -0.109863 0.789868 -0.844694 2.593655
1.072510 -0.227783 -0.161011 0.952209 -0.790343 2.578465
1.144653 -0.219116 -0.220459 1.148490 -0.694695 2.522690
1.245483 -0.199341 -0.307861 1.295641 -0.604980 2.442231
1.327881 -0.182617 -0.382568 1.342634 -0.552054 2.343261
1.409180 -0.161011 -0.453491 1.284011 -0.515266 2.204417
1.480225 -0.151001 -0.518188 1.146354 -0.468984 2.021427
1.537109 -0.134521 -0.578369 0.972383 -0.443589 1.813754
1.583130 -0.131592 -0.604736 0.788919 -0.411785 1.599199
1.602661 -0.149414 -0.613037 0.610439 -0.324207 1.394374
1.611816 -0.156128 -0.602051 0.462102 -0.205062 1.208299
1.602905 -0.157349 -0.583496 0.373811 -0.072863 1.043585
1.580933 -0.168335 -0.566040 0.336074 0.037262 0.878634
1.542236 -0.158447 -0.549072 0.322071 0.133623 0.713208
1.479370 -0.144409 -0.542358 0.311153 0.203638 0.548968
1.391602 -0.134155 -0.533691 0.294777 0.241612 0.387339
1.305542 -0.125000 -0.520142 0.255378 0.212420 0.231407
1.239746 -0.126953 -0.513184 0.191534 0.118433 0.096835
1.183105 -0.136841 -0.501953 0.125078 0.032990 0.003797
1.140381 -0.150024 -0.488647 0.073575 0.018513 -0.041772
1.103882 -0.165283 -0.477539 0.042484 0.076898 -0.048655
1.058350 -0.182861 -0.466919 0.026582 0.148812 -0.034889
1.009521 -0.191162 -0.453369 0.020649 0.175869 -0.024209
0.975830 -0.186890 -0.445923 0.016851 0.122468 -0.018513
0.950806 -0.188843 -0.429199 0.004272 0.028481 -0.013054
0.954102 -0.193237 -0.416992 -0.018275 -0.058386 -0.005221
0.970825 -0.199219 -0.402710 -0.051266 -0.111550 0.005696
0.988647 -0.209473 -0.396973 -0.087104 -0.122468 0.009494
1.006836 -0.221924 -0.390015 -0.117483 -0.091851 -0.002373
1.007202 -0.229492 -0.385620 -0.135996 -0.042009 -0.021835
1.008179 -0.235474 -0.384766 -0.141692 0.017801 -0.046756
1.001465 -0.244141 -0.370117 -0.145490 0.064794 -0.080696
0.981689 -0.247192 -0.366455 -0.146439 0.093037 -0.119620
0.961914 -0.250488 -0.357544 -0.143591 0.098496 -0.154746
0.946289 -0.251953 -0.355469 -0.136233 0.084018 -0.179192
0.926514 -0.251587 -0.356567 -0.123417 0.065743 -0.191059
0.905640 -0.251343 -0.357544 -0.110838 0.058386 -0.192008
0.892334 -0.245605 -0.355591 -0.101582 0.045332 -0.175869
0.883667 -0.247070 -0.350708 -0.095411 0.042009 -0.147626
0.887817 -0.242188 -0.349121 -0.095411 0.045332 -0.123654
0.885742 -0.247070 -0.340332 -0.099683 0.037500 -0.114635
0.885010 -0.249634 -0.333740 -0.099208 0.021598 -0.112499
0.884155 -0.243774 -0.331421 -0.082832 0.003323 -0.109177
0.882935 -0.249268 -0.327271 -0.056724 -0.012342 -0.099920
