1.216064 -0.084839 -0.023438 0.664315 -0.594300 -0.318273
1.087524 0.023926 -0.079468 0.775391 -0.452608 -0.196992
1.105347 -0.051880 -0.141846 0.830928 -0.346042 -0.018513
1.064087 0.028687 -0.248779 0.798413 -0.356010 0.159967
1.073242 0.058472 -0.337524 0.625866 -0.496279 0.252767
1.143433 0.107544 -0.420532 0.368352 -0.576737 0.339397
1.166504 0.076782 -0.411133 0.061234 -0.435045 0.310678
1.188110 0.050781 -0.360474 -0.229508 -0.372624 0.252767
1.282349 0.042725 -0.294067 -0.386390 -0.246834 0.177293
1.432007 0.115112 -0.230347 -0.393036 -0.207673 0.066693
1.575806 0.153076 -0.223877 -0.274128 -0.302134 -0.123654
1.695313 0.176758 -0.288330 -0.076424 -0.536626 -0.386627
1.819580 0.246704 -0.413574 0.109177 -0.818349 -0.615661
1.950073 0.265503 -0.553711 0.198891 -0.948886 -0.711546
2.095459 0.280640 -0.688477 0.163290 -0.784647 -0.700866
2.255249 0.300659 -0.750977 0.013528 -0.603556 -0.716056
2.385742 0.276611 -0.768677 -0.258464 -0.534016 -0.885991
2.476929 0.159790 -0.722412 -0.616373 -0.529743 -1.235831
2.404541 -0.001465 -0.619629 -0.962890 -0.345330 -1.694372
2.237915 -0.131958 -0.459961 -1.228473 -0.031329 -2.143183
2.028198 -0.221802 -0.307251 -1.354026 0.279587 -2.487326
1.783936 -0.293091 -0.176147 -1.320799 0.540186 -2.699034
1.536743 -0.336060 -0.087158 -1.194296 0.705850 -2.822688
1.215210 -0.298584 -0.060303 -1.037414 0.743824 -2.887244
1.008667 -0.215820 -0.032227 -0.894298 0.656009 -2.866121
0.858154 -0.176025 -0.066895 -0.795327 0.452608 -2.737008
0.762573 -0.111816 -0.076294 -0.749758 0.409887 -2.525538
0.685791 -0.049194 -0.095215 -0.742163 0.430298 -2.322375
0.583984 -0.004395 -0.113770 -0.753555 0.439317 -2.155050
0.544434 0.030640 -0.116089 -0.753793 0.278163 -2.009323
0.521729 0.039795 -0.137695 -0.725787 0.156170 -1.847694
0.534180 0.041748 -0.126587 -0.681167 0.123417 -1.688913
0.517212 0.062744 -0.113159 -0.632987 0.097547 -1.578313
0.483887 0.091553 -0.096558 -0.562734 -0.018750 -1.517079
0.451538 0.099243 -0.119385 -0.460915 -0.207198 -1.463203
0.395386 0.109131 -0.135376 -0.377371 -0.306169 -1.400545
0.379150 0.138184 -0.139160 -0.364317 -0.392323 -1.338599
0.328003 0.142334 -0.128052 -0.386865 -0.361944 -1.255767
0.328979 0.135986 -0.092773 -0.408937 -0.401342 -1.164391
0.346436 0.136353 -0.065674 -0.390662 -0.494854 -1.089392
0.337280 0.148071 -0.019775 -0.309492 -0.583382 -1.035278
0.341919 0.183716 -0.009888 -0.172784 -0.736230 -0.979029
0.334961 0.187500 -0.039795 -0.039873 -0.731720 -0.869377
0.355591 0.232422 -0.109009 0.046756 -0.731245 -0.727685
0.377319 0.269531 -0.158203 0.064557 -0.604506 -0.566531
0.371948 0.289551 -0.203857 0.006646 -0.345093 -0.428399
0.382446 0.349609 -0.211426 -0.084730 -0.223812 -0.341058
0.405151 0.367676 -0.193970 -0.144066 -0.270093 -0.288606
0.422241 0.375122 -0.208862 -0.173021 -0.291691 -0.255141
0.424438 0.403320 -0.221802 -0.195094 -0.259650 -0.229033
0.420410 0.398315 -0.236816 -0.212657 -0.212182 -0.188448
0.438477 0.424683 -0.243286 -0.244223 -0.190584 -0.149287
0.448730 0.432617 -0.234131 -0.278637 -0.171360 -0.137657
0.443359 0.436157 -0.223511 -0.311865 -0.165189 -0.148812
0.436768 0.424316 -0.202393 -0.349602 -0.176581 -0.150948
0.447510 0.406738 -0.177002 -0.369776 -0.158306 -0.120332
0.456787 0.395386 -0.147705 -0.350077 -0.115585 -0.063133
0.492188 0.397217 -0.148804 -0.284096 -0.073101 0.002373
0.519653 0.398071 -0.168579 -0.190822 -0.028243 0.062895
0.545410 0.415527 -0.205078 -0.093749 -0.007120 0.098022
0.549438 0.423706 -0.261475 -0.011630 -0.032041 0.095885
0.551392 0.439453 -0.317017 0.041297 -0.100870 0.075474
0.550293 0.447876 -0.369263 0.045332 -0.159018 0.059572
0.564941 0.458984 -0.406494 0.018513 -0.220252 0.047943
0.591797 0.482056 -0.449829 -0.009731 -0.285046 0.042247
0.617554 0.511108 -0.512573 -0.023734 -0.343194 0.031804
0.622192 0.548828 -0.590332 -0.033702 -0.392561 0.000475
0.607422 0.559692 -0.673340 -0.056012 -0.434095 -0.036313
0.607422 0.556641 -0.750366 -0.104430 -0.436231 -0.031566
0.619751 0.549072 -0.813110 -0.184413 -0.377371 0.028481
0.649292 0.534180 -0.855347 -0.286944 -0.261549 0.121044
0.674561 0.539551 -0.866577 -0.400868 -0.127452 0.207910
0.711914 0.549194 -0.879028 -0.519063 -0.002136 0.271992
0.721680 0.553955 -0.894409 -0.645328 0.107278 0.305457
0.722168 0.572266 -0.910645 -0.790818 0.163290 0.297387
0.701050 0.572388 -0.889404 -0.971671 0.135996 0.248495
0.682007 0.550171 -0.838501 -1.177920 0.038449 0.173733
0.651245 0.522461 -0.776855 -1.372539 -0.099208 0.095648
0.634277 0.476807 -0.713257 -1.534168 -0.269619 0.032278
0.624023 0.449341 -0.628784 -1.668977 -0.484886 -0.025395
0.606567 0.442749 -0.511108 -1.784562 -0.663366 -0.085205
0.567017 0.414795 -0.403320 -1.865020 -0.791055 -0.128876
0.542603 0.374146 -0.304810 -1.904656 -0.891450 -0.128401
0.527832 0.339478 -0.192749 -1.913912 -0.945801 -0.066693
0.507080 0.295288 -0.061157 -1.900621 -0.860833 0.066218
0.474609 0.234741 0.057251 -1.843185 -0.609490 0.278637
0.448975 0.198975 0.139648 -1.718818 -0.361232 0.539474
0.473145 0.198975 0.195679 -1.540813 -0.200315 0.784172
0.478638 0.198120 0.210693 -1.363045 -0.121044 0.944377
0.482178 0.213135 0.222656 -1.238442 -0.176581 1.004187
0.461304 0.223022 0.269165 -1.169850 -0.360757 0.992320
0.442261 0.223267 0.343750 -1.127129 -0.591452 0.966450
0.434692 0.200684 0.439453 -1.075151 -0.856324 0.948649
0.446655 0.159912 0.537231 -0.989472 -1.110753 0.942953
0.473755 0.092407 0.630127 -0.853476 -1.318425 0.959329
0.524170 0.032471 0.704712 -0.660993 -1.426652 1.017952
0.577759 0.001221 0.758057 -0.415820 -1.408615 1.129977
0.671021 0.013550 0.757324 -0.130774 -1.317476 1.286384
0.759521 0.031982 0.730713 0.159493 -1.165103 1.441368
0.848877 0.067383 0.666382 0.429111 -1.043823 1.540813
0.937744 0.099609 0.586914 0.670961 -0.984013 1.594215
1.049927 0.109985 0.482910 0.872463 -0.938918 1.613677
1.162598 0.150879 0.377319 1.001101 -0.854425 1.590892
1.235718 0.181519 0.301758 1.034092 -0.697306 1.522538
1.280518 0.226074 0.275513 0.986149 -0.540899 1.406953
1.293701 0.240112 0.280273 0.929187 -0.454744 1.247460
1.309814 0.223145 0.286621 0.924440 -0.463051 1.070405
1.360962 0.218384 0.288696 0.993269 -0.562259 0.898333
1.439087 0.228516 0.268433 1.133300 -0.657670 0.735992
1.475708 0.225952 0.232544 1.287334 -0.651736 0.563209
1.472778 0.214111 0.184570 1.414785 -0.581721 0.375710
1.416504 0.181396 0.147339 1.514231 -0.496753 0.214556
1.358887 0.151489 0.106689 1.600386 -0.445250 0.114873
1.337891 0.143799 0.080322 1.667315 -0.415345 0.083306
1.343750 0.148804 0.039551 1.740654 -0.340821 0.092800
1.344604 0.173340 -0.008911 1.838675 -0.263685 0.096597
1.353516 0.183472 -0.092773 1.958057 -0.230932 0.066693
1.362915 0.203003 -0.211426 2.070557 -0.211945 0.024209
1.380493 0.216797 -0.335083 2.139860 -0.149524 -0.008307
1.378296 0.221313 -0.438354 2.142233 -0.032516 -0.041060
1.359253 0.223633 -0.521118 2.081712 0.111787 -0.072626
1.341797 0.226318 -0.572510 1.997693 0.263448 -0.090189
1.311401 0.228638 -0.622925 1.911301 0.393273 -0.105616
1.302490 0.229248 -0.678589 1.830368 0.445725 -0.147151
1.296265 0.245605 -0.734619 1.763201 0.402529 -0.220252
1.281372 0.251587 -0.797241 1.691287 0.317087 -0.318036
1.247803 0.247925 -0.846436 1.597300 0.254903 -0.423178
1.211304 0.241577 -0.886719 1.492396 0.238764 -0.500313
1.146729 0.233398 -0.916626 1.401257 0.312340 -0.515978
1.088867 0.227783 -0.972656 1.326732 0.450709 -0.474206
1.040771 0.244263 -1.014648 1.259090 0.560123 -0.404665
0.991943 0.245972 -1.056030 1.162255 0.654822 -0.331090
0.949829 0.252319 -1.088623 1.028633 0.693508 -0.266770
0.933350 0.239502 -1.088867 0.870327 0.611863 -0.242087
0.923340 0.226318 -1.069092 0.717480 0.456643 -0.266533
0.900879 0.189941 -1.026978 0.574838 0.359571 -0.287182
0.871948 0.159302 -1.001831 0.451659 0.359096 -0.256802
0.853394 0.151733 -0.966309 0.345330 0.417244 -0.175869
0.841675 0.157227 -0.950195 0.247309 0.458779 -0.091851
0.840942 0.159302 -0.923096 0.147388 0.420804 -0.050316
0.842896 0.145996 -0.887573 0.052690 0.310204 -0.053402
0.854858 0.132690 -0.840576 -0.034889 0.175394 -0.077136
0.862061 0.115601 -0.796509 -0.109889 0.088528 -0.092800
0.861694 0.097046 -0.755493 -0.172072 0.056250 -0.083544
0.882568 0.089111 -0.732056 -0.220964 0.052690 -0.058860
0.886841 0.079346 -0.710693 -0.265109 0.065269 -0.042484
0.892822 0.077881 -0.699707 -0.305457 0.061471 -0.042247
0.891113 0.066040 -0.669067 -0.344143 0.026819 -0.051978
0.884644 0.054443 -0.641724 -0.376184 0.001661 -0.066218
0.863159 0.032959 -0.619995 -0.401817 -0.005221 -0.067879
