0.502930 0.250122 -0.414795 3.055994 -0.160917 0.486073
0.463623 0.160645 -0.440552 3.521893 -0.153084 0.694220
0.436890 0.047119 -0.526123 3.743331 -0.163527 0.856561
0.347534 0.043213 -0.528931 3.761369 -0.226185 0.909725
0.362061 0.048584 -0.508301 3.663347 -0.562971 0.952209
0.469482 0.102417 -0.564819 3.513823 -0.634411 1.082746
0.499268 0.143921 -0.588989 3.369995 -0.215980 1.298963
0.545532 0.152222 -0.625977 3.210739 0.477766 1.574278
0.638672 0.132935 -0.680298 3.040566 1.052604 1.832504
0.699219 0.080078 -0.777588 2.879650 1.271907 1.992234
0.718018 -0.021484 -0.872070 2.766676 1.238442 2.010747
0.725586 -0.079712 -0.926025 2.758132 1.073253 1.875463
0.714111 -0.060425 -1.014404 2.876090 0.783223 1.658771
0.709106 0.033447 -1.083496 3.127196 0.073575 1.415023
0.774658 0.089722 -1.123291 3.464694 -0.866292 1.169138
0.862671 0.049438 -1.174194 3.783916 -1.784799 0.970010
0.746460 -0.031128 -1.172363 3.993962 -2.505364 0.838523
0.801514 -0.001709 -1.216309 4.044753 -3.100139 0.783460
0.924438 -0.039551 -1.368530 3.922997 -2.697135 0.848729
0.944702 -0.064209 -1.424194 3.637715 -1.887330 1.025073
0.934326 -0.049194 -1.517334 3.239932 -1.171512 1.223489
0.952515 -0.031738 -1.630493 2.751486 -0.626816 1.306321
0.982056 -0.030884 -1.735840 2.221030 -0.119382 1.230135
0.956909 -0.017334 -1.852173 1.657110 0.291691 1.025310
0.892212 0.027588 -1.908691 1.077762 0.530693 0.753793
0.850098 0.024780 -1.927368 0.493430 0.589079 0.468510
0.803101 -0.020020 -1.913574 -0.090664 0.448810 0.204825
0.780273 -0.053101 -1.894653 -0.632037 0.143354 -0.030380
0.785034 -0.060059 -1.906494 -1.081797 -0.239476 -0.222151
0.794434 -0.056885 -1.913330 -1.433061 -0.557512 -0.378795
0.842407 -0.073730 -1.902466 -1.719293 -0.711071 -0.524047
0.893188 -0.069458 -1.882324 -2.004339 -0.744062 -0.667164
0.922607 -0.033936 -1.876587 -2.324273 -0.676894 -0.805296
0.929077 -0.017456 -1.863281 -2.695236 -0.528557 -0.939156
0.919312 -0.046875 -1.829224 -3.122923 -0.297862 -1.048332
0.927979 -0.099487 -1.810791 -3.587873 -0.040585 -1.104344
0.928467 -0.084717 -1.832031 -4.016272 0.172072 -1.120009
0.927246 -0.031006 -1.870239 -4.341191 0.226185 -1.132588
0.926270 0.037598 -1.910156 -4.556933 0.082832 -1.181717
0.911255 0.091187 -1.949219 -4.725208 -0.256328 -1.280213
0.860718 0.052124 -1.932129 -4.912944 -0.680455 -1.415972
0.806152 -0.057617 -1.856567 -5.162626 -0.993032 -1.569294
0.739136 -0.189697 -1.723511 -5.462862 -1.261226 -1.686777
0.662109 -0.315430 -1.525757 -5.754790 -1.366605 -1.726176
0.636841 -0.390991 -1.312378 -5.974092 -1.309881 -1.669689
0.640747 -0.381348 -1.086426 -6.071877 -1.177920 -1.519927
0.630615 -0.358398 -0.857300 -6.051465 -1.020326 -1.322935
0.607422 -0.352539 -0.646851 -5.927336 -0.848729 -1.134961
0.584351 -0.322632 -0.446411 -5.731293 -0.727448 -0.986386
0.569458 -0.310181 -0.260010 -5.483273 -0.673809 -0.876972
0.562256 -0.306763 -0.101196 -5.192294 -0.637021 -0.790106
0.538452 -0.323608 0.020996 -4.868087 -0.580060 -0.734568
0.510742 -0.354126 0.122192 -4.501396 -0.508858 -0.719853
0.475220 -0.357788 0.217896 -4.084389 -0.435757 -0.745486
0.423584 -0.341919 0.286743 -3.614455 -0.356722 -0.803397
0.356689 -0.320923 0.293091 -3.093968 -0.325868 -0.874599
0.274292 -0.290161 0.244751 -2.528386 -0.453320 -0.928713
0.180420 -0.217651 0.174316 -1.933611 -0.691135 -0.951972
0.117188 -0.110718 0.083984 -1.340735 -0.913997 -0.943902
0.080322 0.013550 -0.029053 -0.787732 -1.071829 -0.906640
0.074585 0.109985 -0.121948 -0.314476 -1.192872 -0.848729
0.100464 0.133545 -0.157837 0.027057 -1.230609 -0.755691
0.110718 0.123047 -0.154175 0.187736 -1.212097 -0.615898
0.099243 0.125732 -0.172974 0.154983 -1.233695 -0.433146
0.077515 0.148315 -0.207520 -0.028006 -1.310830 -0.232831
0.041992 0.163086 -0.238525 -0.251818 -1.311780 -0.043671
0.004395 0.181885 -0.268188 -0.410124 -1.265973 0.132673
-0.012085 0.205078 -0.305176 -0.445250 -1.207587 0.311153
-0.004883 0.246704 -0.350708 -0.367877 -1.129977 0.499364
0.005981 0.290894 -0.390015 -0.229508 -1.033380 0.703239
-0.002441 0.314819 -0.390991 -0.084493 -0.868428 0.917795
0.002563 0.315430 -0.371094 0.013766 -0.658857 1.141132
-0.008179 0.297729 -0.339111 0.030380 -0.487022 1.365181
-0.021973 0.271240 -0.319214 -0.033702 -0.391611 1.580212
-0.045898 0.253296 -0.318726 -0.140268 -0.381881 1.788122
-0.070190 0.223145 -0.339111 -0.233305 -0.461864 2.017392
-0.059937 0.181152 -0.354248 -0.273416 -0.566769 2.302438
-0.026367 0.138550 -0.345459 -0.256090 -0.662891 2.655601
0.057373 0.120728 -0.319946 -0.185600 -0.785596 3.045788
0.185425 0.110718 -0.272827 -0.065031 -0.892399 3.412953
0.360107 0.106934 -0.219238 0.092325 -0.939630 3.684471
0.541016 0.097778 -0.153198 0.259650 -0.985674 3.802903
0.696655 0.065308 -0.080200 0.415108 -1.079424 3.758521
0.820068 0.017578 -0.015747 0.557750 -1.194534 3.600927
0.887085 0.000732 0.028564 0.719141 -1.339074 3.402985
0.969238 -0.021729 0.045044 0.942953 -1.438757 3.231151
1.068359 -0.023193 0.066772 1.270245 -1.462016 3.138588
1.212646 0.008301 0.098145 1.725464 -1.404105 3.118177
1.400757 0.059448 0.128540 2.268498 -1.265736 3.126009
1.598877 0.110962 0.135620 2.819128 -1.013443 3.135265
1.783569 0.156006 0.113159 3.291435 -0.608778 3.121737
1.951538 0.172241 0.048218 3.645784 -0.037974 3.074743
2.105103 0.236450 -0.072632 3.907333 0.556088 2.970788
2.219360 0.372070 -0.211792 4.141113 0.995405 2.748400
2.335083 0.396606 -0.406494 4.381302 1.243426 2.329732
2.398071 0.491211 -0.652222 4.620778 1.077050 1.685828
2.388062 0.578979 -0.854980 4.800445 0.608540 0.874836
2.326904 0.627197 -1.011719 4.809226 0.123417 -0.038212
2.239990 0.661865 -1.141113 4.560019 -0.161391 -0.920406
2.103149 0.724121 -1.257202 4.071810 -0.168749 -1.679183
1.917969 0.722778 -1.350220 3.457573 -0.017089 -2.272296
1.737183 0.655762 -1.418945 2.858764 0.260600 -2.694524
1.549683 0.591187 -1.461670 2.390966 0.629901 -2.971026
1.358276 0.531006 -1.488892 2.085034 1.043585 -3.146420
1.187866 0.496338 -1.499268 1.901570 1.428551 -3.250138
1.033325 0.457642 -1.519287 1.784324 1.707426 -3.306150
0.892456 0.395508 -1.531006 1.686540 1.829419 -3.351720
0.749390 0.310181 -1.539551 1.591841 1.728549 -3.421023
0.544189 0.238037 -1.569214 1.495244 1.373963 -3.503380
0.341675 0.191650 -1.592041 1.416684 0.800074 -3.568886
0.161865 0.119263 -1.597168 1.367555 0.009256 -3.580041
-0.025757 0.057251 -1.571167 1.345719 -0.979029 -3.516196
-0.099731 0.073608 -1.499268 1.342397 -1.850542 -3.371893
-0.048462 0.103638 -1.420532 1.333852 -2.361773 -3.138825
0.057495 0.070801 -1.339233 1.288520 -2.639224 -2.844286
0.162598 0.020508 -1.244629 1.172224 -2.731549 -2.532421
0.254028 -0.025879 -1.146973 0.958855 -2.532658 -2.239305
0.310547 -0.067871 -1.058472 0.637733 -1.987013 -1.934323
0.314941 -0.104614 -0.980469 0.230220 -1.236068 -1.588993
0.286743 -0.121948 -0.913940 -0.229033 -0.419855 -1.206875
0.257202 -0.126953 -0.857666 -0.690423 0.328004 -0.809330
0.210938 -0.164185 -0.806152 -1.095088 0.955769 -0.439080
0.181274 -0.204224 -0.766479 -1.389627 1.383694 -0.111550
0.163452 -0.186279 -0.724854 -1.542237 1.587806 0.200315
0.150635 -0.154175 -0.688843 -1.556478 1.663281 0.506009
0.170898 -0.145752 -0.640259 -1.465576 1.661382 0.776103
0.205688 -0.136230 -0.577026 -1.308220 1.595401 0.969298
0.252930 -0.129883 -0.521851 -1.116686 1.437807 1.072541
0.302612 -0.120728 -0.474121 -0.904029 1.174360 1.093664
0.340698 -0.106201 -0.453491 -0.668588 0.842321 1.054978
0.377808 -0.075439 -0.446655 -0.409412 0.470171 0.973807
0.398682 -0.069702 -0.441162 -0.128638 0.142879 0.868191
0.433594 -0.087769 -0.475464 0.161629 -0.035838 0.757353
0.459473 -0.071533 -0.503418 0.451659 -0.144540 0.663129
0.460083 -0.059692 -0.535767 0.724363 -0.227609 0.615661
0.430298 -0.087769 -0.551758 0.959804 -0.248021 0.623018
0.332520 -0.192383 -0.573486 1.140420 -0.258938 0.700629
0.231812 -0.263306 -0.588867 1.274992 -0.337261 0.861545
0.180298 -0.274048 -0.603516 1.385593 -0.367165 1.109091
0.097046 -0.339966 -0.620972 1.477206 -0.308780 1.458456
0.034424 -0.392212 -0.645020 1.549832 -0.288131 1.891365
0.004639 -0.437256 -0.669556 1.596588 -0.188211 2.429652
0.050049 -0.485718 -0.701416 1.581161 -0.114635 3.089933
0.260864 -0.413086 -0.722290 1.470560 0.133623 3.882175
0.427734 -0.387939 -0.814819 1.239866 0.474681 4.747518
0.570557 -0.340088 -0.888916 0.937257 0.768983 5.503447
0.801147 -0.246582 -0.945679 0.578398 1.173173 5.999013
1.029785 -0.148926 -0.997559 0.157357 1.451573 6.186749
1.236694 -0.085693 -0.993042 -0.328242 1.415735 6.076623
1.468018 -0.072144 -0.973267 -0.866055 1.275229 5.721087
