0.951538 0.312012 -0.307861 -0.027057 0.299286 -0.411311
0.906616 0.404785 -0.217041 -0.023734 0.333700 -0.341770
0.944580 0.270752 -0.312256 0.033465 0.356722 -0.228796
0.903320 0.311768 -0.337158 0.001661 0.470408 -0.206249
0.907349 0.334961 -0.384399 -0.027057 0.563683 -0.144778
0.838989 0.399414 -0.372070 -0.101819 0.599284 -0.143591
0.830078 0.347656 -0.404175 -0.178955 0.487260 -0.106566
0.784546 0.295898 -0.392700 -0.268669 0.461864 -0.107752
0.720093 0.291138 -0.350830 -0.367403 0.465424 -0.059335
0.697632 0.306763 -0.315918 -0.422703 0.458304 0.043908
0.713135 0.279663 -0.300293 -0.449048 0.396833 0.155933
0.710327 0.254517 -0.294312 -0.472782 0.330378 0.227609
0.675293 0.249146 -0.289307 -0.498415 0.339397 0.242324
0.603760 0.239746 -0.271729 -0.521437 0.373574 0.214318
0.522217 0.215332 -0.268433 -0.541848 0.358146 0.187736
0.442993 0.191528 -0.258301 -0.564395 0.292166 0.184888
0.366455 0.171509 -0.237061 -0.592639 0.227135 0.205062
0.300415 0.151855 -0.212036 -0.636309 0.191059 0.258701
0.233765 0.122314 -0.173706 -0.673334 0.215505 0.342245
0.174683 0.094238 -0.151245 -0.673572 0.239476 0.467560
0.133301 0.067139 -0.137573 -0.640344 0.262261 0.653160
0.158081 0.052612 -0.145752 -0.587655 0.251343 0.916846
0.228760 0.019897 -0.159058 -0.510756 0.217166 1.240578
0.334595 0.008057 -0.176270 -0.408225 0.187499 1.547696
0.447632 0.029297 -0.202393 -0.289318 0.121518 1.767948
0.521118 0.038086 -0.257202 -0.196755 0.017326 1.876175
0.540405 0.040894 -0.310547 -0.183701 -0.114398 1.898010
0.533447 0.027832 -0.337036 -0.268669 -0.209571 1.920320
0.553101 -0.007324 -0.316650 -0.429586 -0.243274 2.009560
0.623657 -0.057495 -0.266357 -0.581484 -0.260837 2.179971
0.738037 -0.122925 -0.218384 -0.641056 -0.326818 2.378624
0.908569 -0.150269 -0.201538 -0.605218 -0.483937 2.597689
1.098022 -0.159424 -0.207886 -0.521437 -0.636072 2.774983
1.258789 -0.172852 -0.228394 -0.411548 -0.738603 2.838352
1.432983 -0.191284 -0.271362 -0.297625 -0.911149 2.847134
1.648438 -0.206543 -0.337036 -0.191059 -1.110041 2.859476
1.876221 -0.167236 -0.401123 -0.098259 -1.119534 2.803938
2.029175 -0.140015 -0.449829 -0.060522 -1.043348 2.581788
2.161377 -0.109131 -0.490112 -0.078085 -1.040500 2.271821
2.213013 -0.103516 -0.515747 -0.144066 -0.995880 1.908453
2.233521 -0.117554 -0.513550 -0.237340 -0.948174 1.567633
2.282349 -0.128784 -0.493408 -0.302609 -0.959092 1.311542
2.371216 -0.140137 -0.491211 -0.310916 -0.930137 1.104819
2.439941 -0.135742 -0.510010 -0.289792 -0.796039 0.894061
2.471558 -0.130859 -0.554443 -0.281960 -0.539949 0.664315
2.443115 -0.113525 -0.616699 -0.298337 -0.236628 0.404903
2.376099 -0.088013 -0.673706 -0.335599 -0.012104 0.102531
2.270508 -0.067017 -0.713135 -0.407751 0.215030 -0.224999
2.157227 -0.059448 -0.717896 -0.508620 0.256565 -0.532829
2.070801 -0.054932 -0.704956 -0.614474 0.029905 -0.801973
2.025879 -0.050537 -0.674805 -0.726261 -0.056487 -1.055927
1.987671 -0.062012 -0.619141 -0.854188 0.205062 -1.293267
1.922607 -0.087646 -0.536377 -0.977605 0.432909 -1.467475
1.847900 -0.121094 -0.459229 -1.063759 0.525946 -1.583060
1.769409 -0.136108 -0.407715 -1.094851 0.716768 -1.676572
1.686523 -0.115723 -0.383667 -1.058538 0.902842 -1.784562
1.600708 -0.092041 -0.382202 -1.007035 0.996117 -1.924118
1.500610 -0.068726 -0.381592 -0.992794 0.976655 -2.093579
1.382568 -0.058838 -0.351196 -1.028395 0.977367 -2.278704
1.238159 -0.071289 -0.303589 -1.079661 0.977367 -2.457184
1.092285 -0.089111 -0.247314 -1.127366 0.944140 -2.574905
0.943726 -0.108398 -0.186768 -1.150388 0.923728 -2.590095
0.849365 -0.093140 -0.135864 -1.126654 0.891450 -2.506788
0.740112 -0.087402 -0.089233 -1.089155 0.914709 -2.385745
0.656982 -0.060913 -0.069946 -1.029582 0.902130 -2.202281
0.607788 -0.018555 -0.045776 -0.946276 0.906165 -1.993658
0.576050 0.031982 -0.019165 -0.857985 0.904979 -1.810432
0.534302 0.058716 -0.009888 -0.772305 0.854188 -1.683455
0.472778 0.078613 -0.013672 -0.690423 0.766846 -1.610354
0.415894 0.086548 -0.008423 -0.617797 0.678793 -1.540576
0.379272 0.101074 -0.013550 -0.541373 0.584094 -1.425228
0.358154 0.106934 -0.013428 -0.454269 0.497703 -1.278077
0.341431 0.112183 -0.019409 -0.360520 0.445488 -1.119297
0.322998 0.137085 -0.040649 -0.264397 0.396121 -0.963839
0.302246 0.157715 -0.069824 -0.184413 0.333463 -0.819536
0.292236 0.176392 -0.098145 -0.141455 0.268432 -0.688287
0.280151 0.180054 -0.113647 -0.128638 0.215505 -0.571278
0.246582 0.193481 -0.126343 -0.132911 0.171360 -0.473494
0.210571 0.204102 -0.127563 -0.159493 0.120806 -0.383305
0.184082 0.197266 -0.124634 -0.205774 0.060522 -0.272704
0.166016 0.185303 -0.116333 -0.254903 0.009968 -0.126740
0.158203 0.184326 -0.110596 -0.303558 -0.000475 0.063845
0.171387 0.180054 -0.092163 -0.338447 0.015902 0.266533
0.204346 0.178589 -0.066772 -0.350077 0.012579 0.444538
0.230957 0.174683 -0.053711 -0.339871 -0.006883 0.591689
0.251587 0.164795 -0.038574 -0.317561 -0.027294 0.722227
0.260620 0.146240 -0.035278 -0.281248 -0.035364 0.858222
0.284546 0.139771 -0.044434 -0.233068 -0.050553 1.013680
0.323486 0.119263 -0.061646 -0.191771 -0.077848 1.174122
0.390259 0.111938 -0.068237 -0.168749 -0.100632 1.350941
0.474243 0.101074 -0.088257 -0.158069 -0.105854 1.538202
0.571533 0.089966 -0.094360 -0.144540 -0.106328 1.688439
0.646118 0.083130 -0.109985 -0.121044 -0.129350 1.772695
0.713013 0.079102 -0.115112 -0.104192 -0.183464 1.790258
0.746826 0.065430 -0.127930 -0.115822 -0.257514 1.758454
0.781372 0.038208 -0.127197 -0.162103 -0.332751 1.735907
0.835205 0.008667 -0.106445 -0.215030 -0.385441 1.755843
0.914429 -0.033691 -0.079224 -0.239951 -0.421279 1.824672
1.012939 -0.047852 -0.067627 -0.212420 -0.463051 1.932425
1.108887 -0.053467 -0.081299 -0.156170 -0.486310 2.030921
1.205933 -0.045288 -0.117554 -0.109651 -0.506009 2.080525
1.295288 -0.023804 -0.154785 -0.098971 -0.526658 2.062487
1.364746 0.004395 -0.188721 -0.133148 -0.463526 1.964703
1.382568 -0.031372 -0.179810 -0.187499 -0.539712 1.822061
1.467651 -0.066406 -0.187378 -0.210996 -0.585993 1.740416
1.550537 -0.090576 -0.209229 -0.226660 -0.430298 1.681319
1.621582 -0.095581 -0.191528 -0.255853 -0.216454 1.623645
1.695313 -0.083618 -0.190796 -0.282198 -0.090189 1.547933
1.730957 -0.072876 -0.191895 -0.308305 0.027294 1.419295
1.769165 -0.089600 -0.191528 -0.329191 0.119857 1.288283
1.832031 -0.086426 -0.193848 -0.326343 0.140743 1.174360
1.895996 -0.102783 -0.213135 -0.305220 0.090901 1.035990
1.988770 -0.087158 -0.236206 -0.276739 -0.048892 0.879346
2.071045 -0.066284 -0.273682 -0.261786 -0.124129 0.682353
2.122559 -0.052856 -0.287476 -0.275077 -0.127452 0.444301
2.130371 -0.056519 -0.281128 -0.310204 -0.057911 0.190822
2.098633 -0.055298 -0.278931 -0.344143 0.069541 -0.047705
2.048828 -0.066406 -0.278076 -0.372150 0.160917 -0.251581
1.999023 -0.067139 -0.285278 -0.401580 0.240900 -0.429111
1.939941 -0.058350 -0.290161 -0.439080 0.304745 -0.588129
1.878662 -0.048096 -0.286255 -0.495567 0.370014 -0.738366
1.818481 -0.050049 -0.283203 -0.563920 0.419143 -0.887178
1.744385 -0.048340 -0.273193 -0.631088 0.435994 -1.039313
1.678345 -0.047974 -0.251953 -0.701578 0.432434 -1.189312
1.608398 -0.052979 -0.224243 -0.773017 0.423178 -1.327682
1.541748 -0.055664 -0.182129 -0.837811 0.430298 -1.437095
1.461670 -0.061035 -0.136963 -0.884805 0.434807 -1.546272
1.385132 -0.069214 -0.099609 -0.910200 0.423652 -1.636699
1.315674 -0.059448 -0.070923 -0.908539 0.412735 -1.698170
1.239258 -0.054565 -0.050659 -0.882431 0.411073 -1.746350
1.161133 -0.052124 -0.037964 -0.846355 0.428637 -1.774831
1.077881 -0.046265 -0.025024 -0.809805 0.432909 -1.777204
1.024292 -0.023682 -0.004761 -0.767796 0.403004 -1.753233
0.945923 -0.019531 0.000366 -0.723413 0.403241 -1.727125
0.869141 -0.016846 0.005127 -0.679980 0.351264 -1.687489
0.814209 0.006592 0.010254 -0.641293 0.274365 -1.622458
0.760376 0.022339 0.023926 -0.614949 0.219777 -1.542000
0.734497 0.045532 0.040894 -0.580060 0.138844 -1.430450
0.715088 0.059204 0.048462 -0.533304 0.058860 -1.327444
0.712158 0.074097 0.066528 -0.481089 -0.011630 -1.228711
0.707520 0.086670 0.067383 -0.414633 -0.068354 -1.134249
0.700806 0.106201 0.053101 -0.349128 -0.103243 -1.051655
0.689819 0.125366 0.036499 -0.306881 -0.113211 -0.993032
0.680298 0.142334 0.020142 -0.290267 -0.116771 -0.954108
0.654419 0.158203 0.019897 -0.288843 -0.132911 -0.929662
0.621094 0.155884 0.018433 -0.292166 -0.156407 -0.899282
0.613770 0.159668 0.024536 -0.285995 -0.205774 -0.829030
0.619873 0.172852 0.027710 -0.257752 -0.272704 -0.730771
0.636597 0.183350 0.033569 -0.215505 -0.324444 -0.628240
0.664185 0.198853 0.015137 -0.167800 -0.342957 -0.515503
