0.830566 0.284668 0.244141 0.071677 -0.690660 -0.211708
0.824707 0.291382 0.211060 0.079272 -0.536864 -0.252530
0.756348 0.301636 0.222290 0.032990 -0.284334 -0.292166
0.756836 0.266846 0.148315 0.014952 -0.358621 -0.287419
0.690308 0.289917 0.177490 -0.077848 0.055300 -0.275315
0.666504 0.305420 0.226563 -0.155933 0.309017 -0.175394
0.645874 0.306641 0.268799 -0.165664 0.514554 -0.077136
0.628540 0.316284 0.302734 -0.127452 0.590977 -0.012342
0.593018 0.318970 0.315063 -0.077610 0.669774 0.051266
0.549316 0.325073 0.323853 -0.019699 0.726736 0.128876
0.501953 0.336060 0.326782 0.040348 0.780375 0.200078
0.448853 0.339722 0.325073 0.077610 0.867479 0.257040
0.382690 0.320679 0.333618 0.095173 0.892399 0.304508
0.299561 0.279785 0.341309 0.134097 0.722464 0.360045
0.257202 0.246216 0.329956 0.219540 0.435282 0.463526
0.256592 0.196777 0.314453 0.317087 0.273416 0.621832
0.270630 0.139038 0.292603 0.411785 0.140980 0.820723
0.303711 0.083862 0.244263 0.525946 -0.021598 1.049993
0.360352 0.054321 0.185791 0.661230 -0.191059 1.283299
0.444824 0.029907 0.114990 0.802685 -0.362656 1.494294
0.542114 0.019165 0.019531 0.922542 -0.536152 1.656160
0.646606 0.009644 -0.078857 0.989234 -0.665027 1.757505
0.732300 -0.008057 -0.192627 0.985437 -0.747147 1.793818
0.787964 -0.005615 -0.291626 0.913048 -0.759014 1.783138
0.807495 -0.012207 -0.352417 0.770881 -0.739790 1.737568
0.831299 -0.049316 -0.383423 0.590028 -0.777527 1.696271
0.878296 -0.090820 -0.406982 0.422228 -0.860833 1.712647
0.936768 -0.132324 -0.413940 0.318748 -0.949836 1.768897
1.009155 -0.146118 -0.436768 0.292166 -1.070642 1.819451
1.096680 -0.159180 -0.474243 0.295014 -1.218742 1.850780
1.178223 -0.183960 -0.518555 0.287656 -1.349992 1.863596
1.271729 -0.202271 -0.568726 0.267720 -1.381083 1.872378
1.382813 -0.193604 -0.634399 0.234730 -1.282350 1.901096
1.456543 -0.210815 -0.716797 0.163765 -1.065658 1.923406
1.563477 -0.204712 -0.787720 0.015427 -0.902130 1.955447
1.689819 -0.171509 -0.844971 -0.219540 -0.836150 1.953548
1.797607 -0.172241 -0.864502 -0.537338 -0.725549 1.863121
1.870605 -0.182983 -0.814575 -0.882194 -0.624442 1.688439
1.917358 -0.178223 -0.723145 -1.161306 -0.598098 1.460829
1.945679 -0.179443 -0.628174 -1.326257 -0.682828 1.207587
1.959106 -0.165771 -0.563477 -1.396748 -0.849678 0.966924
1.974731 -0.134766 -0.534546 -1.435909 -0.911387 0.763761
1.969971 -0.117554 -0.516113 -1.504975 -0.767084 0.584806
1.945923 -0.093994 -0.480103 -1.610591 -0.579110 0.416058
1.926636 -0.082520 -0.424316 -1.728549 -0.493668 0.249207
1.903442 -0.078247 -0.380737 -1.857188 -0.389238 0.107278
1.885132 -0.080933 -0.315796 -2.017867 -0.172309 0.025870
1.863403 -0.081787 -0.231689 -2.197059 0.078322 -0.027531
1.832275 -0.072388 -0.144775 -2.356552 0.244223 -0.092563
1.806885 -0.071899 -0.050415 -2.492310 0.341295 -0.171597
1.771362 -0.078247 0.050293 -2.601249 0.365267 -0.270331
1.733521 -0.080078 0.134521 -2.671028 0.339159 -0.384491
1.685547 -0.074341 0.210815 -2.689303 0.294302 -0.511706
1.631958 -0.073608 0.286621 -2.665569 0.243274 -0.644379
1.586060 -0.069458 0.345581 -2.610981 0.206011 -0.759964
1.539673 -0.067871 0.397583 -2.520554 0.183464 -0.847305
1.504028 -0.046753 0.451416 -2.403545 0.190584 -0.908776
1.464722 -0.022461 0.500610 -2.269211 0.224287 -0.956719
1.429932 -0.002563 0.530029 -2.112329 0.270093 -1.003475
1.392334 0.014771 0.552490 -1.935747 0.304508 -1.057588
1.359741 0.030884 0.570679 -1.754419 0.338922 -1.118110
1.333740 0.055298 0.567871 -1.569769 0.340346 -1.176970
1.315308 0.088501 0.568115 -1.388203 0.334650 -1.240578
1.283569 0.098022 0.567505 -1.231084 0.307356 -1.323647
1.253784 0.104126 0.564697 -1.107430 0.265821 -1.404342
1.215576 0.116333 0.577637 -0.988997 0.227372 -1.492633
1.165527 0.121216 0.575073 -0.873650 0.200078 -1.586145
1.099487 0.111694 0.574707 -0.772543 0.223575 -1.680132
1.031982 0.101074 0.571167 -0.679505 0.273179 -1.754657
0.960693 0.087036 0.572998 -0.576500 0.284808 -1.774593
0.927002 0.113647 0.586914 -0.464950 0.327530 -1.738755
0.893799 0.106934 0.586304 -0.345093 0.336549 -1.726651
0.860596 0.118652 0.554321 -0.210046 0.234730 -1.704341
0.810181 0.130737 0.514038 -0.096123 0.282435 -1.682031
0.744141 0.126831 0.484619 -0.025633 0.400156 -1.687964
0.681152 0.123169 0.478149 0.023259 0.418194 -1.700543
0.619019 0.114380 0.467163 0.083069 0.350077 -1.696508
0.568481 0.113770 0.451294 0.163527 0.257040 -1.665179
0.536011 0.119263 0.421875 0.259888 0.183227 -1.604895
0.509766 0.128418 0.395386 0.362656 0.116059 -1.531794
0.493896 0.136597 0.381226 0.463051 0.059098 -1.450387
0.484985 0.147339 0.353027 0.565819 0.021361 -1.365181
0.475098 0.164917 0.318359 0.660518 0.032041 -1.258615
0.462158 0.185303 0.276489 0.739790 0.074762 -1.157271
0.458130 0.193726 0.233154 0.787970 0.121756 -1.062810
0.468140 0.190796 0.181396 0.815501 0.159730 -0.969060
0.477295 0.204712 0.130615 0.834488 0.191059 -0.884805
0.482056 0.223755 0.086792 0.842795 0.227609 -0.814789
0.488159 0.245605 0.045898 0.827843 0.245885 -0.771831
0.490723 0.260742 0.001343 0.782748 0.221913 -0.759252
0.488647 0.253662 -0.028198 0.715818 0.151186 -0.757353
0.494385 0.235352 -0.050415 0.658382 0.075000 -0.734093
0.504395 0.233032 -0.069580 0.631562 0.030142 -0.674284
0.507202 0.237549 -0.077759 0.642717 0.012342 -0.601658
0.497192 0.242432 -0.085083 0.667876 0.019937 -0.537576
0.466919 0.240112 -0.084961 0.692796 0.057674 -0.473019
0.428101 0.235596 -0.095703 0.722227 0.114398 -0.396121
0.396606 0.240601 -0.108154 0.764473 0.182515 -0.288368
0.381348 0.256226 -0.124146 0.809330 0.240426 -0.147863
0.367432 0.267578 -0.154785 0.834726 0.277925 0.002848
0.358398 0.274536 -0.179688 0.831166 0.314713 0.146439
0.342529 0.276733 -0.188232 0.805058 0.368115 0.285995
0.325806 0.276245 -0.195190 0.778476 0.387339 0.412497
0.314453 0.269775 -0.205811 0.754505 0.319697 0.520962
0.299805 0.271240 -0.201660 0.732195 0.183701 0.609965
0.279297 0.255493 -0.198364 0.711071 0.010206 0.684727
0.260742 0.226807 -0.202515 0.682116 -0.161391 0.767796
0.244263 0.194336 -0.209229 0.660043 -0.299286 0.875548
0.234375 0.157227 -0.210693 0.664790 -0.412260 1.017240
0.243896 0.108887 -0.219482 0.684015 -0.521437 1.198331
0.293091 0.043945 -0.229004 0.691610 -0.610202 1.438282
0.397461 0.030273 -0.246948 0.703477 -0.612101 1.749673
0.511230 0.055054 -0.275879 0.743824 -0.510756 2.067946
0.596191 0.064209 -0.310669 0.769695 -0.375710 2.301963
0.665649 0.062012 -0.357788 0.745486 -0.309254 2.426804
0.735596 0.053711 -0.399658 0.687575 -0.351026 2.480206
0.820068 0.018921 -0.425415 0.605218 -0.506247 2.496583
0.947388 -0.008423 -0.440674 0.519301 -0.742400 2.498956
1.044556 -0.043579 -0.460449 0.441690 -0.940580 2.479731
1.162354 -0.065796 -0.457031 0.369301 -1.067319 2.456472
1.285400 -0.073975 -0.459595 0.299049 -1.166765 2.425380
1.394165 -0.079956 -0.461792 0.224524 -1.302523 2.372216
1.469116 -0.091064 -0.440918 0.157594 -1.348567 2.308134
1.555786 -0.092529 -0.423462 0.131012 -1.258378 2.261141
1.666504 -0.073730 -0.430298 0.145015 -1.054740 2.213198
1.784912 -0.038696 -0.435913 0.187261 -0.798650 2.136063
1.839111 -0.033691 -0.523560 0.233543 -0.475393 2.008611
1.896729 0.002441 -0.520874 0.290505 -0.754979 1.860510
1.911499 0.054199 -0.607178 0.308542 -0.753793 1.651414
1.890625 0.073242 -0.650513 0.197230 -0.338922 1.404580
1.861450 0.086060 -0.659302 -0.008070 -0.009968 1.192635
1.819946 0.084839 -0.616089 -0.227847 0.174445 1.020801
1.759521 0.075562 -0.536377 -0.393510 0.321359 0.852526
1.692871 0.057739 -0.456665 -0.506959 0.407751 0.693983
1.728027 0.029541 -0.372192 -0.588604 0.663366 0.561310
1.633423 -0.028564 -0.279785 -0.630613 0.971908 0.484886
1.543579 -0.021851 -0.257935 -0.560835 0.173970 0.405140
1.481445 -0.034058 -0.288574 -0.454507 -0.422940 0.278875
1.472046 -0.047241 -0.269897 -0.391137 -0.281486 0.185125
1.465210 -0.049683 -0.236450 -0.356960 0.015664 0.151423
1.436035 -0.059082 -0.200684 -0.316375 0.157594 0.112025
1.397583 -0.057861 -0.196777 -0.259413 0.127689 0.052215
1.361816 -0.052368 -0.220215 -0.192958 0.138607 -0.017089
1.329224 -0.048340 -0.241699 -0.156882 0.194382 -0.094936
1.288452 -0.042480 -0.266846 -0.173970 0.236154 -0.164952
1.242920 -0.041992 -0.263550 -0.227847 0.280774 -0.207198
1.201782 -0.041870 -0.244751 -0.285046 0.211233 -0.232831
1.165405 -0.053833 -0.230225 -0.311865 0.101344 -0.259176
1.141357 -0.053101 -0.211548 -0.298099 0.018038 -0.273416
1.121460 -0.048218 -0.197876 -0.257989 -0.074525 -0.272941
