0.625977 0.560547 -0.785645 0.604506 -0.087579 -0.732907
0.715454 0.541870 -0.794678 0.550629 -0.161866 -0.560835
0.791992 0.579590 -0.853516 0.487972 -0.325631 -0.378083
0.794189 0.630615 -0.862305 0.359096 -0.240663 -0.308542
0.782104 0.559204 -0.810913 0.153797 -0.076661 -0.305457
0.768311 0.562500 -0.814819 -0.107990 -0.194856 -0.366216
0.725708 0.599976 -0.851196 -0.345567 -0.233068 -0.442877
0.691895 0.604126 -0.818115 -0.521199 -0.092088 -0.511468
0.640259 0.576660 -0.754517 -0.690423 0.126740 -0.580297
0.620239 0.546753 -0.667847 -0.879583 0.268907 -0.655534
0.624390 0.525513 -0.594482 -1.055215 0.268432 -0.738603
0.608398 0.510498 -0.544922 -1.177683 0.213132 -0.817637
0.579468 0.496948 -0.484131 -1.226575 0.209809 -0.898333
0.570679 0.436157 -0.441650 -1.218030 0.208622 -0.984487
0.535278 0.360474 -0.406250 -1.179107 0.070253 -1.051655
0.482056 0.312744 -0.372681 -1.118347 -0.154983 -1.077288
0.428833 0.300903 -0.324219 -1.027209 -0.295014 -1.053791
0.362793 0.284180 -0.286621 -0.891213 -0.328479 -0.972858
0.339966 0.253784 -0.287354 -0.702765 -0.236628 -0.832590
0.366211 0.223389 -0.255005 -0.445962 -0.218116 -0.644379
0.387329 0.171875 -0.228394 -0.152847 -0.317799 -0.424602
0.376709 0.129517 -0.213257 0.186787 -0.399444 -0.206249
0.336548 0.117676 -0.177490 0.592164 -0.497465 -0.009731
0.371704 0.119629 -0.131226 1.088680 -0.614474 0.143828
0.393677 0.060791 -0.116211 1.680369 -0.983063 0.268907
0.347412 0.002563 -0.105591 2.348245 -1.526573 0.368827
0.309448 -0.059937 -0.193115 3.049111 -1.567633 0.421042
0.322632 -0.121826 -0.284912 3.728379 -1.373963 0.424839
0.334351 -0.155640 -0.354736 4.336682 -1.162730 0.409175
0.348755 -0.186035 -0.449829 4.849337 -1.023649 0.402292
0.394409 -0.174316 -0.537720 5.296486 -0.849916 0.443589
0.437744 -0.105957 -0.615234 5.687385 -0.534728 0.585044
0.440186 -0.036011 -0.726318 5.985960 -0.264397 0.842558
0.424927 0.021484 -0.845093 6.133585 -0.253717 1.144930
0.442627 0.057007 -0.982666 6.082557 -0.258464 1.399358
0.481812 0.158203 -1.113403 5.813650 -0.281011 1.579262
0.521729 0.242432 -1.254517 5.320694 -0.342957 1.693660
0.511597 0.278320 -1.438477 4.635018 -0.246597 1.786935
0.559692 0.287354 -1.581909 3.810498 0.198416 1.899197
0.671875 0.263550 -1.655762 2.914064 0.532829 2.018579
0.772827 0.206177 -1.721924 2.023563 0.690660 2.080288
0.881714 0.130005 -1.758667 1.264786 0.796277 2.022377
0.967773 0.081543 -1.794434 0.707986 0.882431 1.815891
0.966064 0.057251 -1.742798 0.366216 0.954820 1.472222
0.949707 0.110718 -1.744019 0.192246 0.527845 1.025785
0.944580 0.154541 -1.902954 0.138369 -0.190584 0.522861
0.894653 0.132324 -2.003540 0.100870 -0.775153 0.019462
0.796021 0.046875 -2.023682 -0.050553 -1.159407 -0.408225
0.746460 0.001221 -2.040894 -0.336311 -1.411700 -0.675945
0.733276 -0.023193 -2.061157 -0.701815 -1.475070 -0.758065
0.729858 0.010010 -2.090820 -1.069693 -1.275704 -0.688999
0.721436 0.062866 -2.128174 -1.438994 -0.865343 -0.560835
0.725342 0.087769 -2.138672 -1.857662 -0.380456 -0.465899
0.739502 0.087524 -2.140137 -2.376251 -0.001187 -0.446674
0.755371 0.082397 -2.140747 -2.974586 0.190584 -0.492006
0.736572 0.080444 -2.125122 -3.586449 0.232119 -0.581484
0.711670 0.040161 -2.074585 -4.148233 0.210046 -0.698492
0.703125 -0.007324 -2.013306 -4.635730 0.144778 -0.836150
0.695801 -0.025757 -1.936279 -5.026155 -0.057436 -0.973570
0.701904 -0.049805 -1.822632 -5.303369 -0.352213 -1.107430
0.703979 -0.086792 -1.705566 -5.460725 -0.712733 -1.228948
0.697266 -0.109009 -1.602173 -5.498937 -1.094139 -1.320087
0.669312 -0.085938 -1.481567 -5.429634 -1.426652 -1.366605
0.651001 -0.075928 -1.388428 -5.302894 -1.665654 -1.363520
0.645142 -0.087402 -1.280518 -5.181613 -1.812093 -1.307982
0.645264 -0.118042 -1.160522 -5.117294 -1.898960 -1.229660
0.649536 -0.137695 -1.021606 -5.102816 -1.945953 -1.154898
0.645020 -0.132202 -0.897095 -5.101867 -1.983690 -1.097936
0.607544 -0.102783 -0.819336 -5.064604 -1.994133 -1.073727
0.551392 -0.072998 -0.720459 -4.977500 -1.939307 -1.079186
0.515137 -0.068115 -0.648438 -4.860492 -1.812330 -1.097936
0.462891 -0.039673 -0.595093 -4.746568 -1.731635 -1.087256
0.405518 -0.030273 -0.500977 -4.651395 -1.679657 -1.034329
0.341553 -0.062622 -0.390259 -4.586601 -1.630765 -0.950785
0.296265 -0.086548 -0.287231 -4.537946 -1.580212 -0.856086
0.240967 -0.105835 -0.182617 -4.465320 -1.496431 -0.770881
0.180298 -0.127197 -0.064575 -4.340479 -1.431399 -0.706799
0.169556 -0.162476 0.020508 -4.145385 -1.414548 -0.656958
0.178955 -0.181396 0.085449 -3.849185 -1.438519 -0.611151
0.139648 -0.152344 0.168213 -3.438823 -1.424991 -0.555376
0.112305 -0.103271 0.190796 -2.941596 -1.286147 -0.511468
0.093628 -0.048950 0.160645 -2.399748 -1.076101 -0.486785
0.091919 0.040527 0.176392 -1.861697 -0.826182 -0.451184
0.086792 0.051147 0.237549 -1.368267 -0.851577 -0.332988
0.070557 0.007202 0.231934 -0.959567 -1.079898 -0.114635
0.078247 0.024536 0.188599 -0.613525 -1.143268 0.121044
0.067261 0.051025 0.141357 -0.328242 -1.068506 0.298099
0.031738 0.039307 0.101685 -0.094461 -1.076813 0.420567
0.009399 0.037598 0.069824 0.113211 -1.235594 0.543509
-0.005127 0.030762 0.048584 0.320409 -1.372539 0.707511
0.006226 0.058716 0.023682 0.541848 -1.463203 0.912811
0.041260 0.093628 0.007446 0.779188 -1.465339 1.123806
0.085693 0.093750 0.004028 1.007035 -1.345719 1.318900
0.104248 0.124878 0.000732 1.214945 -1.218980 1.486937
0.154419 0.173828 0.004761 1.405054 -1.063759 1.607031
0.220703 0.186890 0.006470 1.581398 -0.927288 1.681793
0.247437 0.176392 -0.015259 1.757980 -0.913760 1.731635
0.274292 0.212891 -0.060669 1.959719 -0.886703 1.749435
0.303711 0.248779 -0.100708 2.169765 -0.766609 1.729736
0.284790 0.242676 -0.142090 2.360112 -0.659094 1.693186
0.238892 0.199341 -0.174072 2.511772 -0.611389 1.656873
0.172729 0.166504 -0.228638 2.647056 -0.690660 1.665417
0.190430 0.201294 -0.258301 2.809634 -0.840185 1.736382
0.319214 0.231934 -0.281006 2.988826 -0.820960 1.878548
0.464478 0.208740 -0.301025 3.134553 -0.616847 2.063674
0.578613 0.160156 -0.305298 3.221657 -0.332039 2.243103
0.711792 0.163330 -0.297852 3.284077 -0.075474 2.397374
0.880127 0.207886 -0.299072 3.374267 0.206723 2.544763
1.083984 0.260498 -0.337158 3.532810 0.609253 2.683844
1.240601 0.304688 -0.397217 3.757809 1.059962 2.766913
1.382568 0.336426 -0.512085 4.021019 1.526335 2.731787
1.485352 0.366333 -0.660278 4.248154 1.842710 2.562563
1.501709 0.393799 -0.780640 4.382014 1.916048 2.275619
1.510010 0.402222 -0.885132 4.381302 1.776017 1.894688
1.567017 0.390259 -0.970947 4.269989 1.427602 1.467238
1.659180 0.426392 -1.012451 4.116667 1.009408 1.047383
1.726440 0.498047 -1.033081 3.988503 0.719141 0.654110
1.769043 0.561768 -1.083984 3.914691 0.599522 0.271992
1.758179 0.569214 -1.152588 3.878378 0.600234 -0.124366
1.682739 0.560669 -1.243408 3.840878 0.714394 -0.557512
1.583618 0.542603 -1.333496 3.771337 0.808381 -1.000864
1.516846 0.542114 -1.401001 3.639139 0.885754 -1.399833
1.463989 0.586548 -1.498047 3.409631 0.966450 -1.727600
1.416382 0.618896 -1.593140 3.074981 1.029107 -2.019054
1.355957 0.597534 -1.665527 2.643259 1.093189 -2.327121
1.234009 0.558350 -1.711670 2.148642 1.106006 -2.661534
1.086548 0.494873 -1.739136 1.667315 1.056876 -2.991437
0.919800 0.412109 -1.741333 1.267635 0.972146 -3.246578
0.708374 0.309937 -1.722290 0.969298 0.903792 -3.368333
0.480103 0.235962 -1.689819 0.770881 0.736467 -3.346023
0.318726 0.200195 -1.657104 0.651736 0.600234 -3.182496
0.239746 0.175293 -1.630005 0.574838 0.667876 -2.895789
0.202393 0.190918 -1.623901 0.502924 0.858697 -2.558528
0.175049 0.183472 -1.617432 0.414633 0.942953 -2.299827
0.165894 0.160645 -1.601685 0.306169 0.867479 -2.203467
0.176025 0.140381 -1.559448 0.168749 0.717717 -2.249986
0.193481 0.109009 -1.490967 -0.000949 0.591215 -2.367232
0.188843 0.024780 -1.398926 -0.203638 0.496279 -2.481630
0.127686 -0.086426 -1.285156 -0.419855 0.319223 -2.539541
0.026611 -0.191162 -1.165771 -0.599996 0.061708 -2.488513
-0.071899 -0.257935 -1.086182 -0.702053 -0.165901 -2.267074
-0.136963 -0.245850 -1.014404 -0.708698 -0.258938 -1.850780
-0.144287 -0.199707 -0.942139 -0.656483 -0.131961 -1.277128
-0.050781 -0.179199 -0.881470 -0.592876 0.001661 -0.614237
0.077393 -0.155762 -0.822021 -0.552291 0.035838 0.049367
0.173584 -0.156006 -0.754883 -0.553240 0.022785 0.601420
0.278931 -0.162842 -0.695068 -0.584569 0.034414 0.942478
0.382446 -0.154541 -0.620850 -0.625866 0.048655 1.073490
0.438232 -0.137817 -0.569458 -0.638208 0.018750 1.052130
0.461426 -0.114014 -0.548584 -0.581721 -0.067642 0.939868
