0.754883 0.343628 -0.669922 2.022614 -0.500788 -0.604031
0.630249 0.265503 -0.551636 2.029259 -0.939630 -0.638208
0.480835 0.130981 -0.606201 2.124196 -1.216844 -0.585281
0.449341 0.039429 -0.574463 2.317390 -1.094139 -0.492481
0.448242 -0.028809 -0.495605 2.584161 -0.834488 -0.320884
0.556396 -0.008911 -0.542969 2.901248 -0.229983 -0.075474
0.664063 0.086792 -0.497803 3.204569 0.338922 0.185125
0.857178 0.175537 -0.327881 3.521180 0.595724 0.431959
0.792725 0.066284 -0.497192 3.826163 0.574363 0.559648
0.757080 0.018311 -0.524902 4.028139 -0.265346 0.537576
0.718018 0.051758 -0.494751 4.182411 -1.167477 0.284571
0.646362 -0.001221 -0.610107 4.164847 -1.322460 -0.026819
0.657837 -0.010742 -0.618530 4.011051 -1.368979 -0.257277
0.582031 0.003296 -0.661255 3.833520 -1.542949 -0.391374
0.541260 0.010742 -0.703979 3.631544 -1.520402 -0.350314
0.385132 -0.001465 -0.693115 3.463269 -1.496905 -0.150236
0.426758 0.069824 -0.798218 3.332020 -1.703866 0.175157
0.563477 0.127930 -0.959473 3.200296 -1.322935 0.636309
0.593384 0.210449 -1.097778 3.062402 -0.942716 1.089155
0.581177 0.277344 -1.239868 2.870156 -0.821672 1.422855
0.645142 0.288574 -1.343506 2.541203 -0.764473 1.565259
0.665649 0.270996 -1.436157 2.066522 -0.848254 1.521351
0.679688 0.195435 -1.515747 1.445640 -1.012256 1.349517
0.724731 0.105347 -1.538940 0.730296 -1.101971 1.109566
0.762207 0.062988 -1.550659 0.019699 -0.974757 0.882906
0.812988 0.052368 -1.590576 -0.600708 -0.693508 0.718429
0.842773 0.064819 -1.664917 -1.062335 -0.386865 0.615423
0.864502 0.083740 -1.733398 -1.378710 -0.019225 0.550867
0.882568 0.073853 -1.782593 -1.652600 0.465662 0.495329
0.860962 0.060303 -1.818970 -1.977045 0.891450 0.425551
0.845337 0.047729 -1.840576 -2.372453 1.161781 0.332751
0.827026 0.035645 -1.856079 -2.786375 1.270957 0.211233
0.826660 0.035400 -1.830933 -3.137164 1.234644 0.067879
0.833374 0.022705 -1.789429 -3.385659 1.092477 -0.081882
0.861206 0.041992 -1.746704 -3.535421 0.856561 -0.243036
0.860840 0.051636 -1.675293 -3.616354 0.541373 -0.423178
0.857178 0.030640 -1.646606 -3.686369 0.204587 -0.632275
0.859375 0.044556 -1.654907 -3.785340 -0.152135 -0.844931
0.851685 0.045288 -1.688965 -3.903536 -0.505060 -1.041212
0.826416 0.019653 -1.674805 -4.013661 -0.850390 -1.212809
0.809570 -0.024170 -1.633057 -4.098867 -1.065183 -1.357112
0.812866 -0.014771 -1.587402 -4.161287 -1.248410 -1.467712
0.799194 0.021484 -1.538574 -4.221809 -1.498329 -1.522538
0.800659 0.008789 -1.507690 -4.322679 -1.631477 -1.524674
0.771606 -0.026123 -1.444336 -4.484782 -1.660433 -1.483377
0.733887 -0.059937 -1.309204 -4.704322 -1.614389 -1.411225
0.715088 -0.087769 -1.164673 -4.936440 -1.476494 -1.309406
0.695190 -0.093750 -1.026611 -5.118955 -1.296827 -1.181480
0.663330 -0.083130 -0.882446 -5.204873 -1.111702 -1.046671
0.632813 -0.079590 -0.742432 -5.194429 -0.952684 -0.914709
0.607910 -0.080688 -0.640259 -5.105902 -0.791530 -0.788919
0.572632 -0.099731 -0.556641 -4.960175 -0.570803 -0.678319
0.525024 -0.141113 -0.467773 -4.780508 -0.348178 -0.593825
0.483765 -0.132813 -0.381836 -4.578769 -0.188923 -0.529743
0.449097 -0.110718 -0.301270 -4.349023 -0.087104 -0.484174
0.399536 -0.096924 -0.235718 -4.094594 -0.060047 -0.464238
0.357178 -0.096558 -0.163574 -3.824976 -0.100632 -0.464712
0.321167 -0.092285 -0.096924 -3.559392 -0.163290 -0.483700
0.286865 -0.085815 -0.050171 -3.302353 -0.214793 -0.520487
0.243530 -0.071411 0.003296 -3.043177 -0.313052 -0.568667
0.184937 -0.057739 0.047363 -2.778305 -0.469934 -0.613050
0.128540 -0.058838 0.070435 -2.507737 -0.653872 -0.651024
0.098633 -0.073853 0.096680 -2.231948 -0.862257 -0.676894
0.082520 -0.085938 0.119629 -1.962804 -1.078712 -0.679268
0.089844 -0.084839 0.161865 -1.701730 -1.269771 -0.637971
0.092896 -0.073242 0.190918 -1.446352 -1.418108 -0.546357
0.097046 -0.064453 0.218506 -1.186227 -1.521589 -0.420092
0.103760 -0.059937 0.244873 -0.917795 -1.568582 -0.274128
0.093506 -0.069824 0.263306 -0.645328 -1.555528 -0.113923
0.069824 -0.088135 0.281616 -0.374760 -1.521826 0.066693
0.054321 -0.072388 0.295654 -0.113211 -1.513282 0.267482
0.070557 -0.037720 0.298340 0.143828 -1.526098 0.490582
0.106079 0.000610 0.292480 0.398020 -1.477918 0.730296
0.136841 0.026855 0.269165 0.651499 -1.359960 0.972383
0.174561 0.050659 0.219116 0.923491 -1.249597 1.206163
0.187134 0.067017 0.167358 1.230135 -1.181717 1.432823
0.236084 0.106445 0.106445 1.578313 -1.160831 1.663281
0.325317 0.156982 0.021362 1.964703 -1.139708 1.902520
0.409058 0.161743 -0.060791 2.374115 -1.026022 2.149828
0.476196 0.159912 -0.127686 2.773084 -0.883618 2.391203
0.545654 0.151245 -0.158691 3.117227 -0.749995 2.621423
0.613037 0.171509 -0.152466 3.349346 -0.572227 2.833368
0.715820 0.244751 -0.123047 3.432890 -0.310916 3.023003
0.859009 0.320435 -0.092773 3.394203 -0.053402 3.167306
1.028809 0.353271 -0.082642 3.321340 0.113449 3.223081
1.227905 0.349365 -0.090332 3.304489 0.154983 3.168730
1.412598 0.317993 -0.129761 3.377827 0.145490 3.018019
1.559570 0.341675 -0.185547 3.536133 0.206249 2.802752
1.642700 0.388184 -0.246460 3.737397 0.348178 2.529810
1.679443 0.406372 -0.306274 3.911368 0.541611 2.204654
1.678345 0.421997 -0.395386 4.005355 0.733856 1.836776
1.640015 0.416870 -0.489014 4.018646 0.857036 1.447064
1.628418 0.404053 -0.595947 4.005117 0.904266 1.065183
1.631714 0.404297 -0.713013 4.015323 0.888602 0.735518
1.637207 0.439575 -0.845581 4.055433 0.813840 0.460678
1.631714 0.467285 -0.970947 4.081304 0.763998 0.209334
1.596558 0.472290 -1.073120 4.024342 0.784647 -0.054114
1.538940 0.470337 -1.176147 3.851558 0.830928 -0.353400
1.447388 0.464111 -1.250977 3.582177 0.840659 -0.678319
1.357544 0.460815 -1.324951 3.262005 0.840185 -0.985437
1.267456 0.437622 -1.389893 2.940646 0.924678 -1.227287
1.167603 0.434570 -1.456787 2.642547 1.070642 -1.378947
1.105713 0.435913 -1.527222 2.371504 1.171512 -1.458931
1.078491 0.454468 -1.606812 2.109718 1.241052 -1.505924
1.047607 0.504395 -1.695679 1.832979 1.274043 -1.557190
0.984863 0.514526 -1.772949 1.545323 1.182192 -1.655923
0.904907 0.497925 -1.807861 1.237967 1.028870 -1.807109
0.822388 0.478516 -1.809692 0.904029 0.954345 -1.968975
0.758789 0.439209 -1.783569 0.541611 0.912336 -2.101648
0.714478 0.402466 -1.728760 0.162103 0.876735 -2.178309
0.674072 0.368652 -1.653076 -0.204587 0.878159 -2.199907
0.633545 0.309692 -1.562866 -0.525471 0.856561 -2.184480
0.621582 0.248901 -1.480469 -0.780138 0.819299 -2.138673
0.608032 0.219360 -1.384766 -0.960991 0.833539 -2.078626
0.585327 0.181030 -1.288696 -1.074914 0.881957 -2.019054
0.574219 0.154297 -1.196655 -1.141369 0.882906 -1.968738
0.547119 0.142944 -1.094727 -1.176021 0.866767 -1.911539
0.535522 0.072510 -0.976807 -1.200230 0.758540 -1.847219
0.545288 0.075928 -0.871460 -1.221590 0.547781 -1.790733
0.546875 0.093140 -0.817261 -1.228473 0.400868 -1.746350
0.569824 0.069214 -0.736206 -1.218268 0.348653 -1.691999
0.545044 0.015137 -0.663086 -1.190261 0.180379 -1.616050
0.476196 -0.058472 -0.634399 -1.145642 0.011867 -1.501177
0.399048 -0.074219 -0.601074 -1.060199 0.009256 -1.361621
0.352417 -0.032104 -0.540283 -0.933697 0.125553 -1.199518
0.338623 0.015869 -0.491821 -0.789868 0.260600 -1.025310
0.337524 0.043213 -0.447266 -0.648414 0.357672 -0.856324
0.358154 0.053101 -0.409302 -0.522149 0.346279 -0.708461
0.386963 0.061401 -0.389282 -0.414633 0.231169 -0.582433
0.403931 0.063721 -0.382324 -0.320884 0.079034 -0.471595
0.411621 0.064697 -0.384766 -0.240900 -0.009256 -0.366691
0.418091 0.069214 -0.378906 -0.173970 -0.002611 -0.254429
0.445557 0.077881 -0.368530 -0.120332 0.078085 -0.141692
0.456177 0.061401 -0.360229 -0.073813 0.106091 -0.026345
0.365845 -0.000488 -0.309082 -0.017089 0.071439 0.101344
0.339722 0.084229 -0.237305 0.131961 -0.383305 0.313764
0.454834 0.046021 -0.351440 0.346754 -0.771831 0.581721
0.592407 0.056519 -0.411865 0.704663 -0.658382 0.887178
0.639282 0.113770 -0.449829 1.024598 -0.520013 1.095325
0.591187 0.145996 -0.443481 1.304659 -0.584332 1.274755
0.573730 0.136719 -0.522949 1.525623 -0.636784 1.383219
0.576172 0.076294 -0.568115 1.655923 -0.582196 1.385118
0.532593 0.041626 -0.568115 1.725701 -0.631800 1.335751
0.461914 -0.038696 -0.597534 1.776492 -0.783935 1.291368
0.364868 -0.144043 -0.639526 1.842710 -1.011307 1.298489
0.242554 -0.282227 -0.676392 1.986063 -1.224676 1.448488
0.139038 -0.307373 -0.735718 2.213198 -1.460592 1.828470
0.213257 -0.207520 -0.782104 2.483291 -1.417159 2.453149
0.394409 -0.187378 -0.816162 2.671502 -1.052842 3.235423
0.523193 -0.147461 -0.860596 2.654888 -0.698492 4.030038
