0.956177 0.285522 -0.187134 0.063845 -0.005934 0.127926
0.957153 0.302368 -0.177490 -0.011392 0.005934 0.109651
0.992065 0.212646 -0.191895 -0.057674 -0.054351 0.094699
0.963989 0.260010 -0.155396 -0.066693 -0.050079 0.050079
0.958252 0.262329 -0.141846 -0.044620 -0.036788 0.006646
0.939453 0.255981 -0.144531 -0.011630 -0.041060 -0.011867
0.947388 0.271606 -0.136108 0.010206 -0.042009 0.019462
0.955566 0.252319 -0.152954 0.018275 0.008782 0.064794
0.952271 0.257690 -0.152954 0.006883 0.074050 0.100870
0.942505 0.258301 -0.139160 -0.003797 0.104667 0.116771
0.938843 0.264282 -0.142578 -0.003323 0.074050 0.106566
0.941895 0.272705 -0.149536 0.011630 0.001899 0.086392
0.931396 0.269531 -0.147583 0.037500 -0.055300 0.072151
0.935913 0.273682 -0.173950 0.056724 -0.091851 0.079746
0.936523 0.265869 -0.175049 0.059335 -0.070727 0.111075
0.930298 0.259277 -0.165283 0.038212 -0.030142 0.144778
0.928833 0.261353 -0.169189 0.001187 -0.001661 0.154983
0.927856 0.262817 -0.160278 -0.026107 0.041772 0.152847
0.920044 0.270508 -0.152710 -0.043196 0.072626 0.153797
0.918945 0.273804 -0.160645 -0.056250 0.076186 0.158543
0.908936 0.264038 -0.162964 -0.066693 0.056487 0.163527
0.915527 0.266724 -0.163208 -0.070490 0.024209 0.171122
0.932617 0.275635 -0.166504 -0.070727 -0.001424 0.184176
0.957153 0.281006 -0.169434 -0.063370 -0.008782 0.197230
0.990356 0.284912 -0.156006 -0.051266 0.018038 0.197942
1.007446 0.275879 -0.153198 -0.043671 0.048655 0.177056
1.028320 0.283813 -0.167725 -0.034652 0.042721 0.125316
1.084351 0.316895 -0.188232 -0.018750 -0.036788 0.043908
1.162231 0.361450 -0.231323 0.009731 -0.201502 -0.062183
1.246460 0.406250 -0.279175 0.062658 -0.389475 -0.187261
1.354858 0.471558 -0.359131 0.141692 -0.505535 -0.311628
1.492920 0.540771 -0.445923 0.252293 -0.529269 -0.412972
1.632446 0.602173 -0.508789 0.368589 -0.493668 -0.490582
1.742310 0.643677 -0.547974 0.438842 -0.432434 -0.583620
1.812256 0.658691 -0.553833 0.419143 -0.396121 -0.732907
1.848145 0.664307 -0.562134 0.298099 -0.435757 -0.952684
1.834839 0.680176 -0.546631 0.119620 -0.501025 -1.223964
1.789185 0.696777 -0.533447 -0.060996 -0.615186 -1.505449
1.726440 0.697754 -0.536011 -0.207198 -0.804346 -1.764388
1.635864 0.681763 -0.532837 -0.305220 -0.982826 -1.991285
1.544067 0.671753 -0.525513 -0.379982 -1.126654 -2.181632
1.459595 0.653198 -0.521851 -0.472782 -1.284011 -2.335666
1.368408 0.610596 -0.513184 -0.616135 -1.456557 -2.452674
1.296997 0.562256 -0.497192 -0.806245 -1.601098 -2.550933
1.233276 0.502808 -0.470215 -1.029819 -1.741603 -2.633765
1.173340 0.435547 -0.444824 -1.255293 -1.809245 -2.694762
1.100464 0.394775 -0.415161 -1.463203 -1.796666 -2.737246
1.008545 0.376831 -0.376709 -1.638123 -1.747299 -2.777593
0.902832 0.342041 -0.328979 -1.785748 -1.689863 -2.824587
0.788818 0.292236 -0.265747 -1.910827 -1.621509 -2.859476
0.660889 0.245361 -0.199951 -2.019528 -1.532506 -2.861137
0.537720 0.181641 -0.131104 -2.107344 -1.500703 -2.825061
0.444336 0.218628 -0.042236 -2.171901 -1.462253 -2.757182
0.287720 0.156616 0.020630 -2.216284 -1.561936 -2.647768
0.145386 0.139282 0.053101 -2.240492 -1.707189 -2.515807
0.015137 0.115112 0.095825 -2.216284 -1.888042 -2.379099
-0.079346 0.091797 0.144531 -2.142946 -2.118262 -2.233609
-0.157349 0.082397 0.232544 -2.025937 -2.324036 -2.065573
-0.262451 0.031372 0.299683 -1.857662 -2.481393 -1.880447
-0.342773 -0.004150 0.372559 -1.628629 -2.517943 -1.686065
-0.367065 -0.012207 0.412964 -1.322223 -2.566598 -1.438994
-0.392090 -0.079468 0.462646 -0.926102 -2.675300 -1.116211
-0.349609 -0.126465 0.530273 -0.449285 -2.657737 -0.739315
-0.270630 -0.182739 0.573730 0.089240 -2.610506 -0.337973
-0.223999 -0.298096 0.588135 0.678081 -2.583449 0.032041
-0.162354 -0.400757 0.582642 1.340735 -2.497057 0.338210
-0.070190 -0.500854 0.546875 2.073879 -2.455997 0.627290
0.011719 -0.581665 0.512085 2.891991 -2.437485 0.921118
0.106689 -0.663086 0.434692 3.752113 -2.441282 1.171749
0.177124 -0.723267 0.334106 4.607487 -2.463830 1.346194
0.216187 -0.767578 0.199951 5.399729 -2.377200 1.473171
0.208130 -0.811401 0.068115 6.076860 -2.170714 1.602284
0.215332 -0.803589 -0.072388 6.619658 -1.941681 1.752521
0.258179 -0.863525 -0.236206 7.049718 -1.749435 1.921032
0.298950 -0.903809 -0.377441 7.403593 -1.513519 2.083373
0.366577 -0.896484 -0.530029 7.697895 -1.281638 2.197296
0.461548 -0.900757 -0.698730 7.776929 -1.025073 2.241679
0.557861 -0.928833 -0.850952 7.776929 -0.705138 2.225065
0.692505 -0.876709 -1.070068 7.776929 -0.381406 2.136775
0.749146 -0.870728 -1.243408 7.776929 -0.072863 1.960431
0.766235 -0.906616 -1.391724 7.776929 0.210758 1.689626
0.754272 -0.976685 -1.554688 7.602247 0.430535 1.429501
0.790771 -0.993042 -1.663330 7.189749 0.624442 1.254818
0.834595 -0.895264 -1.807739 6.753043 0.670961 1.144455
0.850952 -0.866211 -1.905518 6.298062 0.560123 1.019614
0.844849 -0.857178 -1.933716 5.803445 0.486310 0.862495
0.836914 -0.880249 -1.976318 5.283669 0.487260 0.736942
0.824341 -0.882568 -2.021973 4.814448 0.572465 0.653872
0.818970 -0.890991 -2.057007 4.436127 0.616135 0.606879
0.833374 -0.874756 -2.123535 4.120465 0.581721 0.547544
0.844116 -0.859985 -2.194458 3.797207 0.506721 0.436706
0.849731 -0.833374 -2.279175 3.412004 0.439792 0.259413
0.827759 -0.801025 -2.380615 2.947054 0.374760 0.049841
0.777954 -0.807861 -2.462769 2.403308 0.346754 -0.144303
0.712769 -0.828125 -2.529541 1.778865 0.315663 -0.274840
0.644775 -0.842651 -2.558105 1.096512 0.264872 -0.322545
0.607788 -0.846680 -2.554321 0.385203 0.182040 -0.296438
0.612061 -0.829224 -2.551758 -0.304033 0.087579 -0.248021
0.638184 -0.798340 -2.552612 -0.951972 -0.034889 -0.254429
0.640869 -0.789429 -2.512329 -1.595639 -0.176581 -0.357434
0.633667 -0.807861 -2.408325 -2.278229 -0.207910 -0.501263
0.605469 -0.802612 -2.277222 -2.982418 -0.176344 -0.617085
0.604126 -0.791626 -2.134521 -3.639139 -0.178955 -0.699442
0.608887 -0.782837 -2.031250 -4.208518 -0.267008 -0.815739
0.601807 -0.741699 -1.982178 -4.713578 -0.438130 -1.007035
0.501099 -0.792114 -1.944092 -5.217214 -0.646752 -1.242951
0.352661 -0.909790 -1.886475 -5.760011 -0.757115 -1.392950
0.229004 -0.950928 -1.706055 -6.293552 -0.807432 -1.317713
0.161011 -0.975708 -1.544556 -6.772980 -0.904741 -1.016528
0.168823 -0.945801 -1.419312 -7.092440 -1.031956 -0.631088
0.220093 -0.860107 -1.334595 -7.232708 -1.156322 -0.323732
0.287476 -0.776367 -1.243164 -7.229622 -1.231559 -0.205537
0.296753 -0.772949 -1.112793 -7.173848 -1.205689 -0.255141
0.232178 -0.755249 -0.990723 -7.138009 -1.036228 -0.352213
0.127808 -0.741333 -0.844849 -7.113326 -0.799599 -0.348653
-0.013672 -0.708130 -0.694458 -7.062535 -0.672622 -0.178243
-0.124023 -0.661743 -0.531860 -6.960478 -0.729109 0.151660
-0.175903 -0.627686 -0.362671 -6.760638 -0.945089 0.558699
-0.172363 -0.606323 -0.196167 -6.437143 -1.172936 0.957905
-0.158325 -0.597656 -0.048950 -5.996165 -1.320324 1.269533
-0.149292 -0.583862 0.090698 -5.453130 -1.409801 1.453472
-0.134521 -0.568726 0.172363 -4.849099 -1.523487 1.543661
-0.116821 -0.534790 0.251099 -4.191904 -1.703629 1.614863
-0.098633 -0.499268 0.313599 -3.488902 -1.934086 1.691524
-0.061646 -0.509766 0.360474 -2.763353 -2.138673 1.751571
-0.000732 -0.520020 0.409058 -2.001253 -2.236695 1.779340
0.049805 -0.494995 0.432373 -1.180531 -2.301963 1.807821
0.106689 -0.503906 0.420410 -0.269856 -2.402833 1.866681
0.156128 -0.514404 0.385132 0.719141 -2.425380 1.949038
0.195435 -0.542603 0.311523 1.725939 -2.412327 2.040414
0.211060 -0.547607 0.248535 2.696423 -2.367469 2.137249
0.219971 -0.552002 0.136719 3.587398 -2.320476 2.239780
0.263794 -0.554199 0.024658 4.392694 -2.261378 2.355840
0.332642 -0.555908 -0.090698 5.097357 -2.161933 2.476646
0.421631 -0.580688 -0.254639 5.671484 -2.012408 2.562326
0.509399 -0.601807 -0.400269 6.104630 -1.762964 2.590569
0.591309 -0.644897 -0.552368 6.392048 -1.472459 2.565411
0.637573 -0.694336 -0.669312 6.554626 -1.169376 2.474984
0.644775 -0.710571 -0.793579 6.628202 -0.933697 2.301489
0.638062 -0.750610 -0.928223 6.676857 -0.734331 2.065573
0.625610 -0.723755 -1.022949 6.718629 -0.581721 1.832504
0.629395 -0.718750 -1.157471 6.698455 -0.584094 1.652600
0.634521 -0.701172 -1.268677 6.572190 -0.683303 1.500703
0.643677 -0.706299 -1.386841 6.299249 -0.859646 1.323647
0.663818 -0.707886 -1.527710 5.897906 -0.971196 1.112414
0.686035 -0.664063 -1.625732 5.400916 -0.893111 0.916608
0.697510 -0.652588 -1.703003 4.812074 -0.628714 0.754742
0.694092 -0.657593 -1.721436 4.153692 -0.203638 0.602607
0.655884 -0.655029 -1.722900 3.492937 0.219065 0.445962
0.601563 -0.662354 -1.698853 2.931865 0.545408 0.302846
