1.084351 0.347900 -0.308594 -0.224761 -0.265584 -0.332276
1.056641 0.354858 -0.335571 -0.226423 -0.216217 -0.372624
0.994263 0.323486 -0.364624 -0.282435 -0.175632 -0.391611
0.952637 0.311523 -0.346313 -0.390662 -0.098734 -0.368352
0.897095 0.280518 -0.315674 -0.510519 0.058860 -0.311865
0.832397 0.273926 -0.272461 -0.595487 0.257277 -0.248021
0.787842 0.262085 -0.205444 -0.617559 0.537338 -0.179429
0.690796 0.262207 -0.210571 -0.564158 0.552528 -0.091613
0.591919 0.165161 -0.243652 -0.485124 0.485124 -0.009256
0.589478 0.254028 -0.188232 -0.428637 0.726261 0.119145
0.568237 0.318726 -0.139771 -0.443114 0.698255 0.260837
0.632935 0.282349 -0.099365 -0.417244 0.513130 0.382118
0.677612 0.258911 -0.093994 -0.318273 0.430773 0.443589
0.697754 0.255127 -0.094116 -0.204350 0.417007 0.440266
0.706299 0.263306 -0.104614 -0.083781 0.349128 0.372387
0.734741 0.298096 -0.129272 0.035601 0.167562 0.277451
0.751831 0.319702 -0.153076 0.141455 -0.032990 0.177293
0.763184 0.328857 -0.184570 0.212182 -0.220489 0.092800
0.774902 0.337280 -0.218384 0.221676 -0.357197 0.039161
0.769165 0.328857 -0.247925 0.165901 -0.406089 0.011630
0.774658 0.322388 -0.268921 0.065506 -0.403953 0.018038
0.780640 0.322510 -0.282471 -0.055063 -0.354824 0.068354
0.781616 0.300659 -0.288940 -0.171597 -0.212182 0.154746
0.776245 0.268677 -0.276367 -0.265346 -0.016614 0.247546
0.768188 0.239258 -0.256836 -0.331090 0.136233 0.326580
0.744507 0.180664 -0.232544 -0.352925 0.270331 0.377846
0.717651 0.129883 -0.201782 -0.321596 0.372624 0.395409
0.670532 0.086426 -0.179199 -0.245647 0.398020 0.390425
0.615967 0.044067 -0.173218 -0.144540 0.377134 0.380931
0.552246 0.011475 -0.143799 -0.040348 0.328242 0.364555
0.493530 -0.012695 -0.106445 0.052690 0.302134 0.353637
0.407593 -0.036011 -0.075317 0.149999 0.297387 0.362419
0.292480 -0.030396 -0.051392 0.274840 0.241612 0.401817
0.132813 0.013306 -0.043091 0.427925 0.080696 0.491769
0.163818 0.016235 -0.044800 0.603556 -0.244460 0.668588
0.212646 -0.031982 -0.068726 0.798175 -0.502449 0.934409
0.247314 -0.050171 -0.079224 0.988522 -0.649363 1.188125
0.339600 -0.048462 -0.151123 1.163442 -0.892162 1.417159
0.438721 -0.056885 -0.230469 1.300862 -1.125230 1.638123
0.557739 -0.082397 -0.318359 1.331954 -1.228236 1.820163
0.654419 -0.077026 -0.367920 1.233220 -1.088205 1.940969
0.743286 -0.070190 -0.424438 1.062098 -0.896434 1.992946
0.813843 -0.096436 -0.457031 0.859646 -0.783698 2.007424
0.900635 -0.107544 -0.450928 0.655059 -0.726024 2.006475
0.983521 -0.104492 -0.406982 0.520487 -0.727685 1.966839
1.061035 -0.118652 -0.347900 0.530693 -0.825707 1.868105
1.099731 -0.139893 -0.338989 0.651499 -0.930374 1.762014
1.088257 -0.136963 -0.377441 0.798413 -0.891213 1.726651
1.093140 -0.127319 -0.426392 0.904266 -0.762574 1.783375
1.110474 -0.123901 -0.482666 0.921118 -0.580772 1.897061
1.186523 -0.093140 -0.514160 0.845643 -0.361232 2.038990
1.274658 -0.074219 -0.536987 0.743350 -0.176106 2.143183
1.398926 -0.058228 -0.547852 0.657907 -0.107990 2.138199
1.469238 -0.018311 -0.552612 0.604980 -0.135521 1.987250
1.485474 0.003296 -0.569092 0.587417 -0.276264 1.734720
1.459839 0.005005 -0.600464 0.582670 -0.444538 1.493820
1.450684 0.010498 -0.635376 0.554427 -0.498889 1.367555
1.465210 0.032227 -0.666016 0.499839 -0.425076 1.346906
1.520752 0.044556 -0.684326 0.426738 -0.293827 1.349042
1.559692 0.047119 -0.698364 0.340109 -0.159255 1.301811
1.586914 0.040527 -0.688965 0.248258 -0.075237 1.193110
1.563599 0.023315 -0.667725 0.164477 -0.070727 1.038364
1.529663 0.000488 -0.645142 0.099920 -0.090427 0.889314
1.483887 -0.038696 -0.613525 0.047705 -0.134097 0.778713
1.427368 -0.078125 -0.591064 -0.013054 -0.071202 0.728635
1.384766 -0.108887 -0.568726 -0.093512 0.054826 0.726736
1.374634 -0.135376 -0.540527 -0.178243 0.151660 0.723651
1.390747 -0.147095 -0.524780 -0.234492 0.130300 0.658619
1.421631 -0.150879 -0.510864 -0.251818 0.005459 0.519301
1.455322 -0.169434 -0.529175 -0.247546 -0.134809 0.343431
1.476074 -0.181030 -0.563232 -0.239476 -0.234018 0.178243
1.513062 -0.174194 -0.616333 -0.236154 -0.322071 0.045807
1.583740 -0.179932 -0.672241 -0.249682 -0.364555 -0.056724
1.678589 -0.161621 -0.732422 -0.281248 -0.377134 -0.168037
1.774292 -0.137207 -0.798584 -0.326818 -0.388289 -0.317561
1.824097 -0.110107 -0.880981 -0.393036 -0.366453 -0.513604
1.831421 -0.093018 -0.951538 -0.506009 -0.316137 -0.739078
1.822998 -0.085571 -0.977173 -0.670249 -0.269619 -0.974757
1.762207 -0.091797 -0.990845 -0.855137 -0.217404 -1.212334
1.672974 -0.088379 -0.969604 -1.040737 -0.179192 -1.431162
1.556641 -0.098877 -0.952026 -1.228948 -0.044383 -1.568819
1.444336 -0.115234 -0.901611 -1.427839 0.186549 -1.620322
1.347412 -0.128296 -0.822754 -1.616525 0.412735 -1.640496
1.265137 -0.155273 -0.727295 -1.754182 0.528319 -1.671588
1.197632 -0.194214 -0.624146 -1.818501 0.541136 -1.733533
1.122314 -0.232788 -0.547729 -1.823248 0.466136 -1.808296
1.053345 -0.254150 -0.468018 -1.792394 0.383067 -1.856238
0.982422 -0.265259 -0.394409 -1.734720 0.277213 -1.871903
0.945313 -0.253052 -0.320679 -1.642869 0.164952 -1.875463
0.877319 -0.254761 -0.287109 -1.510434 0.066218 -1.869055
0.829590 -0.248291 -0.268799 -1.375387 0.010918 -1.813517
0.779907 -0.247192 -0.262207 -1.285198 0.028243 -1.706239
0.761963 -0.213989 -0.259399 -1.230135 0.048655 -1.593503
0.756348 -0.178467 -0.236694 -1.176496 -0.015427 -1.525386
0.755859 -0.152100 -0.237793 -1.116686 -0.158306 -1.511858
0.751099 -0.113525 -0.233154 -1.059487 -0.351501 -1.540576
0.724976 -0.103394 -0.237305 -1.008934 -0.519775 -1.568819
0.686157 -0.075928 -0.243042 -0.979741 -0.557038 -1.547221
0.632324 -0.076294 -0.240601 -0.981165 -0.504585 -1.471747
0.598999 -0.046265 -0.236572 -0.979503 -0.447386 -1.374675
0.565430 -0.032227 -0.213379 -0.946750 -0.416532 -1.275229
0.521973 -0.015015 -0.201538 -0.890263 -0.369776 -1.173173
0.460693 0.021729 -0.208008 -0.829504 -0.311153 -1.057826
0.430908 0.053833 -0.205078 -0.766372 -0.265109 -0.921118
0.396606 0.078613 -0.204712 -0.706799 -0.235679 -0.790818
0.381592 0.094238 -0.199707 -0.641531 -0.253717 -0.677369
0.382568 0.120972 -0.224609 -0.573889 -0.343194 -0.573414
0.384277 0.127686 -0.256348 -0.542323 -0.400156 -0.480377
0.374390 0.141235 -0.266724 -0.559411 -0.430061 -0.399918
0.385498 0.164307 -0.247925 -0.588841 -0.484412 -0.329903
0.394653 0.177368 -0.223022 -0.579585 -0.573414 -0.288606
0.403931 0.169678 -0.198608 -0.520250 -0.655771 -0.271280
0.404053 0.160889 -0.194336 -0.425314 -0.711309 -0.249682
0.435303 0.156982 -0.192871 -0.312340 -0.738603 -0.199366
0.480225 0.164795 -0.213867 -0.191771 -0.692084 -0.125553
0.510498 0.180664 -0.249878 -0.085205 -0.557038 -0.055063
0.520264 0.206543 -0.295532 -0.016614 -0.393273 -0.007595
0.507324 0.230957 -0.344116 0.016614 -0.263210 0.027294
0.505493 0.271729 -0.360718 0.022547 -0.194619 0.054826
0.504883 0.305542 -0.368042 0.014478 -0.170648 0.066455
0.513184 0.329712 -0.367310 0.006171 -0.174445 0.071914
0.526978 0.349121 -0.371460 0.008544 -0.172309 0.091851
0.553955 0.362671 -0.388672 0.024921 -0.156407 0.123180
0.576538 0.365112 -0.404053 0.045569 -0.148338 0.144540
0.590942 0.357910 -0.424072 0.051978 -0.104430 0.159967
0.595703 0.339355 -0.423828 0.032516 -0.029193 0.179667
0.608521 0.319458 -0.405640 0.000475 0.052215 0.197230
0.598633 0.292847 -0.369141 -0.018513 0.124841 0.203875
0.578613 0.252319 -0.334961 -0.002611 0.157357 0.205299
0.553223 0.208984 -0.307983 0.042721 0.146676 0.229033
0.538696 0.178467 -0.304199 0.094461 0.149287 0.291454
0.529907 0.132813 -0.304565 0.125790 0.217166 0.367640
0.498535 0.095703 -0.299561 0.142642 0.321359 0.427213
0.450562 0.068237 -0.297974 0.176819 0.362893 0.462339
0.392944 0.050415 -0.314819 0.238764 0.356722 0.493193
0.338013 0.039307 -0.339233 0.295014 0.374286 0.545883
0.266113 0.035767 -0.374634 0.301659 0.473019 0.631088
0.200684 0.052002 -0.383545 0.260362 0.587180 0.742638
0.152100 0.055664 -0.359009 0.210758 0.630138 0.867716
0.133667 0.046753 -0.322510 0.180616 0.627053 0.988048
0.117676 0.030762 -0.295410 0.193907 0.525234 1.080373
0.148926 -0.002441 -0.291626 0.259888 0.324919 1.168901
0.206177 -0.019897 -0.283325 0.339871 0.106566 1.278315
0.286011 -0.048340 -0.284424 0.401342 -0.012579 1.417396
0.369507 -0.083984 -0.286743 0.454981 -0.041535 1.576177
0.473389 -0.099731 -0.300171 0.518114 -0.055775 1.747537
0.570557 -0.122681 -0.323975 0.597623 -0.056487 1.917235
0.680420 -0.119141 -0.376465 0.690186 -0.043196 2.074591
0.786133 -0.101685 -0.438599 0.761388 0.007832 2.219132
0.875244 -0.074341 -0.503784 0.795090 0.078560 2.329020
