0.810181 0.359741 -0.162109 -0.132436 -0.135047 -0.483225
0.770264 0.341064 -0.153931 -0.109414 -0.014478 -0.501025
0.678589 0.402222 -0.194092 -0.067405 0.249682 -0.449997
0.654907 0.402954 -0.176147 -0.056724 0.360283 -0.305932
0.634521 0.434204 -0.152954 -0.044145 0.509570 -0.152847
0.588623 0.423950 -0.128784 -0.024209 0.614711 -0.044857
0.509644 0.428467 -0.100220 0.018987 0.684489 0.055538
0.451050 0.392944 -0.115723 0.044145 0.683303 0.200315
0.408813 0.321777 -0.123047 -0.003085 0.728635 0.331802
0.337524 0.283936 -0.055420 -0.100158 0.844219 0.425076
0.277344 0.272217 0.042236 -0.133148 0.809093 0.544459
0.281616 0.243408 0.092651 -0.061708 0.592876 0.705613
0.309937 0.179932 0.086182 0.042247 0.250869 0.871276
0.366699 0.127319 0.069824 0.151186 -0.054114 1.045959
0.435181 0.087646 0.042969 0.268669 -0.189872 1.235356
0.511230 0.073608 -0.012451 0.412735 -0.194856 1.404817
0.564209 0.084595 -0.074707 0.539949 -0.172784 1.505212
0.577148 0.107788 -0.138794 0.587417 -0.148100 1.537490
0.538574 0.149414 -0.170044 0.556563 -0.123180 1.530845
0.462524 0.164795 -0.188477 0.455693 -0.106328 1.514943
0.428711 0.130371 -0.189331 0.303558 -0.133385 1.551731
0.446777 0.070313 -0.163452 0.196518 -0.234018 1.686777
0.536377 0.027222 -0.139404 0.201027 -0.425551 1.875938
0.715454 0.008423 -0.158813 0.281248 -0.720565 2.103310
0.902832 -0.007568 -0.175415 0.388051 -1.004899 2.269922
1.050537 0.000610 -0.210938 0.509570 -1.166053 2.319527
1.138916 0.014648 -0.289185 0.612101 -1.217556 2.287011
1.186401 0.031372 -0.364014 0.677369 -1.149676 2.229100
1.194824 0.063843 -0.438965 0.669537 -0.952684 2.184717
1.248047 0.075684 -0.475098 0.557512 -0.789868 2.166679
1.373169 0.084595 -0.475342 0.403953 -0.791530 2.166205
1.495117 0.050415 -0.489624 0.294302 -0.794378 2.127518
1.632935 0.063354 -0.521851 0.262024 -0.862969 2.051807
1.738525 0.065430 -0.486816 0.304745 -1.352365 1.897061
1.819702 0.060669 -0.549561 0.394222 -1.575465 1.684404
1.863037 0.046997 -0.603516 0.435282 -1.391051 1.480291
1.897461 0.050781 -0.605591 0.430061 -1.147303 1.313679
1.948486 0.036987 -0.652100 0.371200 -0.737179 1.217793
2.010742 0.022705 -0.687866 0.332988 -0.438842 1.141844
2.033203 -0.003906 -0.727417 0.320172 -0.035601 1.044535
2.061279 0.017090 -0.788452 0.307593 0.294539 0.932747
2.093872 0.034546 -0.823364 0.229508 0.502212 0.803160
2.131348 0.058594 -0.807495 0.070490 0.670961 0.630850
2.168091 0.074341 -0.750610 -0.119382 0.789631 0.389713
2.172241 0.051392 -0.686401 -0.276027 0.828792 0.089003
2.138428 0.011963 -0.638306 -0.346042 0.786308 -0.245647
2.084595 -0.001953 -0.609009 -0.356960 0.701103 -0.569379
2.015625 -0.017700 -0.594238 -0.360520 0.635360 -0.853713
1.940063 -0.033325 -0.569458 -0.387577 0.646515 -1.090104
1.858032 -0.058350 -0.544922 -0.430298 0.713208 -1.286622
1.781982 -0.086426 -0.538818 -0.458541 0.756404 -1.443266
1.717041 -0.107788 -0.534058 -0.468747 0.707511 -1.568107
1.674438 -0.112427 -0.540161 -0.479427 0.652211 -1.649278
1.632202 -0.119995 -0.547974 -0.502924 0.694458 -1.715970
1.584351 -0.120605 -0.536987 -0.524285 0.767321 -1.793581
1.520508 -0.110474 -0.529419 -0.549680 0.904504 -1.888991
1.430908 -0.096680 -0.512207 -0.592164 1.006797 -1.991997
1.340698 -0.089355 -0.502319 -0.655771 1.010832 -2.073405
1.263428 -0.062866 -0.478149 -0.729821 1.032430 -2.124670
1.181885 -0.048096 -0.425537 -0.803872 1.102208 -2.171189
1.096191 -0.039307 -0.370117 -0.851577 1.131876 -2.225065
0.993530 -0.043579 -0.339722 -0.861545 1.142081 -2.283451
0.886353 -0.037231 -0.318848 -0.848491 1.115974 -2.308372
0.784058 -0.030884 -0.294189 -0.823333 1.029819 -2.285587
0.721313 -0.002441 -0.276489 -0.789156 0.929425 -2.191600
0.676758 0.038696 -0.257446 -0.749283 0.832827 -2.063437
0.635864 0.085815 -0.231323 -0.732195 0.756641 -1.956396
0.583984 0.119385 -0.215820 -0.737179 0.661467 -1.869292
0.527954 0.142212 -0.209106 -0.754742 0.611863 -1.766998
0.488525 0.152710 -0.215332 -0.772305 0.586468 -1.674673
0.432739 0.159546 -0.205566 -0.802210 0.575076 -1.592553
0.395996 0.177368 -0.189819 -0.840422 0.530218 -1.495718
0.354370 0.187378 -0.169556 -0.870089 0.452608 -1.396273
0.319824 0.195190 -0.145264 -0.893824 0.369539 -1.310118
0.293091 0.197510 -0.121582 -0.922779 0.286944 -1.203315
0.295166 0.192993 -0.082397 -0.943665 0.213369 -1.078237
0.304688 0.205688 -0.061523 -0.942241 0.200553 -0.937257
0.325073 0.241455 -0.034302 -0.908301 0.240426 -0.810042
0.302979 0.268799 -0.037842 -0.861783 0.361469 -0.723651
0.223999 0.289917 -0.073120 -0.821909 0.514316 -0.670724
0.151489 0.335327 -0.096436 -0.820248 0.555614 -0.628477
0.052734 0.366821 -0.124756 -0.905928 0.582908 -0.585044
-0.041016 0.346436 -0.117920 -1.050231 0.474443 -0.518826
-0.111572 0.315063 -0.060425 -1.231084 0.336311 -0.414396
-0.137817 0.292969 0.004517 -1.420719 0.209334 -0.259413
-0.170044 0.246460 0.109131 -1.580212 0.156407 -0.060522
-0.148682 0.203735 0.206299 -1.667078 0.161629 0.212420
-0.132935 0.161133 0.322876 -1.673961 0.229508 0.511943
-0.076172 0.121460 0.415283 -1.558614 0.146676 0.811704
0.000366 0.125000 0.452637 -1.339311 0.000949 1.086544
0.109863 0.098877 0.459351 -1.106480 -0.153322 1.376574
0.242432 0.097534 0.434570 -0.877922 -0.283147 1.669926
0.379761 0.089966 0.382568 -0.677844 -0.361469 1.923406
0.522827 0.087280 0.343262 -0.525471 -0.375235 2.135350
0.668823 0.111450 0.296387 -0.387339 -0.449760 2.291520
0.796631 0.141968 0.256470 -0.269144 -0.563683 2.357026
0.932495 0.171021 0.206177 -0.183464 -0.730059 2.357026
1.054321 0.189331 0.185303 -0.136708 -0.879346 2.308609
1.162354 0.185913 0.168823 -0.116534 -0.961228 2.213198
1.249878 0.157837 0.167114 -0.107752 -1.021275 2.092392
1.338013 0.146606 0.145020 -0.092563 -1.045484 1.980842
1.414063 0.134277 0.127563 -0.061234 -1.096987 1.896586
1.515503 0.128174 0.138672 -0.019225 -1.106955 1.829656
1.596802 0.129028 0.110718 0.015902 -1.048095 1.709087
1.657715 0.115112 0.091919 0.030380 -0.896197 1.521114
1.648193 0.089355 0.081909 0.040111 -0.724837 1.323884
1.662476 0.098633 0.045044 0.066455 -0.614949 1.199043
1.679199 0.112427 0.021484 0.063133 -0.455456 1.096275
1.698608 0.139648 0.018799 0.047231 -0.402292 0.990184
1.715942 0.143799 -0.003540 0.056487 -0.471120 0.863444
1.746338 0.133057 -0.044800 0.056487 -0.354349 0.720565
1.754639 0.124512 -0.071899 0.025870 -0.182752 0.569379
1.738403 0.133667 -0.078491 -0.027057 0.003085 0.412972
1.673950 0.148804 -0.075317 -0.084493 0.217641 0.261786
1.601440 0.143677 -0.069824 -0.131961 0.402529 0.117009
1.516357 0.133057 -0.052002 -0.158781 0.474206 -0.010918
1.447632 0.138184 -0.035156 -0.162578 0.411311 -0.108227
1.395752 0.144287 -0.020142 -0.155221 0.309492 -0.209809
1.357300 0.130249 -0.003418 -0.143354 0.176344 -0.307830
1.278931 0.120972 -0.006714 -0.136945 0.187499 -0.399918
1.233765 0.115967 0.035278 -0.155933 0.196043 -0.446674
1.205566 0.102539 0.064697 -0.171360 0.110601 -0.464712
1.151733 0.076294 0.088257 -0.160917 0.022310 -0.484174
1.117920 0.080200 0.098267 -0.125553 -0.042247 -0.481801
1.088623 0.076294 0.115601 -0.091139 -0.107515 -0.443114
1.085327 0.070435 0.134033 -0.048655 -0.121518 -0.382355
1.079468 0.070679 0.140869 0.025158 -0.120806 -0.331090
1.068726 0.072266 0.129150 0.117009 -0.142879 -0.305457
1.056885 0.080688 0.105591 0.207910 -0.192720 -0.296675
1.052124 0.081909 0.086060 0.298574 -0.254903 -0.289318
1.048096 0.089355 0.053223 0.388289 -0.322783 -0.286944
1.047485 0.104980 0.018555 0.477529 -0.402766 -0.301659
1.042847 0.124390 -0.003662 0.557275 -0.487260 -0.339634
1.037231 0.148315 -0.028564 0.606404 -0.553478 -0.383067
1.028564 0.156616 -0.047485 0.600234 -0.571753 -0.416058
1.022583 0.152710 -0.058838 0.542323 -0.486548 -0.416770
1.025879 0.160400 -0.062866 0.451659 -0.256802 -0.387577
1.013428 0.171021 -0.088013 0.332276 0.045569 -0.350077
1.027344 0.194458 -0.105225 0.164477 0.391137 -0.311628
1.058228 0.235229 -0.119263 -0.022310 0.678556 -0.288368
1.044678 0.213745 -0.109131 -0.203875 0.938681 -0.298574
0.994629 0.192505 -0.090454 -0.352688 1.177445 -0.306406
1.006592 0.192993 -0.034058 -0.414396 1.237730 -0.289792
1.012451 0.195190 0.002441 -0.371675 1.160119 -0.310204
1.002686 0.186523 0.031860 -0.292403 1.051655 -0.374760
0.980713 0.197876 0.050171 -0.211470 0.878634 -0.424839
0.947876 0.200073 0.051147 -0.148100 0.694220 -0.434333
0.920044 0.193726 0.055542 -0.125316 0.563920 -0.392798
0.900024 0.180542 0.065796 -0.140743 0.560835 -0.301897
0.911011 0.198608 0.083008 -0.152610 0.565582 -0.196518
