0.751587 0.509399 -0.187256 -0.526421 1.047383 -0.383067
0.707764 0.499268 -0.171265 -0.450235 1.095563 -0.307118
0.569092 0.591919 -0.123413 -0.319223 0.942953 -0.254666
0.694336 0.477661 -0.187988 -0.203875 0.646040 -0.157594
0.659546 0.475586 -0.193359 -0.193195 0.848729 -0.177293
0.679688 0.470215 -0.158081 -0.192958 1.057826 -0.130537
0.503540 0.463989 -0.112183 -0.160679 0.985437 -0.086629
0.482666 0.469727 -0.105347 -0.066455 0.840659 0.116534
0.509155 0.418823 -0.087036 0.048180 0.649838 0.298811
0.524414 0.374756 -0.064941 0.169461 0.460440 0.408937
0.510254 0.340088 -0.051392 0.275789 0.371675 0.496041
0.500732 0.342163 -0.039917 0.370014 0.508858 0.575313
0.486328 0.328003 -0.034790 0.452845 0.812890 0.606404
0.436401 0.298950 -0.062866 0.515978 1.094376 0.610202
0.390747 0.274292 -0.103638 0.562734 1.301099 0.628477
0.300903 0.240967 -0.165283 0.614237 1.380134 0.629901
0.226196 0.146484 -0.262451 0.655297 1.403630 0.648176
-0.624146 0.259521 -0.239990 0.606879 1.208774 0.960991
0.116943 0.144653 -0.284424 0.510282 0.938206 1.916048
0.026001 0.133301 -0.128052 0.285283 0.617322 2.129892
0.090820 0.022583 -0.015991 0.135996 0.586705 2.488513
0.165894 -0.088745 0.109375 0.090901 0.649600 2.980994
0.255859 -0.174316 0.208984 0.162341 0.827131 3.481307
0.411011 -0.261841 0.241455 0.402766 0.973333 3.916115
0.553223 -0.309082 0.254395 0.757353 0.887178 4.283280
0.647827 -0.459961 0.222046 1.098411 0.700154 4.747755
0.911133 -0.348511 0.100220 1.365419 -0.144540 5.415393
1.108643 -0.378174 -0.018311 1.529421 -0.469459 5.759299
1.413696 -0.353149 0.032349 1.727837 -0.697780 5.635170
1.766724 -0.373901 -0.035156 1.882108 -0.516690 5.057722
1.819702 -0.465210 -0.089355 1.794767 0.312815 4.496886
2.016602 -0.353760 -0.080933 1.764150 0.439792 4.283043
2.063965 -0.393555 -0.106201 1.904181 -0.073813 3.976636
2.184937 -0.191284 -0.252075 2.017392 -0.384966 3.290723
2.153564 -0.097534 -0.416992 1.956159 -0.740502 2.426567
2.064209 -0.147095 -0.479248 1.662331 -1.115974 1.675148
1.989990 -0.190674 -0.490601 1.213284 -0.784647 1.167240
1.916504 -0.209595 -0.439575 0.779663 -0.452845 0.791292
1.827393 -0.261963 -0.390015 0.448573 -0.233543 0.493668
1.763306 -0.274170 -0.284546 0.257514 0.053164 0.301422
1.688110 -0.334351 -0.282715 0.170885 0.310204 0.123180
1.635498 -0.372559 -0.261353 0.077848 0.152135 -0.050316
1.645020 -0.405396 -0.228271 -0.017801 0.031566 -0.185125
1.713501 -0.374268 -0.207397 -0.063133 -0.032041 -0.304033
1.771973 -0.345703 -0.215698 -0.064319 -0.145252 -0.485598
1.825562 -0.327026 -0.280518 -0.085205 -0.159018 -0.727211
1.849609 -0.270996 -0.342285 -0.175869 -0.141929 -1.011070
1.861938 -0.272827 -0.409424 -0.360995 -0.269619 -1.301811
1.841919 -0.275513 -0.387207 -0.622306 -0.239239 -1.645243
1.770264 -0.310913 -0.349731 -0.857985 -0.146202 -2.005051
1.707031 -0.348267 -0.361938 -1.021987 -0.155458 -2.267074
1.634888 -0.345337 -0.349365 -1.138521 -0.219302 -2.435349
1.567261 -0.323486 -0.339844 -1.209723 -0.236391 -2.544288
1.458496 -0.298950 -0.426025 -1.225625 -0.376896 -2.648718
1.326172 -0.285034 -0.445190 -1.354738 -0.602844 -2.771897
1.229370 -0.283447 -0.371338 -1.542475 -0.672148 -2.823637
1.107056 -0.258423 -0.346191 -1.674910 -0.543272 -2.803701
1.030029 -0.228394 -0.324707 -1.799514 -0.451896 -2.719682
0.970581 -0.160522 -0.308472 -1.911064 -0.211945 -2.556155
0.911255 -0.130127 -0.260376 -2.022614 0.139081 -2.412801
0.883179 -0.057861 -0.163208 -2.099275 0.409649 -2.311457
0.771851 -0.047729 -0.164917 -2.110430 0.722227 -2.279416
0.651855 -0.033691 -0.129395 -2.103310 1.040262 -2.337802
0.518433 -0.026855 -0.103027 -2.010747 1.377998 -2.371029
0.427734 0.024658 -0.050049 -1.857900 1.303948 -2.287486
0.362061 0.062500 -0.058350 -1.708138 0.836625 -2.112329
0.325073 0.090820 -0.039063 -1.603708 0.365267 -1.890415
0.300781 0.111206 -0.002441 -1.504500 -0.065981 -1.703391
0.297729 0.154541 -0.028198 -1.392950 -0.271280 -1.526335
0.313721 0.211426 0.008423 -1.354501 -0.251581 -1.298963
0.302856 0.233887 0.065552 -1.312966 -0.179192 -1.054740
0.270386 0.248535 0.069336 -1.255767 -0.022073 -0.843745
0.255005 0.268188 0.083374 -1.219454 0.189635 -0.648888
0.215454 0.291260 0.060181 -1.171512 0.380456 -0.469222
0.156494 0.299072 0.053955 -1.136385 0.460203 -0.300947
0.118164 0.304688 0.083740 -1.122382 0.382118 -0.146202
0.094482 0.288574 0.098267 -1.081560 0.144303 -0.006646
0.077881 0.273071 0.101074 -0.997067 -0.151423 0.154034
0.078247 0.248901 0.117920 -0.913997 -0.425314 0.381406
0.107666 0.210083 0.149658 -0.829030 -0.638208 0.669774
0.174805 0.190796 0.189209 -0.736704 -0.688049 1.001339
0.270264 0.177368 0.198486 -0.651499 -0.626341 1.365893
0.331055 0.134766 0.191040 -0.567006 -0.539237 1.671588
0.405273 0.114868 0.196289 -0.446912 -0.438130 1.924355
0.479736 0.097168 0.199585 -0.292641 -0.406327 2.129180
0.546753 0.072510 0.176880 -0.125790 -0.493668 2.273720
0.615845 0.036865 0.168823 0.042959 -0.648651 2.377675
0.667236 0.014282 0.144531 0.217878 -0.818587 2.447690
0.691772 0.034668 0.055176 0.379270 -0.878159 2.596977
0.936523 -0.042847 0.078979 0.422703 -0.926339 2.813195
1.114624 -0.076294 0.105957 0.484649 -0.979266 2.787562
1.285889 -0.066406 0.037720 0.598810 -1.047857 2.610743
1.382324 -0.025024 -0.072998 0.701815 -1.152287 2.318103
1.463867 -0.008789 -0.148682 0.717242 -1.331716 2.069607
1.512939 -0.034668 -0.211914 0.650075 -1.279264 1.876650
1.684570 -0.027344 -0.312744 0.536152 -0.937019 1.695322
1.566406 -0.112183 -0.241577 0.433383 -0.343431 1.536066
1.650391 -0.053101 -0.234863 0.361707 0.252055 1.456557
1.649048 -0.060791 -0.155640 0.222151 0.112262 1.204502
1.666382 -0.090576 -0.171875 0.232119 -0.005696 0.959092
1.654663 -0.078613 -0.194336 0.249919 0.021123 0.754979
1.623413 -0.074463 -0.203613 0.225948 0.145964 0.581958
1.582520 -0.069824 -0.212646 0.183227 0.209571 0.402766
1.517578 -0.072876 -0.222900 0.129588 0.247783 0.253479
1.460205 -0.068604 -0.218384 0.058386 0.390187 0.174445
1.392822 -0.057983 -0.193359 0.010918 0.498177 0.086867
1.334961 -0.055908 -0.177979 -0.008070 0.516452 -0.006408
1.276855 -0.056763 -0.161987 -0.030617 0.522623 -0.079984
1.227173 -0.051025 -0.143066 -0.044620 0.512892 -0.128638
1.174316 -0.059937 -0.133179 -0.043196 0.442877 -0.178480
1.089478 -0.057129 -0.166138 -0.054351 0.422940 -0.206723
1.030151 -0.084473 -0.152100 -0.160442 0.691135 -0.122942
1.135864 -0.065674 0.003296 -0.272467 0.693034 -0.022310
1.091187 -0.059448 0.000122 -0.166613 0.294777 -0.112974
1.076050 -0.061279 -0.043823 -0.009731 0.130537 -0.191534
1.057983 -0.059814 -0.063599 -0.023971 0.079746 -0.178955
1.047363 -0.059082 -0.037598 -0.076661 0.095173 -0.154983
1.047485 -0.050659 -0.023682 -0.067167 0.064082 -0.181803
1.010010 -0.067139 -0.042114 -0.042959 0.009968 -0.207435
0.989014 -0.062500 -0.037354 -0.052927 -0.004509 -0.174682
0.990479 -0.053955 -0.032959 -0.068829 -0.003085 -0.135996
0.979736 -0.048828 -0.030518 -0.056250 -0.017326 -0.130062
0.964111 -0.054321 -0.019897 -0.033465 -0.056250 -0.132673
0.973755 -0.056274 -0.021729 -0.012342 -0.078560 -0.099683
0.967773 -0.047119 -0.029907 0.008307 -0.099446 -0.070015
0.990234 -0.032104 -0.032104 0.039636 -0.133148 -0.064794
0.992676 -0.034668 -0.046631 0.065269 -0.168037 -0.081170
0.975586 -0.042603 -0.080078 0.060759 -0.129350 -0.069541
0.972900 -0.045166 -0.057983 0.017326 -0.086867 -0.026107
0.991333 -0.046753 -0.059082 0.014715 -0.092563 -0.018513
0.986694 -0.041382 -0.064941 0.042959 -0.087816 -0.044383
0.995239 -0.034424 -0.094971 0.058860 -0.128638 -0.037974
1.011597 -0.025635 -0.091553 0.030142 -0.139793 -0.010918
1.013062 -0.032837 -0.060913 0.007832 -0.119145 -0.024683
1.009399 -0.041382 -0.077881 0.026582 -0.115822 -0.043908
1.001709 -0.041138 -0.103760 0.037974 -0.115822 -0.037025
1.006714 -0.040894 -0.104248 0.031329 -0.105379 -0.030854
1.004761 -0.047852 -0.101929 0.026107 -0.103243 -0.037737
1.009644 -0.048462 -0.105347 0.022547 -0.108939 -0.027769
1.008057 -0.045532 -0.101074 0.019462 -0.083306 -0.002848
1.003662 -0.036987 -0.127686 0.020174 -0.053876 0.004035
1.000854 -0.053345 -0.110596 -0.012816 -0.003085 0.020886
1.015015 -0.061890 -0.074707 -0.027531 -0.031804 0.038449
1.011475 -0.045166 -0.109131 0.015190 -0.063133 0.012342
1.002686 -0.045532 -0.110596 0.025158 -0.045569 -0.003560
1.005371 -0.044678 -0.114624 0.007832 -0.039636 0.022310
1.005005 -0.049438 -0.112671 -0.012342 -0.009256 0.039161
1.007446 -0.045044 -0.105103 -0.019225 0.001661 0.027769
0.996826 -0.048096 -0.119263 -0.022310 -0.000237 0.013054
1.005981 -0.047974 -0.121704 -0.047705 0.006408 0.013291
