0.773438 0.318481 -0.388672 -0.216217 -0.079034 -0.526183
0.574829 0.375854 -0.313965 -0.271517 -0.090664 -0.461390
0.759888 0.290649 -0.340210 -0.224287 -0.211945 -0.386153
0.685791 0.307739 -0.310669 -0.129350 0.157119 -0.392086
0.564575 0.346436 -0.363403 -0.027294 0.450472 -0.193670
0.538818 0.240234 -0.409790 -0.051028 1.038838 0.117483
0.473877 0.109985 -0.272949 -0.152372 1.392238 0.373099
0.508789 0.242432 -0.204590 -0.104667 1.242951 0.612338
0.554688 0.281250 -0.266846 0.091376 0.861071 0.749758
0.593262 0.240845 -0.353394 0.253954 0.560835 0.779426
0.592163 0.196655 -0.401855 0.260600 0.443589 0.726499
0.543945 0.201660 -0.416626 0.166376 0.563446 0.633699
0.461060 0.218750 -0.376587 0.043908 0.755454 0.548019
0.362793 0.222168 -0.329834 -0.078322 0.866767 0.498889
0.262939 0.202271 -0.289429 -0.181328 0.852052 0.503636
0.171021 0.185059 -0.256470 -0.259176 0.759489 0.576262
0.106934 0.175903 -0.240723 -0.322308 0.610677 0.713208
0.088501 0.131592 -0.233398 -0.373574 0.399918 0.926576
0.130737 0.073120 -0.213501 -0.401342 0.223337 1.221116
0.222290 0.033691 -0.194214 -0.403953 0.184888 1.571193
0.359497 -0.007080 -0.180298 -0.376184 0.170885 1.902520
0.526367 -0.049072 -0.185669 -0.288843 0.133148 2.156474
0.644775 -0.038086 -0.221802 -0.156407 0.097310 2.298403
0.687134 -0.027100 -0.270752 -0.060522 0.010443 2.338514
0.729126 -0.044922 -0.321411 -0.034177 -0.149050 2.391915
0.863403 -0.072266 -0.376465 -0.053402 -0.333226 2.487564
0.947876 -0.148682 -0.417847 -0.113923 -0.462339 2.582974
1.090454 -0.164307 -0.422729 -0.175157 -0.722464 2.764777
1.277100 -0.158325 -0.411255 -0.186549 -1.034092 2.958684
1.492188 -0.134644 -0.393921 -0.119145 -1.330292 3.087797
1.731567 -0.126465 -0.396606 0.030854 -1.579737 3.084474
1.953735 -0.128906 -0.502075 0.217878 -1.626018 2.918336
2.097290 -0.083130 -0.625488 0.316137 -1.566921 2.596265
2.143921 -0.059814 -0.692383 0.220726 -1.271907 2.163594
2.083252 -0.051270 -0.775269 -0.023971 -0.545883 1.732347
1.978271 -0.049927 -0.623047 -0.285046 -0.356010 1.403868
1.924805 -0.106445 -0.599609 -0.439554 -0.136233 1.201179
1.982788 -0.131714 -0.595215 -0.509095 0.111075 1.133062
2.079834 -0.139282 -0.563354 -0.551341 0.200553 1.101496
2.164307 -0.137451 -0.515869 -0.565107 0.248258 0.983301
2.224976 -0.148315 -0.501709 -0.537338 0.226897 0.764948
2.250854 -0.147217 -0.503052 -0.495092 0.167562 0.499601
2.248169 -0.133057 -0.487549 -0.471358 0.157831 0.203875
2.196289 -0.147217 -0.479370 -0.440504 0.168986 -0.115585
2.112061 -0.157715 -0.475708 -0.410836 0.137657 -0.401817
2.037231 -0.155762 -0.480225 -0.385203 0.094461 -0.618509
1.990601 -0.174927 -0.484253 -0.358858 -0.021361 -0.788919
1.932495 -0.175537 -0.492188 -0.338922 0.032516 -0.952209
1.854370 -0.149292 -0.491089 -0.356248 0.368589 -1.125230
1.774414 -0.136719 -0.457886 -0.398257 0.619221 -1.283062
1.698853 -0.123901 -0.439819 -0.431722 0.712258 -1.409801
1.616211 -0.123291 -0.422363 -0.464712 0.809568 -1.551493
1.526245 -0.115845 -0.400146 -0.483225 0.820485 -1.679420
1.432617 -0.099976 -0.377930 -0.477054 0.739552 -1.807109
1.309692 -0.109741 -0.382568 -0.482038 0.657433 -1.924830
1.191284 -0.101929 -0.354492 -0.502687 0.567481 -2.007662
1.094238 -0.088135 -0.308105 -0.522623 0.379270 -2.050145
1.018921 -0.067871 -0.224243 -0.536626 0.206486 -2.042076
0.978149 -0.070190 -0.141724 -0.519538 0.047943 -2.003389
0.964478 -0.062012 -0.102783 -0.445250 -0.129588 -1.970162
0.919434 -0.036499 -0.097534 -0.347941 -0.252055 -1.965890
0.840210 -0.015259 -0.123779 -0.292641 -0.181565 -1.958769
0.740356 0.003296 -0.157104 -0.295726 0.029668 -1.927678
0.645508 0.015869 -0.181152 -0.337498 0.297387 -1.878548
0.569946 0.027100 -0.203735 -0.375947 0.457117 -1.806397
0.522339 0.048096 -0.212402 -0.405615 0.480851 -1.709799
0.487915 0.058472 -0.220825 -0.436706 0.411073 -1.596351
0.480103 0.092529 -0.217529 -0.473019 0.361944 -1.454184
0.495239 0.122803 -0.202393 -0.515266 0.342245 -1.348330
0.441895 0.144653 -0.151489 -0.562734 0.377371 -1.313916
0.406616 0.162109 -0.150391 -0.555376 0.396596 -1.278789
0.386353 0.181763 -0.167358 -0.501500 0.318273 -1.194059
0.372803 0.197510 -0.176270 -0.444538 0.252767 -1.102683
0.350342 0.213013 -0.180542 -0.406801 0.242324 -1.027683
0.322754 0.217285 -0.195679 -0.379507 0.275552 -0.965738
0.276367 0.213379 -0.224731 -0.340346 0.309729 -0.895010
0.224487 0.202637 -0.248657 -0.298574 0.318273 -0.802685
0.194336 0.205811 -0.254883 -0.281486 0.297625 -0.683777
0.186768 0.219849 -0.243286 -0.283384 0.263685 -0.529506
0.179199 0.229126 -0.264404 -0.275315 0.251581 -0.332751
0.181030 0.247070 -0.293091 -0.287656 0.277213 -0.125316
0.186401 0.258057 -0.304199 -0.343431 0.333463 0.063845
0.202026 0.255737 -0.286987 -0.414633 0.369776 0.229508
0.221191 0.241821 -0.263794 -0.461864 0.376896 0.395409
0.235352 0.234619 -0.253418 -0.469934 0.351738 0.571278
0.243652 0.222778 -0.252563 -0.467086 0.278637 0.767796
0.380005 0.185181 -0.271362 -0.470646 0.162103 0.959092
0.415039 0.195923 -0.270752 -0.516215 0.138607 1.027446
0.443848 0.183838 -0.282959 -0.584332 0.157357 1.127129
0.490723 0.144897 -0.270752 -0.664315 0.236628 1.247698
0.545166 0.120117 -0.237427 -0.726736 0.269619 1.328631
0.604736 0.106689 -0.221802 -0.737179 0.205062 1.404342
0.666748 0.095337 -0.222778 -0.706087 0.110838 1.488124
0.709106 0.088257 -0.222900 -0.665977 0.055063 1.561699
0.760742 0.078491 -0.225830 -0.630613 0.011630 1.625069
0.797485 0.071411 -0.225342 -0.608778 -0.049129 1.668502
0.838013 0.055176 -0.233032 -0.615661 -0.134097 1.709325
0.917114 0.022949 -0.226685 -0.646990 -0.223575 1.783138
1.033325 0.013062 -0.201294 -0.656009 -0.318036 1.883295
1.144409 0.013672 -0.169312 -0.639869 -0.388289 1.946428
1.250488 0.026978 -0.148804 -0.619458 -0.431959 1.947614
1.331909 0.028687 -0.139648 -0.589553 -0.452371 1.903232
1.394653 0.012695 -0.155029 -0.562971 -0.422466 1.848169
1.481079 -0.016235 -0.172119 -0.542323 -0.434095 1.830606
1.598877 -0.024780 -0.196411 -0.531405 -0.455456 1.837489
1.711426 -0.012695 -0.192139 -0.528082 -0.429823 1.783138
1.791748 -0.008911 -0.192261 -0.535914 -0.348890 1.638835
1.829712 -0.006104 -0.184326 -0.549205 -0.265346 1.439232
1.857178 -0.001709 -0.176392 -0.555614 -0.183227 1.227524
1.868530 -0.014282 -0.165527 -0.562971 -0.080221 1.044060
1.900513 -0.014160 -0.148071 -0.564870 0.009968 0.910675
1.935181 -0.011475 -0.135620 -0.546595 0.091613 0.786308
1.950562 -0.005737 -0.125122 -0.504585 0.167562 0.629189
1.940063 -0.009155 -0.126221 -0.452608 0.210283 0.444776
1.906738 -0.015381 -0.130249 -0.411073 0.230457 0.266533
1.873291 -0.013794 -0.129883 -0.396358 0.260362 0.117721
1.845337 -0.010376 -0.122437 -0.403478 0.296438 -0.011392
1.820313 -0.012329 -0.106323 -0.408700 0.322783 -0.133860
1.789063 -0.017578 -0.101196 -0.398257 0.306881 -0.265346
1.751465 -0.018311 -0.100586 -0.393036 0.260837 -0.394934
1.716553 -0.025513 -0.104858 -0.401817 0.233068 -0.503161
1.689575 -0.027832 -0.094116 -0.407513 0.218590 -0.591927
1.661743 -0.022095 -0.095947 -0.396596 0.204587 -0.678793
1.620972 -0.019775 -0.103882 -0.385678 0.194619 -0.773492
1.588379 -0.014038 -0.104858 -0.382118 0.205062 -0.867004
1.538818 -0.007935 -0.103516 -0.375710 0.215980 -0.974045
1.482300 -0.011230 -0.099121 -0.375947 0.224761 -1.088205
1.418823 -0.010010 -0.109375 -0.374286 0.224524 -1.194059
1.355835 -0.007202 -0.108765 -0.373574 0.209571 -1.284486
1.294678 -0.006470 -0.107422 -0.375472 0.191059 -1.342634
1.231812 -0.005005 -0.098877 -0.369301 0.173733 -1.389153
1.160645 -0.005371 -0.104248 -0.353637 0.131249 -1.432349
1.107788 0.005615 -0.102539 -0.336311 0.075949 -1.447301
1.041504 0.021362 -0.110352 -0.332988 0.064319 -1.431637
0.979736 0.033081 -0.100464 -0.342245 0.102768 -1.403393
0.922729 0.053711 -0.093994 -0.346517 0.155458 -1.357824
0.866089 0.071655 -0.094482 -0.347941 0.162103 -1.328156
0.809570 0.076782 -0.080322 -0.364555 0.180616 -1.293505
0.754883 0.073364 -0.057983 -0.371675 0.187499 -1.234169
0.736328 0.076660 -0.061523 -0.360757 0.201977 -1.132350
0.711670 0.079102 -0.046021 -0.344143 0.165189 -1.039550
0.690063 0.087646 -0.034058 -0.320647 0.087341 -0.966924
0.666382 0.102173 -0.022949 -0.288131 0.042247 -0.916608
0.634644 0.109131 -0.015137 -0.248021 0.019225 -0.875311
0.603149 0.114868 -0.011108 -0.210046 -0.027294 -0.821909
0.587158 0.120361 -0.006226 -0.179429 -0.087579 -0.738603
0.595459 0.127563 0.003540 -0.143354 -0.145727 -0.632275
0.616821 0.136597 0.001221 -0.099208 -0.194382 -0.522861
0.625732 0.148560 -0.010010 -0.054826 -0.208385 -0.420092
0.646240 0.161133 -0.022827 -0.016614 -0.206011 -0.324207
