0.888794 0.222534 -0.062988 0.223812 0.125790 -0.196518
0.870605 0.248901 -0.017944 0.313527 0.185125 -0.150948
0.856079 0.243774 -0.004517 0.460440 0.157831 -0.076424
0.822998 0.233154 -0.011475 0.642243 0.115585 0.002848
0.802490 0.216431 -0.063232 0.787258 0.009494 0.064794
0.775146 0.177734 -0.098633 0.863919 -0.136233 0.093749
0.733765 0.145996 -0.130615 0.868428 -0.211708 0.094461
0.695435 0.108154 -0.141113 0.809805 -0.252767 0.079746
0.679565 0.071167 -0.141235 0.707749 -0.230220 0.070727
0.651001 0.033936 -0.106323 0.582908 -0.103243 0.044857
0.636597 0.070679 -0.062866 0.487734 0.025158 -0.017801
0.633789 0.086304 -0.031982 0.479190 0.046281 -0.102294
0.635620 0.082764 -0.027954 0.547781 -0.082357 -0.212894
0.628784 0.078003 -0.073853 0.650075 -0.284808 -0.323732
0.551147 0.111084 -0.172852 0.752606 -0.459965 -0.354824
0.614258 0.051392 -0.164917 0.797701 -0.402292 -0.205062
0.525391 0.116699 -0.256348 0.791292 -0.394460 0.009968
0.520264 0.113770 -0.223267 0.731957 0.136945 0.305694
0.482544 0.166382 -0.219971 0.644142 0.315188 0.701578
0.574097 0.173096 -0.200928 0.628002 0.462102 1.111465
0.650146 0.136719 -0.208374 0.708461 0.576737 1.401257
0.718140 0.101929 -0.224854 0.801498 0.596673 1.524911
0.750977 0.069214 -0.260254 0.886466 0.559648 1.532269
0.778076 0.063599 -0.293457 0.951260 0.545883 1.444216
0.755981 0.069824 -0.309082 0.980215 0.590503 1.323172
0.716187 0.083984 -0.312500 0.994456 0.617797 1.241527
0.693359 0.115723 -0.303223 1.024598 0.525471 1.254343
0.732422 0.134033 -0.298096 1.081797 0.292403 1.363757
0.791626 0.095947 -0.339722 1.139945 0.063133 1.540576
0.828857 0.064331 -0.413574 1.152050 -0.086155 1.741366
0.881104 0.067627 -0.487427 1.089867 -0.084968 1.928627
0.963257 0.072388 -0.554199 0.940817 0.030854 2.094053
0.993530 0.076294 -0.594727 0.715581 0.245173 2.209401
1.046753 0.069336 -0.597534 0.445250 0.513604 2.230049
1.079468 0.029053 -0.577515 0.172309 0.620408 2.175936
1.127319 -0.027466 -0.545166 -0.038686 0.572939 2.082898
1.173828 -0.074097 -0.507446 -0.160917 0.466611 1.971111
1.234619 -0.121094 -0.484131 -0.193907 0.319223 1.851017
1.263550 -0.176025 -0.501953 -0.142167 0.128401 1.712885
1.318237 -0.177002 -0.507568 -0.038686 -0.089715 1.561224
1.360596 -0.198364 -0.557983 0.071439 -0.374760 1.419770
1.381714 -0.221802 -0.607788 0.160679 -0.538050 1.303236
1.370728 -0.198242 -0.666748 0.204350 -0.616373 1.226575
1.384521 -0.207886 -0.734131 0.148100 -0.577449 1.213996
1.360474 -0.214966 -0.780518 -0.002848 -0.384491 1.246511
1.351807 -0.209961 -0.778076 -0.230457 -0.140743 1.277840
1.326782 -0.214355 -0.749390 -0.467798 0.047231 1.277840
1.289551 -0.202515 -0.702637 -0.668825 0.123892 1.245324
1.257080 -0.210327 -0.665283 -0.826182 0.121518 1.203315
1.233643 -0.229736 -0.621338 -0.952684 0.080933 1.161306
1.214966 -0.252808 -0.587646 -1.057351 0.039398 1.125230
1.174194 -0.287842 -0.565430 -1.142793 0.079034 1.130926
1.159302 -0.325317 -0.552979 -1.216132 0.164952 1.195008
1.154053 -0.330322 -0.546021 -1.284248 0.233305 1.295641
1.168823 -0.328857 -0.533691 -1.340735 0.274365 1.389390
1.198853 -0.326294 -0.523315 -1.387729 0.274128 1.441130
1.258667 -0.313965 -0.514648 -1.447301 0.250157 1.426890
1.310913 -0.299194 -0.508545 -1.538202 0.232831 1.336226
1.349121 -0.291016 -0.502686 -1.653075 0.215742 1.182192
1.348633 -0.285400 -0.491943 -1.759404 0.178243 1.011307
1.345825 -0.286743 -0.489990 -1.850305 0.107752 0.851814
1.333984 -0.276489 -0.490601 -1.947140 -0.007595 0.703714
1.346802 -0.268066 -0.484131 -2.079338 -0.131487 0.570803
1.372192 -0.286621 -0.454712 -2.249748 -0.206486 0.452133
1.405029 -0.299194 -0.404053 -2.420159 -0.237578 0.342957
1.436035 -0.321655 -0.336914 -2.542626 -0.231881 0.239951
1.453613 -0.336426 -0.277466 -2.588908 -0.182989 0.140031
1.474854 -0.346069 -0.221069 -2.563987 -0.139081 0.039398
1.479248 -0.349243 -0.195679 -2.488988 -0.099208 -0.069541
1.496826 -0.332275 -0.182007 -2.394526 -0.126502 -0.198179
1.503784 -0.316162 -0.180664 -2.318340 -0.182515 -0.346517
1.500977 -0.296997 -0.185547 -2.279416 -0.235916 -0.516690
1.503906 -0.287598 -0.176147 -2.268498 -0.326580 -0.705850
1.513184 -0.279785 -0.155029 -2.266600 -0.468035 -0.910675
1.520020 -0.265747 -0.138794 -2.254970 -0.640819 -1.138996
1.522217 -0.247192 -0.130737 -2.230761 -0.841371 -1.382982
1.510132 -0.235107 -0.113281 -2.207502 -0.998965 -1.613439
1.501709 -0.233276 -0.084106 -2.186379 -1.063522 -1.814466
1.479248 -0.229004 -0.040894 -2.147455 -0.980690 -1.954972
1.429565 -0.219971 -0.015503 -2.065573 -0.736942 -2.038990
1.377197 -0.205200 0.000488 -1.940019 -0.464000 -2.085509
1.313477 -0.186157 -0.006592 -1.777441 -0.238290 -2.105683
1.265869 -0.159668 -0.003540 -1.614626 -0.038449 -2.094765
1.208618 -0.130737 -0.012451 -1.469374 0.145015 -2.075778
1.176758 -0.101807 -0.001587 -1.335276 0.263448 -2.076253
1.126099 -0.071655 0.007813 -1.198094 0.324207 -2.118737
1.081909 -0.038452 0.020508 -1.050468 0.317087 -2.209401
1.027344 -0.026367 0.027588 -0.885042 0.229745 -2.335428
0.995605 -0.015015 0.042603 -0.718192 0.091376 -2.470475
0.953857 -0.013184 0.051392 -0.555614 -0.061708 -2.611455
0.912354 -0.011597 0.055298 -0.383067 -0.239002 -2.751249
0.873657 -0.007935 0.048584 -0.191771 -0.442402 -2.879175
0.843384 -0.003540 0.049561 0.007358 -0.631800 -2.994760
0.791016 -0.001465 0.038818 0.209809 -0.793429 -3.081151
0.748047 0.013306 0.020386 0.406564 -0.924440 -3.118414
0.693481 0.015137 -0.014282 0.579110 -1.033854 -3.107734
0.632324 0.013184 -0.057373 0.699442 -1.120484 -3.056231
0.570068 0.026001 -0.107300 0.764236 -1.189787 -2.948716
0.510498 0.026611 -0.153809 0.785359 -1.287096 -2.786375
0.488403 0.058350 -0.170532 0.768508 -1.380371 -2.579414
0.469360 0.084229 -0.183350 0.717480 -1.319612 -2.348957
0.443359 0.091797 -0.194580 0.658857 -1.104582 -2.118974
0.372925 0.081421 -0.205078 0.599522 -0.743350 -1.868817
0.286743 0.067505 -0.224121 0.530930 -0.260125 -1.558376
0.184570 0.059204 -0.236084 0.444538 0.275552 -1.170325
0.097900 0.035034 -0.252319 0.341533 0.735043 -0.739552
0.038574 0.026001 -0.265137 0.254191 1.023886 -0.329666
0.010864 0.030640 -0.264404 0.217878 1.094376 0.008782
0.004639 0.031372 -0.260742 0.236628 1.030057 0.245647
0.014160 0.023315 -0.258423 0.300947 0.869140 0.377846
0.056152 0.016724 -0.249756 0.411073 0.647464 0.428874
0.077271 0.000854 -0.243042 0.566769 0.440266 0.419143
0.113037 -0.011841 -0.254395 0.757828 0.257752 0.378558
0.142456 -0.031250 -0.283813 0.962415 0.129825 0.351026
0.171875 -0.070190 -0.328979 1.145879 0.103243 0.361232
0.213989 -0.085449 -0.358032 1.289707 0.143591 0.396596
0.247559 -0.091064 -0.387085 1.410039 0.252767 0.437418
0.267212 -0.100830 -0.423462 1.531557 0.349128 0.445488
0.248291 -0.110474 -0.465210 1.652363 0.356485 0.420804
0.226074 -0.111450 -0.504517 1.727600 0.278637 0.408937
0.234741 -0.095947 -0.512085 1.760828 0.178243 0.426975
0.227783 -0.094849 -0.528931 1.757980 0.129588 0.460440
0.198730 -0.087891 -0.549805 1.745638 0.084018 0.503161
0.165039 -0.069336 -0.570923 1.738280 -0.022785 0.587655
0.166504 -0.039917 -0.611572 1.709562 -0.110126 0.753555
0.201294 -0.006348 -0.631958 1.632189 -0.031329 0.995880
0.264648 0.016602 -0.664917 1.524199 0.221201 1.272381
0.325806 0.046753 -0.705078 1.437807 0.515978 1.527759
0.403198 0.092896 -0.734863 1.371115 0.744062 1.721192
0.470703 0.131348 -0.765381 1.279501 0.890501 1.819451
0.517700 0.164185 -0.775513 1.158221 0.968586 1.824909
0.526367 0.169189 -0.780640 1.026259 0.995405 1.798327
0.523804 0.143799 -0.764160 0.877684 1.025073 1.804498
0.536621 0.096924 -0.748291 0.698018 1.044060 1.851492
0.606812 0.066895 -0.700562 0.525709 1.025073 1.918422
0.710083 0.019897 -0.651001 0.413684 0.989234 1.976807
0.841064 -0.005005 -0.613281 0.376896 0.947937 2.000779
0.943848 -0.038330 -0.590820 0.403004 0.908064 1.975383
1.025879 -0.073120 -0.598633 0.459491 0.856798 1.914149
1.106079 -0.108032 -0.619995 0.494380 0.789156 1.833928
1.205566 -0.121460 -0.625122 0.492718 0.696119 1.727837
1.284912 -0.131836 -0.635132 0.463526 0.603556 1.547221
1.300903 -0.161255 -0.655273 0.405140 0.517402 1.307270
1.281616 -0.186646 -0.663696 0.327767 0.409887 1.080610
1.272583 -0.215698 -0.652832 0.251581 0.281960 0.938443
1.322021 -0.203613 -0.619995 0.214556 0.191059 0.874362
1.351074 -0.198975 -0.607666 0.239714 0.209097 0.845406
1.354858 -0.177368 -0.637817 0.331564 0.297150 0.831878
1.347656 -0.160645 -0.701660 0.454981 0.370251 0.841846
1.372803 -0.125000 -0.768066 0.549205 0.407039 0.872226
