0.072632 0.683716 -0.772949 -0.315900 -0.389475 0.073575
0.093506 0.678711 -0.736450 -0.366453 -0.342245 0.191059
0.169189 0.655640 -0.704224 -0.379032 -0.249919 0.291454
0.148193 0.656982 -0.662476 -0.359808 -0.177531 0.321121
0.181396 0.648682 -0.598389 -0.310678 -0.069778 0.310441
0.162842 0.636475 -0.573975 -0.234255 -0.065743 0.273179
0.143311 0.643311 -0.609131 -0.150948 0.054588 0.275789
0.210815 0.568359 -0.596680 -0.103718 0.324919 0.350077
0.251953 0.550415 -0.502930 -0.095411 0.369539 0.471595
0.334839 0.545410 -0.432495 -0.018987 0.301659 0.560123
0.471313 0.515869 -0.412720 0.155221 0.094224 0.596436
0.597900 0.484497 -0.401001 0.365979 -0.108465 0.560835
0.711670 0.455200 -0.396240 0.544933 -0.196518 0.468984
0.807983 0.430298 -0.401611 0.652448 -0.138844 0.323495
0.867065 0.380371 -0.396240 0.696119 -0.033228 0.132673
0.924194 0.322632 -0.381104 0.699442 0.088765 -0.100395
0.960693 0.268433 -0.359009 0.688049 0.098971 -0.358146
0.990845 0.218018 -0.334961 0.691847 0.057911 -0.634173
1.014771 0.177490 -0.314697 0.738128 0.005221 -0.928950
1.026855 0.152588 -0.320068 0.848966 -0.070490 -1.258141
1.011230 0.134888 -0.338135 1.040974 -0.145252 -1.648803
0.971313 0.138428 -0.384277 1.294217 -0.189160 -2.115177
0.877808 0.106079 -0.495239 1.587806 -0.222625 -2.638987
0.707642 0.070801 -0.623047 1.899197 -0.179904 -3.192464
0.477173 0.076538 -0.806763 2.183056 -0.077136 -3.720784
0.131836 0.086304 -1.037964 2.381710 0.005459 -4.143250
-0.187012 0.064819 -1.224365 2.405444 0.018038 -4.350685
-0.456665 0.021606 -1.391602 2.233847 -0.210758 -4.245069
-0.686523 0.032593 -1.511719 1.958057 -0.365741 -3.861526
-0.843384 0.112183 -1.572510 1.687252 -0.415583 -3.353381
-0.971924 0.211914 -1.613037 1.442554 -0.406089 -2.873954
-1.106323 0.317627 -1.626343 1.253631 -0.301422 -2.557104
-1.254517 0.391479 -1.636475 1.141607 -0.237340 -2.410903
-1.397949 0.427246 -1.649536 1.102208 -0.188686 -2.305998
-1.546387 0.441772 -1.661011 1.075151 -0.167562 -2.118974
-1.669312 0.441162 -1.664551 1.004661 -0.126977 -1.817552
-1.730103 0.424927 -1.660278 0.884330 -0.048655 -1.423567
-1.743896 0.399292 -1.646973 0.743350 0.014952 -0.971196
-1.739258 0.384766 -1.627197 0.602370 0.026107 -0.490582
-1.700928 0.354126 -1.619751 0.433383 0.018275 -0.010680
-1.617432 0.338501 -1.576416 0.214318 0.037025 0.468984
-1.518066 0.319336 -1.533325 -0.039636 0.030617 0.929899
-1.399902 0.289429 -1.484741 -0.288368 -0.030617 1.347381
-1.285156 0.256592 -1.426025 -0.498415 -0.139793 1.690812
-1.158447 0.230347 -1.364746 -0.672860 -0.305694 1.964940
-1.039673 0.206055 -1.307617 -0.800549 -0.534016 2.184243
-0.956055 0.190674 -1.254395 -0.877210 -0.779900 2.368419
-0.861572 0.167236 -1.195801 -0.937731 -0.987810 2.548560
-0.768555 0.132935 -1.144775 -1.000627 -1.162493 2.762641
-0.644409 0.126709 -1.082886 -1.050468 -1.274755 3.016595
-0.521606 0.132813 -1.031372 -1.067082 -1.306796 3.281941
-0.381592 0.141235 -0.973755 -1.060911 -1.265261 3.525453
-0.234375 0.139404 -0.937256 -1.024123 -1.170088 3.719360
-0.069092 0.116821 -0.894165 -0.955769 -1.086544 3.869359
0.148315 0.133179 -0.866699 -0.852526 -1.069693 3.973551
0.372192 0.156006 -0.863281 -0.721277 -1.055690 4.027190
0.559204 0.177124 -0.860474 -0.585044 -0.997779 4.004405
0.721436 0.220215 -0.866943 -0.483700 -0.832590 3.901162
0.826416 0.258545 -0.863892 -0.441453 -0.544459 3.749027
0.910400 0.295410 -0.854370 -0.466611 -0.201739 3.576243
0.986450 0.299072 -0.831787 -0.548493 0.109889 3.393729
1.063843 0.294312 -0.802734 -0.652686 0.361232 3.200059
1.133301 0.280518 -0.758179 -0.739790 0.542560 2.995709
1.185913 0.274170 -0.707153 -0.778951 0.681167 2.777356
1.220947 0.375488 -0.658325 -0.758540 0.780138 2.539778
1.261353 0.317383 -0.613525 -0.686863 0.749995 2.272296
1.281006 0.349243 -0.569336 -0.572939 0.629664 1.937883
1.276611 0.367554 -0.529419 -0.432434 0.623256 1.537965
1.264771 0.393677 -0.484741 -0.283147 0.578398 1.113601
1.235352 0.410889 -0.447632 -0.144540 0.521437 0.714632
1.212158 0.376953 -0.427124 -0.021361 0.442640 0.350314
1.186646 0.333252 -0.408203 0.105379 0.340109 0.019462
1.154297 0.294067 -0.407593 0.265584 0.270093 -0.291217
1.126343 0.270386 -0.406372 0.466611 0.218353 -0.595487
1.097900 0.249634 -0.414185 0.704189 0.172072 -0.911861
1.064087 0.225342 -0.450195 0.971908 0.127689 -1.234169
1.022339 0.221802 -0.492676 1.266210 0.064319 -1.576177
0.973145 0.210083 -0.550659 1.568345 -0.047468 -1.951887
0.912598 0.173950 -0.607788 1.850542 -0.176106 -2.362723
0.840820 0.124146 -0.676025 2.079338 -0.283622 -2.789935
0.760864 0.106934 -0.752319 2.239305 -0.377846 -3.215961
0.601563 0.073608 -0.846558 2.344685 -0.429823 -3.626085
0.411133 0.008545 -0.964233 2.389779 -0.436943 -3.993488
0.185913 -0.015747 -1.118164 2.396188 -0.481089 -4.230590
-0.070068 -0.010498 -1.261963 2.370792 -0.553478 -4.266429
-0.312378 0.019653 -1.411499 2.289384 -0.562734 -4.102901
-0.574951 0.057739 -1.516602 2.161933 -0.500313 -3.783679
-0.731567 0.115723 -1.605957 1.996032 -0.316137 -3.365960
-0.823730 0.197754 -1.668579 1.824909 -0.145015 -2.901248
-0.865356 0.251587 -1.717285 1.679657 -0.010443 -2.462168
-0.840820 0.290405 -1.740112 1.534880 0.100632 -2.097613
-0.800415 0.341064 -1.729736 1.347143 0.177768 -1.794530
-0.735596 0.375854 -1.714844 1.105768 0.202689 -1.550781
-0.699585 0.402710 -1.712769 0.860359 0.125553 -1.381558
-0.668091 0.435181 -1.706177 0.655534 -0.001661 -1.264549
-0.649658 0.431885 -1.694214 0.487734 -0.149050 -1.173173
-0.623657 0.436523 -1.650513 0.312102 -0.298099 -1.070405
-0.592163 0.426147 -1.580688 0.103006 -0.416058 -0.946276
-0.549927 0.396973 -1.497559 -0.125078 -0.471595 -0.811229
-0.494751 0.371704 -1.406250 -0.340583 -0.474918 -0.665977
-0.438354 0.347168 -1.310669 -0.510519 -0.480139 -0.526421
-0.378784 0.315063 -1.234741 -0.621832 -0.495567 -0.416058
-0.333862 0.303711 -1.167725 -0.665502 -0.537576 -0.361232
-0.305420 0.295410 -1.128540 -0.631800 -0.581246 -0.355061
-0.310669 0.282227 -1.110352 -0.542560 -0.603082 -0.374760
-0.323120 0.263062 -1.108154 -0.436706 -0.564395 -0.370963
-0.337524 0.260254 -1.109863 -0.348416 -0.459253 -0.298811
-0.329956 0.255493 -1.115601 -0.286707 -0.308305 -0.164952
-0.308350 0.269409 -1.113525 -0.249682 -0.101344 -0.012579
-0.291748 0.285645 -1.115356 -0.227372 0.091376 0.121993
-0.259521 0.294678 -1.125488 -0.217641 0.235679 0.227372
-0.235596 0.308472 -1.116455 -0.213844 0.330140 0.297150
-0.202515 0.322876 -1.102295 -0.218828 0.355536 0.316375
-0.192871 0.333374 -1.100098 -0.223812 0.314951 0.283859
-0.179932 0.343384 -1.089478 -0.223575 0.247783 0.217166
-0.170898 0.338623 -1.089111 -0.218590 0.162578 0.134572
-0.178589 0.327148 -1.084717 -0.205299 0.062895 0.052927
-0.184448 0.316772 -1.091064 -0.180141 -0.027294 -0.016376
-0.189453 0.315308 -1.092896 -0.156645 -0.093749 -0.048655
-0.198364 0.308716 -1.093018 -0.147151 -0.111550 -0.036076
-0.193359 0.308472 -1.090332 -0.162103 -0.069541 0.004272
-0.188843 0.308228 -1.078369 -0.184413 -0.012816 0.057199
-0.186401 0.298462 -1.077271 -0.197704 0.033465 0.102768
-0.186157 0.287476 -1.077759 -0.196992 0.049841 0.137657
-0.185303 0.293579 -1.072144 -0.180616 0.026107 0.172546
-0.172363 0.297119 -1.071167 -0.152847 -0.009019 0.211708
-0.164917 0.291138 -1.067017 -0.131249 -0.029668 0.242324
-0.149902 0.298462 -1.060303 -0.117958 -0.035364 0.255141
-0.126343 0.305420 -1.057129 -0.107752 -0.036788 0.256090
-0.122070 0.296021 -1.047729 -0.098259 -0.036313 0.248733
-0.114624 0.299927 -1.043457 -0.087579 -0.032990 0.229033
-0.117188 0.300903 -1.042847 -0.070965 -0.019225 0.204350
-0.122559 0.289917 -1.047363 -0.044620 -0.013528 0.181565
-0.122314 0.294800 -1.058594 -0.014240 -0.015427 0.170648
-0.118286 0.292603 -1.063965 0.011630 -0.016851 0.177531
-0.107544 0.286621 -1.079590 0.026345 -0.015190 0.191534
-0.092529 0.291016 -1.085083 0.031092 -0.012104 0.193432
-0.082275 0.295776 -1.089111 0.028718 -0.005459 0.172546
-0.073975 0.297607 -1.091431 0.024209 -0.002848 0.137657
-0.075928 0.289307 -1.099731 0.018750 -0.011867 0.096597
-0.074585 0.288574 -1.104980 0.010918 -0.023259 0.064082
-0.083008 0.288940 -1.099854 0.000000 -0.018513 0.046756
-0.095947 0.289551 -1.106812 -0.017326 0.000000 0.037025
-0.108887 0.296997 -1.100098 -0.038686 0.036076 0.040823
-0.120605 0.305298 -1.096680 -0.060047 0.064319 0.064082
-0.114868 0.306763 -1.086670 -0.082594 0.075949 0.097310
-0.104858 0.304810 -1.080078 -0.100158 0.064794 0.118670
-0.089111 0.306030 -1.064941 -0.103480 0.038924 0.120332
-0.080322 0.301636 -1.063965 -0.089240 -0.006646 0.108702
-0.069092 0.295166 -1.060303 -0.064319 -0.051503 0.090901
