0.913330 0.402466 -0.178955 -0.437418 -0.028006 -0.151660
0.929565 0.389404 -0.148438 -0.438842 0.025158 -0.112737
0.935425 0.369507 -0.121582 -0.395172 0.123654 -0.088528
0.950317 0.335327 -0.111206 -0.305220 0.133148 -0.069066
0.929321 0.364502 -0.086060 -0.221201 0.257514 -0.113686
0.897705 0.383057 -0.109863 -0.136233 0.404191 -0.108939
0.880493 0.389648 -0.117432 -0.064319 0.566531 -0.075237
0.872314 0.396240 -0.127686 -0.004747 0.605218 -0.034889
0.872192 0.410767 -0.145264 0.027057 0.578873 0.015902
0.851929 0.398193 -0.131592 0.014478 0.536389 0.065506
0.811035 0.373169 -0.122314 -0.016851 0.463288 0.098734
0.799316 0.361084 -0.096069 -0.052927 0.339159 0.119857
0.815918 0.351196 -0.047852 -0.089477 0.181091 0.133385
0.815063 0.315308 0.011597 -0.149287 0.043196 0.127452
0.782349 0.286743 0.097168 -0.228084 0.002136 0.084256
0.721802 0.260620 0.199219 -0.298099 0.020174 0.002373
0.661865 0.232666 0.305298 -0.334175 -0.052690 -0.102056
0.598633 0.165649 0.397827 -0.330140 -0.222863 -0.207198
0.546997 0.072144 0.474854 -0.284808 -0.413921 -0.264634
0.518677 0.000122 0.564331 -0.227847 -0.499601 -0.239002
0.419312 -0.067261 0.684204 -0.158543 -0.420330 -0.137183
0.436768 -0.092041 0.770752 0.038212 -0.439317 0.061708
0.400757 -0.142578 0.781982 0.329191 -0.261312 0.236628
0.374512 -0.169067 0.796509 0.650787 -0.103718 0.422940
0.391968 -0.212646 0.772827 1.047620 -0.061946 0.647464
0.441040 -0.241333 0.689697 1.531082 -0.357672 0.901656
0.584473 -0.261597 0.508423 2.071743 -0.799837 1.150388
0.756714 -0.268921 0.270874 2.564224 -0.896909 1.350941
0.913452 -0.218140 0.033936 2.963193 -0.963839 1.493345
1.042603 -0.159180 -0.210938 3.261293 -1.119297 1.561462
1.174683 -0.120239 -0.491333 3.502193 -1.300387 1.583772
1.368286 -0.072754 -0.793701 3.691354 -1.400545 1.548645
1.487061 -0.007813 -1.138916 3.756385 -1.274043 1.355925
1.488037 0.106201 -1.322021 3.580041 -1.030057 1.085594
1.482178 0.202881 -1.467285 3.250138 -0.881719 0.877684
1.517212 0.242920 -1.627075 2.918099 -1.054503 0.679743
1.552856 0.287964 -1.784790 2.587009 -1.403393 0.440741
1.533936 0.324951 -1.898560 2.240018 -1.719293 0.150711
1.470825 0.364746 -1.966553 1.854814 -1.837489 -0.129588
1.383057 0.374390 -1.964600 1.439706 -1.711698 -0.330852
1.303833 0.328979 -1.997314 1.073015 -1.394849 -0.432434
1.219971 0.299805 -1.946655 0.703239 -0.913285 -0.460915
1.169434 0.313599 -1.940063 0.353162 -0.431010 -0.467086
1.101318 0.323975 -1.891968 -0.019937 -0.056012 -0.480851
1.018311 0.311157 -1.840698 -0.416532 0.361232 -0.494142
0.944824 0.291382 -1.779419 -0.832352 0.734093 -0.473969
0.877319 0.241211 -1.658447 -1.260752 1.093664 -0.405377
0.849121 0.194092 -1.528687 -1.636699 1.387254 -0.310441
0.846069 0.150146 -1.414429 -1.947614 1.500703 -0.225236
0.885986 0.120605 -1.297974 -2.219132 1.513282 -0.162815
0.938110 0.099854 -1.174683 -2.442231 1.375387 -0.140031
0.957153 0.085327 -1.023804 -2.616202 0.930137 -0.162815
0.991089 0.069946 -0.896729 -2.727752 0.508620 -0.200078
0.994751 0.054810 -0.823730 -2.808922 0.599522 -0.234018
0.972168 0.034302 -0.739136 -2.905520 0.927288 -0.209809
0.960083 0.032471 -0.625122 -2.983130 0.997779 -0.131724
0.971069 0.036133 -0.535400 -3.015883 0.882431 -0.060047
0.971924 0.032104 -0.466553 -3.036532 0.795565 -0.026819
0.958618 0.042603 -0.388672 -3.062164 0.755691 -0.028481
0.951660 0.057861 -0.302856 -3.081626 0.719853 -0.042247
0.940796 0.059692 -0.227539 -3.075693 0.656721 -0.074525
0.930542 0.039063 -0.146973 -3.054332 0.564158 -0.093512
0.932007 0.040405 -0.049194 -3.031073 0.510756 -0.068117
0.933716 0.041138 0.057007 -2.996658 0.489870 -0.037500
0.931885 0.052002 0.162964 -2.937798 0.472782 -0.025158
0.922607 0.078003 0.259033 -2.829571 0.440029 -0.025395
0.911377 0.108887 0.325684 -2.672214 0.379270 -0.037262
0.884888 0.150513 0.343018 -2.487564 0.285520 -0.073101
0.836182 0.189819 0.305542 -2.334716 0.180141 -0.123417
0.795898 0.171387 0.287476 -2.276805 0.058860 -0.150236
0.759644 0.104004 0.302368 -2.324511 0.063133 -0.085205
0.729248 0.083862 0.359009 -2.440333 0.199128 0.047231
0.714600 0.042603 0.465698 -2.567547 0.434095 0.156882
0.689941 0.001587 0.616577 -2.599113 0.626578 0.199366
0.644531 -0.010132 0.727295 -2.460981 0.600471 0.206486
0.617798 0.014038 0.795532 -2.194686 0.415108 0.228559
0.650635 0.035400 0.841187 -1.847932 0.144303 0.271755
0.685425 0.044312 0.862061 -1.432111 -0.119145 0.294777
0.720947 0.039673 0.840576 -0.986149 -0.347704 0.297625
0.740112 0.045532 0.767578 -0.552528 -0.548256 0.296675
0.740601 0.039551 0.666626 -0.185125 -0.693271 0.317561
0.747192 0.019653 0.583740 0.089477 -0.742875 0.386153
0.766968 0.024536 0.535278 0.293590 -0.680929 0.502212
0.801514 0.043579 0.494873 0.451184 -0.560835 0.623256
0.837524 0.039917 0.470581 0.589791 -0.437655 0.715106
0.873779 0.042725 0.457642 0.744536 -0.317324 0.795565
0.920654 0.041748 0.431763 0.928713 -0.237103 0.846593
0.947510 0.035278 0.384277 1.138996 -0.198416 0.860359
0.980103 0.040894 0.333130 1.342634 -0.175632 0.856798
1.004272 0.042480 0.281860 1.532506 -0.116534 0.833539
1.033691 0.074707 0.221680 1.655448 -0.000475 0.813840
1.068237 0.089355 0.166504 1.727837 0.047468 0.803634
1.130493 0.091187 0.120728 1.759404 0.164952 0.823571
1.160889 0.064209 0.084839 1.715733 0.568193 0.848491
1.182495 0.018066 0.032104 1.672774 1.079661 0.867004
1.183594 0.019653 0.050903 1.708375 1.049519 0.928950
1.155396 -0.003662 0.002197 1.790020 1.067319 0.954108
1.203125 0.011108 -0.081665 1.928390 1.155373 0.961465
1.246216 0.101563 -0.230591 2.074829 0.895010 0.939868
1.249023 0.156738 -0.415894 2.136537 0.454032 0.879820
1.275757 0.206665 -0.586792 2.015494 0.150948 0.837574
1.341797 0.243896 -0.670410 1.757030 -0.013054 0.816925
1.430298 0.273926 -0.669800 1.443741 -0.010206 0.754267
1.451660 0.249390 -0.653564 1.148964 0.049841 0.567481
1.409546 0.257202 -0.638184 0.927051 0.054588 0.358146
1.381348 0.243530 -0.572876 0.738128 -0.001187 0.188211
1.370117 0.218872 -0.491943 0.621594 -0.174208 0.037974
1.353882 0.186890 -0.489990 0.591215 -0.405377 -0.072863
1.309204 0.166382 -0.511597 0.546595 -0.516452 -0.125316
1.263672 0.140991 -0.499756 0.452608 -0.444301 -0.135996
1.235352 0.140137 -0.454590 0.349128 -0.295726 -0.124841
1.188965 0.119995 -0.420898 0.277213 -0.229033 -0.127452
1.170654 0.112427 -0.399658 0.247071 -0.259888 -0.128638
1.169189 0.100464 -0.394653 0.230220 -0.346992 -0.130300
1.159180 0.102905 -0.389282 0.202926 -0.425314 -0.143354
1.153931 0.092041 -0.379028 0.148812 -0.449048 -0.152847
1.144653 0.076538 -0.363403 0.075000 -0.391137 -0.140743
1.121216 0.077637 -0.341553 -0.009256 -0.217166 -0.110363
1.103882 0.075684 -0.308472 -0.098259 -0.018987 -0.079746
1.094360 0.062378 -0.273560 -0.167088 0.126265 -0.027294
1.100220 0.064453 -0.240967 -0.203401 0.222151 0.032278
1.096802 0.069092 -0.215210 -0.205774 0.255141 0.052452
1.089478 0.064209 -0.201172 -0.183464 0.230220 0.041060
1.083740 0.061035 -0.193604 -0.148338 0.158543 0.013291
1.074097 0.058838 -0.189819 -0.119382 0.072626 -0.014715
1.080200 0.048706 -0.183838 -0.106566 0.011155 -0.029430
1.079102 0.062500 -0.175781 -0.104430 0.006408 -0.033228
1.062500 0.074951 -0.154419 -0.116297 0.021598 -0.045095
1.048706 0.080078 -0.141113 -0.114161 0.010680 -0.050791
1.030396 0.088501 -0.140259 -0.094461 -0.053639 -0.054588
1.015625 0.098511 -0.134399 -0.073575 -0.135284 -0.054588
1.014160 0.102417 -0.130615 -0.053876 -0.223812 -0.042484
1.019653 0.109375 -0.124512 -0.042484 -0.297387 -0.014952
1.018433 0.117676 -0.130005 -0.034177 -0.331327 0.006883
1.020630 0.119019 -0.144043 -0.025633 -0.350789 0.024446
1.034424 0.120361 -0.164429 -0.031566 -0.343431 0.065981
1.043823 0.130371 -0.161743 -0.049841 -0.262498 0.092800
1.035278 0.135864 -0.152466 -0.074762 -0.171597 0.085443
1.039795 0.129028 -0.136475 -0.086392 -0.151423 0.080221
1.049438 0.127930 -0.134766 -0.085680 -0.164002 0.083781
1.057129 0.128906 -0.133911 -0.090427 -0.167088 0.087104
1.070190 0.122925 -0.131836 -0.100395 -0.159255 0.092325
1.075684 0.119995 -0.118530 -0.109889 -0.152847 0.091613
1.078735 0.120850 -0.102539 -0.107752 -0.165426 0.076186
1.083618 0.118896 -0.101929 -0.088765 -0.205537 0.049129
1.093506 0.115234 -0.123291 -0.067879 -0.254666 0.035364
1.100342 0.117188 -0.125000 -0.065981 -0.238290 0.040111
1.084473 0.114868 -0.121094 -0.071677 -0.159018 0.024209
1.070313 0.111572 -0.119019 -0.064082 -0.107278 0.014952
1.079224 0.119629 -0.128418 -0.046756 -0.110126 0.027531
