1.000366 0.130615 -0.078979 -0.100632 0.202451 0.048892
0.988892 0.113403 -0.061523 -0.081408 0.395409 0.041297
0.876709 0.110229 -0.046631 -0.051740 0.520962 0.025870
0.986572 0.054932 -0.059326 0.003797 0.514554 0.047943
0.978271 0.098389 -0.006958 0.063845 0.709885 -0.010918
0.969360 0.119385 0.053467 0.134097 0.869852 0.014478
0.937744 0.112793 0.097900 0.195331 0.949598 0.062183
0.906494 0.086792 0.152344 0.234255 0.841134 0.087579
0.889648 0.051636 0.199829 0.248733 0.616135 0.099208
0.883301 0.014893 0.240723 0.271043 0.435045 0.116297
0.869995 -0.022949 0.267456 0.306406 0.409649 0.156407
0.865601 -0.066650 0.309692 0.336074 0.515978 0.223100
0.861694 -0.104858 0.353516 0.379270 0.622781 0.308068
0.864502 -0.113770 0.399414 0.456880 0.696119 0.405140
0.861938 -0.132813 0.460693 0.562496 0.629426 0.506247
0.869263 -0.167358 0.498413 0.710597 0.411785 0.579822
0.869751 -0.206421 0.506226 0.913285 0.146676 0.592876
0.876953 -0.247192 0.479248 1.157034 -0.066693 0.581958
0.890869 -0.274048 0.430176 1.406241 -0.179429 0.602370
0.919556 -0.292603 0.364746 1.635037 -0.180141 0.644854
0.938721 -0.277588 0.290039 1.827995 -0.162103 0.660755
0.954468 -0.229126 0.153198 1.963991 0.089952 0.535202
1.024658 -0.208618 0.074951 2.049433 0.345567 0.227372
1.049316 -0.163696 -0.079834 2.104022 0.078085 0.109177
1.075073 -0.107422 -0.285034 2.115177 -0.272941 0.085680
1.117798 -0.031128 -0.494385 2.130841 -0.513604 0.091613
1.131958 0.035400 -0.726563 2.169765 -0.559411 0.116534
1.105225 0.102539 -0.936157 2.183293 -0.346992 0.161154
1.048584 0.122803 -1.103271 2.090256 0.002136 0.244223
1.001221 0.111328 -1.182251 1.852441 0.341058 0.378558
1.013184 0.107788 -1.184448 1.519452 0.535677 0.553715
1.075684 0.119507 -1.168823 1.191686 0.533066 0.746673
1.192871 0.151489 -1.175781 0.939393 0.287656 0.881957
1.307739 0.224487 -1.181030 0.769932 -0.065743 0.936070
1.375122 0.277588 -1.191895 0.649600 -0.233780 0.900469
1.395752 0.295654 -1.192505 0.530930 -0.221438 0.793429
1.356689 0.283081 -1.194580 0.343431 -0.158781 0.653872
1.291626 0.248535 -1.183838 0.070253 -0.117958 0.534253
1.233765 0.220581 -1.157471 -0.232593 -0.163765 0.457592
1.186646 0.196655 -1.132568 -0.501025 -0.256328 0.420330
1.145996 0.168335 -1.097046 -0.716293 -0.322545 0.395172
1.113770 0.131104 -1.051880 -0.892399 -0.338685 0.379507
1.112183 0.102539 -0.993774 -1.054503 -0.253717 0.387102
1.118652 0.070801 -0.958740 -1.224913 -0.140980 0.409175
1.120728 0.044678 -0.900391 -1.401732 -0.073101 0.446437
1.129272 0.026123 -0.813965 -1.584484 0.012342 0.502449
1.119507 0.016846 -0.750000 -1.767710 0.087816 0.547544
1.104492 0.001343 -0.674683 -1.942156 0.176106 0.571041
1.086548 -0.024536 -0.582886 -2.096901 0.277213 0.572939
1.066284 -0.038208 -0.515747 -2.219844 0.360283 0.555139
1.057739 -0.046753 -0.453613 -2.301251 0.346992 0.529743
1.052490 -0.063477 -0.401611 -2.350143 0.251581 0.524047
1.049072 -0.097290 -0.362427 -2.407105 0.108939 0.542085
1.069702 -0.138306 -0.314087 -2.477121 0.000949 0.549680
1.104858 -0.158203 -0.261108 -2.532183 -0.089240 0.520250
1.130981 -0.184937 -0.211792 -2.548323 -0.174920 0.486548
1.148560 -0.206787 -0.147827 -2.529810 -0.204113 0.482750
1.151367 -0.215942 -0.076172 -2.513908 -0.139081 0.480377
1.142944 -0.227905 0.005859 -2.524114 -0.049367 0.446200
1.119751 -0.237183 0.075439 -2.538117 -0.018750 0.370488
1.107910 -0.245728 0.146240 -2.532183 -0.059098 0.272229
1.091064 -0.242554 0.203369 -2.490412 -0.087579 0.172546
1.068726 -0.250610 0.247437 -2.402121 -0.044383 0.098496
1.034546 -0.260254 0.285034 -2.272771 0.015902 0.050316
0.994507 -0.265747 0.313721 -2.126332 0.027531 0.021123
0.956909 -0.284668 0.331665 -1.986538 -0.006883 0.014715
0.924683 -0.303223 0.343750 -1.854577 -0.049129 0.026107
0.895996 -0.308594 0.346313 -1.720005 -0.069066 0.049129
0.871948 -0.314819 0.354004 -1.591367 -0.055063 0.079984
0.864380 -0.330811 0.358154 -1.459880 -0.047231 0.120094
0.873657 -0.348389 0.359863 -1.322935 -0.072389 0.164952
0.902466 -0.367798 0.377930 -1.182904 -0.119620 0.211945
0.934937 -0.348145 0.395386 -1.034566 -0.183227 0.247546
0.940186 -0.322632 0.408936 -0.892874 -0.170410 0.252055
0.918335 -0.315674 0.413696 -0.771593 -0.084018 0.236154
0.880493 -0.308350 0.404175 -0.662654 -0.012342 0.210996
0.842651 -0.339355 0.383667 -0.553715 0.020174 0.206011
0.828979 -0.372681 0.373047 -0.434807 -0.008782 0.230220
0.828247 -0.377441 0.359375 -0.292403 -0.081645 0.264160
0.838989 -0.365112 0.341797 -0.142404 -0.176344 0.289318
0.850220 -0.355103 0.322998 -0.012342 -0.256328 0.283622
0.847046 -0.351807 0.300537 0.100870 -0.351026 0.235679
0.823364 -0.389893 0.281494 0.210046 -0.465424 0.200315
0.800171 -0.426880 0.269897 0.353637 -0.534965 0.213606
0.798340 -0.442505 0.256714 0.545408 -0.581246 0.234730
0.819824 -0.483154 0.190552 0.763524 -0.656009 0.285520
0.888062 -0.511108 0.136230 0.957668 -0.705850 0.412023
0.994873 -0.493774 0.108398 1.113601 -0.659331 0.562022
1.088989 -0.470825 0.088135 1.253631 -0.600946 0.666214
1.151733 -0.431396 0.066895 1.396510 -0.556563 0.712970
1.167114 -0.407959 0.049805 1.559088 -0.521911 0.675470
1.157349 -0.407593 0.027466 1.748011 -0.509807 0.577212
1.141968 -0.392456 -0.009888 1.968500 -0.585044 0.449048
1.133301 -0.368530 -0.066650 2.205129 -0.715818 0.312815
1.151733 -0.346558 -0.143311 2.426092 -0.883618 0.189635
1.179077 -0.338257 -0.270874 2.612405 -1.034092 0.099920
1.229736 -0.301758 -0.427368 2.748875 -1.153948 0.032990
1.284790 -0.241699 -0.583618 2.814381 -1.162730 0.006171
1.306763 -0.219116 -0.721069 2.791122 -1.030294 0.009256
1.329224 -0.172241 -0.871216 2.727515 -0.875548 0.009019
1.331665 -0.105469 -1.012573 2.610506 -0.754742 -0.020174
1.289185 -0.066406 -1.078247 2.385982 -0.708935 -0.091613
1.215454 -0.064697 -1.076782 2.086696 -0.717005 -0.184176
1.140869 -0.092896 -1.031006 1.771745 -0.741451 -0.262024
1.088135 -0.129883 -0.955322 1.481241 -0.733856 -0.294302
1.075195 -0.164185 -0.890137 1.248410 -0.729109 -0.248970
1.097290 -0.181030 -0.837646 1.071354 -0.705375 -0.122942
1.152466 -0.168457 -0.786987 0.926814 -0.654347 0.021598
1.192139 -0.147217 -0.737671 0.791767 -0.561547 0.113449
1.200439 -0.149658 -0.689941 0.662891 -0.415820 0.138607
1.183594 -0.162354 -0.643311 0.541373 -0.255378 0.121518
1.148071 -0.188965 -0.600220 0.443352 -0.149287 0.096123
1.103516 -0.209229 -0.574829 0.383779 -0.106566 0.083544
1.071777 -0.223511 -0.559448 0.365741 -0.081170 0.081408
1.046875 -0.228149 -0.553467 0.376896 -0.097547 0.076424
1.029541 -0.238037 -0.544067 0.396596 -0.126740 0.064557
1.025391 -0.237061 -0.535034 0.418194 -0.146914 0.045095
1.022217 -0.235352 -0.526001 0.432909 -0.166613 0.019225
1.012451 -0.237305 -0.523438 0.431247 -0.174445 -0.005696
0.998901 -0.245483 -0.506348 0.406089 -0.140743 -0.019937
0.995972 -0.250610 -0.488770 0.370726 -0.104192 -0.016614
0.992798 -0.257080 -0.476074 0.343431 -0.110838 -0.008544
0.978394 -0.257202 -0.463989 0.323732 -0.116059 0.004509
0.974487 -0.258057 -0.455444 0.305457 -0.077848 0.025633
0.973633 -0.254883 -0.454956 0.278400 -0.027294 0.057199
0.976196 -0.254517 -0.451172 0.230932 0.020174 0.096123
0.977295 -0.254883 -0.441406 0.171122 0.033702 0.134335
0.986694 -0.251953 -0.439697 0.107040 0.041535 0.170173
1.000732 -0.255127 -0.424927 0.053639 0.062183 0.200078
1.013184 -0.251831 -0.418335 0.011630 0.079034 0.220252
1.027222 -0.248291 -0.408203 -0.028718 0.100870 0.226897
1.033325 -0.250000 -0.379150 -0.073813 0.122942 0.223337
1.043091 -0.253662 -0.366821 -0.112737 0.115347 0.206723
1.049927 -0.255737 -0.354370 -0.145015 0.099683 0.178243
1.050415 -0.258545 -0.334473 -0.170173 0.088291 0.142642
1.045044 -0.266235 -0.312744 -0.181803 0.077610 0.106803
1.041504 -0.262207 -0.300537 -0.181091 0.042009 0.069778
1.039063 -0.263550 -0.297119 -0.174682 0.000000 0.032041
1.027710 -0.263428 -0.289185 -0.160679 -0.025633 -0.004035
1.011597 -0.266479 -0.285767 -0.144066 -0.029668 -0.034889
1.001343 -0.274902 -0.288086 -0.126028 -0.030854 -0.056487
0.993774 -0.280518 -0.297363 -0.110363 -0.042484 -0.065031
0.993164 -0.280762 -0.306152 -0.112025 -0.047468 -0.057674
0.999634 -0.284058 -0.313721 -0.126740 -0.042959 -0.039398
1.009644 -0.282471 -0.316162 -0.153797 -0.024683 -0.019699
1.021484 -0.277710 -0.308594 -0.184176 0.002611 -0.003085
1.024414 -0.279907 -0.299683 -0.203638 0.017801 0.004984
1.028931 -0.281616 -0.292114 -0.207673 0.023971 0.007595
1.032715 -0.281860 -0.290527 -0.207910 0.033465 0.008070
1.039795 -0.284302 -0.288452 -0.205299 0.037974 0.006646
