0.950317 0.394043 -0.269165 -0.107040 -0.148575 -0.386627
0.914307 0.383057 -0.265991 -0.168512 -0.118907 -0.360995
0.899414 0.381226 -0.254517 -0.215980 -0.079509 -0.304982
0.868530 0.367554 -0.233154 -0.233543 -0.032278 -0.234492
0.861938 0.354614 -0.209839 -0.218590 -0.018275 -0.161866
0.857788 0.347900 -0.200195 -0.181091 -0.017326 -0.093512
0.858154 0.350342 -0.188354 -0.130774 0.001187 -0.034177
0.848267 0.355103 -0.192505 -0.078085 0.050079 0.013291
0.860962 0.354126 -0.156128 -0.036788 0.192246 0.082594
0.848389 0.357666 -0.182007 0.008782 0.126028 0.151898
0.869995 0.356201 -0.182373 0.045332 0.182515 0.203401
0.810547 0.366089 -0.216919 0.057436 0.189872 0.239239
0.866699 0.352417 -0.211548 0.043908 0.283384 0.273653
0.881836 0.392334 -0.214233 0.019699 0.218353 0.315188
0.910400 0.359985 -0.204468 -0.001661 0.057199 0.328479
0.939209 0.342896 -0.202271 -0.011392 -0.075474 0.301659
0.955933 0.347656 -0.197754 -0.030380 -0.144778 0.227135
0.958740 0.343872 -0.188354 -0.040823 -0.193907 0.129588
0.949951 0.337280 -0.175537 -0.037025 -0.231407 0.037262
0.941406 0.329346 -0.176758 -0.030854 -0.241612 -0.035364
0.939697 0.335083 -0.167969 -0.024446 -0.245885 -0.084256
0.925415 0.326172 -0.175903 -0.022073 -0.212182 -0.108465
0.901489 0.320679 -0.169800 -0.026107 -0.105379 -0.109177
0.882935 0.324341 -0.160522 -0.032990 0.005696 -0.086392
0.860352 0.323975 -0.157349 -0.037262 0.079509 -0.045807
0.849121 0.313721 -0.151123 -0.037262 0.105142 -0.008307
0.843018 0.304077 -0.140015 -0.037262 0.108465 0.016614
0.835693 0.299438 -0.129883 -0.042009 0.138132 0.042959
0.816772 0.266846 -0.115845 -0.048655 0.186787 0.075237
0.821899 0.256714 -0.084961 -0.058148 0.226423 0.116771
0.828003 0.237671 -0.059448 -0.065981 0.281486 0.165189
0.823486 0.192871 -0.019653 -0.072626 0.363843 0.202451
0.824463 0.135010 0.031494 -0.078797 0.419618 0.210046
0.820190 0.069214 0.104980 -0.082594 0.390662 0.185363
0.837524 0.009399 0.206421 -0.092325 0.346517 0.142167
0.818359 -0.071289 0.281738 -0.111075 0.455219 0.090664
0.699585 -0.153809 0.367920 -0.124604 0.674521 0.030142
0.579712 -0.181030 0.447998 -0.108702 0.793903 -0.008070
0.504150 -0.233521 0.502441 -0.039636 0.859884 0.022073
0.422852 -0.266846 0.562012 0.089477 0.943665 0.101107
0.351318 -0.287964 0.597168 0.268669 0.917795 0.148338
0.301025 -0.327393 0.622437 0.510519 0.824758 0.174445
0.281738 -0.364868 0.627686 0.800311 0.558699 0.231881
0.323975 -0.388306 0.599854 1.097936 0.322071 0.348890
0.381470 -0.419434 0.541382 1.369691 0.254191 0.500788
0.464233 -0.441650 0.476685 1.588519 0.293590 0.649126
0.545166 -0.405640 0.405518 1.771271 0.427450 0.792954
0.609985 -0.397583 0.330200 1.962092 0.606879 0.926576
0.625122 -0.365479 0.249634 2.153626 0.728872 1.005611
0.651733 -0.312744 0.172363 2.332106 0.693034 1.036465
0.720459 -0.252075 0.099854 2.514620 0.504111 1.053316
0.830933 -0.195923 0.004517 2.694050 0.288843 1.062335
0.935181 -0.118164 -0.110229 2.844523 0.154983 1.049519
1.063354 -0.036011 -0.242432 2.956311 0.112499 1.035278
1.153687 0.053711 -0.394409 3.030835 0.113686 1.049281
1.294556 0.172485 -0.574951 3.075930 0.056012 1.078237
1.444336 0.238770 -0.750000 3.070234 0.053402 1.100310
1.513062 0.255249 -0.898071 2.948241 0.217404 1.100310
1.533203 0.309814 -1.001587 2.697372 0.476579 1.092240
1.560791 0.331055 -1.071411 2.373166 0.748809 1.105768
1.565430 0.336914 -1.071167 2.012408 0.944377 1.124281
1.589355 0.335938 -1.023071 1.655448 1.015579 1.102208
1.612793 0.334839 -0.958008 1.360672 0.990184 1.023411
1.615845 0.341797 -0.910278 1.152050 0.895485 0.901181
1.604248 0.341064 -0.883179 1.018664 0.710122 0.762100
1.577148 0.326416 -0.880493 0.924678 0.505535 0.647464
1.542358 0.302612 -0.897339 0.824283 0.377371 0.593113
1.516846 0.271729 -0.913452 0.684015 0.364792 0.601183
1.530029 0.243896 -0.914429 0.505297 0.387339 0.629664
1.557495 0.214233 -0.906738 0.319223 0.392798 0.618746
1.578979 0.182495 -0.893066 0.131487 0.363368 0.527370
1.564819 0.158569 -0.866333 -0.055300 0.310441 0.376659
1.559937 0.155151 -0.843384 -0.225236 0.209334 0.212420
1.539185 0.146240 -0.823486 -0.372624 0.102294 0.054351
1.514160 0.138306 -0.794800 -0.509095 0.042484 -0.089003
1.477905 0.143799 -0.782959 -0.623730 0.023734 -0.192720
1.457153 0.152954 -0.772095 -0.709647 -0.001899 -0.254429
1.445435 0.161255 -0.778076 -0.790818 -0.027769 -0.305932
1.421509 0.166016 -0.789917 -0.894773 -0.036076 -0.374048
1.375000 0.150635 -0.783325 -1.026971 -0.013766 -0.448810
1.308350 0.131226 -0.768555 -1.177208 0.030854 -0.512180
1.241455 0.099243 -0.753784 -1.322460 0.085443 -0.548256
1.175415 0.060669 -0.723022 -1.455371 0.122942 -0.562022
1.116821 0.018311 -0.696533 -1.572379 0.153084 -0.568430
1.060425 -0.021851 -0.668823 -1.663993 0.150948 -0.580772
1.015747 -0.057251 -0.660767 -1.724989 0.109177 -0.593351
0.956299 -0.086182 -0.663574 -1.782663 0.090189 -0.587417
0.917114 -0.109131 -0.664063 -1.860510 0.115347 -0.554427
0.867432 -0.119263 -0.651978 -1.956396 0.179192 -0.497228
0.836182 -0.109131 -0.632080 -2.048247 0.252767 -0.431722
0.818481 -0.085083 -0.608032 -2.132503 0.283859 -0.374998
0.817749 -0.070923 -0.585327 -2.218182 0.286707 -0.331090
0.809326 -0.061646 -0.557251 -2.310745 0.282910 -0.300473
0.800903 -0.050659 -0.504028 -2.408767 0.261074 -0.274365
0.811890 -0.050171 -0.455078 -2.501567 0.216929 -0.243986
0.819092 -0.052490 -0.396851 -2.580601 0.160205 -0.214556
0.830566 -0.064819 -0.329468 -2.637800 0.107752 -0.191771
0.842407 -0.090576 -0.267334 -2.680996 0.067642 -0.156170
0.864502 -0.104980 -0.200439 -2.713749 0.057436 -0.106328
0.903442 -0.119141 -0.122437 -2.726803 0.025158 -0.059572
0.958740 -0.128906 -0.052856 -2.702594 -0.056962 -0.035364
0.994873 -0.138916 0.013550 -2.651091 -0.150948 -0.040348
1.021362 -0.144409 0.057251 -2.590332 -0.263448 -0.076186
1.036011 -0.183594 0.101074 -2.544288 -0.384017 -0.121518
1.047974 -0.212036 0.161865 -2.517231 -0.440978 -0.142879
1.046631 -0.241577 0.222778 -2.488513 -0.447386 -0.134097
1.059570 -0.264160 0.300415 -2.444130 -0.429111 -0.107752
1.057373 -0.280518 0.367065 -2.376488 -0.394697 -0.086867
1.059204 -0.291626 0.445068 -2.266600 -0.384966 -0.076186
1.053955 -0.294189 0.487305 -2.099987 -0.428399 -0.071914
1.045288 -0.294067 0.514160 -1.902045 -0.478715 -0.065743
1.026123 -0.288940 0.517456 -1.716682 -0.511706 -0.055538
1.032227 -0.284302 0.514526 -1.566208 -0.532829 -0.032278
1.034912 -0.262085 0.511230 -1.445877 -0.511231 -0.005934
1.053345 -0.242676 0.522461 -1.347381 -0.455693 -0.001661
1.056030 -0.215332 0.526367 -1.249359 -0.414396 -0.023497
1.053345 -0.194458 0.537598 -1.137335 -0.398257 -0.061946
1.041138 -0.182739 0.540283 -1.014867 -0.392561 -0.103955
1.033325 -0.153076 0.536499 -0.884330 -0.370251 -0.124366
1.015381 -0.126953 0.519043 -0.760676 -0.327767 -0.132199
0.998291 -0.106079 0.510254 -0.655771 -0.295726 -0.152610
0.979248 -0.085938 0.494995 -0.556088 -0.291929 -0.185363
0.968384 -0.068237 0.482788 -0.448098 -0.340821 -0.215980
0.972290 -0.055420 0.467529 -0.338685 -0.381881 -0.240663
0.943970 -0.052368 0.452515 -0.238290 -0.369539 -0.267957
0.919800 -0.039307 0.439209 -0.144303 -0.364317 -0.289555
0.891113 -0.029053 0.427734 -0.041535 -0.362656 -0.296675
0.877075 -0.016235 0.408691 0.074762 -0.364792 -0.285758
0.853516 -0.005249 0.382080 0.195094 -0.328004 -0.248733
0.843750 0.001709 0.347168 0.315663 -0.263922 -0.182989
0.848022 0.016724 0.293701 0.427213 -0.221676 -0.108465
0.851929 0.033813 0.246460 0.519301 -0.194382 -0.049604
0.846680 0.040039 0.199707 0.577924 -0.167325 -0.017563
0.837891 0.060181 0.171387 0.604506 -0.149524 -0.002136
0.819580 0.046753 0.160400 0.614237 -0.129825 0.015902
0.805054 0.049561 0.153320 0.626104 -0.082832 0.047943
0.795044 0.045654 0.145752 0.649363 -0.027294 0.094699
0.777710 0.026733 0.137695 0.681404 0.006171 0.143354
0.766724 0.009888 0.150269 0.704663 0.019225 0.176344
0.742310 -0.030762 0.175293 0.718666 0.024683 0.192958
0.707764 -0.091309 0.220703 0.719616 0.025395 0.206249
0.675171 -0.158936 0.291504 0.708935 0.023971 0.220964
0.651733 -0.263550 0.391357 0.699916 0.006883 0.228321
0.629272 -0.421753 0.518433 0.716293 -0.051740 0.215980
0.619141 -0.587891 0.665039 0.772780 -0.093512 0.199128
0.592896 -0.755981 0.804810 0.892637 -0.103480 0.201502
0.560425 -0.893921 0.933105 1.108379 -0.108702 0.224287
0.520386 -1.012085 1.011963 1.452523 -0.122942 0.287894
0.474731 -1.081543 1.032837 1.910115 -0.145727 0.393273
0.431763 -1.097900 0.965210 2.418735 -0.203875 0.516215
