0.858032 0.290161 -0.083008 -0.918270 -0.267720 -0.121281
0.932983 0.375854 -0.045410 -0.831640 -0.210283 0.018038
0.936523 0.290161 -0.121094 -0.809805 -0.290979 0.171834
0.921753 0.169312 -0.259644 -0.723651 -0.076186 0.103718
1.013428 0.467041 0.115967 -0.465662 0.468747 -0.223337
0.942383 0.402100 -0.103882 -0.412260 0.380219 -0.192246
0.958130 0.380127 0.017822 -0.324919 0.520725 -0.149050
0.921021 0.395752 -0.031494 -0.312102 0.323495 -0.101819
0.935425 0.365234 -0.024658 -0.295726 0.246834 -0.037737
0.913940 0.346313 -0.018921 -0.300235 0.242324 -0.038686
0.868530 0.361938 -0.005981 -0.347466 0.271755 -0.059572
0.815186 0.413086 0.000732 -0.466848 0.269381 -0.057436
0.825439 0.433960 0.043945 -0.656958 0.213606 0.014003
0.870239 0.426392 0.109619 -0.827606 0.161154 0.114398
0.880981 0.368530 0.184814 -0.923254 0.212420 0.148812
0.892334 0.341431 0.243286 -0.856561 0.385441 0.122942
0.894287 0.337036 0.305908 -0.633936 0.499127 0.134097
0.915039 0.301392 0.322144 -0.385915 0.425314 0.173021
0.921631 0.239990 0.328979 -0.195568 0.299286 0.172784
0.893921 0.211670 0.347778 -0.100632 0.223575 0.111550
0.830322 0.171509 0.383667 -0.106803 0.195568 0.062420
0.760132 0.134155 0.440186 -0.221201 0.202451 -0.001661
0.639404 0.160278 0.538940 -0.399444 0.231169 -0.119145
0.509644 0.187256 0.694214 -0.610439 0.202214 -0.213844
0.404053 0.168823 0.833130 -0.745248 0.042959 -0.262024
0.296509 0.141479 0.931519 -0.762337 -0.136945 -0.252530
0.233032 0.100708 1.019531 -0.616610 -0.178717 -0.208147
0.184692 0.085571 1.086548 -0.307356 -0.102294 -0.108702
0.188599 0.101929 1.129639 0.149050 0.022547 0.120094
0.256104 0.078125 1.135498 0.636072 0.196043 0.543984
0.371948 0.004395 1.045532 1.151575 0.372624 1.095563
0.515137 -0.056030 0.911743 1.736856 0.378083 1.618423
0.645508 -0.057495 0.705444 2.273957 0.196518 1.975621
0.781494 -0.066772 0.469727 2.636851 -0.142404 2.185429
0.984497 -0.093262 0.173584 2.781866 -0.737416 2.282739
1.184204 -0.127441 -0.195679 2.798717 -1.476969 2.240730
1.355103 -0.087891 -0.617310 2.743416 -2.131078 2.065573
1.455566 -0.047607 -1.017090 2.623085 -2.432501 1.811618
1.519653 -0.016235 -1.182861 2.421108 -2.535506 1.567633
1.541992 0.031860 -1.221313 2.024987 -1.931001 1.357586
1.654663 0.068604 -1.092041 1.573329 -0.738366 1.132350
1.680664 0.123413 -1.003662 1.292793 -0.075237 0.920406
1.634399 0.132080 -0.987793 1.203315 0.198416 0.746673
1.606567 0.141724 -0.994263 1.118585 0.247783 0.655297
1.601929 0.096436 -0.981567 0.865817 0.080221 0.610439
1.611816 0.072876 -0.995728 0.553240 -0.107278 0.532592
1.617554 0.040894 -0.977905 0.375947 -0.102056 0.433383
1.601318 0.019287 -0.971802 0.283859 -0.003323 0.299998
1.567627 0.033691 -0.958862 0.190110 0.120332 0.169461
1.518066 0.055664 -0.932129 0.047231 0.165426 0.078322
1.506104 0.048950 -0.960571 -0.120569 0.069541 0.003797
1.488037 0.025757 -1.010010 -0.225948 -0.035126 -0.073813
1.455200 0.008911 -1.033569 -0.278875 -0.003560 -0.171122
1.429688 0.025757 -1.024902 -0.381168 0.118907 -0.241138
1.401489 0.014282 -0.992432 -0.553952 0.269144 -0.265346
1.364624 -0.008911 -0.931152 -0.763286 0.413921 -0.283622
1.339844 -0.025757 -0.864868 -0.977367 0.557750 -0.283384
1.302979 -0.046387 -0.800659 -1.171274 0.704901 -0.288843
1.268799 -0.081055 -0.716431 -1.353314 0.811941 -0.318985
1.262329 -0.097778 -0.644165 -1.531557 0.813365 -0.350552
1.228638 -0.114380 -0.600830 -1.715496 0.741688 -0.401817
1.170410 -0.128784 -0.529541 -1.864071 0.714632 -0.472307
1.119751 -0.116577 -0.445435 -2.000779 0.628952 -0.555614
1.069580 -0.118286 -0.351563 -2.174037 0.453557 -0.655771
1.001221 -0.117188 -0.236206 -2.355128 0.306644 -0.752606
0.958618 -0.104004 -0.115479 -2.479731 0.303084 -0.807669
0.919434 -0.112671 0.014038 -2.517468 0.435282 -0.775865
0.862427 -0.115234 0.164063 -2.424906 0.670249 -0.715106
0.800293 -0.077515 0.267700 -2.330682 0.843033 -0.661942
0.736450 -0.013916 0.345581 -2.223404 0.980215 -0.549917
0.709351 0.023071 0.437134 -2.067234 1.020089 -0.399206
0.690308 0.049438 0.489380 -1.947614 0.886941 -0.278637
0.688477 0.054565 0.546265 -1.893026 0.712733 -0.219302
0.672852 0.063110 0.608521 -1.821349 0.605930 -0.234730
0.646240 0.088379 0.664673 -1.718344 0.544933 -0.236628
0.630981 0.103760 0.693604 -1.616762 0.485124 -0.199841
0.626709 0.114746 0.723999 -1.510671 0.438368 -0.142404
0.627441 0.115479 0.751099 -1.380608 0.444538 -0.072151
0.631958 0.116455 0.786377 -1.263362 0.482275 -0.014003
0.628540 0.116455 0.824707 -1.145879 0.536389 0.054351
0.638184 0.101685 0.845703 -0.983063 0.577212 0.134572
0.646973 0.118530 0.845581 -0.758777 0.585044 0.196518
0.640747 0.142334 0.825684 -0.529032 0.569854 0.274840
0.637207 0.144165 0.822998 -0.362419 0.590977 0.368827
0.641968 0.145264 0.830200 -0.239239 0.651024 0.505535
0.667480 0.113525 0.842163 -0.120332 0.708223 0.653872
0.697998 0.079834 0.851685 0.039398 0.732907 0.767558
0.717163 0.062622 0.833984 0.237578 0.708223 0.842321
0.735107 0.066772 0.812622 0.428399 0.688287 0.862969
0.739014 0.059570 0.816040 0.534253 0.690186 0.862257
0.712158 0.041626 0.841431 0.564158 0.648414 0.855374
0.697876 0.026489 0.855347 0.605455 0.540899 0.863919
0.724121 -0.007813 0.858765 0.690423 0.429586 0.930374
0.759155 -0.022217 0.818359 0.824758 0.340821 1.029345
0.854736 -0.058105 0.765137 1.006323 0.306881 1.181480
0.888672 -0.113525 0.695435 1.236543 0.287656 1.369216
1.039917 -0.088379 0.589355 1.512332 0.375710 1.507348
1.124146 -0.148193 0.489990 1.785511 0.498177 1.633376
1.268555 -0.152222 0.414185 2.013358 0.771831 1.641208
1.316040 -0.120728 0.345703 2.151252 1.047383 1.473171
1.414063 -0.097412 0.251465 2.169765 1.209249 1.275941
1.489380 -0.132080 0.205078 2.080050 1.255293 1.084645
1.476685 -0.096558 0.164185 1.921032 1.101496 0.875786
1.404053 -0.051758 0.092651 1.660907 0.684015 0.712733
1.415405 -0.014282 0.030762 1.361859 -0.004035 0.612338
1.467407 -0.050293 -0.030640 1.121196 -0.751894 0.509570
1.485962 -0.054321 -0.035645 0.946988 -1.211859 0.299761
1.468750 -0.047729 -0.088867 0.742400 -1.321748 0.108702
1.401123 -0.074829 -0.091553 0.620408 -1.123806 0.048417
1.281372 -0.072144 -0.159058 0.588367 -0.820960 0.022785
1.218506 0.021484 -0.249634 0.622544 -0.537338 0.041772
1.166260 0.033447 -0.246826 0.596436 -0.256328 0.231169
1.165649 0.027832 -0.210327 0.484412 0.003797 0.402054
1.173462 0.032837 -0.139771 0.361944 0.158069 0.512418
1.468018 0.051270 -0.102905 0.243274 0.162341 0.595961
1.331665 -0.042480 -0.039673 0.105379 0.227609 0.930137
1.230103 -0.189941 -0.025879 -0.030380 0.160679 0.934171
1.333374 -0.032959 0.056030 0.017326 0.249445 0.486785
1.366333 -0.069458 0.063110 0.067879 0.093749 0.336786
1.380981 -0.085571 0.053345 0.038449 -0.132436 0.242562
1.313232 -0.085693 0.084595 -0.036076 -0.162578 0.093749
1.223755 -0.120117 0.064697 -0.122705 -0.184176 -0.019699
1.176758 -0.137939 0.091675 -0.110126 -0.165426 -0.161866
1.169556 -0.110596 0.145142 -0.080696 -0.091376 -0.259650
1.139282 -0.106934 0.153564 -0.094936 -0.052452 -0.281011
1.121094 -0.090576 0.182495 -0.103718 0.032041 -0.277451
1.097412 -0.066162 0.184204 -0.149287 0.059098 -0.285283
1.076538 -0.049683 0.216187 -0.199366 0.054826 -0.284096
1.061646 -0.057007 0.220093 -0.210996 0.001187 -0.249682
1.045532 -0.042969 0.254517 -0.177056 -0.012816 -0.237103
1.023193 -0.030029 0.254639 -0.182752 -0.006408 -0.247309
1.000488 -0.027100 0.263184 -0.182989 0.026819 -0.241850
0.986206 -0.013916 0.281128 -0.163290 0.021835 -0.224287
0.960449 -0.004761 0.274048 -0.124129 -0.043671 -0.203638
0.954712 -0.003784 0.261475 -0.084018 -0.087341 -0.159493
0.955688 0.007813 0.250488 -0.066693 -0.110363 -0.104667
0.972168 0.006226 0.247803 -0.080696 -0.121518 -0.043671
0.984131 0.008545 0.250244 -0.084493 -0.121044 -0.013291
0.991699 0.008789 0.248779 -0.079034 -0.108939 0.000237
0.996460 -0.001709 0.244263 -0.094224 -0.082120 0.023259
1.015381 -0.006958 0.252930 -0.124841 -0.055538 0.027294
1.024902 -0.018555 0.258545 -0.131961 -0.044620 0.024921
1.042480 -0.014282 0.248779 -0.110838 -0.019462 -0.002611
1.056396 -0.013062 0.237305 -0.091376 0.028243 0.000712
1.048950 -0.036255 0.242798 -0.116059 0.114398 0.017326
1.055908 -0.020386 0.280518 -0.114873 0.176819 -0.014003
1.062134 -0.021484 0.296021 -0.081882 0.175157 -0.004035
1.064941 -0.026367 0.295410 -0.061946 0.149287 -0.009731
1.064941 -0.030518 0.306519 -0.047468 0.139081 -0.036076
1.053467 -0.022583 0.311523 -0.008070 0.131487 -0.060759
