0.914307 0.397095 -0.161987 0.059810 -0.055775 -0.355773
0.900513 0.417847 -0.177979 0.035601 0.041772 -0.358858
0.890015 0.435303 -0.191528 -0.008544 0.200078 -0.309966
0.866699 0.450684 -0.201294 -0.086155 0.384966 -0.239002
0.890015 0.436646 -0.170288 -0.144303 0.446674 -0.143828
0.812744 0.441406 -0.134644 -0.186312 0.579348 -0.047943
0.841919 0.394165 -0.099854 -0.191771 0.634885 0.032753
0.829956 0.397095 -0.066895 -0.135521 0.635835 0.062420
0.763916 0.433960 -0.078979 -0.039161 0.468747 0.103718
0.791992 0.369507 -0.022095 0.039398 0.016376 0.192720
0.794800 0.393311 -0.144897 0.194856 -0.379744 0.221913
0.838989 0.429321 -0.224731 0.197467 -0.429111 0.265821
0.901489 0.445068 -0.238403 0.096360 -0.295963 0.318511
0.953857 0.441162 -0.211670 -0.047468 -0.155221 0.284571
0.934082 0.431396 -0.180176 -0.184888 -0.155458 0.171122
0.891113 0.410767 -0.129395 -0.307830 -0.158069 0.082120
0.879150 0.381836 -0.059937 -0.420092 -0.071914 0.061234
0.862305 0.352661 0.020996 -0.507434 0.112499 0.026582
0.793213 0.343628 0.125366 -0.571278 0.319697 -0.047231
0.699707 0.345703 0.247925 -0.640581 0.478953 -0.121993
0.583496 0.324219 0.416870 -0.673572 0.541611 -0.222388
0.459351 0.313232 0.584229 -0.582196 0.460678 -0.375947
0.354248 0.281006 0.740479 -0.382118 0.164952 -0.580297
0.301147 0.165527 0.889771 -0.102768 -0.289792 -0.758302
-0.175415 0.025391 1.058716 0.278637 -0.721514 -0.767796
0.211426 -0.129395 1.039917 0.816925 -1.267872 -0.330140
0.258911 -0.217407 1.086304 1.396510 -1.114313 -0.116059
0.307495 -0.264160 0.972534 2.070319 -1.019139 0.301422
0.408203 -0.311401 0.813965 2.746976 -0.713682 0.873650
0.537964 -0.338257 0.633423 3.406070 -0.483225 1.370878
0.710571 -0.394897 0.336548 4.058519 -0.488684 1.778153
0.971558 -0.387085 -0.036011 4.654955 -0.714157 2.082424
1.251221 -0.277344 -0.448242 5.096883 -0.891450 2.169765
1.441284 -0.088013 -0.899902 5.274413 -0.617797 2.027123
1.609619 0.104126 -1.310669 5.089050 -0.615898 1.756318
1.660767 0.262695 -1.703125 4.625050 -0.799837 1.291606
1.599487 0.335327 -1.991211 3.891194 -1.109329 0.730771
1.567505 0.401978 -2.118286 2.922371 -1.152050 0.229033
1.394043 0.277710 -2.125000 1.856950 -0.900944 -0.078322
1.286621 0.187744 -1.889404 0.891450 -0.812416 -0.091376
1.248779 0.079956 -1.610962 0.232119 -0.655534 0.015902
1.204956 0.017700 -1.414429 -0.044383 0.025158 0.142167
1.158936 0.065796 -1.342163 -0.161629 0.614949 0.083781
1.132324 0.097412 -1.389526 -0.261312 0.644142 -0.049841
1.066040 0.112183 -1.438477 -0.417719 0.575550 -0.206961
0.997925 0.109375 -1.484375 -0.627528 0.556326 -0.312577
0.934326 0.085083 -1.521606 -0.933697 0.445725 -0.362419
0.922974 0.068848 -1.501831 -1.339074 0.290505 -0.345805
0.912354 0.036255 -1.416504 -1.805448 0.196043 -0.291691
0.916626 0.001587 -1.295288 -2.264938 0.218116 -0.232119
0.936035 -0.049438 -1.148315 -2.649904 0.370014 -0.180616
0.943359 -0.093628 -1.004517 -2.936611 0.510044 -0.131487
0.968018 -0.091431 -0.889526 -3.098952 0.602607 -0.056012
0.988159 -0.065796 -0.813721 -3.221894 0.739790 -0.004509
1.003418 -0.027832 -0.738037 -3.397763 0.907827 -0.014478
0.988525 -0.009399 -0.663574 -3.589297 1.047145 -0.084968
0.929565 -0.005371 -0.585083 -3.790324 1.170800 -0.183464
0.879395 0.003418 -0.480957 -4.016984 1.279264 -0.256802
0.867676 0.009399 -0.314697 -4.238897 1.359485 -0.285758
0.848022 0.005005 -0.093994 -4.397203 1.326020 -0.320172
0.822144 0.004761 0.075195 -4.392457 1.198568 -0.389475
0.765137 0.003662 0.210571 -4.323865 1.012019 -0.485598
0.712402 0.004150 0.350098 -4.243644 0.902130 -0.536626
0.668945 -0.021729 0.525757 -4.158677 0.820960 -0.515978
0.650146 -0.030884 0.709106 -4.014136 0.760913 -0.447386
0.624146 -0.047852 0.881836 -3.786527 0.764948 -0.365267
0.572021 -0.056763 1.017334 -3.502905 0.814789 -0.266296
0.490601 -0.069336 1.148438 -3.182733 0.924915 -0.176344
0.425049 -0.083130 1.273193 -2.790410 0.971908 -0.099683
0.362183 -0.101807 1.359009 -2.283214 0.859646 -0.023022
0.334595 -0.118408 1.399658 -1.691999 0.602132 0.071202
0.312744 -0.118286 1.430176 -1.081085 0.336311 0.198891
0.305176 -0.101685 1.433228 -0.466136 0.131487 0.370963
0.280640 -0.117432 1.398193 0.148338 0.017089 0.555851
0.262817 -0.133667 1.312988 0.718904 -0.017089 0.768508
0.242065 -0.163452 1.215088 1.222540 0.001187 1.030769
0.246460 -0.192993 1.132935 1.692236 0.112737 1.332428
0.277710 -0.262329 1.113770 2.180682 0.132436 1.670876
0.327759 -0.334717 1.120972 2.777831 0.174445 2.100461
0.368042 -0.389282 1.080688 3.520706 0.142167 2.583686
0.505493 -0.439941 1.023071 4.435890 -0.300947 3.064775
0.655396 -0.574951 0.785156 5.481136 -0.519301 3.452352
0.884399 -0.708862 0.434326 6.396795 -0.661230 3.752113
1.543335 -0.577759 -0.069702 6.961903 -0.824995 3.947444
1.710327 -0.583252 -0.551880 7.004624 -0.408700 3.678774
1.828613 -0.545898 -0.987305 6.441653 0.651262 3.487004
2.040771 -0.216309 -1.326538 5.485646 0.530693 3.359552
2.183350 0.093140 -1.472778 4.263106 0.309729 2.806549
2.191040 0.222412 -1.409058 3.064538 -0.223575 1.943342
2.102661 0.175903 -1.332886 2.104022 -0.903792 1.078949
1.913452 0.078979 -1.208252 1.288046 -0.662891 0.388051
1.736450 -0.030884 -1.005127 0.544696 -0.004747 -0.004272
1.604492 -0.092163 -0.804321 0.010680 0.435757 -0.217641
1.467407 -0.160400 -0.607788 -0.284571 0.662179 -0.402292
1.309204 -0.194824 -0.519653 -0.349602 0.748097 -0.507908
1.223511 -0.198364 -0.445801 -0.372862 0.626578 -0.504585
1.143799 -0.193115 -0.370239 -0.405615 0.562259 -0.450947
1.116577 -0.193848 -0.281860 -0.482513 0.709410 -0.372624
1.081665 -0.212891 -0.176514 -0.540899 0.776815 -0.308305
1.075562 -0.196289 -0.096558 -0.553478 0.679505 -0.242324
1.071045 -0.218994 -0.008789 -0.536864 0.527370 -0.189398
1.104004 -0.168457 0.054199 -0.495329 0.483462 -0.124604
1.117432 -0.168457 0.091797 -0.423652 0.372150 -0.097784
1.094849 -0.151733 0.113892 -0.346517 0.286944 -0.090189
1.066528 -0.119873 0.125610 -0.270568 0.181328 -0.079746
1.045654 -0.095581 0.134521 -0.199603 0.090664 -0.067642
1.041382 -0.080444 0.143066 -0.138132 -0.026819 -0.060996
1.035889 -0.064453 0.128540 -0.086629 -0.088528 -0.054351
1.036255 -0.046021 0.110962 -0.059335 -0.117721 -0.048417
1.050537 -0.010498 0.096680 -0.059335 -0.126977 -0.064557
1.023193 -0.015625 0.083740 -0.083069 -0.093037 -0.104192
0.983521 -0.018555 0.090088 -0.114398 -0.083306 -0.129588
0.949829 -0.017944 0.107178 -0.102768 -0.093749 -0.124366
0.976074 0.005737 0.097900 -0.061946 -0.104192 -0.093749
0.990601 0.012451 0.068115 -0.020649 -0.117721 -0.078322
0.978638 -0.005981 0.045776 -0.009494 -0.127452 -0.066218
0.973145 -0.000122 0.030640 0.004984 -0.153559 -0.040823
0.982056 0.007080 0.021240 0.023022 -0.170173 -0.007120
1.015625 0.009521 0.020142 0.028956 -0.151898 0.014003
1.023193 0.008179 0.013062 0.033940 -0.114161 0.014478
1.000366 0.005493 0.011230 0.024446 -0.054588 0.017089
0.993774 0.002686 0.007080 0.014003 -0.016376 0.025633
0.992432 0.006470 0.004639 0.012342 -0.007120 0.030617
0.990723 0.008545 0.015869 -0.003085 -0.028243 0.028956
0.984619 0.008423 0.023438 -0.028243 -0.059335 0.015427
0.993042 0.001587 0.041748 -0.055775 -0.040348 0.005696
1.005615 -0.016846 0.051147 -0.062658 -0.031804 -0.003085
1.006958 -0.020630 0.055908 -0.056012 -0.010443 -0.005696
1.010498 -0.021729 0.060669 -0.054351 0.015427 -0.004509
1.022217 -0.026733 0.056274 -0.039398 -0.000949 -0.013054
1.023438 -0.034302 0.057129 -0.020886 -0.034414 -0.025158
1.028198 -0.042480 0.064941 -0.007595 -0.061471 -0.026107
1.025513 -0.044556 0.045776 0.007595 -0.052215 -0.015427
1.026367 -0.045044 0.029419 -0.004035 -0.006646 0.000949
1.027466 -0.040405 0.038452 -0.029905 0.030617 0.012579
1.029175 -0.042603 0.042969 -0.040823 0.022310 0.018275
1.028931 -0.044312 0.052368 -0.030854 -0.002136 0.014715
1.026978 -0.041748 0.059204 -0.000237 -0.043671 0.009019
1.026733 -0.038940 0.048828 0.027531 -0.067167 0.006883
1.018066 -0.032227 0.036865 0.037025 -0.072626 0.009731
1.013672 -0.021240 0.033691 0.033940 -0.072626 0.009019
1.003052 -0.012695 0.031860 0.025633 -0.072626 0.003323
1.002075 -0.008423 0.030151 0.016851 -0.071677 -0.010680
1.000122 -0.006348 0.027222 0.019699 -0.082120 -0.024209
1.007446 -0.007202 0.017334 0.015664 -0.085917 -0.024446
1.003784 -0.007446 0.016479 0.000237 -0.064557 -0.020174
1.009277 -0.010498 0.019897 -0.018275 -0.040823 -0.015427
1.007080 -0.010864 0.024048 -0.036788 -0.020411 -0.007120
1.005737 -0.007935 0.033447 -0.044857 -0.013054 -0.003085
1.005615 -0.012573 0.031738 -0.038924 -0.026107 -0.005696
