0.914063 0.412476 -0.062012 -0.357672 0.234492 -0.500551
0.864136 0.391479 -0.078369 -0.312815 0.328242 -0.481326
0.854370 0.446289 -0.016846 -0.274365 0.464950 -0.440029
0.836792 0.471680 -0.037476 -0.210996 0.339634 -0.389001
0.821533 0.472900 -0.038086 -0.139793 0.247546 -0.349128
0.787842 0.486328 -0.037598 -0.070965 0.155933 -0.307356
0.718506 0.490601 -0.108276 -0.017326 0.147151 -0.250631
0.737915 0.511108 -0.078735 0.003323 0.478241 -0.144540
0.719849 0.536621 -0.035645 -0.027057 0.471120 0.041060
0.739990 0.514526 -0.031860 -0.049129 0.248970 0.229983
0.781494 0.466675 -0.046753 -0.032278 0.141217 0.371675
0.817017 0.445068 -0.066162 -0.010680 0.116059 0.462814
0.837646 0.446167 -0.072876 -0.003085 0.138607 0.493430
0.860352 0.450684 -0.082520 -0.005934 0.150236 0.459965
0.873169 0.451904 -0.083740 -0.013766 0.106566 0.381406
0.884033 0.449585 -0.086670 -0.019225 0.025158 0.286944
0.879883 0.456299 -0.080688 -0.019699 -0.073813 0.195568
0.879395 0.468750 -0.079468 -0.016851 -0.146676 0.127452
0.892334 0.483887 -0.073486 -0.021835 -0.179429 0.100632
0.912964 0.500610 -0.078613 -0.035601 -0.185837 0.110126
0.920654 0.493164 -0.082397 -0.057674 -0.156882 0.128164
0.923584 0.490112 -0.080933 -0.089952 -0.100632 0.131012
0.918945 0.485107 -0.078003 -0.125316 -0.045569 0.120806
0.922363 0.491333 -0.072266 -0.152372 -0.010680 0.110126
0.919678 0.486938 -0.055786 -0.167562 0.010443 0.102056
0.919434 0.474609 -0.050049 -0.172784 0.022547 0.090189
0.912842 0.461060 -0.042725 -0.168512 0.022547 0.072389
0.898682 0.455322 -0.046265 -0.151660 0.017089 0.054351
0.893066 0.454102 -0.042969 -0.125790 0.017563 0.045095
0.883667 0.448364 -0.043579 -0.098734 0.017089 0.040348
0.888550 0.440674 -0.043823 -0.078085 0.008070 0.038449
0.888916 0.434082 -0.046753 -0.063133 -0.003560 0.037262
0.890869 0.440918 -0.051392 -0.055063 -0.015427 0.039636
0.887451 0.441528 -0.051636 -0.053639 -0.018275 0.042959
0.892212 0.446899 -0.058472 -0.059810 -0.021361 0.044145
0.892334 0.444702 -0.059326 -0.066693 -0.031329 0.042959
0.894775 0.448486 -0.060791 -0.072626 -0.042959 0.042484
0.893677 0.448608 -0.061890 -0.076186 -0.051503 0.044145
0.896240 0.453247 -0.061279 -0.077848 -0.058386 0.047943
0.900269 0.451660 -0.063110 -0.080458 -0.061708 0.051503
0.909058 0.451782 -0.068970 -0.084730 -0.056962 0.051503
0.910522 0.452026 -0.067993 -0.091139 -0.047468 0.042721
0.911255 0.452881 -0.068726 -0.098496 -0.033465 0.028481
0.906738 0.458374 -0.068726 -0.106091 -0.020649 0.016614
0.899902 0.456421 -0.064087 -0.115110 -0.011155 0.010443
0.898682 0.458008 -0.065186 -0.124604 0.000237 0.014478
0.898315 0.454834 -0.061401 -0.131249 0.011867 0.023734
0.896362 0.456299 -0.058472 -0.134572 0.023497 0.033228
0.892334 0.455811 -0.054565 -0.135284 0.029668 0.039873
0.900269 0.454834 -0.056030 -0.134809 0.028006 0.039636
0.892212 0.450562 -0.053345 -0.132199 0.021835 0.035126
0.894165 0.455078 -0.051880 -0.129113 0.014715 0.031566
0.895020 0.459961 -0.052246 -0.126740 0.006408 0.031329
0.904175 0.457031 -0.048584 -0.125316 0.004035 0.030854
0.907715 0.455322 -0.042114 -0.127452 0.005934 0.025870
0.911865 0.454102 -0.043091 -0.126977 0.008070 0.016614
0.905396 0.454834 -0.039917 -0.121044 0.008307 0.007358
0.906250 0.456299 -0.034668 -0.107515 0.007595 0.002136
0.900146 0.452393 -0.036621 -0.088053 0.003797 -0.003560
0.900024 0.449585 -0.030640 -0.065269 -0.005221 -0.010918
0.901733 0.443115 -0.032593 -0.040111 -0.013528 -0.019937
0.901489 0.445190 -0.039063 -0.017089 -0.016376 -0.028243
0.894043 0.449097 -0.042969 0.003323 -0.018038 -0.031329
0.894043 0.455322 -0.041504 0.015664 -0.015190 -0.025395
0.897339 0.462646 -0.046387 0.024921 -0.003085 -0.009494
0.888428 0.465332 -0.045166 0.028006 0.013054 0.008544
0.893677 0.465088 -0.047119 0.030854 0.016614 0.021835
0.888428 0.463623 -0.045532 0.036313 0.013291 0.029193
0.897217 0.465820 -0.045044 0.047468 0.007595 0.032516
0.901123 0.460693 -0.047729 0.065031 0.014715 0.036550
0.909912 0.463867 -0.041138 0.082357 0.029905 0.040585
0.905273 0.464233 -0.045654 0.097784 0.046756 0.046993
0.907837 0.472656 -0.046631 0.110126 0.057911 0.058386
0.911133 0.468872 -0.052734 0.119145 0.070253 0.077848
0.921997 0.469482 -0.058716 0.125553 0.093749 0.108227
0.928711 0.468872 -0.057373 0.129350 0.129113 0.142167
0.953369 0.476685 -0.051025 0.131249 0.154509 0.165426
0.972534 0.481445 -0.045166 0.132911 0.161629 0.181565
0.998291 0.487061 -0.041504 0.140743 0.165426 0.195806
1.025757 0.489624 -0.037598 0.154746 0.184651 0.214081
1.043701 0.486816 -0.024292 0.168037 0.219302 0.228796
1.059814 0.487183 -0.018677 0.176344 0.267008 0.229508
1.076172 0.489502 -0.017456 0.183464 0.304033 0.207910
1.095703 0.488647 -0.011963 0.189635 0.311865 0.164952
1.107788 0.479004 -0.023682 0.191534 0.312815 0.105854
1.121582 0.479004 -0.026855 0.193670 0.279824 0.033702
1.116577 0.474243 -0.018188 0.211233 0.207198 -0.042484
1.110840 0.464722 -0.005859 0.238052 0.145727 -0.115110
1.071045 0.443848 -0.008911 0.264397 0.089715 -0.180616
1.039917 0.441406 -0.018555 0.294539 0.043196 -0.235916
1.009155 0.453613 -0.026001 0.328716 -0.004747 -0.275789
0.985474 0.462402 -0.030640 0.356485 -0.054351 -0.299761
0.979736 0.465332 -0.036133 0.356960 -0.086155 -0.313052
0.988281 0.468384 -0.038452 0.320884 -0.097784 -0.322545
0.985107 0.464478 -0.038330 0.249919 -0.044145 -0.335362
0.968994 0.452637 -0.042358 0.160917 0.085205 -0.362419
0.937256 0.442383 -0.047852 0.075712 0.232119 -0.400393
0.892578 0.435913 -0.046997 0.017563 0.347466 -0.441216
0.852417 0.428223 -0.039063 -0.006646 0.400868 -0.471832
0.813965 0.423828 -0.035889 -0.004984 0.387814 -0.478478
0.787231 0.416382 -0.037231 0.010206 0.334650 -0.459728
0.765991 0.414795 -0.042969 0.024921 0.277213 -0.423890
0.757080 0.421143 -0.038330 0.027531 0.234255 -0.382830
0.750732 0.416382 -0.034546 0.017326 0.214081 -0.349602
0.753784 0.409546 -0.035278 -0.003323 0.204350 -0.329191
0.743286 0.407104 -0.035400 -0.023259 0.196280 -0.314001
0.744141 0.411621 -0.033447 -0.032990 0.208147 -0.298337
0.735718 0.409912 -0.022827 -0.033465 0.235204 -0.281011
0.732300 0.408447 -0.022827 -0.028956 0.246597 -0.260362
0.728271 0.408203 -0.031250 -0.024209 0.257277 -0.228321
0.722290 0.419312 -0.026733 -0.025158 0.284571 -0.183464
0.715454 0.422119 -0.026489 -0.031804 0.324919 -0.131961
0.702759 0.421143 -0.022827 -0.040823 0.352925 -0.089715
0.693604 0.420166 -0.027344 -0.045807 0.355298 -0.058148
0.685425 0.427124 -0.034424 -0.039636 0.332751 -0.036788
0.677856 0.426880 -0.032593 -0.023259 0.285520 -0.028481
0.665771 0.419800 -0.038330 0.000949 0.221438 -0.032990
0.654175 0.420044 -0.043823 0.029193 0.136233 -0.042247
0.652344 0.423950 -0.050415 0.061946 0.031092 -0.040348
0.670166 0.431641 -0.053223 0.089477 -0.077136 -0.010443
0.685791 0.440430 -0.051392 0.103006 -0.156882 0.053876
0.716309 0.446899 -0.053589 0.098022 -0.179904 0.140268
0.740723 0.444702 -0.059570 0.074288 -0.150711 0.230220
0.783813 0.444458 -0.069336 0.037025 -0.107990 0.309492
0.813110 0.450928 -0.076538 -0.009968 -0.064082 0.375947
0.847656 0.458618 -0.078735 -0.062183 -0.019937 0.422466
0.873291 0.459106 -0.072632 -0.116534 0.013291 0.443114
0.903687 0.462402 -0.068481 -0.159730 0.015664 0.432909
0.915771 0.458252 -0.059448 -0.186075 0.000000 0.396358
0.905518 0.451172 -0.052612 -0.191296 -0.025395 0.335599
0.898193 0.464844 -0.049683 -0.178243 -0.112025 0.267008
0.906006 0.481812 -0.047119 -0.152372 -0.254191 0.193195
0.906616 0.473022 -0.067383 -0.121281 -0.414159 0.090901
0.817627 0.459839 -0.076416 -0.090664 -0.592876 -0.041535
0.829590 0.444458 -0.077759 -0.064557 -0.610914 -0.198891
0.792114 0.421509 -0.037842 -0.049129 -0.487260 -0.332514
0.707642 0.403320 -0.090942 -0.046993 -0.315425 -0.407039
0.608765 0.435913 -0.072754 -0.030142 -0.536864 -0.411311
0.727783 0.496948 -0.011230 -0.014715 -1.109091 -0.319223
0.766968 0.432983 -0.056641 -0.010918 -1.251970 -0.090427
0.789307 0.413574 -0.096436 0.008307 -0.956244 0.171122
0.797119 0.427979 -0.080078 0.015664 -0.615186 0.386627
0.853271 0.445190 -0.077393 -0.012816 -0.345330 0.528557
0.883789 0.446045 -0.081055 -0.059335 -0.232119 0.576974
0.876831 0.434937 -0.087158 -0.105379 -0.313527 0.516690
0.863647 0.433838 -0.089600 -0.131249 -0.527845 0.349840
0.847290 0.452148 -0.096924 -0.137657 -0.815501 0.133860
0.818848 0.422852 -0.124878 -0.136945 -0.984487 -0.104430
0.779053 0.405640 -0.091919 -0.139793 -1.014155 -0.324207
0.849731 0.369141 -0.111572 -0.163527 -0.939393 -0.513130
