0.307373 -0.795776 -0.444946 -0.637259 -0.237340 0.010443
0.451294 -0.832520 -0.413086 -0.697543 -0.132199 0.038686
0.479614 -0.815063 -0.459717 -0.779188 -0.188448 0.044383
0.413696 -0.830078 -0.468262 -0.879583 -0.104904 0.015902
0.407104 -0.860962 -0.444702 -0.959329 -0.108702 0.041772
0.376221 -0.869263 -0.468384 -0.997067 -0.121756 0.075474
0.375610 -0.862549 -0.469360 -0.988522 -0.118433 0.161391
0.383179 -0.848633 -0.472412 -0.929899 -0.096835 0.253479
0.393188 -0.839600 -0.469238 -0.849916 -0.085205 0.316375
0.411377 -0.826050 -0.463501 -0.771356 -0.103243 0.339397
0.425903 -0.818726 -0.466919 -0.705613 -0.132911 0.315425
0.443359 -0.805786 -0.463135 -0.660755 -0.152610 0.258701
0.447754 -0.810791 -0.445313 -0.624680 -0.141692 0.191059
0.435425 -0.805420 -0.454224 -0.588841 -0.099683 0.127214
0.429199 -0.797119 -0.449707 -0.543984 -0.037500 0.078560
0.411621 -0.791016 -0.459839 -0.491294 0.010918 0.047705
0.397827 -0.782227 -0.470337 -0.435519 0.035364 0.027057
0.389771 -0.774292 -0.477295 -0.380931 0.036313 0.009256
0.379028 -0.768677 -0.484131 -0.332514 0.017801 -0.015664
0.366821 -0.764893 -0.490479 -0.288368 -0.006408 -0.044857
0.359497 -0.759521 -0.496704 -0.243986 -0.027294 -0.068591
0.345947 -0.745728 -0.504761 -0.190822 -0.029668 -0.082357
0.341309 -0.730103 -0.512451 -0.129588 -0.017089 -0.083069
0.336914 -0.724243 -0.513428 -0.068829 -0.014478 -0.077136
0.323120 -0.727661 -0.526733 -0.018513 -0.020174 -0.072151
0.315063 -0.725830 -0.531860 0.021361 -0.018750 -0.067879
0.306396 -0.724609 -0.542480 0.055300 -0.018750 -0.063133
0.297363 -0.728027 -0.547119 0.084018 -0.023259 -0.054826
0.294434 -0.733398 -0.562622 0.105379 -0.041060 -0.045569
0.287598 -0.740845 -0.569702 0.119857 -0.068829 -0.038924
0.289551 -0.735107 -0.575684 0.124604 -0.098971 -0.030380
0.300293 -0.731812 -0.576660 0.119145 -0.124604 -0.019225
0.311279 -0.735962 -0.582275 0.101582 -0.142642 -0.005696
0.309570 -0.746704 -0.585327 0.069303 -0.144778 0.006646
0.305542 -0.759155 -0.589111 0.027769 -0.131012 0.021598
0.304321 -0.751221 -0.590332 -0.006408 -0.094224 0.044857
0.307373 -0.746704 -0.602295 -0.026345 -0.053639 0.075474
0.312988 -0.752197 -0.602905 -0.032990 -0.028006 0.106328
0.311279 -0.755737 -0.598999 -0.034652 -0.020174 0.128638
0.318115 -0.748901 -0.599976 -0.041060 -0.025633 0.140031
0.325928 -0.743652 -0.607300 -0.052452 -0.033465 0.142167
0.334839 -0.743042 -0.600586 -0.071677 -0.042009 0.135521
0.343262 -0.749634 -0.603638 -0.101107 -0.051028 0.119857
0.349854 -0.755249 -0.608398 -0.140268 -0.048180 0.101107
0.350952 -0.755981 -0.609131 -0.186075 -0.030854 0.081645
0.363281 -0.755981 -0.608521 -0.235204 -0.011867 0.061234
0.366699 -0.763672 -0.605225 -0.283384 0.012342 0.041060
0.362061 -0.770508 -0.610596 -0.328954 0.052215 0.021123
0.344360 -0.789795 -0.612305 -0.361232 0.120806 0.000000
0.311157 -0.802124 -0.605469 -0.366453 0.156407 -0.015664
0.289551 -0.784058 -0.608643 -0.326106 0.156407 -0.019937
0.280396 -0.762451 -0.608643 -0.239476 0.120806 -0.007595
0.278809 -0.749878 -0.610474 -0.128638 0.063370 0.009731
0.285889 -0.745117 -0.604126 -0.030380 -0.004509 0.023022
0.292725 -0.743286 -0.602173 0.025158 -0.075712 0.020411
0.298706 -0.741943 -0.600586 0.025633 -0.120569 0.008782
0.305664 -0.745972 -0.593750 -0.009968 -0.120332 -0.004035
0.301758 -0.750977 -0.584229 -0.063133 -0.087104 -0.005459
0.300293 -0.755615 -0.578369 -0.112499 -0.051028 0.009968
0.310181 -0.760132 -0.579590 -0.149762 -0.019699 0.039636
0.314209 -0.773071 -0.575439 -0.174920 0.014478 0.073338
0.316406 -0.778442 -0.572388 -0.187736 0.049129 0.101107
0.327881 -0.775391 -0.567871 -0.187499 0.076898 0.117009
0.325195 -0.778198 -0.566040 -0.173021 0.088765 0.120569
0.322510 -0.774292 -0.561279 -0.144778 0.081645 0.112025
0.324829 -0.764893 -0.564453 -0.106566 0.059572 0.094936
0.324097 -0.761841 -0.570679 -0.064557 0.025158 0.070965
0.326416 -0.750488 -0.574463 -0.030142 -0.008544 0.043196
0.323242 -0.745972 -0.575806 -0.013528 -0.036788 0.011867
0.317993 -0.747559 -0.576050 -0.017563 -0.053639 -0.016851
0.315430 -0.748047 -0.581787 -0.037025 -0.046281 -0.039398
0.301270 -0.756226 -0.581787 -0.061234 -0.025633 -0.051740
0.291870 -0.759644 -0.583008 -0.084256 -0.014478 -0.051266
0.290405 -0.765869 -0.578735 -0.100870 -0.014952 -0.038686
0.286255 -0.772583 -0.572021 -0.108939 -0.019699 -0.015427
0.287842 -0.768066 -0.565796 -0.107278 -0.026107 0.010680
0.296265 -0.764893 -0.561890 -0.095648 -0.028243 0.036076
0.301392 -0.766479 -0.561279 -0.079509 -0.019462 0.055775
0.310913 -0.763672 -0.560059 -0.063133 -0.001899 0.068829
0.317505 -0.761108 -0.558472 -0.053402 0.005459 0.071439
0.320557 -0.760864 -0.558716 -0.047468 0.013766 0.065506
0.321533 -0.757935 -0.562012 -0.038212 0.029193 0.055775
0.320313 -0.749146 -0.568115 -0.026819 0.043908 0.045095
0.313477 -0.746460 -0.573608 -0.012579 0.046993 0.032278
0.309204 -0.751709 -0.574707 -0.000237 0.034177 0.020886
0.303711 -0.755005 -0.578247 0.009968 0.014240 0.012816
0.302734 -0.753296 -0.579224 0.017801 -0.006408 0.014240
0.307251 -0.756836 -0.582397 0.023971 -0.026582 0.024209
0.308960 -0.758911 -0.578735 0.028481 -0.035126 0.037737
0.312012 -0.758423 -0.581909 0.030142 -0.028956 0.052452
0.319580 -0.754761 -0.586304 0.031329 -0.018275 0.065031
0.322266 -0.758423 -0.584595 0.035601 -0.006408 0.074525
0.330322 -0.750122 -0.583374 0.040585 0.007120 0.080933
0.334229 -0.752441 -0.585815 0.045332 0.030854 0.081408
0.338135 -0.748535 -0.591675 0.048655 0.053639 0.075237
0.341797 -0.749878 -0.596313 0.048655 0.068117 0.061471
0.330200 -0.750732 -0.612671 0.047468 0.067879 0.042247
0.319946 -0.750977 -0.623535 0.050079 0.060047 0.021123
0.312744 -0.750244 -0.634399 0.051503 0.051978 0.003797
0.300781 -0.752319 -0.634888 0.041772 0.029430 -0.008307
0.302124 -0.750122 -0.634399 0.020174 0.000712 -0.009256
0.312256 -0.748169 -0.629395 -0.008544 -0.019225 0.002848
0.320679 -0.745361 -0.623779 -0.036550 -0.024683 0.023971
0.327271 -0.745972 -0.613525 -0.060284 -0.014715 0.045332
0.329956 -0.749634 -0.610840 -0.077136 0.005459 0.059098
0.329102 -0.750366 -0.602783 -0.086629 0.032990 0.062420
0.332397 -0.749512 -0.599731 -0.084256 0.057199 0.059810
0.330078 -0.751465 -0.601318 -0.070965 0.063370 0.051740
0.323608 -0.749756 -0.603760 -0.046756 0.052927 0.040111
0.324707 -0.750244 -0.602905 -0.019462 0.032041 0.026345
0.321045 -0.749146 -0.607910 0.002848 0.008544 0.014952
0.316772 -0.747070 -0.602417 0.017801 -0.011392 0.006171
0.323364 -0.749023 -0.608521 0.024446 -0.024209 0.003560
0.320801 -0.749023 -0.609741 0.026582 -0.029905 0.008544
0.329346 -0.747070 -0.609863 0.023734 -0.026582 0.016851
0.334717 -0.745972 -0.603882 0.020174 -0.016376 0.027531
0.332886 -0.746704 -0.609497 0.013291 -0.003323 0.035364
0.338501 -0.743286 -0.610352 0.004747 0.017563 0.038686
0.340088 -0.744263 -0.611450 -0.004509 0.032516 0.033465
0.333252 -0.743652 -0.611938 -0.011392 0.033702 0.021598
0.335327 -0.743286 -0.617920 -0.017563 0.022073 0.004035
0.331055 -0.745850 -0.614136 -0.020886 0.003797 -0.017801
0.326172 -0.753418 -0.615723 -0.022785 -0.009256 -0.039636
0.327026 -0.755737 -0.619141 -0.022073 -0.013291 -0.056724
0.315308 -0.756348 -0.619629 -0.024683 -0.014240 -0.065031
0.307007 -0.763794 -0.621094 -0.029193 -0.009968 -0.067405
0.302490 -0.761597 -0.618408 -0.038449 -0.002611 -0.062895
0.296265 -0.756836 -0.615967 -0.053639 0.003560 -0.052452
0.299072 -0.762451 -0.607910 -0.071677 0.003797 -0.037974
0.297241 -0.763550 -0.603760 -0.090901 0.008070 -0.022785
0.296875 -0.766724 -0.591919 -0.109177 0.013528 -0.008307
0.298462 -0.766724 -0.585693 -0.117246 0.015427 0.002848
0.303711 -0.763550 -0.575317 -0.113449 0.016139 0.013766
0.304077 -0.762085 -0.571289 -0.098496 0.011867 0.021598
0.311523 -0.755127 -0.570435 -0.075949 0.006646 0.024921
0.314575 -0.753906 -0.567993 -0.053876 -0.004035 0.022310
0.319336 -0.750366 -0.568726 -0.031566 -0.016614 0.015190
0.328857 -0.750854 -0.572632 -0.015427 -0.024446 0.004984
0.325562 -0.760864 -0.575073 -0.003085 -0.023734 -0.003797
0.322510 -0.758423 -0.579590 0.006883 -0.018987 -0.008544
0.329834 -0.758667 -0.581421 0.017801 -0.019462 -0.009019
0.322632 -0.763428 -0.592896 0.028956 -0.021361 -0.005221
0.321289 -0.760376 -0.597412 0.040823 -0.021835 -0.000237
0.329346 -0.755371 -0.603271 0.050553 -0.023971 0.004747
0.333008 -0.753174 -0.603882 0.055300 -0.030380 0.005934
0.337280 -0.750244 -0.607056 0.051978 -0.036550 0.004272
0.343872 -0.747803 -0.610229 0.041772 -0.032516 -0.000712
0.339722 -0.747559 -0.606812 0.023259 -0.025395 -0.007832
0.338989 -0.747803 -0.604736 0.004747 -0.017801 -0.016614
0.329224 -0.750000 -0.602295 -0.012104 -0.005934 -0.024683
