0.943359 0.201660 0.340698 -0.849678 -0.100158 -0.633224
0.936279 0.058960 0.326294 -0.787020 -0.169698 -0.365979
0.910522 0.189819 0.331299 -0.606879 0.021361 -0.044857
0.967529 0.250122 0.330200 -0.372150 0.174682 0.131487
0.986572 0.159302 0.322754 -0.185837 0.279824 0.143591
0.997314 0.129272 0.352051 -0.058386 0.422940 0.020174
0.986084 0.249634 0.419189 0.019225 0.446912 -0.057911
0.983154 0.363281 0.396606 0.078085 0.293353 -0.073575
0.979492 0.311157 0.377319 0.131249 0.180853 -0.037737
0.971924 0.271851 0.348267 0.134335 0.143828 -0.009731
0.956299 0.277100 0.356689 0.123180 0.154746 0.011155
0.963867 0.280762 0.369995 0.089003 0.158543 0.034889
0.986084 0.270630 0.397949 0.040111 0.109414 0.054826
0.975952 0.269165 0.414795 -0.002373 0.072151 0.032753
0.972534 0.259521 0.439941 -0.013528 0.044383 -0.018987
0.965454 0.259644 0.454590 0.030142 -0.075949 -0.086629
0.955200 0.266846 0.455688 0.089952 -0.276976 -0.158306
0.970459 0.278809 0.448242 0.135759 -0.489158 -0.206249
0.959229 0.286133 0.422729 0.135284 -0.575788 -0.221201
0.963867 0.279907 0.398071 0.087104 -0.414871 -0.169698
0.952881 0.281006 0.395386 0.047943 -0.135521 -0.081645
0.948486 0.282593 0.396118 0.031566 0.086392 0.000949
0.947144 0.280762 0.411743 0.054588 0.162341 0.039873
0.942261 0.280396 0.410400 0.091376 0.117483 0.038686
0.917358 0.276855 0.419189 0.116534 -0.000949 -0.002136
0.899536 0.275146 0.430786 0.145964 -0.152135 -0.043908
0.879272 0.269775 0.441528 0.214318 -0.280299 -0.069066
0.869629 0.261230 0.456421 0.340583 -0.362893 -0.065506
0.874268 0.241089 0.468872 0.501500 -0.436469 -0.024921
0.862183 0.265259 0.461060 0.665502 -0.516690 0.001424
0.894653 0.261475 0.450684 0.852764 -0.596436 0.040585
0.912842 0.274170 0.391235 0.993981 -0.694220 0.096360
0.941162 0.285156 0.342407 1.072778 -0.682591 0.157594
0.983032 0.286621 0.308594 1.094376 -0.548493 0.196280
1.002441 0.301880 0.304199 1.095563 -0.412972 0.198891
1.006958 0.314697 0.287476 1.078949 -0.400156 0.168749
1.025757 0.330200 0.259033 1.047857 -0.496041 0.129113
1.060669 0.347290 0.227661 0.975943 -0.649126 0.056012
1.057983 0.351440 0.193359 0.833539 -0.714157 -0.023022
1.045654 0.353394 0.165405 0.607116 -0.626816 -0.036076
1.039063 0.349121 0.156128 0.372150 -0.456405 -0.032990
1.019775 0.339600 0.144043 0.230932 -0.259650 -0.010443
1.000122 0.335205 0.144653 0.166376 -0.106091 0.014240
0.989746 0.323730 0.157959 0.120332 -0.054826 0.025633
0.966064 0.323975 0.168823 0.095885 -0.104192 0.028718
0.944580 0.324463 0.173462 0.094936 -0.203638 0.030142
0.936279 0.329102 0.164551 0.098496 -0.317324 0.031566
0.936279 0.343384 0.157471 0.102531 -0.415820 0.037500
0.947021 0.354248 0.143555 0.097547 -0.455456 0.049129
0.953735 0.351318 0.128174 0.070253 -0.387102 0.105379
0.979736 0.352051 0.127930 0.026107 -0.225711 0.195331
1.023193 0.344971 0.145020 -0.014952 -0.052215 0.254903
1.048828 0.326538 0.146973 -0.050791 0.107752 0.292641
1.066895 0.306519 0.171509 -0.066930 0.256802 0.296675
1.066528 0.298828 0.197266 -0.072389 0.338210 0.256802
1.045654 0.286865 0.215698 -0.055538 0.318985 0.194856
1.033936 0.292358 0.231079 -0.014952 0.237103 0.125790
1.038452 0.288208 0.239380 0.024921 0.143354 0.089715
1.045166 0.288696 0.254517 0.048892 0.055775 0.064557
1.055542 0.290161 0.249512 0.059810 0.000237 0.040348
1.068481 0.302734 0.247070 0.036313 -0.007832 0.039161
1.078613 0.302856 0.246582 -0.038686 0.022785 0.031092
1.068359 0.291992 0.247437 -0.121044 0.115585 0.008782
1.042603 0.284180 0.260986 -0.173021 0.238764 -0.013291
1.009888 0.280762 0.278320 -0.197467 0.312815 -0.051503
0.975830 0.272095 0.286987 -0.199841 0.309254 -0.081408
0.936768 0.268311 0.296997 -0.186312 0.262736 -0.095411
0.905762 0.272461 0.293823 -0.154983 0.170648 -0.101819
0.896118 0.273071 0.281494 -0.100632 0.035126 -0.072626
0.905396 0.286621 0.270996 -0.044857 -0.094461 -0.027531
0.932251 0.288940 0.260010 -0.010206 -0.175632 0.025395
0.968018 0.293335 0.243164 0.010206 -0.199603 0.070965
0.994873 0.301758 0.234009 0.037025 -0.214081 0.066930
1.032104 0.315186 0.227783 0.060996 -0.224049 0.056487
1.040283 0.314697 0.221069 0.065981 -0.167800 0.040348
1.052979 0.321777 0.226685 0.065981 -0.045095 0.024209
1.057495 0.326050 0.232788 0.078322 0.061471 0.025395
1.044922 0.334106 0.227661 0.078560 0.106328 0.015902
1.037842 0.327881 0.234497 0.043196 0.082120 0.004984
1.033203 0.322876 0.247437 -0.010680 0.017089 -0.000949
1.026855 0.309204 0.255737 -0.049129 -0.022547 -0.016614
1.018921 0.302734 0.273682 -0.068591 -0.021123 -0.021598
1.011353 0.300537 0.286743 -0.072626 -0.001661 -0.018038
1.007935 0.287598 0.296997 -0.067167 0.031329 -0.001187
1.002319 0.285156 0.292114 -0.058623 0.036788 0.012579
0.997925 0.277222 0.291382 -0.042484 0.023022 0.001899
0.989746 0.272583 0.284912 -0.023022 0.020174 -0.014478
0.970581 0.265137 0.274170 -0.001899 0.031329 -0.016376
0.963379 0.264282 0.257690 0.019699 0.038924 -0.013766
0.959839 0.266968 0.240356 0.046281 0.023022 0.004747
0.964478 0.270508 0.216675 0.071914 -0.018038 0.019699
0.967407 0.276733 0.191772 0.080458 -0.049367 0.025395
0.979248 0.285034 0.178711 0.069541 -0.069303 0.046519
0.979248 0.296265 0.161133 0.063133 -0.086392 0.038449
0.995728 0.308228 0.153320 0.040348 -0.093512 0.049604
1.011719 0.313721 0.157959 0.011155 -0.072151 0.068829
1.030640 0.323120 0.185547 -0.016376 -0.052215 0.075237
1.056152 0.321899 0.217163 -0.039398 -0.057674 0.086629
1.083618 0.315430 0.244751 -0.050553 -0.082357 0.074050
1.101685 0.308960 0.249268 -0.049841 -0.098259 0.032516
1.089233 0.303223 0.241699 -0.049367 -0.066930 -0.009731
1.054932 0.296143 0.238281 -0.073813 0.006408 -0.045807
1.015503 0.293701 0.233398 -0.120332 0.051028 -0.072626
0.979370 0.291016 0.224121 -0.173496 0.030380 -0.087341
0.959839 0.280762 0.216675 -0.251818 -0.028006 -0.107990
0.946289 0.270142 0.225098 -0.317087 -0.092325 -0.115585
0.931763 0.263184 0.233154 -0.318985 -0.153322 -0.116771
0.940308 0.252808 0.269165 -0.195806 -0.171122 -0.108465
0.972656 0.310303 0.257690 -0.016376 -0.110838 -0.103718
0.953979 0.194458 0.172607 0.078797 -0.033465 -0.038686
1.025513 0.261841 0.236938 0.073813 0.159255 -0.040823
1.041138 0.310181 0.231567 0.084968 0.253954 -0.032753
1.033325 0.310059 0.278076 0.106328 0.350789 -0.033702
1.058350 0.345947 0.258179 0.083544 0.510519 -0.023259
1.055054 0.195190 0.210938 0.105854 0.309966 0.036076
1.031006 0.288208 0.270386 0.107515 0.260125 -0.028006
1.046875 0.313965 0.242310 0.117721 0.267482 -0.085680
1.026611 0.308228 0.262695 0.103955 0.192246 -0.100395
0.998535 0.311646 0.241577 0.080696 0.130774 -0.111787
0.976196 0.308594 0.239380 0.037737 0.109651 -0.088528
0.953857 0.301025 0.240967 -0.018987 0.127452 -0.053164
0.953369 0.306885 0.251587 -0.066218 0.157357 -0.005221
0.946045 0.300781 0.273804 -0.092325 0.161629 0.030142
0.960815 0.298096 0.282959 -0.086392 0.135284 0.055775
0.970947 0.288574 0.289673 -0.050316 0.098496 0.071439
0.988403 0.300049 0.284668 -0.009968 0.063845 0.056724
0.999756 0.305176 0.287964 0.023971 0.036550 0.056012
1.014526 0.308838 0.267822 0.046519 0.002373 0.064794
1.045654 0.306030 0.266602 0.045332 -0.014240 0.055063
1.043701 0.301636 0.260620 0.025870 -0.017326 0.039161
1.030884 0.297852 0.267212 0.022547 0.009494 0.010680
1.023682 0.295532 0.275269 0.024446 0.000712 0.008782
1.013916 0.299927 0.283691 0.031804 -0.035364 0.011630
1.006714 0.294067 0.272827 0.042247 -0.079746 -0.014240
1.004639 0.282837 0.285034 0.049604 -0.128638 -0.023259
0.987549 0.280396 0.292236 0.056250 -0.164714 -0.014478
0.986328 0.284912 0.302246 0.060284 -0.169698 -0.004747
0.992188 0.280273 0.306396 0.052215 -0.159967 -0.006883
0.987793 0.272461 0.296753 0.050079 -0.156407 -0.020174
0.985474 0.274170 0.281494 0.056724 -0.138369 -0.023971
0.990845 0.284180 0.271973 0.059572 -0.139793 -0.012816
1.000854 0.284790 0.259888 0.057199 -0.152847 -0.018987
1.005981 0.289063 0.266235 0.063845 -0.145015 -0.017563
1.018066 0.294922 0.249390 0.074050 -0.142167 -0.015664
1.017944 0.299927 0.232544 0.090901 -0.131961 -0.030142
1.016968 0.303833 0.213013 0.095173 -0.104430 -0.036313
0.998535 0.300537 0.197632 0.076186 -0.051266 -0.052215
0.978882 0.302612 0.189575 0.047468 -0.015902 -0.063845
0.976563 0.302734 0.194580 0.028956 0.004509 -0.048417
0.977539 0.301880 0.197754 0.010680 0.003560 -0.034177
