0.542725 0.739746 0.054321 -0.603794 0.584569 -0.402529
0.531738 0.755127 0.093628 -0.502924 0.593825 -0.343669
0.522217 0.763306 0.107910 -0.387102 0.572702 -0.268195
0.526855 0.758667 0.062988 -0.299998 0.595012 -0.191771
0.541748 0.765381 0.072144 -0.225236 0.634885 -0.144778
0.638672 0.703735 0.125122 -0.171597 0.827606 -0.129825
0.473145 0.822510 0.124512 -0.143828 0.658857 -0.163765
0.452515 0.831909 0.094604 -0.062183 0.461152 -0.010918
0.507568 0.798340 0.069458 -0.026107 0.253954 0.136471
0.568604 0.798950 0.071655 -0.040111 0.214318 0.201265
0.607788 0.796509 0.079102 -0.041535 0.259888 0.219302
0.611450 0.801392 0.081055 -0.021835 0.284334 0.194856
0.597900 0.806763 0.082397 0.005696 0.252293 0.157594
0.602783 0.808716 0.068237 0.030854 0.200790 0.130062
0.606934 0.805664 0.056152 0.045807 0.161391 0.116059
0.606445 0.807251 0.053223 0.049841 0.145964 0.101344
0.603027 0.811523 0.045166 0.055300 0.119857 0.085205
0.601074 0.811890 0.035889 0.054588 0.087341 0.069066
0.597900 0.817017 0.032837 0.040348 0.068829 0.061471
0.604736 0.818237 0.035522 0.014952 0.062420 0.054588
0.606445 0.821777 0.036377 -0.016614 0.066218 0.040111
0.606934 0.814331 0.043091 -0.039873 0.073338 0.026345
0.609375 0.810303 0.043335 -0.057674 0.078560 0.017801
0.602295 0.805786 0.047241 -0.070965 0.089240 0.022310
0.607788 0.805908 0.053467 -0.075237 0.104667 0.028718
0.609863 0.804688 0.050049 -0.069303 0.116059 0.031329
0.608276 0.807251 0.050293 -0.063133 0.114161 0.023259
0.609619 0.802368 0.044189 -0.059572 0.102056 0.009731
0.601074 0.797607 0.038940 -0.056962 0.087104 0.002848
0.600952 0.805176 0.037720 -0.054351 0.072151 0.002373
0.595215 0.804932 0.042236 -0.053639 0.058386 -0.001424
0.602173 0.803589 0.049438 -0.052452 0.035601 -0.018275
0.602905 0.800293 0.052856 -0.046993 0.010206 -0.034414
0.597168 0.798096 0.054321 -0.046044 -0.004035 -0.038686
0.598267 0.801636 0.057495 -0.054351 -0.000712 -0.036550
0.596069 0.798828 0.061523 -0.066218 0.002136 -0.038686
0.593384 0.798584 0.065430 -0.075237 0.006646 -0.037974
0.584717 0.802856 0.071411 -0.079034 0.018513 -0.028956
0.587524 0.803833 0.073242 -0.080221 0.034414 -0.012579
0.583374 0.804321 0.072021 -0.081408 0.040111 -0.000712
0.587891 0.801514 0.072144 -0.082832 0.045095 0.009494
0.589478 0.803589 0.068115 -0.083306 0.048180 0.015427
0.590454 0.802612 0.067505 -0.083781 0.052452 0.019937
0.591919 0.806519 0.073242 -0.082357 0.050079 0.018987
0.589600 0.802124 0.074951 -0.077136 0.034177 0.013291
0.590088 0.804932 0.073608 -0.069303 0.013766 0.007358
0.586060 0.802246 0.079834 -0.062183 0.002611 0.006883
0.589111 0.798828 0.088257 -0.054351 -0.004272 0.011867
0.583252 0.802856 0.088745 -0.042484 -0.009731 0.013291
0.584961 0.801025 0.089111 -0.028243 -0.019699 0.015664
0.546021 0.801270 0.092285 -0.012104 -0.041535 0.024446
0.598511 0.794678 0.083862 0.009256 -0.080221 0.057911
0.609497 0.802856 0.083618 0.024921 -0.070490 0.044857
0.603271 0.806152 0.072510 0.026345 -0.055300 0.037500
0.602905 0.802246 0.069580 0.014003 -0.047231 0.028006
0.596436 0.797119 0.067871 0.009019 -0.043908 0.018038
0.593018 0.801758 0.067017 0.014240 -0.043433 0.023022
0.605347 0.803101 0.064209 0.018987 -0.045807 0.027769
0.600586 0.801147 0.059448 0.018750 -0.041535 0.020174
0.607056 0.802979 0.058838 0.012816 -0.029430 0.011867
0.600830 0.802246 0.053223 0.003560 -0.023734 0.013528
0.602783 0.802368 0.054443 -0.000949 -0.019699 0.017089
0.603882 0.801880 0.050903 -0.005459 -0.009731 0.018987
0.603149 0.804565 0.046875 -0.011867 0.004272 0.018987
0.604492 0.804077 0.053589 -0.019937 0.014003 0.019699
0.598389 0.803711 0.050903 -0.023497 0.015902 0.022310
0.602051 0.803711 0.049561 -0.021598 0.010443 0.023497
0.598389 0.802734 0.055786 -0.021123 0.012816 0.025158
0.599609 0.804199 0.052490 -0.021835 0.018513 0.024446
0.596313 0.799438 0.058472 -0.025633 0.019462 0.028243
0.596313 0.800049 0.056152 -0.023971 0.017089 0.032990
0.596680 0.800049 0.054443 -0.019937 0.010443 0.032516
0.600708 0.802979 0.054443 -0.017801 0.007595 0.030617
0.607544 0.803589 0.052856 -0.021598 0.014478 0.028718
0.606201 0.799561 0.054077 -0.029193 0.023022 0.027294
0.611816 0.802734 0.051880 -0.033228 0.029430 0.024209
0.610596 0.799805 0.055054 -0.032990 0.030617 0.020174
0.606567 0.796753 0.058960 -0.030617 0.024921 0.017326
0.605957 0.798462 0.059937 -0.026582 0.014240 0.016376
0.609375 0.798340 0.058960 -0.024209 0.006408 0.016376
0.606445 0.798706 0.060303 -0.024921 0.004272 0.015190
0.603516 0.797729 0.060913 -0.028481 0.007120 0.014952
0.611206 0.801880 0.060669 -0.032278 0.008307 0.018275
0.609497 0.800415 0.063721 -0.036550 0.004509 0.021598
0.610962 0.800293 0.066650 -0.039873 0.000000 0.023022
0.604858 0.799072 0.069702 -0.038686 -0.005459 0.023497
0.609131 0.796509 0.069458 -0.033465 -0.015427 0.021835
0.608276 0.795410 0.072388 -0.031092 -0.019225 0.021123
0.601440 0.795410 0.070190 -0.029668 -0.021835 0.020886
0.604004 0.796875 0.073364 -0.024683 -0.022310 0.022073
0.602417 0.794434 0.075806 -0.016139 -0.022073 0.026819
0.607056 0.796753 0.069214 -0.008782 -0.021835 0.030854
0.604492 0.799438 0.065674 0.000237 -0.023734 0.029668
0.609497 0.801147 0.054443 0.003797 -0.024683 0.028006
0.607666 0.800171 0.050049 -0.000712 -0.020411 0.026819
0.609253 0.797485 0.054932 -0.013528 -0.013766 0.023497
0.609131 0.796265 0.053589 -0.020174 -0.013054 0.018513
0.600464 0.796143 0.057251 -0.019225 -0.014715 0.014715
0.597656 0.793091 0.058838 -0.017326 -0.016139 0.014478
0.597412 0.791382 0.062866 -0.015190 -0.014240 0.019225
0.602905 0.794922 0.057129 -0.010918 -0.013766 0.027057
0.606079 0.797119 0.056763 -0.008307 -0.013054 0.032278
0.609619 0.795898 0.055786 -0.009494 -0.005459 0.031329
0.611206 0.797607 0.060791 -0.009494 -0.001424 0.027769
0.605469 0.797852 0.052979 -0.008544 -0.005459 0.024683
0.609009 0.796997 0.053833 -0.007358 -0.012104 0.021835
0.602539 0.792603 0.056152 -0.006646 -0.015427 0.020649
0.605469 0.795410 0.064209 -0.007120 -0.015664 0.021835
0.599854 0.794556 0.056396 -0.008307 -0.016614 0.025870
0.606567 0.791626 0.055420 -0.011867 -0.014003 0.034414
0.618408 0.794434 0.059448 -0.015190 -0.011630 0.040823
0.618774 0.794800 0.055420 -0.018750 -0.012816 0.038449
0.625732 0.797119 0.057251 -0.021598 -0.013291 0.029905
0.617676 0.794312 0.056274 -0.020411 -0.013291 0.020174
0.613770 0.792603 0.058594 -0.017563 -0.012579 0.013054
0.608643 0.792358 0.055176 -0.014240 -0.013766 0.011392
0.615479 0.795044 0.049683 -0.011392 -0.014003 0.013528
0.611450 0.795776 0.050659 -0.009256 -0.016851 0.012816
0.608276 0.796143 0.050781 -0.008070 -0.020886 0.010680
0.614502 0.794067 0.049805 -0.007832 -0.024921 0.010918
0.611572 0.793579 0.053223 -0.009494 -0.026819 0.009019
0.616943 0.789551 0.049072 -0.011392 -0.025870 0.006883
0.611084 0.788086 0.049438 -0.014478 -0.023022 0.007595
0.613647 0.789917 0.048950 -0.017563 -0.021123 0.009731
0.610718 0.789429 0.053223 -0.017801 -0.021598 0.010443
0.608521 0.784180 0.057373 -0.014240 -0.023734 0.010680
0.617188 0.787842 0.056519 -0.012342 -0.023497 0.017326
0.615112 0.789307 0.052490 -0.008070 -0.027294 0.022310
0.618408 0.792847 0.052002 -0.004747 -0.030854 0.023734
0.612793 0.791626 0.049438 -0.004984 -0.033702 0.021361
0.610352 0.791504 0.042114 -0.008307 -0.030854 0.020886
0.613647 0.788086 0.044922 -0.016851 -0.022547 0.025870
0.609863 0.785522 0.049316 -0.022310 -0.020886 0.023497
0.613525 0.784668 0.050415 -0.019225 -0.022310 0.016851
0.605469 0.788940 0.046631 -0.013291 -0.020886 0.014715
0.608276 0.787964 0.049072 -0.010443 -0.018275 0.018987
0.606323 0.787109 0.049927 -0.011392 -0.014240 0.026345
0.611450 0.792114 0.037476 -0.011392 -0.010918 0.029430
0.613403 0.788818 0.040405 -0.014240 -0.011392 0.030380
0.612549 0.790283 0.044067 -0.019937 -0.008782 0.030617
0.618042 0.785645 0.050903 -0.023734 -0.013054 0.031329
0.623413 0.790894 0.047241 -0.020649 -0.009256 0.029430
0.624512 0.791626 0.045776 -0.021598 0.001899 0.023971
0.618652 0.788330 0.046021 -0.026107 0.007120 0.019462
0.622192 0.788574 0.043335 -0.025633 0.009968 0.018038
0.624146 0.788696 0.044556 -0.021361 -0.000475 0.017563
0.627686 0.793457 0.045166 -0.016376 -0.012816 0.012816
0.632324 0.788940 0.045532 -0.014952 -0.017801 0.004272
0.624756 0.788574 0.038208 -0.021361 -0.011155 -0.000475
0.624756 0.791138 0.038086 -0.028718 -0.003560 -0.005221
