0.738403 0.611328 -0.342163 -0.386390 0.590740 -0.073575
0.750366 0.665039 -0.293579 -0.304033 0.461627 -0.028956
0.796875 0.525146 -0.356201 -0.226897 0.403241 0.016614
0.758911 0.610596 -0.300415 -0.210283 0.363843 -0.082120
0.761475 0.583374 -0.302856 -0.124129 0.278875 -0.093749
0.758667 0.594849 -0.310059 -0.044857 0.190347 -0.106328
0.757935 0.593140 -0.328613 0.016851 0.121756 -0.116297
0.753906 0.593750 -0.354248 0.050316 0.063133 -0.123654
0.739868 0.596436 -0.368286 0.048892 0.035364 -0.116534
0.726196 0.598511 -0.378052 0.032753 0.009968 -0.086392
0.725220 0.599854 -0.382813 0.013054 -0.026819 -0.039398
0.731812 0.600830 -0.386597 -0.009968 -0.061708 0.007358
0.741333 0.602905 -0.387207 -0.029430 -0.091851 0.046519
0.746216 0.597168 -0.385376 -0.040348 -0.113211 0.067642
0.750000 0.591064 -0.381714 -0.039161 -0.116059 0.074762
0.745728 0.585938 -0.383301 -0.030380 -0.106803 0.078797
0.743164 0.585205 -0.416382 -0.028718 -0.096123 0.074288
0.744629 0.595825 -0.385254 -0.064319 -0.042009 0.076898
0.747070 0.599243 -0.376709 -0.079509 -0.035838 0.084968
0.751953 0.584351 -0.385010 -0.078797 -0.047468 0.087579
0.748413 0.591797 -0.377686 -0.088765 -0.028243 0.083069
0.748291 0.607666 -0.370239 -0.089003 -0.020411 0.079509
0.741577 0.599731 -0.369751 -0.069778 -0.046519 0.094936
0.753540 0.582275 -0.382935 -0.057436 -0.070015 0.107278
0.752563 0.587769 -0.374756 -0.071677 -0.048655 0.103480
0.757568 0.582397 -0.375610 -0.077610 -0.024921 0.099683
0.748779 0.581299 -0.375977 -0.077136 -0.007358 0.098496
0.752808 0.581299 -0.380249 -0.076424 -0.002611 0.100632
0.757324 0.585815 -0.376709 -0.078322 -0.000949 0.102294
0.757690 0.586670 -0.377441 -0.078322 -0.001187 0.104192
0.747437 0.578613 -0.377808 -0.075949 -0.001187 0.103955
0.744629 0.581177 -0.375610 -0.067405 -0.005221 0.101819
0.749512 0.584351 -0.373413 -0.051266 -0.020411 0.097784
0.752319 0.583008 -0.372681 -0.037262 -0.036550 0.090901
0.755005 0.583130 -0.380615 -0.028956 -0.046993 0.083306
0.759766 0.585938 -0.384888 -0.023734 -0.049604 0.078322
0.762573 0.589966 -0.385498 -0.020411 -0.046993 0.074050
0.762207 0.588623 -0.389648 -0.020649 -0.044620 0.068117
0.763672 0.588135 -0.390747 -0.027769 -0.038449 0.060522
0.760742 0.585938 -0.392944 -0.038686 -0.031804 0.051978
0.756470 0.583496 -0.383789 -0.051503 -0.024921 0.046281
0.754150 0.579224 -0.380127 -0.061708 -0.017326 0.042959
0.757446 0.580688 -0.369873 -0.066455 -0.013766 0.039636
0.755371 0.578125 -0.372314 -0.065031 -0.014240 0.036550
0.756104 0.576782 -0.371216 -0.061946 -0.015902 0.032516
0.757202 0.577515 -0.365479 -0.058860 -0.012342 0.029430
0.761597 0.576294 -0.365967 -0.054826 -0.009731 0.027057
0.766357 0.580688 -0.373291 -0.049841 -0.009968 0.026819
0.765381 0.577026 -0.374023 -0.044857 -0.007120 0.024921
0.764771 0.576782 -0.372070 -0.043196 -0.004747 0.019699
0.766113 0.576660 -0.366089 -0.041297 -0.005221 0.019699
0.763550 0.578125 -0.368652 -0.039398 -0.007832 0.019225
0.765503 0.577881 -0.371094 -0.038212 -0.005221 0.018987
0.759399 0.579224 -0.370117 -0.036313 0.000237 0.018987
0.759766 0.574219 -0.372925 -0.031092 -0.002373 0.018987
0.757935 0.577026 -0.375732 -0.025870 -0.008070 0.018987
0.760010 0.579590 -0.379272 -0.026107 -0.007358 0.016139
0.754883 0.576172 -0.373413 -0.029905 -0.006171 0.012104
0.750122 0.574951 -0.376343 -0.032041 -0.007120 0.009968
0.751343 0.573608 -0.369751 -0.026819 -0.011630 0.009256
0.754883 0.575439 -0.369019 -0.020174 -0.011155 0.006883
0.749268 0.577637 -0.374023 -0.018038 -0.004747 0.005934
0.752441 0.577148 -0.372925 -0.019699 -0.002848 0.006883
0.761108 0.580444 -0.376953 -0.018987 -0.011630 0.010680
0.764282 0.581787 -0.377441 -0.018275 -0.013054 0.014003
0.764648 0.579346 -0.376587 -0.021123 -0.006171 0.013528
0.765259 0.581299 -0.373413 -0.024921 -0.002373 0.015190
0.767700 0.580322 -0.374634 -0.023022 -0.002136 0.015664
0.767578 0.583618 -0.372070 -0.016851 -0.005459 0.017563
0.764038 0.585327 -0.375000 -0.014240 -0.002136 0.013054
0.758545 0.583252 -0.372559 -0.019462 0.000000 0.006883
0.757202 0.582886 -0.371582 -0.022310 -0.005696 0.004747
0.755493 0.582275 -0.374390 -0.016851 -0.011630 0.005696
0.754761 0.585327 -0.373291 -0.012579 -0.009494 0.006171
0.755493 0.584351 -0.373779 -0.011155 -0.006408 0.003797
0.752686 0.581055 -0.374023 -0.011630 -0.007120 0.001899
0.753662 0.585693 -0.371826 -0.011630 -0.013054 0.001187
0.765747 0.588623 -0.375244 -0.009968 -0.013766 0.002611
0.759644 0.584717 -0.374756 -0.012104 -0.005459 0.002136
0.753662 0.584473 -0.367920 -0.017563 -0.003085 0.002373
0.757813 0.583130 -0.365723 -0.015427 -0.005934 0.004035
0.765503 0.585571 -0.368652 -0.009968 -0.009494 0.004509
0.760376 0.586548 -0.367676 -0.006408 -0.008544 0.002136
0.753174 0.585083 -0.373047 -0.008544 -0.006408 0.000475
0.759033 0.582275 -0.368896 -0.009256 -0.006883 0.001661
0.759766 0.581665 -0.371826 -0.006646 -0.007595 0.004509
0.757690 0.581787 -0.372437 -0.006883 -0.002136 0.005221
0.756226 0.585449 -0.373535 -0.012342 -0.000237 0.004509
0.758545 0.579956 -0.368652 -0.014478 -0.005934 0.003797
0.759766 0.583252 -0.375732 -0.011392 -0.012579 0.004747
0.761353 0.582397 -0.373535 -0.009494 -0.009494 0.002611
0.762329 0.585815 -0.375244 -0.013528 -0.003323 -0.000712
0.755249 0.580566 -0.373535 -0.016851 0.000237 -0.001424
0.752075 0.579956 -0.374634 -0.015664 -0.002136 0.002373
0.760132 0.582153 -0.370605 -0.013528 -0.003797 0.003085
0.762329 0.581055 -0.376343 -0.012104 -0.003323 0.002136
0.762207 0.579102 -0.377197 -0.011630 -0.005459 0.000712
0.762573 0.578369 -0.371460 -0.011392 -0.005696 -0.002848
0.761353 0.578735 -0.370972 -0.013766 -0.003085 -0.008070
0.752930 0.575317 -0.372314 -0.013054 -0.003085 -0.009019
0.749268 0.577148 -0.375000 -0.010918 -0.002848 -0.007832
0.750000 0.579468 -0.368530 -0.011155 -0.004984 -0.003797
0.757568 0.580078 -0.373413 -0.012342 -0.008307 0.000712
0.760986 0.579102 -0.375610 -0.012816 -0.010443 0.004747
0.766235 0.579224 -0.380737 -0.013291 -0.012104 0.006171
0.766479 0.584717 -0.383057 -0.017563 -0.009968 0.006883
0.760986 0.581665 -0.377075 -0.022785 -0.006646 0.006646
0.756958 0.578857 -0.375854 -0.024209 -0.001187 0.008782
0.755005 0.578613 -0.374390 -0.023734 0.002136 0.011155
0.753296 0.579346 -0.373535 -0.023971 0.004509 0.012579
0.751953 0.576172 -0.375122 -0.026345 0.003797 0.011392
0.748657 0.576782 -0.371094 -0.022073 -0.003323 0.008782
0.754150 0.579346 -0.371948 -0.016376 -0.006646 0.007120
0.755737 0.579590 -0.372437 -0.010206 -0.010443 0.003797
0.755981 0.576294 -0.372681 -0.007120 -0.014952 0.002611
0.762329 0.584717 -0.381470 -0.005696 -0.013766 0.004747
0.761963 0.582520 -0.375488 -0.007832 -0.008307 0.004984
0.765137 0.581055 -0.378296 -0.012104 -0.007595 0.003560
0.762451 0.582886 -0.376587 -0.013766 -0.012104 0.004747
0.767090 0.582886 -0.376831 -0.008782 -0.010680 0.004747
0.765137 0.580688 -0.374756 -0.009256 -0.007832 0.003323
0.755005 0.579956 -0.378174 -0.010206 -0.007832 0.003323
0.755615 0.581421 -0.379028 -0.011630 -0.005459 0.004984
0.758179 0.582642 -0.382080 -0.011392 -0.009019 0.008307
0.756226 0.580688 -0.379883 -0.011155 -0.008070 0.009019
0.754883 0.581055 -0.378052 -0.014715 -0.007120 0.007595
0.751343 0.579834 -0.377197 -0.016376 -0.007832 0.004035
0.751953 0.579590 -0.376343 -0.013054 -0.007120 0.003085
0.750488 0.580933 -0.378418 -0.010680 -0.005696 0.004272
0.750000 0.581299 -0.379761 -0.012104 -0.004509 0.005221
0.753174 0.582397 -0.378418 -0.012579 -0.005934 0.007120
0.757324 0.583008 -0.375977 -0.011155 -0.011392 0.009256
0.760010 0.588135 -0.381470 -0.009968 -0.012816 0.007595
0.762939 0.585205 -0.379272 -0.015190 -0.010680 0.004984
0.762695 0.584961 -0.380981 -0.021123 -0.008070 0.006408
0.763916 0.583496 -0.383911 -0.023259 -0.004984 0.011392
0.764038 0.584473 -0.380737 -0.023734 0.000000 0.014003
0.763550 0.582642 -0.378296 -0.026819 0.005459 0.011630
0.752075 0.583130 -0.373535 -0.029668 0.003560 0.009494
0.753418 0.578613 -0.369995 -0.027531 -0.001187 0.009494
0.753784 0.580933 -0.372314 -0.023971 -0.003323 0.009968
0.754761 0.584839 -0.372559 -0.025870 -0.002373 0.010443
0.752930 0.582764 -0.367188 -0.028006 -0.003085 0.012104
0.756226 0.582031 -0.364014 -0.026819 -0.002848 0.013528
0.759155 0.582031 -0.363770 -0.024921 -0.003085 0.010918
0.758545 0.580811 -0.367310 -0.021598 -0.004747 0.009256
0.762329 0.580688 -0.369385 -0.016851 -0.007832 0.009019
0.763428 0.580688 -0.367554 -0.012342 -0.006171 0.006646
0.761230 0.580566 -0.372070 -0.011155 -0.004509 0.005934
0.755005 0.580322 -0.369019 -0.012104 -0.004272 0.005221
