1.101318 0.001709 -0.172241 -0.105616 -0.308068 -0.086867
1.016479 0.102417 -0.266357 0.012104 -0.288606 0.011392
1.040161 0.124268 -0.334961 0.113923 -0.241138 0.030380
1.064941 0.104004 -0.408447 0.107040 -0.342007 0.082594
1.086670 0.065430 -0.511475 0.072626 -0.520962 0.093037
1.108887 0.034058 -0.612549 0.034652 -0.681167 0.089003
1.112793 0.001465 -0.708496 -0.041297 -0.839235 0.093749
1.133057 -0.035767 -0.792847 -0.124129 -0.945326 0.086629
1.157715 -0.067505 -0.883789 -0.193432 -0.977130 0.089477
1.185059 -0.076660 -0.975952 -0.259176 -0.932985 0.077610
1.208618 -0.081055 -1.082397 -0.382118 -0.828792 0.060759
1.240479 -0.083740 -1.175659 -0.573414 -0.698018 0.051266
1.275757 -0.102417 -1.265259 -0.796751 -0.578161 0.016139
1.294312 -0.113037 -1.332886 -1.039313 -0.437893 -0.065981
1.301392 -0.135254 -1.340332 -1.336700 -0.237340 -0.194856
1.251709 -0.124390 -1.283325 -1.655686 0.010918 -0.348178
1.168823 -0.123535 -1.165405 -1.988200 0.314239 -0.476342
1.087280 -0.136108 -0.985718 -2.330919 0.642955 -0.592164
1.013916 -0.150635 -0.797241 -2.618575 0.915659 -0.647702
0.991943 -0.153442 -0.595337 -2.831944 1.120958 -0.663603
0.984009 -0.189453 -0.370605 -2.982418 1.251021 -0.678081
1.042114 -0.169434 -0.164185 -3.048873 1.293505 -0.666926
1.051025 -0.156982 -0.005615 -3.069997 1.364707 -0.705138
1.016113 -0.127319 0.206421 -2.989064 1.593977 -0.807669
0.990967 -0.057007 0.490967 -2.903621 1.840811 -0.980690
0.906738 -0.019775 0.676270 -2.964855 1.906554 -1.160119
0.826904 0.059937 0.917358 -2.932577 1.983927 -1.356400
0.735474 0.132446 1.121338 -2.906944 1.908216 -1.483851
0.663696 0.228516 1.312378 -2.855678 1.588281 -1.518741
0.613037 0.292725 1.450195 -2.709477 1.145879 -1.421194
0.594360 0.358643 1.507813 -2.361773 0.691135 -1.237730
0.575562 0.424316 1.493774 -1.878311 0.260600 -0.998491
0.578979 0.475464 1.420898 -1.367317 -0.072863 -0.743824
0.593262 0.492798 1.299438 -0.879583 -0.287182 -0.521199
0.612549 0.490356 1.137085 -0.432671 -0.393273 -0.331802
0.613403 0.501343 0.972656 -0.076186 -0.403716 -0.203163
0.604736 0.504150 0.825806 0.172309 -0.355061 -0.096835
0.597900 0.512573 0.715820 0.323495 -0.311153 -0.018275
0.618896 0.513428 0.634155 0.440504 -0.331564 0.027769
0.592529 0.509766 0.527954 0.560360 -0.401817 0.097310
0.561035 0.519775 0.432251 0.667401 -0.540899 0.152135
0.510986 0.513916 0.336792 0.757590 -0.691372 0.219065
0.491577 0.511963 0.239258 0.826182 -0.851340 0.294539
0.363525 0.444214 0.135254 0.829979 -0.974757 0.395646
0.252808 0.407104 0.054199 0.789631 -1.066133 0.493430
0.174805 0.380981 0.004883 0.753555 -1.111465 0.651024
0.161499 0.361328 -0.051514 0.733381 -1.181243 0.880770
0.121216 0.381470 -0.093628 0.716530 -1.251495 1.189075
0.079834 0.415894 -0.153809 0.715106 -1.346669 1.513756
0.075195 0.409668 -0.239868 0.656721 -1.465814 1.818264
0.164429 0.388306 -0.286987 0.503399 -1.835115 2.057978
0.372681 0.317017 -0.272339 0.271043 -2.338039 2.277755
0.547607 0.254517 -0.359985 0.034414 -2.447453 2.433450
0.688599 0.147949 -0.360474 -0.013528 -2.325697 2.379099
0.793579 0.059082 -0.338135 -0.013054 -1.840337 2.354653
0.919067 -0.033325 -0.301758 0.019225 -1.088680 2.374827
1.076416 -0.094482 -0.268799 0.113211 -0.316849 2.397612
1.242310 -0.164551 -0.246338 0.206961 0.369776 2.377200
1.430298 -0.225464 -0.245239 0.272467 0.872700 2.242866
1.558228 -0.260864 -0.246460 0.314951 1.202841 2.043262
1.667236 -0.252319 -0.235352 0.301659 1.367080 1.744688
1.710449 -0.248901 -0.214233 0.212420 1.372302 1.395086
1.751953 -0.208618 -0.150757 0.107278 1.227524 1.096037
1.678589 -0.200439 -0.106689 0.004509 0.960516 0.754742
1.662598 -0.157593 -0.078491 -0.106328 0.787732 0.422466
1.579468 -0.117188 -0.035889 -0.180379 0.678081 0.267245
1.509399 -0.081055 -0.002197 -0.222388 0.617559 0.156170
1.460571 -0.045288 0.033203 -0.237340 0.578161 0.107278
1.430908 -0.028809 0.058838 -0.217641 0.545408 0.092563
1.415283 -0.014282 0.077148 -0.159730 0.496041 0.112025
1.423706 -0.007324 0.056885 -0.065743 0.429349 0.146914
1.425659 -0.007935 0.015625 0.050791 0.395409 0.151898
1.411987 0.009766 -0.016602 0.133385 0.406801 0.137420
1.389160 0.034180 -0.031250 0.170173 0.407039 0.105854
1.374146 0.050049 -0.051758 0.182040 0.385678 0.075237
1.359131 0.054443 -0.056641 0.176819 0.356485 0.045095
1.336914 0.049683 -0.055664 0.152610 0.295489 -0.002373
1.311035 0.043579 -0.057739 0.114873 0.211945 -0.029193
1.287720 0.043701 -0.061279 0.071202 0.125078 -0.057911
1.263428 0.045166 -0.062866 0.029905 0.059098 -0.084493
1.251099 0.036621 -0.061279 -0.012342 0.015902 -0.096360
1.228027 0.048706 -0.051392 -0.044145 -0.005459 -0.116297
1.209961 0.049927 -0.041016 -0.077848 -0.019937 -0.123180
1.192749 0.044678 -0.022095 -0.093987 -0.032516 -0.125553
1.171509 0.043823 -0.009888 -0.082120 -0.032753 -0.137420
1.152344 0.036011 0.001587 -0.049604 -0.008544 -0.137657
1.133057 0.031738 0.007324 -0.015664 0.020886 -0.144066
1.115967 0.031128 0.016479 0.019462 0.040111 -0.134572
1.105347 0.029663 0.009644 0.056724 0.048892 -0.121993
1.094238 0.026367 -0.005981 0.073813 0.054114 -0.128401
1.077759 0.031372 -0.008423 0.070727 0.054351 -0.125078
1.061157 0.032227 -0.014282 0.053402 0.031804 -0.131724
1.053955 0.033691 -0.015991 0.026107 0.001187 -0.131012
1.041626 0.047363 -0.015503 0.009019 -0.018987 -0.124366
1.035522 0.046631 -0.005737 -0.010206 -0.025870 -0.128401
1.039185 0.047119 -0.005371 -0.014478 -0.012342 -0.117246
1.037598 0.032471 -0.004395 -0.009968 0.008544 -0.106803
1.049194 0.024170 -0.007446 0.000237 0.038212 -0.093512
1.062134 0.017334 -0.013306 0.005934 0.072151 -0.076424
1.066528 0.014282 -0.012329 0.002611 0.099920 -0.085680
1.065674 0.013184 -0.001709 -0.002136 0.107515 -0.087816
1.062622 0.008911 0.009766 -0.009256 0.095173 -0.095173
1.063110 0.013184 0.010742 -0.022310 0.073575 -0.097547
1.063721 0.016724 0.014771 -0.042484 0.054114 -0.079984
1.056396 0.025513 0.022095 -0.060047 0.057436 -0.079509
1.061401 0.015747 0.015991 -0.083781 0.075237 -0.062420
1.067139 0.026489 0.025513 -0.107040 0.109414 -0.050553
1.068848 0.040283 0.031616 -0.102768 0.131012 -0.059810
1.063721 0.041870 0.039795 -0.081882 0.133385 -0.054114
1.051147 0.039429 0.052979 -0.042484 0.120806 -0.050791
1.046631 0.041260 0.046753 -0.010918 0.101344 -0.046044
1.052612 0.040649 0.059326 0.023022 0.093512 -0.030380
1.068359 0.032715 0.051636 0.073813 0.045332 0.033228
1.078003 0.035156 0.033569 0.103243 0.001424 0.089952
1.084595 0.043335 0.024780 0.110838 -0.015427 0.083069
1.102905 0.035522 0.022705 0.102768 0.000949 0.058386
1.101318 0.034790 0.018433 0.093512 -0.009256 0.060284
1.120239 0.034180 -0.001587 0.088765 -0.028718 0.042721
1.095581 0.039673 -0.000854 0.091851 -0.044145 0.045095
1.115356 0.039307 -0.011230 0.074525 -0.045569 0.008307
1.093140 0.038940 -0.008789 0.054351 -0.054588 -0.007595
1.090820 0.040405 0.000854 0.034652 -0.056724 -0.023734
1.086792 0.037720 0.014160 0.011867 -0.049604 -0.034414
1.090576 0.034790 0.021484 0.007358 -0.039873 -0.034652
1.090698 0.034058 0.028931 0.011867 -0.033702 -0.039398
1.094604 0.034668 0.033325 0.020886 -0.028006 -0.045095
1.095825 0.035034 0.035034 0.030854 -0.025158 -0.049367
1.097534 0.034546 0.022583 0.042009 -0.033702 -0.069541
1.088013 0.038330 0.014648 0.054351 -0.043196 -0.084968
1.082153 0.038818 0.006470 0.059335 -0.047231 -0.092563
1.078125 0.037231 -0.006592 0.058623 -0.056250 -0.101344
1.080078 0.036133 -0.016235 0.043433 -0.064557 -0.104430
1.070435 0.038330 -0.021362 0.017326 -0.059572 -0.119857
1.065552 0.030762 -0.011353 -0.005934 -0.039161 -0.115822
1.064819 0.029785 -0.007568 -0.008544 -0.006883 -0.099683
1.068726 0.035767 0.002808 0.001661 0.024921 -0.098259
1.069214 0.040649 0.003906 0.020886 0.037025 -0.088291
1.058472 0.036621 0.008301 0.050791 0.019462 -0.087579
1.054810 0.039429 0.000610 0.050316 0.040585 -0.071202
1.057861 0.031860 0.001831 0.040823 0.036076 -0.065743
1.061768 0.038574 -0.002197 0.028006 0.032278 -0.069778
1.068359 0.033936 0.010132 0.010206 0.018513 -0.055063
1.066650 0.038696 0.018921 0.008782 0.001661 -0.060522
1.063232 0.041382 0.016846 0.015664 0.001661 -0.075000
1.057617 0.043457 0.021484 0.020649 0.023497 -0.070727
1.052002 0.047974 0.013184 0.029905 0.048892 -0.072863
1.052856 0.052856 0.018433 0.037500 0.073101 -0.068117
1.062012 0.052856 0.018677 0.033465 0.091851 -0.058386
1.048706 0.053955 0.029663 0.032516 0.096360 -0.051028
1.062256 0.051025 0.027954 0.035838 0.097784 -0.051028
