0.869751 0.481934 -0.077026 0.103480 -2.266837 -0.625629
0.791138 0.335449 -0.096924 0.110601 -2.059639 -0.513842
0.766846 0.356323 -0.128174 0.053876 -1.662094 -0.274365
0.730957 0.399536 -0.189941 -0.002136 -0.620408 -0.015190
0.732666 0.397705 -0.110840 -0.069066 0.425788 0.340346
0.870728 0.416382 -0.063721 -0.171122 1.134724 0.736942
1.003418 0.405518 -0.037231 -0.251106 1.549357 1.025547
1.109009 0.404907 0.002319 -0.275552 1.510671 1.154898
1.165283 0.431152 0.038574 -0.233780 1.253394 1.095325
1.127686 0.448242 0.049805 -0.098971 0.865817 0.849441
1.082031 0.442383 0.043945 0.101107 0.431247 0.498177
1.041016 0.436035 0.049316 0.335124 -0.038686 0.084730
1.012573 0.421143 0.059570 0.568905 -0.448336 -0.327292
1.005859 0.375732 0.049438 0.774679 -0.735518 -0.679031
0.998291 0.302612 0.017456 0.958380 -0.950548 -0.929662
0.959106 0.302734 0.027222 1.130214 -1.041212 -1.046908
0.936279 0.383301 0.013306 1.280688 -0.899994 -1.047620
0.944702 0.462646 -0.017334 1.388678 -0.795802 -0.959092
0.911133 0.482910 -0.060059 1.432111 -0.947462 -0.807906
0.846069 0.459961 -0.119263 1.404580 -1.204739 -0.649363
0.828125 0.438965 -0.184937 1.332428 -1.341922 -0.534728
0.854736 0.434204 -0.233643 1.252682 -1.291131 -0.467086
0.904053 0.445557 -0.268555 1.184565 -1.134249 -0.427450
0.949341 0.448730 -0.299316 1.136623 -0.999677 -0.410599
0.972534 0.420776 -0.334961 1.105531 -0.921830 -0.431010
0.959473 0.395752 -0.395996 1.096749 -0.918270 -0.506484
0.915161 0.361572 -0.480469 1.120009 -1.008934 -0.627765
0.821167 0.334717 -0.644531 1.193347 -1.255055 -0.754267
0.623291 0.419189 -0.968384 1.312966 -1.495718 -0.836387
0.790405 0.446899 -0.906738 1.459168 -1.354976 -0.801735
0.812622 0.315430 -0.934326 1.401020 -1.387966 -0.557750
0.838013 0.257935 -1.107544 1.205451 -1.117873 -0.330378
0.857788 0.269409 -1.227417 0.866529 -1.006560 -0.190584
0.877563 0.266724 -1.311890 0.451184 -0.834251 -0.155933
0.859253 0.231567 -1.408691 0.003085 -0.592401 -0.176344
0.827515 0.212524 -1.454468 -0.453083 -0.444301 -0.191534
0.773193 0.184937 -1.453369 -0.890026 -0.342007 -0.193670
0.734985 0.162231 -1.536865 -1.312729 -0.166138 -0.180141
0.695923 0.111450 -1.512939 -1.715970 -0.082357 -0.133148
0.682739 0.066162 -1.548218 -2.104734 0.112499 -0.046756
0.686279 0.032715 -1.587158 -2.463355 0.129350 0.073338
0.722046 0.011597 -1.587891 -2.762641 0.117721 0.211945
0.857300 0.068604 -1.593506 -3.043652 0.169224 0.334887
0.891968 -0.039917 -1.481812 -3.388270 -0.067642 0.383305
0.894409 -0.128052 -1.247192 -3.841352 -0.189872 0.331564
0.940430 -0.200073 -1.011963 -4.369672 -0.044383 0.248258
0.893677 -0.231689 -0.779785 -4.879953 0.185125 0.161629
0.855103 -0.309082 -0.582642 -5.293638 0.501025 0.126977
0.789063 -0.340210 -0.282227 -5.554712 0.723176 0.118670
0.742920 -0.372925 0.018677 -5.657480 0.964551 0.121518
0.751465 -0.389038 0.288208 -5.556848 0.944140 0.169698
0.823120 -0.351196 0.552490 -5.236676 0.733381 0.258226
0.903442 -0.229980 0.841187 -4.716426 0.228084 0.347941
0.979492 -0.135376 1.045410 -4.057095 -0.446674 0.399918
1.032837 -0.049316 1.186768 -3.306387 -1.189550 0.358146
1.059570 0.035522 1.257568 -2.548560 -1.768185 0.226185
1.050293 0.119385 1.267090 -1.866444 -2.106158 0.062420
1.004883 0.166748 1.241577 -1.325546 -2.205366 -0.056724
0.952148 0.198975 1.197388 -0.949598 -2.076965 -0.091376
0.892700 0.229004 1.135132 -0.708698 -1.710511 -0.047943
0.832153 0.253296 1.069946 -0.551579 -1.234882 0.045569
0.771240 0.284790 1.001709 -0.434570 -0.771119 0.159255
0.705200 0.297852 0.923340 -0.322071 -0.398732 0.260362
0.657104 0.290771 0.848145 -0.187024 -0.197704 0.331327
0.613281 0.286377 0.765259 -0.010443 -0.055775 0.374523
0.570435 0.301758 0.674072 0.210283 -0.006408 0.412260
0.527344 0.305176 0.585571 0.455219 -0.019699 0.454032
0.481812 0.294556 0.491211 0.689948 -0.076424 0.499127
0.456055 0.290161 0.410889 0.882906 -0.165189 0.543509
0.440430 0.287598 0.338135 1.021987 -0.264160 0.586468
0.438721 0.277222 0.264648 1.107430 -0.351976 0.632987
0.448853 0.247803 0.209961 1.144455 -0.407039 0.684964
0.460327 0.222412 0.154419 1.141369 -0.435282 0.745961
0.478149 0.192627 0.114624 1.115025 -0.421754 0.817875
0.489502 0.165161 0.072876 1.074914 -0.354112 0.897384
0.479492 0.147461 0.040039 1.023411 -0.292166 0.980927
0.474121 0.131348 0.022217 0.952209 -0.243511 1.068743
0.465088 0.117188 0.016724 0.847542 -0.206723 1.164629
0.453369 0.116577 0.031250 0.698492 -0.155933 1.271195
0.430054 0.118164 0.053467 0.513367 -0.047468 1.379896
0.412476 0.103516 0.066895 0.333463 0.156170 1.485988
0.395264 0.067383 0.080444 0.208147 0.347466 1.579025
0.364990 0.015747 0.086426 0.165901 0.426738 1.645005
0.313354 -0.045532 0.069702 0.211233 0.404428 1.690338
0.252075 -0.104858 0.015747 0.340583 0.307830 1.722141
0.206909 -0.190430 -0.047241 0.542323 0.110601 1.766286
0.232300 -0.283813 -0.128418 0.795327 -0.148575 1.851966
0.379395 -0.357910 -0.178345 1.067319 -0.340821 2.023326
0.625366 -0.379517 -0.147705 1.325071 -0.422228 2.321663
0.912720 -0.311157 -0.143555 1.521351 -0.171834 2.753147
1.171753 -0.194580 -0.151123 1.645480 0.064319 3.303540
1.343262 -0.098389 -0.192627 1.693423 0.004984 3.898314
1.400879 -0.031860 -0.281494 1.695559 -0.314239 4.404324
1.576294 -0.059937 -0.377930 1.668265 -0.421754 4.632170
1.873779 -0.074463 -0.391357 1.560512 -0.288131 4.533199
2.163452 -0.089478 -0.398193 1.298014 -0.192958 4.222521
2.377930 -0.103882 -0.398682 0.900706 -0.107752 3.764454
2.515747 -0.104858 -0.392334 0.452608 0.148812 3.210502
2.553345 -0.075317 -0.352905 0.052452 0.626578 2.616202
2.502808 -0.045288 -0.306885 -0.227847 1.177920 2.038041
2.404419 -0.032471 -0.262573 -0.367403 1.629104 1.534642
2.310181 -0.049561 -0.224854 -0.393748 1.841523 1.134487
2.212402 -0.079956 -0.182861 -0.354349 1.866681 0.822384
2.108887 -0.072510 -0.140625 -0.291691 1.840337 0.569142
1.986206 -0.049805 -0.106812 -0.205774 1.848169 0.329666
1.839600 -0.027832 -0.082031 -0.088528 1.804973 0.073101
1.699463 -0.015869 -0.066650 0.056724 1.657347 -0.201502
1.568237 -0.016479 -0.043335 0.213606 1.447301 -0.481563
1.479614 -0.023926 -0.028198 0.360520 1.246274 -0.750707
1.419067 -0.024536 -0.011719 0.481326 1.080610 -0.990896
1.432007 0.002075 0.032471 0.568905 1.047145 -1.199755
1.377075 0.025635 0.086792 0.639395 1.255293 -1.381320
1.337524 -0.040649 0.127686 0.720565 1.070879 -1.555291
1.353760 -0.113281 0.084106 0.829267 0.765185 -1.717157
1.340332 -0.129150 0.016968 0.969772 0.575313 -1.815416
1.294312 -0.123291 -0.023682 1.100547 0.509570 -1.826808
1.236694 -0.102051 -0.049683 1.170088 0.596199 -1.776967
1.205688 -0.074951 -0.062256 1.161306 0.671198 -1.697220
1.192627 -0.040039 -0.070679 1.067794 0.636547 -1.611778
1.195435 -0.028076 -0.070313 0.918507 0.605455 -1.552917
1.223633 -0.023438 -0.036011 0.748571 0.550392 -1.523962
1.263184 -0.017334 0.018799 0.579110 0.467560 -1.515655
1.293701 -0.000854 0.070313 0.431010 0.399918 -1.520402
1.296753 0.022827 0.102661 0.328004 0.434095 -1.542949
1.292114 0.018799 0.127563 0.277451 0.558224 -1.589943
1.253174 -0.004761 0.143066 0.268195 0.679268 -1.645955
1.190430 -0.006958 0.122192 0.288131 0.815264 -1.705053
1.113770 -0.004150 0.114380 0.327767 0.861783 -1.763913
1.039063 0.000732 0.105347 0.374048 0.830454 -1.817789
0.984863 0.010620 0.083984 0.430535 0.736942 -1.856713
0.936646 0.024292 0.072632 0.497940 0.535677 -1.869055
0.900269 0.042847 0.053101 0.569617 0.249207 -1.857900
0.875366 0.053467 0.024170 0.631088 -0.100158 -1.841286
0.846680 0.062134 0.013306 0.658382 -0.469222 -1.826334
0.816040 0.060303 0.014771 0.632512 -0.746673 -1.811381
0.773071 0.064941 0.032837 0.557275 -0.840422 -1.794767
0.756470 0.084351 0.039429 0.453557 -0.738603 -1.776017
0.743408 0.095337 0.044434 0.343431 -0.582433 -1.747299
0.717896 0.084717 0.041138 0.239951 -0.464712 -1.703866
0.607422 0.026123 0.083008 0.152847 -0.405140 -1.638835
0.566406 0.080444 0.106323 0.095411 -0.650550 -1.544611
0.616455 0.148315 0.050659 0.090427 -0.778001 -1.410039
0.660767 0.191650 0.037720 0.146202 -0.623730 -1.241052
0.648804 0.212402 0.028931 0.201502 -0.456880 -1.040974
0.627075 0.213379 0.022949 0.199366 -0.314239 -0.854188
0.630737 0.202271 0.037354 0.129350 -0.227372 -0.718904
0.644653 0.194458 0.053711 0.018275 -0.250157 -0.622069
0.677490 0.220581 0.070190 -0.086867 -0.268432 -0.539000
0.699707 0.235596 0.079590 -0.148100 -0.157831 -0.439317
0.739136 0.271851 0.102905 -0.152847 0.040823 -0.322545
