0.721802 0.636108 -0.282593 0.123654 0.285283 -0.059810
0.679077 0.654785 -0.329834 0.136471 0.276027 -0.028006
0.664917 0.662598 -0.368042 0.109414 0.216454 0.034414
0.681519 0.752075 -0.433594 0.060047 0.029193 0.129113
0.749634 0.619995 -0.451782 -0.096360 -0.111313 0.207198
0.730835 0.718994 -0.375732 -0.261786 -0.135759 0.139556
0.750244 0.679443 -0.373291 -0.296913 -0.161629 0.151423
0.727905 0.694946 -0.373291 -0.361232 -0.157357 0.146914
0.670166 0.728882 -0.383789 -0.414159 -0.057199 0.209809
0.704102 0.596436 -0.434570 -0.483700 0.069541 0.351976
0.711182 0.622925 -0.295410 -0.575076 0.251818 0.389475
0.759888 0.638794 -0.239502 -0.485124 0.225473 0.418194
0.793701 0.605469 -0.235107 -0.344618 0.137895 0.400156
0.798584 0.609863 -0.223267 -0.231169 0.072389 0.318273
0.810425 0.610474 -0.228760 -0.122468 0.002373 0.216217
0.808838 0.608643 -0.250854 -0.041535 -0.076186 0.112499
0.788696 0.611938 -0.246826 -0.002373 -0.077136 0.018987
0.779785 0.613037 -0.232300 0.033702 -0.034652 -0.047705
0.748413 0.617554 -0.247437 0.065981 -0.008544 -0.086155
0.715088 0.614136 -0.244507 0.078560 0.044620 -0.079984
0.709595 0.621704 -0.253174 0.098734 0.084018 -0.050316
0.714478 0.635010 -0.265869 0.112262 0.084968 -0.009731
0.739258 0.635010 -0.271240 0.109177 0.099683 0.032516
0.758179 0.638550 -0.278931 0.107752 0.124366 0.044620
0.733154 0.637329 -0.289917 0.103718 0.140980 0.027057
0.657349 0.627319 -0.292358 0.097072 0.127452 0.035364
0.661865 0.622803 -0.277466 0.116771 0.075237 0.112974
0.736816 0.626831 -0.274780 0.158781 0.030617 0.183939
0.766479 0.630249 -0.276855 0.202451 0.017801 0.173970
0.748901 0.634766 -0.286255 0.247071 0.000475 0.130062
0.734863 0.625977 -0.309814 0.297625 -0.054114 0.109177
0.741333 0.624878 -0.345459 0.352450 -0.117958 0.094936
0.760132 0.641113 -0.387207 0.408937 -0.159730 0.068591
0.770630 0.661499 -0.462646 0.457592 -0.168512 0.034177
0.759277 0.687744 -0.558350 0.477529 -0.169224 0.001899
0.768188 0.728149 -0.666504 0.462576 -0.182752 -0.019699
0.758789 0.766602 -0.772217 0.396833 -0.198416 -0.040348
0.731812 0.797852 -0.851440 0.276976 -0.207198 -0.042959
0.731323 0.807129 -0.927856 0.133623 -0.210521 -0.010206
0.723267 0.823608 -1.005859 -0.001899 -0.239476 0.010680
0.724365 0.826294 -1.106323 -0.166850 -0.199366 0.051740
0.749268 0.798462 -1.185181 -0.404903 -0.085205 0.131724
0.774902 0.776245 -1.209961 -0.700391 0.047943 0.204825
0.792114 0.766968 -1.207886 -0.978317 0.120806 0.224524
0.819702 0.763428 -1.223389 -1.207825 0.104904 0.186549
0.813843 0.759033 -1.226196 -1.425703 0.041297 0.098022
0.799683 0.739746 -1.215820 -1.668502 -0.059335 0.002373
0.796509 0.706421 -1.157837 -1.936222 -0.199366 -0.085917
0.789673 0.664673 -1.085205 -2.205366 -0.306406 -0.160442
0.796021 0.602539 -0.980469 -2.454811 -0.423890 -0.203401
0.795532 0.541748 -0.837646 -2.684793 -0.464475 -0.201027
0.783813 0.463013 -0.669922 -2.868257 -0.427925 -0.165426
0.775757 0.403931 -0.508545 -2.985741 -0.402766 -0.119145
0.766724 0.349121 -0.328125 -3.039854 -0.385203 -0.070727
0.775269 0.310425 -0.169678 -3.031785 -0.421042 -0.037262
0.792114 0.297852 -0.037720 -2.939697 -0.520962 -0.034177
0.800293 0.298340 0.041992 -2.772135 -0.647227 -0.067642
0.782593 0.290161 0.090210 -2.596265 -0.751419 -0.116771
0.769531 0.276367 0.147583 -2.464304 -0.853238 -0.154983
0.762329 0.276367 0.216553 -2.359874 -0.968586 -0.173496
0.755615 0.270874 0.282104 -2.255207 -1.080610 -0.174445
0.748535 0.272827 0.362183 -2.146031 -1.165103 -0.170410
0.747437 0.270996 0.428223 -2.019054 -1.222065 -0.162578
0.738037 0.278076 0.486816 -1.852204 -1.249834 -0.153797
0.710327 0.288086 0.521729 -1.655211 -1.254343 -0.141217
0.689453 0.286499 0.552368 -1.458693 -1.231084 -0.112262
0.666016 0.286499 0.571167 -1.263125 -1.178395 -0.071914
0.639404 0.281494 0.596558 -1.069930 -1.095563 -0.021835
0.600586 0.283325 0.601318 -0.858222 -1.041449 0.025633
0.570557 0.307861 0.577393 -0.604743 -1.049519 0.056012
0.534790 0.338745 0.509277 -0.330852 -1.084170 0.076186
0.501587 0.369385 0.424072 -0.099920 -1.104582 0.113923
0.474854 0.397583 0.350708 0.055300 -1.091291 0.184413
0.451782 0.407227 0.297241 0.142167 -1.039313 0.269144
0.434937 0.406006 0.255005 0.173970 -0.972383 0.363131
0.438110 0.409058 0.226563 0.188686 -0.921355 0.458067
0.434082 0.415405 0.179077 0.219540 -0.900944 0.523810
0.416992 0.418091 0.120850 0.273179 -0.909963 0.559648
0.394409 0.416504 0.063477 0.335362 -0.957193 0.583620
0.365112 0.407104 -0.006470 0.376184 -1.013206 0.614711
0.324341 0.400635 -0.064575 0.391611 -1.092952 0.658145
0.288452 0.405518 -0.106323 0.382830 -1.181717 0.723413
0.279907 0.413208 -0.131714 0.333463 -1.208062 0.840897
0.279419 0.413574 -0.139038 0.243511 -1.130926 1.030769
0.296753 0.407471 -0.143677 0.154034 -0.956007 1.275941
0.322632 0.402588 -0.147339 0.079272 -0.734806 1.531557
0.343262 0.389526 -0.146240 0.022073 -0.561072 1.764150
0.364624 0.386597 -0.138672 -0.000237 -0.481089 1.949038
0.387573 0.366821 -0.144897 -0.009968 -0.478478 2.086696
0.435303 0.311035 -0.137817 -0.036313 -0.543509 2.198483
0.533691 0.248901 -0.143677 -0.038924 -0.689948 2.309084
0.691406 0.200195 -0.175415 0.021835 -0.829267 2.432026
0.878784 0.188477 -0.230713 0.131012 -0.908539 2.561139
1.083740 0.196655 -0.306396 0.242087 -0.922542 2.640885
1.286011 0.208618 -0.373291 0.312102 -0.958855 2.615252
1.465942 0.229858 -0.421387 0.326818 -1.035753 2.458371
1.629517 0.252075 -0.453003 0.306881 -1.112177 2.184717
1.735352 0.257446 -0.455322 0.261549 -1.132113 1.840337
1.776978 0.259277 -0.449341 0.224049 -1.073965 1.508298
1.775024 0.273438 -0.438477 0.244935 -0.963602 1.239391
1.747803 0.302856 -0.442749 0.309729 -0.795090 1.034092
1.712891 0.328735 -0.457153 0.362181 -0.574601 0.884567
1.648804 0.355347 -0.471558 0.391137 -0.348890 0.765422
1.574097 0.383179 -0.477051 0.393510 -0.149050 0.652923
1.496826 0.396240 -0.487915 0.367165 -0.009019 0.535914
1.423218 0.402832 -0.482788 0.318985 0.053164 0.413684
1.340332 0.406006 -0.482300 0.271517 0.045332 0.295251
1.263550 0.403076 -0.466553 0.234730 0.018038 0.193432
1.206055 0.400757 -0.444702 0.195806 -0.003085 0.122705
1.155518 0.392456 -0.427124 0.160205 -0.005934 0.078085
1.118164 0.389282 -0.415283 0.143828 0.013528 0.058386
1.083984 0.376221 -0.411987 0.143116 0.064082 0.060759
1.061279 0.377686 -0.422119 0.150474 0.115822 0.078560
1.050415 0.380005 -0.435425 0.160679 0.168986 0.102531
1.037720 0.383911 -0.448730 0.154983 0.220489 0.119620
1.027954 0.385376 -0.456177 0.123892 0.247783 0.124841
1.028320 0.384277 -0.464722 0.084018 0.232119 0.112262
1.016846 0.374023 -0.462280 0.036076 0.201502 0.084730
1.008667 0.354004 -0.449951 -0.028243 0.176819 0.055538
1.004517 0.339600 -0.420410 -0.093512 0.154034 0.034177
1.005859 0.320435 -0.392090 -0.132911 0.158069 0.018750
0.996826 0.295044 -0.366821 -0.144066 0.184176 0.009019
0.986938 0.285645 -0.345459 -0.138369 0.205774 0.003797
0.979858 0.277222 -0.334595 -0.119857 0.221676 -0.004272
0.976440 0.270142 -0.331909 -0.096835 0.232356 -0.015190
0.966675 0.263916 -0.328369 -0.071202 0.229508 -0.031329
0.951416 0.260376 -0.337769 -0.047943 0.215980 -0.047943
0.939575 0.255493 -0.336792 -0.034414 0.192720 -0.063607
0.932739 0.248535 -0.338989 -0.032990 0.165664 -0.069541
0.927490 0.251221 -0.337646 -0.031329 0.140031 -0.060996
0.930420 0.251953 -0.329956 -0.030617 0.126977 -0.046044
0.934204 0.251831 -0.331299 -0.034414 0.121281 -0.031092
0.939087 0.250488 -0.319214 -0.032041 0.120094 -0.019937
0.935425 0.253540 -0.316528 -0.018038 0.114873 -0.014715
0.928345 0.255005 -0.322510 -0.001424 0.101107 -0.013528
0.934814 0.258911 -0.327637 0.009494 0.085917 -0.010206
0.940918 0.260620 -0.335938 0.017089 0.078322 -0.006408
0.949219 0.259888 -0.344727 0.020411 0.080933 0.000475
0.951904 0.261841 -0.356201 0.016139 0.082832 0.000475
0.963867 0.264038 -0.355103 0.003323 0.083544 -0.008070
0.963501 0.264893 -0.347290 -0.011867 0.077136 -0.025633
0.954834 0.259888 -0.337280 -0.018038 0.055300 -0.046993
0.949341 0.263550 -0.335083 -0.011630 0.029193 -0.061471
0.947876 0.260620 -0.335815 -0.000949 0.011392 -0.065269
0.942993 0.264771 -0.338989 0.004984 -0.002136 -0.064794
0.934814 0.268799 -0.346680 0.009019 -0.019225 -0.064082
0.928833 0.269897 -0.343750 0.007120 -0.037737 -0.063845
0.932251 0.273438 -0.337769 -0.002373 -0.059335 -0.064082
0.929443 0.273438 -0.338135 -0.010443 -0.066218 -0.062183
0.927856 0.271362 -0.330811 -0.013766 -0.062183 -0.055300
