0.478149 0.674316 -0.429321 -0.155221 -0.007832 -0.100870
0.713135 0.591187 -0.397705 -0.157119 0.022310 0.060996
0.657349 0.634277 -0.431396 -0.130062 -0.203875 0.074288
0.495728 0.621704 -0.554199 -0.156645 -0.014003 0.161866
0.541748 0.670654 -0.386108 -0.245885 0.459728 0.447624
0.736328 0.648315 -0.424683 -0.168274 0.231881 0.714394
0.882324 0.639282 -0.491211 -0.161629 0.022547 0.725549
0.932251 0.649414 -0.501343 -0.223812 0.127689 0.585044
0.905029 0.649170 -0.482056 -0.243748 0.243274 0.366453
0.857422 0.644287 -0.493896 -0.230695 0.221201 0.138369
0.794189 0.629150 -0.507446 -0.230932 0.169461 -0.010206
0.769653 0.614868 -0.504028 -0.251581 0.227135 -0.036788
0.740112 0.570435 -0.475708 -0.263448 0.323969 0.005934
0.664917 0.548950 -0.478760 -0.193907 0.276501 0.045807
0.628418 0.594849 -0.509888 -0.055300 0.109651 0.110601
0.672363 0.643921 -0.552979 0.060047 -0.028718 0.217404
0.740723 0.672241 -0.602783 0.106803 -0.126265 0.299523
0.810425 0.711670 -0.692749 0.092088 -0.207198 0.310441
0.792236 0.736694 -0.812134 0.005696 -0.244460 0.258938
0.704956 0.770874 -0.885986 -0.142642 -0.253954 0.239002
0.744873 0.790894 -0.928589 -0.339397 -0.050316 0.332751
0.825073 0.789307 -0.935059 -0.563446 0.140743 0.430773
0.859131 0.781250 -0.963379 -0.771119 0.119620 0.459965
0.872803 0.755127 -0.995850 -0.948886 0.090901 0.424839
0.880371 0.734375 -1.044312 -1.075151 0.051028 0.362419
0.927246 0.739868 -1.105347 -1.160119 -0.044383 0.288131
0.958618 0.746826 -1.155518 -1.275229 -0.089240 0.202214
0.955322 0.734375 -1.188965 -1.480766 0.023734 0.123892
0.925171 0.686523 -1.164063 -1.776729 0.156170 0.065743
0.902466 0.626709 -1.100830 -2.116363 0.230695 0.043433
0.912842 0.550903 -1.017822 -2.433213 0.258938 0.061708
0.899658 0.492188 -0.929565 -2.702119 0.259413 0.062183
0.918701 0.433350 -0.805908 -2.921896 0.114398 -0.018987
0.914307 0.372070 -0.653687 -3.106547 -0.163527 -0.189398
0.884521 0.278198 -0.456665 -3.275771 -0.384729 -0.337973
0.867676 0.206055 -0.259277 -3.367859 -0.491532 -0.404903
0.860962 0.175293 -0.111084 -3.334394 -0.578161 -0.423178
0.842285 0.131714 0.024292 -3.248714 -0.585993 -0.418668
0.807861 0.089111 0.150879 -3.175850 -0.518351 -0.378795
0.776978 0.062256 0.278320 -3.086848 -0.448810 -0.305932
0.746948 0.056763 0.413940 -2.948953 -0.397782 -0.233543
0.733032 0.049194 0.517212 -2.751723 -0.388763 -0.169461
0.714600 0.035156 0.599609 -2.525301 -0.412972 -0.129113
0.692871 0.028809 0.685669 -2.300539 -0.430535 -0.107278
0.672852 0.025635 0.758057 -2.054180 -0.463051 -0.093749
0.651733 0.040161 0.810913 -1.753470 -0.551816 -0.093987
0.624878 0.064697 0.821045 -1.410751 -0.667401 -0.108939
0.591675 0.098511 0.792725 -1.046908 -0.784410 -0.132436
0.554199 0.138184 0.720581 -0.687575 -0.900706 -0.154509
0.516846 0.178467 0.629395 -0.371438 -1.030769 -0.165426
0.480835 0.216187 0.535034 -0.127926 -1.152999 -0.156645
0.443970 0.251343 0.463867 0.045095 -1.258853 -0.134097
0.411621 0.290039 0.403198 0.171360 -1.328868 -0.093037
0.397217 0.320313 0.329346 0.259888 -1.357586 -0.017801
0.378418 0.344971 0.264526 0.296675 -1.348093 0.093275
0.378906 0.359985 0.214111 0.283147 -1.271195 0.233305
0.388550 0.374878 0.177368 0.259176 -1.182667 0.369776
0.396362 0.384521 0.126953 0.253717 -1.121907 0.475393
0.398438 0.383789 0.090576 0.264397 -1.091528 0.546595
0.394531 0.381226 0.050781 0.273416 -1.088443 0.599522
0.376831 0.375366 0.013916 0.281011 -1.118110 0.644379
0.359619 0.388428 -0.022949 0.292641 -1.174360 0.686863
0.347656 0.397949 -0.054932 0.298574 -1.234644 0.735280
0.343140 0.393677 -0.087036 0.282672 -1.255293 0.820011
0.352661 0.382324 -0.110229 0.240188 -1.159170 0.974519
0.361084 0.374390 -0.131714 0.193670 -0.992082 1.181005
0.375366 0.374756 -0.157227 0.156882 -0.815027 1.397934
0.394531 0.380127 -0.173828 0.117246 -0.672622 1.584484
0.412964 0.370850 -0.177734 0.074050 -0.623493 1.721666
0.422974 0.334229 -0.165405 0.018987 -0.670961 1.799514
0.465698 0.315430 -0.151978 -0.031329 -0.824520 1.862647
0.545654 0.292847 -0.175293 0.007358 -1.044772 1.941206
0.641235 0.250488 -0.239502 0.107515 -1.150151 2.063674
0.745850 0.224609 -0.294800 0.169698 -1.087731 2.234084
0.886108 0.208496 -0.331177 0.156882 -0.969298 2.409241
1.029297 0.187500 -0.324219 0.100632 -0.910437 2.498244
1.195557 0.191528 -0.302856 0.079034 -0.999677 2.435586
1.300049 0.167480 -0.357178 0.181565 -1.319375 2.240018
1.472534 0.171509 -0.435669 0.341295 -1.373251 2.071981
1.649658 0.193359 -0.507446 0.455693 -1.274280 1.963753
1.747070 0.228027 -0.573853 0.464238 -1.203553 1.841049
1.789795 0.265747 -0.608521 0.395884 -0.994693 1.686303
1.803833 0.300293 -0.606934 0.311628 -0.754505 1.510908
1.797974 0.329712 -0.604858 0.254903 -0.574363 1.328156
1.768066 0.344360 -0.607544 0.200315 -0.428637 1.143505
1.724854 0.360229 -0.592407 0.139319 -0.265821 0.962652
1.676025 0.360229 -0.566895 0.087104 -0.159967 0.780850
1.607910 0.355713 -0.546143 0.050079 -0.137657 0.604031
1.542847 0.337891 -0.522461 0.023734 -0.101344 0.451421
1.479858 0.324585 -0.499878 0.004747 -0.042247 0.326818
1.416870 0.314819 -0.486084 -0.021361 0.050316 0.233305
1.342651 0.309814 -0.469238 -0.044383 0.151898 0.166138
1.267334 0.302246 -0.451050 -0.060047 0.226660 0.112737
1.212524 0.296387 -0.432373 -0.074525 0.254191 0.066455
1.177124 0.291504 -0.408936 -0.086867 0.240900 0.025633
1.141724 0.281860 -0.397949 -0.076661 0.214318 -0.008544
1.109863 0.276367 -0.388916 -0.050079 0.197230 -0.036313
1.087280 0.277832 -0.392944 -0.020411 0.189872 -0.052215
1.069336 0.280884 -0.395874 0.000000 0.195806 -0.058623
1.058960 0.275024 -0.407959 -0.007595 0.212894 -0.055063
1.054565 0.269165 -0.394287 -0.037500 0.229271 -0.051503
1.051880 0.259644 -0.369995 -0.070015 0.250394 -0.061946
1.045532 0.244019 -0.357056 -0.083544 0.268432 -0.081408
1.031250 0.232300 -0.352295 -0.076424 0.259650 -0.112262
1.017944 0.229614 -0.339722 -0.060522 0.222151 -0.155695
1.006104 0.214844 -0.331299 -0.046519 0.186549 -0.195094
0.995728 0.204224 -0.317505 -0.037974 0.170173 -0.224761
0.976318 0.193848 -0.310303 -0.030617 0.167800 -0.239951
0.952881 0.187988 -0.304321 -0.017089 0.175394 -0.238290
0.946411 0.183350 -0.299927 -0.000949 0.187024 -0.223100
0.938354 0.186523 -0.299438 0.014003 0.192008 -0.206011
0.925659 0.185547 -0.299805 0.025870 0.192483 -0.189872
0.911499 0.184448 -0.302612 0.037262 0.197704 -0.169461
0.906372 0.184204 -0.300903 0.038924 0.210521 -0.140031
0.902344 0.186768 -0.300049 0.038212 0.231644 -0.107278
0.895874 0.192627 -0.294678 0.040111 0.253479 -0.081645
0.893433 0.197266 -0.294189 0.038212 0.260125 -0.065743
0.890137 0.203247 -0.287842 0.041772 0.255853 -0.052690
0.888550 0.204346 -0.294434 0.055538 0.246597 -0.041535
0.880737 0.208862 -0.300659 0.063133 0.229271 -0.036076
0.882690 0.213013 -0.306885 0.059572 0.207910 -0.030854
0.881592 0.212036 -0.307861 0.049604 0.185837 -0.021123
0.881958 0.212524 -0.304810 0.036076 0.156645 -0.011630
0.884766 0.210571 -0.308838 0.019462 0.121281 0.003797
0.893799 0.207397 -0.301025 0.009968 0.084493 0.023497
0.914795 0.209717 -0.298950 0.012579 0.053876 0.039873
0.925659 0.213379 -0.307007 0.022073 0.027531 0.047943
0.937866 0.211792 -0.311035 0.029905 0.004984 0.047231
0.951538 0.211792 -0.323608 0.029193 -0.016376 0.042009
0.963257 0.209106 -0.320435 0.025633 -0.035126 0.030380
0.969238 0.206909 -0.320435 0.024683 -0.056012 0.012579
0.977295 0.212402 -0.319824 0.030142 -0.080221 -0.005934
0.982300 0.214722 -0.329834 0.040585 -0.092325 -0.022547
0.980591 0.221069 -0.333496 0.049129 -0.096360 -0.036788
0.974976 0.220337 -0.335449 0.052927 -0.097784 -0.045807
0.968994 0.222412 -0.344849 0.052927 -0.102531 -0.050553
0.967773 0.227539 -0.348022 0.047943 -0.107990 -0.054351
0.964722 0.230713 -0.352295 0.041772 -0.106803 -0.053876
0.958496 0.236328 -0.351440 0.033228 -0.104430 -0.052690
0.955688 0.235962 -0.352661 0.024446 -0.104192 -0.050079
0.955322 0.236450 -0.357300 0.015190 -0.107515 -0.047231
0.952026 0.236084 -0.344727 0.000000 -0.114398 -0.044383
0.950806 0.234741 -0.337036 -0.012816 -0.121518 -0.046519
0.951294 0.231201 -0.332642 -0.013766 -0.124129 -0.050553
0.949707 0.230713 -0.335205 -0.005221 -0.124129 -0.050553
0.938477 0.233032 -0.336914 0.003560 -0.124129 -0.049129
0.928467 0.230713 -0.341553 0.005221 -0.118195 -0.042009
0.926880 0.231323 -0.342896 -0.001899 -0.115822 -0.029905
0.929565 0.229370 -0.337036 -0.009968 -0.113211 -0.018275
0.930298 0.222778 -0.331421 -0.016851 -0.110363 -0.007595
