0.523193 0.678711 -0.223877 0.271517 0.807906 0.186787
0.628906 0.676880 -0.289917 0.434333 0.702053 0.327767
0.749756 0.710693 -0.394165 0.497228 0.622069 0.373574
0.781128 0.760376 -0.463989 0.416295 0.604031 0.295963
0.755493 0.740845 -0.426758 0.248970 0.591215 0.138132
0.737671 0.707275 -0.415527 0.147863 0.581484 -0.016376
0.678223 0.564697 -0.439331 0.109651 0.648651 -0.103480
0.607666 0.685303 -0.325684 0.106803 0.815739 -0.210996
0.528809 0.780884 -0.293335 0.187736 0.827606 -0.188211
0.616699 0.728882 -0.330078 0.294539 0.464475 0.023971
0.717285 0.691162 -0.361572 0.365029 0.115585 0.100158
0.744385 0.707764 -0.418335 0.401580 -0.002611 0.059098
0.730957 0.712280 -0.482788 0.384966 0.029193 0.021123
0.736816 0.702515 -0.532593 0.330852 0.079509 0.006408
0.747559 0.691406 -0.573730 0.279350 0.094699 -0.007595
0.758179 0.676147 -0.646851 0.256328 0.062895 -0.000475
0.757690 0.664795 -0.790161 0.258464 -0.036550 0.047705
0.799561 0.650024 -1.001953 0.252530 -0.194856 0.115585
0.898682 0.642334 -1.209229 0.219302 -0.390662 0.181803
1.022339 0.649658 -1.448853 0.108939 -0.646515 0.178243
1.101196 0.659546 -1.660278 -0.138132 -0.787732 0.067405
1.057007 0.626831 -1.800659 -0.559411 -0.643904 -0.096360
0.950073 0.620483 -1.822266 -1.086306 -0.429586 -0.235204
0.850098 0.624268 -1.760376 -1.659721 -0.197230 -0.291454
0.788696 0.589478 -1.655884 -2.203942 0.018750 -0.272229
0.745117 0.549316 -1.526855 -2.686692 0.328954 -0.226660
0.770142 0.521851 -1.365479 -3.064300 0.315425 -0.175394
0.863037 0.456665 -1.236328 -3.370707 0.104192 -0.127452
0.878906 0.375000 -1.052734 -3.668569 0.192483 -0.150474
0.857300 0.379028 -0.748169 -3.967855 0.506009 -0.248258
0.849121 0.397461 -0.353882 -4.223708 0.734331 -0.413209
0.774048 0.336914 0.007324 -4.336444 0.793191 -0.679980
0.659546 0.308105 0.312256 -4.242932 0.664553 -0.966924
0.499878 0.319336 0.556030 -4.013424 0.389001 -1.203553
0.343994 0.319214 0.782471 -3.748553 0.198891 -1.371590
0.235718 0.323364 0.970215 -3.434551 -0.045332 -1.420956
0.178589 0.337524 1.093018 -3.060978 -0.238527 -1.338125
0.141479 0.334473 1.164307 -2.666044 -0.311153 -1.117873
0.120972 0.353271 1.195435 -2.252359 -0.240900 -0.817400
0.118042 0.400757 1.179932 -1.828707 -0.164477 -0.498177
0.180176 0.451294 1.137207 -1.420956 -0.154746 -0.169224
0.275879 0.509399 1.050171 -1.054028 -0.107990 0.124604
0.369385 0.570435 0.968994 -0.760676 0.006883 0.298574
0.455444 0.622192 0.886108 -0.515028 0.106803 0.334412
0.457031 0.669067 0.792847 -0.288368 0.109177 0.272704
0.449219 0.721680 0.691895 -0.092563 0.041772 0.189872
0.457397 0.750488 0.612671 0.066455 -0.058148 0.119857
0.454590 0.758423 0.513550 0.192008 -0.169936 0.036550
0.406250 0.767944 0.432129 0.265821 -0.163527 -0.036550
0.378052 0.787842 0.353271 0.299761 -0.242324 -0.021361
0.381348 0.807373 0.295044 0.296201 -0.322071 0.043433
0.420044 0.830933 0.271851 0.267720 -0.332751 0.118433
0.458740 0.856079 0.242920 0.245173 -0.287656 0.163290
0.476563 0.867188 0.194092 0.233305 -0.253242 0.170885
0.471924 0.863892 0.151001 0.199603 -0.186075 0.151423
0.443726 0.842896 0.132813 0.148100 -0.082357 0.124841
0.392212 0.828369 0.122925 0.103480 0.012104 0.114398
0.346313 0.813477 0.120483 0.073338 0.024921 0.121281
0.313232 0.773560 0.123901 0.046993 -0.003797 0.153559
0.255493 0.740112 0.137695 0.026819 -0.040111 0.200078
0.222168 0.717896 0.160034 0.005696 -0.075712 0.279112
0.185791 0.679077 0.199585 -0.007832 -0.067405 0.384017
0.154297 0.659180 0.254028 0.018038 -0.067879 0.478478
0.110596 0.619507 0.279785 0.074525 -0.091613 0.572939
0.041016 0.573364 0.305664 0.143591 -0.116297 0.679031
-0.017334 0.540283 0.337402 0.231169 -0.190822 0.815739
-0.078735 0.492676 0.348877 0.345330 -0.282910 1.013680
-0.079590 0.461426 0.356934 0.471832 -0.390899 1.271669
-0.071655 0.414185 0.354858 0.623018 -0.505060 1.535829
-0.035400 0.395020 0.359009 0.808856 -0.614474 1.801887
0.042358 0.368042 0.321411 1.043348 -0.764948 2.076727
0.127563 0.339355 0.261475 1.305609 -0.863207 2.326410
0.288696 0.332764 0.173950 1.552917 -0.949361 2.555680
0.462524 0.316895 0.064941 1.733059 -1.044297 2.735347
0.635620 0.347900 -0.061279 1.803311 -0.949361 2.854729
0.799072 0.377686 -0.179443 1.745875 -0.703951 2.849745
0.917725 0.380249 -0.273804 1.674910 -0.710359 2.718970
1.055298 0.385620 -0.343262 1.609404 -0.769220 2.603386
1.155029 0.415894 -0.375732 1.500940 -0.790818 2.454098
1.213623 0.432251 -0.388672 1.373013 -0.764473 2.247850
1.306763 0.468384 -0.419922 1.259328 -0.836625 2.073879
1.424561 0.493164 -0.464844 1.145879 -0.968348 1.933374
1.532959 0.546387 -0.502197 0.991370 -0.934171 1.737568
1.687866 0.619263 -0.590210 0.823333 -0.776103 1.478393
1.669067 0.664063 -0.469604 0.663603 -0.983775 1.108616
1.678589 0.649780 -0.681885 0.531642 -1.069218 0.674521
1.602417 0.638184 -0.593140 0.234492 -0.124366 0.356960
1.536987 0.666992 -0.501831 0.012816 0.356485 0.181803
1.476929 0.646118 -0.394653 -0.145015 0.495804 0.009731
1.364014 0.588379 -0.360596 -0.216454 0.472307 -0.188686
1.246704 0.573730 -0.348145 -0.248495 0.518351 -0.333938
1.136108 0.558594 -0.341919 -0.285758 0.449997 -0.411785
1.048462 0.555298 -0.349365 -0.358146 0.402054 -0.449522
0.985107 0.540894 -0.287720 -0.482987 0.462339 -0.374760
0.974365 0.530029 -0.192749 -0.580534 0.461627 -0.230695
0.984131 0.535034 -0.109375 -0.596911 0.427213 -0.145252
0.989380 0.540771 -0.082275 -0.542560 0.345093 -0.147388
0.970337 0.532715 -0.085083 -0.461627 0.234255 -0.191059
0.954224 0.526489 -0.102051 -0.394460 0.130062 -0.224761
0.939453 0.511475 -0.106934 -0.358621 0.075000 -0.247546
0.933350 0.493408 -0.092041 -0.351026 0.066455 -0.254191
0.923950 0.475952 -0.080200 -0.336074 0.094699 -0.245410
0.909058 0.460693 -0.078125 -0.303084 0.137657 -0.235442
0.878540 0.455933 -0.080200 -0.257989 0.130062 -0.213844
0.867188 0.464844 -0.075195 -0.199603 0.060047 -0.171122
0.878174 0.483521 -0.081177 -0.134809 -0.063845 -0.130774
0.917358 0.498047 -0.093140 -0.092088 -0.162578 -0.110126
0.928101 0.501099 -0.102783 -0.081170 -0.175632 -0.122942
0.912231 0.507690 -0.103638 -0.076186 -0.155221 -0.162341
0.910645 0.513306 -0.101685 -0.064082 -0.164002 -0.199366
0.891602 0.512085 -0.103271 -0.051503 -0.179904 -0.239239
0.872559 0.504395 -0.101440 -0.043196 -0.152135 -0.253005
0.847534 0.502930 -0.112793 -0.025870 -0.096360 -0.234730
0.823730 0.512573 -0.132813 0.002611 -0.071202 -0.196518
0.811035 0.519287 -0.145874 0.023497 -0.058386 -0.146439
0.822998 0.524170 -0.155029 0.022547 -0.056487 -0.093037
0.831787 0.528198 -0.152588 0.001899 -0.029430 -0.048180
0.841553 0.528076 -0.144653 -0.028481 0.000475 -0.027057
0.849243 0.526123 -0.142212 -0.056250 0.003085 -0.034177
0.841797 0.523438 -0.144897 -0.072151 -0.013054 -0.050079
0.826904 0.521484 -0.127441 -0.081408 0.011155 -0.052215
0.825684 0.518921 -0.108276 -0.076661 0.016139 -0.055300
0.827393 0.511597 -0.099121 -0.051028 -0.021835 -0.060759
0.831177 0.510376 -0.099365 -0.015190 -0.059572 -0.054351
0.837524 0.510986 -0.110718 0.012104 -0.058860 -0.035364
0.843384 0.515015 -0.119385 0.028006 -0.024683 -0.015427
0.854980 0.524170 -0.123657 0.034652 0.020411 0.002373
0.861816 0.526001 -0.124390 0.036313 0.023259 -0.002848
0.860596 0.526855 -0.131592 0.033702 0.001661 -0.025870
0.847534 0.521118 -0.129639 0.025633 -0.011630 -0.044145
0.848999 0.518188 -0.126221 0.022073 -0.030854 -0.053164
0.848755 0.519653 -0.124390 0.022547 -0.045807 -0.060047
0.844604 0.521606 -0.127197 0.015902 -0.038449 -0.057436
0.847412 0.525757 -0.129761 0.009731 -0.020411 -0.050791
0.846924 0.527222 -0.134644 0.009256 -0.014003 -0.051978
0.838257 0.525146 -0.134766 0.021835 -0.026819 -0.058623
0.832886 0.525024 -0.136597 0.041772 -0.048180 -0.062895
0.838623 0.531982 -0.150391 0.054588 -0.091613 -0.067405
0.841064 0.532471 -0.164185 0.046281 -0.143354 -0.078560
0.841553 0.530518 -0.173218 0.018987 -0.157831 -0.085680
0.836548 0.525391 -0.171143 -0.025395 -0.131249 -0.077848
0.832520 0.530640 -0.163452 -0.066455 -0.060759 -0.072389
0.833984 0.529297 -0.141968 -0.102056 0.003323 -0.065506
0.836060 0.530518 -0.132202 -0.125553 0.029430 -0.065981
0.835327 0.525879 -0.122314 -0.129825 0.037974 -0.061234
0.829956 0.525024 -0.114502 -0.122468 0.077610 -0.061234
0.819458 0.532593 -0.108032 -0.098734 0.106328 -0.070253
0.814331 0.536255 -0.106812 -0.066693 0.097784 -0.077136
0.816284 0.539795 -0.112671 -0.038686 0.068117 -0.085917
0.818726 0.541870 -0.123779 -0.022073 0.049604 -0.087341
