0.985229 0.233521 -0.368408 -0.068354 0.292878 -0.182515
1.026123 0.226929 -0.345581 -0.098496 0.322071 -0.052690
0.908203 0.274292 -0.284790 -0.080458 0.310441 0.056962
1.031982 0.147095 -0.293213 -0.011630 0.278400 0.190584
1.043335 0.154663 -0.351440 0.070727 0.331802 0.226660
1.075073 0.154785 -0.384155 0.116297 0.388763 0.265346
1.118530 0.158569 -0.426270 0.124129 0.352688 0.257752
1.156738 0.162354 -0.463501 0.101582 0.252767 0.201502
1.186646 0.170898 -0.542725 0.049841 0.187261 0.125790
1.183105 0.135254 -0.516602 -0.060759 0.223812 0.044620
1.209961 0.098389 -0.534424 -0.128876 0.185125 -0.030380
1.229370 0.067871 -0.538208 -0.145252 0.120806 -0.104192
1.253662 0.028442 -0.573975 -0.113923 0.009731 -0.169224
1.256470 -0.015503 -0.635498 -0.081645 -0.071914 -0.236866
1.235962 -0.029541 -0.698120 -0.064319 -0.148338 -0.282910
1.232788 -0.036499 -0.771362 -0.060284 -0.282672 -0.301659
1.291016 -0.021240 -0.868652 -0.112974 -0.400630 -0.295014
1.347412 -0.013672 -0.932495 -0.243274 -0.409175 -0.297625
1.380127 -0.020386 -0.956421 -0.422940 -0.374286 -0.359571
1.399780 -0.005127 -0.990479 -0.589316 -0.395646 -0.453557
1.408203 0.000732 -1.025146 -0.752606 -0.382830 -0.574601
1.416260 0.010376 -1.045410 -0.955532 -0.370014 -0.713682
1.412964 0.015747 -1.056396 -1.190499 -0.353637 -0.848729
1.371582 0.027832 -1.020386 -1.437570 -0.295726 -0.994693
1.302856 0.029541 -0.966553 -1.670876 -0.180853 -1.125942
1.238647 0.022461 -0.906006 -1.877599 -0.084968 -1.230135
1.183228 0.037964 -0.831177 -2.041838 -0.068829 -1.302523
1.094849 0.047607 -0.763672 -2.199907 -0.095885 -1.366843
1.009644 0.065918 -0.686890 -2.367707 -0.065506 -1.401969
0.922363 0.105713 -0.584595 -2.544763 -0.002611 -1.395086
0.813354 0.141846 -0.467773 -2.745315 0.059572 -1.377286
0.733276 0.175293 -0.322144 -2.935425 0.076424 -1.345957
0.680664 0.201294 -0.153809 -3.074743 0.073101 -1.251970
0.623779 0.223267 -0.007813 -3.125297 0.027769 -1.157034
0.600464 0.265015 0.151611 -3.099427 -0.064557 -1.076101
0.582520 0.293457 0.286621 -3.005915 -0.152847 -0.988048
0.550293 0.322632 0.398193 -2.849982 -0.194144 -0.905453
0.526367 0.316040 0.498169 -2.670316 -0.084968 -0.794378
0.508789 0.335571 0.587036 -2.428466 -0.083544 -0.658382
0.470459 0.378052 0.619995 -2.122534 -0.018275 -0.526183
0.501343 0.354004 0.665527 -1.823960 0.106803 -0.339871
0.539063 0.391479 0.656006 -1.491684 0.115585 -0.169461
0.561401 0.422363 0.628418 -1.158695 0.167800 -0.075237
0.578857 0.448242 0.574829 -0.872226 0.184176 -0.010443
0.580811 0.478394 0.501221 -0.656721 0.197704 0.041535
0.579834 0.507690 0.426636 -0.523810 0.174920 0.071677
0.555908 0.528198 0.378906 -0.474206 0.154271 0.077848
0.508911 0.541260 0.349731 -0.468510 0.154034 0.077136
0.443604 0.541138 0.339966 -0.477766 0.164239 0.091851
0.366821 0.511963 0.352783 -0.470646 0.149999 0.139081
0.299438 0.491577 0.346802 -0.409649 0.092325 0.233305
0.272217 0.486938 0.329468 -0.316375 -0.033228 0.357672
0.251099 0.462769 0.313843 -0.219302 -0.169461 0.478478
0.205566 0.436035 0.276245 -0.118670 -0.238527 0.601895
0.156982 0.396729 0.238770 -0.040823 -0.200078 0.775153
0.129028 0.385498 0.210327 0.026582 -0.173258 0.960991
0.112793 0.365356 0.194336 0.093512 -0.229033 1.133300
0.094116 0.342773 0.189819 0.164477 -0.335836 1.284486
0.090942 0.312256 0.167358 0.234967 -0.441690 1.434959
0.096191 0.277710 0.144287 0.300473 -0.508620 1.612015
0.111328 0.244019 0.105103 0.368827 -0.583620 1.803549
0.173706 0.207031 0.107422 0.430298 -0.682591 2.013832
0.253052 0.138550 0.090576 0.515978 -0.755691 2.249037
0.338379 0.089111 0.057251 0.633461 -0.728160 2.495870
0.432251 0.039795 0.015503 0.759964 -0.647939 2.704018
0.586792 -0.037964 -0.053711 0.893824 -0.570566 2.903621
0.822754 -0.114624 -0.098633 1.003237 -0.500551 3.124585
1.051514 -0.113403 -0.209106 1.060674 -0.379982 3.310897
1.305664 -0.091187 -0.288086 1.080610 -0.757828 3.356466
1.479858 -0.073120 -0.354614 1.051417 -0.704426 3.228065
1.643799 -0.120239 -0.408691 0.942478 -0.403241 3.013984
1.795532 -0.140137 -0.495483 0.824520 -0.326580 2.797055
2.022949 -0.160156 -0.482056 0.782748 -0.820960 2.578228
2.220947 -0.113525 -0.477783 0.698492 0.120094 2.368419
2.273926 -0.071167 -0.442017 0.529269 1.183379 1.971111
2.200317 -0.046875 -0.430176 0.384966 1.447776 1.475307
2.030518 -0.048706 -0.439819 0.282672 1.225863 1.045009
1.872070 -0.053955 -0.387695 0.144303 1.073015 0.708698
1.738037 -0.053589 -0.324951 0.001661 1.003237 0.458541
1.635376 -0.071045 -0.254028 -0.103243 0.905216 0.326818
1.544067 -0.076660 -0.177002 -0.148812 0.661230 0.260600
1.462524 -0.074097 -0.138916 -0.143116 0.494854 0.218353
1.385620 -0.075806 -0.114380 -0.119857 0.389713 0.184176
1.327271 -0.078125 -0.118896 -0.073813 0.083544 0.154034
1.287354 -0.066772 -0.136475 -0.021598 -0.124604 0.123654
1.256470 -0.066528 -0.137939 -0.013528 -0.187024 0.077848
1.200562 -0.065918 -0.154297 -0.024921 -0.138369 0.055775
1.164917 -0.069824 -0.162598 -0.042484 -0.081170 0.066455
1.126831 -0.078003 -0.170288 -0.075712 0.006408 0.097310
1.133667 -0.077271 -0.170044 -0.111075 0.088765 0.134809
1.147217 -0.080078 -0.163086 -0.137183 0.130300 0.151898
1.154297 -0.089355 -0.159058 -0.149524 -0.022310 0.160917
1.180664 -0.081909 -0.152100 -0.149524 -0.300473 0.156407
1.189575 -0.088501 -0.152588 -0.151186 -0.335836 0.104904
1.180420 -0.109131 -0.149902 -0.163290 -0.191534 0.061946
1.166626 -0.119507 -0.141602 -0.172309 -0.092563 0.052927
1.138672 -0.124390 -0.151489 -0.166850 -0.023022 0.042484
1.124390 -0.122559 -0.149780 -0.172546 0.049129 0.033940
1.114258 -0.125366 -0.118530 -0.193907 0.076424 0.028718
1.116333 -0.130249 -0.090332 -0.201739 0.076661 -0.000237
1.111450 -0.142822 -0.081055 -0.181091 0.068117 -0.036313
1.114990 -0.156372 -0.070068 -0.145015 0.068829 -0.049367
1.111694 -0.163208 -0.067017 -0.100870 0.064557 -0.054588
1.107300 -0.143555 -0.068359 -0.052690 0.076898 -0.058386
1.094849 -0.118896 -0.082764 -0.008782 0.096123 -0.068591
1.080444 -0.108154 -0.092407 0.023022 0.097547 -0.090901
1.065918 -0.091187 -0.107178 0.037262 0.080933 -0.119382
1.044922 -0.090332 -0.112427 0.034889 0.056250 -0.136945
1.038208 -0.088623 -0.101929 0.020886 0.034652 -0.132911
1.040649 -0.079834 -0.096313 0.012342 0.034889 -0.124841
1.024780 -0.081909 -0.100586 0.018513 0.022073 -0.123180
1.023315 -0.072388 -0.107910 0.022785 -0.035126 -0.104667
1.041138 -0.069946 -0.102905 0.015902 -0.076898 -0.072389
1.053711 -0.072144 -0.101685 0.000712 -0.075000 -0.059572
1.058350 -0.079712 -0.103638 -0.012104 -0.045569 -0.051740
1.067261 -0.080933 -0.098267 -0.017801 -0.015190 -0.041297
1.062378 -0.083374 -0.102051 -0.012342 -0.003323 -0.047231
1.059814 -0.083740 -0.108398 0.000712 -0.010918 -0.055775
1.059814 -0.079346 -0.113770 0.004272 -0.005221 -0.050316
1.056152 -0.078369 -0.114380 0.003085 0.010918 -0.049604
1.050781 -0.080200 -0.124512 0.008782 0.011867 -0.058860
1.052368 -0.074951 -0.133301 0.006171 -0.023022 -0.066693
1.065918 -0.070679 -0.130127 -0.018987 -0.039636 -0.062183
1.062500 -0.065674 -0.126343 -0.051740 -0.012579 -0.071677
1.051147 -0.064209 -0.118408 -0.083069 0.031329 -0.081408
1.047363 -0.069092 -0.103271 -0.102056 0.042009 -0.086867
1.042114 -0.069702 -0.088989 -0.102531 0.011630 -0.092800
1.043335 -0.072021 -0.087280 -0.093037 -0.019699 -0.099446
1.036011 -0.063110 -0.085571 -0.083544 -0.020886 -0.097784
1.024048 -0.058472 -0.084961 -0.071677 -0.031804 -0.102768
1.014771 -0.062256 -0.095581 -0.066930 -0.047231 -0.100158
1.015503 -0.060669 -0.101563 -0.066218 -0.047705 -0.086867
1.039551 -0.057861 -0.100220 -0.063133 -0.030142 -0.062420
1.056396 -0.055786 -0.100098 -0.049604 -0.022785 -0.054826
1.048096 -0.070801 -0.109985 -0.035364 -0.028481 -0.072863
1.037964 -0.067993 -0.117310 -0.030854 -0.054351 -0.083069
1.039795 -0.068970 -0.116577 -0.036076 -0.113211 -0.097547
1.041870 -0.077148 -0.114380 -0.049367 -0.172546 -0.128401
1.048950 -0.082520 -0.085083 -0.060522 -0.200553 -0.144778
1.040649 -0.096436 -0.081299 -0.053402 -0.192008 -0.148575
1.042847 -0.094116 -0.088379 -0.029430 -0.187261 -0.153797
1.052246 -0.090332 -0.097046 -0.008307 -0.215980 -0.160442
1.058472 -0.088501 -0.103516 0.013054 -0.260837 -0.178480
1.052979 -0.090698 -0.115845 0.033940 -0.270568 -0.201739
1.029053 -0.086060 -0.131348 0.038686 -0.255853 -0.222863
1.000000 -0.082153 -0.149536 0.035364 -0.254666 -0.241850
0.970581 -0.074341 -0.168091 0.025158 -0.279587 -0.238527
0.974731 -0.058350 -0.180176 -0.007120 -0.350077 -0.223812
0.988770 -0.056641 -0.171021 -0.056012 -0.437418 -0.234018
0.998535 -0.069214 -0.161621 -0.099208 -0.494854 -0.252293
