0.560547 0.777954 -0.335571 -0.060284 -0.357909 -0.273179
0.751953 0.625732 -0.232910 -0.078322 -0.317799 -0.148575
0.701416 0.683350 -0.281128 -0.020174 -0.548256 -0.199841
0.502930 0.659912 -0.457642 0.004509 -0.475155 -0.120094
0.474976 0.657593 -0.327271 -0.155458 0.192720 0.166376
0.676025 0.670044 -0.198975 -0.223337 0.359333 0.536152
0.842163 0.651978 -0.257935 -0.131724 0.020649 0.632275
0.914917 0.641235 -0.265259 -0.101344 -0.005459 0.520962
0.908813 0.630981 -0.260132 -0.042721 0.079509 0.315900
0.839478 0.637695 -0.279785 0.043671 0.020411 0.081882
0.792969 0.632080 -0.295654 0.097072 -0.049604 -0.061234
0.746582 0.616211 -0.314575 0.117009 -0.037262 -0.106566
0.702271 0.622192 -0.315063 0.114398 0.033702 -0.079984
0.694580 0.631714 -0.294800 0.092563 0.099208 -0.006171
0.723511 0.639648 -0.288696 0.060759 0.131249 0.044383
0.710571 0.640747 -0.290161 0.024446 0.157831 0.043671
0.696533 0.640503 -0.281494 0.003797 0.194382 0.051740
0.652710 0.633301 -0.250610 0.010206 0.179667 0.079272
0.640381 0.624146 -0.234619 0.045332 0.069066 0.134809
0.702515 0.625000 -0.264282 0.082357 0.053639 0.204825
0.724609 0.645142 -0.252441 0.088528 0.148575 0.265821
0.747925 0.650879 -0.260376 0.105854 0.134335 0.295251
0.752930 0.655151 -0.287720 0.169224 0.068117 0.287656
0.780518 0.663940 -0.350098 0.248021 0.030142 0.264872
0.824707 0.687256 -0.430908 0.314239 -0.013528 0.212182
0.838135 0.714966 -0.535156 0.368352 -0.005934 0.121044
0.831787 0.764771 -0.662720 0.392086 -0.028956 0.028956
0.833252 0.803223 -0.796387 0.356485 -0.133623 -0.036550
0.840088 0.827026 -0.903320 0.228559 -0.248021 -0.083544
0.830322 0.830444 -0.948242 0.019699 -0.280062 -0.119857
0.820190 0.815308 -0.979736 -0.200553 -0.291454 -0.128164
0.832520 0.798706 -1.009399 -0.399681 -0.319935 -0.103955
0.858521 0.786499 -1.031372 -0.566769 -0.338210 -0.087341
0.858398 0.772705 -1.059814 -0.720565 -0.354112 -0.097072
0.831665 0.771729 -1.072632 -0.865343 -0.386153 -0.131487
0.792969 0.777954 -1.074219 -1.015816 -0.412023 -0.168037
0.770264 0.779541 -1.080200 -1.178395 -0.430061 -0.187024
0.747070 0.783936 -1.078613 -1.355213 -0.457117 -0.190822
0.742676 0.751099 -1.045044 -1.584484 -0.394222 -0.171834
0.738525 0.690674 -0.962280 -1.860036 -0.332276 -0.136233
0.734375 0.620850 -0.860107 -2.122772 -0.285520 -0.078085
0.745850 0.570068 -0.734619 -2.313118 -0.223337 -0.019937
0.759033 0.528320 -0.624268 -2.438909 -0.222863 0.001187
0.779419 0.499268 -0.524048 -2.535744 -0.318511 -0.013291
0.821899 0.479126 -0.428345 -2.604098 -0.468747 -0.052927
0.849487 0.441895 -0.332642 -2.644445 -0.611626 -0.121756
0.844116 0.401978 -0.232544 -2.689540 -0.693508 -0.183227
0.829224 0.362061 -0.116333 -2.739619 -0.719616 -0.197942
0.825317 0.324463 0.002075 -2.757657 -0.710597 -0.173258
0.831177 0.311646 0.113770 -2.718021 -0.710597 -0.141692
0.841919 0.308716 0.190186 -2.607183 -0.731245 -0.129350
0.840820 0.315918 0.227905 -2.452200 -0.768745 -0.148812
0.809326 0.312622 0.271606 -2.320001 -0.792479 -0.183464
0.766357 0.300415 0.342285 -2.239780 -0.793429 -0.205062
0.717285 0.279053 0.429810 -2.170002 -0.782036 -0.201027
0.679565 0.259399 0.520630 -2.066284 -0.768508 -0.177531
0.651001 0.256348 0.586792 -1.900621 -0.773255 -0.143828
0.621582 0.261353 0.640747 -1.683692 -0.773729 -0.111550
0.608032 0.261719 0.663208 -1.452760 -0.784410 -0.074050
0.602783 0.266113 0.676880 -1.219217 -0.796277 -0.032278
0.605347 0.273071 0.670044 -0.975231 -0.800786 0.009731
0.616577 0.294800 0.636597 -0.717717 -0.812178 0.051740
0.637207 0.325684 0.576660 -0.460203 -0.818349 0.091376
0.644775 0.364258 0.493042 -0.242087 -0.807432 0.115585
0.640137 0.412720 0.408447 -0.085917 -0.788682 0.133148
0.634644 0.456055 0.333252 0.015664 -0.762100 0.153084
0.626343 0.488159 0.268311 0.058386 -0.724837 0.160917
0.605103 0.500244 0.224365 0.066218 -0.711071 0.159493
0.590942 0.506226 0.188599 0.077373 -0.721277 0.165901
0.585938 0.512695 0.160767 0.103243 -0.749283 0.173021
0.577271 0.505493 0.134766 0.127926 -0.803872 0.168274
0.555786 0.493286 0.117065 0.146914 -0.860121 0.166138
0.532715 0.477539 0.103638 0.163290 -0.860359 0.176106
0.501465 0.481812 0.095825 0.179904 -0.851814 0.200790
0.479248 0.483643 0.078247 0.215030 -0.850153 0.243274
0.460571 0.489380 0.039429 0.268195 -0.856324 0.294302
0.445313 0.490234 -0.005737 0.312102 -0.866055 0.344855
0.431519 0.489502 -0.062866 0.332751 -0.880295 0.394222
0.423584 0.483398 -0.110107 0.328954 -0.892637 0.445488
0.405762 0.470703 -0.152100 0.310916 -0.905216 0.502449
0.401611 0.464722 -0.189819 0.281011 -0.886941 0.580297
0.390625 0.476318 -0.192871 0.231169 -0.803872 0.689236
0.379883 0.488525 -0.187256 0.168749 -0.697543 0.826419
0.373169 0.481323 -0.174683 0.102531 -0.588367 0.990184
0.377075 0.466919 -0.167114 0.042721 -0.487734 1.167002
0.394531 0.441406 -0.165161 0.004747 -0.430773 1.331004
0.431274 0.413208 -0.156250 -0.025633 -0.442165 1.450149
0.463745 0.386108 -0.127197 -0.035601 -0.543984 1.508298
0.510742 0.360229 -0.094971 -0.001899 -0.701815 1.535117
0.565430 0.335327 -0.082153 0.066930 -0.845169 1.565022
0.632690 0.315674 -0.087524 0.146914 -0.927288 1.640259
0.705933 0.323853 -0.112061 0.248021 -0.938681 1.758692
0.792480 0.348267 -0.168213 0.377371 -0.892399 1.863121
0.879150 0.355225 -0.240601 0.468510 -0.876023 1.905368
0.968018 0.363525 -0.296387 0.478003 -0.906403 1.887330
1.038208 0.351807 -0.317261 0.452133 -0.968823 1.824197
1.111816 0.338989 -0.338623 0.427687 -1.066133 1.734483
1.198975 0.340820 -0.378174 0.427450 -1.164629 1.660670
1.294434 0.346924 -0.418457 0.467086 -1.211147 1.604420
1.378540 0.373901 -0.460083 0.525471 -1.232508 1.526098
1.454590 0.397095 -0.502319 0.558699 -1.221116 1.429263
1.512207 0.411743 -0.534180 0.543747 -1.068506 1.326970
1.539063 0.417114 -0.557495 0.486548 -0.921830 1.242002
1.553589 0.413574 -0.576050 0.395646 -0.707749 1.183141
1.565308 0.418823 -0.561523 0.292641 -0.451896 1.138284
1.569092 0.423706 -0.535400 0.202689 -0.247071 1.067794
1.558472 0.428223 -0.497803 0.137895 -0.117246 0.939393
1.516235 0.425415 -0.471924 0.113449 -0.042721 0.768270
1.463867 0.421021 -0.456299 0.121993 0.000475 0.595724
1.407715 0.416382 -0.443115 0.131249 0.021835 0.441690
1.352661 0.417480 -0.434570 0.138369 0.049129 0.320647
1.303589 0.422363 -0.437134 0.148575 0.098259 0.231169
1.266479 0.422852 -0.435669 0.141692 0.161866 0.168749
1.220459 0.417358 -0.435669 0.122942 0.206486 0.110126
1.176758 0.402100 -0.442139 0.111075 0.228559 0.055300
1.142090 0.395996 -0.427368 0.100158 0.229033 0.008782
1.111206 0.392212 -0.424194 0.079746 0.215030 -0.029193
1.082031 0.384155 -0.412720 0.053639 0.216454 -0.056724
1.052612 0.373291 -0.404053 0.027294 0.240900 -0.067405
1.031616 0.352295 -0.388794 0.000000 0.262261 -0.066455
1.018677 0.339722 -0.371338 -0.024683 0.273416 -0.061708
1.002441 0.319092 -0.359009 -0.037262 0.277213 -0.061234
0.989258 0.307983 -0.355103 -0.036313 0.268907 -0.070490
0.982056 0.300415 -0.338135 -0.033228 0.255615 -0.087341
0.974243 0.290527 -0.326782 -0.024209 0.235442 -0.104430
0.960083 0.289307 -0.325439 -0.005934 0.223575 -0.119857
0.939087 0.287109 -0.326172 0.011630 0.227847 -0.128876
0.924316 0.280273 -0.331177 0.016376 0.245410 -0.129588
0.907837 0.274536 -0.325928 0.015902 0.254191 -0.126740
0.895142 0.270752 -0.319702 0.015427 0.250631 -0.122705
0.880371 0.266846 -0.317383 0.013528 0.228084 -0.120094
0.878784 0.265381 -0.314941 0.011867 0.194382 -0.115822
0.876831 0.264160 -0.315552 0.022073 0.153322 -0.110601
0.875244 0.271973 -0.323853 0.032990 0.116059 -0.099446
0.883545 0.274170 -0.328369 0.033465 0.086629 -0.085917
0.896851 0.280273 -0.324829 0.021361 0.077848 -0.072863
0.901489 0.282104 -0.327759 0.006883 0.083781 -0.061471
0.901733 0.280029 -0.329224 0.002373 0.097310 -0.047705
0.902588 0.285889 -0.326416 0.000949 0.105854 -0.034889
0.907471 0.286743 -0.330688 -0.008307 0.097310 -0.024446
0.911621 0.287842 -0.329590 -0.027294 0.074288 -0.023971
0.913330 0.289063 -0.325317 -0.041772 0.047943 -0.030617
0.910645 0.286743 -0.323486 -0.046044 0.024446 -0.033465
0.915161 0.291626 -0.320068 -0.040823 -0.003323 -0.034889
0.917603 0.287964 -0.323120 -0.034652 -0.027531 -0.033940
0.916870 0.289917 -0.317993 -0.032990 -0.044145 -0.031329
0.918335 0.286987 -0.318604 -0.033465 -0.061471 -0.027769
0.927124 0.284302 -0.316406 -0.026819 -0.078797 -0.026107
0.928223 0.285156 -0.319458 -0.011155 -0.094936 -0.028956
0.928711 0.285767 -0.331665 0.001661 -0.105616 -0.031329
