0.145752 0.361572 -1.044067 -0.622544 -0.609253 -0.336786
0.157837 0.370117 -0.997314 -0.654585 -0.587655 -0.245885
0.187012 0.345703 -0.962280 -0.629426 -0.553240 -0.129350
0.168945 0.334717 -0.923096 -0.553478 -0.484649 -0.044145
0.182495 0.319458 -0.892700 -0.436706 -0.403716 0.000475
0.183838 0.377197 -0.850708 -0.314951 -0.286470 0.007120
0.194702 0.385742 -0.855225 -0.170173 -0.252767 0.024921
0.192139 0.325562 -0.866333 -0.024921 -0.247309 0.056962
0.209473 0.314575 -0.868774 0.080696 -0.070965 0.080696
0.240601 0.378784 -0.849121 0.145964 0.161629 0.114635
0.274536 0.370850 -0.796143 0.204587 0.204825 0.153322
0.338379 0.300293 -0.771362 0.315188 0.152135 0.167562
0.407349 0.254272 -0.773682 0.407988 0.054588 0.159967
0.464722 0.253540 -0.763550 0.457355 0.064794 0.133860
0.511597 0.252686 -0.732666 0.459491 0.142642 0.080221
0.573486 0.231934 -0.696655 0.406564 0.191771 0.005696
0.647827 0.169800 -0.659058 0.325868 0.174445 -0.081645
0.738525 0.097412 -0.614746 0.246122 0.037737 -0.184176
0.823486 0.037354 -0.582764 0.188686 -0.175157 -0.321596
0.883423 -0.021851 -0.539551 0.150474 -0.379507 -0.512180
0.916504 -0.062378 -0.480835 0.117246 -0.536626 -0.775628
0.935913 -0.077637 -0.398804 0.093512 -0.665502 -1.108379
0.913208 -0.079468 -0.317871 0.111313 -0.749758 -1.460355
0.839233 -0.129395 -0.244629 0.196755 -0.796277 -1.780290
0.779053 -0.141113 -0.234863 0.390187 -0.903792 -2.034244
0.694214 -0.225952 -0.296509 0.708223 -0.868191 -2.252597
0.553589 -0.243896 -0.392334 1.107192 -0.770169 -2.446978
0.390869 -0.215454 -0.484131 1.508298 -0.644616 -2.625933
0.249756 -0.206055 -0.608032 1.868105 -0.542560 -2.782103
0.102173 -0.173218 -0.739502 2.159796 -0.377608 -2.892703
-0.038818 -0.174438 -0.906494 2.375539 -0.142404 -2.934713
-0.192017 -0.125488 -1.062866 2.524589 0.120569 -2.917624
-0.282837 -0.138794 -1.263428 2.641835 0.221676 -2.842387
-0.383911 -0.134033 -1.476318 2.720157 0.266296 -2.738907
-0.483398 -0.100586 -1.657959 2.695711 0.347229 -2.639699
-0.576538 -0.055542 -1.829834 2.549272 0.422703 -2.540016
-0.683716 -0.041382 -1.965942 2.327833 0.487972 -2.402833
-0.768677 -0.022583 -2.070313 2.074591 0.525234 -2.221980
-0.830688 0.004150 -2.129639 1.781001 0.507434 -2.003627
-0.875366 0.020386 -2.172119 1.464627 0.442402 -1.759166
-0.900513 0.050415 -2.173828 1.124518 0.330852 -1.493582
-0.890869 0.053955 -2.140503 0.766372 0.246834 -1.223964
-0.864014 0.046997 -2.078735 0.403241 0.198654 -0.960041
-0.820435 0.026123 -2.006714 0.080696 0.140980 -0.726973
-0.762207 -0.015259 -1.910156 -0.181091 0.099683 -0.528794
-0.717041 -0.052002 -1.826294 -0.362419 0.100158 -0.359333
-0.684937 -0.083740 -1.744629 -0.476342 0.190822 -0.201739
-0.688354 -0.108398 -1.674316 -0.547781 0.328479 -0.052927
-0.683716 -0.111084 -1.613403 -0.595961 0.426738 0.099446
-0.685181 -0.109985 -1.556274 -0.617797 0.447149 0.263210
-0.658447 -0.113647 -1.500977 -0.634411 0.425551 0.447149
-0.630249 -0.127686 -1.452271 -0.660755 0.372387 0.630376
-0.581787 -0.130981 -1.396851 -0.687100 0.306406 0.793903
-0.531006 -0.146240 -1.350708 -0.704426 0.222625 0.943902
-0.469849 -0.158325 -1.321289 -0.707037 0.133860 1.088443
-0.425537 -0.168457 -1.307129 -0.701578 0.048892 1.207825
-0.390747 -0.189453 -1.279053 -0.701815 -0.014240 1.304659
-0.367310 -0.197632 -1.251587 -0.705138 -0.090664 1.388915
-0.341309 -0.203125 -1.224854 -0.689474 -0.131724 1.474595
-0.316528 -0.188232 -1.193970 -0.658382 -0.144540 1.578550
-0.292725 -0.178711 -1.168335 -0.625392 -0.126977 1.695084
-0.255981 -0.161499 -1.139893 -0.597623 -0.103955 1.801413
-0.221924 -0.145386 -1.110840 -0.567243 -0.106566 1.878311
-0.177612 -0.126587 -1.095703 -0.535914 -0.126265 1.942156
-0.130493 -0.120361 -1.087158 -0.507908 -0.136945 2.007662
-0.083496 -0.102661 -1.077026 -0.482038 -0.121993 2.067471
-0.034790 -0.080566 -1.076782 -0.464238 -0.094224 2.114227
0.006958 -0.062134 -1.069092 -0.448573 -0.075474 2.149354
0.063232 -0.052124 -1.063843 -0.436943 -0.069541 2.169528
0.123779 -0.052002 -1.062744 -0.426263 -0.083069 2.179971
0.200562 -0.053467 -1.063843 -0.404665 -0.107040 2.186141
0.289063 -0.038452 -1.068481 -0.367403 -0.148100 2.177360
0.377197 -0.041504 -1.076416 -0.323495 -0.203401 2.142708
0.467407 -0.022949 -1.090820 -0.286232 -0.268669 2.077440
0.537476 -0.018677 -1.103516 -0.260600 -0.309966 1.985826
0.593140 -0.000366 -1.117065 -0.249919 -0.312340 1.868580
0.623047 0.015747 -1.120239 -0.247546 -0.300710 1.730211
0.647339 0.034546 -1.120117 -0.238764 -0.274840 1.584246
0.667236 0.031860 -1.126099 -0.220252 -0.208859 1.442554
0.673950 0.053833 -1.119385 -0.196518 -0.102056 1.309881
0.653320 0.064331 -1.114380 -0.172072 0.017089 1.178869
0.629395 0.074585 -1.119019 -0.141455 0.110363 1.040500
0.600464 0.057251 -1.122437 -0.102531 0.182040 0.897621
0.555054 0.109009 -1.113281 -0.060996 0.234967 0.768508
0.524536 0.109619 -1.117676 -0.024446 0.213606 0.680929
0.505249 0.117065 -1.122925 0.005459 0.169224 0.619695
0.494751 0.116577 -1.134033 0.012342 0.121044 0.551104
0.486816 0.121338 -1.138916 -0.003085 0.133623 0.475630
0.459717 0.122314 -1.146606 -0.024921 0.154509 0.385441
0.426880 0.124756 -1.147095 -0.037974 0.164239 0.293353
0.392456 0.133667 -1.148682 -0.042009 0.151660 0.211945
0.354370 0.134888 -1.151733 -0.043433 0.139793 0.144303
0.328491 0.114380 -1.148071 -0.051503 0.140743 0.095411
0.280518 0.157715 -1.150879 -0.058148 0.143591 0.063133
0.279297 0.138184 -1.152344 -0.062420 0.097310 0.055300
0.259033 0.131714 -1.154053 -0.064557 0.010918 0.048417
0.257202 0.138550 -1.158325 -0.072863 -0.000237 0.037025
0.246948 0.139038 -1.146118 -0.085917 -0.024209 0.018513
0.234375 0.133057 -1.137451 -0.097072 -0.018038 0.003323
0.222778 0.121094 -1.131836 -0.105142 0.002373 -0.009494
0.208496 0.119995 -1.131348 -0.107040 0.032516 -0.014003
0.205078 0.123779 -1.136108 -0.097072 0.057436 -0.009019
0.199341 0.123535 -1.151489 -0.084730 0.070965 -0.003797
0.197876 0.127930 -1.156860 -0.082594 0.086392 -0.005221
0.191650 0.127808 -1.157959 -0.099920 0.094461 -0.013291
0.184326 0.126099 -1.161743 -0.125078 0.091376 -0.027294
0.173584 0.119019 -1.149780 -0.149762 0.089240 -0.035838
0.177246 0.118774 -1.135498 -0.169224 0.070253 -0.031329
0.181641 0.111450 -1.119019 -0.176344 0.042721 -0.023497
0.192261 0.098999 -1.111938 -0.162578 0.010443 -0.029905
0.187256 0.104248 -1.105835 -0.130537 -0.015664 -0.048655
0.189697 0.102295 -1.119507 -0.090901 -0.035126 -0.062183
0.186401 0.097168 -1.128296 -0.057199 -0.022785 -0.065031
0.178101 0.100830 -1.145386 -0.027057 0.017326 -0.069778
0.176270 0.113647 -1.158325 -0.005696 0.050553 -0.075712
0.163086 0.109741 -1.171509 -0.000712 0.058623 -0.080221
0.149536 0.110107 -1.176636 -0.015427 0.046993 -0.088053
0.145264 0.114014 -1.184692 -0.035838 0.020411 -0.090901
0.142456 0.114380 -1.177124 -0.051978 -0.008544 -0.081645
0.141479 0.114746 -1.170044 -0.071914 -0.024446 -0.068117
0.147827 0.113647 -1.163208 -0.089715 -0.041772 -0.060284
0.150635 0.110474 -1.149780 -0.098259 -0.058386 -0.062183
0.140503 0.109375 -1.135132 -0.095411 -0.077610 -0.076186
0.141357 0.104614 -1.121582 -0.085917 -0.083069 -0.086867
0.135864 0.099609 -1.110962 -0.072389 -0.082357 -0.086629
0.137573 0.092529 -1.120728 -0.051028 -0.074762 -0.083069
0.132690 0.095093 -1.132935 -0.020886 -0.070727 -0.078085
0.131470 0.098755 -1.145142 -0.000712 -0.051978 -0.070253
0.116943 0.097656 -1.157837 0.001661 -0.012579 -0.057436
0.113892 0.097778 -1.170166 -0.005934 0.017801 -0.040585
0.115356 0.105469 -1.178589 -0.017801 0.028956 -0.022073
0.112671 0.102051 -1.180542 -0.033940 0.031329 -0.000712
0.122559 0.103271 -1.168579 -0.059335 0.018275 0.017563
0.132202 0.101563 -1.164917 -0.079272 -0.004272 0.027531
0.138916 0.101440 -1.153564 -0.087816 -0.027531 0.030380
0.148804 0.091064 -1.145508 -0.091376 -0.036313 0.032041
0.150757 0.088623 -1.139404 -0.089003 -0.035364 0.035601
0.154419 0.079102 -1.136230 -0.075000 -0.043196 0.032278
0.156616 0.077759 -1.135132 -0.051503 -0.058148 0.024683
0.160278 0.078247 -1.139160 -0.029193 -0.079509 0.017089
0.165894 0.078003 -1.145996 -0.015427 -0.084730 0.014003
0.165405 0.075317 -1.149292 -0.008782 -0.084018 0.007358
0.166260 0.074707 -1.152588 -0.004509 -0.084730 -0.001899
0.162720 0.079834 -1.156616 -0.004272 -0.081882 -0.004747
0.159790 0.078491 -1.162964 -0.007120 -0.078322 -0.004272
0.158813 0.077881 -1.167969 -0.008544 -0.079034 -0.011155
0.163330 0.082153 -1.174927 -0.003797 -0.091139 -0.026107
0.151611 0.088501 -1.171387 -0.001899 -0.102056 -0.033940
0.147705 0.084961 -1.175903 -0.010443 -0.090664 -0.032990
0.150024 0.083862 -1.179932 -0.016851 -0.075474 -0.034652
