0.139038 0.807617 0.458496 -0.398732 2.413751 0.311865
0.180908 0.829956 0.418213 -0.220726 1.700781 0.382355
0.164429 0.780151 0.364258 -0.193195 1.177683 0.508146
0.166382 0.751221 0.453247 -0.210758 1.141132 0.562734
0.131348 0.765747 0.433716 -0.181803 0.721752 0.577212
0.074219 0.757080 0.439087 -0.183227 0.489158 0.650550
0.047485 0.749756 0.514771 -0.227609 0.160917 0.772068
-0.044800 0.574585 0.628418 -0.133860 -0.255853 0.961465
-0.104858 0.493164 0.741211 -0.013766 -0.568193 0.976418
-0.112305 0.474243 0.828491 0.243986 -0.928238 1.026022
-0.119751 0.404053 0.886353 0.631325 -1.301099 1.203315
-0.090942 0.359741 0.948242 1.124281 -1.657110 1.472934
-0.032715 0.311157 1.027832 1.712410 -1.944292 1.840099
0.066406 0.242676 1.099365 2.380760 -2.132028 2.244527
0.215454 0.167603 1.114136 3.213113 -2.103784 2.614066
0.368652 0.038330 1.043701 4.203771 -1.951174 2.881311
0.503540 -0.079224 0.889648 5.246407 -1.655923 3.110582
0.634888 -0.147583 0.724121 6.186037 -1.136623 3.307100
0.763794 -0.229370 0.530029 6.920605 -0.706562 3.396339
0.854248 -0.295654 0.298218 7.490697 -0.405377 3.420785
0.928955 -0.362549 0.089600 7.776929 -0.449760 3.397052
1.012695 -0.385254 -0.085938 7.776929 -0.611389 3.305201
1.058838 -0.419800 -0.217773 7.776929 -0.795327 3.049585
1.101196 -0.464844 -0.395508 7.776929 -1.338837 2.566835
1.155640 -0.464844 -0.665039 7.776929 -1.704341 2.050857
1.193604 -0.455078 -0.865845 7.776929 -2.423007 1.451810
1.165039 -0.487671 -1.074219 7.776929 -3.244204 0.721277
1.109985 -0.491211 -1.332031 7.776929 -3.741907 0.045569
1.023682 -0.503784 -1.575562 7.776929 -3.869833 -0.471595
0.898071 -0.550171 -1.769165 7.776929 -3.590721 -0.791530
0.812500 -0.546875 -1.914429 6.963801 -2.821739 -1.017952
0.729858 -0.516968 -1.966797 6.073775 -1.742315 -1.140420
0.581299 -0.346191 -1.933105 5.277736 -1.065895 -1.098411
0.469604 -0.470825 -2.006348 4.556696 -0.965738 -0.855612
0.377808 -0.531738 -2.071899 3.897840 -1.286147 -0.431247
0.326416 -0.467041 -2.116211 3.259869 -1.033617 -0.211470
0.266724 -0.255493 -1.973022 2.555918 -0.215742 -0.127214
0.271729 -0.192627 -1.906250 1.845558 0.146439 0.011392
0.275024 -0.187256 -1.813843 1.157509 0.140743 0.108465
0.302490 -0.206421 -1.708984 0.535914 -0.095648 0.202926
0.299927 -0.253784 -1.557373 0.004747 -0.179192 0.321121
0.302979 -0.290283 -1.401367 -0.388763 -0.047468 0.432909
0.285400 -0.292114 -1.268921 -0.712496 0.196992 0.487972
0.275513 -0.314087 -1.152588 -0.994693 0.518114 0.492481
0.245361 -0.327393 -1.062744 -1.212097 0.780375 0.466611
0.213989 -0.324219 -1.010254 -1.376574 0.898808 0.446912
0.185791 -0.311890 -0.992798 -1.507111 0.897146 0.442877
0.151489 -0.307861 -0.983398 -1.611066 0.835200 0.465899
0.119141 -0.304443 -0.970215 -1.693660 0.772543 0.523098
0.096802 -0.305420 -0.971313 -1.792868 0.724837 0.618034
0.083862 -0.316528 -0.975342 -1.903469 0.652211 0.726024
0.072876 -0.328979 -0.986938 -2.004101 0.572702 0.855137
0.046143 -0.366699 -1.005127 -2.087408 0.550392 1.049993
0.036865 -0.369385 -1.035645 -2.165967 0.669300 1.332903
0.090820 -0.326050 -1.036377 -2.280128 0.993269 1.682743
0.151733 -0.294067 -1.047241 -2.474035 1.333378 2.030446
0.211304 -0.252563 -1.069092 -2.715173 1.604895 2.299590
0.298096 -0.182129 -1.116455 -2.977909 1.735907 2.478782
0.346924 -0.191528 -0.995483 -3.317305 1.757267 2.634240
0.526855 -0.121704 -1.011841 -3.669518 2.086933 2.786138
0.661621 -0.091797 -1.018677 -4.140164 2.531709 2.804650
0.783447 -0.049072 -0.904419 -4.672281 3.032734 2.678385
0.799561 -0.085938 -0.699585 -5.128686 3.787714 2.406868
0.824097 -0.104248 -0.601074 -5.407561 4.007253 2.065098
0.882813 -0.232300 -0.514648 -5.522671 3.978060 1.693898
0.934692 -0.129395 -0.269287 -5.660566 3.780593 1.505212
0.939575 -0.125732 -0.126099 -5.573462 4.058281 1.175784
0.947266 -0.129272 0.044800 -5.337546 4.139926 0.858934
0.875854 -0.139648 0.101440 -5.052025 4.355669 0.696356
0.918335 -0.182983 0.254272 -4.747043 4.678926 0.629901
0.938232 -0.198120 0.401367 -4.348311 5.076234 0.630138
0.891724 -0.180664 0.527100 -3.802429 5.409460 0.637733
0.851685 -0.117676 0.669189 -3.157100 5.120616 0.622544
0.880493 -0.103271 0.572144 -2.357026 4.750128 0.612338
0.951660 -0.000732 0.597656 -1.831318 3.931542 0.587417
0.989136 0.043579 0.615601 -1.439232 3.599977 0.555376
0.993042 0.057495 0.598267 -1.104582 3.275533 0.532117
0.997314 0.161865 0.524048 -0.841846 2.948004 0.523810
1.059326 0.049316 0.541626 -0.675945 2.689065 0.557750
1.052002 0.096924 0.511475 -0.527133 2.425618 0.494380
1.041626 0.140015 0.464111 -0.404903 2.212486 0.437181
1.023438 0.158325 0.442383 -0.345093 1.987488 0.436469
1.050049 0.129517 0.418823 -0.321833 1.679657 0.418668
1.051147 0.121826 0.406372 -0.267957 1.342397 0.343906
1.058228 0.138062 0.404175 -0.239476 1.040262 0.288131
1.056885 0.157593 0.402588 -0.217641 0.782036 0.227847
1.072266 0.161987 0.413452 -0.201502 0.514791 0.161391
1.061523 0.146362 0.440552 -0.172309 0.268669 0.077610
1.045654 0.130249 0.434937 -0.114635 0.040111 -0.001661
1.032104 0.102783 0.435547 -0.061234 -0.114161 -0.042484
1.016357 0.102905 0.429565 -0.018038 -0.201739 -0.035838
1.009033 0.103516 0.407471 0.042721 -0.315425 -0.025158
1.006470 0.110596 0.371094 0.117246 -0.437893 -0.034889
0.994873 0.115601 0.327026 0.183701 -0.547544 -0.054351
0.992065 0.127808 0.283813 0.229271 -0.638208 -0.073101
0.990479 0.140503 0.249390 0.248258 -0.690423 -0.100158
0.997437 0.156616 0.220459 0.252293 -0.669537 -0.131012
0.988647 0.142456 0.196045 0.254429 -0.594537 -0.143116
0.971313 0.152222 0.170288 0.239239 -0.426500 -0.119145
0.973511 0.174316 0.199097 0.191296 -0.383779 -0.135759
0.957764 0.171631 0.179077 0.190110 -0.470171 -0.173970
0.915527 0.162231 0.133667 0.200790 -0.520013 -0.191534
0.924683 0.182373 0.105103 0.150236 -0.507671 -0.154034
0.946045 0.196167 0.124390 0.071677 -0.383542 -0.100870
0.928101 0.193970 0.123901 0.039636 -0.293115 -0.076424
0.929443 0.203857 0.114868 0.032753 -0.274840 -0.059098
0.935425 0.214600 0.113770 0.009731 -0.232593 -0.045807
0.932739 0.213989 0.114746 -0.022547 -0.151660 -0.028006
0.939941 0.164307 0.162720 -0.044145 -0.107040 -0.015902
0.935303 0.182495 0.155029 -0.022310 -0.082594 -0.019225
0.929199 0.194336 0.168457 -0.013054 -0.049129 0.004747
0.947998 0.185547 0.168701 -0.006408 -0.059810 -0.010680
0.918701 0.165527 0.149780 -0.002136 -0.089952 -0.024446
0.931274 0.160767 0.162598 -0.020886 -0.064082 0.013766
0.948486 0.166260 0.179688 -0.023259 -0.044383 0.050553
0.970947 0.167114 0.183472 -0.000475 -0.045095 0.052690
0.972046 0.158203 0.165283 0.017326 -0.025870 0.047943
0.989746 0.163208 0.176636 -0.004509 0.024683 0.067642
1.005859 0.169067 0.186523 -0.022785 0.051028 0.072626
1.009644 0.170288 0.195313 -0.017326 0.067167 0.056250
0.996582 0.162354 0.182495 0.006408 0.045095 0.036313
1.003784 0.165771 0.177124 0.015902 0.006408 0.030142
1.018066 0.174927 0.177368 0.011155 -0.014240 0.027769
1.008179 0.174194 0.180786 0.008070 -0.018513 0.015664
1.019775 0.175781 0.178833 0.004747 -0.023022 -0.000949
1.025635 0.183838 0.181763 -0.013766 0.003085 -0.011392
1.021729 0.180176 0.192505 -0.032041 0.026345 -0.033228
1.005859 0.167847 0.199219 -0.035601 0.023497 -0.064319
0.984253 0.157715 0.186646 -0.038924 0.019699 -0.082832
0.966553 0.144897 0.184937 -0.051028 0.021361 -0.074762
0.952881 0.142700 0.176514 -0.050791 0.009019 -0.051740
0.965576 0.154785 0.180054 -0.044145 -0.013528 -0.021835
0.978271 0.168945 0.191040 -0.029905 -0.034889 -0.008544
0.978882 0.168823 0.188599 -0.008307 -0.070015 -0.020411
0.970947 0.165771 0.183594 0.007358 -0.097310 -0.030617
0.972778 0.169556 0.174438 0.008782 -0.114161 -0.021361
0.981201 0.173218 0.180054 -0.000475 -0.112499 -0.010443
0.977905 0.174561 0.166382 -0.002373 -0.116297 -0.011392
0.982422 0.175537 0.158936 -0.003085 -0.096360 -0.014478
0.978882 0.177856 0.153076 -0.013528 -0.074525 -0.014003
0.986328 0.173828 0.151855 -0.026345 -0.062895 -0.013291
0.977905 0.170776 0.151367 -0.036313 -0.026107 -0.011392
0.977417 0.174438 0.158569 -0.041297 0.003323 -0.008782
0.971069 0.169800 0.156860 -0.035838 0.004747 -0.010680
0.968628 0.173462 0.152588 -0.031092 0.013291 -0.006883
0.972534 0.177002 0.148804 -0.043433 0.023022 0.005459
0.982178 0.182129 0.159302 -0.056487 0.040111 0.012104
0.986938 0.183716 0.175537 -0.060996 0.062895 0.006646
0.982544 0.178955 0.175293 -0.050316 0.051503 -0.005221
0.983521 0.176758 0.176758 -0.044620 0.051028 -0.010443
