0.893311 0.420898 -0.257690 0.045095 -0.271755 -0.210521
0.898560 0.427612 -0.289673 0.014952 -0.464000 -0.214318
0.861450 0.421753 -0.244263 -0.010206 -0.302134 -0.211708
0.850220 0.416870 -0.235352 -0.072389 -0.059098 -0.171597
0.825562 0.426270 -0.201294 -0.120806 0.190110 -0.143354
0.777222 0.439087 -0.186035 -0.143116 0.349602 -0.107515
0.745972 0.429077 -0.173218 -0.187736 0.536389 -0.038449
0.719727 0.379517 -0.137085 -0.265584 0.669300 0.015902
0.698486 0.339600 -0.100586 -0.340346 0.668588 0.035364
0.675293 0.333984 -0.053833 -0.432434 0.653160 0.056012
0.630005 0.324707 0.049683 -0.570091 0.685676 0.059335
0.576660 0.308838 0.184570 -0.711546 0.612813 0.014240
0.511353 0.270508 0.343628 -0.832115 0.413209 -0.058623
0.433838 0.205566 0.509033 -0.913048 0.215505 -0.103243
0.366577 0.107544 0.677734 -0.908539 0.093512 -0.105616
0.287109 0.002808 0.854492 -0.798650 0.047468 -0.025870
0.212769 -0.103516 0.991943 -0.528794 0.016139 0.121518
0.155762 -0.207397 1.056274 -0.109651 0.021123 0.320884
0.119263 -0.291260 1.113525 0.380456 0.031804 0.611151
0.121338 -0.337036 1.105103 0.937494 0.014478 0.971671
0.152222 -0.382935 1.047974 1.583772 -0.107515 1.323647
0.244019 -0.446167 0.907593 2.276568 -0.296201 1.671825
0.398926 -0.478516 0.701904 2.990488 -0.510519 2.035430
0.625732 -0.504517 0.441284 3.649107 -0.758777 2.373878
0.905884 -0.546021 0.104492 4.187395 -0.821672 2.646819
1.197021 -0.465942 -0.257813 4.597518 -0.625392 2.782103
1.384521 -0.365112 -0.656372 4.788340 -0.140268 2.717546
1.508911 -0.263550 -0.985107 4.779796 -0.112262 2.480443
1.588013 -0.180542 -1.280884 4.605588 -0.401105 2.159322
1.664063 -0.119873 -1.510254 4.278296 -0.783935 1.817315
1.713501 -0.091675 -1.706299 3.849659 -1.163679 1.508535
1.791870 -0.032715 -1.760254 3.405833 -1.605132 1.251733
1.828979 -0.020142 -1.795166 2.967228 -1.549595 0.992557
1.822876 -0.033813 -1.803833 2.573718 -1.740654 0.768745
1.738892 -0.020020 -1.858154 2.279179 -1.824909 0.623256
1.628052 0.022217 -1.918213 2.051807 -1.454896 0.456168
1.496582 0.052734 -1.961182 1.720005 -1.014867 0.267720
1.382935 0.080933 -1.977295 1.275229 -0.732195 0.093037
1.290405 0.088745 -1.939087 0.794378 -0.682591 -0.066455
1.164185 0.071167 -1.900513 0.287182 -0.425314 -0.210521
1.064087 0.024536 -1.801147 -0.253717 -0.032041 -0.298574
0.979004 -0.000977 -1.648926 -0.732669 0.219540 -0.320884
0.898560 -0.042114 -1.489258 -1.106718 0.372624 -0.293115
0.802002 -0.090942 -1.343506 -1.387729 0.508383 -0.228796
0.715576 -0.132935 -1.229370 -1.558614 0.588604 -0.116771
0.655762 -0.141846 -1.114136 -1.635987 0.643192 0.060759
0.627319 -0.141113 -1.056519 -1.675148 0.831166 0.275552
0.645630 -0.126343 -0.995239 -1.716682 0.884567 0.478478
0.685059 -0.103394 -0.962891 -1.732584 0.651024 0.640107
0.728027 -0.084717 -0.967773 -1.769609 0.425314 0.760913
0.741699 -0.067871 -0.993896 -1.905368 0.443826 0.848729
0.754028 -0.069214 -0.947510 -2.143420 0.473969 0.925627
0.753784 -0.083496 -0.873413 -2.427279 0.543272 0.996592
0.771240 -0.114624 -0.782715 -2.671265 0.564870 1.056639
0.799561 -0.137695 -0.707642 -2.855916 0.565107 1.116211
0.844238 -0.150757 -0.662231 -2.982655 0.450472 1.167477
0.904785 -0.150635 -0.627808 -3.111057 0.253479 1.193347
0.967529 -0.187866 -0.542969 -3.287163 0.211708 1.179819
1.032227 -0.244019 -0.422241 -3.463032 0.297625 1.146828
1.094604 -0.290894 -0.300659 -3.580041 0.394934 1.121907
1.169922 -0.327393 -0.146484 -3.650768 0.463288 1.082272
1.225586 -0.371582 0.031006 -3.676638 0.466136 1.023886
1.255493 -0.419678 0.224854 -3.589060 0.457117 0.973333
1.270264 -0.432129 0.393066 -3.335818 0.477529 0.938918
1.293091 -0.395996 0.480347 -2.892703 0.366216 0.909251
1.331299 -0.327271 0.477295 -2.327596 0.035364 0.853950
1.358032 -0.285278 0.413696 -1.789783 -0.301422 0.773729
1.354248 -0.230957 0.284790 -1.421431 -0.386153 0.711309
1.343994 -0.150757 0.179199 -1.218505 -0.257277 0.672860
1.325073 -0.124634 0.116821 -1.119771 -0.084018 0.596911
1.304688 -0.108521 0.078125 -1.087018 0.074762 0.520013
1.285400 -0.078491 0.063477 -1.058538 0.199128 0.456405
1.256714 -0.056763 0.030151 -0.991845 0.210758 0.349840
1.233887 -0.043823 0.001343 -0.925390 0.145490 0.241612
1.216675 -0.029907 -0.024048 -0.880532 0.083306 0.159493
1.211426 -0.034912 -0.028809 -0.840185 0.043196 0.075000
1.212646 -0.053101 -0.013428 -0.811229 0.084493 0.015664
1.207275 -0.068115 -0.005127 -0.783223 0.249919 -0.007120
1.184814 -0.068970 -0.004272 -0.713682 0.437181 -0.028481
1.145996 -0.065918 -0.024292 -0.604743 0.529981 -0.058386
1.118774 -0.056885 -0.047119 -0.494854 0.507434 -0.082594
1.110352 -0.048584 -0.067993 -0.391374 0.408225 -0.101107
1.104614 -0.046631 -0.095459 -0.294777 0.305457 -0.121518
1.095825 -0.045776 -0.128662 -0.218353 0.228559 -0.135047
1.088257 -0.022095 -0.154053 -0.168512 0.219540 -0.137420
1.106812 -0.032349 -0.156128 -0.150474 0.259413 -0.114873
1.100464 -0.043457 -0.161377 -0.136945 0.283384 -0.098734
1.084351 -0.049194 -0.165039 -0.118907 0.347229 -0.099446
1.077271 -0.058716 -0.137817 -0.082357 0.360283 -0.093749
1.069214 -0.048828 -0.143188 -0.001424 0.271043 -0.108939
1.048584 -0.021362 -0.166138 0.091139 0.182040 -0.138844
1.041138 -0.005859 -0.170898 0.151898 0.128164 -0.136945
1.042847 -0.014648 -0.178223 0.187499 0.091376 -0.121756
1.037231 -0.002930 -0.214233 0.223812 0.011155 -0.126502
1.040771 0.003906 -0.241333 0.234730 -0.007832 -0.132436
1.041748 0.018433 -0.274536 0.215505 -0.010206 -0.142167
1.030762 0.018921 -0.288696 0.157831 0.020649 -0.152135
1.025757 0.005615 -0.279907 0.072389 0.083306 -0.143354
1.029541 -0.006592 -0.265869 0.015427 0.113923 -0.124604
1.045654 -0.008179 -0.255737 0.004272 0.093512 -0.118907
1.056519 -0.016479 -0.264038 0.020174 0.062420 -0.117009
1.065796 -0.011108 -0.260620 0.040348 0.063607 -0.112262
1.061523 -0.009888 -0.257935 0.054826 0.078797 -0.121756
1.051025 -0.018677 -0.267456 0.068591 0.090664 -0.131487
1.041748 -0.019531 -0.279419 0.073338 0.112737 -0.119620
1.041870 -0.004028 -0.279175 0.066455 0.137183 -0.098496
1.041382 0.004761 -0.283447 0.057199 0.129588 -0.094224
1.034912 0.010132 -0.292847 0.040348 0.110363 -0.098971
1.030396 0.006592 -0.293945 0.022547 0.099446 -0.101582
1.025024 0.014526 -0.299927 0.003797 0.084018 -0.099683
1.023682 0.022217 -0.299316 -0.018513 0.064557 -0.095173
1.010376 0.016968 -0.296875 -0.044145 0.059572 -0.092088
0.996948 0.006714 -0.279907 -0.053402 0.026345 -0.082357
0.995483 0.005371 -0.267944 -0.041297 -0.032516 -0.059098
1.007446 0.010742 -0.262939 -0.012579 -0.085917 -0.012104
1.023560 0.018188 -0.266113 0.016851 -0.103243 0.033228
1.032837 0.028687 -0.277588 0.035601 -0.106328 0.058623
1.052246 0.034912 -0.284302 0.038686 -0.115822 0.070015
1.068359 0.041626 -0.314941 0.026582 -0.130300 0.071914
1.079834 0.043823 -0.323120 -0.019699 -0.111075 0.066455
1.094238 0.036743 -0.307617 -0.086867 -0.078797 0.047468
1.108643 0.032471 -0.281250 -0.135047 -0.080933 0.018513
1.109985 0.017334 -0.255493 -0.155695 -0.086629 -0.017089
1.100586 0.002319 -0.235840 -0.166376 -0.064557 -0.046756
1.085693 -0.009521 -0.225830 -0.161391 -0.048655 -0.062183
1.068115 -0.016602 -0.218994 -0.137657 -0.046519 -0.070015
1.063721 -0.008057 -0.213623 -0.109414 -0.044383 -0.073101
1.058716 -0.004517 -0.221191 -0.079746 -0.038924 -0.079984
1.053955 -0.005371 -0.228760 -0.055775 -0.033465 -0.089003
1.049194 -0.002808 -0.237305 -0.046044 -0.029668 -0.087104
1.052002 0.001587 -0.231079 -0.048180 -0.002136 -0.082594
1.053101 0.005005 -0.233032 -0.050791 0.029905 -0.094936
1.047852 0.011353 -0.236572 -0.053164 0.046519 -0.110363
1.052368 0.009521 -0.249390 -0.056250 0.040348 -0.118670
1.052856 0.010742 -0.254028 -0.071202 0.069541 -0.130537
1.061523 0.009766 -0.244385 -0.098022 0.123417 -0.140268
1.067993 0.007568 -0.231567 -0.121756 0.136708 -0.148575
1.071777 0.006226 -0.227417 -0.134572 0.127214 -0.160205
1.071899 -0.003296 -0.224976 -0.137657 0.111075 -0.183939
1.073120 -0.005615 -0.233276 -0.135047 0.076661 -0.215030
1.068970 -0.010376 -0.251099 -0.131724 0.039398 -0.230457
1.074097 -0.008301 -0.251099 -0.143828 0.016376 -0.233305
1.080566 -0.003418 -0.249268 -0.164239 -0.003560 -0.242324
1.102539 -0.010376 -0.226929 -0.183701 -0.006408 -0.252767
1.108887 -0.009033 -0.214600 -0.196992 -0.033702 -0.270093
1.086914 -0.005127 -0.213501 -0.198891 0.033228 -0.292403
1.064087 0.001221 -0.213257 -0.179904 0.111075 -0.301897
1.048218 0.007690 -0.234985 -0.149999 0.088765 -0.300710
1.042358 0.014160 -0.266357 -0.130774 0.008070 -0.301897
1.031006 0.012329 -0.277588 -0.132436 -0.038212 -0.305220
