0.933350 0.365356 -0.223267 -0.075000 -0.015902 -0.023971
0.924316 0.366821 -0.226563 -0.089715 0.056962 -0.017801
0.921509 0.372314 -0.200562 -0.124604 0.102056 -0.011630
0.921021 0.354980 -0.171509 -0.154509 0.101107 -0.013528
0.914185 0.401611 -0.205688 -0.124366 0.064082 -0.025870
0.912720 0.351196 -0.153198 -0.048180 0.037737 -0.037737
0.916260 0.365234 -0.151978 0.030142 0.016376 -0.059810
0.922974 0.383667 -0.161743 0.085443 0.024683 -0.091613
0.921021 0.376099 -0.181641 0.087341 0.017801 -0.094461
0.917969 0.370972 -0.179443 0.060759 0.028718 -0.075949
0.919800 0.373535 -0.176514 0.024209 0.052215 -0.054588
0.909546 0.372681 -0.172607 -0.008307 0.053639 -0.039161
0.907104 0.380127 -0.178223 -0.023971 0.040823 -0.030380
0.910767 0.383423 -0.184570 -0.033940 0.026345 -0.020411
0.908325 0.384033 -0.179443 -0.051503 0.009968 -0.003797
0.910889 0.387085 -0.190308 -0.074762 0.010918 0.018038
0.918213 0.373535 -0.186157 -0.092800 0.013291 0.047231
0.915894 0.376953 -0.186768 -0.092800 0.034652 0.069541
0.910400 0.356934 -0.234863 -0.089477 0.116059 0.085680
0.927002 0.391724 -0.145020 -0.105142 0.224761 0.102768
0.938232 0.383545 -0.177002 -0.167562 0.131724 0.117246
0.939575 0.374878 -0.190552 -0.164714 0.138132 0.104667
0.926880 0.371826 -0.172852 -0.126502 0.214081 0.072626
0.903931 0.383667 -0.167847 -0.089952 0.178955 0.054114
0.904907 0.387939 -0.188110 -0.068591 0.142167 0.052452
0.907349 0.381592 -0.188599 -0.077610 0.098022 0.063370
0.915405 0.381348 -0.181152 -0.087579 0.069303 0.052690
0.911621 0.379517 -0.184570 -0.101344 0.050079 0.022785
0.899414 0.382202 -0.171509 -0.109651 0.024209 -0.008307
0.897217 0.387451 -0.156494 -0.113923 -0.029430 -0.030854
0.909912 0.382813 -0.147949 -0.129113 -0.077848 -0.046519
0.898071 0.371216 -0.146362 -0.152847 -0.074288 -0.053876
0.891479 0.370117 -0.152710 -0.176819 0.000949 -0.042484
0.887207 0.372070 -0.151733 -0.198654 0.093275 -0.004747
0.869751 0.363403 -0.145630 -0.219065 0.126265 0.043671
0.864258 0.353760 -0.136230 -0.238290 0.115347 0.066693
0.868896 0.337891 -0.127930 -0.256802 0.098734 0.059572
0.857544 0.338989 -0.105225 -0.272941 0.061234 0.042959
0.845825 0.328613 -0.070190 -0.276264 0.040348 0.034414
0.836426 0.306885 -0.031982 -0.267245 0.014240 0.042959
0.827637 0.299194 -0.001709 -0.238527 -0.028481 0.071202
0.824585 0.281616 0.042725 -0.181091 -0.053639 0.114398
0.816162 0.261841 0.064331 -0.109414 -0.050079 0.156645
0.799561 0.243164 0.078613 -0.026345 -0.060284 0.186075
0.761597 0.230469 0.089844 0.075237 -0.098971 0.196755
0.756226 0.211914 0.099487 0.194382 -0.208859 0.198416
0.769653 0.187012 0.095825 0.336074 -0.342007 0.221438
0.773438 0.180298 0.098511 0.508383 -0.442402 0.273891
0.780640 0.161987 0.095337 0.694932 -0.511943 0.348416
0.801636 0.149048 0.088623 0.890975 -0.510044 0.426975
0.805298 0.126221 0.094482 1.096512 -0.475630 0.492244
0.784790 0.099609 0.106445 1.317001 -0.418194 0.534490
0.758911 0.064087 0.140259 1.552680 -0.417244 0.573889
0.729980 0.072144 0.131470 1.808296 -0.461390 0.627053
0.700928 0.059204 0.115234 2.106158 -0.529032 0.724600
0.706543 0.046021 0.020874 2.445080 -0.625392 0.858222
0.732544 0.036133 -0.061890 2.777356 -0.705138 0.986386
0.768799 0.001465 -0.123657 3.058604 -0.719378 1.073490
0.819458 -0.043457 -0.172974 3.290486 -0.753318 1.114075
0.852295 -0.097778 -0.191406 3.514060 -0.835438 1.135199
0.915405 -0.094360 -0.256226 3.758996 -0.913048 1.130689
0.977539 -0.099121 -0.321411 4.010339 -1.025547 1.120721
1.044556 0.002441 -0.487793 4.161050 -1.120246 1.085120
1.086426 0.008789 -0.627441 4.102190 -1.092003 1.002051
1.092529 0.021240 -0.705688 3.768252 -0.888365 0.867716
1.082520 0.024536 -0.806152 3.269362 -0.615423 0.779663
1.076050 0.011108 -0.794189 2.797293 -0.343194 0.767084
1.080933 -0.004272 -0.790649 2.420634 -0.195331 0.763761
1.088013 -0.035645 -0.770264 2.145793 -0.158306 0.715581
1.097168 -0.056763 -0.753418 1.969212 -0.161391 0.626104
1.101196 -0.056396 -0.759155 1.861935 -0.159730 0.542085
1.099243 -0.065430 -0.754028 1.763676 -0.107752 0.487497
1.103760 -0.048706 -0.758179 1.627680 -0.044383 0.442165
1.110718 -0.026855 -0.773071 1.443978 0.007832 0.380456
1.106812 -0.031616 -0.768311 1.206401 0.033465 0.290505
1.094360 -0.041504 -0.743896 0.936307 0.052215 0.184651
1.065308 -0.064941 -0.706909 0.688762 0.086392 0.101107
1.032959 -0.081421 -0.673218 0.500788 0.123654 0.058623
1.016846 -0.111328 -0.643799 0.375235 0.134572 0.044857
0.985596 -0.099121 -0.604980 0.310678 0.129113 0.039636
0.972412 -0.101318 -0.593140 0.297150 0.125316 0.042721
0.958740 -0.099976 -0.577148 0.305457 0.102531 0.051028
0.946533 -0.096191 -0.575317 0.290742 0.069778 0.051503
0.937988 -0.088623 -0.582642 0.245173 0.047231 0.043196
0.926514 -0.100098 -0.561646 0.165901 0.042721 0.036076
0.908691 -0.110352 -0.552246 0.072626 0.048655 0.031329
0.897827 -0.121338 -0.539673 -0.007120 0.057674 0.033465
0.877563 -0.138550 -0.536743 -0.060047 0.081408 0.047943
0.867432 -0.136841 -0.530151 -0.101107 0.106803 0.068591
0.861572 -0.140503 -0.528076 -0.131724 0.123180 0.087104
0.856079 -0.147095 -0.533203 -0.151898 0.143828 0.096597
0.847168 -0.143188 -0.556152 -0.177768 0.170173 0.103955
0.841675 -0.151001 -0.575317 -0.228084 0.205537 0.112737
0.824463 -0.158936 -0.589111 -0.310916 0.249682 0.124604
0.820313 -0.164917 -0.614136 -0.413447 0.279824 0.146676
0.810425 -0.179321 -0.613403 -0.519775 0.291691 0.176344
0.801636 -0.191040 -0.613037 -0.627528 0.302372 0.208385
0.802979 -0.194824 -0.617554 -0.726499 0.341058 0.247309
0.797974 -0.205688 -0.630371 -0.805533 0.415108 0.290030
0.792603 -0.213257 -0.634644 -0.881482 0.509095 0.330615
0.786621 -0.212646 -0.635010 -0.960516 0.606879 0.366928
0.779175 -0.216064 -0.646484 -1.037889 0.717242 0.404903
0.771118 -0.212769 -0.656616 -1.127841 0.791767 0.443826
0.776245 -0.202026 -0.668091 -1.241527 0.807432 0.476579
0.776489 -0.183105 -0.681641 -1.379659 0.808856 0.497703
0.784058 -0.161133 -0.708374 -1.546747 0.783935 0.505535
0.803345 -0.136108 -0.726685 -1.748723 0.743824 0.506009
0.835938 -0.105103 -0.751221 -1.983690 0.742163 0.518351
0.855713 -0.083740 -0.782471 -2.273957 0.811704 0.541136
0.869751 -0.126343 -0.755615 -2.636138 0.918032 0.570566
0.882446 -0.163330 -0.695923 -3.022766 0.998016 0.613287
0.910522 -0.198120 -0.615112 -3.329172 0.999203 0.689474
0.950195 -0.226929 -0.520264 -3.510500 0.938681 0.774916
1.011108 -0.201538 -0.458496 -3.614930 0.880295 0.826894
1.020874 -0.197632 -0.405273 -3.713663 0.896909 0.816213
1.012329 -0.202148 -0.335815 -3.835894 0.989234 0.766846
0.984375 -0.212769 -0.289063 -3.956225 1.081797 0.748334
0.967163 -0.259888 -0.227539 -4.035734 1.120009 0.789868
0.977051 -0.266602 -0.139404 -4.050687 1.062098 0.837337
1.008789 -0.287476 -0.069336 -3.964295 0.864631 0.832352
1.068115 -0.297852 -0.010132 -3.737397 0.616847 0.759964
1.100464 -0.270142 0.038330 -3.412716 0.393985 0.639632
1.106201 -0.264771 0.038696 -3.037956 0.282910 0.514316
1.083252 -0.257935 0.036499 -2.702594 0.274840 0.425314
1.060547 -0.242798 0.008057 -2.438197 0.310678 0.390425
1.031372 -0.241455 -0.017212 -2.252834 0.339159 0.388763
1.023804 -0.239990 0.001709 -2.143895 0.325868 0.379507
1.037109 -0.227539 0.023071 -2.046348 0.216217 0.337023
1.048340 -0.236328 0.036499 -1.906554 0.061946 0.269619
1.063599 -0.237305 0.043823 -1.717157 -0.046281 0.204350
1.065918 -0.232544 0.042725 -1.509959 -0.093275 0.156407
1.063721 -0.213257 0.030884 -1.306796 -0.075949 0.131249
1.066406 -0.201538 0.006348 -1.118110 -0.010206 0.117246
1.054932 -0.191772 -0.010010 -0.961703 0.086867 0.111550
1.033203 -0.186523 -0.016968 -0.847542 0.193670 0.110838
1.016968 -0.183350 -0.037354 -0.760201 0.247309 0.111787
0.992432 -0.182861 -0.040039 -0.677132 0.221438 0.116534
0.997314 -0.177856 -0.038696 -0.590265 0.128638 0.114398
1.005005 -0.172485 -0.033569 -0.496041 0.019225 0.094936
1.013916 -0.164917 -0.042358 -0.393748 -0.057674 0.062183
1.011597 -0.160278 -0.056030 -0.296438 -0.079272 0.034177
1.004028 -0.150024 -0.077637 -0.218116 -0.057436 0.027294
0.998535 -0.138550 -0.105835 -0.156882 -0.020886 0.037974
0.995605 -0.122314 -0.129639 -0.107040 0.015664 0.050791
0.988403 -0.108032 -0.156372 -0.079984 0.035601 0.050553
0.980713 -0.100220 -0.163330 -0.082120 0.024446 0.034652
0.980347 -0.101929 -0.167236 -0.102531 -0.007120 0.009968
0.971558 -0.106201 -0.157471 -0.127689 -0.045095 -0.015902
0.969849 -0.110718 -0.147949 -0.134809 -0.079984 -0.032041
0.975952 -0.107422 -0.144409 -0.107515 -0.106803 -0.034177
