1.140625 0.374878 -0.069092 -0.674521 0.079984 -0.048655
1.138672 0.369141 -0.002075 -0.721277 -0.066930 -0.121756
1.181152 0.321655 0.062256 -0.689236 -0.266770 -0.150711
1.145996 0.362915 0.120239 -0.616610 -0.220726 -0.201265
1.095825 0.404541 0.139893 -0.494142 -0.089003 -0.284334
1.012085 0.442261 0.146240 -0.348890 0.146676 -0.328716
0.937256 0.447754 0.148560 -0.236391 0.354349 -0.322071
0.837036 0.438354 0.131104 -0.153322 0.487260 -0.288606
0.776611 0.425293 0.111572 -0.098496 0.550155 -0.223812
0.763062 0.417969 0.118286 -0.100395 0.538525 -0.129113
0.752441 0.418457 0.145630 -0.139793 0.455456 -0.078322
0.741089 0.416626 0.178711 -0.165426 0.264872 -0.086155
0.705444 0.388672 0.211914 -0.185837 0.036313 -0.135284
0.641357 0.340820 0.259888 -0.214081 -0.164714 -0.185600
0.564575 0.284058 0.324341 -0.238052 -0.314239 -0.217166
0.518921 0.232422 0.382935 -0.244223 -0.439792 -0.215742
0.472168 0.165405 0.440186 -0.264634 -0.549205 -0.191534
0.421021 0.077759 0.528564 -0.305457 -0.573889 -0.151898
0.392578 -0.003906 0.615601 -0.306406 -0.515503 -0.083306
0.410645 -0.114746 0.738159 -0.249445 -0.519775 0.014003
0.470459 -0.234009 0.859375 -0.134809 -0.533778 0.146676
0.511719 -0.310791 0.976807 0.037025 -0.360757 0.321121
0.539185 -0.363770 1.069702 0.286944 0.002136 0.540899
0.507935 -0.390625 1.116455 0.649363 0.384254 0.782274
0.504517 -0.369507 1.160889 1.192635 0.134097 0.993981
0.510376 -0.309937 1.101807 1.864071 0.203875 1.201416
0.549561 -0.237915 0.958252 2.582737 0.104430 1.378710
0.593018 -0.218384 0.740845 3.274821 -0.299523 1.498092
0.717651 -0.206421 0.491455 3.930118 -0.822859 1.665654
0.866821 -0.218628 0.189941 4.581379 -1.213758 1.819451
1.074707 -0.185303 -0.187378 5.188259 -1.450387 1.890178
1.367310 -0.101929 -0.650513 5.644901 -1.676334 1.886381
1.625732 0.061768 -1.178223 5.850201 -1.868343 1.716920
1.749268 0.251221 -1.639771 5.663177 -1.881396 1.349992
1.677856 0.347290 -1.953491 5.019984 -1.450149 0.931798
1.567871 0.374390 -2.109619 4.037633 -0.785834 0.628952
1.508057 0.354736 -2.176758 3.070471 -0.334412 0.431010
1.462524 0.325439 -2.208496 2.252122 -0.300473 0.311390
1.430664 0.344238 -2.202881 1.546747 -0.581721 0.227609
1.377197 0.368896 -2.154419 0.915896 -0.957905 0.135047
1.279175 0.376831 -2.061279 0.314951 -1.228473 0.037974
1.189697 0.342896 -1.922974 -0.241375 -1.364944 -0.034177
1.130005 0.280518 -1.730957 -0.725312 -1.316764 -0.067642
1.068848 0.222900 -1.538208 -1.078474 -1.110515 -0.057674
1.022095 0.154297 -1.381104 -1.270483 -0.813365 -0.042009
0.977783 0.089844 -1.276367 -1.323647 -0.518826 -0.042721
0.930420 0.053345 -1.189941 -1.301574 -0.246359 -0.025870
0.881470 0.051514 -1.127686 -1.258853 0.025395 0.028481
0.833496 0.070068 -1.099854 -1.259565 0.300473 0.113449
0.795654 0.079102 -1.084961 -1.344770 0.567718 0.224999
0.787231 0.085205 -1.082031 -1.480529 0.749283 0.321596
0.763916 0.111572 -1.113037 -1.594689 0.748809 0.370014
0.725220 0.106079 -1.170898 -1.736619 0.607354 0.402054
0.684448 0.090942 -1.211914 -1.942868 0.377371 0.460915
0.673706 0.093018 -1.206909 -2.210113 0.075237 0.571278
0.694702 0.093262 -1.184814 -2.532658 -0.103243 0.704901
0.700928 0.082031 -1.136230 -2.925456 -0.049841 0.827131
0.734131 0.028076 -1.079102 -3.399425 0.018987 0.945801
0.832275 -0.040894 -0.971924 -3.902112 -0.098022 1.058538
0.972778 -0.108154 -0.812744 -4.396254 -0.234492 1.139471
1.111938 -0.163452 -0.592896 -4.856220 -0.320172 1.164391
1.221191 -0.224121 -0.344116 -5.230031 -0.193670 1.118585
1.277954 -0.295776 -0.055664 -5.449808 0.107990 0.991133
1.270996 -0.341675 0.228882 -5.435804 0.446912 0.824520
1.188965 -0.347900 0.460693 -5.178765 0.639395 0.674046
1.143188 -0.321411 0.626953 -4.726395 0.632987 0.576500
1.143188 -0.325195 0.732056 -4.166034 0.354824 0.556088
1.186523 -0.300415 0.797974 -3.576006 0.093749 0.589553
1.267212 -0.252930 0.818359 -2.980994 -0.080933 0.631562
1.361694 -0.194336 0.836426 -2.424668 -0.088765 0.644616
1.406494 -0.114136 0.850098 -1.914149 0.072863 0.606642
1.390869 -0.033325 0.803345 -1.434247 0.312577 0.518826
1.350464 0.040283 0.716187 -1.006323 0.546357 0.399918
1.291992 0.084229 0.622803 -0.681167 0.780138 0.277688
1.220581 0.115723 0.530762 -0.445488 0.969298 0.170410
1.141602 0.128540 0.453369 -0.283859 1.117161 0.099446
1.067017 0.138184 0.388916 -0.192246 1.222302 0.074050
1.011963 0.161987 0.320068 -0.141929 1.252207 0.084018
0.991455 0.155762 0.268311 -0.123892 1.246037 0.112737
0.987793 0.154053 0.238647 -0.084730 1.165578 0.127926
1.002930 0.161255 0.217529 -0.018275 0.948412 0.117246
1.024658 0.172607 0.189941 0.021598 0.766372 0.100158
1.031738 0.200562 0.171265 0.025395 0.648651 0.075474
1.023560 0.219360 0.171143 0.021123 0.546120 0.032753
0.998657 0.218262 0.173950 0.011630 0.479902 -0.009731
0.975098 0.207031 0.169067 0.016376 0.442402 -0.029430
0.964844 0.201538 0.164795 0.055063 0.433858 -0.023734
0.971313 0.217529 0.127441 0.112262 0.452608 -0.007358
0.983521 0.219971 0.098022 0.144778 0.491057 0.018750
0.995728 0.220947 0.083618 0.160917 0.481801 0.031092
0.999512 0.222290 0.060059 0.167562 0.401580 0.018513
0.998779 0.214966 0.043701 0.151898 0.292166 0.011867
1.013550 0.201538 0.032837 0.124604 0.186787 0.012342
1.043945 0.198608 0.032959 0.107278 0.037262 0.002611
1.063965 0.202515 0.039185 0.100395 -0.120569 -0.022310
1.061890 0.191528 0.037842 0.100870 -0.236391 -0.054114
1.048950 0.180786 0.025269 0.103243 -0.305932 -0.067879
1.024536 0.163086 0.006836 0.094699 -0.315188 -0.049129
1.016724 0.169922 -0.010376 0.077373 -0.278400 -0.003085
1.034912 0.178345 -0.014282 0.066930 -0.239476 0.044383
1.048950 0.178467 -0.003296 0.084256 -0.232593 0.059572
1.043701 0.186157 -0.006592 0.111313 -0.240188 0.049129
1.044434 0.177979 -0.021484 0.133385 -0.238527 0.043196
1.043335 0.176636 -0.029663 0.164952 -0.229271 0.041060
1.055420 0.177490 -0.044189 0.186787 -0.211233 0.046281
1.074097 0.187866 -0.045898 0.192246 -0.177293 0.054826
1.078125 0.193970 -0.043457 0.184651 -0.128401 0.048655
1.070801 0.196167 -0.037720 0.172072 -0.093512 0.033465
1.051880 0.178711 -0.035767 0.167562 -0.095648 0.017563
1.046265 0.169678 -0.041748 0.167088 -0.107515 0.017089
1.057739 0.177734 -0.049805 0.164239 -0.110363 0.030617
1.060425 0.181641 -0.053345 0.164952 -0.113686 0.021598
1.062134 0.161865 -0.064819 0.170885 -0.135759 -0.003323
1.061768 0.148926 -0.076050 0.178243 -0.136233 -0.003085
1.084229 0.142944 -0.065308 0.176819 -0.053164 0.023497
1.107666 0.160034 -0.041260 0.186787 0.035126 0.026107
1.087524 0.171997 -0.021973 0.230457 0.125790 0.005459
1.037964 0.193970 -0.013794 0.289792 0.289080 -0.007832
0.968628 0.210327 -0.028076 0.350552 0.478478 -0.017326
0.904907 0.214355 -0.060059 0.420804 0.523573 -0.005934
0.875122 0.233887 -0.097290 0.469934 0.470408 0.032278
0.877075 0.245728 -0.131958 0.497465 0.324919 0.072626
0.933960 0.239136 -0.158325 0.508146 0.111550 0.099208
1.017456 0.234253 -0.175537 0.464000 -0.062658 0.119382
1.095581 0.238770 -0.172119 0.370488 -0.131961 0.122468
1.130005 0.256226 -0.150024 0.256565 -0.113923 0.090901
1.109497 0.279663 -0.136353 0.147626 -0.093987 0.034177
1.062378 0.284058 -0.112427 0.055063 -0.081882 -0.018750
1.022583 0.298340 -0.092773 -0.017563 -0.061708 -0.043908
0.994629 0.305786 -0.096558 -0.085443 -0.097784 -0.048655
0.977539 0.298096 -0.119141 -0.169698 -0.202451 -0.054588
0.967285 0.275269 -0.153809 -0.281960 -0.414633 -0.092325
1.041504 0.227417 -0.100342 -0.432909 -0.700866 -0.148575
1.054565 0.262695 -0.040527 -0.604031 -0.474206 -0.195331
1.063843 0.254395 0.114990 -0.631088 -1.027209 -0.287182
1.065308 0.199707 0.238770 -0.447624 -1.987488 -0.360995
1.014526 0.180054 0.237183 -0.142642 -2.351805 -0.315188
0.988281 0.177490 0.195557 0.161391 -1.982978 -0.141692
0.964966 0.181519 0.102539 0.436231 -1.173648 0.079272
0.946655 0.179565 -0.046753 0.703951 -0.373336 0.259176
0.974121 0.189941 -0.197388 0.920406 -0.012579 0.373574
1.058716 0.204102 -0.340942 1.023411 -0.023259 0.435519
1.160278 0.287720 -0.451660 0.988522 -0.147626 0.427450
1.226318 0.353271 -0.515747 0.813840 -0.171834 0.301659
1.219971 0.374756 -0.549072 0.542323 -0.137895 0.089477
1.178345 0.364624 -0.519897 0.220964 -0.148575 -0.101819
1.124756 0.326050 -0.445190 -0.076424 -0.245173 -0.252293
1.047241 0.230469 -0.366089 -0.283384 -0.321596 -0.347941
1.000732 0.169678 -0.262817 -0.395646 -0.439554 -0.337498
0.979492 0.164917 -0.168091 -0.391849 -0.565107 -0.231169
