0.953613 0.296875 -0.048340 -0.123654 0.434095 -0.269144
0.930176 0.298218 0.003174 -0.146439 0.541848 -0.218590
0.937500 0.307617 0.042480 -0.098259 0.492244 -0.164239
0.913086 0.303467 0.065430 -0.001661 0.374286 -0.136471
0.992798 0.266724 -0.034790 0.131249 0.188923 -0.054826
0.942017 0.249146 -0.014526 0.161629 0.269144 -0.108702
0.907349 0.366333 -0.097290 0.120806 0.375472 -0.100870
0.826538 0.352417 -0.082153 0.018987 0.563209 -0.012342
0.813232 0.301758 -0.009888 -0.033465 0.664790 0.125316
0.878296 0.310669 0.041870 -0.011630 0.442402 0.218116
0.909668 0.320801 0.048584 0.106566 0.129113 0.210046
0.918945 0.335693 0.013184 0.213844 -0.128401 0.193670
0.890991 0.325806 -0.022217 0.243274 -0.117958 0.198891
0.856079 0.317017 -0.030518 0.221913 0.083306 0.209097
0.841064 0.321411 -0.028198 0.193670 0.271280 0.202451
0.826538 0.325195 -0.005127 0.161866 0.331090 0.167562
0.816040 0.325073 0.060913 0.135521 0.303084 0.103243
0.791992 0.316772 0.128174 0.147626 0.330378 0.011155
0.762451 0.296387 0.203247 0.192008 0.505297 -0.072389
0.691528 0.245728 0.272461 0.258701 0.779900 -0.174208
0.584595 0.180298 0.336182 0.387102 1.113838 -0.287182
0.138550 0.166382 0.445435 0.560360 1.540338 -0.222151
0.252930 0.088379 0.619507 0.797938 1.912725 0.085443
0.121704 0.051514 0.731812 1.165341 2.439384 0.085917
0.005859 -0.038818 0.709839 1.678945 1.967314 0.257989
-0.102173 -0.096436 0.605225 2.173800 1.683217 0.481563
-0.130249 -0.145752 0.478271 2.545949 1.529184 0.777289
-0.042114 -0.156128 0.349609 2.758843 1.200942 1.217081
0.148926 -0.183960 0.268188 2.779017 0.861071 1.680132
0.417969 -0.236572 0.241333 2.711375 0.599284 2.129892
0.670044 -0.242432 0.263184 2.732736 0.348653 2.522215
0.928223 -0.219727 0.322388 2.817229 -0.086867 2.753147
1.337891 -0.149414 0.334229 2.999506 -0.733144 2.846659
1.597656 -0.108032 0.163330 3.112243 -1.149439 2.603860
1.861450 0.018311 -0.026123 3.103699 -1.407665 2.323324
1.998291 0.140869 -0.144287 3.014696 -1.007035 2.070794
2.316528 0.470703 -0.303101 2.901722 -0.452608 1.744926
2.063110 0.191895 -0.472046 2.545475 0.708698 1.244850
1.818481 0.091919 -0.441772 2.033532 1.847219 1.021275
1.734985 0.159668 -0.419067 1.671825 1.628866 1.000627
1.647583 0.182617 -0.382324 1.287571 1.632427 0.754505
1.500122 0.119629 -0.354736 0.989472 1.566446 0.409887
1.397095 0.106934 -0.347900 0.805058 0.785834 0.286944
1.373047 0.114746 -0.289673 0.657907 0.521437 0.297387
1.329956 0.102295 -0.220093 0.494854 0.495567 0.217404
1.307007 0.068726 -0.183838 0.323732 0.286232 0.116297
1.283325 0.049194 -0.137573 0.199841 0.290030 0.076424
1.210205 0.010742 -0.111938 0.114398 0.474206 0.070253
1.164795 -0.011230 -0.089600 0.040585 0.482513 0.085443
1.132813 -0.021362 -0.039673 -0.017563 0.403241 0.127214
1.135986 -0.027710 -0.001221 -0.038924 0.267957 0.195568
1.174438 -0.012207 0.045166 -0.052215 0.174208 0.249682
1.174927 -0.016846 0.087402 -0.070490 0.131012 0.251581
1.182251 -0.012817 0.112061 -0.120332 0.206961 0.210521
1.207031 -0.001465 0.143921 -0.167088 0.125553 0.150948
1.184570 -0.008057 0.168945 -0.163765 0.024683 0.065981
1.107422 -0.042847 0.189087 -0.139081 -0.019699 -0.002136
1.062378 -0.025635 0.192627 -0.114161 -0.031329 0.010443
1.036987 -0.003052 0.187500 -0.085917 -0.031804 0.032041
1.029541 0.015259 0.195679 -0.050316 -0.053402 0.016851
1.024048 0.022705 0.208008 -0.010443 -0.085917 -0.011155
1.004639 0.041138 0.191528 0.030854 -0.065981 -0.028243
0.986450 0.041748 0.148315 0.041297 -0.000949 -0.028481
0.980469 0.048584 0.110596 0.014478 0.049367 -0.027531
0.969482 0.061523 0.083862 -0.031092 0.046281 -0.046044
0.953857 0.062500 0.089844 -0.080221 0.034177 -0.066218
0.903931 0.020874 0.085693 -0.104430 0.048180 -0.052690
0.924683 0.028931 0.054321 -0.141929 0.018513 0.018987
0.966064 -0.014160 0.022095 -0.193907 0.042959 0.044620
1.022095 -0.051270 -0.008423 -0.248733 0.025870 0.067405
1.051636 -0.113159 -0.041260 -0.326343 0.025395 0.098022
1.029297 -0.202637 -0.125488 -0.415108 -0.009494 0.160442
0.984253 -0.304565 -0.250732 -0.496279 -0.027057 0.297387
1.000000 -0.335815 -0.412842 -0.598572 -0.181803 0.562971
1.085693 -0.328369 -0.582275 -0.777289 -0.497465 0.861783
1.252197 -0.302612 -0.748535 -1.051892 -0.787020 1.066607
1.375488 -0.262085 -0.818848 -1.447064 -0.865817 1.123094
1.378296 -0.248779 -0.894165 -1.956159 -0.752606 1.015816
1.326660 -0.267700 -0.923828 -2.527437 -0.473257 0.862257
1.193359 -0.331665 -0.948975 -3.059316 -0.319935 0.720565
1.113159 -0.373535 -0.911621 -3.530911 -0.301897 0.585518
1.067261 -0.448486 -0.808472 -3.995149 -0.328004 0.498652
1.030396 -0.434814 -0.490234 -4.405273 -0.362419 0.399918
1.055908 -0.370361 0.062744 -4.643325 -0.564870 0.253717
1.091187 -0.183472 0.708252 -4.525367 -0.802685 0.000712
0.753784 -0.142822 0.946655 -4.084389 -0.638445 -0.358384
0.401123 -0.246704 0.822021 -3.604487 -0.281960 -0.526895
0.118652 -0.319702 0.954834 -3.351245 -0.042959 -0.361469
0.271851 -0.299683 1.041626 -3.040092 -0.097784 0.062183
0.606323 -0.342529 1.162476 -2.620711 -0.537101 0.403953
0.906616 -0.382324 1.193604 -2.106158 -0.772305 0.521911
1.113159 -0.386230 1.103027 -1.535829 -0.606404 0.571278
1.274902 -0.322388 0.949829 -1.024361 -0.293827 0.609490
1.355713 -0.206055 0.746338 -0.571278 -0.008544 0.543984
1.335205 -0.103394 0.457031 -0.182752 0.113923 0.384017
1.313721 0.012085 0.224243 0.028956 0.092800 0.211945
1.287231 0.089478 0.075317 0.055538 0.110601 0.041772
1.219849 0.115723 0.023682 -0.023259 0.145490 -0.121281
1.141113 0.115601 -0.013916 -0.109177 0.186075 -0.246834
1.077515 0.109253 0.033691 -0.189872 0.232119 -0.325631
1.022095 0.074219 0.065552 -0.215268 0.270568 -0.354824
0.966675 0.039795 0.055664 -0.168274 0.278400 -0.327767
0.940430 0.012939 0.020996 -0.112737 0.266533 -0.263448
0.977295 0.002686 0.019531 -0.092563 0.242087 -0.170885
1.021851 -0.019775 0.045654 -0.097784 0.232831 -0.095173
1.038574 -0.046631 0.063110 -0.103480 0.268669 -0.062895
1.051880 -0.059082 0.069336 -0.085680 0.229508 -0.043671
1.067505 -0.078125 0.077148 -0.071202 0.173733 -0.038686
1.088135 -0.079224 0.073364 -0.061946 0.115110 -0.045807
1.082153 -0.077271 0.059570 -0.060996 0.037500 -0.069303
1.083862 -0.070068 0.056030 -0.083781 -0.043671 -0.093749
1.069336 -0.090332 0.068848 -0.118670 -0.098971 -0.108702
1.097534 -0.091553 0.084595 -0.132673 -0.164952 -0.100395
1.148193 -0.101074 0.112427 -0.126028 -0.254666 -0.083544
1.219971 -0.106323 0.125488 -0.095885 -0.315900 -0.074288
1.305786 -0.114990 0.129395 -0.067167 -0.343194 -0.073338
1.433838 -0.099487 0.116455 -0.037262 -0.382830 -0.090189
1.556519 -0.094849 0.098145 -0.031092 -0.380931 -0.159967
1.653076 -0.114014 0.128906 -0.068829 -0.251581 -0.295251
1.753174 -0.131592 0.212524 -0.101107 -0.180616 -0.452371
1.883545 -0.139160 0.348999 -0.058860 -0.215980 -0.660518
1.987915 -0.176758 0.467163 0.074288 -0.233780 -0.936307
2.052734 -0.228882 0.563232 0.259888 -0.199366 -1.260277
1.978516 -0.243896 0.620483 0.511468 0.004509 -1.666603
1.817383 -0.299561 0.663330 0.757353 0.503873 -2.017630
1.644287 -0.350342 0.710938 1.012968 0.812178 -2.277043
1.441772 -0.376953 0.721313 1.265498 1.067557 -2.435586
1.235352 -0.403320 0.741333 1.518741 1.139708 -2.498719
1.037720 -0.386719 0.718262 1.794767 1.298251 -2.496820
0.728882 -0.410645 0.622803 2.082661 1.429263 -2.393814
0.436035 -0.352295 0.394897 2.431314 1.235119 -2.126332
0.303467 -0.161865 0.131226 2.759081 0.665027 -1.675148
0.252441 0.038696 -0.174072 2.957023 0.112737 -1.194059
0.191040 0.246216 -0.540771 3.010424 -0.206249 -0.840422
0.127686 0.401001 -0.907593 2.821739 -0.581246 -0.599759
0.139893 0.480713 -1.151611 2.287248 -0.767321 -0.394697
0.228271 0.490845 -1.174805 1.443504 -0.690186 -0.166613
0.352051 0.413696 -0.963867 0.553240 -0.772305 0.002848
0.460571 0.254883 -0.756592 -0.070253 -1.081797 0.058623
0.576294 0.152100 -0.539307 -0.438842 -1.535829 0.083306
0.684570 0.062622 -0.308716 -0.622069 -1.732109 0.105616
0.755005 -0.002930 -0.136597 -0.598098 -1.638123 0.124841
0.838013 -0.008667 -0.045044 -0.432197 -1.394374 0.155933
0.848389 -0.011597 -0.022339 -0.242799 -0.937969 0.173021
0.802368 0.013184 -0.072754 -0.060759 -0.472545 0.175632
0.732056 0.036377 -0.154175 0.075000 -0.235916 0.156645
0.692627 0.078979 -0.221313 0.126502 -0.192008 0.151423
0.681152 0.112183 -0.248413 0.103006 -0.272229 0.161154
0.719482 0.152954 -0.250000 0.043433 -0.416770 0.187736
0.744751 0.156250 -0.211304 -0.037025 -0.457592 0.200315
