0.969360 0.348877 -0.279907 0.107040 0.257752 -0.242562
0.843872 0.343140 -0.187866 -0.025395 0.431485 -0.190110
0.973145 0.282959 -0.170776 -0.027769 0.255615 -0.106328
0.961182 0.289307 -0.120972 -0.020649 0.385678 -0.094699
0.948730 0.292114 -0.074341 -0.018513 0.516452 -0.055300
0.898315 0.313965 -0.065552 -0.003323 0.610202 -0.036313
0.873169 0.299194 -0.059692 0.045332 0.549205 -0.002373
0.867798 0.263550 -0.066162 0.065981 0.529743 0.023971
0.805542 0.254395 -0.034912 0.012104 0.610914 0.018275
0.786255 0.253296 0.056152 -0.046281 0.628477 0.085205
0.811401 0.241089 0.107666 -0.063133 0.597148 0.184888
0.806152 0.218872 0.167236 -0.070490 0.604506 0.237815
0.799316 0.154175 0.238281 -0.067405 0.666926 0.248021
0.772949 0.143677 0.317871 -0.050316 0.724125 0.218828
0.773926 0.123657 0.407104 -0.008070 0.693983 0.157594
0.736206 0.061401 0.470703 0.060284 0.614949 0.062183
0.630127 0.067993 0.509521 0.148575 0.562259 -0.069541
0.495117 0.074951 0.564087 0.212657 0.529981 -0.194144
0.200439 0.061401 0.566772 0.265109 0.423178 -0.194619
0.327393 -0.006470 0.741211 0.337261 0.117721 0.028956
0.260620 -0.013916 0.824707 0.555139 -0.161629 0.137895
0.246948 -0.080200 0.842529 0.900232 -0.199603 0.284571
0.208984 -0.120605 0.798462 1.304897 -0.153559 0.420567
0.243774 -0.205078 0.659546 1.737094 -0.164239 0.656721
0.327271 -0.263306 0.478638 2.170714 -0.185125 1.009883
0.482910 -0.289917 0.230713 2.566360 -0.285046 1.405529
0.707153 -0.248047 -0.039307 2.869444 -0.419143 1.758217
0.976074 -0.178711 -0.310547 3.050535 -0.618034 2.011934
1.231201 -0.124390 -0.576538 3.118414 -0.835438 2.057978
1.475342 -0.063965 -0.860474 3.069522 -1.056876 1.920795
1.621582 -0.016235 -1.047241 2.855204 -0.967636 1.686777
1.686646 0.020508 -1.171265 2.586060 -0.803160 1.394611
1.654297 0.048096 -1.260132 2.305998 -0.657670 1.101496
1.591675 0.016602 -1.337646 2.035668 -0.633699 0.868903
1.556152 -0.016846 -1.399658 1.763201 -0.680217 0.749283
1.553345 -0.021729 -1.432129 1.505449 -0.739552 0.717480
1.567871 -0.022339 -1.467407 1.264549 -0.851577 0.687812
1.565796 -0.013550 -1.489136 1.015816 -0.871988 0.614949
1.533813 -0.007446 -1.507202 0.706087 -0.692559 0.504585
1.480713 -0.000610 -1.481323 0.326580 -0.356722 0.370014
1.399902 -0.006958 -1.417603 -0.064319 0.018513 0.203638
1.277222 -0.035767 -1.337280 -0.443589 0.334650 0.048892
1.155518 -0.083496 -1.231689 -0.789394 0.523335 -0.048655
1.072144 -0.109009 -1.114502 -1.069218 0.583620 -0.074762
1.026733 -0.130981 -1.010132 -1.285910 0.603794 -0.035364
0.999268 -0.145752 -0.921143 -1.444928 0.619933 0.036550
0.994263 -0.151001 -0.859375 -1.554342 0.607116 0.123654
1.003418 -0.136963 -0.829224 -1.655211 0.597860 0.216929
1.018311 -0.116943 -0.797974 -1.776967 0.560360 0.271755
1.017456 -0.114624 -0.753540 -1.912488 0.452133 0.290267
1.012085 -0.106934 -0.724365 -2.053468 0.359333 0.309729
1.027832 -0.109985 -0.675659 -2.212961 0.197467 0.339159
1.053101 -0.117310 -0.618652 -2.378387 0.049604 0.365029
1.059082 -0.129150 -0.575928 -2.543576 0.163053 0.375472
1.045776 -0.129272 -0.489380 -2.714223 0.250394 0.377371
1.072510 -0.147095 -0.422852 -2.857577 0.081170 0.397782
1.071411 -0.162109 -0.333496 -2.991912 0.032041 0.412735
1.086548 -0.162231 -0.223877 -3.088272 0.022310 0.454032
1.092163 -0.163574 -0.120972 -3.119601 0.051740 0.496041
1.112549 -0.157104 -0.031982 -3.072370 0.074288 0.525471
1.130249 -0.150757 0.030396 -2.956073 0.073575 0.539000
1.157227 -0.135132 0.067139 -2.807261 0.017326 0.545645
1.169312 -0.120972 0.089355 -2.658448 -0.043671 0.540661
1.191528 -0.118774 0.102661 -2.555443 -0.045807 0.549917
1.198853 -0.142212 0.152466 -2.520791 0.068117 0.580534
1.200806 -0.147705 0.222656 -2.511772 0.223812 0.623730
1.219482 -0.156128 0.298706 -2.504177 0.391374 0.676420
1.235229 -0.147217 0.394409 -2.467390 0.550867 0.696594
1.243774 -0.136963 0.474121 -2.375064 0.659569 0.672622
1.245239 -0.132813 0.526855 -2.227201 0.684252 0.649126
1.293335 -0.189819 0.579712 -2.036380 0.587892 0.622069
1.310181 -0.158081 0.626465 -1.808770 0.529032 0.505060
1.282471 -0.149902 0.648193 -1.540813 0.459491 0.362893
1.268188 -0.135864 0.631714 -1.263362 0.279350 0.250631
1.252930 -0.124390 0.601685 -1.016054 0.057674 0.154983
1.250732 -0.126343 0.579712 -0.829504 -0.099446 0.095648
1.262329 -0.128906 0.559204 -0.680692 -0.170410 0.087341
1.307861 -0.102783 0.564941 -0.565582 -0.140980 0.125553
1.360962 -0.072266 0.582520 -0.457829 -0.042247 0.168037
1.417480 -0.078735 0.594360 -0.329428 0.053402 0.159730
1.443970 -0.058594 0.582153 -0.176581 0.131012 0.077373
1.458496 -0.052856 0.557129 -0.022073 0.171360 -0.024921
1.476074 -0.061401 0.535522 0.126977 0.114398 -0.134335
1.493408 -0.082764 0.500488 0.266770 -0.002848 -0.266533
1.494019 -0.090820 0.485596 0.384966 -0.098496 -0.410599
1.490112 -0.119507 0.466431 0.494617 -0.160205 -0.531405
1.488892 -0.166626 0.455322 0.607591 -0.168512 -0.627765
1.486572 -0.165161 0.437256 0.742875 -0.138369 -0.703477
1.473145 -0.147949 0.424194 0.886229 -0.088291 -0.801023
1.436646 -0.157959 0.377930 1.041212 -0.078560 -0.914947
1.375854 -0.161865 0.323486 1.187413 -0.081408 -1.028870
1.291504 -0.168701 0.263550 1.299675 -0.044857 -1.124756
1.220459 -0.180054 0.213257 1.403630 -0.054588 -1.202129
1.160278 -0.169678 0.155029 1.512332 -0.098971 -1.247935
1.120728 -0.154663 0.072998 1.610829 -0.139081 -1.275704
1.078613 -0.150146 -0.021240 1.671825 -0.128164 -1.288046
1.009888 -0.137939 -0.134766 1.697220 -0.027769 -1.272856
0.959351 -0.097778 -0.232422 1.702442 0.061946 -1.233695
0.917480 -0.050537 -0.323242 1.676572 0.103718 -1.199993
0.869385 -0.017334 -0.385376 1.609642 0.108939 -1.184803
0.831177 0.023560 -0.430542 1.521114 0.099683 -1.162493
0.801636 0.067261 -0.461792 1.438757 0.068354 -1.134961
0.757324 0.081665 -0.505737 1.366843 0.044620 -1.116449
0.705078 0.084839 -0.557373 1.286384 0.051266 -1.076338
0.674316 0.087646 -0.613281 1.189075 0.050079 -0.993744
0.644531 0.079346 -0.646606 1.055690 0.049367 -0.889789
0.628418 0.078003 -0.669678 0.877447 0.056487 -0.768270
0.664917 0.091309 -0.640625 0.670486 0.076424 -0.626104
0.696045 0.108154 -0.581543 0.484649 0.069066 -0.522623
0.705811 0.097656 -0.519165 0.352688 0.038212 -0.477766
0.700195 0.084106 -0.477295 0.285995 -0.025870 -0.451421
0.698364 0.075195 -0.445801 0.257752 -0.118907 -0.407039
0.712524 0.074585 -0.420166 0.253242 -0.216454 -0.338922
0.738892 0.075317 -0.419434 0.252293 -0.285758 -0.258938
0.757690 0.079590 -0.420532 0.240663 -0.309017 -0.184888
0.787231 0.084473 -0.411499 0.212182 -0.312577 -0.117483
0.812988 0.103149 -0.390991 0.176106 -0.304745 -0.064082
0.830200 0.110474 -0.378784 0.153084 -0.309966 -0.031092
0.844482 0.119751 -0.377319 0.130774 -0.298337 -0.004509
0.868530 0.142212 -0.367920 0.091613 -0.243986 0.022310
0.886108 0.146729 -0.362061 0.058386 -0.246597 0.027531
0.901611 0.143311 -0.368286 0.026582 -0.266296 0.018987
0.912598 0.153687 -0.352661 -0.024683 -0.261074 0.025158
0.925049 0.154175 -0.322876 -0.085443 -0.236628 0.031092
0.930176 0.157471 -0.300415 -0.123180 -0.221913 0.024683
0.947021 0.153931 -0.279419 -0.144303 -0.215505 0.026582
0.958740 0.157837 -0.250732 -0.146439 -0.203638 0.042721
0.972778 0.163086 -0.241699 -0.128164 -0.204350 0.050316
0.983398 0.163574 -0.243408 -0.096123 -0.203875 0.058148
1.007690 0.168213 -0.258301 -0.058860 -0.195806 0.068829
1.028687 0.182739 -0.275879 -0.045095 -0.176344 0.077136
1.047974 0.188721 -0.285645 -0.056250 -0.152372 0.075474
1.048218 0.201416 -0.290527 -0.069541 -0.109414 0.059572
1.044556 0.208984 -0.296997 -0.089240 -0.062895 0.043671
1.047607 0.218750 -0.295898 -0.121281 -0.023971 0.041535
1.052612 0.222534 -0.295532 -0.152847 -0.011392 0.031329
1.050293 0.219727 -0.296509 -0.183939 0.002373 0.014478
1.035278 0.223511 -0.288818 -0.226423 0.037737 0.004509
1.030396 0.230957 -0.272949 -0.268432 0.061708 0.005459
1.027100 0.227173 -0.251343 -0.295489 0.044620 -0.000237
1.026978 0.224731 -0.238037 -0.304508 -0.006646 -0.008544
1.025635 0.215332 -0.213135 -0.309254 -0.036788 -0.007595
1.030029 0.216431 -0.189453 -0.302846 -0.043196 0.008544
1.041504 0.212158 -0.176636 -0.277451 -0.053876 0.022310
1.040894 0.215942 -0.166382 -0.244223 -0.059572 0.027531
1.032837 0.208618 -0.179199 -0.205299 -0.080458 0.022073
1.026489 0.202026 -0.184814 -0.183227 -0.089477 0.028006
1.026978 0.198242 -0.174194 -0.176581 -0.070015 0.051503
1.043945 0.201660 -0.172607 -0.159730 -0.060284 0.077136
1.070068 0.199463 -0.181641 -0.133623 -0.070015 0.091139
