0.850342 0.493652 -0.021851 -0.147626 -0.009494 -0.066693
0.795532 0.492798 -0.054565 -0.145964 0.191771 -0.102531
0.766846 0.495605 -0.042236 -0.198416 0.465899 -0.086392
0.686279 0.552490 -0.147827 -0.281011 0.887178 -0.010206
0.608154 0.576050 0.005493 -0.380456 1.894450 0.132911
0.506104 0.398682 0.045288 -0.514316 1.626256 0.334412
0.494141 0.420410 0.145874 -0.562496 1.284011 0.501025
0.569458 0.494995 0.223999 -0.445013 0.882194 0.618509
0.611206 0.439575 0.222290 -0.324919 0.536864 0.682591
0.618774 0.431030 0.234253 -0.255378 0.396358 0.673097
0.569702 0.426025 0.264038 -0.233780 0.392798 0.621357
0.516479 0.400024 0.314697 -0.242324 0.361707 0.536626
0.427246 0.342896 0.371338 -0.255378 0.222388 0.438130
0.369263 0.290527 0.438843 -0.251343 0.019937 0.375472
0.325073 0.239502 0.495483 -0.210283 -0.174208 0.356485
0.285645 0.161011 0.544434 -0.131961 -0.376184 0.370726
0.277100 0.084351 0.596313 -0.021835 -0.560360 0.435519
0.316406 0.014526 0.681030 0.113449 -0.699916 0.571990
0.395386 -0.099121 0.770142 0.284808 -0.684727 0.802685
0.479736 -0.165405 0.841187 0.566531 -0.452845 1.106955
0.584717 -0.202393 0.904785 0.984487 -0.078560 1.402681
0.713013 -0.206421 0.901245 1.552917 0.079034 1.626256
0.814697 -0.249512 0.829346 2.205366 0.096835 1.759641
0.938110 -0.285156 0.715454 2.857340 -0.030617 1.851017
1.039429 -0.325684 0.568848 3.458285 -0.024683 1.899434
1.211304 -0.271484 0.360962 3.997997 0.020886 1.882820
1.248779 -0.282227 0.143066 4.443722 -0.002611 1.680132
1.250000 -0.261230 -0.083008 4.735651 -0.101819 1.426178
1.295654 -0.292603 -0.299316 4.880903 -0.177056 1.293505
1.310913 -0.250610 -0.446899 4.942611 -0.252293 1.194771
1.359253 -0.188599 -0.619385 4.977263 -0.620170 1.067794
1.319214 -0.124878 -0.939209 4.975364 -0.791292 0.881719
1.205200 -0.086548 -1.079956 4.820619 -1.353314 0.680217
1.151367 -0.091675 -1.320557 4.535810 -1.753945 0.561784
1.107056 -0.068726 -1.445313 4.059943 -1.610116 0.546120
1.153564 -0.051514 -1.534668 3.480358 -1.298726 0.607116
1.195679 -0.036621 -1.593140 2.857102 -1.064471 0.635123
1.202393 -0.037354 -1.572144 2.261141 -0.761625 0.607828
1.214844 -0.068481 -1.549438 1.774831 -0.460440 0.530456
1.213989 -0.097290 -1.565796 1.401257 -0.285046 0.416295
1.164307 -0.092773 -1.565918 1.055452 -0.061946 0.295489
1.121704 -0.125732 -1.578735 0.724363 0.140031 0.207435
1.072144 -0.141724 -1.588257 0.391849 0.359333 0.157357
1.041748 -0.140381 -1.558105 0.033228 0.557750 0.123892
1.040161 -0.161011 -1.528687 -0.350314 0.718666 0.116534
1.025391 -0.178955 -1.479004 -0.755929 0.897384 0.119382
0.981934 -0.197388 -1.390869 -1.160119 1.100072 0.109651
0.929199 -0.212646 -1.300171 -1.516130 1.244612 0.096597
0.892822 -0.220947 -1.202759 -1.813042 1.270008 0.096835
0.863159 -0.230591 -1.114380 -2.062962 1.190261 0.105142
0.829834 -0.236572 -1.042114 -2.285112 1.081560 0.112025
0.784424 -0.244629 -0.960449 -2.503940 1.026734 0.137657
0.760254 -0.265747 -0.879761 -2.711613 0.999203 0.198179
0.737915 -0.275635 -0.791748 -2.882260 0.849678 0.296201
0.754272 -0.284546 -0.762939 -2.984317 0.577686 0.413921
0.754517 -0.284912 -0.739380 -3.092544 0.512418 0.529506
0.787231 -0.286865 -0.629395 -3.246815 0.555851 0.642717
0.811890 -0.290039 -0.593750 -3.427194 0.893586 0.746435
0.823608 -0.278320 -0.484863 -3.596417 0.915184 0.820011
0.852905 -0.284302 -0.410400 -3.696338 0.706562 0.870089
0.854980 -0.282349 -0.347778 -3.762793 0.599047 0.905928
0.879395 -0.276611 -0.273926 -3.839691 0.556326 0.948649
0.909790 -0.271240 -0.179810 -3.926083 0.559886 1.003237
0.955200 -0.281128 -0.088135 -3.993488 0.559411 1.060674
1.018433 -0.317139 0.001465 -4.064452 0.614711 1.132825
1.077148 -0.332886 0.111328 -4.133281 0.805296 1.195008
1.091797 -0.360962 0.224487 -4.203771 1.042636 1.232745
1.131348 -0.386108 0.343872 -4.239135 1.240103 1.261226
1.179810 -0.400513 0.463257 -4.203534 1.360197 1.254343
1.203735 -0.408569 0.571411 -4.084626 1.404817 1.186939
1.234863 -0.411377 0.665771 -3.885735 1.332903 1.075863
1.248169 -0.403320 0.743164 -3.642699 1.155610 0.948886
1.270142 -0.378418 0.814331 -3.390881 0.974757 0.819061
1.280518 -0.353638 0.884277 -3.113193 0.822147 0.679031
1.274048 -0.337769 0.937744 -2.770710 0.649838 0.518114
1.279907 -0.319214 0.958496 -2.367232 0.443589 0.358858
1.285278 -0.292358 0.973755 -1.986301 0.321359 0.228084
1.276978 -0.282959 0.985107 -1.642869 0.492006 0.139793
1.278564 -0.264893 1.000000 -1.340498 0.527370 0.084730
1.248779 -0.237549 0.998169 -1.068031 0.418194 0.064557
1.233154 -0.229004 0.949463 -0.725312 0.278875 0.060996
1.243286 -0.194702 0.869995 -0.381643 0.108702 0.056962
1.280029 -0.166382 0.809570 -0.111787 -0.041060 0.070015
1.338989 -0.139038 0.781372 0.079509 -0.161391 0.063607
1.384399 -0.125977 0.768433 0.245647 -0.275552 0.012579
1.428223 -0.110474 0.743896 0.423415 -0.413447 -0.085205
1.468506 -0.115356 0.713379 0.597860 -0.565345 -0.222388
1.504517 -0.112915 0.682251 0.754742 -0.707274 -0.379744
1.544189 -0.133179 0.638184 0.883855 -0.823808 -0.557038
1.564819 -0.161987 0.606445 0.998016 -0.870564 -0.742163
1.577026 -0.159424 0.574951 1.107430 -0.888839 -0.932273
1.575073 -0.158081 0.533325 1.212097 -0.888127 -1.136148
1.559326 -0.128296 0.452026 1.302049 -0.779663 -1.354738
1.504395 -0.166870 0.430786 1.347143 -0.526658 -1.588519
1.436035 -0.155029 0.436523 1.384643 -0.559648 -1.759878
1.359375 -0.186157 0.397461 1.494294 -0.627290 -1.922456
1.296387 -0.201416 0.378540 1.616525 -0.994693 -2.043262
1.276123 -0.207764 0.319580 1.762014 -1.055215 -2.132740
1.213745 -0.205322 0.254150 1.819451 -0.738840 -2.206315
1.152100 -0.176758 0.204102 1.912013 -0.304982 -2.240967
1.108887 -0.169678 0.159180 1.997218 0.043908 -2.249274
1.063110 -0.162231 0.109131 2.083610 0.416295 -2.235034
0.991089 -0.138428 0.042725 2.185429 0.801498 -2.200619
0.900024 -0.107300 -0.046509 2.301251 1.134724 -2.143183
0.816528 -0.057861 -0.176147 2.403782 1.355925 -2.059639
0.745117 0.015015 -0.305176 2.450064 1.407428 -1.974908
0.674438 0.068237 -0.367188 2.426567 1.110041 -1.896111
0.619751 0.105469 -0.460327 2.353229 0.527370 -1.816840
0.589600 0.128052 -0.464111 2.215809 -0.007832 -1.748011
0.555176 0.155518 -0.598755 2.019528 0.132436 -1.665891
0.486816 0.187622 -0.496582 1.719056 0.127214 -1.558614
0.482178 0.220825 -0.490723 1.545797 -0.603794 -1.431637
0.471436 0.227539 -0.505615 1.433061 -0.979266 -1.321985
0.445313 0.231445 -0.527100 1.286384 -0.933934 -1.205451
0.428711 0.253906 -0.528320 1.115974 -0.722938 -1.065421
0.428589 0.258423 -0.505249 0.967636 -0.525709 -0.901893
0.453125 0.258667 -0.488892 0.862495 -0.421042 -0.733144
0.484985 0.278687 -0.467529 0.789394 -0.347704 -0.577449
0.522461 0.295532 -0.452881 0.733144 -0.329428 -0.455456
0.558105 0.308105 -0.446045 0.692559 -0.354349 -0.373099
0.571777 0.326782 -0.452881 0.646278 -0.382593 -0.322071
0.583618 0.326050 -0.446899 0.594775 -0.398257 -0.284571
0.601929 0.329956 -0.440186 0.541611 -0.402292 -0.245647
0.613892 0.336792 -0.417847 0.492718 -0.418431 -0.203401
0.630371 0.327881 -0.404419 0.456405 -0.440504 -0.157831
0.637207 0.327759 -0.412109 0.439317 -0.467323 -0.102056
0.669556 0.335571 -0.430542 0.429111 -0.494617 -0.038686
0.695801 0.348755 -0.454102 0.405615 -0.508146 0.014240
0.722778 0.354248 -0.458496 0.347704 -0.482750 0.056012
0.746582 0.362671 -0.438110 0.276027 -0.421279 0.085205
0.764282 0.362183 -0.422729 0.219540 -0.336786 0.094224
0.771118 0.366089 -0.405884 0.185837 -0.273653 0.085443
0.772705 0.358765 -0.398682 0.163290 -0.243748 0.070727
0.779663 0.354370 -0.399170 0.148338 -0.232119 0.060996
0.780640 0.357788 -0.401367 0.129350 -0.231169 0.060522
0.789429 0.354004 -0.395630 0.099920 -0.228084 0.064794
0.794678 0.349487 -0.385498 0.075949 -0.230932 0.065506
0.799194 0.345459 -0.377686 0.057674 -0.231169 0.066693
0.800903 0.338989 -0.378784 0.045569 -0.214318 0.081170
0.803345 0.346069 -0.369019 0.042959 -0.192008 0.105616
0.829346 0.342651 -0.376099 0.047231 -0.185600 0.124129
0.839600 0.347412 -0.374390 0.046519 -0.173733 0.136945
0.853882 0.352295 -0.370361 0.037262 -0.145015 0.143828
0.861938 0.354126 -0.368286 0.027057 -0.119620 0.137895
0.869507 0.351196 -0.364746 0.018513 -0.109414 0.129350
0.869873 0.345947 -0.362793 0.013528 -0.107990 0.123417
0.877808 0.352173 -0.368042 0.021835 -0.119145 0.119382
0.880249 0.358887 -0.374146 0.025395 -0.135047 0.114398
0.882813 0.364502 -0.383667 0.017089 -0.155221 0.106803
0.900391 0.366577 -0.371460 0.004272 -0.173021 0.096360
