0.850708 0.267700 -0.392944 -0.263922 0.477529 -0.312577
0.836670 0.260620 -0.374634 -0.142879 0.450472 -0.241138
0.800049 0.265625 -0.362305 -0.030617 0.409649 -0.147626
0.860596 0.253540 -0.438843 0.084018 0.295014 0.044620
0.875977 0.200317 -0.457153 0.098259 0.308305 0.164952
0.869751 0.301392 -0.459106 0.063370 0.325394 0.156645
0.878174 0.280884 -0.474121 0.039873 0.349128 0.146439
0.887085 0.285034 -0.463745 -0.017089 0.284096 0.099208
0.891724 0.286865 -0.474487 -0.047468 0.122230 0.086629
0.836548 0.327515 -0.494995 -0.044145 0.053402 0.124841
0.842407 0.284546 -0.470703 -0.044383 0.114398 0.241138
0.846069 0.202148 -0.493042 -0.039161 0.091613 0.355061
0.883789 0.216064 -0.460205 -0.068591 0.140743 0.385441
0.929321 0.246216 -0.450806 -0.039398 0.173733 0.363368
0.950073 0.240356 -0.465576 0.014003 0.167800 0.325631
0.941772 0.234253 -0.477539 0.019225 0.143354 0.257752
0.932007 0.241333 -0.474854 -0.003085 0.082120 0.172546
0.907593 0.244385 -0.472412 -0.020886 0.014715 0.097310
0.886841 0.240845 -0.462891 -0.036788 -0.036550 0.057674
0.866577 0.239136 -0.455688 -0.055775 -0.067167 0.061708
0.862671 0.237793 -0.441650 -0.075712 -0.068591 0.090189
0.870850 0.232666 -0.439819 -0.086155 -0.060047 0.117483
0.862793 0.229736 -0.434570 -0.083306 -0.065031 0.136471
0.852051 0.231689 -0.444824 -0.074050 -0.070727 0.160442
0.852051 0.235229 -0.453857 -0.065269 -0.071677 0.203163
0.863403 0.239990 -0.462280 -0.069066 -0.059810 0.259413
0.868896 0.239624 -0.460205 -0.087579 -0.026582 0.318748
0.844849 0.242920 -0.427368 -0.105379 -0.038924 0.393273
0.881104 0.248779 -0.414307 -0.093987 -0.101107 0.489870
0.936890 0.281250 -0.399414 -0.064082 -0.091851 0.562734
0.984131 0.328247 -0.387695 -0.021123 -0.078085 0.646752
1.080444 0.374268 -0.397705 0.031566 -0.023734 0.776577
1.208618 0.435059 -0.448730 0.094461 0.125316 0.919219
1.379517 0.478882 -0.516479 0.146439 0.331802 1.066370
1.588013 0.533936 -0.623047 0.184651 0.432434 1.115262
1.835815 0.587280 -0.753540 0.199128 0.287182 0.983301
2.031372 0.631592 -0.861328 0.161391 -0.097310 0.598572
2.182129 0.653198 -0.939087 0.070015 -0.526658 0.045095
2.262085 0.626831 -0.980835 -0.056012 -0.846355 -0.515740
2.264282 0.599121 -1.008789 -0.204350 -0.898808 -0.945564
2.224609 0.551147 -1.008301 -0.349602 -0.688524 -1.172461
2.161621 0.488525 -0.978638 -0.466136 -0.319223 -1.280213
2.092163 0.427002 -0.923096 -0.585518 0.060047 -1.383931
2.018799 0.363159 -0.864990 -0.704189 0.327767 -1.534642
1.938843 0.287598 -0.798340 -0.784884 0.468984 -1.727837
1.838623 0.228271 -0.730347 -0.806720 0.543272 -1.944054
1.731812 0.181519 -0.661621 -0.787732 0.560360 -2.136300
1.625977 0.152954 -0.633423 -0.732195 0.493905 -2.304100
1.532227 0.130371 -0.624023 -0.667164 0.462576 -2.454098
1.431519 0.104126 -0.617188 -0.629426 0.519538 -2.574193
1.309326 0.086182 -0.609985 -0.618034 0.558936 -2.670316
1.177856 0.074707 -0.613525 -0.623730 0.536864 -2.726328
1.042236 0.052979 -0.603271 -0.650550 0.472545 -2.761454
0.914551 0.053955 -0.592041 -0.703951 0.362419 -2.815568
0.786499 0.044800 -0.563110 -0.786783 0.241138 -2.868257
0.647827 0.040039 -0.541382 -0.875548 0.083781 -2.902434
0.550415 0.078491 -0.526367 -0.966212 -0.091851 -2.901010
0.472656 0.096802 -0.507935 -1.064708 -0.193195 -2.838590
0.392700 0.104614 -0.488525 -1.170325 -0.231644 -2.723005
0.303955 0.104980 -0.443237 -1.284486 -0.259650 -2.592468
0.232422 0.118042 -0.394897 -1.384406 -0.299998 -2.459557
0.164185 0.105225 -0.320557 -1.479817 -0.244460 -2.317865
0.095825 0.087158 -0.242554 -1.551493 -0.176344 -2.187565
0.009155 0.063232 -0.175659 -1.569057 -0.148812 -2.075778
-0.092285 0.064087 -0.115234 -1.508060 -0.163527 -1.954735
-0.170166 0.099121 -0.075195 -1.370403 -0.200553 -1.798327
-0.204102 0.129028 -0.060059 -1.215182 -0.206486 -1.596351
-0.240967 0.161133 -0.054199 -1.104582 -0.175869 -1.369928
-0.280518 0.203003 -0.065918 -1.016054 -0.171122 -1.153711
-0.286011 0.249634 -0.074219 -0.924915 -0.228321 -0.966924
-0.271851 0.294067 -0.091797 -0.852289 -0.277451 -0.806482
-0.267090 0.336792 -0.091675 -0.820248 -0.275789 -0.646990
-0.249390 0.383667 -0.070557 -0.815976 -0.267957 -0.482750
-0.208130 0.410034 -0.051636 -0.818112 -0.281486 -0.342482
-0.184570 0.423828 -0.032715 -0.820960 -0.351264 -0.257277
-0.170898 0.428711 -0.023071 -0.809093 -0.462339 -0.206961
-0.154785 0.434692 -0.027100 -0.771831 -0.620882 -0.164714
-0.122437 0.438354 -0.033691 -0.714869 -0.791767 -0.128638
-0.101074 0.434448 -0.032959 -0.660755 -0.924678 -0.078560
-0.075806 0.433594 -0.034302 -0.602132 -1.043585 -0.008307
-0.049805 0.426758 -0.033325 -0.521911 -1.089867 0.070965
-0.041748 0.419678 -0.038452 -0.429111 -1.083696 0.177531
-0.037231 0.419678 -0.048218 -0.328242 -1.050231 0.323732
-0.051392 0.431396 -0.051636 -0.237815 -0.951497 0.506721
-0.049561 0.447510 -0.043701 -0.177293 -0.816451 0.724837
-0.041626 0.461426 -0.030151 -0.138369 -0.723176 0.939156
-0.016113 0.469971 -0.021729 -0.086867 -0.736942 1.092240
0.000122 0.465088 -0.023804 -0.006408 -0.836862 1.168664
0.008423 0.454956 -0.053955 0.076661 -1.005611 1.190499
0.006592 0.440430 -0.087524 0.146676 -1.179819 1.191211
-0.002563 0.409912 -0.118408 0.206486 -1.317476 1.200467
0.004272 0.371704 -0.133057 0.253954 -1.360672 1.260514
-0.002319 0.352051 -0.127441 0.296675 -1.234407 1.414785
-0.010254 0.321899 -0.083496 0.337261 -0.955532 1.683455
0.027954 0.259399 -0.020264 0.366928 -0.628477 2.034006
0.065918 0.191040 0.035400 0.401580 -0.364792 2.357738
0.092285 0.128418 0.075439 0.490108 -0.251343 2.585348
0.134399 0.080444 0.072266 0.670486 -0.348416 2.723243
0.209106 0.041138 0.036987 0.914947 -0.537338 2.819840
0.312378 -0.003418 -0.018433 1.139471 -0.649600 2.934950
0.428101 -0.059204 -0.074341 1.317951 -0.694458 3.074981
0.544312 -0.093018 -0.158325 1.479105 -0.700154 3.196024
0.654907 -0.106812 -0.287231 1.649752 -0.703002 3.249188
0.786621 -0.102051 -0.441895 1.795717 -0.761862 3.231151
0.930664 -0.088745 -0.596069 1.868580 -0.901181 3.171103
1.102783 -0.083252 -0.734253 1.829419 -1.054265 3.046737
1.245605 -0.060547 -0.825684 1.697220 -1.214233 2.890093
1.364868 -0.039429 -0.877075 1.523013 -1.351416 2.696186
1.463257 -0.020752 -0.897339 1.357112 -1.390814 2.489937
1.541504 0.024292 -0.920776 1.256480 -1.346906 2.289859
1.588501 0.072632 -0.938477 1.242714 -1.207113 2.140572
1.636719 0.113892 -0.966187 1.250071 -0.956956 2.051095
1.676758 0.162354 -1.002686 1.214945 -0.638445 2.025937
1.685059 0.199219 -1.016113 1.120246 -0.312102 2.011222
1.686523 0.230957 -1.014893 0.976418 -0.065981 1.931713
1.701050 0.246826 -0.993530 0.804821 0.051740 1.780764
1.705444 0.251221 -0.958496 0.638683 0.032990 1.580686
1.701050 0.254883 -0.914307 0.499127 -0.023971 1.357586
1.694946 0.252930 -0.875488 0.409887 -0.047705 1.141607
1.681274 0.257202 -0.858887 0.374048 -0.009256 0.946038
1.658936 0.255493 -0.863159 0.364792 0.083544 0.768508
1.621338 0.259888 -0.876221 0.367165 0.154509 0.612813
1.570190 0.259155 -0.899658 0.363605 0.177056 0.474206
1.516113 0.275269 -0.895874 0.331802 0.192958 0.358621
1.455322 0.279297 -0.887085 0.265109 0.216929 0.263210
1.393677 0.276367 -0.867432 0.178480 0.227847 0.167325
1.346680 0.270508 -0.849365 0.096597 0.205774 0.087341
1.312012 0.251709 -0.831787 0.035838 0.194619 0.021123
1.277710 0.241211 -0.809204 -0.017801 0.210996 -0.026582
1.246582 0.234375 -0.770996 -0.076898 0.260600 -0.059810
1.217651 0.218872 -0.727173 -0.137895 0.331802 -0.089477
1.182251 0.206665 -0.681152 -0.180616 0.384729 -0.137657
1.135498 0.189941 -0.646484 -0.192720 0.408225 -0.205062
1.083496 0.176025 -0.610840 -0.184413 0.381643 -0.285046
1.032715 0.165527 -0.589233 -0.161629 0.308780 -0.361232
0.989380 0.156616 -0.578857 -0.137183 0.214556 -0.425551
0.955933 0.146729 -0.562988 -0.126740 0.128164 -0.468272
0.929077 0.137451 -0.546265 -0.123180 0.076661 -0.479427
0.903687 0.126465 -0.532837 -0.116297 0.054351 -0.469934
0.883179 0.120361 -0.519775 -0.108702 0.040823 -0.455456
0.864624 0.120361 -0.510986 -0.107990 0.038924 -0.432197
0.850586 0.113281 -0.492798 -0.101344 0.051028 -0.408937
0.829468 0.111084 -0.476563 -0.080933 0.051028 -0.398494
0.811157 0.105957 -0.475830 -0.053876 0.038212 -0.389238
0.803101 0.112671 -0.474976 -0.021123 0.023971 -0.372862
0.799194 0.121704 -0.486206 0.009019 0.026582 -0.342957
0.794678 0.130005 -0.496338 0.022073 0.046281 -0.306881
0.797607 0.138916 -0.505615 0.012579 0.076186 -0.268432
0.799072 0.143066 -0.514160 -0.014003 0.087341 -0.231169
0.802246 0.142944 -0.510864 -0.041060 0.081882 -0.204350
