0.141724 -0.013672 -1.281494 -0.261786 0.430773 -0.109889
0.128662 -0.024048 -1.282593 -0.220489 0.285283 -0.093037
0.158691 -0.042236 -1.324219 -0.128401 0.052690 -0.033465
0.111206 -0.079712 -1.396606 -0.008782 -0.223100 0.019462
0.185425 -0.078003 -1.489258 0.106328 -0.281248 0.056012
0.213013 -0.071167 -1.569702 0.169936 -0.280536 0.028006
0.231934 -0.117920 -1.668213 0.187973 -0.271755 0.003323
0.229736 -0.107300 -1.758423 0.182752 -0.152372 -0.050079
0.266113 -0.150024 -1.860962 0.129825 0.054588 -0.123417
0.281860 -0.098022 -1.934448 0.031092 0.283859 -0.191771
0.277588 -0.091431 -1.968506 -0.142879 0.312340 -0.265584
0.251953 -0.135986 -2.060425 -0.280299 0.236866 -0.339159
0.256592 -0.172729 -2.163696 -0.391849 0.151898 -0.403478
0.256958 -0.168091 -2.252441 -0.524285 0.064319 -0.458067
0.251099 -0.157715 -2.348999 -0.707986 -0.017801 -0.525709
0.243408 -0.149170 -2.385986 -0.976655 -0.054114 -0.613525
0.214233 -0.152588 -2.367676 -1.370878 -0.038212 -0.693271
0.168335 -0.158936 -2.323975 -1.905605 0.075712 -0.732195
0.112183 -0.165527 -2.223633 -2.535269 0.260600 -0.714157
0.052734 -0.174561 -2.044678 -3.216673 0.495804 -0.648651
0.007690 -0.211182 -1.854614 -3.885023 0.686151 -0.558462
-0.028442 -0.220459 -1.647095 -4.461285 0.740027 -0.472782
-0.047119 -0.222534 -1.428467 -4.908672 0.664078 -0.404903
-0.059448 -0.211792 -1.231934 -5.246407 0.422940 -0.352450
-0.054077 -0.171753 -1.066895 -5.486358 0.077373 -0.305220
-0.036255 -0.136597 -0.896484 -5.644664 -0.298337 -0.255853
0.004517 -0.107666 -0.749268 -5.747670 -0.599759 -0.192958
0.059448 -0.076782 -0.599365 -5.801546 -0.711309 -0.120094
0.090088 -0.066162 -0.452637 -5.800122 -0.578161 -0.043671
0.103149 -0.043823 -0.321655 -5.742685 -0.310204 0.017563
0.106689 -0.013916 -0.222778 -5.608351 -0.009968 0.050791
0.094971 0.029297 -0.145752 -5.383352 0.285758 0.068117
0.066772 0.057617 -0.074341 -5.073149 0.545645 0.092325
0.026367 0.106201 -0.036377 -4.696489 0.745961 0.137183
-0.003540 0.147705 0.033325 -4.276397 0.865343 0.191296
-0.011475 0.198730 0.072876 -3.838267 0.848729 0.243748
0.002197 0.254150 0.088379 -3.394678 0.708461 0.289792
0.019775 0.290405 0.109619 -2.948953 0.535440 0.320172
0.038574 0.327271 0.111084 -2.516282 0.357909 0.330615
0.058594 0.350952 0.107056 -2.121347 0.187736 0.320409
0.081421 0.392212 0.105225 -1.780764 0.099683 0.282198
0.086426 0.426147 0.094482 -1.491921 0.097547 0.229745
0.074341 0.452515 0.086060 -1.248410 0.133860 0.176106
0.052979 0.466309 0.076904 -1.045247 0.146202 0.125553
0.035400 0.475586 0.068970 -0.871988 0.111787 0.083069
0.025146 0.490967 0.077515 -0.723651 0.044620 0.057674
0.012451 0.496948 0.084717 -0.590503 -0.030617 0.051028
0.002197 0.486328 0.093628 -0.463763 -0.112499 0.052690
0.003296 0.483154 0.111328 -0.330378 -0.218828 0.062420
0.010376 0.478882 0.126221 -0.173496 -0.325394 0.084018
0.031372 0.477905 0.128296 0.019937 -0.427450 0.108939
0.054932 0.481567 0.126099 0.268432 -0.544459 0.125790
0.081909 0.473267 0.118164 0.579110 -0.609253 0.130537
0.085571 0.443726 0.095459 0.935358 -0.666689 0.126502
0.092041 0.402222 0.066406 1.313441 -0.734568 0.113923
0.098511 0.378540 0.011597 1.697932 -0.738840 0.098259
0.104858 0.357300 -0.031250 2.068895 -0.680692 0.085917
0.104980 0.319458 -0.079956 2.421583 -0.690898 0.084256
0.101929 0.282104 -0.138062 2.757419 -0.735043 0.088528
0.116577 0.248657 -0.195679 3.101088 -0.764473 0.094224
0.130493 0.214478 -0.257690 3.476323 -0.809568 0.092563
0.148682 0.172607 -0.336304 3.885498 -0.880532 0.065506
0.177612 0.123779 -0.413452 4.328375 -0.914947 0.009019
0.199463 0.086548 -0.514282 4.787628 -0.919219 -0.079984
0.213867 0.028320 -0.644165 5.254951 -0.952209 -0.207910
0.226318 0.010010 -0.851563 5.739838 -1.030532 -0.373574
0.210083 0.006226 -1.043457 6.209297 -1.171037 -0.535677
0.174683 -0.039917 -1.262207 6.562696 -1.237255 -0.650550
0.128296 -0.032593 -1.447144 6.683265 -1.192872 -0.676182
0.056030 -0.036499 -1.580322 6.514991 -0.888365 -0.603319
0.080444 -0.090210 -1.950806 6.092525 -0.361232 -0.440978
0.040283 -0.064087 -2.152832 5.523146 -0.270331 -0.268669
0.024170 -0.046021 -2.264893 4.832011 -0.181328 -0.165426
0.022705 0.005615 -2.293457 4.010813 -0.179904 -0.111787
0.033203 0.078491 -2.225830 3.170866 -0.203401 -0.055538
0.022461 0.024902 -2.171021 2.441519 -0.313527 0.024921
0.035278 0.026001 -2.131714 1.916286 -0.601183 0.098259
0.080200 0.041260 -2.060913 1.554816 -0.845881 0.145252
0.133667 0.034912 -1.973877 1.270720 -0.940817 0.162103
0.187012 0.047852 -1.887573 1.013918 -0.778001 0.132436
0.183350 0.041992 -1.791138 0.784884 -0.449522 0.064794
0.129395 0.014160 -1.740234 0.602370 -0.097784 -0.020649
0.046997 -0.032104 -1.713013 0.478478 0.093037 -0.089003
-0.017700 -0.059570 -1.717285 0.410599 0.119145 -0.100632
-0.052368 -0.026489 -1.722900 0.398494 0.041060 -0.047705
-0.060059 0.004028 -1.743286 0.389238 -0.009019 0.042484
-0.039551 0.012695 -1.730835 0.310916 -0.031804 0.115347
0.001343 0.024292 -1.697754 0.138607 0.037025 0.140980
0.027588 0.031128 -1.632446 -0.094936 0.161866 0.118670
0.031372 0.027222 -1.537598 -0.334887 0.275552 0.074525
0.034424 0.017578 -1.441772 -0.528794 0.346754 0.030617
0.048950 0.006836 -1.358765 -0.646990 0.355298 -0.001661
0.052612 -0.017090 -1.277832 -0.687100 0.343431 -0.027294
0.062988 -0.041138 -1.222168 -0.667401 0.300710 -0.053876
0.057007 -0.052246 -1.184814 -0.590740 0.208385 -0.075712
0.064209 -0.041260 -1.161499 -0.462576 0.134809 -0.080221
0.062500 -0.035645 -1.160278 -0.314951 0.061234 -0.059572
0.071533 -0.031860 -1.161987 -0.197230 0.026582 -0.023734
0.078491 -0.024536 -1.163086 -0.127689 0.020174 0.004035
0.084351 -0.015259 -1.160278 -0.107278 0.023259 0.016139
0.089966 -0.010010 -1.156982 -0.117009 0.010680 0.009731
0.095581 -0.011353 -1.155518 -0.135521 -0.026107 -0.007120
0.088257 -0.014160 -1.151245 -0.153797 -0.073101 -0.023497
0.080444 -0.029175 -1.142822 -0.174445 -0.099920 -0.035838
0.071167 -0.039185 -1.137085 -0.188686 -0.115110 -0.039398
0.072876 -0.034790 -1.128784 -0.176819 -0.116771 -0.033940
0.075684 -0.030029 -1.124634 -0.146914 -0.098971 -0.022785
0.080322 -0.033203 -1.127563 -0.113686 -0.078797 -0.020411
0.079834 -0.025513 -1.135010 -0.083781 -0.066218 -0.034652
0.081421 -0.016846 -1.137451 -0.060522 -0.058860 -0.060522
0.074707 -0.014893 -1.143188 -0.045332 -0.046993 -0.086629
0.059814 -0.029541 -1.161133 -0.040585 -0.042009 -0.106328
0.048218 -0.024048 -1.165039 -0.038686 -0.042247 -0.117246
0.038696 -0.011475 -1.165283 -0.039398 -0.051978 -0.106803
0.036987 -0.015625 -1.174438 -0.058386 -0.070965 -0.071914
0.045898 -0.016235 -1.178223 -0.093987 -0.059572 -0.033465
0.053101 -0.015869 -1.184937 -0.128638 -0.019937 -0.002136
0.051025 -0.020630 -1.172363 -0.159967 0.028956 0.018038
0.055908 -0.021484 -1.158447 -0.184888 0.052690 0.019937
0.053223 -0.033325 -1.152466 -0.185125 0.033228 0.002611
0.052979 -0.028931 -1.147217 -0.158069 -0.005934 -0.018987
0.055542 -0.018311 -1.141357 -0.119620 -0.032516 -0.030142
0.056885 -0.023438 -1.149170 -0.090664 -0.048892 -0.030380
0.064819 -0.026855 -1.151855 -0.066218 -0.050316 -0.037500
0.060791 -0.015259 -1.170044 -0.046519 -0.036313 -0.045807
0.044312 -0.006592 -1.171265 -0.044620 -0.004509 -0.046993
0.041748 -0.010864 -1.175171 -0.065743 0.013054 -0.040823
0.040039 -0.014282 -1.176147 -0.090664 0.013528 -0.037500
0.040039 -0.011719 -1.175049 -0.104904 0.012104 -0.035838
0.034058 -0.003540 -1.172974 -0.115347 -0.002136 -0.024209
0.042358 -0.010376 -1.166138 -0.125553 -0.011392 -0.003085
0.043091 -0.017822 -1.171143 -0.129113 -0.019225 0.009494
0.054199 -0.007080 -1.171753 -0.121756 -0.027057 0.012342
0.056641 -0.006348 -1.174072 -0.112737 -0.036076 0.016139
0.062134 -0.015015 -1.184204 -0.107752 -0.040348 0.012342
0.061157 -0.013184 -1.189087 -0.109651 -0.042721 0.006171
0.057617 -0.007935 -1.198853 -0.119382 -0.033702 0.001661
0.057739 -0.011597 -1.197632 -0.136471 -0.029905 -0.001661
0.062256 -0.013672 -1.196899 -0.161391 -0.044383 -0.007358
0.056030 -0.013794 -1.188110 -0.189872 -0.047468 -0.014240
0.058472 -0.026367 -1.175903 -0.215268 -0.047943 -0.026107
0.064209 -0.030762 -1.170776 -0.225711 -0.056724 -0.041535
0.058716 -0.041260 -1.163086 -0.219540 -0.069066 -0.054826
0.063843 -0.054688 -1.154663 -0.199603 -0.090427 -0.067879
0.060425 -0.060425 -1.155884 -0.170648 -0.108465 -0.081408
0.057251 -0.053711 -1.155518 -0.134809 -0.097310 -0.094224
0.043579 -0.036255 -1.145142 -0.103243 -0.072863 -0.099920
0.037231 -0.031128 -1.136108 -0.083781 -0.038449 -0.099446
0.028809 -0.011841 -1.129639 -0.070490 0.003560 -0.092325
0.021484 0.007690 -1.134888 -0.055063 0.035601 -0.083544
