0.473511 0.171387 -0.214600 1.375624 -0.338447 -0.165901
0.391724 0.061401 -0.228516 1.332191 -0.725075 0.108465
0.490845 0.161743 -0.328003 1.304897 -0.900944 0.430773
0.653564 0.272949 -0.482300 1.288995 -0.930137 0.754742
0.616211 0.212402 -0.642456 1.204027 -0.558699 1.021987
0.600586 0.152466 -0.717651 0.946276 0.298574 1.220641
0.677490 0.178711 -0.653564 0.552291 0.793666 1.395561
0.918579 0.190674 -0.482178 0.219302 0.665027 1.583297
1.181519 0.182373 -0.375488 0.167088 0.520725 1.575940
1.318604 0.198242 -0.341797 0.463051 0.360757 1.294691
1.411255 0.233276 -0.481934 0.977842 0.155933 0.812178
1.433228 0.322998 -0.644409 1.439944 -0.092563 0.319223
1.328369 0.345093 -0.772583 1.636699 -0.238052 -0.106803
1.264282 0.393311 -0.787476 1.509009 -0.273179 -0.404903
1.054810 0.342407 -0.831177 1.124993 -0.479902 -0.539712
0.833252 0.338867 -0.796631 0.687575 -0.635597 -0.512655
0.630249 0.241089 -0.688721 0.393036 -0.841134 -0.314001
0.571167 0.379883 -0.616211 0.304745 -0.958143 0.048417
0.652100 0.482178 -0.716064 0.439792 -0.553003 0.557512
0.755615 0.538940 -0.905396 0.742875 -0.208859 1.135673
0.968262 0.617065 -1.083008 1.116686 -0.299286 1.624594
1.180420 0.649170 -1.272583 1.421668 -0.555376 1.834166
1.316772 0.606323 -1.395020 1.473646 -0.651262 1.609642
1.347168 0.508301 -1.427002 1.148490 -0.540661 0.960754
1.367920 0.506104 -1.462036 0.527607 -0.257989 0.077136
1.389771 0.638672 -1.468628 -0.141929 0.046044 -0.737416
1.341797 0.732788 -1.405884 -0.665739 0.345805 -1.255055
1.248291 0.685303 -1.317383 -1.047145 0.660281 -1.492396
1.206543 0.605347 -1.255615 -1.341922 0.943428 -1.562648
1.182617 0.595581 -1.215088 -1.534642 1.073015 -1.551019
1.192261 0.604248 -1.216797 -1.594927 0.997304 -1.502364
1.234375 0.617432 -1.227539 -1.529895 0.720090 -1.454421
1.269409 0.608643 -1.224976 -1.409801 0.366453 -1.441605
1.301392 0.581299 -1.248291 -1.315103 0.006883 -1.480529
1.304443 0.555908 -1.253296 -1.297302 -0.305932 -1.563360
1.276001 0.520874 -1.223267 -1.376336 -0.453083 -1.676572
1.285522 0.496216 -1.232178 -1.553155 -0.541136 -1.802125
1.303589 0.467407 -1.240601 -1.781001 -0.729584 -1.919134
1.302368 0.421997 -1.192261 -2.006238 -0.825232 -2.030684
1.308350 0.374634 -1.116943 -2.216758 -0.811941 -2.149828
1.330322 0.337036 -1.035278 -2.403782 -0.915896 -2.268261
1.324829 0.318970 -0.940063 -2.562088 -1.093427 -2.374589
1.297119 0.290894 -0.837036 -2.698559 -1.180056 -2.486851
1.247681 0.234253 -0.729736 -2.830520 -1.176021 -2.616202
1.185181 0.173096 -0.629272 -2.965567 -1.130452 -2.751486
1.114136 0.124268 -0.530762 -3.088034 -1.050943 -2.880124
1.036621 0.064453 -0.451050 -3.177274 -0.903554 -2.982655
0.933350 0.001099 -0.415161 -3.228540 -0.806482 -3.046737
0.817871 -0.020996 -0.359009 -3.249901 -0.780375 -3.074506
0.710327 -0.051636 -0.285522 -3.273634 -0.708461 -3.070471
0.624512 -0.081909 -0.215820 -3.319679 -0.634411 -3.041991
0.504395 -0.090210 -0.180786 -3.378064 -0.576737 -2.989538
0.410889 -0.099976 -0.073730 -3.440722 -0.428637 -2.896264
0.325195 -0.149414 0.071045 -3.472288 -0.683303 -2.757657
0.280029 -0.183838 0.137085 -3.453064 -0.885279 -2.595079
0.264282 -0.210205 0.191040 -3.336530 -0.834726 -2.458371
0.198730 -0.237915 0.232300 -3.118177 -0.796989 -2.344447
0.144775 -0.237915 0.282715 -2.836216 -0.704901 -2.245239
0.086304 -0.224121 0.330322 -2.506313 -0.548968 -2.159322
0.014404 -0.220093 0.381714 -2.161933 -0.373811 -2.077677
-0.046265 -0.247070 0.412842 -1.822773 -0.177293 -1.987488
-0.107544 -0.270630 0.412109 -1.475782 -0.035838 -1.872615
-0.154785 -0.294434 0.376221 -1.115025 0.030854 -1.725227
-0.193726 -0.285278 0.342651 -0.740027 0.033940 -1.526810
-0.206787 -0.273193 0.326904 -0.368115 -0.003323 -1.255530
-0.194214 -0.235229 0.328369 -0.022310 -0.095411 -0.896672
-0.175903 -0.204102 0.329346 0.271043 -0.209571 -0.455931
-0.172852 -0.187378 0.330322 0.495329 -0.288368 0.032990
-0.160522 -0.175171 0.330566 0.645566 -0.257514 0.528557
-0.149048 -0.170654 0.334839 0.722464 -0.118433 0.987810
-0.143799 -0.160156 0.357178 0.730771 0.056487 1.390102
-0.140015 -0.166992 0.369507 0.687575 0.217641 1.735907
-0.133301 -0.175415 0.378052 0.625154 0.268907 2.055367
-0.096558 -0.181274 0.359863 0.583145 0.236391 2.391441
-0.046753 -0.202271 0.330566 0.604506 0.251343 2.773321
0.036865 -0.233276 0.304321 0.707749 0.292641 3.213113
0.120605 -0.260864 0.288208 0.888365 0.363843 3.719597
0.224487 -0.289307 0.267944 1.129028 0.546832 4.283043
0.380737 -0.333862 0.221680 1.416921 0.749283 4.888023
0.559570 -0.375244 0.150757 1.753233 0.925390 5.513889
0.758301 -0.372070 0.089233 2.135588 1.106243 6.136196
0.942749 -0.346191 0.021729 2.529098 1.330530 6.730733
1.129639 -0.275513 -0.062012 2.886058 1.560750 7.242439
1.258057 -0.159668 -0.094482 3.161610 1.678945 7.582310
1.339966 -0.137329 -0.156494 3.301878 1.606319 7.658496
1.424072 -0.248779 -0.331299 3.323001 1.119297 7.440618
1.560059 -0.391235 -0.612915 3.377115 0.173496 7.044260
1.869751 -0.485474 -0.866455 3.663347 -0.944377 6.635560
2.218628 -0.391113 -1.029663 4.202584 -1.580686 6.353600
2.455444 -0.134399 -1.085815 4.802818 -1.420482 6.160404
2.560913 0.110718 -1.092041 5.157404 -0.443589 5.890074
2.593750 0.230347 -1.065430 5.000285 0.540424 5.391659
2.492065 0.193237 -1.034302 4.260496 0.846830 4.620778
2.312866 0.100098 -1.022461 3.126009 0.886229 3.678062
2.106934 0.050659 -0.939941 1.934561 0.898808 2.832419
1.959595 0.032471 -0.837891 0.973095 0.670961 2.343261
1.859741 0.025879 -0.764282 0.441928 0.469222 2.216758
1.794434 -0.006958 -0.707764 0.333463 0.395409 2.251410
1.786987 0.014893 -0.697021 0.540186 0.241850 2.218182
1.884521 0.018188 -0.739502 0.908301 -0.062420 2.013120
1.969971 0.029053 -0.718628 1.246749 -0.435757 1.665891
2.015747 0.066772 -0.697388 1.375862 -0.505060 1.252207
2.028809 0.112061 -0.723755 1.219929 -0.301897 0.847780
1.990845 0.144409 -0.721313 0.820485 0.034177 0.499839
1.907104 0.141602 -0.705566 0.260362 0.517877 0.221913
1.779663 0.106201 -0.669922 -0.349365 1.138047 0.005934
1.658569 0.080322 -0.618530 -0.892637 1.656398 -0.177056
1.547119 0.050171 -0.559814 -1.299675 1.961617 -0.338210
1.435181 0.016968 -0.505737 -1.556240 2.086458 -0.501263
1.335938 -0.014282 -0.447754 -1.673012 2.077202 -0.682353
1.238647 -0.043091 -0.413818 -1.682980 1.931475 -0.879583
1.150024 -0.054565 -0.372925 -1.615101 1.702679 -1.085120
1.083618 -0.039429 -0.348633 -1.489073 1.443029 -1.285198
1.025879 -0.060547 -0.333740 -1.348330 1.205451 -1.470323
0.972168 -0.090576 -0.323853 -1.225388 0.962178 -1.645955
0.926025 -0.113647 -0.316284 -1.139233 0.624680 -1.792156
0.880615 -0.119385 -0.305054 -1.071829 0.165189 -1.890178
0.847046 -0.130127 -0.300415 -1.007984 -0.309966 -1.928864
0.825439 -0.146118 -0.292969 -0.932510 -0.708935 -1.912251
0.824951 -0.161133 -0.275513 -0.829030 -1.011307 -1.851492
0.846680 -0.170044 -0.261475 -0.705138 -1.229423 -1.753945
0.874756 -0.167114 -0.238403 -0.574363 -1.335039 -1.635275
0.903320 -0.154419 -0.219727 -0.450235 -1.307508 -1.498804
0.913086 -0.146362 -0.212891 -0.345567 -1.199043 -1.348567
0.931519 -0.141602 -0.209229 -0.263210 -1.057826 -1.187651
0.939087 -0.133545 -0.213989 -0.201739 -0.892874 -1.022225
0.951660 -0.115845 -0.239868 -0.152847 -0.716768 -0.868665
0.966064 -0.089355 -0.260620 -0.107040 -0.557038 -0.740502
0.969116 -0.071045 -0.279663 -0.066218 -0.400156 -0.650312
0.970337 -0.069946 -0.289795 -0.039161 -0.237340 -0.599996
0.967896 -0.066528 -0.286865 -0.031804 -0.097784 -0.578398
0.945923 -0.058105 -0.289795 -0.033465 -0.022785 -0.567718
0.930542 -0.046143 -0.295288 -0.024209 0.012342 -0.560835
0.917969 -0.043335 -0.294434 0.014952 0.019937 -0.553240
0.903687 -0.039673 -0.293579 0.088053 0.004984 -0.538288
0.896851 -0.029663 -0.292236 0.187261 -0.017563 -0.509807
0.890747 -0.010376 -0.296143 0.292878 -0.034414 -0.464950
0.888916 0.007080 -0.303955 0.380694 -0.030380 -0.407039
0.885620 0.023438 -0.308472 0.428399 -0.009731 -0.342719
0.892334 0.040894 -0.316650 0.426975 -0.010443 -0.277213
0.914429 0.063599 -0.325806 0.386153 -0.034652 -0.215505
0.934204 0.096436 -0.320068 0.317799 -0.020174 -0.165426
0.950317 0.112183 -0.320313 0.228321 0.046993 -0.131961
0.951782 0.114502 -0.294312 0.124841 0.095648 -0.116771
0.945435 0.106201 -0.277710 0.015427 0.093037 -0.118670
0.943481 0.093872 -0.262695 -0.078322 0.058148 -0.131724
0.931763 0.088623 -0.254883 -0.137183 0.019937 -0.146439
0.920654 0.083618 -0.242188 -0.150711 -0.007120 -0.150711
0.915649 0.082153 -0.240723 -0.127452 -0.032041 -0.140743
0.906128 0.082642 -0.232056 -0.080221 -0.075474 -0.119145
