1.164917 -0.013428 -0.133667 -0.175869 0.232831 -0.507908
1.162109 0.012573 -0.130493 -0.239951 0.425076 -0.453320
1.183838 0.032227 -0.051636 -0.284808 0.515266 -0.383067
1.130615 0.061279 0.026245 -0.223100 0.495092 -0.327767
1.028198 -0.008789 0.029053 -0.076424 0.205062 -0.171834
1.089722 -0.068848 -0.044189 0.102056 -0.070727 0.050791
1.249146 -0.025635 -0.077026 0.203875 -0.171122 0.230457
1.424438 0.005859 -0.130127 0.241138 -0.092563 0.314476
1.494385 0.048340 -0.188232 0.205537 0.104192 0.238764
1.489380 0.095459 -0.229248 0.124841 0.296438 0.018750
1.489990 0.107300 -0.237671 0.021835 0.380219 -0.209334
1.542358 0.102417 -0.208862 -0.089003 0.362181 -0.389001
1.641357 0.099365 -0.150146 -0.176581 0.311390 -0.565345
1.695923 0.083008 -0.156250 -0.200790 0.285046 -0.787020
1.757813 0.077148 -0.095581 -0.127689 0.490345 -1.049519
1.770020 0.068237 -0.135864 -0.126977 0.262024 -1.312729
1.772095 0.066284 -0.190552 -0.137183 0.245410 -1.484326
1.796509 0.063354 -0.278442 -0.187973 0.241375 -1.617474
1.867310 0.064575 -0.353394 -0.284096 0.193432 -1.732347
1.914307 0.060913 -0.399780 -0.423890 0.149762 -1.865020
1.920532 0.082520 -0.434204 -0.576025 0.149050 -2.073642
1.907959 0.122681 -0.447998 -0.737654 0.119857 -2.354890
1.851929 0.130249 -0.427612 -0.956244 0.118670 -2.679572
1.732300 0.111938 -0.384277 -1.207113 0.192720 -3.021579
1.560913 0.079712 -0.342529 -1.436858 0.308542 -3.326324
1.379395 0.049683 -0.266357 -1.639072 0.478478 -3.555120
1.186768 0.010010 -0.184814 -1.781239 0.687812 -3.725768
0.760010 0.003906 -0.131592 -1.827520 0.820248 -3.836131
0.670898 0.031250 -0.079834 -1.841286 0.836862 -3.671654
0.627808 0.009521 0.011719 -1.788122 0.563920 -3.502905
0.547607 0.018555 0.041992 -1.704341 0.385915 -3.345074
0.450562 0.016724 0.078613 -1.644768 0.339159 -3.093019
0.366455 0.016846 0.128540 -1.578550 0.311390 -2.873241
0.282471 0.032349 0.150879 -1.470798 0.294777 -2.712562
0.191528 0.057983 0.168457 -1.360197 0.322071 -2.524826
0.113892 0.078491 0.210449 -1.288995 0.421516 -2.318340
0.022095 0.090454 0.277222 -1.214233 0.498415 -2.109955
-0.059692 0.107056 0.322266 -1.081560 0.467798 -1.912013
-0.125488 0.118652 0.342163 -0.922067 0.358621 -1.713834
-0.193604 0.120850 0.336792 -0.760676 0.217166 -1.493582
-0.255737 0.126831 0.317627 -0.607828 0.058860 -1.235594
-0.267212 0.151367 0.298340 -0.467323 -0.098971 -0.927288
-0.241333 0.181030 0.272217 -0.344381 -0.241850 -0.618034
-0.211182 0.223267 0.239258 -0.253717 -0.321833 -0.359808
-0.184570 0.246582 0.201782 -0.225948 -0.295014 -0.148338
-0.165283 0.272949 0.167725 -0.245410 -0.200553 0.059098
-0.143066 0.279297 0.154907 -0.275315 -0.079746 0.257752
-0.125610 0.304443 0.154053 -0.284334 -0.003323 0.421042
-0.125366 0.296265 0.147461 -0.272704 0.007595 0.576737
-0.112549 0.302002 0.162109 -0.237103 -0.019225 0.728872
-0.105835 0.296387 0.160889 -0.173021 -0.098496 0.886703
-0.087646 0.275879 0.157837 -0.090427 -0.180853 1.061623
-0.054810 0.257568 0.169189 -0.005696 -0.243986 1.293979
0.003662 0.268677 0.162109 0.070965 -0.266058 1.574041
0.061157 0.223633 0.169312 0.106803 -0.266296 1.879498
0.156372 0.181763 0.185059 0.160205 -0.259888 2.164069
0.239258 0.133179 0.182739 0.263922 -0.209571 2.484953
0.324341 0.111938 0.191650 0.407513 -0.052927 2.834792
0.423828 0.078247 0.225464 0.537813 0.013766 3.175376
0.517700 0.025146 0.260254 0.753318 -0.112737 3.492700
0.620239 -0.023926 0.277344 1.078949 -0.329666 3.782255
0.692749 -0.037354 0.247437 1.446826 -0.537813 4.030038
0.812256 -0.060547 0.237549 1.785036 -0.815739 4.180986
0.920532 -0.095215 0.163574 2.098325 -0.682116 4.292774
0.999023 -0.133423 0.075439 2.332580 -0.711784 4.394593
1.131714 -0.109741 -0.077637 2.439621 -0.966924 4.506380
1.245728 -0.135132 -0.193237 2.385982 -1.227287 4.517298
1.372925 -0.136353 -0.345825 2.231711 -1.444690 4.502820
1.545288 -0.081665 -0.484375 1.967788 -1.675385 4.458200
1.683472 -0.048950 -0.576782 1.551731 -1.833216 4.310574
1.816040 -0.045898 -0.606812 1.033617 -1.839862 4.073709
1.922119 -0.048706 -0.581299 0.515740 -1.708613 3.782729
1.999390 -0.072144 -0.533081 0.070015 -1.538914 3.420074
2.042603 -0.151245 -0.495483 -0.283384 -1.375624 3.023952
2.068970 -0.219482 -0.478882 -0.516452 -1.271907 2.651328
2.046753 -0.284180 -0.502563 -0.600946 -1.318663 2.302438
2.018188 -0.305786 -0.576538 -0.607828 -1.397222 1.996744
2.018555 -0.297363 -0.661865 -0.648651 -1.564310 1.745638
2.092896 -0.272705 -0.735474 -0.756878 -1.816840 1.504025
2.221191 -0.249146 -0.775024 -0.956481 -1.954735 1.238916
2.322144 -0.209839 -0.737549 -1.226337 -1.914861 0.890975
2.358276 -0.194336 -0.693115 -1.519452 -1.668502 0.429349
2.285889 -0.210327 -0.673950 -1.799989 -1.155373 -0.072626
2.156494 -0.257690 -0.660767 -2.063437 -0.590503 -0.524759
2.020386 -0.298828 -0.633423 -2.294606 -0.288606 -0.872463
1.931885 -0.273682 -0.580811 -2.457421 -0.185363 -1.145642
1.869385 -0.263916 -0.501221 -2.588433 -0.189872 -1.424042
1.824707 -0.252319 -0.433105 -2.673638 -0.307356 -1.706239
1.786133 -0.235229 -0.378296 -2.727515 -0.246359 -1.986776
1.731445 -0.213013 -0.308228 -2.792309 -0.107752 -2.249511
1.663330 -0.204590 -0.264404 -2.859713 0.046756 -2.527437
1.572388 -0.203369 -0.213989 -2.921184 0.339634 -2.801802
1.458252 -0.195313 -0.161621 -2.926168 0.632987 -3.039854
1.321533 -0.187134 -0.108521 -2.857340 0.824283 -3.257970
1.198853 -0.196167 -0.069946 -2.741755 0.967162 -3.438823
1.084351 -0.171753 -0.045410 -2.615252 1.154898 -3.524503
0.965210 -0.152100 -0.005249 -2.507263 1.336938 -3.581465
0.856934 -0.126953 0.014648 -2.385507 1.392950 -3.619202
0.745850 -0.086670 0.030273 -2.288435 1.384406 -3.627984
0.617554 -0.071167 0.062500 -2.209401 1.359485 -3.622999
0.451416 -0.080322 0.064941 -2.118262 1.283536 -3.583601
0.289795 -0.072998 0.052612 -2.024275 1.130689 -3.460184
0.165894 -0.032837 0.070923 -1.941681 0.964551 -3.236135
0.100586 0.012817 0.104858 -1.871665 0.831878 -2.938273
0.078125 0.064087 0.165161 -1.804498 0.786546 -2.612642
0.068848 0.110596 0.221558 -1.694135 0.791055 -2.327596
0.052490 0.151489 0.267090 -1.542237 0.841371 -2.111379
0.027710 0.190796 0.282104 -1.369691 0.911861 -1.942630
-0.010986 0.201782 0.296021 -1.178395 0.942241 -1.789783
-0.058105 0.208252 0.278442 -0.984962 0.900944 -1.621984
-0.096313 0.221191 0.257080 -0.804584 0.745011 -1.434722
-0.136108 0.234863 0.235596 -0.639395 0.510044 -1.247698
-0.181274 0.236450 0.195801 -0.493193 0.274603 -1.051417
-0.180176 0.199463 0.146484 -0.389950 0.101819 -0.821909
-0.159546 0.243530 0.145264 -0.322545 0.035364 -0.599759
-0.151978 0.245239 0.137573 -0.251343 -0.145490 -0.337498
-0.091187 0.233521 0.150146 -0.200078 -0.310916 -0.053639
-0.038208 0.148438 0.157959 -0.163765 -0.416295 0.135759
-0.032104 0.238159 0.197876 -0.132911 -0.330852 0.254666
-0.051636 0.247681 0.183838 -0.085680 -0.229508 0.454032
-0.046021 0.194214 0.160645 -0.065743 -0.054826 0.731720
-0.059692 0.165527 0.141357 -0.075000 0.179192 1.030057
-0.071899 0.184204 0.137939 -0.063370 0.433383 1.331954
-0.057007 0.222290 0.142944 -0.004272 0.596436 1.673724
0.081177 0.230835 0.174805 0.091613 0.618983 2.022851
0.159546 0.156128 0.171143 0.192958 0.501025 2.307422
0.284546 0.163696 0.085449 0.383542 -0.039161 2.533370
0.408447 0.200195 0.024292 0.520250 -0.008070 2.668417
0.517090 0.222290 -0.000366 0.508858 0.478715 2.780916
0.644043 0.238770 0.020020 0.369064 1.078000 2.907656
0.698730 0.226807 0.076416 0.162341 1.722853 2.988114
0.742798 0.209717 0.120239 -0.018750 1.955684 3.087322
0.811401 0.162109 0.181885 -0.124366 1.383219 3.204331
0.909790 0.122437 0.192383 -0.131012 0.545645 3.348397
1.072388 0.098389 0.179077 -0.051266 -0.140268 3.501244
1.236694 0.110718 0.167603 0.048417 -0.426026 3.603538
1.411743 0.128418 0.190063 0.123654 -0.512655 3.602113
1.564575 0.123779 0.223267 0.189160 -0.584569 3.502193
1.728760 0.101563 0.222412 0.281248 -0.676657 3.389694
1.939697 0.137329 0.191650 0.403241 -0.912573 3.265802
2.149780 0.223145 0.101196 0.519063 -1.122620 2.971500
2.192383 0.225342 0.008057 0.520250 -1.035278 2.425380
2.148804 0.229126 -0.038818 0.367403 -0.865105 1.873564
2.058105 0.214355 -0.066040 0.129350 -0.499127 1.418820
1.896729 0.147583 0.000000 -0.132199 -0.091613 1.042636
1.766235 0.079956 0.060669 -0.301659 0.087579 0.785122
1.699951 0.045044 0.096802 -0.339159 0.135284 0.659569
1.686523 0.022339 0.143188 -0.304508 0.210283 0.605692
1.695557 0.024536 0.171875 -0.227372 0.180616 0.564395
1.675659 0.022583 0.157349 -0.115585 0.068591 0.483937
