0.966064 -0.184082 -0.523438 -0.427925 -0.336074 -0.409412
0.915527 -0.174194 -0.519409 -0.603082 -0.149999 -0.247783
0.930908 -0.254272 -0.473022 -0.770881 -0.063370 -0.027531
0.950073 -0.234253 -0.417358 -0.835912 -0.052690 0.100870
0.984497 -0.220581 -0.367554 -0.782036 0.050553 0.148575
1.045654 -0.219971 -0.331909 -0.656009 0.030380 0.202214
1.121216 -0.195190 -0.334717 -0.485836 0.111550 0.215030
1.174316 -0.208740 -0.338135 -0.307118 0.351738 0.215030
1.211426 -0.198975 -0.338013 -0.112974 0.631562 0.196755
1.216064 -0.208374 -0.336670 0.100158 0.880770 0.145252
1.204590 -0.230347 -0.366333 0.328479 0.944140 0.087104
1.218384 -0.220337 -0.380127 0.566769 0.671673 0.061471
1.239380 -0.218262 -0.433228 0.807669 0.393036 0.066218
1.287842 -0.238647 -0.493042 1.053791 0.115822 0.059098
1.371216 -0.216431 -0.631836 1.293505 -0.364555 0.017326
1.432251 -0.208862 -0.745483 1.421431 -0.923016 -0.065981
1.503784 -0.210449 -0.822510 1.408140 -1.453947 -0.155695
1.590454 -0.172363 -0.948242 1.304659 -1.612490 -0.217166
1.677368 -0.135986 -1.053345 1.086781 -1.485276 -0.318748
1.728394 -0.146118 -1.138306 0.718904 -1.113126 -0.497940
1.750732 -0.149414 -1.182495 0.279112 -0.785359 -0.707037
1.748779 -0.157715 -1.220825 -0.153084 -0.459728 -0.934883
1.728882 -0.186768 -1.234131 -0.557987 -0.189872 -1.193822
1.706055 -0.209717 -1.252319 -0.917795 -0.074050 -1.479105
1.678467 -0.218750 -1.257202 -1.275229 0.007120 -1.744926
1.621338 -0.199951 -1.266113 -1.663043 0.148100 -2.002915
1.545410 -0.206177 -1.259033 -2.096427 0.319223 -2.257344
1.457153 -0.230835 -1.187622 -2.584873 0.694695 -2.488988
1.321655 -0.259766 -1.086304 -3.042465 1.082272 -2.732499
1.177124 -0.299072 -0.958374 -3.402273 1.369691 -2.978146
1.034424 -0.338989 -0.825073 -3.644598 1.524199 -3.185107
0.864380 -0.367065 -0.697510 -3.794122 1.708613 -3.346973
0.668579 -0.395874 -0.583252 -3.850609 1.832504 -3.453301
0.489136 -0.385864 -0.456543 -3.824501 1.921982 -3.459947
0.339355 -0.375122 -0.353760 -3.722445 1.930526 -3.402036
0.216675 -0.363037 -0.270630 -3.555120 1.853865 -3.303065
0.121094 -0.337158 -0.195801 -3.367147 1.728787 -3.126721
0.039429 -0.300781 -0.119507 -3.187005 1.630528 -2.887482
-0.016479 -0.263306 -0.043823 -2.993810 1.625306 -2.603386
-0.067993 -0.201172 0.017334 -2.756707 1.604420 -2.303150
-0.105225 -0.143921 0.058594 -2.493497 1.573566 -2.002203
-0.146606 -0.095825 0.099121 -2.216521 1.490497 -1.727837
-0.185791 -0.058716 0.139038 -1.934561 1.359248 -1.458456
-0.228882 -0.027832 0.183350 -1.642157 1.168664 -1.188838
-0.253906 -0.010254 0.212402 -1.334564 0.972146 -0.884567
-0.273804 0.004150 0.224976 -1.006560 0.772305 -0.538050
-0.282471 0.021606 0.228638 -0.675470 0.591927 -0.143354
-0.259155 0.031982 0.214722 -0.345093 0.416770 0.290505
-0.216431 0.027344 0.190063 -0.028006 0.220964 0.733381
-0.147095 0.008179 0.167236 0.262498 0.038449 1.184091
-0.047852 -0.002930 0.155396 0.535202 -0.107278 1.634562
0.052734 -0.029785 0.145874 0.801023 -0.220489 2.067946
0.153564 -0.068848 0.132324 1.080610 -0.352450 2.472611
0.261597 -0.117065 0.102539 1.377048 -0.482513 2.846659
0.391479 -0.159546 0.070435 1.691287 -0.633224 3.208603
0.536499 -0.189453 0.005005 2.023326 -0.836625 3.517146
0.687134 -0.217529 -0.101563 2.344210 -1.077288 3.733125
0.814819 -0.246582 -0.227661 2.631154 -1.343346 3.868647
0.887817 -0.254028 -0.366699 2.854492 -1.657347 3.943409
0.983521 -0.243408 -0.483154 2.983605 -2.026411 3.981621
1.083374 -0.226074 -0.618774 3.018731 -2.395475 4.008915
1.183105 -0.204102 -0.819214 2.939697 -2.682894 4.046414
1.322021 -0.151001 -1.023804 2.676961 -2.903858 4.067775
1.462280 -0.121216 -1.177612 2.221505 -3.043652 4.038820
1.584839 -0.123779 -1.256470 1.635275 -3.045788 3.955750
1.695801 -0.164185 -1.256104 1.004899 -2.915251 3.831859
1.776733 -0.199951 -1.213135 0.429586 -2.638987 3.708442
1.907959 -0.311279 -1.184570 0.012579 -2.339700 3.519756
2.005493 -0.344849 -1.157593 -0.252055 -1.960193 3.144996
1.987549 -0.366821 -1.145264 -0.426975 -1.562648 2.662721
2.000977 -0.360596 -1.156250 -0.530693 -1.309644 2.268024
2.000488 -0.374023 -1.179199 -0.599284 -1.183141 1.888754
1.996704 -0.366333 -1.220703 -0.660755 -1.195483 1.522775
2.004395 -0.345093 -1.248779 -0.790818 -1.172936 1.221116
2.029297 -0.317871 -1.239990 -1.003237 -1.033617 0.946513
2.054688 -0.305908 -1.206665 -1.265498 -0.791292 0.655534
2.048462 -0.286743 -1.158203 -1.533456 -0.469459 0.334887
2.002319 -0.285889 -1.100220 -1.779815 -0.088053 -0.025158
1.928833 -0.284302 -1.021240 -1.994845 0.282198 -0.406564
1.843018 -0.276001 -0.947632 -2.152676 0.501737 -0.775865
1.768311 -0.264526 -0.906128 -2.276568 0.611863 -1.097936
1.698853 -0.250366 -0.849609 -2.394289 0.671673 -1.365419
1.646118 -0.231323 -0.783447 -2.478782 0.585044 -1.625544
1.609741 -0.209595 -0.749634 -2.554731 0.621357 -1.887093
1.582153 -0.185669 -0.713501 -2.617863 0.615186 -2.161458
1.535522 -0.163940 -0.668945 -2.678385 0.683065 -2.435586
1.447388 -0.151245 -0.628296 -2.733923 0.808856 -2.704018
1.333252 -0.151855 -0.604614 -2.796581 1.037889 -2.971975
1.218140 -0.161743 -0.583008 -2.856865 1.284723 -3.216198
1.084717 -0.161011 -0.552734 -2.908843 1.488598 -3.432652
0.949829 -0.153809 -0.524414 -2.946817 1.614863 -3.621338
0.793091 -0.175903 -0.477539 -2.982655 1.656398 -3.755673
0.592896 -0.207397 -0.429321 -3.019918 1.684641 -3.762081
0.506470 -0.154541 -0.377197 -3.048636 1.736856 -3.576955
0.401001 -0.135254 -0.304810 -3.072370 1.773881 -3.384947
0.295044 -0.104126 -0.228516 -3.034633 1.694372 -3.192464
0.218018 -0.064697 -0.141479 -2.934000 1.658771 -2.974349
0.159912 -0.030518 -0.066650 -2.769049 1.536066 -2.765489
0.120117 0.005249 -0.011108 -2.556155 1.315340 -2.545949
0.099365 0.055176 0.016479 -2.330682 1.145404 -2.286774
0.102173 0.095947 0.019653 -2.115889 1.096987 -2.016443
0.091431 0.143188 0.003540 -1.924830 1.114550 -1.770558
0.080200 0.190796 -0.015747 -1.763201 1.117873 -1.558851
0.069336 0.225220 -0.035522 -1.647379 1.078237 -1.367555
0.064209 0.239136 -0.026245 -1.578550 1.030532 -1.189787
0.070923 0.251221 -0.000854 -1.497855 0.961940 -1.006323
0.097778 0.276611 0.002075 -1.379659 0.855374 -0.805058
0.133667 0.327637 -0.006958 -1.257429 0.721989 -0.595249
0.153931 0.351563 -0.009888 -1.174360 0.634648 -0.393036
0.151733 0.363892 -0.008789 -1.130214 0.642005 -0.206961
0.153076 0.364868 -0.006104 -1.103632 0.661942 -0.029668
0.143677 0.363892 0.001343 -1.083458 0.627528 0.156407
0.126953 0.340088 0.023682 -1.067557 0.558462 0.355061
0.125488 0.314209 0.060791 -1.047620 0.485836 0.564870
0.121338 0.290771 0.084351 -0.988760 0.408937 0.792717
0.131592 0.279053 0.108521 -0.903554 0.326106 1.034329
0.186279 0.265991 0.123901 -0.825232 0.227372 1.291606
0.251465 0.245483 0.141602 -0.777289 0.152135 1.551256
0.283936 0.222290 0.160767 -0.738366 0.137895 1.799277
0.311035 0.220337 0.177490 -0.695170 0.145727 2.041126
0.362061 0.224609 0.210571 -0.641531 0.095885 2.278704
0.420654 0.214233 0.241577 -0.564633 0.027769 2.480443
0.491089 0.187988 0.274902 -0.455931 -0.034414 2.634477
0.552979 0.153687 0.262085 -0.299286 -0.115110 2.764302
0.624146 0.124634 0.202759 -0.126502 -0.202926 2.918811
0.701782 0.113037 0.122803 0.008307 -0.298099 3.069047
0.830933 0.094849 0.070557 0.055300 -0.332039 3.195312
0.934814 0.098389 0.055664 0.048655 -0.342007 3.270787
1.005981 0.085083 0.047974 0.032278 -0.334412 3.250612
1.105469 0.058716 0.053101 0.012342 -0.323969 3.217622
1.251953 0.040039 0.050049 0.009968 -0.335362 3.169442
1.339233 0.017944 0.025757 0.053402 -0.451896 3.022766
1.476440 0.015137 -0.008179 0.142879 -0.646752 2.881548
1.613647 0.031738 -0.073120 0.208147 -0.597386 2.707815
1.694580 0.045654 -0.114258 0.235442 -0.499364 2.468814
1.750732 0.059814 -0.135864 0.258938 -0.543984 2.218894
1.785034 0.058960 -0.162109 0.279824 -0.568667 1.973959
1.794312 0.028198 -0.185181 0.262973 -0.514079 1.751809
1.810791 0.003296 -0.196045 0.214081 -0.404191 1.586145
1.842041 -0.009033 -0.194336 0.160917 -0.281486 1.443029
1.859253 -0.021606 -0.186157 0.106091 -0.176581 1.281163
1.871948 -0.027100 -0.159668 0.041060 -0.100158 1.087018
1.867676 -0.046875 -0.128906 -0.021835 -0.070015 0.863681
1.849243 -0.071167 -0.100220 -0.062183 -0.044145 0.636784
1.840210 -0.076904 -0.083252 -0.065981 -0.032278 0.429349
1.820923 -0.058105 -0.082886 -0.041060 -0.023022 0.236866
1.772461 -0.046997 -0.084229 -0.024921 0.054826 0.044145
1.688843 -0.044556 -0.088379 -0.014478 0.159493 -0.161629
1.575684 -0.047852 -0.098877 0.000000 0.225948 -0.354824
1.469604 -0.046265 -0.106323 0.007832 0.204350 -0.504348
