1.013184 0.055054 -0.287476 0.030854 0.130537 0.055300
0.954590 -0.009521 -0.236816 0.015190 0.025158 0.049841
0.938965 0.007202 -0.218262 0.055300 0.039636 0.075474
0.921021 0.031006 -0.210327 0.145015 0.040585 0.089240
0.911499 0.023804 -0.204956 0.238764 -0.140743 0.137420
0.915771 0.035034 -0.191895 0.345567 -0.237340 0.197942
0.921631 0.034790 -0.207275 0.427687 -0.249919 0.238290
0.920410 0.040771 -0.223877 0.478478 -0.268907 0.255378
0.907593 0.032349 -0.248779 0.493668 -0.347466 0.242324
0.892822 0.021729 -0.273560 0.483700 -0.466374 0.217404
0.888428 0.005493 -0.302856 0.466374 -0.564633 0.197942
0.905151 -0.012573 -0.279663 0.459253 -0.645803 0.196518
0.945190 -0.026611 -0.273560 0.472070 -0.780850 0.230220
0.970093 -0.033203 -0.281250 0.528557 -0.749046 0.296438
0.968384 -0.027466 -0.303345 0.579822 -0.594063 0.382118
0.952393 -0.021118 -0.332153 0.603319 -0.473494 0.453557
0.944824 -0.026123 -0.356445 0.610439 -0.420567 0.497228
0.951416 -0.024780 -0.361816 0.619933 -0.445725 0.520250
0.999146 -0.023804 -0.366211 0.642243 -0.601183 0.517639
1.063843 -0.024414 -0.385986 0.678319 -0.843033 0.484174
1.131104 -0.029907 -0.415405 0.714632 -1.075626 0.410361
1.219360 -0.023071 -0.445557 0.747385 -1.221590 0.295489
1.314941 -0.014038 -0.504395 0.765185 -1.218268 0.166138
1.374756 -0.011353 -0.585938 0.749046 -1.062572 0.028006
1.406982 -0.013306 -0.681519 0.681167 -0.807906 -0.130537
1.426514 -0.012085 -0.772705 0.570803 -0.592401 -0.315900
1.463989 0.005371 -0.851685 0.431247 -0.509570 -0.518351
1.501343 0.048340 -0.915283 0.258226 -0.568193 -0.750470
1.511108 0.094971 -0.951294 0.038924 -0.697780 -1.041924
1.465820 0.103638 -0.935425 -0.223575 -0.801023 -1.382270
1.385254 0.102661 -0.927856 -0.503399 -0.840897 -1.706951
1.302368 0.102173 -0.890869 -0.770169 -0.859172 -1.941918
1.227905 0.080933 -0.836304 -1.012256 -0.846830 -2.051807
1.129517 0.064697 -0.782715 -1.218268 -0.704189 -2.067471
1.047852 0.063965 -0.740479 -1.375387 -0.475393 -2.042076
0.989014 0.084595 -0.727539 -1.486937 -0.302134 -2.003389
0.902344 0.074707 -0.710083 -1.570006 -0.231644 -1.970399
0.826050 0.082031 -0.700439 -1.646904 -0.238527 -1.957345
0.755737 0.086914 -0.669922 -1.724277 -0.332988 -1.940969
0.686523 0.084106 -0.643555 -1.801650 -0.494142 -1.909877
0.621826 0.086060 -0.614380 -1.873802 -0.692084 -1.852678
0.562988 0.067139 -0.569458 -1.926016 -0.836150 -1.763913
0.508423 0.066284 -0.527588 -1.943580 -0.845881 -1.637173
0.468994 0.079956 -0.485962 -1.920795 -0.778951 -1.466526
0.425537 0.092285 -0.453979 -1.883770 -0.647702 -1.261226
0.374390 0.112671 -0.430420 -1.859561 -0.472782 -1.033617
0.320679 0.127441 -0.386475 -1.864308 -0.306406 -0.806245
0.255493 0.126221 -0.337280 -1.885194 -0.202214 -0.593588
0.205444 0.121216 -0.282104 -1.881634 -0.186787 -0.391611
0.191895 0.117920 -0.215698 -1.815416 -0.284571 -0.191059
0.202148 0.104248 -0.165161 -1.692236 -0.452133 0.014715
0.221436 0.085815 -0.122314 -1.524437 -0.594300 0.223100
0.242065 0.049316 -0.072754 -1.315103 -0.660043 0.443589
0.258057 0.006836 -0.039795 -1.049044 -0.664078 0.688762
0.289307 -0.018433 -0.029297 -0.697068 -0.676894 0.974994
0.353882 -0.036011 -0.048950 -0.273891 -0.759014 1.294454
0.386475 -0.064697 -0.088867 0.170648 -0.886703 1.622221
0.432617 -0.089722 -0.141357 0.587417 -1.019851 1.948801
0.504761 -0.048218 -0.210327 0.947462 -1.071591 2.256631
0.591797 -0.030884 -0.261108 1.229660 -1.116686 2.494921
0.691772 0.000366 -0.320190 1.434010 -1.044060 2.608607
0.770020 0.017090 -0.377930 1.578788 -0.977842 2.617626
0.852783 0.021851 -0.443726 1.691050 -0.934646 2.549984
0.946655 0.035400 -0.520264 1.770796 -0.866055 2.416361
0.958130 0.010986 -0.577515 1.780527 -0.804821 2.240255
0.956787 -0.004150 -0.647339 1.713597 -0.850865 2.054180
0.899292 -0.025635 -0.706177 1.642632 -1.009408 1.907979
0.866211 -0.040771 -0.758423 1.557427 -1.277365 1.836539
0.881836 -0.052124 -0.777344 1.454421 -1.539626 1.860985
0.914795 -0.049805 -0.769775 1.333852 -1.578550 1.952124
0.996582 -0.033691 -0.796875 1.221353 -1.405054 2.043975
1.045654 -0.046509 -0.828369 1.107904 -1.178632 2.078864
1.069702 -0.046509 -0.879150 0.972858 -0.981165 2.023563
1.074219 -0.060181 -0.929932 0.842083 -0.883855 1.896824
1.066284 -0.064453 -0.968628 0.745961 -0.928475 1.754182
1.116943 -0.126343 -1.048340 0.658382 -0.975706 1.626968
1.132080 -0.130859 -1.061768 0.514316 -1.148252 1.513519
1.198608 -0.095947 -1.099487 0.289792 -1.246986 1.405292
1.243652 -0.060547 -1.105469 0.041297 -1.151100 1.286622
1.323975 -0.088989 -1.140259 -0.198416 -0.937019 1.134249
1.346313 -0.062988 -1.159180 -0.445488 -0.908539 0.907827
1.355835 -0.041382 -1.170044 -0.690423 -0.900706 0.617085
1.367798 -0.046387 -1.173218 -0.899994 -0.827368 0.310204
1.365479 -0.066772 -1.173950 -1.084408 -0.778239 0.007832
1.342651 -0.084717 -1.161987 -1.250071 -0.696594 -0.294539
1.342407 -0.076904 -1.144775 -1.392001 -0.627290 -0.582433
1.329224 -0.053223 -1.121582 -1.509484 -0.588129 -0.849678
1.278931 -0.039063 -1.097534 -1.621034 -0.534965 -1.111465
1.212524 -0.022461 -1.082886 -1.733771 -0.481326 -1.361384
1.116699 -0.008545 -1.062744 -1.846270 -0.516215 -1.579262
1.016724 0.008301 -1.048828 -1.954023 -0.648414 -1.749673
0.919067 -0.003784 -1.028320 -2.045161 -0.789868 -1.867393
0.819580 -0.005493 -1.009033 -2.102123 -0.873887 -1.912013
0.750000 0.004028 -0.987305 -2.120398 -0.878159 -1.874751
0.688965 0.042725 -0.968140 -2.132977 -0.840422 -1.776255
0.639160 0.063110 -0.929443 -2.184243 -0.815264 -1.671350
0.591187 0.071899 -0.903198 -2.282739 -0.735280 -1.588519
0.543579 0.078979 -0.863037 -2.387643 -0.648888 -1.525623
0.460449 0.073120 -0.810425 -2.456947 -0.617559 -1.469136
0.366333 0.066528 -0.759766 -2.469526 -0.659094 -1.406953
0.275879 0.062866 -0.698730 -2.419684 -0.763049 -1.312017
0.207886 0.081055 -0.632080 -2.321663 -0.928475 -1.169376
0.158325 0.099609 -0.565186 -2.205129 -1.088443 -0.981639
0.121460 0.115234 -0.505371 -2.095003 -1.196907 -0.777527
0.085205 0.119141 -0.442749 -1.991522 -1.228236 -0.580772
0.016479 0.120361 -0.424683 -1.870004 -1.150626 -0.390662
-0.032959 0.114136 -0.413696 -1.719530 -1.023174 -0.173021
-0.067749 0.109253 -0.407471 -1.548408 -0.917083 0.084730
-0.087280 0.109497 -0.388916 -1.380608 -0.867953 0.355061
-0.114624 0.100464 -0.362427 -1.223489 -0.851102 0.610914
-0.143921 0.080444 -0.331055 -1.069930 -0.874124 0.848729
-0.146362 0.069214 -0.301147 -0.895960 -0.960991 1.087968
-0.127319 0.074341 -0.273560 -0.691610 -1.122857 1.331479
-0.130859 0.074097 -0.249756 -0.464950 -1.318663 1.540576
-0.125488 0.062622 -0.249512 -0.215030 -1.466763 1.710274
-0.122681 0.027710 -0.267090 0.061471 -1.567870 1.877362
-0.073975 -0.007446 -0.284180 0.350789 -1.605132 2.075066
-0.000244 -0.068848 -0.303589 0.624442 -1.550307 2.303150
0.092651 -0.110352 -0.340088 0.865817 -1.427839 2.525538
0.167847 -0.152954 -0.397339 1.081322 -1.330055 2.702119
0.220215 -0.175415 -0.436401 1.288046 -1.318425 2.813432
0.270630 -0.176270 -0.454834 1.496193 -1.380371 2.865884
0.302368 -0.167480 -0.473633 1.704578 -1.496193 2.876564
0.352905 -0.142822 -0.509888 1.904893 -1.599674 2.858289
0.378418 -0.100220 -0.538940 2.055367 -1.604420 2.825061
0.465454 -0.147217 -0.637207 2.139385 -1.385830 2.789935
0.484009 -0.205200 -0.659546 2.116363 -1.193347 2.754097
0.500244 -0.246094 -0.695679 2.021665 -1.035041 2.717546
0.513184 -0.289795 -0.738647 1.976570 -0.840897 2.668891
0.504639 -0.333984 -0.772827 2.046585 -0.736704 2.618101
0.503784 -0.410156 -0.787354 2.202518 -0.734331 2.563512
0.510498 -0.414795 -0.803711 2.378862 -0.880058 2.510348
0.519531 -0.410156 -0.822754 2.539304 -1.002763 2.474272
0.558716 -0.429688 -0.888184 2.682657 -0.855374 2.468576
0.586792 -0.458374 -0.929077 2.767150 -0.732195 2.464067
0.616089 -0.453491 -1.001465 2.788036 -0.665739 2.401884
0.638550 -0.483643 -1.064209 2.788748 -0.553240 2.271584
0.626099 -0.483032 -1.110229 2.771660 -0.520725 2.108531
0.612061 -0.493042 -1.149292 2.698322 -0.485361 1.946665
0.586426 -0.496948 -1.175659 2.556867 -0.401580 1.813517
0.580933 -0.502075 -1.180054 2.373166 -0.302846 1.711461
0.579590 -0.522339 -1.187622 2.186379 -0.287656 1.621746
0.576538 -0.535278 -1.194702 2.022851 -0.307593 1.506873
0.578247 -0.551392 -1.189575 1.892077 -0.297150 1.360435
0.582275 -0.562744 -1.179199 1.775068 -0.230932 1.199518
0.569824 -0.583862 -1.171021 1.660907 -0.144066 1.052604
0.568970 -0.589355 -1.172485 1.529184 -0.001661 0.930374
0.560791 -0.574463 -1.172485 1.376336 0.177293 0.827606
0.543091 -0.562500 -1.183960 1.197382 0.330140 0.729347
0.529053 -0.557739 -1.190552 1.006086 0.407513 0.617559
