0.985229 -0.076660 -0.321533 0.457117 0.403241 -0.072389
1.007324 -0.070801 -0.334595 0.451659 0.384017 0.047705
1.040405 -0.094360 -0.307983 0.421991 0.137657 0.157357
1.052002 -0.171631 -0.332520 0.401342 0.014952 0.251343
1.054932 -0.146729 -0.309448 0.357197 0.062658 0.296201
1.070435 -0.171753 -0.322632 0.347466 0.102768 0.400630
1.110840 -0.194214 -0.330933 0.358384 0.039161 0.520250
1.208496 -0.230713 -0.338135 0.392798 -0.117009 0.640344
1.334473 -0.226074 -0.333130 0.442402 -0.269144 0.723888
1.393066 -0.154907 -0.400513 0.524997 -0.392561 0.704663
1.466064 -0.154785 -0.461670 0.571515 -0.449997 0.632512
1.544434 -0.256836 -0.451050 0.593113 -0.519063 0.528557
1.657593 -0.194458 -0.502197 0.657907 -0.651262 0.350552
1.700195 -0.174927 -0.551880 0.721514 -0.659569 0.109889
1.709229 -0.214722 -0.609619 0.747147 -0.609015 -0.147863
1.685059 -0.211792 -0.678467 0.732432 -0.562971 -0.406564
1.653198 -0.259644 -0.698975 0.684252 -0.589316 -0.627290
1.684326 -0.295288 -0.751343 0.652211 -0.745011 -0.796039
1.691040 -0.265503 -0.847168 0.624680 -0.918744 -0.976418
1.711304 -0.258179 -0.969727 0.494617 -0.985912 -1.138759
1.707520 -0.240723 -1.046753 0.218828 -0.846355 -1.312966
1.692017 -0.218994 -1.103882 -0.151898 -0.576025 -1.497143
1.648560 -0.224976 -1.139526 -0.575788 -0.218828 -1.692711
1.558105 -0.233032 -1.133301 -1.046196 0.179667 -1.867156
1.469849 -0.236328 -1.049683 -1.490734 0.530693 -2.021902
1.387817 -0.233154 -1.054565 -1.858137 0.866529 -2.187091
1.327393 -0.231689 -1.012939 -2.247612 1.121670 -2.371979
1.273804 -0.260620 -0.901367 -2.638987 1.317476 -2.608132
1.143188 -0.285400 -0.788574 -2.902434 1.330530 -2.864935
1.001099 -0.311157 -0.673828 -3.069285 1.399358 -3.047449
0.863037 -0.343750 -0.556152 -3.182259 1.493582 -3.161610
0.702881 -0.350952 -0.444946 -3.218809 1.544611 -3.222132
0.493530 -0.340088 -0.335815 -3.182259 1.624357 -3.193651
0.301270 -0.318481 -0.264160 -3.090408 1.641920 -3.074269
0.146484 -0.290527 -0.196289 -2.999032 1.648091 -2.856390
0.053223 -0.246582 -0.127563 -2.927830 1.617474 -2.562800
0.017090 -0.205200 -0.077271 -2.842625 1.524199 -2.269685
-0.000610 -0.168457 -0.012817 -2.746739 1.429975 -2.027835
-0.009033 -0.146484 0.042603 -2.625695 1.336226 -1.806872
-0.034546 -0.133423 0.113770 -2.464541 1.270483 -1.593265
-0.066772 -0.108521 0.188599 -2.239780 1.205451 -1.386305
-0.102417 -0.098267 0.242432 -1.967076 1.122857 -1.166290
-0.158936 -0.072754 0.292358 -1.647616 1.035753 -0.925152
-0.201172 -0.054565 0.291138 -1.290419 0.926576 -0.659094
-0.244385 -0.048340 0.263306 -0.927288 0.766609 -0.370014
-0.294189 -0.051514 0.211304 -0.587892 0.528082 -0.028956
-0.268799 -0.051270 0.179565 -0.302134 0.223100 0.389713
-0.175537 -0.041626 0.194580 -0.058386 -0.146676 0.852289
-0.075562 -0.034058 0.202759 0.208622 -0.517639 1.306796
0.015503 -0.052246 0.189209 0.492244 -0.755454 1.731397
0.119263 -0.060059 0.171509 0.784172 -0.860121 2.135588
0.227417 -0.062744 0.155273 1.098886 -0.951972 2.502279
0.324707 -0.064087 0.110718 1.443266 -1.092003 2.800378
0.419312 -0.080078 0.017090 1.775305 -1.218980 3.037481
0.485962 -0.112183 -0.096558 2.044924 -1.384169 3.238508
0.607544 -0.149048 -0.233398 2.229100 -1.634325 3.443808
0.777588 -0.180664 -0.369995 2.317153 -1.936459 3.656939
0.865356 -0.277710 -0.451538 2.311457 -2.181632 3.837555
1.029785 -0.245483 -0.557495 2.287248 -2.348245 4.028377
1.233276 -0.212646 -0.691895 2.201331 -2.536456 4.165559
1.391357 -0.202026 -0.788452 2.043025 -2.745552 4.142300
1.513062 -0.198975 -0.867188 1.766286 -2.830283 4.008203
1.600098 -0.172607 -0.893555 1.396985 -2.762641 3.868884
1.753296 -0.255859 -0.897583 1.023411 -2.634952 3.715800
1.839844 -0.330444 -0.964111 0.716768 -2.322137 3.435263
1.914063 -0.326904 -1.023926 0.419855 -2.012171 3.077354
1.962646 -0.355103 -1.069702 0.117009 -1.737806 2.721344
2.021118 -0.380249 -1.104492 -0.166376 -1.551731 2.381235
2.081177 -0.410889 -1.129395 -0.423178 -1.346669 2.053943
2.142944 -0.426392 -1.158325 -0.647702 -1.171749 1.726651
2.195557 -0.433472 -1.193237 -0.859172 -0.976181 1.424516
2.250488 -0.422974 -1.179321 -1.092477 -0.793191 1.120958
2.292847 -0.410400 -1.164429 -1.334564 -0.557038 0.786308
2.290039 -0.406128 -1.124634 -1.577363 -0.295726 0.417007
2.252930 -0.401611 -1.069824 -1.827757 -0.029193 0.019225
2.194092 -0.400146 -0.997192 -2.071981 0.253005 -0.377371
2.105469 -0.414917 -0.938843 -2.281790 0.447624 -0.766134
2.024902 -0.415039 -0.859985 -2.446741 0.547544 -1.128790
1.956299 -0.419434 -0.783691 -2.578702 0.628714 -1.448488
1.878296 -0.415161 -0.690674 -2.689065 0.704189 -1.730685
1.808960 -0.398682 -0.616821 -2.732024 0.668588 -1.998405
1.719604 -0.393677 -0.564941 -2.734160 0.779188 -2.238356
1.621582 -0.348877 -0.513672 -2.713749 0.910437 -2.453149
1.517334 -0.307251 -0.495117 -2.685505 1.016054 -2.664145
1.428467 -0.297241 -0.439331 -2.697135 1.172936 -2.855441
1.314087 -0.271240 -0.377075 -2.701407 1.283774 -3.038905
1.192627 -0.239136 -0.321899 -2.690490 1.407428 -3.192702
1.066528 -0.222900 -0.283569 -2.679809 1.565971 -3.325849
0.958252 -0.203125 -0.246826 -2.652278 1.657110 -3.448792
0.854736 -0.174194 -0.222168 -2.593180 1.637648 -3.554646
0.720825 -0.188721 -0.188843 -2.537168 1.573091 -3.612556
0.608887 -0.115234 -0.144409 -2.477595 1.556715 -3.569598
0.464355 -0.089966 -0.133911 -2.411852 1.541288 -3.523317
0.281616 -0.075562 -0.088623 -2.314780 1.412887 -3.441909
0.151611 -0.040161 -0.080078 -2.212723 1.337650 -3.210265
0.058105 -0.015747 -0.053345 -2.126094 1.263600 -2.905994
-0.019165 0.019897 0.007935 -2.019528 1.128790 -2.551408
-0.032959 0.075439 0.058716 -1.893026 0.994456 -2.182344
-0.028564 0.140381 0.102295 -1.729736 0.913048 -1.864308
-0.023682 0.178711 0.120117 -1.548408 0.875786 -1.618186
-0.032593 0.210571 0.116211 -1.376099 0.853950 -1.421906
-0.064087 0.238403 0.100708 -1.227761 0.824045 -1.242476
-0.108398 0.255859 0.103394 -1.109329 0.796989 -1.060911
-0.145386 0.265259 0.104370 -1.008459 0.772780 -0.864156
-0.177856 0.267334 0.087891 -0.912811 0.720328 -0.651974
-0.203735 0.267822 0.082397 -0.823096 0.656009 -0.412023
-0.193726 0.258789 0.088623 -0.738128 0.577924 -0.144540
-0.168579 0.246826 0.086426 -0.632512 0.461627 0.123417
-0.157959 0.236816 0.056519 -0.528794 0.343906 0.385678
-0.114258 0.231201 0.046631 -0.460915 0.266533 0.655534
-0.060059 0.230713 0.053345 -0.420804 0.193195 0.909488
-0.014648 0.227417 0.048340 -0.375710 0.082357 1.131401
0.012207 0.201050 0.060547 -0.347466 -0.010206 1.336938
0.030518 0.168213 0.066772 -0.328242 -0.053402 1.545797
0.041870 0.122437 0.050171 -0.300235 -0.082357 1.789071
0.094971 0.070679 0.059814 -0.280062 -0.108465 2.084560
0.193970 0.034546 0.084106 -0.239002 -0.142167 2.411615
0.311890 0.015137 0.088989 -0.150948 -0.210046 2.708053
0.446899 0.006592 0.089966 -0.038924 -0.292641 2.937323
0.571655 -0.000977 0.074707 0.079746 -0.369539 3.088272
0.667725 -0.014648 0.033081 0.166850 -0.412497 3.168493
0.762085 -0.047974 0.006226 0.198891 -0.386390 3.228777
0.858765 -0.076538 -0.023560 0.211233 -0.341058 3.294283
0.968628 -0.109253 -0.069580 0.210046 -0.317324 3.354093
1.105469 -0.142456 -0.102417 0.188448 -0.346754 3.400374
1.244263 -0.157837 -0.109619 0.164952 -0.442640 3.426719
1.428467 -0.129639 -0.115845 0.134097 -0.515266 3.394678
1.489746 -0.154663 -0.135742 0.100632 -0.533066 3.221894
1.632568 -0.163208 -0.106323 0.121281 -0.698492 3.088272
1.727173 -0.159790 -0.113525 0.147863 -0.601420 2.897687
1.785645 -0.201294 -0.108154 0.173496 -0.514316 2.663195
1.852783 -0.221680 -0.125122 0.206249 -0.461390 2.479494
1.921021 -0.229980 -0.152954 0.245173 -0.331564 2.315729
1.967407 -0.219360 -0.179810 0.272229 -0.170173 2.133452
1.996948 -0.188965 -0.209351 0.257989 0.034414 1.912725
1.974854 -0.155640 -0.225708 0.196518 0.283622 1.626018
1.900269 -0.150757 -0.234131 0.107990 0.448336 1.308694
1.806152 -0.166138 -0.217529 0.006171 0.473969 1.015342
1.723389 -0.182739 -0.198853 -0.094224 0.438368 0.800549
1.659668 -0.194214 -0.143799 -0.167800 0.370726 0.642955
1.614502 -0.217773 -0.115234 -0.192958 0.292878 0.508146
1.585693 -0.230469 -0.088135 -0.189398 0.264160 0.412260
1.550659 -0.240356 -0.071167 -0.158069 0.237815 0.321359
1.508301 -0.237427 -0.066406 -0.114161 0.229745 0.237815
1.467529 -0.236938 -0.061279 -0.084018 0.251343 0.163053
1.412109 -0.232788 -0.066650 -0.064319 0.263448 0.085680
1.363403 -0.226685 -0.068848 -0.050079 0.259650 0.024209
1.306396 -0.215576 -0.081299 -0.040823 0.229745 -0.029430
1.262329 -0.212280 -0.116821 -0.063845 0.230457 -0.065031
1.218628 -0.223755 -0.105347 -0.126502 0.253242 -0.078797
