1.181396 -0.143066 -0.482422 0.201739 -0.552528 -0.253717
1.208008 -0.143433 -0.434204 0.082120 -0.423890 -0.187024
1.239868 -0.234131 -0.425049 0.042009 -0.403241 -0.102768
1.217896 -0.226563 -0.383179 0.075000 -0.293353 -0.062895
1.238770 -0.193970 -0.367798 0.058386 -0.085443 -0.017089
1.227051 -0.140747 -0.379639 0.032753 0.068829 0.063133
1.238403 -0.224609 -0.329834 0.051028 0.062183 0.106091
1.296021 -0.257568 -0.323364 0.135996 -0.047705 0.111550
1.337280 -0.265381 -0.345825 0.247071 -0.127214 0.115347
1.387451 -0.266724 -0.371826 0.329903 -0.113686 0.173496
1.456055 -0.223755 -0.397827 0.382355 -0.038212 0.187736
1.498047 -0.188232 -0.482300 0.437181 0.004984 0.098022
1.505249 -0.176758 -0.526489 0.449997 -0.027294 -0.079746
1.491699 -0.191772 -0.559204 0.428874 -0.108939 -0.294539
1.479248 -0.210205 -0.582153 0.372624 -0.199841 -0.502924
1.463257 -0.216309 -0.614258 0.313052 -0.260837 -0.642480
1.471069 -0.232422 -0.643677 0.225948 -0.245885 -0.730059
1.462769 -0.202759 -0.690674 0.106803 -0.174920 -0.793191
1.480469 -0.198486 -0.721436 -0.054351 -0.072626 -0.860121
1.486816 -0.221191 -0.718140 -0.218590 -0.014003 -0.977842
1.506470 -0.218384 -0.731445 -0.334650 -0.081170 -1.128316
1.539795 -0.206055 -0.772095 -0.452845 -0.047468 -1.286859
1.541992 -0.185059 -0.796143 -0.612101 0.105616 -1.471510
1.525757 -0.173218 -0.795044 -0.815027 0.214793 -1.718106
1.458862 -0.166260 -0.793091 -1.037177 0.353874 -2.003152
1.349854 -0.184204 -0.774414 -1.270245 0.641056 -2.267312
1.210205 -0.202271 -0.726807 -1.503076 0.905928 -2.484003
1.047485 -0.206787 -0.680908 -1.684641 1.119297 -2.650854
0.868042 -0.219116 -0.647949 -1.826808 1.290894 -2.741518
0.705566 -0.200806 -0.604614 -1.983927 1.481241 -2.743416
0.574951 -0.208862 -0.540527 -2.157186 1.640259 -2.695236
0.486206 -0.209717 -0.436401 -2.293894 1.722853 -2.605759
0.416504 -0.198975 -0.358154 -2.340413 1.774593 -2.462880
0.370483 -0.187134 -0.250122 -2.303150 1.818501 -2.276568
0.336914 -0.141846 -0.197632 -2.186379 1.710986 -2.098325
0.291382 -0.122314 -0.142090 -2.069845 1.660195 -1.933137
0.248047 -0.090820 -0.089966 -1.960431 1.594927 -1.766524
0.177490 -0.054443 -0.033936 -1.846745 1.541762 -1.624594
0.105347 -0.040771 0.021484 -1.752995 1.541050 -1.500465
0.033081 -0.032104 0.076416 -1.674436 1.583772 -1.359248
-0.051514 -0.037842 0.134399 -1.564310 1.582110 -1.203078
-0.134888 -0.033813 0.199707 -1.402444 1.497855 -0.993506
-0.206543 -0.010742 0.235596 -1.195008 1.336700 -0.721040
-0.252930 0.000244 0.260742 -0.978791 1.148252 -0.381168
-0.267212 0.006104 0.274780 -0.750470 0.933222 0.028718
-0.262695 0.023926 0.276123 -0.498889 0.659569 0.480377
-0.180908 0.017822 0.256104 -0.245647 0.341533 0.948649
-0.068726 -0.001099 0.239502 -0.008782 0.025395 1.398646
0.025146 -0.019775 0.228271 0.206961 -0.261549 1.810432
0.132568 -0.044434 0.210327 0.427687 -0.536626 2.189227
0.245239 -0.080200 0.185547 0.660281 -0.810992 2.531946
0.351318 -0.115967 0.142822 0.896434 -1.096037 2.839539
0.439575 -0.151001 0.076904 1.123569 -1.390814 3.121500
0.572510 -0.173584 0.027710 1.320799 -1.661857 3.386371
0.704468 -0.223999 -0.062012 1.484801 -1.925542 3.586924
0.855591 -0.253662 -0.160400 1.601335 -2.197059 3.769201
1.023804 -0.256226 -0.277466 1.655211 -2.469288 3.931067
1.218994 -0.214233 -0.430298 1.633851 -2.751723 4.026953
1.419067 -0.156006 -0.572388 1.482902 -2.996896 4.027427
1.587280 -0.156982 -0.693481 1.201654 -3.145233 3.904722
1.731079 -0.174927 -0.779419 0.809568 -3.093256 3.704644
1.903931 -0.213745 -0.808594 0.356722 -2.934475 3.503617
2.052368 -0.273926 -0.783325 -0.053402 -2.616202 3.254885
2.176147 -0.298706 -0.765259 -0.332751 -2.321663 2.937561
2.329712 -0.367676 -0.748779 -0.501975 -2.116601 2.573718
2.425293 -0.373779 -0.738525 -0.574363 -1.922931 2.098563
2.465942 -0.363770 -0.755737 -0.596673 -1.616287 1.560275
2.447144 -0.393555 -0.832642 -0.626341 -1.191923 1.057114
2.418335 -0.401123 -0.885864 -0.721752 -0.792717 0.625154
2.397705 -0.377563 -0.921021 -0.884330 -0.491769 0.235204
2.358276 -0.372070 -0.911987 -1.118822 -0.202451 -0.156882
2.318237 -0.361206 -0.852539 -1.387491 0.048417 -0.560360
2.263916 -0.353882 -0.780273 -1.633851 0.265346 -0.976418
2.182007 -0.362549 -0.694702 -1.845083 0.529743 -1.398646
2.075439 -0.386353 -0.605469 -2.024987 0.844694 -1.799989
1.957275 -0.407837 -0.528198 -2.139148 1.163917 -2.157186
1.838379 -0.407349 -0.462524 -2.141996 1.306084 -2.431314
1.725342 -0.409180 -0.391357 -2.073642 1.240815 -2.631866
1.620117 -0.380127 -0.361572 -2.000304 1.147540 -2.786850
1.519775 -0.332397 -0.331543 -1.952124 1.160119 -2.956548
1.411987 -0.307861 -0.313599 -1.915811 1.243663 -3.163983
1.283325 -0.267822 -0.287842 -1.887330 1.369453 -3.368808
1.137451 -0.230347 -0.264404 -1.870479 1.478867 -3.553459
0.990601 -0.216187 -0.225830 -1.872615 1.523250 -3.703695
0.850708 -0.201050 -0.178223 -1.876650 1.519452 -3.806226
0.692627 -0.169312 -0.161743 -1.855289 1.505212 -3.859153
0.527954 -0.139160 -0.166748 -1.831555 1.513044 -3.852982
0.372681 -0.117065 -0.163086 -1.839625 1.534405 -3.763742
0.232788 -0.083984 -0.141602 -1.852916 1.476731 -3.594281
0.112793 -0.034668 -0.123291 -1.858612 1.299675 -3.324188
0.043335 -0.000854 -0.091187 -1.854340 1.041687 -3.002592
-0.018799 0.032227 -0.032837 -1.824435 0.767796 -2.667705
-0.020752 0.081299 0.038208 -1.771508 0.623968 -2.254733
-0.004150 0.131836 0.080933 -1.668502 0.605455 -1.883533
-0.001831 0.177368 0.071533 -1.533456 0.666214 -1.589231
-0.020386 0.219116 0.055664 -1.414785 0.696594 -1.361384
-0.045288 0.262695 0.039917 -1.329343 0.637496 -1.197619
-0.076904 0.275757 0.034302 -1.259328 0.479427 -1.057826
-0.128906 0.283447 0.020752 -1.194059 0.260125 -0.901893
-0.177612 0.283936 0.016479 -1.143980 0.032516 -0.692796
-0.189087 0.290283 0.023071 -1.127604 -0.163765 -0.398257
-0.158203 0.290283 0.040039 -1.143505 -0.258938 -0.031804
-0.092529 0.293823 0.065430 -1.161781 -0.237815 0.338447
-0.023682 0.291260 0.099609 -1.165578 -0.168037 0.654347
0.029907 0.275024 0.102905 -1.137097 -0.113211 0.915659
0.063843 0.262207 0.093994 -1.100072 -0.079984 1.144692
0.109863 0.236206 0.079346 -1.066133 -0.098496 1.334802
0.173828 0.215576 0.098877 -1.039550 -0.205299 1.485038
0.234375 0.187744 0.120728 -1.013443 -0.369064 1.598724
0.297729 0.149536 0.157471 -0.983063 -0.473019 1.712885
0.340576 0.104980 0.197266 -0.918507 -0.502687 1.840574
0.370728 0.072388 0.212891 -0.806957 -0.547307 1.964228
0.401611 0.023193 0.226440 -0.673097 -0.621357 2.083373
0.453735 -0.020142 0.222778 -0.517639 -0.694458 2.232660
0.556519 -0.041504 0.213745 -0.350077 -0.726736 2.450064
0.691895 -0.054321 0.195923 -0.185837 -0.752606 2.683844
0.837769 -0.068848 0.157837 -0.021361 -0.743587 2.855678
0.986938 -0.070068 0.114136 0.123654 -0.693034 2.939459
1.102539 -0.090576 0.075562 0.217404 -0.652211 2.953225
1.183228 -0.117920 0.040894 0.285758 -0.612575 2.918099
1.335815 -0.087646 -0.000244 0.358384 -0.561072 2.876327
1.416138 -0.108643 -0.074097 0.402054 -0.581009 2.737008
1.538208 -0.100830 -0.081909 0.436706 -0.819299 2.603860
1.675049 -0.075439 -0.133423 0.447149 -0.795802 2.475697
1.761353 -0.097900 -0.158691 0.420567 -0.708223 2.253071
1.840454 -0.100464 -0.179688 0.371200 -0.668350 2.021190
1.897217 -0.101196 -0.182861 0.341533 -0.608066 1.827995
1.914307 -0.082031 -0.182739 0.334175 -0.510994 1.624594
1.910767 -0.079346 -0.196289 0.300947 -0.353162 1.387729
1.899536 -0.098267 -0.197632 0.230457 -0.143354 1.159407
1.870972 -0.102417 -0.205933 0.162341 0.074762 0.986386
1.840332 -0.105591 -0.189819 0.098496 0.253954 0.841846
1.808594 -0.088623 -0.184204 0.052927 0.359571 0.688287
1.761230 -0.077759 -0.165283 0.014240 0.443589 0.520250
1.692871 -0.070313 -0.148926 -0.024683 0.459016 0.332276
1.614258 -0.079712 -0.122681 -0.059810 0.409412 0.153797
1.543457 -0.089355 -0.099976 -0.092088 0.346992 0.018513
1.468994 -0.099854 -0.086426 -0.109889 0.280536 -0.074288
1.395264 -0.103394 -0.075317 -0.111787 0.218353 -0.133148
1.344360 -0.110596 -0.062378 -0.126265 0.178717 -0.158306
1.304810 -0.113770 -0.051147 -0.134335 0.123892 -0.167800
1.267578 -0.120972 -0.051880 -0.138844 0.070727 -0.171360
1.247559 -0.130371 -0.038696 -0.158543 0.030380 -0.171597
1.219238 -0.124390 -0.023315 -0.177768 -0.013054 -0.176106
1.202148 -0.133301 -0.003662 -0.182040 -0.034652 -0.181328
1.180054 -0.136475 0.010742 -0.172309 -0.030854 -0.196518
1.157837 -0.137695 0.012207 -0.137895 -0.079272 -0.216217
1.133057 -0.137207 0.009766 -0.089477 -0.155458 -0.239951
1.109253 -0.130981 -0.003662 -0.047231 -0.211945 -0.263922
1.087280 -0.129517 -0.018311 -0.025158 -0.229745 -0.278163
