0.050049 -0.433716 -0.694458 0.097310 -0.843270 -1.350229
-0.011230 -0.451538 -0.733887 -0.021835 -0.877922 -1.426890
-0.092041 -0.401489 -0.767212 -0.178955 -0.780612 -1.491684
-0.179443 -0.093872 -0.794678 -0.348890 -0.182515 -1.545085
-0.284912 0.156494 -0.778564 -0.553952 0.304270 -1.513756
-0.422852 0.120239 -0.739990 -0.822147 0.233780 -1.438757
-0.512573 0.100220 -0.733398 -0.996592 0.194856 -1.425940
-0.573730 0.058960 -0.768799 -1.115499 0.114635 -1.494769
-0.632813 0.019409 -0.831909 -1.230372 0.037737 -1.617474
-0.698120 0.011963 -0.918457 -1.357349 0.023259 -1.785748
-0.768066 -0.035645 -1.002930 -1.493345 -0.069303 -1.949988
-0.851074 -0.134888 -1.057373 -1.654737 -0.262261 -2.055841
-0.943848 -0.241089 -1.068604 -1.835115 -0.468747 -2.077677
-1.047363 -0.320923 -1.040894 -2.036380 -0.623968 -2.023801
-1.161499 -0.362793 -0.977051 -2.258293 -0.705375 -1.899672
-1.276978 -0.354370 -0.887085 -2.482817 -0.688999 -1.724752
-1.381226 -0.308350 -0.752686 -2.685505 -0.599522 -1.463440
-1.473877 -0.382935 -0.582031 -2.865647 -0.744536 -1.131639
-1.542480 -0.391235 -0.398315 -2.999032 -0.760676 -0.774441
-1.582886 -0.371582 -0.259399 -3.077591 -0.722464 -0.504348
-1.597168 -0.375732 -0.168945 -3.105360 -0.730533 -0.328479
-1.594604 -0.423096 -0.109253 -3.100376 -0.822621 -0.212420
-1.582520 -0.481323 -0.064209 -3.076880 -0.935833 -0.124841
-1.564209 -0.524536 -0.011719 -3.041278 -1.019851 -0.022785
-1.543823 -0.529663 0.070679 -3.001642 -1.029819 0.137420
-1.522949 -0.499878 0.184448 -2.961057 -0.971908 0.358621
-1.501465 -0.443359 0.319458 -2.919286 -0.862020 0.621119
-1.473999 -0.365601 0.466553 -2.865884 -0.710834 0.907115
-1.441406 -0.280518 0.615356 -2.802514 -0.545408 1.196432
-1.396362 -0.217529 0.751953 -2.714936 -0.422940 1.462016
-1.335815 -0.206055 0.871094 -2.597215 -0.400630 1.693660
-1.264893 -0.182739 0.969482 -2.459320 -0.355298 1.884957
-1.192871 -0.254883 1.057861 -2.319289 -0.495567 2.056791
-1.132935 -0.318970 1.144775 -2.202755 -0.620170 2.225777
-1.073853 -0.360718 1.244995 -2.087883 -0.701341 2.420634
-1.025391 -0.357910 1.350342 -1.993658 -0.695882 2.625458
-0.981445 -0.315186 1.442261 -1.908216 -0.612813 2.804175
-0.931274 -0.285400 1.500244 -1.810669 -0.554902 2.916912
-0.857788 -0.269165 1.517944 -1.667790 -0.523335 2.951326
-0.750122 -0.296875 1.512451 -1.458456 -0.577212 2.940646
-0.609131 -0.310791 1.507324 -1.184328 -0.604268 2.930678
-0.439453 -0.329834 1.509399 -0.854425 -0.641293 2.934713
-0.239868 -0.349976 1.509033 -0.466374 -0.680455 2.934000
-0.017456 -0.404907 1.494507 -0.033940 -0.787258 2.905757
0.220825 -0.494385 1.461670 0.429349 -0.961228 2.841913
0.467163 -0.566284 1.416382 0.908301 -1.101022 2.753859
0.703369 -0.609741 1.364868 1.367555 -1.185515 2.653702
0.907837 -0.584473 1.308350 1.765100 -1.136385 2.543813
1.070923 -0.459839 1.253296 2.082186 -0.894061 2.436773
1.205688 -0.303589 1.199707 2.344210 -0.590265 2.332580
1.338013 -0.210083 1.128052 2.601487 -0.408463 2.193262
1.480957 -0.199829 1.021606 2.879412 -0.388526 1.986301
1.622559 -0.241577 0.883667 3.154727 -0.469696 1.718106
1.751099 -0.284058 0.719727 3.404646 -0.552291 1.399358
1.859253 -0.306519 0.543945 3.614930 -0.595961 1.057588
1.959717 -0.376953 0.373901 3.810261 -0.732907 0.726973
2.053467 -0.398682 0.202271 3.992538 -0.775153 0.393273
2.116455 -0.312866 0.031982 4.115006 -0.608303 0.062183
2.127808 -0.203125 -0.118042 4.137078 -0.394934 -0.229508
2.072510 -0.050171 -0.245361 4.029563 -0.097547 -0.477054
1.984863 0.064575 -0.344971 3.859153 0.125553 -0.670724
1.919312 0.107178 -0.438599 3.731701 0.208385 -0.852764
1.883301 0.089355 -0.549316 3.661686 0.173733 -1.068031
1.827515 0.044556 -0.689453 3.553221 0.086629 -1.340498
1.708496 -0.043457 -0.846191 3.321815 -0.084493 -1.645243
1.525635 -0.058716 -1.005737 2.966279 -0.114161 -1.955447
1.320068 0.022827 -1.149170 2.566598 0.044383 -2.234321
1.128296 0.103027 -1.252319 2.193736 0.200315 -2.434874
0.965942 0.163574 -1.310791 1.878074 0.318036 -2.548560
0.843018 0.211182 -1.331787 1.639072 0.410599 -2.589382
0.768921 0.261230 -1.328857 1.495006 0.507908 -2.583686
0.737427 0.286377 -1.300171 1.433773 0.556800 -2.527911
0.718384 0.341064 -1.254639 1.396748 0.663129 -2.439384
0.665649 0.479492 -1.200928 1.294217 0.932273 -2.334954
0.558594 0.551025 -1.141724 1.086069 1.071354 -2.219844
0.419067 0.612793 -1.096924 0.814789 1.191448 -2.132740
0.278442 0.633301 -1.072144 0.541373 1.231321 -2.084560
0.153442 0.641602 -1.055664 0.298337 1.247460 -2.052519
0.043335 0.574829 -1.033569 0.084256 1.117635 -2.009560
-0.061157 0.410645 -1.009888 -0.118907 0.798413 -1.963516
-0.155273 0.264526 -0.997925 -0.301897 0.514316 -1.940257
-0.240723 0.192627 -0.988403 -0.468035 0.374523 -1.921744
-0.327393 0.198975 -0.962036 -0.636547 0.386865 -1.870479
-0.415527 0.270020 -0.905396 -0.807906 0.524997 -1.760353
-0.506836 0.356567 -0.824341 -0.985437 0.693271 -1.602759
-0.596924 0.420654 -0.730225 -1.160594 0.817875 -1.419770
-0.685791 0.465454 -0.623047 -1.333378 0.904979 -1.211385
-0.768921 0.512695 -0.513550 -1.495006 0.996829 -0.998491
-0.842773 0.605591 -0.422241 -1.638597 1.177445 -0.820960
-0.898193 0.689941 -0.355225 -1.746350 1.341447 -0.690660
-0.927856 0.680664 -0.303833 -1.804024 1.323409 -0.590740
-0.931763 0.625366 -0.263550 -1.811618 1.215894 -0.512418
-0.910889 0.543579 -0.228149 -1.771033 1.056876 -0.443589
-0.872925 0.448120 -0.192505 -1.697220 0.871276 -0.374286
-0.827393 0.350586 -0.151855 -1.608692 0.681641 -0.295251
-0.783691 0.287109 -0.108032 -1.523725 0.558224 -0.210046
-0.738892 0.267822 -0.069946 -1.436621 0.520725 -0.135996
-0.688965 0.273804 -0.036011 -1.339549 0.532354 -0.070015
-0.632935 0.280396 -0.002808 -1.230609 0.545171 -0.005459
-0.571411 0.268921 0.029785 -1.110990 0.522861 0.057911
-0.510742 0.255737 0.062866 -0.993032 0.497228 0.122230
-0.453491 0.229614 0.087769 -0.881719 0.446437 0.170648
-0.396606 0.183716 0.090942 -0.771119 0.357197 0.176819
-0.337402 0.127075 0.082031 -0.656009 0.247071 0.159493
-0.273071 0.068115 0.072388 -0.530930 0.132436 0.140743
-0.213867 0.043335 0.078613 -0.415820 0.084256 0.152847
-0.167358 0.064331 0.109863 -0.325394 0.125078 0.213606
-0.126709 0.122559 0.154297 -0.246359 0.238290 0.299998
-0.087402 0.178345 0.187622 -0.169936 0.346754 0.364792
-0.053589 0.191772 0.194214 -0.104192 0.372862 0.377608
-0.029419 0.169189 0.178345 -0.057199 0.328954 0.346754
-0.011963 0.131958 0.152832 -0.023259 0.256565 0.297150
0.001465 0.065308 0.130249 0.002848 0.126977 0.253242
0.015625 -0.009888 0.116699 0.030380 -0.019225 0.226897
0.033203 -0.068604 0.112427 0.064557 -0.133385 0.218590
0.051025 -0.075562 0.115234 0.099208 -0.146914 0.224049
0.063843 -0.025757 0.120483 0.124129 -0.050079 0.234255
0.072876 0.050537 0.131226 0.141692 0.098259 0.255141
0.085449 0.110962 0.141357 0.166138 0.215742 0.274840
0.101196 0.138916 0.143677 0.196755 0.270093 0.279350
0.115112 0.118408 0.131348 0.223812 0.230220 0.255378
0.127686 0.051147 0.101440 0.248258 0.099446 0.197230
0.134277 -0.016846 0.058350 0.261074 -0.032753 0.113449
0.125488 -0.063354 0.014282 0.243986 -0.123180 0.027769
0.097900 -0.101074 -0.014893 0.190347 -0.196518 -0.028956
0.061768 -0.103516 -0.026123 0.120094 -0.201265 -0.050791
0.029541 -0.056885 -0.020020 0.057436 -0.110601 -0.038924
0.010742 -0.012207 -0.003540 0.020886 -0.023734 -0.006883
0.010010 0.004028 0.015381 0.019462 0.007832 0.029905
0.026855 -0.002563 0.029297 0.052215 -0.004984 0.056962
0.050415 -0.021606 0.030151 0.098022 -0.042009 0.058623
0.072266 -0.044922 0.021606 0.140505 -0.087341 0.042009
0.089966 -0.048096 0.011475 0.174920 -0.093512 0.022310
0.105347 -0.048218 0.006348 0.204825 -0.093749 0.012342
0.116211 -0.062866 0.003784 0.225948 -0.122230 0.007358
0.118286 -0.090942 0.003540 0.229983 -0.176819 0.006883
0.110229 -0.099976 0.008545 0.214318 -0.194382 0.016614
0.098022 -0.075073 0.016724 0.190584 -0.145964 0.032516
0.083618 -0.054688 0.020142 0.162578 -0.106328 0.039161
0.068604 -0.060791 0.015869 0.133385 -0.118195 0.030854
0.055664 -0.071655 0.007813 0.108227 -0.139319 0.015190
0.040649 -0.072876 -0.002441 0.079034 -0.141692 -0.004747
0.023682 -0.062622 -0.007446 0.046044 -0.121756 -0.014478
0.007813 -0.038940 -0.006836 0.015190 -0.075712 -0.013291
-0.003052 -0.014038 -0.002441 -0.005934 -0.027294 -0.004747
-0.007935 0.003906 0.000854 -0.015427 0.007595 0.001661
-0.007690 0.019653 -0.000122 -0.014952 0.038212 -0.000237
-0.003052 0.022827 -0.006470 -0.005934 0.044383 -0.012579
0.003784 0.019775 -0.015381 0.007358 0.038449 -0.029905
0.007202 0.014404 -0.017944 0.014003 0.028006 -0.034889
