-0.881348 -0.276978 -0.820313 -1.713597 -0.538525 -1.594927
-0.975464 -0.152588 -0.748657 -1.896586 -0.296675 -1.455608
-1.059326 -0.047607 -0.666870 -2.059639 -0.092563 -1.296590
-1.112061 -0.047119 -0.594971 -2.162170 -0.091613 -1.156797
-1.156982 0.070801 -0.535767 -2.249511 0.137657 -1.041687
-1.201172 0.159790 -0.491211 -2.335428 0.310678 -0.955057
-1.242188 0.102783 -0.465698 -2.415175 0.199841 -0.905453
-1.259888 -0.061035 -0.466309 -2.449589 -0.118670 -0.906640
-1.251831 -0.161865 -0.495605 -2.433925 -0.314713 -0.963602
-1.225708 -0.209961 -0.538696 -2.383134 -0.408225 -1.047383
-1.195068 -0.295044 -0.566040 -2.323561 -0.573651 -1.100547
-1.159912 -0.412476 -0.566895 -2.255207 -0.801973 -1.102208
-1.119629 -0.530151 -0.539795 -2.176885 -1.030769 -1.049519
-1.087646 -0.608154 -0.484497 -2.114702 -1.182429 -0.942004
-1.064209 -0.617920 -0.399292 -2.069133 -1.201416 -0.776340
-1.047852 -0.590942 -0.282104 -2.037329 -1.148964 -0.548493
-1.038574 -0.552002 -0.143066 -2.019291 -1.073253 -0.278163
-1.039063 -0.468872 0.005981 -2.020241 -0.911624 0.011630
-1.049683 -0.322876 0.156006 -2.040889 -0.627765 0.303321
-1.065186 -0.155762 0.296143 -2.071031 -0.302846 0.575788
-1.078247 -0.041870 0.417114 -2.096427 -0.081408 0.810992
-1.083130 -0.026611 0.516968 -2.105920 -0.051740 1.005136
-1.079468 -0.061523 0.598267 -2.098800 -0.119620 1.163205
-1.073242 -0.125000 0.674438 -2.086696 -0.243036 1.311305
-1.072388 -0.187866 0.756714 -2.085034 -0.365267 1.471272
-1.078735 -0.212646 0.849365 -2.097376 -0.413447 1.651414
-1.087769 -0.170776 0.953003 -2.114939 -0.332039 1.852916
-1.087524 -0.134399 1.064209 -2.114465 -0.261312 2.069133
-1.062988 -0.166260 1.167236 -2.066759 -0.323257 2.269448
-1.006958 -0.202148 1.251587 -1.957820 -0.393036 2.433450
-0.927490 -0.235718 1.318237 -1.803311 -0.458304 2.563038
-0.842285 -0.267822 1.379395 -1.637648 -0.520725 2.681945
-0.759033 -0.306274 1.438599 -1.475782 -0.595487 2.797055
-0.676270 -0.337891 1.480835 -1.314865 -0.656958 2.879175
-0.586670 -0.326660 1.490723 -1.140657 -0.635123 2.898400
-0.477539 -0.241943 1.463379 -0.928475 -0.470408 2.845235
-0.334717 -0.101196 1.416748 -0.650787 -0.196755 2.754571
-0.141479 0.037964 1.363159 -0.275077 0.073813 2.650379
0.104858 0.111328 1.310181 0.203875 0.216454 2.547373
0.392822 0.092285 1.257568 0.763761 0.179429 2.445080
0.697998 0.029907 1.194336 1.357112 0.058148 2.322137
1.000977 -0.093262 1.100220 1.946190 -0.181328 2.139148
1.274414 -0.283325 0.969971 2.477833 -0.550867 1.885906
1.498413 -0.567261 0.804199 2.913352 -1.102920 1.563598
1.669067 -0.774536 0.611938 3.245154 -1.505924 1.189787
1.788452 -0.968872 0.435303 3.477273 -1.883770 0.846355
1.891479 -1.122803 0.281616 3.677588 -2.183056 0.547544
1.997437 -1.047729 0.129883 3.883599 -2.037092 0.252530
2.083130 -0.818115 -0.029907 4.050212 -1.590655 -0.058148
2.132690 -0.830200 -0.168701 4.146572 -1.614151 -0.328004
2.129028 -0.755615 -0.359131 4.139452 -1.469136 -0.698255
2.056641 -0.414429 -0.569702 3.998709 -0.805770 -1.107667
1.900269 -0.306396 -0.769409 3.694676 -0.595724 -1.495956
1.682129 -0.062500 -0.984009 3.270549 -0.121518 -1.913200
1.418579 0.218140 -1.183105 2.758132 0.424127 -2.300302
1.157227 0.304443 -1.346558 2.249986 0.591927 -2.618101
0.950073 0.425049 -1.463989 1.847219 0.826419 -2.846422
0.804321 0.515869 -1.523560 1.563835 1.003000 -2.962244
0.715820 0.518433 -1.532349 1.391763 1.007984 -2.979333
0.681396 0.531860 -1.499146 1.324834 1.034092 -2.914776
0.684570 0.566772 -1.422974 1.331004 1.101971 -2.766676
0.705566 0.574463 -1.311890 1.371827 1.116923 -2.550696
0.733276 0.553589 -1.189209 1.425703 1.076338 -2.312169
0.759033 0.521606 -1.076904 1.475782 1.014155 -2.093816
0.768311 0.484009 -0.986084 1.493820 0.941054 -1.917235
0.740234 0.447144 -0.921753 1.439232 0.869377 -1.792156
0.661377 0.406860 -0.893066 1.285910 0.791055 -1.736382
0.530151 0.352905 -0.892578 1.030769 0.686151 -1.735432
0.363892 0.310547 -0.901978 0.707511 0.603794 -1.753707
0.183105 0.270386 -0.905640 0.356010 0.525709 -1.760828
0.000732 0.246216 -0.889771 0.001424 0.478715 -1.729973
-0.178833 0.237793 -0.853516 -0.347704 0.462339 -1.659483
-0.344238 0.247437 -0.805298 -0.669300 0.481089 -1.565734
-0.488892 0.285522 -0.762573 -0.950548 0.555139 -1.482665
-0.606079 0.333862 -0.724854 -1.178395 0.649126 -1.409327
-0.691528 0.373657 -0.694214 -1.344533 0.726499 -1.349754
-0.744019 0.383423 -0.665405 -1.446589 0.745486 -1.293742
-0.771362 0.343994 -0.634644 -1.499753 0.668825 -1.233932
-0.781738 0.272827 -0.597778 -1.519927 0.530456 -1.162255
-0.785156 0.177612 -0.552734 -1.526573 0.345330 -1.074677
-0.773682 0.083618 -0.496094 -1.504263 0.162578 -0.964551
-0.752197 0.048096 -0.427002 -1.462491 0.093512 -0.830216
-0.714355 0.054443 -0.345581 -1.388915 0.105854 -0.671910
-0.671021 0.062500 -0.256348 -1.304659 0.121518 -0.498415
-0.628174 0.090454 -0.166504 -1.221353 0.175869 -0.323732
-0.585083 0.117065 -0.075073 -1.137572 0.227609 -0.145964
-0.541138 0.166382 0.017456 -1.052130 0.323495 0.033940
-0.490479 0.195190 0.109375 -0.953633 0.379507 0.212657
-0.434448 0.167603 0.193604 -0.844694 0.325868 0.376422
-0.384277 0.133057 0.257202 -0.747147 0.258701 0.500076
-0.344971 0.114746 0.296143 -0.670724 0.223100 0.575788
-0.314697 0.077759 0.312012 -0.611863 0.151186 0.606642
-0.285522 0.037476 0.313843 -0.555139 0.072863 0.610202
-0.259155 0.005859 0.299194 -0.503873 0.011392 0.581721
-0.232788 -0.026367 0.268799 -0.452608 -0.051266 0.522623
-0.205688 -0.052124 0.239380 -0.399918 -0.101344 0.465424
-0.178711 -0.076904 0.232300 -0.347466 -0.149524 0.451659
-0.149048 -0.095337 0.251343 -0.289792 -0.185363 0.488684
-0.121704 -0.104126 0.283081 -0.236628 -0.202451 0.550392
-0.100342 -0.099976 0.314209 -0.195094 -0.194382 0.610914
-0.086182 -0.044678 0.336670 -0.167562 -0.086867 0.654585
-0.076294 0.057251 0.345337 -0.148338 0.111313 0.671436
-0.065186 0.144775 0.334839 -0.126740 0.281486 0.651024
-0.052979 0.146851 0.313354 -0.103006 0.285520 0.609253
-0.040527 0.031494 0.281982 -0.078797 0.061234 0.548256
-0.028198 -0.049194 0.239014 -0.054826 -0.095648 0.464712
-0.026245 -0.056885 0.191895 -0.051028 -0.110601 0.373099
-0.036987 -0.048828 0.150391 -0.071914 -0.094936 0.292403
-0.047729 -0.026001 0.115356 -0.092800 -0.050553 0.224287
-0.048584 -0.001465 0.086914 -0.094461 -0.002848 0.168986
-0.038452 0.007935 0.062378 -0.074762 0.015427 0.121281
-0.021973 0.003662 0.035767 -0.042721 0.007120 0.069541
-0.002808 -0.007202 0.008423 -0.005459 -0.014003 0.016376
0.014282 -0.016602 -0.011230 0.027769 -0.032278 -0.021835
0.025024 -0.013428 -0.023315 0.048655 -0.026107 -0.045332
0.031860 0.001465 -0.025391 0.061946 0.002848 -0.049367
0.039673 0.004150 -0.020386 0.077136 0.008070 -0.039636
0.051880 -0.026367 -0.010620 0.100870 -0.051266 -0.020649
0.068237 -0.048828 -0.005737 0.132673 -0.094936 -0.011155
0.081909 -0.058838 -0.007324 0.159255 -0.114398 -0.014240
0.089355 -0.085449 -0.012329 0.173733 -0.166138 -0.023971
0.092773 -0.091675 -0.023438 0.180379 -0.178243 -0.045569
0.093140 -0.074829 -0.033447 0.181091 -0.145490 -0.065031
0.089233 -0.072144 -0.036011 0.173496 -0.140268 -0.070015
0.084717 -0.064209 -0.030273 0.164714 -0.124841 -0.058860
0.082031 -0.047974 -0.024414 0.159493 -0.093275 -0.047468
0.078979 -0.036255 -0.019897 0.153559 -0.070490 -0.038686
0.077881 -0.024048 -0.017700 0.151423 -0.046756 -0.034414
0.083496 -0.004517 -0.017700 0.162341 -0.008782 -0.034414
0.092407 0.005493 -0.020264 0.179667 0.010680 -0.039398
0.098633 0.003662 -0.023560 0.191771 0.007120 -0.045807
0.100464 -0.004272 -0.027344 0.195331 -0.008307 -0.053164
0.094849 -0.016846 -0.034546 0.184413 -0.032753 -0.067167
0.083130 -0.022705 -0.047485 0.161629 -0.044145 -0.092325
0.067749 -0.030884 -0.058350 0.131724 -0.060047 -0.113449
0.055664 -0.040283 -0.059937 0.108227 -0.078322 -0.116534
0.051636 -0.048950 -0.054565 0.100395 -0.095173 -0.106091
0.054443 -0.068848 -0.044434 0.105854 -0.133860 -0.086392
0.060181 -0.067993 -0.033203 0.117009 -0.132199 -0.064557
0.057251 -0.042603 -0.021729 0.111313 -0.082832 -0.042247
0.042969 -0.031860 -0.013184 0.083544 -0.061946 -0.025633
0.024048 -0.018921 -0.009521 0.046756 -0.036788 -0.018513
0.004761 0.005005 -0.007324 0.009256 0.009731 -0.014240
-0.012085 0.025146 -0.001465 -0.023497 0.048892 -0.002848
-0.024292 0.043579 0.010010 -0.047231 0.084730 0.019462
-0.030151 0.051270 0.023926 -0.058623 0.099683 0.046519
-0.025757 0.036011 0.031982 -0.050079 0.070015 0.062183
-0.013550 0.019287 0.029419 -0.026345 0.037500 0.057199
0.000000 0.002808 0.018311 0.000000 0.005459 0.035601
0.009766 -0.010742 0.008057 0.018987 -0.020886 0.015664
