-0.310303 -0.153076 -0.573486 -0.603319 -0.297625 -1.115025
-0.255005 -0.040405 -0.576538 -0.495804 -0.078560 -1.120958
-0.165405 0.090576 -0.594116 -0.321596 0.176106 -1.155135
-0.048950 0.173096 -0.619141 -0.095173 0.336549 -1.203790
0.085693 0.179077 -0.655518 0.166613 0.348178 -1.274517
0.233521 0.136597 -0.707520 0.454032 0.265584 -1.375624
0.396362 0.053711 -0.772583 0.770644 0.104430 -1.502127
0.563477 -0.097534 -0.830811 1.095563 -0.189635 -1.615338
0.718506 -0.251343 -0.871826 1.396985 -0.488684 -1.695084
0.840088 -0.356567 -0.875977 1.633376 -0.693271 -1.703154
0.923340 -0.386230 -0.843628 1.795242 -0.750945 -1.640259
0.981323 -0.388062 -0.787476 1.907979 -0.754505 -1.531082
1.035156 -0.369019 -0.716064 2.012646 -0.717480 -1.392238
1.099487 -0.371338 -0.624512 2.137724 -0.721989 -1.214233
1.176880 -0.485352 -0.515747 2.288198 -0.943665 -1.002763
1.254883 -0.630737 -0.398315 2.439858 -1.226337 -0.774441
1.321411 -0.749756 -0.265015 2.569209 -1.457744 -0.515266
1.378418 -0.847046 -0.121094 2.680047 -1.646904 -0.235442
1.425659 -0.873779 0.039551 2.771897 -1.698882 0.076898
1.440918 -0.807007 0.225342 2.801565 -1.569057 0.438130
1.395874 -0.654175 0.430054 2.713986 -1.271907 0.836150
1.292480 -0.517822 0.638672 2.512959 -1.006797 1.241764
1.170410 -0.502563 0.823608 2.275619 -0.977130 1.601335
1.083984 -0.590576 0.969116 2.107582 -1.148252 1.884245
1.065796 -0.737915 1.077026 2.072218 -1.434722 2.094053
1.114380 -0.909668 1.148926 2.166679 -1.768660 2.233847
1.208130 -1.048218 1.173340 2.348957 -2.038041 2.281315
1.322754 -1.121338 1.164795 2.571819 -2.180208 2.264701
1.445923 -1.147461 1.134155 2.811296 -2.230999 2.205129
1.559448 -1.090088 1.089355 3.032022 -2.119449 2.118025
1.634888 -0.987549 1.025635 3.178699 -1.920083 1.994133
1.639771 -0.875732 0.934570 3.188192 -1.702679 1.817077
1.574219 -0.798706 0.826172 3.060740 -1.552917 1.606319
1.476074 -0.723877 0.702881 2.869919 -1.407428 1.366605
1.377930 -0.723877 0.569092 2.679097 -1.407428 1.106480
1.305786 -0.729614 0.416992 2.538829 -1.418583 0.810754
1.240112 -0.548828 0.254150 2.411140 -1.067082 0.494142
1.151855 -0.515747 0.083618 2.239543 -1.002763 0.162578
1.018433 -0.454590 -0.087646 1.980130 -0.883855 -0.170410
0.830933 -0.238770 -0.251465 1.615575 -0.464238 -0.488921
0.630859 -0.189941 -0.406616 1.226575 -0.369301 -0.790581
0.425903 -0.078247 -0.521973 0.828080 -0.152135 -1.014867
0.246704 -0.072632 -0.614136 0.479665 -0.141217 -1.194059
0.112549 0.004150 -0.693970 0.218828 0.008070 -1.349280
0.010498 -0.008179 -0.764160 0.020411 -0.015902 -1.485750
-0.077881 0.014893 -0.813110 -0.151423 0.028956 -1.580924
-0.176636 0.091797 -0.853149 -0.343431 0.178480 -1.658771
-0.291992 0.153442 -0.883301 -0.567718 0.298337 -1.717394
-0.416504 0.222900 -0.903564 -0.809805 0.433383 -1.756793
-0.537964 0.317383 -0.919922 -1.045959 0.617085 -1.788596
-0.649292 0.394165 -0.933105 -1.262413 0.766372 -1.814229
-0.742554 0.441284 -0.940918 -1.443741 0.857985 -1.829419
-0.813354 0.479126 -0.942749 -1.581398 0.931561 -1.832979
-0.874634 0.473389 -0.936035 -1.700543 0.920406 -1.819925
-0.935669 0.454346 -0.918335 -1.819213 0.883381 -1.785511
-0.995483 0.458740 -0.887573 -1.935510 0.891925 -1.725701
-1.052368 0.459229 -0.846924 -2.046111 0.892874 -1.646667
-1.109253 0.459595 -0.803589 -2.156711 0.893586 -1.562411
-1.175293 0.486572 -0.763428 -2.285112 0.946038 -1.484326
-1.250610 0.544800 -0.725586 -2.431551 1.059250 -1.410751
-1.329224 0.636353 -0.701782 -2.584398 1.237255 -1.364469
-1.405762 0.739136 -0.693237 -2.733211 1.437095 -1.347855
-1.477539 0.810791 -0.685547 -2.872767 1.576414 -1.332903
-1.537354 0.840576 -0.671509 -2.989064 1.634325 -1.305609
-1.580688 0.840454 -0.649048 -3.073319 1.634088 -1.261938
-1.613892 0.832886 -0.617188 -3.137876 1.619373 -1.199993
-1.642090 0.843872 -0.574097 -3.192702 1.640733 -1.116211
-1.667236 0.877930 -0.511353 -3.241594 1.706951 -0.994218
-1.689331 0.864624 -0.427246 -3.284552 1.681081 -0.830691
-1.700073 0.763916 -0.319946 -3.305438 1.485276 -0.622069
-1.693481 0.658325 -0.192383 -3.292622 1.279976 -0.374048
-1.666016 0.623779 -0.047241 -3.239220 1.212809 -0.091851
-1.629150 0.637939 0.101196 -3.167543 1.240340 0.196755
-1.597046 0.666382 0.244141 -3.105123 1.295641 0.474681
-1.570801 0.722412 0.364624 -3.054095 1.404580 0.708935
-1.539673 0.750000 0.449707 -2.993573 1.458219 0.874362
-1.494263 0.717773 0.500610 -2.905282 1.395561 0.973333
-1.426880 0.610962 0.524780 -2.774271 1.187888 1.020326
-1.330933 0.475342 0.525269 -2.587721 0.924203 1.021275
-1.200928 0.355835 0.504761 -2.334954 0.691847 0.981402
-1.038452 0.231201 0.468994 -2.019054 0.449522 0.911861
-0.844482 0.116089 0.425171 -1.641920 0.225711 0.826656
-0.630005 0.033203 0.375244 -1.224913 0.064557 0.729584
-0.419556 -0.024048 0.318970 -0.815739 -0.046756 0.620170
-0.239380 -0.053711 0.260254 -0.465424 -0.104430 0.506009
-0.106812 -0.053101 0.214355 -0.207673 -0.103243 0.416770
-0.034180 -0.037964 0.203369 -0.066455 -0.073813 0.395409
-0.007202 -0.073242 0.220703 -0.014003 -0.142404 0.429111
-0.003174 -0.075806 0.225342 -0.006171 -0.147388 0.438130
-0.005493 -0.072876 0.195801 -0.010680 -0.141692 0.380694
-0.011108 -0.109741 0.147583 -0.021598 -0.213369 0.286944
-0.015869 -0.136108 0.098755 -0.030854 -0.264634 0.192008
-0.009155 -0.151367 0.060669 -0.017801 -0.294302 0.117958
0.002563 -0.124146 0.036499 0.004984 -0.241375 0.070965
0.016968 -0.095825 0.023682 0.032990 -0.186312 0.046044
0.027588 -0.087158 0.012695 0.053639 -0.169461 0.024683
0.032959 -0.086914 -0.004028 0.064082 -0.168986 -0.007832
0.030762 -0.053955 -0.023560 0.059810 -0.104904 -0.045807
0.022217 -0.008179 -0.034302 0.043196 -0.015902 -0.066693
0.015503 0.002686 -0.035522 0.030142 0.005221 -0.069066
0.018677 -0.003906 -0.046143 0.036313 -0.007595 -0.089715
0.027100 -0.009155 -0.074219 0.052690 -0.017801 -0.144303
0.030396 -0.014282 -0.109741 0.059098 -0.027769 -0.213369
0.028320 -0.029053 -0.139771 0.055063 -0.056487 -0.271755
0.023926 -0.037720 -0.161865 0.046519 -0.073338 -0.314713
0.022339 -0.031494 -0.172729 0.043433 -0.061234 -0.335836
0.028320 -0.036133 -0.170776 0.055063 -0.070253 -0.332039
0.045166 -0.044434 -0.163574 0.087816 -0.086392 -0.318036
0.069824 -0.045044 -0.154785 0.135759 -0.087579 -0.300947
0.091309 -0.033325 -0.144653 0.177531 -0.064794 -0.281248
0.102783 -0.023926 -0.132080 0.199841 -0.046519 -0.256802
0.105347 -0.009155 -0.115845 0.204825 -0.017801 -0.225236
0.109009 -0.006470 -0.100952 0.211945 -0.012579 -0.196280
0.112549 -0.012085 -0.085205 0.218828 -0.023497 -0.165664
0.113525 -0.051147 -0.070068 0.220726 -0.099446 -0.136233
0.111816 -0.093872 -0.058228 0.217404 -0.182515 -0.113211
0.107178 -0.103638 -0.050415 0.208385 -0.201502 -0.098022
0.097900 -0.101685 -0.039917 0.190347 -0.197704 -0.077610
0.089844 -0.116089 -0.025391 0.174682 -0.225711 -0.049367
0.088745 -0.096924 -0.016846 0.172546 -0.188448 -0.032753
0.090454 -0.094727 -0.018188 0.175869 -0.184176 -0.035364
0.090454 -0.100952 -0.030151 0.175869 -0.196280 -0.058623
0.085327 -0.084351 -0.046997 0.165901 -0.164002 -0.091376
0.073242 -0.070190 -0.064697 0.142404 -0.136471 -0.125790
0.057739 -0.062622 -0.076904 0.112262 -0.121756 -0.149524
0.043457 -0.063843 -0.083008 0.084493 -0.124129 -0.161391
0.031494 -0.073120 -0.087402 0.061234 -0.142167 -0.169936
0.022217 -0.074219 -0.093262 0.043196 -0.144303 -0.181328
0.015747 -0.075439 -0.097656 0.030617 -0.146676 -0.189872
0.014282 -0.076050 -0.099609 0.027769 -0.147863 -0.193670
0.018555 -0.075684 -0.094727 0.036076 -0.147151 -0.184176
0.025879 -0.045166 -0.081177 0.050316 -0.087816 -0.157831
0.032593 -0.004639 -0.060913 0.063370 -0.009019 -0.118433
0.038940 0.003418 -0.039185 0.075712 0.006646 -0.076186
0.045532 -0.001953 -0.019531 0.088528 -0.003797 -0.037974
0.049194 -0.000610 -0.005127 0.095648 -0.001187 -0.009968
0.041992 -0.002319 0.003174 0.081645 -0.004509 0.006171
0.026367 -0.012573 0.008911 0.051266 -0.024446 0.017326
0.013062 -0.032227 0.016968 0.025395 -0.062658 0.032990
0.010864 -0.035889 0.024658 0.021123 -0.069778 0.047943
0.017822 -0.027222 0.029297 0.034652 -0.052927 0.056962
0.026123 -0.022339 0.026978 0.050791 -0.043433 0.052452
0.029907 -0.028076 0.017090 0.058148 -0.054588 0.033228
0.026733 -0.031982 0.002808 0.051978 -0.062183 0.005459
0.018188 -0.017578 -0.010864 0.035364 -0.034177 -0.021123
0.007446 -0.024536 -0.015503 0.014478 -0.047705 -0.030142
-0.002075 -0.023193 -0.008423 -0.004035 -0.045095 -0.016376
-0.008423 -0.004517 0.007568 -0.016376 -0.008782 0.014715
-0.012817 0.013794 0.022461 -0.024921 0.026819 0.043671
-0.014282 0.038086 0.029175 -0.027769 0.074050 0.056724
