-0.186279 -1.097656 -0.620361 -0.362181 -2.134164 -1.206163
-0.140625 -1.073608 -0.619507 -0.273416 -2.087408 -1.204502
-0.079468 -0.892456 -0.584473 -0.154509 -1.735195 -1.136385
-0.023804 -0.344360 -0.520752 -0.046281 -0.669537 -1.012494
0.015991 -0.001709 -0.476440 0.031092 -0.003323 -0.926339
0.070801 0.031372 -0.526123 0.137657 0.060996 -1.022937
0.212036 -0.148193 -0.687500 0.412260 -0.288131 -1.336700
0.437378 -0.322632 -0.907715 0.850390 -0.627290 -1.764862
0.687622 -0.401489 -1.125854 1.336938 -0.780612 -2.188989
0.909302 -0.508423 -1.298706 1.767948 -0.988522 -2.525063
1.069336 -0.646362 -1.383667 2.079101 -1.256717 -2.690252
1.157715 -0.693970 -1.359131 2.250935 -1.349280 -2.642547
1.194824 -0.602295 -1.231689 2.323087 -1.171037 -2.394763
1.209229 -0.570190 -1.035278 2.351093 -1.108616 -2.012883
1.219971 -0.638916 -0.821655 2.371979 -1.242239 -1.597537
1.244263 -0.534790 -0.583984 2.419209 -1.039788 -1.135436
1.258667 -0.551880 -0.418579 2.447216 -1.073015 -0.813840
1.289185 -0.600952 -0.331055 2.506551 -1.168426 -0.643667
1.316772 -0.715210 -0.316895 2.560190 -1.390577 -0.616135
1.340332 -0.885742 -0.328735 2.605996 -1.722141 -0.639157
1.372437 -0.990845 -0.337280 2.668417 -1.926491 -0.655771
1.422363 -1.062622 -0.325684 2.765489 -2.066047 -0.633224
1.492554 -1.134521 -0.278564 2.901960 -2.205841 -0.541611
1.567749 -1.165649 -0.188965 3.048161 -2.266362 -0.367403
1.629883 -1.116577 -0.066528 3.168967 -2.170952 -0.129350
1.673340 -1.079712 0.068237 3.253461 -2.099275 0.132673
1.696167 -1.031616 0.186523 3.297843 -2.005763 0.362656
1.691406 -1.001465 0.266357 3.288587 -1.947140 0.517877
1.649780 -0.967773 0.284668 3.207654 -1.881634 0.553478
1.561279 -0.913574 0.269043 3.035582 -1.776255 0.523098
1.429199 -0.844971 0.262451 2.778780 -1.642869 0.510282
1.295288 -0.735962 0.272461 2.518418 -1.430925 0.529743
1.192505 -0.599731 0.283081 2.318577 -1.166053 0.550392
1.114136 -0.523560 0.277710 2.166205 -1.017952 0.539949
1.049561 -0.518555 0.240845 2.040652 -1.008222 0.468272
0.991821 -0.471924 0.164795 1.928390 -0.917558 0.320409
0.921875 -0.353638 0.055054 1.792394 -0.687575 0.107040
0.825684 -0.156616 -0.064697 1.605370 -0.304508 -0.125790
0.697144 0.098145 -0.160034 1.355450 0.190822 -0.311153
0.528931 0.062500 -0.216919 1.028395 0.121518 -0.421754
0.321533 0.181641 -0.256226 0.625154 0.353162 -0.498177
0.097534 0.349487 -0.295410 0.189635 0.679505 -0.574363
-0.130005 0.230957 -0.394775 -0.252767 0.449048 -0.767558
-0.334961 0.439819 -0.579468 -0.651262 0.855137 -1.126654
-0.500244 0.606445 -0.777100 -0.972620 1.179107 -1.510908
-0.606812 0.571167 -0.907715 -1.179819 1.110515 -1.764862
-0.674316 0.565674 -0.943115 -1.311068 1.099835 -1.833691
-0.734619 0.487915 -0.897705 -1.428314 0.948649 -1.745400
-0.811523 0.433228 -0.804810 -1.577838 0.842321 -1.564785
-0.916870 0.550903 -0.719971 -1.782663 1.071117 -1.399833
-1.036133 0.659912 -0.687744 -2.014544 1.283062 -1.337175
-1.149536 0.723267 -0.708984 -2.235034 1.406241 -1.378472
-1.238770 0.828491 -0.751831 -2.408529 1.610829 -1.461779
-1.304810 0.808105 -0.780518 -2.536930 1.571193 -1.517554
-1.345703 0.796997 -0.796265 -2.616439 1.549595 -1.548171
-1.371826 0.754028 -0.808716 -2.667230 1.466051 -1.572379
-1.384766 0.585938 -0.795288 -2.692388 1.139233 -1.546272
-1.394653 0.323120 -0.739990 -2.711613 0.628240 -1.438757
-1.406006 0.211792 -0.672974 -2.733685 0.411785 -1.308457
-1.439453 0.217041 -0.605225 -2.798717 0.421991 -1.176733
-1.503540 0.221680 -0.536499 -2.923320 0.431010 -1.043111
-1.582397 0.257568 -0.479004 -3.076642 0.500788 -0.931323
-1.655640 0.365479 -0.433594 -3.219046 0.710597 -0.843033
-1.716309 0.499390 -0.390259 -3.337004 0.970959 -0.758777
-1.766968 0.562378 -0.339233 -3.435501 1.093427 -0.659569
-1.807251 0.572632 -0.278931 -3.513823 1.113363 -0.542323
-1.825928 0.585815 -0.220215 -3.550136 1.138996 -0.428162
-1.826904 0.565918 -0.154419 -3.552035 1.100310 -0.300235
-1.818604 0.522827 -0.071777 -3.535896 1.016528 -0.139556
-1.802979 0.507446 0.033936 -3.505516 0.986624 0.065981
-1.776123 0.505371 0.156372 -3.453301 0.982589 0.304033
-1.738281 0.561646 0.278442 -3.379726 1.092003 0.541373
-1.693481 0.658081 0.384155 -3.292622 1.279501 0.746910
-1.646362 0.723267 0.475586 -3.201008 1.406241 0.924678
-1.596802 0.757568 0.559082 -3.104648 1.472934 1.087018
-1.546387 0.753418 0.625000 -3.006627 1.464864 1.215182
-1.485474 0.695435 0.670532 -2.888194 1.352128 1.303710
-1.404663 0.647095 0.705200 -2.731075 1.258141 1.371115
-1.302612 0.609009 0.744751 -2.532658 1.184091 1.448013
-1.194458 0.585693 0.796021 -2.322375 1.138759 1.547696
-1.081299 0.555176 0.838379 -2.102360 1.079424 1.630053
-0.964966 0.529297 0.852295 -1.876175 1.029107 1.657110
-0.845215 0.476318 0.828613 -1.643344 0.926102 1.611066
-0.723267 0.404419 0.769531 -1.406241 0.786308 1.496193
-0.606323 0.323364 0.689941 -1.178869 0.628714 1.341447
-0.497925 0.277466 0.618530 -0.968111 0.539474 1.202603
-0.399536 0.277222 0.563232 -0.776815 0.539000 1.095088
-0.318970 0.190674 0.506226 -0.620170 0.370726 0.984250
-0.263916 -0.010742 0.443481 -0.513130 -0.020886 0.862257
-0.230591 -0.042969 0.388062 -0.448336 -0.083544 0.754505
-0.173096 -0.034790 0.364014 -0.336549 -0.067642 0.707749
-0.113403 -0.054077 0.348511 -0.220489 -0.105142 0.677607
-0.044434 -0.076782 0.323608 -0.086392 -0.149287 0.629189
0.014648 -0.117798 0.273315 0.028481 -0.229033 0.531405
0.053711 -0.147217 0.203003 0.104430 -0.286232 0.394697
0.070923 -0.141357 0.130371 0.137895 -0.274840 0.253479
0.078979 -0.155029 0.073730 0.153559 -0.301422 0.143354
0.076416 -0.172119 0.034424 0.148575 -0.334650 0.066930
0.072876 -0.208130 0.005127 0.141692 -0.404665 0.009968
0.074585 -0.190918 -0.019165 0.145015 -0.371200 -0.037262
0.078613 -0.169312 -0.036987 0.152847 -0.329191 -0.071914
0.081421 -0.162231 -0.047729 0.158306 -0.315425 -0.092800
0.080933 -0.150146 -0.055664 0.157357 -0.291929 -0.108227
0.076660 -0.169922 -0.062622 0.149050 -0.330378 -0.121756
0.071655 -0.183838 -0.070435 0.139319 -0.357434 -0.136945
0.071655 -0.174805 -0.083740 0.139319 -0.339871 -0.162815
0.076782 -0.181519 -0.096680 0.149287 -0.352925 -0.187973
0.081787 -0.199829 -0.104248 0.159018 -0.388526 -0.202689
0.084595 -0.186523 -0.109009 0.164477 -0.362656 -0.211945
0.084839 -0.153198 -0.111572 0.164952 -0.297862 -0.216929
0.084839 -0.148560 -0.112427 0.164952 -0.288843 -0.218590
0.088989 -0.167114 -0.111206 0.173021 -0.324919 -0.216217
0.096558 -0.144897 -0.110107 0.187736 -0.281723 -0.214081
0.105591 -0.120117 -0.109497 0.205299 -0.233543 -0.212894
0.112915 -0.138672 -0.111694 0.219540 -0.269619 -0.217166
0.120850 -0.147949 -0.117798 0.234967 -0.287656 -0.229033
0.127563 -0.123535 -0.123779 0.248021 -0.240188 -0.240663
0.124023 -0.090942 -0.124268 0.241138 -0.176819 -0.241612
0.103882 -0.091309 -0.117554 0.201977 -0.177531 -0.228559
0.072144 -0.094604 -0.102051 0.140268 -0.183939 -0.198416
0.040039 -0.067017 -0.076660 0.077848 -0.130300 -0.149050
0.017456 -0.044678 -0.054810 0.033940 -0.086867 -0.106566
0.005005 -0.043213 -0.046143 0.009731 -0.084018 -0.089715
-0.001465 -0.054810 -0.051514 -0.002848 -0.106566 -0.100158
-0.010376 -0.060913 -0.070679 -0.020174 -0.118433 -0.137420
-0.023926 -0.071045 -0.099365 -0.046519 -0.138132 -0.193195
-0.039795 -0.096802 -0.124512 -0.077373 -0.188211 -0.242087
-0.051147 -0.118530 -0.135620 -0.099446 -0.230457 -0.263685
-0.059448 -0.114258 -0.137573 -0.115585 -0.222151 -0.267482
-0.067383 -0.110962 -0.132202 -0.131012 -0.215742 -0.257040
-0.070190 -0.099609 -0.118408 -0.136471 -0.193670 -0.230220
-0.062988 -0.075317 -0.100220 -0.122468 -0.146439 -0.194856
-0.046631 -0.058350 -0.086182 -0.090664 -0.113449 -0.167562
-0.027466 -0.041748 -0.078491 -0.053402 -0.081170 -0.152610
-0.007935 -0.028442 -0.064819 -0.015427 -0.055300 -0.126028
0.008911 -0.028931 -0.043457 0.017326 -0.056250 -0.084493
0.021729 -0.044312 -0.023193 0.042247 -0.086155 -0.045095
0.029541 -0.061035 -0.005981 0.057436 -0.118670 -0.011630
0.028198 -0.067383 0.008789 0.054826 -0.131012 0.017089
0.019409 -0.086304 0.016968 0.037737 -0.167800 0.032990
0.011963 -0.098145 0.014893 0.023259 -0.190822 0.028956
0.009155 -0.095093 0.009521 0.017801 -0.184888 0.018513
0.008911 -0.093018 0.006836 0.017326 -0.180853 0.013291
0.010864 -0.098145 0.005371 0.021123 -0.190822 0.010443
0.016602 -0.104126 0.000244 0.032278 -0.202451 0.000475
0.025146 -0.107544 -0.007690 0.048892 -0.209097 -0.014952
0.037354 -0.117065 -0.017578 0.072626 -0.227609 -0.034177
0.049561 -0.124268 -0.029663 0.096360 -0.241612 -0.057674
0.055420 -0.131470 -0.036621 0.107752 -0.255615 -0.071202
0.047363 -0.123657 -0.029907 0.092088 -0.240426 -0.058148
