-0.167969 -0.174316 0.192749 -0.326580 -0.338922 0.374760
-0.207031 -0.129028 0.299683 -0.402529 -0.250869 0.582670
-0.238159 -0.100098 0.420044 -0.463051 -0.194619 0.816688
-0.252808 -0.134033 0.548340 -0.491532 -0.260600 1.066133
-0.237061 -0.137329 0.667358 -0.460915 -0.267008 1.297539
-0.194946 -0.203247 0.788574 -0.379032 -0.395172 1.533218
-0.130615 -0.294800 0.903931 -0.253954 -0.573177 1.757505
-0.057983 -0.399048 1.011475 -0.112737 -0.775865 1.966602
0.004761 -0.495483 1.110718 0.009256 -0.963364 2.159559
0.050781 -0.566162 1.206665 0.098734 -1.100784 2.346109
0.078003 -0.587280 1.302002 0.151660 -1.141844 2.531471
0.089233 -0.581055 1.399048 0.173496 -1.129740 2.720157
0.077637 -0.548096 1.500122 0.150948 -1.065658 2.916675
0.041870 -0.461792 1.608032 0.081408 -0.897858 3.126484
-0.006592 -0.329956 1.718506 -0.012816 -0.641531 3.341277
-0.050171 -0.215210 1.813354 -0.097547 -0.418431 3.525690
-0.071533 -0.193848 1.871948 -0.139081 -0.376896 3.639613
-0.062500 -0.259521 1.883789 -0.121518 -0.504585 3.662635
-0.025269 -0.377197 1.843384 -0.049129 -0.733381 3.584076
0.028442 -0.495117 1.753174 0.055300 -0.962652 3.408681
0.086670 -0.560913 1.625854 0.168512 -1.090579 3.161135
0.133057 -0.506592 1.470215 0.258701 -0.984962 2.858526
0.150024 -0.328491 1.282837 0.291691 -0.638683 2.494209
0.138794 -0.161499 1.063477 0.269856 -0.314001 2.067708
0.114014 -0.139648 0.827393 0.221676 -0.271517 1.608692
0.096558 -0.255127 0.594116 0.187736 -0.496041 1.155135
0.079224 -0.303955 0.360962 0.154034 -0.590977 0.701815
0.037842 -0.287354 0.146240 0.073575 -0.558699 0.284334
-0.034790 -0.315674 -0.038330 -0.067642 -0.613762 -0.074525
-0.123169 -0.391968 -0.198730 -0.239476 -0.762100 -0.386390
-0.215698 -0.306396 -0.344238 -0.419380 -0.595724 -0.669300
-0.291992 -0.292847 -0.474365 -0.567718 -0.569379 -0.922304
-0.354736 -0.181396 -0.589111 -0.689711 -0.352688 -1.145404
-0.412598 -0.092773 -0.686157 -0.802210 -0.180379 -1.334090
-0.473755 -0.088867 -0.749878 -0.921118 -0.172784 -1.457981
-0.529907 0.069824 -0.787476 -1.030294 0.135759 -1.531082
-0.581543 0.287964 -0.809326 -1.130689 0.559886 -1.573566
-0.630737 0.378296 -0.822021 -1.226337 0.735518 -1.598249
-0.671875 0.382080 -0.851685 -1.306321 0.742875 -1.655923
-0.700928 0.381714 -0.902466 -1.362808 0.742163 -1.754657
-0.717773 0.346924 -0.962769 -1.395561 0.674521 -1.871903
-0.718262 0.375122 -1.025269 -1.396510 0.729347 -1.993421
-0.703979 0.256592 -1.074585 -1.368741 0.498889 -2.089307
-0.676880 0.148193 -1.117920 -1.316052 0.288131 -2.173562
-0.630859 0.118652 -1.150513 -1.226575 0.230695 -2.236932
-0.579224 0.137207 -1.162842 -1.126180 0.266770 -2.260904
-0.526245 0.254639 -1.151001 -1.023174 0.495092 -2.237882
-0.475220 0.343628 -1.102295 -0.923966 0.668113 -2.143183
-0.420898 0.358154 -1.034546 -0.818349 0.696356 -2.011459
-0.351929 0.002808 -0.973511 -0.684252 0.005459 -1.892789
-0.280273 -0.278076 -0.957031 -0.544933 -0.540661 -1.860748
-0.228516 -0.267456 -0.976318 -0.444301 -0.520013 -1.898248
-0.213501 -0.316406 -0.971558 -0.415108 -0.615186 -1.888991
-0.222534 -0.372070 -0.934692 -0.432671 -0.723413 -1.817315
-0.229858 -0.300537 -0.866333 -0.446912 -0.584332 -1.684404
-0.231079 -0.185181 -0.781616 -0.449285 -0.360045 -1.519690
-0.226196 -0.100220 -0.686523 -0.439792 -0.194856 -1.334802
-0.218994 -0.100708 -0.585205 -0.425788 -0.195806 -1.137809
-0.212280 -0.103516 -0.488403 -0.412735 -0.201265 -0.949598
-0.210938 -0.082520 -0.401855 -0.410124 -0.160442 -0.781324
-0.212280 -0.021606 -0.328491 -0.412735 -0.042009 -0.638683
-0.207031 0.062622 -0.263184 -0.402529 0.121756 -0.511706
-0.195190 0.121094 -0.198364 -0.379507 0.235442 -0.385678
-0.181030 0.095703 -0.130249 -0.351976 0.186075 -0.253242
-0.170410 0.022217 -0.061279 -0.331327 0.043196 -0.119145
-0.160889 -0.033813 0.011719 -0.312815 -0.065743 0.022785
-0.149536 -0.027710 0.091431 -0.290742 -0.053876 0.177768
-0.135742 0.026123 0.180664 -0.263922 0.050791 0.351264
-0.121094 0.077881 0.282349 -0.235442 0.151423 0.548968
-0.107422 0.094604 0.389282 -0.208859 0.183939 0.756878
-0.091309 0.094849 0.496094 -0.177531 0.184413 0.964551
-0.070313 0.072632 0.598389 -0.136708 0.141217 1.163442
-0.046143 0.030762 0.700439 -0.089715 0.059810 1.361859
-0.023438 0.009155 0.799683 -0.045569 0.017801 1.554816
-0.007935 0.032959 0.895386 -0.015427 0.064082 1.740891
0.002441 0.088745 0.989746 0.004747 0.172546 1.924355
0.017578 0.156128 1.084106 0.034177 0.303558 2.107819
0.039307 0.221436 1.184082 0.076424 0.430535 2.302201
0.065430 0.239014 1.293457 0.127214 0.464712 2.514858
0.094971 0.187256 1.409058 0.184651 0.364080 2.739619
0.126831 0.108765 1.520508 0.246597 0.211470 2.956311
0.156982 0.058228 1.612793 0.305220 0.113211 3.135740
0.176514 0.029419 1.672729 0.343194 0.057199 3.252274
0.176147 0.016235 1.691162 0.342482 0.031566 3.288112
0.151611 0.027832 1.666016 0.294777 0.054114 3.239220
0.105347 0.079590 1.600708 0.204825 0.154746 3.112243
0.048462 0.130859 1.504761 0.094224 0.254429 2.925694
-0.011353 0.150757 1.398804 -0.022073 0.293115 2.719682
-0.060791 0.065796 1.292969 -0.118195 0.127926 2.513908
-0.087646 -0.074341 1.189453 -0.170410 -0.144540 2.312644
-0.093384 -0.172363 1.079956 -0.181565 -0.335124 2.099750
-0.092407 -0.173462 0.970703 -0.179667 -0.337261 1.887330
-0.094971 -0.126831 0.869263 -0.184651 -0.246597 1.690100
-0.109497 -0.062744 0.770752 -0.212894 -0.121993 1.498567
-0.140625 0.027222 0.660400 -0.273416 0.052927 1.284011
-0.186157 0.143066 0.526733 -0.361944 0.278163 1.024123
-0.234497 0.250122 0.369751 -0.455931 0.486310 0.718904
-0.277588 0.322266 0.190796 -0.539712 0.626578 0.370963
-0.321777 0.327271 0.003906 -0.625629 0.636309 0.007595
-0.374878 0.270264 -0.176025 -0.728872 0.525471 -0.342245
-0.433838 0.293701 -0.340332 -0.843507 0.571041 -0.661705
-0.494751 0.323364 -0.486450 -0.961940 0.628714 -0.945801
-0.553833 0.350342 -0.618286 -1.076813 0.681167 -1.202129
-0.606323 0.406006 -0.736206 -1.178869 0.789394 -1.431399
-0.642456 0.479614 -0.837769 -1.249122 0.932510 -1.628866
-0.652466 0.493286 -0.920166 -1.268584 0.959092 -1.789071
-0.642090 0.445801 -0.980835 -1.248410 0.866767 -1.907029
-0.620239 0.365845 -1.020142 -1.205926 0.711309 -1.983453
-0.593384 0.290527 -1.040649 -1.153711 0.564870 -2.023326
-0.560791 0.249878 -1.046021 -1.090341 0.485836 -2.033769
-0.524658 0.193237 -1.035767 -1.020089 0.375710 -2.013832
-0.488403 0.110596 -1.012207 -0.949598 0.215030 -1.968026
-0.452271 0.038696 -0.981934 -0.879346 0.075237 -1.909165
-0.417236 -0.013672 -0.952759 -0.811229 -0.026582 -1.852441
-0.386963 -0.057129 -0.929199 -0.752369 -0.111075 -1.806634
-0.363037 -0.111816 -0.911133 -0.705850 -0.217404 -1.771508
-0.345703 -0.175537 -0.890259 -0.672148 -0.341295 -1.730923
-0.330811 -0.192749 -0.858521 -0.643192 -0.374760 -1.669214
-0.316528 -0.136963 -0.810791 -0.615423 -0.266296 -1.576414
-0.306274 -0.042236 -0.756104 -0.595487 -0.082120 -1.470086
-0.301147 0.062500 -0.689697 -0.585518 0.121518 -1.340973
-0.291626 0.130249 -0.611938 -0.567006 0.253242 -1.189787
-0.270996 0.151245 -0.528931 -0.526895 0.294065 -1.028395
-0.238281 0.134644 -0.447021 -0.463288 0.261786 -0.869140
-0.197632 0.084473 -0.373657 -0.384254 0.164239 -0.726499
-0.153809 0.015015 -0.304688 -0.299049 0.029193 -0.592401
-0.104858 -0.040161 -0.242920 -0.203875 -0.078085 -0.472307
-0.054810 -0.041748 -0.197021 -0.106566 -0.081170 -0.383067
-0.015503 -0.012573 -0.169067 -0.030142 -0.024446 -0.328716
0.005859 0.010132 -0.158691 0.011392 0.019699 -0.308542
0.018066 0.014648 -0.157104 0.035126 0.028481 -0.305457
0.025391 -0.003418 -0.153687 0.049367 -0.006646 -0.298811
0.030151 -0.039917 -0.142212 0.058623 -0.077610 -0.276501
0.030029 -0.087891 -0.117798 0.058386 -0.170885 -0.229033
0.025146 -0.114624 -0.084717 0.048892 -0.222863 -0.164714
0.017090 -0.102295 -0.052612 0.033228 -0.198891 -0.102294
0.008423 -0.081421 -0.024170 0.016376 -0.158306 -0.046993
-0.000244 -0.080933 -0.000244 -0.000475 -0.157357 -0.000475
-0.010010 -0.059082 0.013672 -0.019462 -0.114873 0.026582
-0.023926 0.008545 0.019531 -0.046519 0.016614 0.037974
-0.041626 0.057983 0.018188 -0.080933 0.112737 0.035364
-0.060303 0.072388 0.010376 -0.117246 0.140743 0.020174
-0.075684 0.077393 -0.005493 -0.147151 0.150474 -0.010680
-0.082764 0.066406 -0.029297 -0.160917 0.129113 -0.056962
-0.086670 0.048950 -0.049927 -0.168512 0.095173 -0.097072
-0.090820 0.027710 -0.058105 -0.176581 0.053876 -0.112974
-0.091431 0.017578 -0.052124 -0.177768 0.034177 -0.101344
-0.083618 0.006714 -0.038086 -0.162578 0.013054 -0.074050
-0.067993 0.015381 -0.026367 -0.132199 0.029905 -0.051266
-0.052612 0.051025 -0.021484 -0.102294 0.099208 -0.041772
