0.034790 -0.307129 -0.106201 0.067642 -0.597148 -0.206486
0.035889 -0.262939 -0.023804 0.069778 -0.511231 -0.046281
0.041626 -0.216064 0.078369 0.080933 -0.420092 0.152372
0.062134 -0.248779 0.168457 0.120806 -0.483700 0.327530
0.079590 -0.282349 0.239746 0.154746 -0.548968 0.466136
0.089722 -0.372559 0.302734 0.174445 -0.724363 0.588604
0.084106 -0.511719 0.366943 0.163527 -0.994930 0.713445
0.055908 -0.625366 0.434814 0.108702 -1.215894 0.845406
0.001465 -0.683960 0.492310 0.002848 -1.329818 0.957193
-0.063965 -0.646118 0.542969 -0.124366 -1.256242 1.055690
-0.116211 -0.547119 0.592773 -0.225948 -1.063759 1.152524
-0.147949 -0.476440 0.637085 -0.287656 -0.926339 1.238679
-0.163940 -0.476318 0.680054 -0.318748 -0.926102 1.322223
-0.171875 -0.505859 0.723755 -0.334175 -0.983538 1.407191
-0.172607 -0.511353 0.759521 -0.335599 -0.994218 1.476731
-0.163086 -0.509888 0.790283 -0.317087 -0.991370 1.536541
-0.142944 -0.522461 0.837280 -0.277925 -1.015816 1.627917
-0.108398 -0.528931 0.912109 -0.210758 -1.028395 1.773407
-0.059692 -0.489014 1.012451 -0.116059 -0.950785 1.968500
-0.001099 -0.436890 1.133423 -0.002136 -0.849441 2.203705
0.057983 -0.408813 1.270508 0.112737 -0.794853 2.470238
0.102783 -0.376953 1.417236 0.199841 -0.732907 2.755521
0.122192 -0.308105 1.550415 0.237578 -0.599047 3.014459
0.110840 -0.231567 1.651367 0.215505 -0.450235 3.210739
0.068848 -0.163696 1.708984 0.133860 -0.318273 3.322764
0.004761 -0.095337 1.712158 0.009256 -0.185363 3.328935
-0.063843 -0.049072 1.660522 -0.124129 -0.095411 3.228540
-0.120483 0.016113 1.559692 -0.234255 0.031329 3.032497
-0.159790 0.120483 1.416626 -0.310678 0.234255 2.754334
-0.180664 0.150391 1.241089 -0.351264 0.292403 2.413039
-0.175293 0.063232 1.058716 -0.340821 0.122942 2.058452
-0.142456 -0.011597 0.882690 -0.276976 -0.022547 1.716208
-0.088257 -0.018188 0.718140 -0.171597 -0.035364 1.396273
-0.016724 -0.053711 0.555664 -0.032516 -0.104430 1.080373
0.065430 -0.103027 0.386353 0.127214 -0.200315 0.751182
0.132446 -0.185059 0.222900 0.257514 -0.359808 0.433383
0.159790 -0.292603 0.075439 0.310678 -0.568905 0.146676
0.144775 -0.332031 -0.064575 0.281486 -0.645566 -0.125553
0.095337 -0.316528 -0.204468 0.185363 -0.615423 -0.397545
0.023560 -0.302734 -0.335938 0.045807 -0.588604 -0.653160
-0.053101 -0.323120 -0.456177 -0.103243 -0.628240 -0.886941
-0.124878 -0.303223 -0.578247 -0.242799 -0.589553 -1.124281
-0.193359 -0.226074 -0.702637 -0.375947 -0.439554 -1.366131
-0.260010 -0.142212 -0.816528 -0.505535 -0.276501 -1.587569
-0.320557 -0.075439 -0.912231 -0.623256 -0.146676 -1.773644
-0.375732 -0.030518 -0.988770 -0.730533 -0.059335 -1.922456
-0.428223 0.000854 -1.046875 -0.832590 0.001661 -2.035430
-0.477295 0.032593 -1.088379 -0.928001 0.063370 -2.116126
-0.517456 0.059082 -1.116211 -1.006086 0.114873 -2.170239
-0.551392 0.109497 -1.139404 -1.072066 0.212894 -2.215334
-0.578247 0.189941 -1.159180 -1.124281 0.369301 -2.253783
-0.594116 0.183105 -1.173096 -1.155135 0.356010 -2.280840
-0.592773 0.188721 -1.185913 -1.152524 0.366928 -2.305761
-0.578857 0.236572 -1.194214 -1.125468 0.459965 -2.321900
-0.560547 0.249756 -1.189819 -1.089867 0.485598 -2.313356
-0.546021 0.256592 -1.166748 -1.061623 0.498889 -2.268498
-0.531494 0.235718 -1.122070 -1.033380 0.458304 -2.181632
-0.515869 0.133301 -1.059937 -1.003000 0.259176 -2.060826
-0.499512 0.076172 -0.984497 -0.971196 0.148100 -1.914149
-0.489990 -0.034180 -0.900269 -0.952684 -0.066455 -1.750385
-0.480713 -0.056641 -0.827881 -0.934646 -0.110126 -1.609642
-0.470215 -0.001831 -0.768677 -0.914235 -0.003560 -1.494532
-0.457764 0.064941 -0.703003 -0.890026 0.126265 -1.366843
-0.438965 0.102295 -0.625732 -0.853476 0.198891 -1.216606
-0.411011 0.051514 -0.540649 -0.799125 0.100158 -1.051180
-0.376831 0.006226 -0.460205 -0.732669 0.012104 -0.894773
-0.343506 0.032959 -0.381958 -0.667876 0.064082 -0.742638
-0.311523 0.080200 -0.294800 -0.605692 0.155933 -0.573177
-0.280151 0.115723 -0.196167 -0.544696 0.224999 -0.381406
-0.252686 0.108032 -0.089844 -0.491294 0.210046 -0.174682
-0.232910 0.088379 0.013306 -0.452845 0.171834 0.025870
-0.216797 0.056396 0.110596 -0.421516 0.109651 0.215030
-0.201904 0.026001 0.199219 -0.392561 0.050553 0.387339
-0.184814 0.005493 0.280029 -0.359333 0.010680 0.544459
-0.163574 -0.031494 0.357422 -0.318036 -0.061234 0.694932
-0.140137 -0.087280 0.433105 -0.272467 -0.169698 0.842083
-0.116333 -0.142090 0.513184 -0.226185 -0.276264 0.997779
-0.092896 -0.159180 0.598267 -0.180616 -0.309492 1.163205
-0.071411 -0.152710 0.691650 -0.138844 -0.296913 1.344770
-0.056396 -0.140137 0.792725 -0.109651 -0.272467 1.541288
-0.050049 -0.109619 0.898315 -0.097310 -0.213132 1.746587
-0.044922 -0.084839 1.004883 -0.087341 -0.164952 1.953785
-0.033203 -0.088501 1.107300 -0.064557 -0.172072 2.152914
-0.014771 -0.114990 1.202148 -0.028718 -0.223575 2.337327
0.000244 -0.144409 1.285278 0.000475 -0.280774 2.498956
0.001587 -0.139771 1.356445 0.003085 -0.271755 2.637325
-0.015015 -0.093506 1.408813 -0.029193 -0.181803 2.739144
-0.049438 -0.011963 1.437988 -0.096123 -0.023259 2.795869
-0.097046 0.095703 1.441528 -0.188686 0.186075 2.802752
-0.148682 0.194458 1.422852 -0.289080 0.378083 2.766438
-0.196777 0.216064 1.388184 -0.382593 0.420092 2.699034
-0.233276 0.127441 1.337402 -0.453557 0.247783 2.600300
-0.249634 0.019287 1.265625 -0.485361 0.037500 2.460744
-0.251343 -0.056030 1.173706 -0.488684 -0.108939 2.282027
-0.249268 -0.122559 1.062988 -0.484649 -0.238290 2.066759
-0.247803 -0.130737 0.924927 -0.481801 -0.254191 1.798327
-0.246826 -0.090332 0.765015 -0.479902 -0.175632 1.487412
-0.244751 -0.047119 0.603882 -0.475867 -0.091613 1.174122
-0.239014 -0.000366 0.463501 -0.464712 -0.000712 0.901181
-0.231445 0.045288 0.354858 -0.449997 0.088053 0.689948
-0.221680 0.073975 0.277344 -0.431010 0.143828 0.539237
-0.214233 0.098633 0.227051 -0.416532 0.191771 0.441453
-0.216064 0.104492 0.185303 -0.420092 0.203163 0.360283
-0.235474 0.123047 0.131592 -0.457829 0.239239 0.255853
-0.276123 0.166870 0.052979 -0.536864 0.324444 0.103006
-0.331543 0.209595 -0.045288 -0.644616 0.407513 -0.088053
-0.386353 0.225830 -0.159058 -0.751182 0.439080 -0.309254
-0.427979 0.204956 -0.284546 -0.832115 0.398494 -0.553240
-0.453369 0.177246 -0.410889 -0.881482 0.344618 -0.798887
-0.462158 0.186890 -0.526245 -0.898570 0.363368 -1.023174
-0.459961 0.220459 -0.624023 -0.894298 0.428637 -1.213284
-0.454224 0.234497 -0.702637 -0.883143 0.455931 -1.366131
-0.444702 0.245239 -0.761841 -0.864631 0.476817 -1.481241
-0.432129 0.281250 -0.811401 -0.840185 0.546832 -1.577601
-0.420044 0.303101 -0.855103 -0.816688 0.589316 -1.662569
-0.409180 0.293091 -0.887939 -0.795565 0.569854 -1.726413
-0.397095 0.274902 -0.904785 -0.772068 0.534490 -1.759166
-0.383911 0.254761 -0.907471 -0.746435 0.495329 -1.764388
-0.371826 0.207886 -0.901367 -0.722938 0.404191 -1.752521
-0.358643 0.127197 -0.893799 -0.697306 0.247309 -1.737806
-0.349854 0.041504 -0.885498 -0.680217 0.080696 -1.721666
-0.348022 -0.010864 -0.873169 -0.676657 -0.021123 -1.697695
-0.353882 -0.026367 -0.861328 -0.688049 -0.051266 -1.674673
-0.365601 0.002563 -0.857178 -0.710834 0.004984 -1.666603
-0.380737 0.060303 -0.857056 -0.740264 0.117246 -1.666366
-0.397705 0.077393 -0.852905 -0.773255 0.150474 -1.658297
-0.408325 0.034302 -0.831543 -0.793903 0.066693 -1.616762
-0.408325 -0.003662 -0.783447 -0.793903 -0.007120 -1.523250
-0.396240 0.002075 -0.718262 -0.770407 0.004035 -1.396510
-0.375977 0.031494 -0.638550 -0.731008 0.061234 -1.241527
-0.355713 0.066040 -0.552979 -0.691610 0.128401 -1.075151
-0.338501 0.098999 -0.463379 -0.658145 0.192483 -0.900944
-0.320190 0.135864 -0.375977 -0.622544 0.264160 -0.731008
-0.299805 0.182739 -0.297363 -0.582908 0.355298 -0.578161
-0.278564 0.252686 -0.233154 -0.541611 0.491294 -0.453320
-0.252319 0.302856 -0.187012 -0.490582 0.588841 -0.363605
-0.216553 0.271851 -0.151489 -0.421042 0.528557 -0.294539
-0.171265 0.204956 -0.114624 -0.332988 0.398494 -0.222863
-0.125610 0.109497 -0.069824 -0.244223 0.212894 -0.135759
-0.091919 0.034790 -0.026978 -0.178717 0.067642 -0.052452
-0.078613 0.040649 -0.001587 -0.152847 0.079034 -0.003085
-0.086304 0.082397 -0.000732 -0.167800 0.160205 -0.001424
-0.105103 0.116943 -0.015625 -0.204350 0.227372 -0.030380
-0.125854 0.148315 -0.032349 -0.244698 0.288368 -0.062895
-0.140869 0.166992 -0.034790 -0.273891 0.324682 -0.067642
-0.150513 0.204590 -0.022949 -0.292641 0.397782 -0.044620
-0.160645 0.285645 -0.002319 -0.312340 0.555376 -0.004509
-0.178833 0.359253 0.015747 -0.347704 0.698492 0.030617
-0.207153 0.384033 0.026123 -0.402766 0.746673 0.050791
-0.230347 0.373657 0.033569 -0.447861 0.726499 0.065269
