0.552490 -0.467651 -0.019775 1.074202 -0.909251 -0.038449
0.594727 -0.347656 0.151123 1.156322 -0.675945 0.293827
0.645752 -0.216919 0.326538 1.255530 -0.421754 0.634885
0.698975 -0.041138 0.477661 1.359010 -0.079984 0.928713
0.735229 0.128784 0.624390 1.429501 0.250394 1.213996
0.739136 0.279297 0.763550 1.437095 0.543035 1.484563
0.697998 0.172729 0.877930 1.357112 0.335836 1.706951
0.652344 0.047729 0.931030 1.268346 0.092800 1.810194
0.611328 -0.004150 0.932495 1.188600 -0.008070 1.813042
0.568604 -0.025269 0.914063 1.105531 -0.049129 1.777204
0.526123 -0.074585 0.904419 1.022937 -0.145015 1.758454
0.496948 -0.167847 0.920166 0.966212 -0.326343 1.789071
0.482666 -0.278198 0.963623 0.938443 -0.540899 1.873564
0.464966 -0.347290 1.028687 0.904029 -0.675233 2.000067
0.426880 -0.371948 1.104736 0.829979 -0.723176 2.147930
0.358521 -0.306641 1.184692 0.697068 -0.596199 2.303387
0.271851 -0.223633 1.267822 0.528557 -0.434807 2.465016
0.179688 -0.132324 1.352051 0.349365 -0.257277 2.628781
0.078735 -0.028931 1.424683 0.153084 -0.056250 2.769999
-0.056396 0.063354 1.462646 -0.109651 0.123180 2.843811
-0.237671 0.131714 1.448242 -0.462102 0.256090 2.815805
-0.445313 0.177734 1.380493 -0.865817 0.345567 2.684081
-0.647217 0.205933 1.280762 -1.258378 0.400393 2.490174
-0.824951 0.221558 1.171997 -1.603946 0.430773 2.278704
-0.978760 0.221680 1.073120 -1.902994 0.431010 2.086458
-1.112915 0.209351 0.988770 -2.163831 0.407039 1.922456
-1.230591 0.191772 0.922363 -2.392627 0.372862 1.793343
-1.332764 0.156494 0.872070 -2.591281 0.304270 1.695559
-1.419434 0.154053 0.825806 -2.759793 0.299523 1.605607
-1.495605 0.187012 0.764404 -2.907893 0.363605 1.486225
-1.563110 0.244873 0.673950 -3.039142 0.476105 1.310356
-1.616699 0.324951 0.555542 -3.143335 0.631800 1.080136
-1.648193 0.392456 0.406860 -3.204569 0.763049 0.791055
-1.649048 0.456665 0.227661 -3.206230 0.887890 0.442640
-1.617188 0.520386 0.021729 -3.144284 1.011782 0.042247
-1.553711 0.575195 -0.201172 -3.020867 1.118347 -0.391137
-1.463745 0.608765 -0.429199 -2.845947 1.183616 -0.834488
-1.354980 0.617065 -0.650513 -2.634477 1.199755 -1.264786
-1.235229 0.607422 -0.854004 -2.401646 1.181005 -1.660433
-1.108276 0.598145 -1.038330 -2.154812 1.162967 -2.018816
-0.978027 0.599609 -1.196777 -1.901570 1.165815 -2.326884
-0.846802 0.567993 -1.320068 -1.646430 1.104344 -2.566598
-0.714722 0.498535 -1.408203 -1.389627 0.969298 -2.737957
-0.584106 0.441528 -1.469849 -1.135673 0.858460 -2.857814
-0.463257 0.422729 -1.515137 -0.900706 0.821909 -2.945868
-0.360474 0.414429 -1.552246 -0.700866 0.805770 -3.018019
-0.279419 0.410645 -1.584106 -0.543272 0.798413 -3.079965
-0.209717 0.414551 -1.604980 -0.407751 0.806008 -3.120550
-0.139160 0.422363 -1.606689 -0.270568 0.821197 -3.123873
-0.061279 0.425171 -1.585571 -0.119145 0.826656 -3.082813
0.027954 0.409302 -1.544556 0.054351 0.795802 -3.003067
0.119873 0.391479 -1.492310 0.233068 0.761150 -2.901485
0.202148 0.361328 -1.432129 0.393036 0.702527 -2.784476
0.268066 0.343384 -1.365234 0.521199 0.667638 -2.654414
0.322510 0.349976 -1.286377 0.627053 0.680455 -2.501092
0.376099 0.374268 -1.197388 0.731245 0.727685 -2.328071
0.432373 0.406616 -1.100220 0.840659 0.790581 -2.139148
0.488892 0.418701 -0.998291 0.950548 0.814077 -1.940969
0.546143 0.414917 -0.895020 1.061860 0.806720 -1.740179
0.607056 0.423950 -0.798828 1.180293 0.824283 -1.553155
0.670654 0.422729 -0.711914 1.303948 0.821909 -1.384169
0.731201 0.400513 -0.628784 1.421668 0.778713 -1.222540
0.782104 0.369141 -0.551270 1.520639 0.717717 -1.071829
0.814453 0.328125 -0.477661 1.583534 0.637971 -0.928713
0.822754 0.266968 -0.404297 1.599674 0.519063 -0.786071
0.811890 0.192993 -0.323975 1.578550 0.375235 -0.629901
0.793335 0.099609 -0.227539 1.542475 0.193670 -0.442402
0.784058 -0.005371 -0.109253 1.524437 -0.010443 -0.212420
0.799316 -0.073486 0.025635 1.554104 -0.142879 0.049841
0.839233 -0.098145 0.163696 1.631714 -0.190822 0.318273
0.883789 -0.112061 0.293091 1.718344 -0.217878 0.569854
0.913696 -0.111816 0.404663 1.776492 -0.217404 0.786783
0.912598 -0.096558 0.492188 1.774356 -0.187736 0.956956
0.871338 -0.076172 0.559448 1.694135 -0.148100 1.087731
0.797119 -0.078491 0.616211 1.549832 -0.152610 1.198094
0.713379 -0.119995 0.677002 1.387017 -0.233305 1.316289
0.643555 -0.176025 0.746704 1.251258 -0.342245 1.451810
0.598022 -0.243652 0.821289 1.162730 -0.473731 1.596825
0.576660 -0.325562 0.894287 1.121196 -0.632987 1.738755
0.586792 -0.412598 0.965210 1.140895 -0.802210 1.876650
0.640259 -0.480591 1.035645 1.244850 -0.934409 2.013595
0.726318 -0.532593 1.099731 1.412175 -1.035516 2.138199
0.810669 -0.540039 1.148682 1.576177 -1.049993 2.233372
0.864380 -0.501831 1.172241 1.680607 -0.975706 2.279179
0.854370 -0.412476 1.167847 1.661145 -0.801973 2.270634
0.760376 -0.303711 1.139282 1.478393 -0.590503 2.215097
0.583496 -0.206421 1.104370 1.134487 -0.401342 2.147218
0.363892 -0.146240 1.090942 0.707511 -0.284334 2.121110
0.155518 -0.131836 1.121094 0.302372 -0.256328 2.179733
-0.001221 -0.146729 1.189575 -0.002373 -0.285283 2.312881
-0.099976 -0.144653 1.258789 -0.194382 -0.281248 2.447453
-0.166504 -0.163818 1.290527 -0.323732 -0.318511 2.509161
-0.226318 -0.217285 1.271118 -0.440029 -0.422466 2.471424
-0.281616 -0.281372 1.211426 -0.547544 -0.547069 2.355365
-0.320190 -0.331299 1.137817 -0.622544 -0.644142 2.212249
-0.339478 -0.317627 1.062988 -0.660043 -0.617559 2.066759
-0.345825 -0.244263 0.995239 -0.672385 -0.474918 1.935035
-0.349731 -0.141479 0.941650 -0.679980 -0.275077 1.830843
-0.354004 -0.030518 0.900513 -0.688287 -0.059335 1.750859
-0.359131 0.065430 0.867554 -0.698255 0.127214 1.686777
-0.363159 0.110596 0.841675 -0.706087 0.215030 1.636461
-0.360718 0.127197 0.814087 -0.701341 0.247309 1.582822
-0.355469 0.127808 0.772827 -0.691135 0.248495 1.502601
-0.352783 0.094971 0.713989 -0.685913 0.184651 1.388203
-0.348999 0.054199 0.636841 -0.678556 0.105379 1.238204
-0.338257 0.032837 0.550049 -0.657670 0.063845 1.069455
-0.316040 0.006592 0.461792 -0.614474 0.012816 0.897858
-0.279907 -0.030029 0.376709 -0.544221 -0.058386 0.732432
-0.231567 -0.056641 0.301147 -0.450235 -0.110126 0.585518
-0.171265 -0.062988 0.239990 -0.332988 -0.122468 0.466611
-0.103271 -0.070068 0.192871 -0.200790 -0.136233 0.374998
-0.039551 -0.095825 0.160522 -0.076898 -0.186312 0.312102
0.007080 -0.113525 0.138672 0.013766 -0.220726 0.269619
0.030518 -0.100586 0.124878 0.059335 -0.195568 0.242799
0.033569 -0.058838 0.110107 0.065269 -0.114398 0.214081
0.023193 -0.004883 0.090332 0.045095 -0.009494 0.175632
0.011719 0.024048 0.065674 0.022785 0.046756 0.127689
0.007324 0.027466 0.034912 0.014240 0.053402 0.067879
0.011353 0.009766 -0.002563 0.022073 0.018987 -0.004984
0.020264 -0.001099 -0.045288 0.039398 -0.002136 -0.088053
0.025757 -0.015381 -0.085571 0.050079 -0.029905 -0.166376
0.029419 -0.050293 -0.120117 0.057199 -0.097784 -0.233543
0.028442 -0.043457 -0.149536 0.055300 -0.084493 -0.290742
0.021362 -0.040405 -0.173950 0.041535 -0.078560 -0.338210
0.011353 -0.051270 -0.195190 0.022073 -0.099683 -0.379507
0.001465 -0.061035 -0.209717 0.002848 -0.118670 -0.407751
-0.006226 -0.063965 -0.214966 -0.012104 -0.124366 -0.417956
-0.009277 -0.058594 -0.208008 -0.018038 -0.113923 -0.404428
-0.009644 -0.048706 -0.189453 -0.018750 -0.094699 -0.368352
-0.010254 -0.038086 -0.161377 -0.019937 -0.074050 -0.313764
-0.012329 -0.013916 -0.127319 -0.023971 -0.027057 -0.247546
-0.016235 0.018799 -0.091553 -0.031566 0.036550 -0.178005
-0.021851 0.043945 -0.055786 -0.042484 0.085443 -0.108465
-0.027344 0.057983 -0.023682 -0.053164 0.112737 -0.046044
-0.027588 0.074829 0.001221 -0.053639 0.145490 0.002373
-0.019897 0.089111 0.016602 -0.038686 0.173258 0.032278
-0.007690 0.090820 0.021484 -0.014952 0.176581 0.041772
0.004272 0.086914 0.015259 0.008307 0.168986 0.029668
0.014404 0.087280 0.001587 0.028006 0.169698 0.003085
0.021973 0.084351 -0.014404 0.042721 0.164002 -0.028006
0.027954 0.074707 -0.029053 0.054351 0.145252 -0.056487
0.031128 0.050903 -0.035645 0.060522 0.098971 -0.069303
0.030762 0.025146 -0.031860 0.059810 0.048892 -0.061946
0.026367 0.020752 -0.020508 0.051266 0.040348 -0.039873
0.018066 0.026978 -0.004028 0.035126 0.052452 -0.007832
0.009277 0.039673 0.013062 0.018038 0.077136 0.025395
0.004761 0.050659 0.028564 0.009256 0.098496 0.055538
0.006714 0.041504 0.039185 0.013054 0.080696 0.076186
0.014404 0.031616 0.043945 0.028006 0.061471 0.085443
0.025513 0.020874 0.042480 0.049604 0.040585 0.082594
