0.630127 -0.219604 0.340454 1.225151 -0.426975 0.661942
0.718384 -0.176758 0.494873 1.396748 -0.343669 0.962178
0.821045 -0.163818 0.646606 1.596351 -0.318511 1.257192
0.919678 -0.095703 0.766235 1.788122 -0.186075 1.489785
0.999390 -0.087891 0.869629 1.943105 -0.170885 1.690812
1.048828 -0.079956 0.947388 2.039228 -0.155458 1.841998
1.064697 -0.091553 1.006226 2.070082 -0.178005 1.956396
1.054443 -0.220215 1.037354 2.050145 -0.428162 2.016918
1.022095 -0.307617 1.020996 1.987250 -0.598098 1.985114
0.945557 -0.330322 0.973755 1.838438 -0.642243 1.893263
0.833252 -0.325195 0.930786 1.620085 -0.632275 1.809720
0.710083 -0.310425 0.911865 1.380608 -0.603556 1.772932
0.590088 -0.312988 0.918213 1.147303 -0.608540 1.785274
0.482300 -0.334351 0.940063 0.937731 -0.650075 1.827757
0.386475 -0.340942 0.968750 0.751419 -0.662891 1.883533
0.304932 -0.331787 1.001953 0.592876 -0.645091 1.948089
0.226440 -0.299438 1.037842 0.440266 -0.582196 2.017867
0.150513 -0.251709 1.082031 0.292641 -0.489396 2.103784
0.069824 -0.161865 1.119507 0.135759 -0.314713 2.176648
-0.028564 -0.073486 1.141846 -0.055538 -0.142879 2.220081
-0.144531 0.000122 1.142700 -0.281011 0.000237 2.221742
-0.268677 0.073486 1.116211 -0.522386 0.142879 2.170239
-0.392456 0.122681 1.062012 -0.763049 0.238527 2.064861
-0.512085 0.120728 0.985596 -0.995642 0.234730 1.916286
-0.628540 0.087891 0.896118 -1.222065 0.170885 1.742315
-0.742432 0.018921 0.804565 -1.443504 0.036788 1.564310
-0.850098 -0.042847 0.725342 -1.652838 -0.083306 1.410276
-0.951172 -0.028076 0.660278 -1.849355 -0.054588 1.283774
-1.043945 0.052612 0.600342 -2.029734 0.102294 1.167240
-1.130981 0.148926 0.531128 -2.198958 0.289555 1.032668
-1.212646 0.228760 0.449341 -2.357738 0.444776 0.873650
-1.282349 0.257202 0.357544 -2.493260 0.500076 0.695170
-1.336182 0.289795 0.259888 -2.597927 0.563446 0.505297
-1.382690 0.343140 0.162109 -2.688353 0.667164 0.315188
-1.430298 0.373901 0.066162 -2.780916 0.726973 0.128638
-1.461914 0.388062 -0.031616 -2.842387 0.754505 -0.061471
-1.465088 0.468628 -0.142212 -2.848558 0.911149 -0.276501
-1.447144 0.545166 -0.268188 -2.813669 1.059962 -0.521437
-1.411255 0.593872 -0.411011 -2.743891 1.154660 -0.799125
-1.351196 0.666260 -0.569580 -2.627120 1.295403 -1.107430
-1.259888 0.697021 -0.736328 -2.449589 1.355213 -1.431637
-1.142456 0.653320 -0.904663 -2.221268 1.270245 -1.758929
-1.013794 0.556030 -1.058228 -1.971111 1.081085 -2.057503
-0.888672 0.458984 -1.185059 -1.727837 0.892399 -2.304100
-0.772339 0.400879 -1.276489 -1.501652 0.779426 -2.481867
-0.654907 0.390747 -1.328735 -1.273331 0.759726 -2.583449
-0.531616 0.397339 -1.342285 -1.033617 0.772543 -2.609794
-0.406738 0.406128 -1.324219 -0.790818 0.789631 -2.574667
-0.286621 0.396851 -1.292725 -0.557275 0.771593 -2.513434
-0.173584 0.370483 -1.261719 -0.337498 0.720328 -2.453149
-0.070190 0.346313 -1.240112 -0.136471 0.673334 -2.411140
0.022461 0.350464 -1.220947 0.043671 0.681404 -2.373878
0.107178 0.347656 -1.197388 0.208385 0.675945 -2.328071
0.185425 0.331177 -1.165649 0.360520 0.643904 -2.266362
0.255249 0.345215 -1.132080 0.496279 0.671198 -2.201094
0.317749 0.352783 -1.101563 0.617797 0.685913 -2.141759
0.372559 0.340942 -1.070190 0.724363 0.662891 -2.080762
0.418945 0.328613 -1.027710 0.814552 0.638920 -1.998168
0.458252 0.306396 -0.968994 0.890975 0.595724 -1.884007
0.493408 0.254272 -0.889526 0.959329 0.494380 -1.729499
0.524902 0.193237 -0.784912 1.020563 0.375710 -1.526098
0.551758 0.155884 -0.671631 1.072778 0.303084 -1.305846
0.567871 0.153564 -0.559814 1.104107 0.298574 -1.088443
0.571777 0.159912 -0.455200 1.111702 0.310916 -0.885042
0.568726 0.167358 -0.358765 1.105768 0.325394 -0.697543
0.567871 0.154907 -0.273071 1.104107 0.301185 -0.530930
0.574463 0.096924 -0.196655 1.116923 0.188448 -0.382355
0.588501 0.017456 -0.125122 1.144217 0.033940 -0.243274
0.610718 -0.079102 -0.049561 1.187413 -0.153797 -0.096360
0.638672 -0.162109 0.040161 1.241764 -0.315188 0.078085
0.679443 -0.223755 0.141357 1.321036 -0.435045 0.274840
0.736694 -0.284668 0.246826 1.432349 -0.553478 0.479902
0.800537 -0.342651 0.348022 1.556478 -0.666214 0.676657
0.857300 -0.380615 0.440674 1.666841 -0.740027 0.856798
0.896362 -0.411011 0.522705 1.742790 -0.799125 1.016291
0.905640 -0.476440 0.589355 1.760828 -0.926339 1.145879
0.873535 -0.518921 0.641602 1.698407 -1.008934 1.247460
0.800537 -0.544800 0.695801 1.556478 -1.059250 1.352840
0.705322 -0.537720 0.768311 1.371352 -1.045484 1.493820
0.611572 -0.494141 0.869019 1.189075 -0.960754 1.689626
0.531616 -0.470337 0.988525 1.033617 -0.914472 1.921982
0.469360 -0.460815 1.111450 0.912573 -0.895960 2.160983
0.433594 -0.473022 1.241943 0.843033 -0.919694 2.414700
0.428467 -0.471802 1.383423 0.833064 -0.917320 2.689777
0.439819 -0.410278 1.515991 0.855137 -0.797701 2.947529
0.437744 -0.295898 1.608154 0.851102 -0.575313 3.126721
0.406372 -0.209229 1.632935 0.790106 -0.406801 3.174901
0.361572 -0.176880 1.595459 0.703002 -0.343906 3.102037
0.324585 -0.192627 1.527466 0.631088 -0.374523 2.969839
0.302856 -0.210083 1.455566 0.588841 -0.408463 2.830045
0.283813 -0.221558 1.384644 0.551816 -0.430773 2.692151
0.246216 -0.197754 1.294678 0.478715 -0.384491 2.517231
0.177734 -0.114624 1.164917 0.345567 -0.222863 2.264938
0.083130 -0.027832 1.005981 0.161629 -0.054114 1.955921
-0.020264 0.050415 0.854614 -0.039398 0.098022 1.661619
-0.112671 0.088379 0.750854 -0.219065 0.171834 1.459880
-0.178955 0.086792 0.710083 -0.347941 0.168749 1.380608
-0.216919 0.094116 0.726929 -0.421754 0.182989 1.413361
-0.218018 0.090576 0.772705 -0.423890 0.176106 1.502364
-0.185425 0.191162 0.803101 -0.360520 0.371675 1.561462
-0.165894 0.364746 0.809326 -0.322545 0.709173 1.573566
-0.161865 0.301880 0.774658 -0.314713 0.586943 1.506161
-0.149170 0.261475 0.684814 -0.290030 0.508383 1.331479
-0.128174 0.221436 0.566650 -0.249207 0.430535 1.101734
-0.118774 0.130859 0.460693 -0.230932 0.254429 0.895722
-0.116333 0.088867 0.376343 -0.226185 0.172784 0.731720
-0.109497 0.069336 0.305298 -0.212894 0.134809 0.593588
-0.100464 0.046265 0.247925 -0.195331 0.089952 0.482038
-0.088135 0.026611 0.207275 -0.171360 0.051740 0.403004
-0.071777 0.010742 0.181030 -0.139556 0.020886 0.351976
-0.051147 -0.000244 0.162109 -0.099446 -0.000475 0.315188
-0.027344 0.012939 0.144165 -0.053164 0.025158 0.280299
-0.005127 0.034546 0.121704 -0.009968 0.067167 0.236628
0.008789 0.056396 0.089844 0.017089 0.109651 0.174682
0.008789 0.066040 0.051392 0.017089 0.128401 0.099920
-0.004395 0.058960 0.013184 -0.008544 0.114635 0.025633
-0.024658 0.065063 -0.020874 -0.047943 0.126502 -0.040585
-0.041260 0.035400 -0.049072 -0.080221 0.068829 -0.095411
-0.045166 -0.014404 -0.076172 -0.087816 -0.028006 -0.148100
-0.035889 -0.047485 -0.108154 -0.069778 -0.092325 -0.210283
-0.022949 -0.071777 -0.143066 -0.044620 -0.139556 -0.278163
-0.014038 -0.084351 -0.176025 -0.027294 -0.164002 -0.342245
-0.008545 -0.070313 -0.203247 -0.016614 -0.136708 -0.395172
-0.000488 -0.040649 -0.222778 -0.000949 -0.079034 -0.433146
0.011230 -0.018066 -0.231201 0.021835 -0.035126 -0.449522
0.024170 -0.002197 -0.228271 0.046993 -0.004272 -0.443826
0.036865 0.012939 -0.216797 0.071677 0.025158 -0.421516
0.046631 0.019043 -0.200684 0.090664 0.037025 -0.390187
0.051880 0.016113 -0.185425 0.100870 0.031329 -0.360520
0.053589 0.008789 -0.174438 0.104192 0.017089 -0.339159
0.052002 -0.006958 -0.169922 0.101107 -0.013528 -0.330378
0.050049 -0.030884 -0.171753 0.097310 -0.060047 -0.333938
0.049927 -0.057129 -0.178345 0.097072 -0.111075 -0.346754
0.054688 -0.083130 -0.183228 0.106328 -0.161629 -0.356248
0.063721 -0.104248 -0.179810 0.123892 -0.202689 -0.349602
0.075562 -0.112427 -0.166016 0.146914 -0.218590 -0.322783
0.088745 -0.088257 -0.144287 0.172546 -0.171597 -0.280536
0.102051 -0.057739 -0.115723 0.198416 -0.112262 -0.224999
0.113770 -0.022583 -0.082520 0.221201 -0.043908 -0.160442
0.119385 0.018677 -0.052002 0.232119 0.036313 -0.101107
0.114624 0.033081 -0.030640 0.222863 0.064319 -0.059572
0.102539 0.020508 -0.021851 0.199366 0.039873 -0.042484
0.088379 0.004150 -0.022217 0.171834 0.008070 -0.043196
0.075928 -0.011963 -0.027344 0.147626 -0.023259 -0.053164
0.065308 -0.022705 -0.031494 0.126977 -0.044145 -0.061234
0.057373 -0.030029 -0.027100 0.111550 -0.058386 -0.052690
0.054565 -0.032349 -0.014038 0.106091 -0.062895 -0.027294
0.056274 -0.023560 0.003418 0.109414 -0.045807 0.006646
0.056519 -0.010864 0.018799 0.109889 -0.021123 0.036550
0.050537 0.000610 0.030518 0.098259 0.001187 0.059335
