-0.202148 -0.201782 0.255615 -0.393036 -0.392323 0.496991
-0.182983 -0.248169 0.366333 -0.355773 -0.482513 0.712258
-0.156006 -0.267456 0.492432 -0.303321 -0.520013 0.957431
-0.109253 -0.261230 0.616577 -0.212420 -0.507908 1.198806
-0.050049 -0.303345 0.742676 -0.097310 -0.589791 1.443978
0.017456 -0.399292 0.854980 0.033940 -0.776340 1.662331
0.073242 -0.485107 0.939697 0.142404 -0.943190 1.827046
0.116211 -0.523926 1.002808 0.225948 -1.018664 1.949750
0.141113 -0.520386 1.044556 0.274365 -1.011782 2.030921
0.147949 -0.521118 1.062988 0.287656 -1.013206 2.066759
0.136230 -0.544800 1.071289 0.264872 -1.059250 2.082898
0.107300 -0.569946 1.086426 0.208622 -1.108142 2.112329
0.072998 -0.563110 1.117676 0.141929 -1.094851 2.173088
0.043091 -0.526611 1.170410 0.083781 -1.023886 2.275619
0.017944 -0.461060 1.238770 0.034889 -0.896434 2.408529
-0.002075 -0.390137 1.315430 -0.004035 -0.758540 2.557579
-0.020386 -0.329834 1.395020 -0.039636 -0.641293 2.712325
-0.039551 -0.258423 1.459229 -0.076898 -0.502449 2.837166
-0.068237 -0.180664 1.489868 -0.132673 -0.351264 2.896738
-0.107666 -0.112915 1.475952 -0.209334 -0.219540 2.869681
-0.150757 -0.073608 1.413940 -0.293115 -0.143116 2.749113
-0.190674 -0.036011 1.313843 -0.370726 -0.070015 2.554493
-0.222412 0.006836 1.189331 -0.432434 0.013291 2.312406
-0.245361 0.030762 1.047852 -0.477054 0.059810 2.037329
-0.256104 -0.062378 0.893311 -0.497940 -0.121281 1.736856
-0.256470 -0.146484 0.723022 -0.498652 -0.284808 1.405766
-0.249756 -0.182983 0.551147 -0.485598 -0.355773 1.071591
-0.234863 -0.188232 0.388306 -0.456643 -0.365979 0.754979
-0.205078 -0.126343 0.229614 -0.398732 -0.245647 0.446437
-0.164917 -0.008423 0.071411 -0.320647 -0.016376 0.138844
-0.120728 0.062744 -0.084229 -0.234730 0.121993 -0.163765
-0.077026 0.094360 -0.229492 -0.149762 0.183464 -0.446200
-0.047974 0.128540 -0.360229 -0.093275 0.249919 -0.700391
-0.047119 0.166992 -0.477295 -0.091613 0.324682 -0.928001
-0.071167 0.201172 -0.587402 -0.138369 0.391137 -1.142081
-0.114258 0.232178 -0.691772 -0.222151 0.451421 -1.345007
-0.164917 0.233032 -0.784790 -0.320647 0.453083 -1.525861
-0.209229 0.142700 -0.872803 -0.406801 0.277451 -1.696983
-0.241577 0.060791 -0.960327 -0.469696 0.118195 -1.867156
-0.265015 0.025146 -1.045410 -0.515266 0.048892 -2.032582
-0.289551 0.041870 -1.123169 -0.562971 0.081408 -2.183768
-0.315552 0.069702 -1.189453 -0.613525 0.135521 -2.312644
-0.343994 0.089722 -1.237549 -0.668825 0.174445 -2.406156
-0.370728 0.081055 -1.269287 -0.720802 0.157594 -2.467864
-0.387329 0.085205 -1.287964 -0.753081 0.165664 -2.504177
-0.391479 0.101196 -1.296753 -0.761150 0.196755 -2.521266
-0.383667 0.133911 -1.296021 -0.745961 0.260362 -2.519842
-0.369629 0.163330 -1.282471 -0.718666 0.317561 -2.493497
-0.356934 0.159180 -1.257202 -0.693983 0.309492 -2.444368
-0.348145 0.158325 -1.223022 -0.676894 0.307830 -2.377912
-0.343018 0.162598 -1.179810 -0.666926 0.316137 -2.293894
-0.339966 0.146484 -1.127441 -0.660993 0.284808 -2.192075
-0.335815 0.107300 -1.064453 -0.652923 0.208622 -2.069607
-0.327271 0.052368 -0.990479 -0.636309 0.101819 -1.925779
-0.311768 -0.016724 -0.905884 -0.606167 -0.032516 -1.761302
-0.289063 -0.068970 -0.812378 -0.562022 -0.134097 -1.579500
-0.261108 -0.099731 -0.703735 -0.507671 -0.193907 -1.368267
-0.232422 -0.110962 -0.587769 -0.451896 -0.215742 -1.142793
-0.207886 -0.088989 -0.473999 -0.404191 -0.173021 -0.921592
-0.191650 -0.079590 -0.370483 -0.372624 -0.154746 -0.720328
-0.184937 -0.058594 -0.281738 -0.359571 -0.113923 -0.547781
-0.183472 -0.000366 -0.205688 -0.356722 -0.000712 -0.399918
-0.190552 0.042480 -0.132202 -0.370488 0.082594 -0.257040
-0.208008 0.044678 -0.052856 -0.404428 0.086867 -0.102768
-0.229248 0.020508 0.035767 -0.445725 0.039873 0.069541
-0.243408 -0.013062 0.132568 -0.473257 -0.025395 0.257752
-0.244995 -0.046997 0.236816 -0.476342 -0.091376 0.460440
-0.234009 -0.080688 0.347656 -0.454981 -0.156882 0.675945
-0.210693 -0.132813 0.463135 -0.409649 -0.258226 0.900469
-0.176392 -0.189819 0.580444 -0.342957 -0.369064 1.128553
-0.134277 -0.237061 0.694580 -0.261074 -0.460915 1.350466
-0.094238 -0.268677 0.802979 -0.183227 -0.522386 1.561224
-0.065308 -0.277466 0.910278 -0.126977 -0.539474 1.769847
-0.050049 -0.263428 1.018311 -0.097310 -0.512180 1.979893
-0.047241 -0.214233 1.120972 -0.091851 -0.416532 2.179496
-0.055054 -0.124023 1.211670 -0.107040 -0.241138 2.355840
-0.067017 -0.040405 1.288208 -0.130300 -0.078560 2.504652
-0.075317 -0.002563 1.352051 -0.146439 -0.004984 2.628781
-0.076538 -0.004028 1.400879 -0.148812 -0.007832 2.723717
-0.076538 -0.028564 1.429688 -0.148812 -0.055538 2.779729
-0.088501 -0.041748 1.437256 -0.172072 -0.081170 2.794445
-0.114502 -0.011108 1.431396 -0.222625 -0.021598 2.783052
-0.150757 0.025269 1.427612 -0.293115 0.049129 2.775695
-0.189209 0.003540 1.431885 -0.367877 0.006883 2.784002
-0.220703 -0.021973 1.428955 -0.429111 -0.042721 2.778305
-0.249146 0.027954 1.404297 -0.484412 0.054351 2.730363
-0.284668 0.064087 1.351318 -0.553478 0.124604 2.627357
-0.329102 0.049438 1.263428 -0.639869 0.096123 2.456472
-0.382324 0.138306 1.137817 -0.743350 0.268907 2.212249
-0.442383 0.287109 0.990479 -0.860121 0.558224 1.925779
-0.498535 0.399292 0.837036 -0.969298 0.776340 1.627442
-0.536011 0.431396 0.680786 -1.042161 0.838761 1.323647
-0.536499 0.343384 0.532593 -1.043111 0.667638 1.035516
-0.494263 0.168579 0.399292 -0.960991 0.327767 0.776340
-0.418579 0.000610 0.284546 -0.813840 0.001187 0.553240
-0.328003 -0.091309 0.184448 -0.637733 -0.177531 0.358621
-0.248901 -0.109131 0.088745 -0.483937 -0.212182 0.172546
-0.200439 -0.041870 -0.011841 -0.389713 -0.081408 -0.023022
-0.185181 0.100830 -0.120972 -0.360045 0.196043 -0.235204
-0.195923 0.246704 -0.234497 -0.380931 0.479665 -0.455931
-0.215454 0.330078 -0.348999 -0.418906 0.641768 -0.678556
-0.234131 0.357910 -0.460815 -0.455219 0.695882 -0.895960
-0.249634 0.339600 -0.560303 -0.485361 0.660281 -1.089392
-0.264282 0.342896 -0.644653 -0.513842 0.666689 -1.253394
-0.279907 0.338257 -0.709473 -0.544221 0.657670 -1.379422
-0.292725 0.275391 -0.766113 -0.569142 0.535440 -1.489548
-0.298096 0.224731 -0.823242 -0.579585 0.436943 -1.600623
-0.307495 0.191284 -0.883911 -0.597860 0.371912 -1.718581
-0.313965 0.172241 -0.934570 -0.610439 0.334887 -1.817077
-0.315552 0.150757 -0.965698 -0.613525 0.293115 -1.877599
-0.314575 0.172974 -0.984741 -0.611626 0.336311 -1.914624
-0.325562 0.283081 -0.993652 -0.632987 0.550392 -1.931950
-0.349731 0.296997 -0.987671 -0.679980 0.577449 -1.920320
-0.382446 0.275879 -0.970581 -0.743587 0.536389 -1.887093
-0.408203 0.301758 -0.956787 -0.793666 0.586705 -1.860273
-0.424072 0.334839 -0.939697 -0.824520 0.651024 -1.827046
-0.425781 0.319946 -0.915283 -0.827843 0.622069 -1.779577
-0.409302 0.297241 -0.890137 -0.795802 0.577924 -1.730685
-0.376953 0.278931 -0.872681 -0.732907 0.542323 -1.696746
-0.340088 0.223145 -0.860352 -0.661230 0.433858 -1.672774
-0.309937 0.145020 -0.840820 -0.602607 0.281960 -1.634800
-0.295288 0.093628 -0.811768 -0.574126 0.182040 -1.578313
-0.303711 0.112793 -0.771606 -0.590503 0.219302 -1.500228
-0.332275 0.190430 -0.716431 -0.646040 0.370251 -1.392950
-0.361694 0.315918 -0.656616 -0.703239 0.614237 -1.276653
-0.377930 0.467407 -0.596558 -0.734806 0.908776 -1.159882
-0.372070 0.561890 -0.539551 -0.723413 1.092477 -1.049044
-0.341797 0.552612 -0.488525 -0.664553 1.074440 -0.949836
-0.302734 0.475952 -0.441528 -0.588604 0.925390 -0.858460
-0.266479 0.324463 -0.390259 -0.518114 0.630850 -0.758777
-0.237305 0.202148 -0.334717 -0.461390 0.393036 -0.650787
-0.220093 0.138306 -0.271362 -0.427925 0.268907 -0.527607
-0.217163 0.135498 -0.205566 -0.422228 0.263448 -0.399681
-0.220337 0.199341 -0.154419 -0.428399 0.387577 -0.300235
-0.225220 0.298462 -0.127808 -0.437893 0.580297 -0.248495
-0.230835 0.377563 -0.124878 -0.448810 0.734093 -0.242799
-0.234131 0.431396 -0.137573 -0.455219 0.838761 -0.267482
-0.227539 0.454468 -0.150269 -0.442402 0.883618 -0.292166
-0.207886 0.428467 -0.146973 -0.404191 0.833064 -0.285758
-0.181396 0.370972 -0.120239 -0.352688 0.721277 -0.233780
-0.155151 0.315674 -0.081055 -0.301659 0.613762 -0.157594
-0.134888 0.284180 -0.047485 -0.262261 0.552528 -0.092325
-0.123413 0.264771 -0.027588 -0.239951 0.514791 -0.053639
-0.117676 0.253662 -0.018311 -0.228796 0.493193 -0.035601
-0.116333 0.244385 -0.009766 -0.226185 0.475155 -0.018987
-0.121582 0.242798 0.000854 -0.236391 0.472070 0.001661
-0.131714 0.248047 0.010986 -0.256090 0.482275 0.021361
-0.140625 0.275146 0.013916 -0.273416 0.534965 0.027057
-0.144409 0.306274 0.008667 -0.280774 0.595487 0.016851
-0.130493 0.286865 -0.005737 -0.253717 0.557750 -0.011155
