0.280151 0.025146 -0.010132 0.544696 0.048892 -0.019699
0.341187 0.056519 0.099243 0.663366 0.109889 0.192958
0.403320 0.130615 0.200928 0.784172 0.253954 0.390662
0.470459 0.141846 0.299927 0.914709 0.275789 0.583145
0.539795 0.096558 0.387817 1.049519 0.187736 0.754030
0.613159 0.037598 0.465576 1.192160 0.073101 0.905216
0.683350 -0.044067 0.531494 1.328631 -0.085680 1.033380
0.731812 -0.118652 0.583984 1.422855 -0.230695 1.135436
0.737915 -0.121216 0.624878 1.434722 -0.235679 1.214945
0.700806 -0.222290 0.653320 1.362571 -0.432197 1.270245
0.639526 -0.374146 0.667603 1.243426 -0.727448 1.298014
0.574219 -0.492065 0.693726 1.116449 -0.956719 1.348805
0.515503 -0.560913 0.753418 1.002288 -1.090579 1.464864
0.473877 -0.602173 0.854126 0.921355 -1.170800 1.660670
0.456055 -0.601563 0.989258 0.886703 -1.169613 1.923406
0.456787 -0.535767 1.129639 0.888127 -1.041687 2.196347
0.451416 -0.436523 1.242920 0.877684 -0.848729 2.416599
0.419556 -0.347534 1.310913 0.815739 -0.675708 2.548797
0.354004 -0.312134 1.343262 0.688287 -0.606879 2.611692
0.263794 -0.294189 1.365356 0.512892 -0.571990 2.654651
0.157227 -0.236572 1.389771 0.305694 -0.459965 2.702119
0.026123 -0.156250 1.403809 0.050791 -0.303796 2.729413
-0.133057 -0.099609 1.401001 -0.258701 -0.193670 2.723954
-0.304688 -0.032471 1.384521 -0.592401 -0.063133 2.691914
-0.467041 0.046631 1.356812 -0.908064 0.090664 2.638037
-0.610352 0.129150 1.308716 -1.186701 0.251106 2.544525
-0.740723 0.231079 1.221802 -1.440181 0.449285 2.375539
-0.864136 0.320801 1.090698 -1.680132 0.623730 2.120636
-0.973755 0.395874 0.927246 -1.893263 0.769695 1.802837
-1.068237 0.463867 0.746948 -2.076965 0.901893 1.452285
-1.154785 0.512695 0.562866 -2.245239 0.996829 1.094376
-1.216675 0.603271 0.136108 -2.365571 1.172936 0.264634
-1.304077 0.373291 0.121460 -2.535506 0.725787 0.236154
-1.341431 0.492676 -0.005371 -2.608132 0.957905 -0.010443
-1.395386 0.449585 -0.026978 -2.713037 0.874124 -0.052452
-1.464478 0.481323 -0.171387 -2.847371 0.935833 -0.333226
-1.525879 0.538574 -0.296387 -2.966753 1.047145 -0.576262
-1.566162 0.606201 -0.421753 -3.045076 1.178632 -0.820011
-1.600952 0.690063 -0.575195 -3.112718 1.341685 -1.118347
-1.626709 0.771484 -0.723022 -3.162797 1.499991 -1.405766
-1.646729 0.806885 -0.875732 -3.201720 1.568819 -1.702679
-1.629028 0.868530 -1.040283 -3.167306 1.688676 -2.022614
-1.534790 0.903809 -1.214233 -2.984079 1.757267 -2.360824
-1.351929 0.802856 -1.401001 -2.628544 1.560987 -2.723954
-1.085083 0.713135 -1.593750 -2.109718 1.386542 -3.098715
-0.769043 0.630005 -1.762207 -1.495244 1.224913 -3.426244
-0.445679 0.531982 -1.875000 -0.866529 1.034329 -3.645547
-0.157715 0.324341 -1.905029 -0.306644 0.630613 -3.703933
0.077026 0.171753 -1.869263 0.149762 0.333938 -3.634392
0.249023 0.128784 -1.786987 0.484174 0.250394 -3.474424
0.349854 0.101807 -1.678955 0.680217 0.197942 -3.264378
0.398682 0.137695 -1.560303 0.775153 0.267720 -3.033684
0.407227 0.162720 -1.427368 0.791767 0.316375 -2.775220
0.389160 0.180298 -1.298462 0.756641 0.350552 -2.524589
0.363770 0.194824 -1.199341 0.707274 0.378795 -2.331868
0.350220 0.217041 -1.144897 0.680929 0.421991 -2.226015
0.357178 0.235107 -1.115723 0.694458 0.457117 -2.169290
0.392456 0.221191 -1.086060 0.763049 0.430061 -2.111617
0.460938 0.232544 -1.047607 0.896197 0.452133 -2.036854
0.548096 0.278687 -0.999023 1.065658 0.541848 -1.942393
0.637695 0.280029 -0.937866 1.239866 0.544459 -1.823485
0.711914 0.222290 -0.863403 1.384169 0.432197 -1.678708
0.774902 0.184570 -0.780762 1.506636 0.358858 -1.518028
0.820801 0.168457 -0.670898 1.595876 0.327530 -1.304422
0.844360 0.183350 -0.529785 1.641683 0.356485 -1.030057
0.837524 0.196899 -0.374023 1.628392 0.382830 -0.727211
0.799805 0.193970 -0.227661 1.555054 0.377134 -0.442640
0.738159 0.201172 -0.104492 1.435197 0.391137 -0.203163
0.665894 0.214478 -0.006958 1.294691 0.417007 -0.013528
0.601929 0.150757 0.070435 1.170325 0.293115 0.136945
0.561890 0.000122 0.139404 1.092477 0.000237 0.271043
0.549927 -0.173096 0.220825 1.069218 -0.336549 0.429349
0.555420 -0.324463 0.321411 1.079898 -0.630850 0.624917
0.563721 -0.376831 0.426025 1.096037 -0.732669 0.828318
0.581177 -0.364868 0.526001 1.129977 -0.709410 1.022699
0.606567 -0.370728 0.621582 1.179344 -0.720802 1.208537
0.621094 -0.363770 0.702637 1.207587 -0.707274 1.366131
0.606079 -0.320435 0.771973 1.178395 -0.623018 1.500940
0.568726 -0.286255 0.845825 1.105768 -0.556563 1.644531
0.532593 -0.261108 0.929688 1.035516 -0.507671 1.807584
0.514038 -0.299072 1.032593 0.999440 -0.581484 2.007662
0.521729 -0.383301 1.154419 1.014392 -0.745248 2.244527
0.542969 -0.394653 1.270020 1.055690 -0.767321 2.469288
0.539063 -0.360229 1.341919 1.048095 -0.700391 2.609082
0.491089 -0.310669 1.343628 0.954820 -0.604031 2.612405
0.410156 -0.273193 1.275879 0.797463 -0.531168 2.480681
0.327881 -0.259888 1.169800 0.637496 -0.505297 2.274432
0.285522 -0.273438 1.077393 0.555139 -0.531642 2.094765
0.293335 -0.319214 1.034058 0.570329 -0.620645 2.010509
0.346558 -0.455078 1.055786 0.673809 -0.884805 2.052756
0.421631 -0.524414 1.110718 0.819773 -1.019614 2.159559
0.469604 -0.442383 1.143188 0.913048 -0.860121 2.222692
0.460938 -0.365723 1.133301 0.896197 -0.711071 2.203467
0.399292 -0.270386 1.088257 0.776340 -0.525709 2.115889
0.292969 -0.063354 1.025269 0.569617 -0.123180 1.993421
0.144287 0.163818 0.966187 0.280536 0.318511 1.878548
-0.042358 0.323608 0.931030 -0.082357 0.629189 1.810194
-0.215698 0.326538 0.927246 -0.419380 0.634885 1.802837
-0.327881 0.324097 0.923096 -0.637496 0.630138 1.794767
-0.381348 0.412231 0.890381 -0.741451 0.801498 1.731160
-0.392578 0.151733 0.845947 -0.763286 0.295014 1.644768
-0.357788 -0.163330 0.770874 -0.695644 -0.317561 1.498804
-0.278198 -0.176392 0.652466 -0.540899 -0.342957 1.268584
-0.219482 0.024902 0.536499 -0.426738 0.048417 1.043111
-0.184204 0.054443 0.470947 -0.358146 0.105854 0.915659
-0.146973 0.016968 0.438965 -0.285758 0.032990 0.853476
-0.096313 0.091309 0.407715 -0.187261 0.177531 0.792717
-0.054565 0.106934 0.377441 -0.106091 0.207910 0.733856
-0.019043 0.041016 0.345337 -0.037025 0.079746 0.671436
0.007568 -0.016968 0.305054 0.014715 -0.032990 0.593113
0.017212 -0.010132 0.245117 0.033465 -0.019699 0.476579
0.012817 0.027222 0.168701 0.024921 0.052927 0.328004
0.000366 0.059204 0.086914 0.000712 0.115110 0.168986
-0.017700 0.062500 0.014404 -0.034414 0.121518 0.028006
-0.040894 0.040161 -0.041016 -0.079509 0.078085 -0.079746
-0.063599 0.010010 -0.076538 -0.123654 0.019462 -0.148812
-0.083496 -0.033569 -0.093750 -0.162341 -0.065269 -0.182277
-0.094604 -0.071777 -0.095459 -0.183939 -0.139556 -0.185600
-0.089111 -0.130127 -0.082886 -0.173258 -0.253005 -0.161154
-0.062500 -0.216797 -0.062866 -0.121518 -0.421516 -0.122230
-0.017212 -0.281860 -0.045044 -0.033465 -0.548019 -0.087579
0.031860 -0.296875 -0.032227 0.061946 -0.577212 -0.062658
0.069214 -0.230713 -0.032593 0.134572 -0.448573 -0.063370
0.088623 -0.118164 -0.040405 0.172309 -0.229745 -0.078560
0.091919 -0.037476 -0.046875 0.178717 -0.072863 -0.091139
0.081665 0.035156 -0.046753 0.158781 0.068354 -0.090901
0.067383 0.100098 -0.041992 0.131012 0.194619 -0.081645
0.056030 0.123657 -0.040283 0.108939 0.240426 -0.078322
0.049194 0.097412 -0.047485 0.095648 0.189398 -0.092325
0.046265 0.051636 -0.068604 0.089952 0.100395 -0.133385
0.046509 0.010010 -0.104370 0.090427 0.019462 -0.202926
0.046631 -0.031860 -0.147705 0.090664 -0.061946 -0.287182
0.045532 -0.069092 -0.185913 0.088528 -0.134335 -0.361469
0.043213 -0.082764 -0.211060 0.084018 -0.160917 -0.410361
0.040894 -0.086548 -0.219727 0.079509 -0.168274 -0.427213
0.044922 -0.089478 -0.217407 0.087341 -0.173970 -0.422703
0.055664 -0.078125 -0.214233 0.108227 -0.151898 -0.416532
0.070190 -0.067871 -0.211426 0.136471 -0.131961 -0.411073
0.083252 -0.090332 -0.208984 0.161866 -0.175632 -0.406327
0.092896 -0.119141 -0.205688 0.180616 -0.231644 -0.399918
0.096802 -0.135254 -0.199219 0.188211 -0.262973 -0.387339
0.092896 -0.146484 -0.189453 0.180616 -0.284808 -0.368352
0.083130 -0.141235 -0.179565 0.161629 -0.274603 -0.349128
0.069824 -0.109985 -0.175171 0.135759 -0.213844 -0.340583
0.059082 -0.090820 -0.172485 0.114873 -0.176581 -0.335362
0.058228 -0.096680 -0.170532 0.113211 -0.187973 -0.331564
0.067627 -0.118896 -0.167480 0.131487 -0.231169 -0.325631
0.081177 -0.148071 -0.159912 0.157831 -0.287894 -0.310916
0.087769 -0.171753 -0.148071 0.170648 -0.333938 -0.287894
0.083496 -0.158325 -0.134644 0.162341 -0.307830 -0.261786
