-0.213989 -0.139771 0.146851 -0.416058 -0.271755 0.285520
-0.089355 -0.108643 0.273682 -0.173733 -0.211233 0.532117
0.066162 -0.058228 0.385498 0.128638 -0.113211 0.749521
0.245972 -0.006714 0.472412 0.478241 -0.013054 0.918507
0.418457 0.199707 0.559204 0.813603 0.388289 1.087256
0.580566 0.120361 0.639282 1.128790 0.234018 1.242951
0.749878 -0.142334 0.662598 1.457981 -0.276739 1.288283
0.958496 -0.357422 0.638062 1.863596 -0.694932 1.240578
1.182983 -0.426880 0.613892 2.300065 -0.829979 1.193584
1.383667 -0.451782 0.600586 2.690252 -0.878396 1.167714
1.542725 -0.510254 0.580566 2.999506 -0.992082 1.128790
1.651489 -0.574341 0.550415 3.210977 -1.116686 1.070167
1.712402 -0.626343 0.525024 3.329410 -1.217793 1.020801
1.733398 -0.623657 0.512207 3.370232 -1.212572 0.995880
1.718262 -0.553223 0.509033 3.340802 -1.075626 0.989709
1.666748 -0.457642 0.509033 3.240644 -0.889789 0.989709
1.593750 -0.358521 0.516968 3.098715 -0.697068 1.005136
1.519165 -0.234131 0.531128 2.953700 -0.455219 1.032668
1.444214 -0.124390 0.537231 2.807973 -0.241850 1.044535
1.349121 -0.046631 0.509521 2.623085 -0.090664 0.990658
1.215454 -0.005005 0.435059 2.363197 -0.009731 0.845881
1.040161 0.027588 0.327515 2.022377 0.053639 0.636784
0.832764 0.080200 0.206177 1.619135 0.155933 0.400868
0.607300 0.108154 0.081909 1.180768 0.210283 0.159255
0.381592 0.088135 -0.035034 0.741926 0.171360 -0.068117
0.170898 0.069458 -0.121582 0.332276 0.135047 -0.236391
-0.018066 0.043701 -0.168091 -0.035126 0.084968 -0.326818
-0.187988 0.005615 -0.182617 -0.365504 0.010918 -0.355061
-0.342773 -0.006836 -0.174805 -0.666452 -0.013291 -0.339871
-0.477173 0.017700 -0.149170 -0.927763 0.034414 -0.290030
-0.586060 0.071533 -0.105103 -1.139471 0.139081 -0.204350
-0.673096 0.121460 -0.057007 -1.308694 0.236154 -0.110838
-0.743164 0.124634 -0.019531 -1.444928 0.242324 -0.037974
-0.796021 0.107300 0.004517 -1.547696 0.208622 0.008782
-0.842529 0.095947 0.021851 -1.638123 0.186549 0.042484
-0.884644 0.091309 0.037964 -1.720005 0.177531 0.073813
-0.931885 0.089722 0.049438 -1.811856 0.174445 0.096123
-0.988770 0.078247 0.049927 -1.922456 0.152135 0.097072
-1.047852 0.053955 0.041748 -2.037329 0.104904 0.081170
-1.097412 0.048096 0.037720 -2.133689 0.093512 0.073338
-1.133789 0.087402 0.043091 -2.204417 0.169936 0.083781
-1.161499 0.137451 0.056274 -2.258293 0.267245 0.109414
-1.184204 0.175659 0.069580 -2.302438 0.341533 0.135284
-1.203857 0.215210 0.081055 -2.340650 0.418431 0.157594
-1.224976 0.249146 0.093628 -2.381710 0.484412 0.182040
-1.245361 0.268677 0.104004 -2.421345 0.522386 0.202214
-1.260132 0.277466 0.107666 -2.450064 0.539474 0.209334
-1.268921 0.268921 0.101440 -2.467152 0.522861 0.197230
-1.272949 0.233032 0.086060 -2.474984 0.453083 0.167325
-1.265137 0.188965 0.067383 -2.459795 0.367403 0.131012
-1.236450 0.170044 0.053101 -2.404020 0.330615 0.103243
-1.186157 0.163940 0.042603 -2.306236 0.318748 0.082832
-1.123779 0.156738 0.035767 -2.184955 0.304745 0.069541
-1.054810 0.147949 0.030029 -2.050857 0.287656 0.058386
-0.985840 0.151001 0.022705 -1.916760 0.293590 0.044145
-0.924072 0.170166 0.011963 -1.796666 0.330852 0.023259
-0.870117 0.194702 -0.004639 -1.691761 0.378558 -0.009019
-0.817749 0.214966 -0.025024 -1.589943 0.417956 -0.048655
-0.759644 0.214966 -0.046387 -1.476969 0.417956 -0.090189
-0.684814 0.202759 -0.064453 -1.331479 0.394222 -0.125316
-0.591431 0.177856 -0.076050 -1.149914 0.345805 -0.147863
-0.486938 0.157959 -0.077881 -0.946750 0.307118 -0.151423
-0.378174 0.131592 -0.070801 -0.735280 0.255853 -0.137657
-0.270264 0.108276 -0.047241 -0.525471 0.210521 -0.091851
-0.162231 0.104492 -0.009277 -0.315425 0.203163 -0.018038
-0.060913 0.078247 0.035645 -0.118433 0.152135 0.069303
0.029785 0.043579 0.091675 0.057911 0.084730 0.178243
0.110107 0.018677 0.151001 0.214081 0.036313 0.293590
0.182983 -0.008057 0.202271 0.355773 -0.015664 0.393273
0.252686 -0.046875 0.244751 0.491294 -0.091139 0.475867
0.325195 -0.083740 0.282959 0.632275 -0.162815 0.550155
0.410400 -0.120239 0.316528 0.797938 -0.233780 0.615423
0.509766 -0.165039 0.343628 0.991133 -0.320884 0.668113
0.622681 -0.205933 0.362183 1.210673 -0.400393 0.704189
0.750244 -0.232544 0.370605 1.458693 -0.452133 0.720565
0.892090 -0.247314 0.363647 1.734483 -0.480851 0.707037
1.046143 -0.266724 0.339233 2.034006 -0.518589 0.659569
1.206909 -0.302734 0.302979 2.346583 -0.588604 0.589079
1.367432 -0.370483 0.273193 2.658686 -0.720328 0.531168
1.513794 -0.438477 0.268433 2.943257 -0.852526 0.521911
1.626343 -0.461426 0.293945 3.162085 -0.897146 0.571515
1.690308 -0.433472 0.342041 3.286451 -0.842795 0.665027
1.701904 -0.338379 0.405518 3.308998 -0.657907 0.788444
1.649414 -0.199829 0.476807 3.206942 -0.388526 0.927051
1.526367 -0.098145 0.545288 2.967703 -0.190822 1.060199
1.354248 -0.002686 0.590454 2.633053 -0.005221 1.148015
1.160156 0.114990 0.598999 2.255682 0.223575 1.164629
0.957031 0.214233 0.566406 1.860748 0.416532 1.101259
0.754639 0.261353 0.496094 1.467238 0.508146 0.964551
0.559692 0.268921 0.396973 1.088205 0.522861 0.771831
0.383789 0.237305 0.291504 0.746198 0.461390 0.566769
0.244629 0.191895 0.204590 0.475630 0.373099 0.397782
0.148682 0.154541 0.141968 0.289080 0.300473 0.276027
0.080566 0.125244 0.096558 0.156645 0.243511 0.187736
0.024658 0.110718 0.060303 0.047943 0.215268 0.117246
-0.015503 0.121216 0.031128 -0.030142 0.235679 0.060522
-0.039429 0.143921 0.011353 -0.076661 0.279824 0.022073
-0.052246 0.163086 0.002563 -0.101582 0.317087 0.004984
-0.060547 0.186279 0.007202 -0.117721 0.362181 0.014003
-0.067505 0.207031 0.021240 -0.131249 0.402529 0.041297
-0.071899 0.226196 0.037842 -0.139793 0.439792 0.073575
-0.071899 0.230713 0.052490 -0.139793 0.448573 0.102056
-0.064697 0.222534 0.061035 -0.125790 0.432671 0.118670
-0.050781 0.210205 0.064453 -0.098734 0.408700 0.125316
-0.035156 0.191406 0.066162 -0.068354 0.372150 0.128638
-0.027100 0.155884 0.070190 -0.052690 0.303084 0.136471
-0.032104 0.111206 0.072266 -0.062420 0.216217 0.140505
-0.047119 0.094482 0.066284 -0.091613 0.183701 0.128876
-0.062378 0.101807 0.052612 -0.121281 0.197942 0.102294
-0.072754 0.104004 0.035645 -0.141455 0.202214 0.069303
-0.073120 0.101196 0.019531 -0.142167 0.196755 0.037974
-0.065186 0.101074 0.008301 -0.126740 0.196518 0.016139
-0.051880 0.093628 0.001709 -0.100870 0.182040 0.003323
-0.035400 0.086304 0.000610 -0.068829 0.167800 0.001187
-0.020874 0.087158 0.005249 -0.040585 0.169461 0.010206
-0.009521 0.095337 0.012329 -0.018513 0.185363 0.023971
-0.004761 0.116943 0.019287 -0.009256 0.227372 0.037500
-0.005493 0.133057 0.023804 -0.010680 0.258701 0.046281
-0.005859 0.134888 0.023071 -0.011392 0.262261 0.044857
-0.001709 0.115356 0.015259 -0.003323 0.224287 0.029668
0.006592 0.080200 0.002686 0.012816 0.155933 0.005221
0.014893 0.078247 -0.012939 0.028956 0.152135 -0.025158
0.019165 0.100830 -0.027344 0.037262 0.196043 -0.053164
0.014526 0.098389 -0.037109 0.028243 0.191296 -0.072151
0.000977 0.086670 -0.042969 0.001899 0.168512 -0.083544
-0.018799 0.087646 -0.044678 -0.036550 0.170410 -0.086867
-0.039307 0.088989 -0.039551 -0.076424 0.173021 -0.076898
-0.056885 0.098511 -0.029175 -0.110601 0.191534 -0.056724
-0.070923 0.121460 -0.013306 -0.137895 0.236154 -0.025870
-0.079590 0.146240 0.008179 -0.154746 0.284334 0.015902
-0.074463 0.068726 0.030273 -0.144778 0.133623 0.058860
-0.054565 0.101685 0.034302 -0.106091 0.197704 0.066693
-0.036621 0.116333 0.030762 -0.071202 0.226185 0.059810
-0.034302 0.075195 0.026978 -0.066693 0.146202 0.052452
-0.040771 0.084717 0.028442 -0.079272 0.164714 0.055300
-0.055786 0.129150 0.028076 -0.108465 0.251106 0.054588
-0.071045 0.196533 0.027100 -0.138132 0.382118 0.052690
-0.083496 0.223633 0.027588 -0.162341 0.434807 0.053639
-0.088989 0.199585 0.031616 -0.173021 0.388051 0.061471
-0.085327 0.194580 0.030029 -0.165901 0.378320 0.058386
-0.078125 0.182861 0.021240 -0.151898 0.355536 0.041297
-0.073730 0.157837 0.009644 -0.143354 0.306881 0.018750
-0.073975 0.132813 -0.000366 -0.143828 0.258226 -0.000712
-0.080322 0.119019 -0.003174 -0.156170 0.231407 -0.006171
-0.093384 0.105713 -0.001709 -0.181565 0.205537 -0.003323
-0.109497 0.099976 0.000732 -0.212894 0.194382 0.001424
-0.123535 0.115479 -0.001221 -0.240188 0.224524 -0.002373
-0.132202 0.137085 -0.006470 -0.257040 0.266533 -0.012579
-0.137329 0.147583 -0.015625 -0.267008 0.286944 -0.030380
-0.133911 0.134033 -0.031860 -0.260362 0.260600 -0.061946
