-0.050903 0.084595 -0.000732 -0.098971 0.164477 -0.001424
-0.017090 0.070435 0.065308 -0.033228 0.136945 0.126977
0.015015 0.069092 0.115601 0.029193 0.134335 0.224761
0.044434 0.045288 0.149414 0.086392 0.088053 0.290505
0.070801 -0.058716 0.156494 0.137657 -0.114161 0.304270
0.094360 -0.216431 0.138550 0.183464 -0.420804 0.269381
0.120361 -0.386719 0.092651 0.234018 -0.751894 0.180141
0.146606 -0.542847 0.029907 0.285046 -1.055452 0.058148
0.174194 -0.643677 -0.033447 0.338685 -1.251495 -0.065031
0.201660 -0.677368 -0.084961 0.392086 -1.317001 -0.165189
0.223877 -0.629517 -0.114014 0.435282 -1.223964 -0.221676
0.239136 -0.580322 -0.123047 0.464950 -1.128316 -0.239239
0.243530 -0.660034 -0.124878 0.473494 -1.283299 -0.242799
0.242676 -0.742065 -0.137329 0.471832 -1.442792 -0.267008
0.236816 -0.800293 -0.164307 0.460440 -1.556003 -0.319460
0.230225 -0.831787 -0.192261 0.447624 -1.617237 -0.373811
0.229980 -0.814453 -0.218750 0.447149 -1.583534 -0.425314
0.232056 -0.766357 -0.249146 0.451184 -1.490022 -0.484412
0.233765 -0.742310 -0.284180 0.454507 -1.443266 -0.552528
0.231201 -0.786133 -0.320923 0.449522 -1.528471 -0.623968
0.227539 -0.829468 -0.352417 0.442402 -1.612727 -0.685201
0.226074 -0.789673 -0.375122 0.439554 -1.535354 -0.729347
0.225708 -0.758179 -0.381348 0.438842 -1.474120 -0.741451
0.223999 -0.748169 -0.373657 0.435519 -1.454659 -0.726499
0.211304 -0.672363 -0.350464 0.410836 -1.307270 -0.681404
0.182495 -0.574463 -0.307983 0.354824 -1.116923 -0.598810
0.134521 -0.455933 -0.259033 0.261549 -0.886466 -0.503636
0.078857 -0.387817 -0.203735 0.153322 -0.754030 -0.396121
0.025391 -0.374390 -0.148071 0.049367 -0.727923 -0.287894
-0.015503 -0.323975 -0.100586 -0.030142 -0.629901 -0.195568
-0.038452 -0.253540 -0.055908 -0.074762 -0.492956 -0.108702
-0.040771 -0.167114 -0.011841 -0.079272 -0.324919 -0.023022
-0.030029 -0.088013 0.030640 -0.058386 -0.171122 0.059572
-0.015625 -0.034790 0.068237 -0.030380 -0.067642 0.132673
-0.005981 0.036987 0.096558 -0.011630 0.071914 0.187736
-0.003540 0.130981 0.113281 -0.006883 0.254666 0.220252
-0.007690 0.186523 0.119019 -0.014952 0.362656 0.231407
-0.009888 0.204590 0.112793 -0.019225 0.397782 0.219302
-0.001343 0.176025 0.101074 -0.002611 0.342245 0.196518
0.013794 0.093628 0.086182 0.026819 0.182040 0.167562
0.027344 0.018188 0.067871 0.053164 0.035364 0.131961
0.031738 -0.019165 0.045166 0.061708 -0.037262 0.087816
0.024902 -0.046265 0.018555 0.048417 -0.089952 0.036076
0.011963 -0.067017 -0.004883 0.023259 -0.130300 -0.009494
-0.001587 -0.071289 -0.020752 -0.003085 -0.138607 -0.040348
-0.012939 -0.072510 -0.026367 -0.025158 -0.140980 -0.051266
-0.020874 -0.042358 -0.026855 -0.040585 -0.082357 -0.052215
-0.024780 -0.011108 -0.025391 -0.048180 -0.021598 -0.049367
-0.021484 -0.011108 -0.026245 -0.041772 -0.021598 -0.051028
-0.007690 -0.031128 -0.032104 -0.014952 -0.060522 -0.062420
0.014404 -0.068481 -0.040283 0.028006 -0.133148 -0.078322
0.037598 -0.075439 -0.049072 0.073101 -0.146676 -0.095411
0.056030 -0.054443 -0.051147 0.108939 -0.105854 -0.099446
0.066284 -0.057007 -0.046509 0.128876 -0.110838 -0.090427
0.068237 -0.077759 -0.039673 0.132673 -0.151186 -0.077136
0.063721 -0.095703 -0.035278 0.123892 -0.186075 -0.068591
0.053955 -0.118896 -0.033325 0.104904 -0.231169 -0.064794
0.042847 -0.140137 -0.032104 0.083306 -0.272467 -0.062420
0.033203 -0.139771 -0.031616 0.064557 -0.271755 -0.061471
0.027710 -0.145142 -0.034424 0.053876 -0.282198 -0.066930
0.025391 -0.215454 -0.051270 0.049367 -0.418906 -0.099683
0.030884 -0.309448 -0.081909 0.060047 -0.601658 -0.159255
0.040771 -0.378052 -0.117310 0.079272 -0.735043 -0.228084
0.054077 -0.404419 -0.145630 0.105142 -0.786308 -0.283147
0.064575 -0.390869 -0.161621 0.125553 -0.759964 -0.314239
0.071655 -0.365723 -0.162598 0.139319 -0.711071 -0.316137
0.072144 -0.322998 -0.150757 0.140268 -0.628002 -0.293115
0.065063 -0.279785 -0.126831 0.126502 -0.543984 -0.246597
0.051270 -0.234741 -0.093018 0.099683 -0.456405 -0.180853
0.034302 -0.187866 -0.055176 0.066693 -0.365267 -0.107278
0.012573 -0.137207 -0.022461 0.024446 -0.266770 -0.043671
-0.006714 -0.100830 -0.001221 -0.013054 -0.196043 -0.002373
-0.019897 -0.093872 0.010254 -0.038686 -0.182515 0.019937
-0.021729 -0.077515 0.011719 -0.042247 -0.150711 0.022785
-0.017456 -0.047852 0.002563 -0.033940 -0.093037 0.004984
-0.011353 -0.037476 -0.010498 -0.022073 -0.072863 -0.020411
-0.007935 -0.031372 -0.024292 -0.015427 -0.060996 -0.047231
-0.013428 -0.005005 -0.033325 -0.026107 -0.009731 -0.064794
-0.030029 0.015259 -0.027832 -0.058386 0.029668 -0.054114
-0.052002 0.034912 -0.011108 -0.101107 0.067879 -0.021598
-0.071167 0.046753 0.007446 -0.138369 0.090901 0.014478
-0.080688 0.037964 0.021240 -0.156882 0.073813 0.041297
-0.076660 0.035400 0.028076 -0.149050 0.068829 0.054588
-0.059082 0.052979 0.025513 -0.114873 0.103006 0.049604
-0.041382 0.006714 0.003296 -0.080458 0.013054 0.006408
-0.017334 -0.171265 -0.020264 -0.033702 -0.332988 -0.039398
0.005371 -0.237915 -0.044189 0.010443 -0.462576 -0.085917
0.027222 -0.171143 -0.069702 0.052927 -0.332751 -0.135521
0.038086 -0.143799 -0.087769 0.074050 -0.279587 -0.170648
0.025757 -0.100708 -0.095215 0.050079 -0.195806 -0.185125
-0.007690 -0.082031 -0.094604 -0.014952 -0.159493 -0.183939
-0.045776 -0.085083 -0.084229 -0.089003 -0.165426 -0.163765
-0.083740 -0.006226 -0.072998 -0.162815 -0.012104 -0.141929
-0.126465 0.097534 -0.070313 -0.245885 0.189635 -0.136708
-0.169800 0.166260 -0.073975 -0.330140 0.323257 -0.143828
-0.197998 0.155029 -0.079712 -0.384966 0.301422 -0.154983
-0.222046 0.099243 -0.091309 -0.431722 0.192958 -0.177531
-0.238159 0.062134 -0.112061 -0.463051 0.120806 -0.217878
-0.252930 0.085571 -0.146729 -0.491769 0.166376 -0.285283
-0.267944 0.118164 -0.196045 -0.520962 0.229745 -0.381168
-0.276245 0.074951 -0.237915 -0.537101 0.145727 -0.462576
-0.278076 -0.010864 -0.264526 -0.540661 -0.021123 -0.514316
-0.270508 -0.097778 -0.275024 -0.525946 -0.190110 -0.534728
-0.260620 -0.128906 -0.274658 -0.506721 -0.250631 -0.534016
-0.247681 -0.117065 -0.273560 -0.481563 -0.227609 -0.531880
-0.234375 -0.080078 -0.267944 -0.455693 -0.155695 -0.520962
-0.219360 -0.045776 -0.260620 -0.426500 -0.089003 -0.506721
-0.199097 -0.059326 -0.250244 -0.387102 -0.115347 -0.486548
-0.177979 -0.067383 -0.240479 -0.346042 -0.131012 -0.467560
-0.156006 -0.081543 -0.234985 -0.303321 -0.158543 -0.456880
-0.125366 -0.102905 -0.223999 -0.243748 -0.200078 -0.435519
-0.104370 -0.124634 -0.210327 -0.202926 -0.242324 -0.408937
-0.087402 -0.189697 -0.196045 -0.169936 -0.368827 -0.381168
-0.072754 -0.286621 -0.176758 -0.141455 -0.557275 -0.343669
-0.064697 -0.322144 -0.167480 -0.125790 -0.626341 -0.325631
-0.054321 -0.331177 -0.167603 -0.105616 -0.643904 -0.325868
-0.048584 -0.288208 -0.162109 -0.094461 -0.560360 -0.315188
-0.044678 -0.195679 -0.148438 -0.086867 -0.380456 -0.288606
-0.041992 -0.144043 -0.122925 -0.081645 -0.280062 -0.239002
-0.040405 -0.147583 -0.088501 -0.078560 -0.286944 -0.172072
-0.039429 -0.166138 -0.055542 -0.076661 -0.323020 -0.107990
-0.037598 -0.149414 -0.030762 -0.073101 -0.290505 -0.059810
-0.036621 -0.085327 -0.008667 -0.071202 -0.165901 -0.016851
-0.032349 -0.011475 0.015747 -0.062895 -0.022310 0.030617
-0.027222 0.035889 0.047363 -0.052927 0.069778 0.092088
-0.021606 0.080200 0.085327 -0.042009 0.155933 0.165901
-0.020630 0.135376 0.123657 -0.040111 0.263210 0.240426
-0.023560 0.185303 0.155396 -0.045807 0.360283 0.302134
-0.026611 0.194092 0.176880 -0.051740 0.377371 0.343906
-0.029663 0.188843 0.185181 -0.057674 0.367165 0.360045
-0.030029 0.194580 0.181519 -0.058386 0.378320 0.352925
-0.031128 0.269897 0.165283 -0.060522 0.524759 0.321359
-0.046997 0.413330 0.129272 -0.091376 0.803634 0.251343
-0.084106 0.630493 0.046997 -0.163527 1.225863 0.091376
-0.144409 0.750244 -0.052124 -0.280774 1.458693 -0.101344
-0.212158 0.711792 -0.150269 -0.412497 1.383931 -0.292166
-0.277710 0.568726 -0.234253 -0.539949 1.105768 -0.455456
-0.328735 0.332764 -0.284790 -0.639157 0.646990 -0.553715
-0.379395 0.271484 -0.306152 -0.737654 0.527845 -0.595249
-0.412109 0.325317 -0.307251 -0.801261 0.632512 -0.597386
-0.415039 0.354858 -0.295044 -0.806957 0.689948 -0.573651
-0.336304 0.318115 -0.266846 -0.653872 0.618509 -0.518826
-0.198120 0.233521 -0.220947 -0.385203 0.454032 -0.429586
-0.050537 0.238647 -0.159546 -0.098259 0.464000 -0.310204
0.068481 0.282715 -0.098999 0.133148 0.549680 -0.192483
0.147827 0.252930 -0.051025 0.287419 0.491769 -0.099208
0.189331 0.199585 -0.022339 0.368115 0.388051 -0.043433
0.201782 0.109375 -0.006714 0.392323 0.212657 -0.013054
0.190186 0.038452 -0.005127 0.369776 0.074762 -0.009968
0.160400 0.013062 -0.010620 0.311865 0.025395 -0.020649
