0.259888 -0.917969 -0.546753 0.505297 -1.784799 -1.063047
0.198364 -0.770996 -0.456909 0.385678 -1.499041 -0.888365
0.139771 -0.679077 -0.366333 0.271755 -1.320324 -0.712258
0.082397 -0.544189 -0.281982 0.160205 -1.058063 -0.548256
0.035522 -0.422729 -0.199585 0.069066 -0.821909 -0.388051
0.009766 -0.335083 -0.125732 0.018987 -0.651499 -0.244460
0.002930 -0.313354 -0.051636 0.005696 -0.609253 -0.100395
0.015747 -0.435913 0.033691 0.030617 -0.847542 0.065506
0.049438 -0.577881 0.104248 0.096123 -1.123569 0.202689
0.108398 -0.652100 0.141235 0.210758 -1.267872 0.274603
0.176147 -0.586670 0.154541 0.342482 -1.140657 0.300473
0.250000 -0.506836 0.147827 0.486073 -0.985437 0.287419
0.317993 -0.437134 0.132568 0.618271 -0.849916 0.257752
0.363037 -0.390503 0.106201 0.705850 -0.759252 0.206486
0.364624 -0.345703 0.061523 0.708935 -0.672148 0.119620
0.318237 -0.327515 0.007446 0.618746 -0.636784 0.014478
0.245361 -0.332886 -0.047607 0.477054 -0.647227 -0.092563
0.174438 -0.347534 -0.096313 0.339159 -0.675708 -0.187261
0.121582 -0.337891 -0.132446 0.236391 -0.656958 -0.257514
0.090210 -0.331177 -0.154907 0.175394 -0.643904 -0.301185
0.078491 -0.345215 -0.164063 0.152610 -0.671198 -0.318985
0.078125 -0.377686 -0.164307 0.151898 -0.734331 -0.319460
0.083862 -0.397827 -0.159546 0.163053 -0.773492 -0.310204
0.091919 -0.387817 -0.156616 0.178717 -0.754030 -0.304508
0.100464 -0.367554 -0.154785 0.195331 -0.714632 -0.300947
0.109497 -0.337891 -0.151245 0.212894 -0.656958 -0.294065
0.116089 -0.289917 -0.143433 0.225711 -0.563683 -0.278875
0.117798 -0.244873 -0.127563 0.229033 -0.476105 -0.248021
0.114258 -0.211060 -0.106201 0.222151 -0.410361 -0.206486
0.108887 -0.189941 -0.085327 0.211708 -0.369301 -0.165901
0.104004 -0.181152 -0.071167 0.202214 -0.352213 -0.138369
0.100220 -0.174316 -0.062134 0.194856 -0.338922 -0.120806
0.100220 -0.165039 -0.060181 0.194856 -0.320884 -0.117009
0.104004 -0.157104 -0.067871 0.202214 -0.305457 -0.131961
0.107300 -0.147705 -0.081299 0.208622 -0.287182 -0.158069
0.108398 -0.140625 -0.093018 0.210758 -0.273416 -0.180853
0.110107 -0.124512 -0.096069 0.214081 -0.242087 -0.186787
0.114380 -0.100708 -0.087769 0.222388 -0.195806 -0.170648
0.118042 -0.072876 -0.071777 0.229508 -0.141692 -0.139556
0.117065 -0.036987 -0.052612 0.227609 -0.071914 -0.102294
0.108887 0.007080 -0.031982 0.211708 0.013766 -0.062183
0.095581 0.040405 -0.011108 0.185837 0.078560 -0.021598
0.082520 0.060425 0.004883 0.160442 0.117483 0.009494
0.072876 0.075317 0.014038 0.141692 0.146439 0.027294
0.066528 0.079712 0.016479 0.129350 0.154983 0.032041
0.063721 0.074097 0.012451 0.123892 0.144066 0.024209
0.065430 0.063477 0.002808 0.127214 0.123417 0.005459
0.071777 0.054810 -0.009766 0.139556 0.106566 -0.018987
0.081665 0.039063 -0.020264 0.158781 0.075949 -0.039398
0.095825 0.010254 -0.032227 0.186312 0.019937 -0.062658
0.113281 -0.016357 -0.041626 0.220252 -0.031804 -0.080933
0.127563 -0.027710 -0.045044 0.248021 -0.053876 -0.087579
0.131592 -0.029419 -0.041992 0.255853 -0.057199 -0.081645
0.123779 -0.038208 -0.036011 0.240663 -0.074288 -0.070015
0.106689 -0.041382 -0.027710 0.207435 -0.080458 -0.053876
0.086548 -0.033936 -0.015747 0.168274 -0.065981 -0.030617
0.068237 -0.027344 -0.002319 0.132673 -0.053164 -0.004509
0.055420 -0.027954 0.008667 0.107752 -0.054351 0.016851
0.049072 -0.026489 0.015747 0.095411 -0.051503 0.030617
0.050537 -0.028931 0.018921 0.098259 -0.056250 0.036788
0.061157 -0.044067 0.015869 0.118907 -0.085680 0.030854
0.078247 -0.058228 0.006714 0.152135 -0.113211 0.013054
0.095703 -0.058838 -0.005737 0.186075 -0.114398 -0.011155
0.111450 -0.063477 -0.017700 0.216692 -0.123417 -0.034414
0.124390 -0.076538 -0.025757 0.241850 -0.148812 -0.050079
0.134888 -0.076782 -0.030273 0.262261 -0.149287 -0.058860
0.142456 -0.060425 -0.027588 0.276976 -0.117483 -0.053639
0.144043 -0.031006 -0.019897 0.280062 -0.060284 -0.038686
0.139404 0.003662 -0.010132 0.271043 0.007120 -0.019699
0.129517 0.035889 -0.003784 0.251818 0.069778 -0.007358
0.118042 0.058960 -0.006958 0.229508 0.114635 -0.013528
0.109619 0.077881 -0.019165 0.213132 0.151423 -0.037262
0.104736 0.082764 -0.033936 0.203638 0.160917 -0.065981
0.103516 0.076538 -0.046631 0.201265 0.148812 -0.090664
0.104126 0.067749 -0.055054 0.202451 0.131724 -0.107040
0.103638 0.061646 -0.059082 0.201502 0.119857 -0.114873
0.100830 0.052734 -0.060547 0.196043 0.102531 -0.117721
0.093018 0.029907 -0.060425 0.180853 0.058148 -0.117483
0.079102 0.012329 -0.060547 0.153797 0.023971 -0.117721
0.058228 -0.006226 -0.063599 0.113211 -0.012104 -0.123654
0.032593 -0.043091 -0.067505 0.063370 -0.083781 -0.131249
0.007446 -0.067993 -0.069702 0.014478 -0.132199 -0.135521
-0.010254 -0.063843 -0.067871 -0.019937 -0.124129 -0.131961
-0.017334 -0.046509 -0.059082 -0.033702 -0.090427 -0.114873
-0.016357 -0.023315 -0.046143 -0.031804 -0.045332 -0.089715
-0.010010 -0.003418 -0.033325 -0.019462 -0.006646 -0.064794
-0.002808 0.018188 -0.020020 -0.005459 0.035364 -0.038924
0.002808 0.051147 -0.003174 0.005459 0.099446 -0.006171
0.006836 0.079224 0.011475 0.013291 0.154034 0.022310
0.010010 0.099854 0.022827 0.019462 0.194144 0.044383
0.012451 0.119019 0.027222 0.024209 0.231407 0.052927
0.014648 0.126099 0.022583 0.028481 0.245173 0.043908
0.016357 0.126587 0.009888 0.031804 0.246122 0.019225
0.018188 0.127319 -0.008301 0.035364 0.247546 -0.016139
0.020874 0.123657 -0.025391 0.040585 0.240426 -0.049367
0.023315 0.119141 -0.040894 0.045332 0.231644 -0.079509
0.026489 0.106934 -0.054443 0.051503 0.207910 -0.105854
0.028564 0.088745 -0.068359 0.055538 0.172546 -0.132911
0.029419 0.080322 -0.081543 0.057199 0.156170 -0.158543
0.027466 0.078857 -0.092896 0.053402 0.153322 -0.180616
0.021362 0.072144 -0.101563 0.041535 0.140268 -0.197467
0.011719 0.068970 -0.108276 0.022785 0.134097 -0.210521
-0.001709 0.059448 -0.112793 -0.003323 0.115585 -0.219302
-0.015137 0.042847 -0.113892 -0.029430 0.083306 -0.221438
-0.026855 0.035156 -0.110596 -0.052215 0.068354 -0.215030
-0.034180 0.032104 -0.101929 -0.066455 0.062420 -0.198179
-0.036621 0.032837 -0.089233 -0.071202 0.063845 -0.173496
-0.033569 0.036377 -0.076294 -0.065269 0.070727 -0.148338
-0.027344 0.043213 -0.061523 -0.053164 0.084018 -0.119620
-0.020386 0.051270 -0.048584 -0.039636 0.099683 -0.094461
-0.014893 0.046265 -0.036621 -0.028956 0.089952 -0.071202
-0.009277 0.041748 -0.026245 -0.018038 0.081170 -0.051028
-0.003540 0.046509 -0.016235 -0.006883 0.090427 -0.031566
-0.000732 0.043335 -0.005371 -0.001424 0.084256 -0.010443
-0.001587 0.034790 0.005005 -0.003085 0.067642 0.009731
-0.005615 0.033813 0.016357 -0.010918 0.065743 0.031804
-0.012085 0.042236 0.025146 -0.023497 0.082120 0.048892
-0.020142 0.044067 0.030029 -0.039161 0.085680 0.058386
-0.029053 0.041382 0.027832 -0.056487 0.080458 0.054114
-0.039063 0.042725 0.021851 -0.075949 0.083069 0.042484
-0.051025 0.040771 0.016357 -0.099208 0.079272 0.031804
-0.064819 0.030884 0.013306 -0.126028 0.060047 0.025870
-0.079468 0.021729 0.013306 -0.154509 0.042247 0.025870
-0.094116 0.015015 0.014526 -0.182989 0.029193 0.028243
-0.106079 0.009644 0.015381 -0.206249 0.018750 0.029905
-0.114746 0.007935 0.016479 -0.223100 0.015427 0.032041
-0.117554 0.002075 0.017090 -0.228559 0.004035 0.033228
-0.113403 -0.010742 0.017822 -0.220489 -0.020886 0.034652
-0.103149 -0.020020 0.020508 -0.200553 -0.038924 0.039873
-0.088379 -0.019653 0.023926 -0.171834 -0.038212 0.046519
-0.069092 -0.016357 0.025513 -0.134335 -0.031804 0.049604
-0.045898 -0.020386 0.024414 -0.089240 -0.039636 0.047468
-0.021729 -0.019897 0.019287 -0.042247 -0.038686 0.037500
0.001465 -0.019531 0.014404 0.002848 -0.037974 0.028006
0.020264 -0.021729 0.010376 0.039398 -0.042247 0.020174
0.033691 -0.015381 0.005249 0.065506 -0.029905 0.010206
0.044312 -0.010864 0.000000 0.086155 -0.021123 0.000000
0.054077 -0.012329 -0.004150 0.105142 -0.023971 -0.008070
0.062744 -0.016357 -0.006226 0.121993 -0.031804 -0.012104
0.068970 -0.019287 -0.003296 0.134097 -0.037500 -0.006408
0.072388 -0.017090 0.003174 0.140743 -0.033228 0.006171
0.073364 -0.008179 0.010010 0.142642 -0.015902 0.019462
0.069336 0.000610 0.016968 0.134809 0.001187 0.032990
0.061523 0.009277 0.023193 0.119620 0.018038 0.045095
0.052246 0.012695 0.027466 0.101582 0.024683 0.053402
0.045898 0.008423 0.030884 0.089240 0.016376 0.060047
0.044312 0.001221 0.033447 0.086155 0.002373 0.065031
0.044067 0.006104 0.036865 0.085680 0.011867 0.071677
0.041870 0.007324 0.042114 0.081408 0.014240 0.081882
0.035889 -0.000366 0.046631 0.069778 -0.000712 0.090664
