0.042358 -0.296753 -0.021118 0.082357 -0.576974 -0.041060
0.018311 -0.276001 0.020508 0.035601 -0.536626 0.039873
-0.015503 -0.284790 0.035278 -0.030142 -0.553715 0.068591
-0.057739 -0.321289 0.015625 -0.112262 -0.624680 0.030380
-0.126709 -0.442261 -0.009888 -0.246359 -0.859884 -0.019225
-0.236450 -0.535400 -0.036987 -0.459728 -1.040974 -0.071914
-0.393555 -0.519775 -0.057861 -0.765185 -1.010595 -0.112499
-0.592773 -0.431641 -0.064941 -1.152524 -0.839235 -0.126265
-0.823608 -0.188354 -0.058228 -1.601335 -0.366216 -0.113211
-1.049683 -0.077515 -0.035767 -2.040889 -0.150711 -0.069541
-1.245361 -0.132935 -0.013672 -2.421345 -0.258464 -0.026582
-1.400024 -0.223389 -0.000854 -2.722056 -0.434333 -0.001661
-1.521729 -0.286987 -0.004150 -2.958684 -0.557987 -0.008070
-1.624634 -0.348999 -0.014893 -3.158762 -0.678556 -0.028956
-1.716187 -0.414429 -0.022339 -3.336767 -0.805770 -0.043433
-1.798706 -0.428345 -0.028320 -3.497209 -0.832827 -0.055063
-1.868774 -0.388794 -0.040649 -3.633442 -0.755929 -0.079034
-1.925171 -0.302368 -0.061279 -3.743094 -0.587892 -0.119145
-1.964233 -0.200562 -0.093506 -3.819042 -0.389950 -0.181803
-1.987305 -0.071045 -0.133545 -3.863900 -0.138132 -0.259650
-1.989624 0.080811 -0.180786 -3.868409 0.157119 -0.351501
-1.964478 0.177856 -0.233154 -3.819517 0.345805 -0.453320
-1.888062 0.131104 -0.289917 -3.670942 0.254903 -0.563683
-1.761353 0.070679 -0.349487 -3.424583 0.137420 -0.679505
-1.597290 0.031738 -0.401611 -3.105598 0.061708 -0.780850
-1.408447 -0.004028 -0.431152 -2.738432 -0.007832 -0.838286
-1.200928 -0.034058 -0.431152 -2.334954 -0.066218 -0.838286
-0.989624 -0.045654 -0.402954 -1.924118 -0.088765 -0.783460
-0.791748 -0.023804 -0.357422 -1.539389 -0.046281 -0.694932
-0.612183 -0.005249 -0.307495 -1.190261 -0.010206 -0.597860
-0.455444 -0.009888 -0.258545 -0.885517 -0.019225 -0.502687
-0.321533 0.010620 -0.214722 -0.625154 0.020649 -0.417482
-0.206421 0.040161 -0.182129 -0.401342 0.078085 -0.354112
-0.106689 0.034790 -0.163086 -0.207435 0.067642 -0.317087
-0.024048 0.017090 -0.151611 -0.046756 0.033228 -0.294777
0.038574 -0.031128 -0.139771 0.075000 -0.060522 -0.271755
0.081543 -0.102661 -0.124390 0.158543 -0.199603 -0.241850
0.113525 -0.127441 -0.107422 0.220726 -0.247783 -0.208859
0.139771 -0.137329 -0.085083 0.271755 -0.267008 -0.165426
0.164307 -0.157471 -0.053101 0.319460 -0.306169 -0.103243
0.188965 -0.179688 -0.012817 0.367403 -0.349365 -0.024921
0.209839 -0.198364 0.037231 0.407988 -0.385678 0.072389
0.224609 -0.188477 0.096680 0.436706 -0.366453 0.187973
0.228760 -0.160889 0.162231 0.444776 -0.312815 0.315425
0.220093 -0.132813 0.225830 0.427925 -0.258226 0.439080
0.205322 -0.129395 0.284058 0.399206 -0.251581 0.552291
0.195068 -0.166138 0.344604 0.379270 -0.323020 0.670012
0.195068 -0.215088 0.416016 0.379270 -0.418194 0.808856
0.200806 -0.241211 0.501709 0.390425 -0.468984 0.975469
0.205444 -0.264648 0.603027 0.399444 -0.514554 1.172461
0.203979 -0.281128 0.717163 0.396596 -0.546595 1.394374
0.198242 -0.265137 0.833252 0.385441 -0.515503 1.620085
0.188477 -0.232178 0.940552 0.366453 -0.451421 1.828707
0.171875 -0.215576 1.035156 0.334175 -0.419143 2.012646
0.155151 -0.231079 1.120239 0.301659 -0.449285 2.178072
0.151733 -0.273315 1.205078 0.295014 -0.531405 2.343023
0.172485 -0.325073 1.299072 0.335362 -0.632037 2.525775
0.209839 -0.401611 1.408325 0.407988 -0.780850 2.738195
0.251465 -0.502808 1.526001 0.488921 -0.977605 2.966991
0.291138 -0.565674 1.637451 0.566057 -1.099835 3.183683
0.321167 -0.572388 1.722412 0.624442 -1.112889 3.348871
0.335327 -0.502930 1.766724 0.651974 -0.977842 3.435026
0.320801 -0.382935 1.759155 0.623730 -0.744536 3.420311
0.264160 -0.305420 1.696777 0.513604 -0.593825 3.299030
0.188477 -0.241821 1.560059 0.366453 -0.470171 3.033209
0.117188 -0.178833 1.356689 0.227847 -0.347704 2.637800
0.064087 -0.122192 1.108643 0.124604 -0.237578 2.155524
0.038696 0.000488 0.840820 0.075237 0.000949 1.634800
0.037354 0.033936 0.590088 0.072626 0.065981 1.147303
0.054688 -0.031372 0.364502 0.106328 -0.060996 0.708698
0.077759 -0.050049 0.177124 0.151186 -0.097310 0.344381
0.080933 -0.064453 0.056519 0.157357 -0.125316 0.109889
0.069824 -0.049194 0.013306 0.135759 -0.095648 0.025870
0.048828 0.019043 0.025269 0.094936 0.037025 0.049129
0.018677 0.093506 0.061157 0.036313 0.181803 0.118907
-0.018555 0.157715 0.092407 -0.036076 0.306644 0.179667
-0.055420 0.173706 0.105225 -0.107752 0.337735 0.204587
-0.078125 0.133911 0.101196 -0.151898 0.260362 0.196755
-0.078125 0.078979 0.084839 -0.151898 0.153559 0.164952
-0.057861 0.040771 0.057861 -0.112499 0.079272 0.112499
-0.027832 0.013062 0.023560 -0.054114 0.025395 0.045807
0.003784 -0.013062 -0.010376 0.007358 -0.025395 -0.020174
0.031250 -0.023682 -0.039429 0.060759 -0.046044 -0.076661
0.047607 -0.020630 -0.061279 0.092563 -0.040111 -0.119145
0.049316 -0.016113 -0.073486 0.095885 -0.031329 -0.142879
0.038696 -0.008667 -0.075195 0.075237 -0.016851 -0.146202
0.018188 0.010742 -0.068726 0.035364 0.020886 -0.133623
-0.008057 0.024292 -0.060913 -0.015664 0.047231 -0.118433
-0.032715 0.016602 -0.059204 -0.063607 0.032278 -0.115110
-0.052612 0.012451 -0.067139 -0.102294 0.024209 -0.130537
-0.069214 0.009644 -0.079712 -0.134572 0.018750 -0.154983
-0.078979 -0.003662 -0.089844 -0.153559 -0.007120 -0.174682
-0.081421 -0.016235 -0.097656 -0.158306 -0.031566 -0.189872
-0.080322 -0.028687 -0.104126 -0.156170 -0.055775 -0.202451
-0.077881 -0.049927 -0.110596 -0.151423 -0.097072 -0.215030
-0.074219 -0.064941 -0.116455 -0.144303 -0.126265 -0.226423
-0.066772 -0.086304 -0.122192 -0.129825 -0.167800 -0.237578
-0.054199 -0.115723 -0.121948 -0.105379 -0.224999 -0.237103
-0.041748 -0.117798 -0.112549 -0.081170 -0.229033 -0.218828
-0.035400 -0.093506 -0.097168 -0.068829 -0.181803 -0.188923
-0.035767 -0.068848 -0.080566 -0.069541 -0.133860 -0.156645
-0.041016 -0.026978 -0.060303 -0.079746 -0.052452 -0.117246
-0.044922 0.014893 -0.037231 -0.087341 0.028956 -0.072389
-0.045410 0.054321 -0.018799 -0.088291 0.105616 -0.036550
-0.042358 0.045776 -0.010010 -0.082357 0.089003 -0.019462
-0.031860 0.004639 -0.009766 -0.061946 0.009019 -0.018987
-0.016602 -0.026855 -0.010254 -0.032278 -0.052215 -0.019937
-0.003662 -0.044556 -0.010986 -0.007120 -0.086629 -0.021361
0.001953 -0.052368 -0.014526 0.003797 -0.101819 -0.028243
0.003174 -0.051025 -0.017578 0.006171 -0.099208 -0.034177
0.001831 -0.044067 -0.015137 0.003560 -0.085680 -0.029430
-0.004517 -0.017090 -0.010010 -0.008782 -0.033228 -0.019462
-0.016235 0.003906 -0.009155 -0.031566 0.007595 -0.017801
-0.027100 -0.002197 -0.016113 -0.052690 -0.004272 -0.031329
-0.032227 -0.018555 -0.023315 -0.062658 -0.036076 -0.045332
-0.032104 -0.024048 -0.025146 -0.062420 -0.046756 -0.048892
-0.032104 -0.021362 -0.023560 -0.062420 -0.041535 -0.045807
-0.030884 -0.020020 -0.021606 -0.060047 -0.038924 -0.042009
-0.026245 -0.021118 -0.017578 -0.051028 -0.041060 -0.034177
-0.017700 -0.024048 -0.014404 -0.034414 -0.046756 -0.028006
-0.011719 -0.024902 -0.013916 -0.022785 -0.048417 -0.027057
-0.010986 -0.021606 -0.019287 -0.021361 -0.042009 -0.037500
-0.014893 -0.023438 -0.027344 -0.028956 -0.045569 -0.053164
-0.018188 -0.031494 -0.031738 -0.035364 -0.061234 -0.061708
-0.019409 -0.043945 -0.031616 -0.037737 -0.085443 -0.061471
-0.017212 -0.059570 -0.030884 -0.033465 -0.115822 -0.060047
-0.013794 -0.076050 -0.029907 -0.026819 -0.147863 -0.058148
-0.011841 -0.085938 -0.029297 -0.023022 -0.167088 -0.056962
-0.009766 -0.094849 -0.029907 -0.018987 -0.184413 -0.058148
-0.006714 -0.101807 -0.029907 -0.013054 -0.197942 -0.058148
-0.001465 -0.100952 -0.028076 -0.002848 -0.196280 -0.054588
0.004517 -0.094238 -0.024048 0.008782 -0.183227 -0.046756
0.009277 -0.076904 -0.019165 0.018038 -0.149524 -0.037262
0.012329 -0.050659 -0.015381 0.023971 -0.098496 -0.029905
0.012573 -0.026489 -0.012695 0.024446 -0.051503 -0.024683
0.008789 -0.002197 -0.011597 0.017089 -0.004272 -0.022547
0.002686 0.009155 -0.011597 0.005221 0.017801 -0.022547
-0.003296 0.003662 -0.012939 -0.006408 0.007120 -0.025158
-0.009399 -0.005127 -0.015747 -0.018275 -0.009968 -0.030617
-0.017212 -0.007813 -0.019409 -0.033465 -0.015190 -0.037737
-0.026367 -0.004272 -0.021729 -0.051266 -0.008307 -0.042247
-0.033081 -0.001343 -0.020752 -0.064319 -0.002611 -0.040348
-0.035400 0.000732 -0.015747 -0.068829 0.001424 -0.030617
-0.032593 0.002808 -0.009888 -0.063370 0.005459 -0.019225
-0.026001 0.002563 -0.006226 -0.050553 0.004984 -0.012104
-0.017212 -0.001587 -0.003662 -0.033465 -0.003085 -0.007120
-0.009155 -0.002319 -0.000488 -0.017801 -0.004509 -0.000949
-0.007202 0.006714 0.002441 -0.014003 0.013054 0.004747
-0.014648 0.017700 0.004150 -0.028481 0.034414 0.008070
-0.028076 0.016357 0.006714 -0.054588 0.031804 0.013054
