-0.028564 -0.185547 0.225708 -0.055538 -0.360757 0.438842
0.020386 -0.304932 0.234619 0.039636 -0.592876 0.456168
0.031372 -0.372559 0.210205 0.060996 -0.724363 0.408700
-0.006104 -0.396118 0.165283 -0.011867 -0.770169 0.321359
-0.085571 -0.401001 0.120972 -0.166376 -0.779663 0.235204
-0.187012 -0.429321 0.079468 -0.363605 -0.834726 0.154509
-0.299683 -0.418579 0.043457 -0.582670 -0.813840 0.084493
-0.437866 -0.406372 0.019043 -0.851340 -0.790106 0.037025
-0.613037 -0.387817 0.005249 -1.191923 -0.754030 0.010206
-0.821045 -0.354614 -0.005493 -1.596351 -0.689474 -0.010680
-1.041992 -0.294678 -0.020752 -2.025937 -0.572939 -0.040348
-1.256226 -0.226685 -0.038696 -2.442469 -0.440741 -0.075237
-1.452881 -0.184082 -0.057861 -2.824824 -0.357909 -0.112499
-1.628540 -0.152954 -0.073853 -3.166357 -0.297387 -0.143591
-1.784912 -0.102539 -0.087891 -3.470390 -0.199366 -0.170885
-1.922119 -0.007446 -0.108643 -3.737160 -0.014478 -0.211233
-2.039795 0.097290 -0.133301 -3.965956 0.189160 -0.259176
-2.137207 0.176270 -0.157715 -4.155354 0.342719 -0.306644
-2.206543 0.239258 -0.189331 -4.290163 0.465187 -0.368115
-2.236084 0.313110 -0.249146 -4.347600 0.608778 -0.484412
-2.224731 0.372559 -0.345337 -4.325527 0.724363 -0.671436
-2.177612 0.395020 -0.472900 -4.233913 0.768033 -0.919456
-2.091675 0.367920 -0.616211 -4.066826 0.715344 -1.198094
-1.964111 0.345337 -0.756958 -3.818805 0.671436 -1.471747
-1.815918 0.451172 -0.864136 -3.530674 0.877210 -1.680132
-1.659790 0.366333 -0.896118 -3.227116 0.712258 -1.742315
-1.488647 -0.044922 -0.872925 -2.894365 -0.087341 -1.697220
-1.293701 -0.342529 -0.851929 -2.515332 -0.665977 -1.656398
-1.109253 -0.416870 -0.820679 -2.156711 -0.810517 -1.595639
-0.945068 -0.428101 -0.745972 -1.837489 -0.832352 -1.450387
-0.805054 -0.411621 -0.623413 -1.565259 -0.800311 -1.212097
-0.680420 -0.304443 -0.466553 -1.322935 -0.591927 -0.907115
-0.560913 -0.166992 -0.302490 -1.090579 -0.324682 -0.588129
-0.445313 -0.019043 -0.167969 -0.865817 -0.037025 -0.326580
-0.336792 0.061646 -0.074829 -0.654822 0.119857 -0.145490
-0.239868 0.081909 -0.017090 -0.466374 0.159255 -0.033228
-0.151123 0.057495 0.022583 -0.293827 0.111787 0.043908
-0.071655 0.007813 0.054077 -0.139319 0.015190 0.105142
-0.007080 -0.055908 0.082764 -0.013766 -0.108702 0.160917
0.033813 -0.139282 0.115601 0.065743 -0.270805 0.224761
0.049438 -0.201294 0.164795 0.096123 -0.391374 0.320409
0.046997 -0.242310 0.232788 0.091376 -0.471120 0.452608
0.030151 -0.265747 0.315308 0.058623 -0.516690 0.613050
-0.002563 -0.263794 0.405762 -0.004984 -0.512892 0.788919
-0.050171 -0.241211 0.499268 -0.097547 -0.468984 0.970722
-0.104126 -0.214355 0.591797 -0.202451 -0.416770 1.150626
-0.151001 -0.200195 0.689087 -0.293590 -0.389238 1.339786
-0.177124 -0.192871 0.795898 -0.344381 -0.374998 1.547459
-0.179321 -0.181519 0.904175 -0.348653 -0.352925 1.757980
-0.167603 -0.188965 1.002808 -0.325868 -0.367403 1.949750
-0.150635 -0.214111 1.093750 -0.292878 -0.416295 2.126569
-0.124878 -0.247925 1.181274 -0.242799 -0.482038 2.296742
-0.081665 -0.266846 1.268799 -0.158781 -0.518826 2.466915
-0.019409 -0.278931 1.353760 -0.037737 -0.542323 2.632104
0.053467 -0.319580 1.430664 0.103955 -0.621357 2.781628
0.126831 -0.401001 1.492798 0.246597 -0.779663 2.902434
0.200684 -0.473877 1.537109 0.390187 -0.921355 2.988589
0.271118 -0.473389 1.561157 0.527133 -0.920406 3.035345
0.329834 -0.380859 1.552979 0.641293 -0.740502 3.019443
0.370605 -0.263306 1.498169 0.720565 -0.511943 2.912877
0.391357 -0.182983 1.381470 0.760913 -0.355773 2.685980
0.392090 -0.156372 1.206665 0.762337 -0.304033 2.346109
0.379272 -0.190186 0.993164 0.737416 -0.369776 1.931001
0.355957 -0.315308 0.762329 0.692084 -0.613050 1.482190
0.319702 -0.397827 0.532837 0.621594 -0.773492 1.035990
0.267944 -0.376953 0.330444 0.520962 -0.732907 0.642480
0.203735 -0.312378 0.179688 0.396121 -0.607354 0.349365
0.145020 -0.303833 0.089233 0.281960 -0.590740 0.173496
0.100098 -0.345947 0.056763 0.194619 -0.672622 0.110363
0.068359 -0.315796 0.063110 0.132911 -0.613999 0.122705
0.047241 -0.167725 0.088379 0.091851 -0.326106 0.171834
0.032837 -0.008057 0.118774 0.063845 -0.015664 0.230932
0.026245 0.067505 0.147583 0.051028 0.131249 0.286944
0.018555 0.087769 0.162476 0.036076 0.170648 0.315900
-0.003784 0.118652 0.149292 -0.007358 0.230695 0.290267
-0.043945 0.159180 0.105957 -0.085443 0.309492 0.206011
-0.086426 0.187744 0.048096 -0.168037 0.365029 0.093512
-0.115112 0.197266 -0.003906 -0.223812 0.383542 -0.007595
-0.123657 0.192749 -0.043823 -0.240426 0.374760 -0.085205
-0.117310 0.159424 -0.068237 -0.228084 0.309966 -0.132673
-0.100464 0.072266 -0.077026 -0.195331 0.140505 -0.149762
-0.071533 0.030884 -0.079468 -0.139081 0.060047 -0.154509
-0.033081 0.039429 -0.082031 -0.064319 0.076661 -0.159493
0.004150 0.051025 -0.082520 0.008070 0.099208 -0.160442
0.032227 0.018433 -0.076294 0.062658 0.035838 -0.148338
0.048218 -0.015625 -0.065308 0.093749 -0.030380 -0.126977
0.052002 0.010010 -0.054077 0.101107 0.019462 -0.105142
0.042358 0.043701 -0.039673 0.082357 0.084968 -0.077136
0.022339 0.057983 -0.025024 0.043433 0.112737 -0.048655
-0.000488 0.077759 -0.013794 -0.000949 0.151186 -0.026819
-0.020752 0.093140 -0.004150 -0.040348 0.181091 -0.008070
-0.034912 0.094849 0.004639 -0.067879 0.184413 0.009019
-0.040527 0.085205 0.011108 -0.078797 0.165664 0.021598
-0.041138 0.064941 0.015747 -0.079984 0.126265 0.030617
-0.038574 0.039429 0.016846 -0.075000 0.076661 0.032753
-0.032959 0.024902 0.015137 -0.064082 0.048417 0.029430
-0.023926 0.023926 0.010620 -0.046519 0.046519 0.020649
-0.012695 0.023438 0.003784 -0.024683 0.045569 0.007358
-0.003906 0.022827 -0.005371 -0.007595 0.044383 -0.010443
0.000244 0.027832 -0.017212 0.000475 0.054114 -0.033465
0.001465 0.040894 -0.030029 0.002848 0.079509 -0.058386
0.001221 0.053711 -0.042358 0.002373 0.104430 -0.082357
0.002319 0.054810 -0.050171 0.004509 0.106566 -0.097547
0.002686 0.052368 -0.049561 0.005221 0.101819 -0.096360
0.001465 0.051025 -0.041992 0.002848 0.099208 -0.081645
0.000977 0.051147 -0.031494 0.001899 0.099446 -0.061234
0.005249 0.047607 -0.021484 0.010206 0.092563 -0.041772
0.014648 0.042114 -0.015747 0.028481 0.081882 -0.030617
0.026367 0.028320 -0.015381 0.051266 0.055063 -0.029905
0.035767 0.000244 -0.017090 0.069541 0.000475 -0.033228
0.039063 -0.020752 -0.019531 0.075949 -0.040348 -0.037974
0.037476 -0.027832 -0.021362 0.072863 -0.054114 -0.041535
0.033081 -0.032349 -0.022827 0.064319 -0.062895 -0.044383
0.029297 -0.031982 -0.021484 0.056962 -0.062183 -0.041772
0.025879 -0.026978 -0.019287 0.050316 -0.052452 -0.037500
0.020996 -0.023560 -0.014648 0.040823 -0.045807 -0.028481
0.015137 -0.021973 -0.007568 0.029430 -0.042721 -0.014715
0.009399 -0.019775 0.002441 0.018275 -0.038449 0.004747
0.006348 -0.010254 0.014771 0.012342 -0.019937 0.028718
0.005493 0.003052 0.025024 0.010680 0.005934 0.048655
0.004517 0.009521 0.030640 0.008782 0.018513 0.059572
0.002686 0.011597 0.029907 0.005221 0.022547 0.058148
-0.001587 0.012085 0.024780 -0.003085 0.023497 0.048180
-0.004028 0.005371 0.020264 -0.007832 0.010443 0.039398
-0.002686 -0.001099 0.018311 -0.005221 -0.002136 0.035601
-0.001099 -0.000732 0.017944 -0.002136 -0.001424 0.034889
-0.004028 0.006226 0.016235 -0.007832 0.012104 0.031566
-0.011108 0.010864 0.013184 -0.021598 0.021123 0.025633
-0.018433 0.010498 0.009155 -0.035838 0.020411 0.017801
-0.021606 0.014038 0.006958 -0.042009 0.027294 0.013528
-0.021606 0.001709 0.009644 -0.042009 0.003323 0.018750
-0.019409 -0.019287 0.012817 -0.037737 -0.037500 0.024921
-0.015625 -0.010742 0.012939 -0.030380 -0.020886 0.025158
-0.013306 0.005005 0.008423 -0.025870 0.009731 0.016376
-0.011353 0.012451 -0.000244 -0.022073 0.024209 -0.000475
-0.011719 0.014648 -0.013550 -0.022785 0.028481 -0.026345
-0.012939 0.010620 -0.031128 -0.025158 0.020649 -0.060522
-0.013062 0.002930 -0.051270 -0.025395 0.005696 -0.099683
-0.010376 -0.005371 -0.070557 -0.020174 -0.010443 -0.137183
-0.005493 -0.013306 -0.088257 -0.010680 -0.025870 -0.171597
-0.000610 -0.026733 -0.104248 -0.001187 -0.051978 -0.202689
0.003418 -0.054688 -0.117920 0.006646 -0.106328 -0.229271
0.006348 -0.048096 -0.126343 0.012342 -0.093512 -0.245647
0.002441 -0.024292 -0.131836 0.004747 -0.047231 -0.256328
-0.014038 -0.035889 -0.135742 -0.027294 -0.069778 -0.263922
-0.037720 -0.076294 -0.139648 -0.073338 -0.148338 -0.271517
-0.064331 -0.116699 -0.141846 -0.125078 -0.226897 -0.275789
-0.091187 -0.138306 -0.136597 -0.177293 -0.268907 -0.265584
-0.116699 -0.147705 -0.119629 -0.226897 -0.287182 -0.232593
-0.137085 -0.161011 -0.094727 -0.266533 -0.313052 -0.184176
