0.115479 -0.378906 0.033325 0.224524 -0.736704 0.064794
0.149658 -0.384033 0.062744 0.290979 -0.746673 0.121993
0.164307 -0.370483 0.055908 0.319460 -0.720328 0.108702
0.147095 -0.328247 0.009277 0.285995 -0.638208 0.018038
0.101563 -0.317383 -0.054932 0.197467 -0.617085 -0.106803
0.046265 -0.329956 -0.125732 0.089952 -0.641531 -0.244460
-0.019043 -0.329590 -0.187500 -0.037025 -0.640819 -0.364555
-0.106812 -0.310059 -0.221924 -0.207673 -0.602844 -0.431485
-0.217041 -0.256470 -0.230957 -0.421991 -0.498652 -0.449048
-0.337280 -0.169434 -0.214478 -0.655771 -0.329428 -0.417007
-0.463379 -0.045410 -0.182739 -0.900944 -0.088291 -0.355298
-0.582275 0.100708 -0.150024 -1.132113 0.195806 -0.291691
-0.679565 0.178345 -0.121948 -1.321273 0.346754 -0.237103
-0.755127 0.177612 -0.094482 -1.468187 0.345330 -0.183701
-0.809937 0.142944 -0.064331 -1.574753 0.277925 -0.125078
-0.855103 0.130127 -0.035156 -1.662569 0.253005 -0.068354
-0.890869 0.155396 -0.013550 -1.732109 0.302134 -0.026345
-0.921143 0.194946 -0.000488 -1.790970 0.379032 -0.000949
-0.941772 0.229004 0.005615 -1.831080 0.445250 0.010918
-0.946289 0.274780 0.001343 -1.839862 0.534253 0.002611
-0.930786 0.312744 -0.013306 -1.809720 0.608066 -0.025870
-0.904663 0.306885 -0.041992 -1.758929 0.596673 -0.081645
-0.869751 0.251831 -0.078003 -1.691050 0.489633 -0.151660
-0.827026 0.189087 -0.108765 -1.607980 0.367640 -0.211470
-0.773438 0.129517 -0.123169 -1.503788 0.251818 -0.239476
-0.707031 0.093750 -0.128052 -1.374675 0.182277 -0.248970
-0.636475 0.075439 -0.128418 -1.237492 0.146676 -0.249682
-0.565796 0.040527 -0.123047 -1.100072 0.078797 -0.239239
-0.500244 0.005981 -0.097778 -0.972620 0.011630 -0.190110
-0.438965 0.016846 -0.054199 -0.853476 0.032753 -0.105379
-0.379761 0.076538 -0.005371 -0.738366 0.148812 -0.010443
-0.326050 0.126343 0.038452 -0.633936 0.245647 0.074762
-0.281006 0.147705 0.061401 -0.546357 0.287182 0.119382
-0.243774 0.144775 0.056152 -0.473969 0.281486 0.109177
-0.217407 0.128052 0.031860 -0.422703 0.248970 0.061946
-0.202026 0.120850 0.007080 -0.392798 0.234967 0.013766
-0.194092 0.108521 -0.005981 -0.377371 0.210996 -0.011630
-0.189819 0.103394 -0.006470 -0.369064 0.201027 -0.012579
-0.183350 0.122437 0.005127 -0.356485 0.238052 0.009968
-0.172241 0.150146 0.023193 -0.334887 0.291929 0.045095
-0.151611 0.161499 0.039551 -0.294777 0.314001 0.076898
-0.118164 0.137329 0.052002 -0.229745 0.267008 0.101107
-0.072876 0.119019 0.061401 -0.141692 0.231407 0.119382
-0.014282 0.062622 0.071899 -0.027769 0.121756 0.139793
0.052124 -0.017700 0.082886 0.101344 -0.034414 0.161154
0.110962 -0.101685 0.091675 0.215742 -0.197704 0.178243
0.142700 -0.188599 0.102905 0.277451 -0.366691 0.200078
0.145996 -0.230103 0.123413 0.283859 -0.447386 0.239951
0.127686 -0.228027 0.154541 0.248258 -0.443352 0.300473
0.096802 -0.204468 0.190796 0.188211 -0.397545 0.370963
0.059814 -0.183716 0.224609 0.116297 -0.357197 0.436706
0.017090 -0.183960 0.259155 0.033228 -0.357672 0.503873
-0.034790 -0.203857 0.301514 -0.067642 -0.396358 0.586231
-0.092041 -0.234253 0.361694 -0.178955 -0.455456 0.703239
-0.139038 -0.266235 0.453369 -0.270331 -0.517639 0.881482
-0.151978 -0.308350 0.575562 -0.295489 -0.599522 1.119059
-0.114014 -0.346680 0.701538 -0.221676 -0.674046 1.363995
-0.042603 -0.390259 0.800415 -0.082832 -0.758777 1.556240
0.029663 -0.451904 0.861206 0.057674 -0.878634 1.674436
0.080444 -0.524536 0.887695 0.156407 -1.019851 1.725939
0.116577 -0.498779 0.890381 0.226660 -0.969772 1.731160
0.129272 -0.502075 0.875610 0.251343 -0.976181 1.702442
0.117920 -0.478882 0.836426 0.229271 -0.931086 1.626256
0.070557 -0.424683 0.772583 0.137183 -0.825707 1.502127
-0.012085 -0.420410 0.691040 -0.023497 -0.817400 1.343583
-0.099609 -0.368652 0.586792 -0.193670 -0.716768 1.140895
-0.169556 -0.277466 0.483643 -0.329666 -0.539474 0.940342
-0.188354 -0.245728 0.390869 -0.366216 -0.477766 0.759964
-0.147949 -0.035889 0.301636 -0.287656 -0.069778 0.586468
-0.083862 0.158936 0.239624 -0.163053 0.309017 0.465899
-0.013794 0.191040 0.203369 -0.026819 0.371438 0.395409
0.058594 0.156128 0.173950 0.113923 0.303558 0.338210
0.118164 0.064087 0.135498 0.229745 0.124604 0.263448
0.158813 0.022095 0.085938 0.308780 0.042959 0.167088
0.165527 0.039429 0.036133 0.321833 0.076661 0.070253
0.142090 0.000000 0.000488 0.276264 0.000000 0.000949
0.101074 -0.046875 -0.023071 0.196518 -0.091139 -0.044857
0.052734 -0.024048 -0.032837 0.102531 -0.046756 -0.063845
0.004761 -0.032837 -0.029541 0.009256 -0.063845 -0.057436
-0.038696 -0.004883 -0.015625 -0.075237 -0.009494 -0.030380
-0.076294 0.054688 0.013062 -0.148338 0.106328 0.025395
-0.104980 0.120972 0.047852 -0.204113 0.235204 0.093037
-0.123047 0.183105 0.073730 -0.239239 0.356010 0.143354
-0.127197 0.204590 0.084351 -0.247309 0.397782 0.164002
-0.115479 0.177612 0.083496 -0.224524 0.345330 0.162341
-0.089478 0.126465 0.075684 -0.173970 0.245885 0.147151
-0.059692 0.075195 0.061768 -0.116059 0.146202 0.120094
-0.032227 0.033691 0.044434 -0.062658 0.065506 0.086392
-0.011230 0.005249 0.030273 -0.021835 0.010206 0.058860
0.002441 -0.000732 0.021362 0.004747 -0.001424 0.041535
0.008179 0.008179 0.017456 0.015902 0.015902 0.033940
0.009155 0.027588 0.012573 0.017801 0.053639 0.024446
0.007690 0.040161 0.007080 0.014952 0.078085 0.013766
0.005005 0.045776 -0.000610 0.009731 0.089003 -0.001187
0.003174 0.059204 -0.005249 0.006171 0.115110 -0.010206
0.004639 0.058105 -0.004883 0.009019 0.112974 -0.009494
0.010498 0.030273 -0.002930 0.020411 0.058860 -0.005696
0.017212 0.006470 -0.002441 0.033465 0.012579 -0.004747
0.018066 -0.014038 -0.005737 0.035126 -0.027294 -0.011155
0.011597 -0.009644 -0.011719 0.022547 -0.018750 -0.022785
0.005127 0.010986 -0.020386 0.009968 0.021361 -0.039636
0.002075 0.028198 -0.028687 0.004035 0.054826 -0.055775
0.002441 0.037842 -0.030273 0.004747 0.073575 -0.058860
0.001953 0.020752 -0.025391 0.003797 0.040348 -0.049367
-0.000244 0.017456 -0.019043 -0.000475 0.033940 -0.037025
-0.006836 0.007324 -0.013184 -0.013291 0.014240 -0.025633
-0.011475 0.005127 -0.011108 -0.022310 0.009968 -0.021598
-0.016113 0.009399 -0.013672 -0.031329 0.018275 -0.026582
-0.017578 -0.000854 -0.016724 -0.034177 -0.001661 -0.032516
-0.017212 -0.014160 -0.015137 -0.033465 -0.027531 -0.029430
-0.014160 -0.001587 -0.009521 -0.027531 -0.003085 -0.018513
-0.011597 0.025024 -0.006470 -0.022547 0.048655 -0.012579
-0.011719 0.038940 -0.010742 -0.022785 0.075712 -0.020886
-0.010620 0.040527 -0.017822 -0.020649 0.078797 -0.034652
-0.007324 0.034912 -0.021606 -0.014240 0.067879 -0.042009
-0.003052 0.021240 -0.020142 -0.005934 0.041297 -0.039161
-0.000732 0.006104 -0.016724 -0.001424 0.011867 -0.032516
-0.000244 0.000000 -0.012207 -0.000475 0.000000 -0.023734
0.001465 0.007813 -0.009644 0.002848 0.015190 -0.018750
0.004395 0.015747 -0.009033 0.008544 0.030617 -0.017563
0.005981 -0.001953 -0.011719 0.011630 -0.003797 -0.022785
0.004150 -0.030762 -0.012939 0.008070 -0.059810 -0.025158
-0.000488 -0.036499 -0.008057 -0.000949 -0.070965 -0.015664
-0.009766 -0.021973 -0.000244 -0.018987 -0.042721 -0.000475
-0.020752 -0.011963 0.007446 -0.040348 -0.023259 0.014478
-0.030640 -0.008057 0.013794 -0.059572 -0.015664 0.026819
-0.034302 0.000244 0.015503 -0.066693 0.000475 0.030142
-0.034058 0.011353 0.012085 -0.066218 0.022073 0.023497
-0.027954 0.000488 0.006958 -0.054351 0.000949 0.013528
-0.016602 -0.017334 0.002075 -0.032278 -0.033702 0.004035
-0.005371 -0.028687 -0.003540 -0.010443 -0.055775 -0.006883
-0.001709 -0.030273 -0.009888 -0.003323 -0.058860 -0.019225
-0.006470 -0.016602 -0.015869 -0.012579 -0.032278 -0.030854
-0.015747 0.000244 -0.018433 -0.030617 0.000475 -0.035838
-0.026611 0.006958 -0.018799 -0.051740 0.013528 -0.036550
-0.035400 0.004395 -0.018311 -0.068829 0.008544 -0.035601
-0.039185 0.008911 -0.018066 -0.076186 0.017326 -0.035126
-0.038208 0.032959 -0.018188 -0.074288 0.064082 -0.035364
-0.034546 0.048828 -0.019775 -0.067167 0.094936 -0.038449
-0.029419 0.036377 -0.024780 -0.057199 0.070727 -0.048180
-0.021729 0.016479 -0.029175 -0.042247 0.032041 -0.056724
-0.013794 0.002563 -0.030396 -0.026819 0.004984 -0.059098
-0.009521 -0.012085 -0.029175 -0.018513 -0.023497 -0.056724
-0.006592 -0.018066 -0.026978 -0.012816 -0.035126 -0.052452
-0.006470 -0.015137 -0.026733 -0.012579 -0.029430 -0.051978
-0.009033 -0.010742 -0.027344 -0.017563 -0.020886 -0.053164
-0.014160 0.002319 -0.026611 -0.027531 0.004509 -0.051740
-0.018066 0.019653 -0.024170 -0.035126 0.038212 -0.046993
-0.018433 0.024414 -0.021362 -0.035838 0.047468 -0.041535
-0.014648 0.014893 -0.018066 -0.028481 0.028956 -0.035126
