-0.037231 -0.173828 0.031128 -0.072389 -0.337973 0.060522
-0.102417 -0.207153 0.029175 -0.199128 -0.402766 0.056724
-0.171265 -0.193359 -0.003296 -0.332988 -0.375947 -0.006408
-0.242432 -0.222290 -0.043579 -0.471358 -0.432197 -0.084730
-0.317749 -0.275024 -0.093262 -0.617797 -0.534728 -0.181328
-0.417358 -0.224487 -0.144653 -0.811466 -0.436469 -0.281248
-0.537964 -0.204834 -0.183472 -1.045959 -0.398257 -0.356722
-0.671753 -0.357666 -0.210449 -1.306084 -0.695407 -0.409175
-0.781494 -0.525024 -0.233154 -1.519452 -1.020801 -0.453320
-0.870483 -0.658813 -0.261108 -1.692474 -1.280926 -0.507671
-0.960571 -0.778809 -0.290039 -1.867631 -1.514231 -0.563920
-1.053955 -0.899292 -0.310059 -2.049196 -1.748486 -0.602844
-1.146606 -0.986938 -0.313965 -2.229337 -1.918896 -0.610439
-1.236206 -1.011475 -0.303711 -2.403545 -1.966602 -0.590503
-1.320679 -0.991577 -0.293091 -2.567785 -1.927915 -0.569854
-1.387817 -0.971680 -0.292236 -2.698322 -1.889229 -0.568193
-1.432251 -0.957153 -0.304443 -2.784714 -1.860985 -0.591927
-1.457397 -0.922119 -0.324219 -2.833606 -1.792868 -0.630376
-1.470459 -0.843140 -0.344604 -2.859001 -1.639309 -0.670012
-1.471191 -0.736084 -0.358643 -2.860425 -1.431162 -0.697306
-1.457520 -0.594971 -0.362549 -2.833843 -1.156797 -0.704901
-1.425415 -0.415283 -0.356934 -2.771422 -0.807432 -0.693983
-1.372437 -0.211792 -0.344360 -2.668417 -0.411785 -0.669537
-1.292969 -0.030762 -0.328369 -2.513908 -0.059810 -0.638445
-1.183594 0.101318 -0.313843 -2.301251 0.196992 -0.610202
-1.047852 0.180420 -0.303223 -2.037329 0.350789 -0.589553
-0.898926 0.218384 -0.298828 -1.747774 0.424602 -0.581009
-0.757690 0.205322 -0.299561 -1.473171 0.399206 -0.582433
-0.636841 0.144897 -0.304443 -1.238204 0.281723 -0.591927
-0.545776 0.061890 -0.306030 -1.061148 0.120332 -0.595012
-0.484863 -0.036133 -0.290649 -0.942716 -0.070253 -0.565107
-0.450073 -0.115112 -0.252441 -0.875074 -0.223812 -0.490820
-0.432739 -0.146118 -0.193848 -0.841371 -0.284096 -0.376896
-0.418335 -0.148315 -0.130005 -0.813365 -0.288368 -0.252767
-0.400757 -0.134155 -0.071655 -0.779188 -0.260837 -0.139319
-0.380249 -0.108521 -0.027222 -0.739315 -0.210996 -0.052927
-0.357300 -0.085205 -0.002441 -0.694695 -0.165664 -0.004747
-0.332153 -0.079102 0.008667 -0.645803 -0.153797 0.016851
-0.307861 -0.090088 0.018555 -0.598572 -0.175157 0.036076
-0.284302 -0.103271 0.038086 -0.552766 -0.200790 0.074050
-0.258667 -0.097900 0.067627 -0.502924 -0.190347 0.131487
-0.228394 -0.090698 0.103271 -0.444064 -0.176344 0.200790
-0.195679 -0.087280 0.137573 -0.380456 -0.169698 0.267482
-0.162476 -0.069946 0.165405 -0.315900 -0.135996 0.321596
-0.135376 -0.048462 0.188477 -0.263210 -0.094224 0.366453
-0.113892 -0.025146 0.207397 -0.221438 -0.048892 0.403241
-0.095215 -0.002319 0.222900 -0.185125 -0.004509 0.433383
-0.074951 0.019409 0.233032 -0.145727 0.037737 0.453083
-0.051514 0.025635 0.238770 -0.100158 0.049841 0.464238
-0.026245 0.016113 0.246704 -0.051028 0.031329 0.479665
0.000854 -0.010254 0.264526 0.001661 -0.019937 0.514316
0.023315 -0.039185 0.294434 0.045332 -0.076186 0.572465
0.032593 -0.076294 0.339111 0.063370 -0.148338 0.659331
0.031006 -0.123169 0.395264 0.060284 -0.239476 0.768508
0.028564 -0.149170 0.461060 0.055538 -0.290030 0.896434
0.031616 -0.179565 0.537109 0.061471 -0.349128 1.044297
0.040405 -0.230103 0.626831 0.078560 -0.447386 1.218742
0.051147 -0.283936 0.723877 0.099446 -0.552054 1.407428
0.057129 -0.313843 0.822998 0.111075 -0.610202 1.600148
0.054077 -0.325806 0.923584 0.105142 -0.633461 1.795717
0.042114 -0.340576 1.026367 0.081882 -0.662179 1.995557
0.024170 -0.370972 1.139404 0.046993 -0.721277 2.215334
0.006226 -0.414551 1.268799 0.012104 -0.806008 2.466915
-0.003784 -0.441040 1.407837 -0.007358 -0.857510 2.737246
-0.005005 -0.450439 1.542358 -0.009731 -0.875786 2.998795
-0.003662 -0.476440 1.664429 -0.007120 -0.926339 3.236135
0.002441 -0.571899 1.770874 0.004747 -1.111939 3.443095
0.026245 -0.685913 1.848633 0.051028 -1.333615 3.594281
0.071167 -0.691406 1.890747 0.138369 -1.344295 3.676164
0.124756 -0.631348 1.906738 0.242562 -1.227524 3.707255
0.165039 -0.443604 1.881836 0.320884 -0.862495 3.658838
0.166626 -0.191284 1.792969 0.323969 -0.371912 3.486054
0.119141 0.053101 1.628540 0.231644 0.103243 3.166357
0.039673 0.246216 1.386963 0.077136 0.478715 2.696660
-0.045288 0.334961 1.100708 -0.088053 0.651262 2.140097
-0.115845 0.290771 0.805786 -0.225236 0.565345 1.566683
-0.170898 0.210327 0.536621 -0.332276 0.408937 1.043348
-0.206299 0.137695 0.326416 -0.401105 0.267720 0.634648
-0.222900 0.002319 0.178345 -0.433383 0.004509 0.346754
-0.222412 -0.170532 0.080200 -0.432434 -0.331564 0.155933
-0.206299 -0.289429 0.010376 -0.401105 -0.562734 0.020174
-0.182861 -0.361328 -0.052002 -0.355536 -0.702527 -0.101107
-0.162109 -0.387207 -0.108154 -0.315188 -0.752843 -0.210283
-0.147461 -0.353882 -0.149292 -0.286707 -0.688049 -0.290267
-0.136475 -0.253052 -0.163940 -0.265346 -0.492006 -0.318748
-0.126099 -0.106934 -0.138062 -0.245173 -0.207910 -0.268432
-0.116089 0.035278 -0.076294 -0.225711 0.068591 -0.148338
-0.101440 0.146973 -0.004028 -0.197230 0.285758 -0.007832
-0.079346 0.186768 0.042725 -0.154271 0.363131 0.083069
-0.052856 0.146606 0.048340 -0.102768 0.285046 0.093987
-0.030884 0.098877 0.020020 -0.060047 0.192246 0.038924
-0.018066 0.073364 -0.017212 -0.035126 0.142642 -0.033465
-0.010498 0.048096 -0.046631 -0.020411 0.093512 -0.090664
-0.005615 0.025146 -0.064331 -0.010918 0.048892 -0.125078
-0.000488 0.016846 -0.076660 -0.000949 0.032753 -0.149050
0.005615 0.016846 -0.088867 0.010918 0.032753 -0.172784
0.012573 0.016846 -0.097046 0.024446 0.032753 -0.188686
0.019409 0.020752 -0.097534 0.037737 0.040348 -0.189635
0.024536 0.018433 -0.091553 0.047705 0.035838 -0.178005
0.026611 0.008667 -0.082153 0.051740 0.016851 -0.159730
0.028320 0.002075 -0.068237 0.055063 0.004035 -0.132673
0.034546 0.001831 -0.053711 0.067167 0.003560 -0.104430
0.046021 0.001099 -0.042603 0.089477 0.002136 -0.082832
0.058960 -0.004761 -0.040894 0.114635 -0.009256 -0.079509
0.069824 -0.015991 -0.045898 0.135759 -0.031092 -0.089240
0.075073 -0.015137 -0.046509 0.145964 -0.029430 -0.090427
0.072632 -0.007080 -0.041504 0.141217 -0.013766 -0.080696
0.059814 -0.002319 -0.030762 0.116297 -0.004509 -0.059810
0.035400 0.002197 -0.012939 0.068829 0.004272 -0.025158
0.005493 0.032349 0.015137 0.010680 0.062895 0.029430
-0.024414 0.060303 0.041504 -0.047468 0.117246 0.080696
-0.049805 0.062988 0.055908 -0.096835 0.122468 0.108702
-0.066284 0.057617 0.054199 -0.128876 0.112025 0.105379
-0.073608 0.039307 0.040283 -0.143116 0.076424 0.078322
-0.073364 0.009033 0.016479 -0.142642 0.017563 0.032041
-0.068115 -0.017090 -0.010742 -0.132436 -0.033228 -0.020886
-0.060181 -0.037231 -0.031250 -0.117009 -0.072389 -0.060759
-0.052368 -0.055664 -0.036865 -0.101819 -0.108227 -0.071677
-0.045654 -0.060303 -0.028320 -0.088765 -0.117246 -0.055063
-0.039673 -0.050049 -0.014893 -0.077136 -0.097310 -0.028956
-0.033569 -0.033203 -0.005615 -0.065269 -0.064557 -0.010918
-0.026733 -0.021240 -0.004761 -0.051978 -0.041297 -0.009256
-0.018555 -0.006958 -0.010620 -0.036076 -0.013528 -0.020649
-0.008911 0.004639 -0.020752 -0.017326 0.009019 -0.040348
0.003540 0.009277 -0.032227 0.006883 0.018038 -0.062658
0.018188 0.000366 -0.041138 0.035364 0.000712 -0.079984
0.034302 -0.011963 -0.048462 0.066693 -0.023259 -0.094224
0.047852 -0.027710 -0.054810 0.093037 -0.053876 -0.106566
0.058594 -0.040894 -0.062256 0.113923 -0.079509 -0.121044
0.065918 -0.054443 -0.069092 0.128164 -0.105854 -0.134335
0.066284 -0.065552 -0.072021 0.128876 -0.127452 -0.140031
0.060181 -0.062988 -0.069092 0.117009 -0.122468 -0.134335
0.046143 -0.046265 -0.060059 0.089715 -0.089952 -0.116771
0.029541 -0.026855 -0.050049 0.057436 -0.052215 -0.097310
0.012695 -0.012451 -0.040771 0.024683 -0.024209 -0.079272
-0.001221 -0.005859 -0.034302 -0.002373 -0.011392 -0.066693
-0.012817 -0.005981 -0.028809 -0.024921 -0.011630 -0.056012
-0.020996 -0.005615 -0.023071 -0.040823 -0.010918 -0.044857
-0.028076 -0.002808 -0.016235 -0.054588 -0.005459 -0.031566
-0.034546 0.002563 -0.011108 -0.067167 0.004984 -0.021598
-0.037598 0.010864 -0.011963 -0.073101 0.021123 -0.023259
-0.036011 0.015137 -0.017944 -0.070015 0.029430 -0.034889
-0.029541 0.010254 -0.028809 -0.057436 0.019937 -0.056012
-0.019287 0.001831 -0.041382 -0.037500 0.003560 -0.080458
-0.007568 -0.001831 -0.050659 -0.014715 -0.003560 -0.098496
0.002563 -0.004395 -0.054932 0.004984 -0.008544 -0.106803
0.010132 -0.008667 -0.056274 0.019699 -0.016851 -0.109414
0.016235 -0.021240 -0.054565 0.031566 -0.041297 -0.106091
0.021484 -0.046753 -0.049438 0.041772 -0.090901 -0.096123
0.023804 -0.069458 -0.039673 0.046281 -0.135047 -0.077136
