-0.466431 0.027222 0.093262 -0.906877 0.052927 0.181328
-0.476318 0.053345 0.163696 -0.926102 0.103718 0.318273
-0.466919 0.047852 0.222290 -0.907827 0.093037 0.432197
-0.438599 0.036621 0.269653 -0.852764 0.071202 0.524285
-0.385620 0.008789 0.313477 -0.749758 0.017089 0.609490
-0.315308 -0.007935 0.363037 -0.613050 -0.015427 0.705850
-0.249146 0.256104 0.419434 -0.484412 0.497940 0.815501
-0.191162 0.443359 0.507202 -0.371675 0.862020 0.986149
-0.156982 0.327637 0.595947 -0.305220 0.637021 1.158695
-0.098633 0.166748 0.641968 -0.191771 0.324207 1.248173
-0.013428 0.117310 0.642334 -0.026107 0.228084 1.248885
0.093140 0.125732 0.619873 0.181091 0.244460 1.205214
0.223999 0.125854 0.599365 0.435519 0.244698 1.165341
0.380737 0.095581 0.595825 0.740264 0.185837 1.158458
0.564697 0.022583 0.626343 1.097936 0.043908 1.217793
0.766968 -0.041870 0.683350 1.491209 -0.081408 1.328631
0.970581 -0.110474 0.743042 1.887093 -0.214793 1.444690
1.156128 -0.214844 0.795166 2.247850 -0.417719 1.546035
1.317993 -0.296997 0.835815 2.562563 -0.577449 1.625069
1.448486 -0.299561 0.848511 2.816280 -0.582433 1.649752
1.531250 -0.287964 0.811157 2.977196 -0.559886 1.577126
1.550415 -0.284424 0.726318 3.014459 -0.553003 1.412175
1.513062 -0.320557 0.633057 2.941833 -0.623256 1.230847
1.448608 -0.368164 0.571655 2.816517 -0.715818 1.111465
1.382324 -0.329468 0.542358 2.687641 -0.640581 1.054503
1.302490 -0.224854 0.516479 2.532421 -0.437181 1.004187
1.188110 -0.165283 0.474731 2.310033 -0.321359 0.923016
1.043335 -0.145874 0.425659 2.028548 -0.283622 0.827606
0.898071 -0.153564 0.399658 1.746112 -0.298574 0.777052
0.786743 -0.097168 0.425537 1.529658 -0.188923 0.827368
0.737549 -0.018677 0.504883 1.434010 -0.036313 0.981639
0.746826 0.045044 0.598877 1.452048 0.087579 1.164391
0.784058 0.094727 0.658203 1.524437 0.184176 1.279739
0.823364 0.089966 0.654663 1.600860 0.174920 1.272856
0.850098 0.083862 0.612427 1.652838 0.163053 1.190736
0.870972 0.008545 0.554810 1.693423 0.016614 1.078712
0.889282 -0.066406 0.481934 1.729024 -0.129113 0.937019
0.872437 -0.123535 0.400269 1.696271 -0.240188 0.778239
0.797729 -0.166626 0.302490 1.551019 -0.323969 0.588129
0.655029 -0.142456 0.191528 1.273568 -0.276976 0.372387
0.467041 -0.074829 0.082764 0.908064 -0.145490 0.160917
0.262695 -0.104126 0.001587 0.510756 -0.202451 0.003085
0.070435 -0.149170 -0.045166 0.136945 -0.290030 -0.087816
-0.089111 -0.111938 -0.060059 -0.173258 -0.217641 -0.116771
-0.213623 -0.015625 -0.044312 -0.415345 -0.030380 -0.086155
-0.302124 0.075928 -0.013062 -0.587417 0.147626 -0.025395
-0.363770 0.140137 0.013672 -0.707274 0.272467 0.026582
-0.415161 0.166626 0.029175 -0.807194 0.323969 0.056724
-0.469238 0.199341 0.040039 -0.912336 0.387577 0.077848
-0.526978 0.266968 0.048706 -1.024598 0.519063 0.094699
-0.581177 0.372070 0.055542 -1.129977 0.723413 0.107990
-0.626831 0.498291 0.057739 -1.218742 0.968823 0.112262
-0.655518 0.436768 0.056274 -1.274517 0.849204 0.109414
-0.655762 0.226440 0.031128 -1.274992 0.440266 0.060522
-0.618652 0.110962 -0.031860 -1.202841 0.215742 -0.061946
-0.573975 0.043823 -0.112305 -1.115974 0.085205 -0.218353
-0.557373 -0.046143 -0.181030 -1.083696 -0.089715 -0.351976
-0.581909 -0.118164 -0.220581 -1.131401 -0.229745 -0.428874
-0.641602 -0.118042 -0.242188 -1.247460 -0.229508 -0.470883
-0.720337 -0.046021 -0.251221 -1.400545 -0.089477 -0.488446
-0.789185 0.003540 -0.248657 -1.534405 0.006883 -0.483462
-0.832642 -0.002075 -0.244873 -1.618898 -0.004035 -0.476105
-0.860107 -0.019531 -0.242798 -1.672300 -0.037974 -0.472070
-0.873657 -0.082153 -0.240112 -1.698644 -0.159730 -0.466848
-0.871582 -0.120850 -0.233154 -1.694610 -0.234967 -0.453320
-0.866821 -0.112793 -0.212891 -1.685353 -0.219302 -0.413921
-0.876831 -0.067383 -0.168701 -1.704815 -0.131012 -0.328004
-0.903076 0.046631 -0.103638 -1.755843 0.090664 -0.201502
-0.942505 0.182861 -0.026245 -1.832504 0.355536 -0.051028
-0.988403 0.217529 0.050903 -1.921744 0.422940 0.098971
-1.036499 0.208496 0.117676 -2.015256 0.405377 0.228796
-1.072388 0.235107 0.170044 -2.085034 0.457117 0.330615
-1.084473 0.228394 0.208252 -2.108531 0.444064 0.404903
-1.063232 0.138550 0.220825 -2.067234 0.269381 0.429349
-1.007080 0.142212 0.200073 -1.958057 0.276501 0.389001
-0.914795 0.144531 0.155151 -1.778628 0.281011 0.301659
-0.796509 0.120483 0.103638 -1.548645 0.234255 0.201502
-0.650391 0.092163 0.063721 -1.264549 0.179192 0.123892
-0.489380 0.068115 0.038452 -0.951497 0.132436 0.074762
-0.333008 0.070435 0.033569 -0.647464 0.136945 0.065269
-0.206055 0.072266 0.042358 -0.400630 0.140505 0.082357
-0.120605 0.068237 0.050537 -0.234492 0.132673 0.098259
-0.071167 0.080078 0.046387 -0.138369 0.155695 0.090189
-0.041992 0.090576 0.030396 -0.081645 0.176106 0.059098
-0.021362 0.089111 0.008911 -0.041535 0.173258 0.017326
-0.004517 0.058716 -0.009155 -0.008782 0.114161 -0.017801
0.010986 0.023438 -0.020142 0.021361 0.045569 -0.039161
0.024170 -0.003418 -0.028076 0.046993 -0.006646 -0.054588
0.036011 -0.044312 -0.031860 0.070015 -0.086155 -0.061946
0.049072 -0.088257 -0.029053 0.095411 -0.171597 -0.056487
0.063354 -0.104980 -0.020264 0.123180 -0.204113 -0.039398
0.078979 -0.093628 -0.005615 0.153559 -0.182040 -0.010918
0.094238 -0.067261 0.010376 0.183227 -0.130774 0.020174
0.107300 -0.041992 0.024902 0.208622 -0.081645 0.048417
0.114624 -0.011230 0.033325 0.222863 -0.021835 0.064794
0.112061 0.024902 0.035278 0.217878 0.048417 0.068591
0.098022 0.034668 0.028442 0.190584 0.067405 0.055300
0.077393 0.034424 0.016602 0.150474 0.066930 0.032278
0.056152 0.034180 0.003418 0.109177 0.066455 0.006646
0.034546 0.030884 -0.001709 0.067167 0.060047 -0.003323
0.014282 0.037842 0.005493 0.027769 0.073575 0.010680
0.000977 0.068359 0.016357 0.001899 0.132911 0.031804
-0.004272 0.105835 0.022949 -0.008307 0.205774 0.044620
-0.005005 0.121948 0.022583 -0.009731 0.237103 0.043908
-0.005249 0.106445 0.020264 -0.010206 0.206961 0.039398
-0.007568 0.077026 0.019897 -0.014715 0.149762 0.038686
-0.011963 0.055664 0.022339 -0.023259 0.108227 0.043433
-0.018555 0.044678 0.028076 -0.036076 0.086867 0.054588
-0.023193 0.035400 0.034180 -0.045095 0.068829 0.066455
-0.021362 0.031982 0.036499 -0.041535 0.062183 0.070965
-0.012329 0.021729 0.033936 -0.023971 0.042247 0.065981
-0.002197 0.011597 0.027710 -0.004272 0.022547 0.053876
-0.000122 0.010010 0.020264 -0.000237 0.019462 0.039398
-0.005981 0.017090 0.013550 -0.011630 0.033228 0.026345
-0.014526 0.032104 0.008057 -0.028243 0.062420 0.015664
-0.020874 0.043091 0.003418 -0.040585 0.083781 0.006646
-0.023315 0.048706 0.002686 -0.045332 0.094699 0.005221
-0.023071 0.058838 0.005615 -0.044857 0.114398 0.010918
-0.023193 0.070679 0.011353 -0.045095 0.137420 0.022073
-0.026367 0.074219 0.013550 -0.051266 0.144303 0.026345
-0.031860 0.077393 0.009155 -0.061946 0.150474 0.017801
-0.034302 0.076904 -0.003296 -0.066693 0.149524 -0.006408
-0.031860 0.059082 -0.020874 -0.061946 0.114873 -0.040585
-0.026733 0.028442 -0.037964 -0.051978 0.055300 -0.073813
-0.021606 0.003296 -0.048950 -0.042009 0.006408 -0.095173
-0.017944 -0.004761 -0.048950 -0.034889 -0.009256 -0.095173
-0.015747 -0.000732 -0.039673 -0.030617 -0.001424 -0.077136
-0.012939 0.009277 -0.025146 -0.025158 0.018038 -0.048892
-0.011963 0.023193 -0.012817 -0.023259 0.045095 -0.024921
-0.013794 0.035278 -0.007324 -0.026819 0.068591 -0.014240
-0.015747 0.036133 -0.008789 -0.030617 0.070253 -0.017089
-0.013916 0.029419 -0.014648 -0.027057 0.057199 -0.028481
-0.008545 0.018311 -0.020142 -0.016614 0.035601 -0.039161
-0.000977 0.006470 -0.022461 -0.001899 0.012579 -0.043671
0.007690 -0.007813 -0.022339 0.014952 -0.015190 -0.043433
0.014282 -0.013916 -0.020996 0.027769 -0.027057 -0.040823
0.016602 -0.012207 -0.021362 0.032278 -0.023734 -0.041535
0.014282 -0.006226 -0.025757 0.027769 -0.012104 -0.050079
0.007690 -0.001343 -0.033569 0.014952 -0.002611 -0.065269
-0.000854 -0.003784 -0.040649 -0.001661 -0.007358 -0.079034
-0.007324 -0.005371 -0.040649 -0.014240 -0.010443 -0.079034
-0.010620 -0.005249 -0.034546 -0.020649 -0.010206 -0.067167
-0.011475 -0.009033 -0.029541 -0.022310 -0.017563 -0.057436
-0.011719 -0.006958 -0.030273 -0.022785 -0.013528 -0.058860
-0.015015 -0.001953 -0.034546 -0.029193 -0.003797 -0.067167
-0.022339 -0.011475 -0.039307 -0.043433 -0.022310 -0.076424
-0.031494 -0.026611 -0.042358 -0.061234 -0.051740 -0.082357
-0.039429 -0.041626 -0.042847 -0.076661 -0.080933 -0.083306
-0.043579 -0.053589 -0.043335 -0.084730 -0.104192 -0.084256
-0.045654 -0.055908 -0.039795 -0.088765 -0.108702 -0.077373
