-0.277832 -0.189453 0.046875 -0.540186 -0.368352 0.091139
-0.280029 -0.193237 0.104614 -0.544459 -0.375710 0.203401
-0.270386 -0.266724 0.150269 -0.525709 -0.518589 0.292166
-0.240601 -0.332153 0.180786 -0.467798 -0.645803 0.351501
-0.194214 -0.379028 0.232056 -0.377608 -0.736942 0.451184
-0.116333 -0.355103 0.301758 -0.226185 -0.690423 0.586705
-0.009277 -0.212036 0.392700 -0.018038 -0.412260 0.763524
0.114746 0.198364 0.513550 0.223100 0.385678 0.998491
0.229736 0.427246 0.650269 0.446674 0.830691 1.264312
0.354370 0.435059 0.751953 0.688999 0.845881 1.462016
0.503418 0.272339 0.781494 0.978791 0.529506 1.519452
0.689331 0.053955 0.755859 1.340261 0.104904 1.469611
0.893799 -0.138916 0.700806 1.737806 -0.270093 1.362571
1.104004 -0.286987 0.642456 2.146506 -0.557987 1.249122
1.304199 -0.407715 0.608398 2.535744 -0.792717 1.182904
1.483521 -0.527954 0.610474 2.884397 -1.026497 1.186939
1.642578 -0.613159 0.630737 3.193651 -1.192160 1.226337
1.766846 -0.632813 0.655151 3.435263 -1.230372 1.273805
1.846436 -0.622437 0.685669 3.590009 -1.210198 1.333140
1.878906 -0.551758 0.720703 3.653142 -1.072778 1.401257
1.860229 -0.452637 0.742676 3.616829 -0.880058 1.443978
1.774658 -0.381592 0.737305 3.450453 -0.741926 1.433535
1.621216 -0.205811 0.711792 3.152116 -0.400156 1.383931
1.417480 -0.022583 0.663208 2.755995 -0.043908 1.289470
1.187622 0.164795 0.604858 2.309084 0.320409 1.176021
0.946533 0.308716 0.530151 1.840337 0.600234 1.030769
0.713135 0.385864 0.427612 1.386542 0.750233 0.831403
0.502197 0.430786 0.301636 0.976418 0.837574 0.586468
0.326294 0.356201 0.173096 0.634411 0.692559 0.336549
0.201050 0.186035 0.052979 0.390899 0.361707 0.103006
0.126343 0.078003 -0.047729 0.245647 0.151660 -0.092800
0.069580 0.030762 -0.109497 0.135284 0.059810 -0.212894
0.017090 0.042480 -0.132690 0.033228 0.082594 -0.257989
-0.030762 0.104004 -0.118408 -0.059810 0.202214 -0.230220
-0.070923 0.097046 -0.069580 -0.137895 0.188686 -0.135284
-0.096313 0.111450 -0.015259 -0.187261 0.216692 -0.029668
-0.116943 0.182007 0.038940 -0.227372 0.353874 0.075712
-0.145020 0.112305 0.090698 -0.281960 0.218353 0.176344
-0.165771 0.054443 0.107300 -0.322308 0.105854 0.208622
-0.197266 0.033447 0.098877 -0.383542 0.065031 0.192246
-0.241699 -0.024902 0.080811 -0.469934 -0.048417 0.157119
-0.292603 -0.035767 0.062500 -0.568905 -0.069541 0.121518
-0.347534 -0.012939 0.048218 -0.675708 -0.025158 0.093749
-0.403809 0.037720 0.041992 -0.785122 0.073338 0.081645
-0.463623 0.036499 0.047119 -0.901418 0.070965 0.091613
-0.527588 0.024658 0.062134 -1.025785 0.047943 0.120806
-0.597778 0.016113 0.076050 -1.162255 0.031329 0.147863
-0.680664 0.034790 0.081299 -1.323409 0.067642 0.158069
-0.777100 0.047119 0.078735 -1.510908 0.091613 0.153084
-0.874512 0.054810 0.072998 -1.700306 0.106566 0.141929
-0.970215 0.099731 0.066040 -1.886381 0.193907 0.128401
-1.075195 0.171021 0.070068 -2.090493 0.332514 0.136233
-1.187866 0.021240 0.099609 -2.309558 0.041297 0.193670
-1.283569 -0.021729 0.125732 -2.495633 -0.042247 0.244460
-1.356445 0.035034 0.133179 -2.637325 0.068117 0.258938
-1.416870 0.094604 0.135498 -2.754809 0.183939 0.263448
-1.454102 0.184082 0.137085 -2.827198 0.357909 0.266533
-1.463745 0.208130 0.149048 -2.845947 0.404665 0.289792
-1.441162 0.291138 0.165894 -2.802039 0.566057 0.322545
-1.389771 0.382080 0.181519 -2.702119 0.742875 0.352925
-1.315796 0.479614 0.189575 -2.558291 0.932510 0.368589
-1.222534 0.506470 0.188965 -2.376963 0.984725 0.367403
-1.111572 0.404541 0.181641 -2.161221 0.786546 0.353162
-0.982422 0.280151 0.155640 -1.910115 0.544696 0.302609
-0.839233 0.230225 0.107300 -1.631714 0.447624 0.208622
-0.696777 0.150146 0.048340 -1.354738 0.291929 0.093987
-0.564453 0.032593 -0.008789 -1.097461 0.063370 -0.017089
-0.452393 -0.055542 -0.058105 -0.879583 -0.107990 -0.112974
-0.364624 -0.102661 -0.093506 -0.708935 -0.199603 -0.181803
-0.301636 -0.123047 -0.110352 -0.586468 -0.239239 -0.214556
-0.257690 -0.113525 -0.109253 -0.501025 -0.220726 -0.212420
-0.219604 -0.104492 -0.100342 -0.426975 -0.203163 -0.195094
-0.177124 -0.106689 -0.088135 -0.344381 -0.207435 -0.171360
-0.129395 -0.117676 -0.077759 -0.251581 -0.228796 -0.151186
-0.080444 -0.118896 -0.068359 -0.156407 -0.231169 -0.132911
-0.036133 -0.108398 -0.062622 -0.070253 -0.210758 -0.121756
0.000000 -0.100464 -0.062500 0.000000 -0.195331 -0.121518
0.026367 -0.103760 -0.067627 0.051266 -0.201739 -0.131487
0.045288 -0.114502 -0.073853 0.088053 -0.222625 -0.143591
0.058228 -0.111572 -0.076660 0.113211 -0.216929 -0.149050
0.064087 -0.094238 -0.075562 0.124604 -0.183227 -0.146914
0.059937 -0.078857 -0.071411 0.116534 -0.153322 -0.138844
0.050903 -0.071655 -0.064331 0.098971 -0.139319 -0.125078
0.042236 -0.059937 -0.055420 0.082120 -0.116534 -0.107752
0.035522 -0.044067 -0.043701 0.069066 -0.085680 -0.084968
0.030029 -0.035278 -0.030396 0.058386 -0.068591 -0.059098
0.027344 -0.023315 -0.018311 0.053164 -0.045332 -0.035601
0.025757 -0.004272 -0.011108 0.050079 -0.008307 -0.021598
0.027222 0.007935 -0.008911 0.052927 0.015427 -0.017326
0.033081 0.004517 -0.011108 0.064319 0.008782 -0.021598
0.039307 -0.008545 -0.014038 0.076424 -0.016614 -0.027294
0.044067 -0.022705 -0.014038 0.085680 -0.044145 -0.027294
0.048706 -0.031128 -0.010132 0.094699 -0.060522 -0.019699
0.052734 -0.030396 -0.003174 0.102531 -0.059098 -0.006171
0.055176 -0.022095 0.001587 0.107278 -0.042959 0.003085
0.054443 -0.020142 0.001587 0.105854 -0.039161 0.003085
0.050903 -0.018433 -0.001099 0.098971 -0.035838 -0.002136
0.043335 -0.013306 -0.004150 0.084256 -0.025870 -0.008070
0.033813 -0.011719 -0.004028 0.065743 -0.022785 -0.007832
0.028564 -0.012329 -0.000488 0.055538 -0.023971 -0.000949
0.028198 -0.005615 0.005615 0.054826 -0.010918 0.010918
0.031250 0.003174 0.011230 0.060759 0.006171 0.021835
0.034180 0.013428 0.011841 0.066455 0.026107 0.023022
0.035400 0.024780 0.004150 0.068829 0.048180 0.008070
0.034180 0.027466 -0.006836 0.066455 0.053402 -0.013291
0.032593 0.022705 -0.019409 0.063370 0.044145 -0.037737
0.032227 0.017944 -0.028564 0.062658 0.034889 -0.055538
0.033203 0.005371 -0.033203 0.064557 0.010443 -0.064557
0.036865 -0.010254 -0.035156 0.071677 -0.019937 -0.068354
0.043335 -0.025879 -0.041748 0.084256 -0.050316 -0.081170
0.054443 -0.045288 -0.051880 0.105854 -0.088053 -0.100870
0.069458 -0.052490 -0.059448 0.135047 -0.102056 -0.115585
0.084961 -0.037842 -0.062134 0.165189 -0.073575 -0.120806
0.096191 -0.018066 -0.057983 0.187024 -0.035126 -0.112737
0.100342 -0.006592 -0.052368 0.195094 -0.012816 -0.101819
0.096436 -0.002197 -0.046509 0.187499 -0.004272 -0.090427
0.084717 -0.005981 -0.042480 0.164714 -0.011630 -0.082594
0.063599 -0.017456 -0.035645 0.123654 -0.033940 -0.069303
0.038208 -0.025879 -0.023193 0.074288 -0.050316 -0.045095
0.015991 -0.019897 -0.007202 0.031092 -0.038686 -0.014003
0.000610 -0.001587 0.004395 0.001187 -0.003085 0.008544
-0.007690 0.015015 0.004028 -0.014952 0.029193 0.007832
-0.008667 0.021240 -0.009033 -0.016851 0.041297 -0.017563
-0.003052 0.010498 -0.032104 -0.005934 0.020411 -0.062420
0.002686 -0.016968 -0.054321 0.005221 -0.032990 -0.105616
0.004883 -0.044556 -0.063232 0.009494 -0.086629 -0.122942
0.001831 -0.048828 -0.056763 0.003560 -0.094936 -0.110363
-0.006592 -0.032349 -0.042358 -0.012816 -0.062895 -0.082357
-0.022705 -0.014648 -0.026611 -0.044145 -0.028481 -0.051740
-0.043091 0.002563 -0.009888 -0.083781 0.004984 -0.019225
-0.059204 0.014404 0.006470 -0.115110 0.028006 0.012579
-0.066406 0.017822 0.019043 -0.129113 0.034652 0.037025
-0.065063 0.012085 0.021362 -0.126502 0.023497 0.041535
-0.058228 -0.000732 0.016602 -0.113211 -0.001424 0.032278
-0.048096 -0.012939 0.010132 -0.093512 -0.025158 0.019699
-0.038208 -0.018921 0.009766 -0.074288 -0.036788 0.018987
-0.030884 -0.017700 0.017700 -0.060047 -0.034414 0.034414
-0.028198 -0.010498 0.031494 -0.054826 -0.020411 0.061234
-0.030029 -0.003906 0.046387 -0.058386 -0.007595 0.090189
-0.033081 -0.001831 0.056763 -0.064319 -0.003560 0.110363
-0.032471 -0.003174 0.059937 -0.063133 -0.006171 0.116534
-0.030518 -0.002441 0.056763 -0.059335 -0.004747 0.110363
-0.026733 -0.001587 0.049316 -0.051978 -0.003085 0.095885
-0.022461 -0.005615 0.038086 -0.043671 -0.010918 0.074050
-0.019165 -0.015015 0.024536 -0.037262 -0.029193 0.047705
-0.016235 -0.018311 0.013672 -0.031566 -0.035601 0.026582
-0.013184 -0.011719 0.007813 -0.025633 -0.022785 0.015190
-0.009399 -0.004028 0.005737 -0.018275 -0.007832 0.011155
-0.004028 0.008057 0.003418 -0.007832 0.015664 0.006646
0.001831 0.022827 -0.001587 0.003560 0.044383 -0.003085
