-0.183594 -0.290039 0.099487 -0.356960 -0.563920 0.193432
-0.183105 -0.206665 0.188843 -0.356010 -0.401817 0.367165
-0.158936 -0.216309 0.244873 -0.309017 -0.420567 0.476105
-0.128296 -0.213745 0.269409 -0.249445 -0.415583 0.523810
-0.090576 -0.234375 0.280273 -0.176106 -0.455693 0.544933
-0.051514 -0.245605 0.282593 -0.100158 -0.477529 0.549443
-0.019043 -0.186646 0.291870 -0.037025 -0.362893 0.567481
-0.002197 0.031250 0.320068 -0.004272 0.060759 0.622306
-0.011353 0.060791 0.382202 -0.022073 0.118195 0.743112
-0.016602 -0.067139 0.464111 -0.032278 -0.130537 0.902368
-0.004028 -0.175537 0.540771 -0.007832 -0.341295 1.051417
0.032471 -0.220459 0.603394 0.063133 -0.428637 1.173173
0.081665 -0.234497 0.652832 0.158781 -0.455931 1.269296
0.140625 -0.241455 0.699707 0.273416 -0.469459 1.360435
0.216553 -0.237427 0.750122 0.421042 -0.461627 1.458456
0.314697 -0.226807 0.811035 0.611863 -0.440978 1.576889
0.431641 -0.208252 0.883667 0.839235 -0.404903 1.718106
0.572388 -0.240234 0.957153 1.112889 -0.467086 1.860985
0.737549 -0.325928 1.008545 1.434010 -0.633699 1.960905
0.915039 -0.435547 1.013306 1.779103 -0.846830 1.970162
1.085693 -0.548218 0.966431 2.110904 -1.065895 1.879023
1.238770 -0.641602 0.879639 2.408529 -1.247460 1.710274
1.378052 -0.697144 0.771973 2.679334 -1.355450 1.500940
1.501953 -0.722656 0.661743 2.920235 -1.405054 1.286622
1.594849 -0.719849 0.559326 3.100851 -1.399596 1.087493
1.637939 -0.654419 0.464722 3.184632 -1.272381 0.903554
1.624023 -0.551880 0.381104 3.157575 -1.073015 0.740976
1.567749 -0.496582 0.316528 3.048161 -0.965500 0.615423
1.481079 -0.483032 0.265503 2.879650 -0.939156 0.516215
1.357056 -0.478149 0.224731 2.638512 -0.929662 0.436943
1.195190 -0.518311 0.203979 2.323799 -1.007747 0.396596
1.005005 -0.576050 0.216797 1.954023 -1.120009 0.421516
0.810303 -0.559814 0.264771 1.575465 -1.088443 0.514791
0.627930 -0.455811 0.329346 1.220878 -0.886229 0.640344
0.472290 -0.287231 0.387695 0.918270 -0.558462 0.753793
0.348145 -0.079102 0.419556 0.676894 -0.153797 0.815739
0.244873 0.059326 0.417847 0.476105 0.115347 0.812416
0.159424 0.115356 0.386719 0.309966 0.224287 0.751894
0.089966 0.112671 0.341431 0.174920 0.219065 0.663841
0.031372 0.092041 0.296265 0.060996 0.178955 0.576025
-0.028931 0.073608 0.265137 -0.056250 0.143116 0.515503
-0.098633 0.046875 0.251953 -0.191771 0.091139 0.489870
-0.180908 0.033203 0.248779 -0.351738 0.064557 0.483700
-0.276855 0.049561 0.245850 -0.538288 0.096360 0.478003
-0.377808 0.061646 0.237671 -0.734568 0.119857 0.462102
-0.472656 0.064087 0.224121 -0.918982 0.124604 0.435757
-0.560791 0.057251 0.210571 -1.090341 0.111313 0.409412
-0.650513 0.079346 0.207397 -1.264786 0.154271 0.403241
-0.741821 0.139771 0.222534 -1.442317 0.271755 0.432671
-0.829956 0.190674 0.250244 -1.613677 0.370726 0.486548
-0.907471 0.183228 0.275757 -1.764388 0.356248 0.536152
-0.968140 0.119141 0.297241 -1.882346 0.231644 0.577924
-1.013306 0.061401 0.305054 -1.970162 0.119382 0.593113
-1.052246 -0.001221 0.281250 -2.045873 -0.002373 0.546832
-1.095337 -0.083618 0.218506 -2.129654 -0.162578 0.424839
-1.141357 -0.174683 0.133301 -2.219132 -0.339634 0.259176
-1.181519 -0.218262 0.051392 -2.297217 -0.424364 0.099920
-1.205811 -0.189941 -0.003052 -2.344447 -0.369301 -0.005934
-1.202026 -0.094482 -0.014526 -2.337090 -0.183701 -0.028243
-1.173584 0.017944 0.017822 -2.281790 0.034889 0.034652
-1.132080 0.108032 0.087769 -2.201094 0.210046 0.170648
-1.084595 0.175781 0.177002 -2.108768 0.341770 0.344143
-1.025024 0.265503 0.264893 -1.992946 0.516215 0.515028
-0.943604 0.350952 0.329712 -1.834640 0.682353 0.641056
-0.838013 0.386719 0.354858 -1.629341 0.751894 0.689948
-0.719727 0.378906 0.338989 -1.399358 0.736704 0.659094
-0.596436 0.319946 0.290039 -1.159645 0.622069 0.563920
-0.479980 0.248413 0.225098 -0.933222 0.482987 0.437655
-0.379028 0.212891 0.155640 -0.736942 0.413921 0.302609
-0.299683 0.217041 0.098633 -0.582670 0.421991 0.191771
-0.238281 0.226685 0.066162 -0.463288 0.440741 0.128638
-0.190674 0.223389 0.059448 -0.370726 0.434333 0.115585
-0.160156 0.210938 0.070557 -0.311390 0.410124 0.137183
-0.146606 0.192261 0.088135 -0.285046 0.373811 0.171360
-0.145630 0.175171 0.103516 -0.283147 0.340583 0.201265
-0.150269 0.169922 0.109131 -0.292166 0.330378 0.212182
-0.151978 0.181641 0.104126 -0.295489 0.353162 0.202451
-0.138916 0.180054 0.087891 -0.270093 0.350077 0.170885
-0.107666 0.141357 0.062866 -0.209334 0.274840 0.122230
-0.064575 0.080078 0.036255 -0.125553 0.155695 0.070490
-0.024048 0.032349 0.013916 -0.046756 0.062895 0.027057
0.002563 0.028442 0.000122 0.004984 0.055300 0.000237
0.016113 0.054932 -0.007202 0.031329 0.106803 -0.014003
0.020020 0.068726 -0.009644 0.038924 0.133623 -0.018750
0.016846 0.059326 -0.007202 0.032753 0.115347 -0.014003
0.010132 0.047729 -0.001831 0.019699 0.092800 -0.003560
0.002319 0.035645 0.001831 0.004509 0.069303 0.003560
-0.005615 0.031372 0.003906 -0.010918 0.060996 0.007595
-0.014404 0.034546 0.006226 -0.028006 0.067167 0.012104
-0.021484 0.044312 0.005981 -0.041772 0.086155 0.011630
-0.025879 0.069580 0.003540 -0.050316 0.135284 0.006883
-0.028442 0.102539 -0.002441 -0.055300 0.199366 -0.004747
-0.029175 0.120605 -0.010742 -0.056724 0.234492 -0.020886
-0.029053 0.115356 -0.022095 -0.056487 0.224287 -0.042959
-0.027466 0.099243 -0.032715 -0.053402 0.192958 -0.063607
-0.022827 0.086426 -0.037720 -0.044383 0.168037 -0.073338
-0.016235 0.069702 -0.037964 -0.031566 0.135521 -0.073813
-0.010010 0.042969 -0.031006 -0.019462 0.083544 -0.060284
-0.004761 0.033813 -0.017090 -0.009256 0.065743 -0.033228
0.000488 0.048950 -0.004639 0.000949 0.095173 -0.009019
0.003540 0.066895 0.000000 0.006883 0.130062 0.000000
0.000732 0.084229 -0.002808 0.001424 0.163765 -0.005459
-0.006836 0.092529 -0.011353 -0.013291 0.179904 -0.022073
-0.017334 0.089600 -0.020996 -0.033702 0.174208 -0.040823
-0.031738 0.082764 -0.025146 -0.061708 0.160917 -0.048892
-0.052002 0.083130 -0.023682 -0.101107 0.161629 -0.046044
-0.071777 0.091797 -0.021118 -0.139556 0.178480 -0.041060
-0.085571 0.096558 -0.019653 -0.166376 0.187736 -0.038212
-0.089722 0.088257 -0.018921 -0.174445 0.171597 -0.036788
-0.082886 0.076660 -0.017456 -0.161154 0.149050 -0.033940
-0.069214 0.070068 -0.017212 -0.134572 0.136233 -0.033465
-0.053711 0.062866 -0.018677 -0.104430 0.122230 -0.036313
-0.040894 0.058960 -0.018555 -0.079509 0.114635 -0.036076
-0.027954 0.060059 -0.016235 -0.054351 0.116771 -0.031566
-0.014038 0.059937 -0.014526 -0.027294 0.116534 -0.028243
-0.002563 0.052612 -0.014282 -0.004984 0.102294 -0.027769
0.001343 0.050293 -0.013794 0.002611 0.097784 -0.026819
-0.000488 0.047241 -0.013062 -0.000949 0.091851 -0.025395
-0.004517 0.040405 -0.013184 -0.008782 0.078560 -0.025633
-0.009155 0.034180 -0.012329 -0.017801 0.066455 -0.023971
-0.013306 0.026245 -0.011475 -0.025870 0.051028 -0.022310
-0.015747 0.015991 -0.007813 -0.030617 0.031092 -0.015190
-0.016235 0.015137 -0.001953 -0.031566 0.029430 -0.003797
-0.016724 0.020996 0.005371 -0.032516 0.040823 0.010443
-0.018066 0.029297 0.010376 -0.035126 0.056962 0.020174
-0.018188 0.043945 0.009155 -0.035364 0.085443 0.017801
-0.015747 0.048096 0.006348 -0.030617 0.093512 0.012342
-0.015259 0.033936 0.004517 -0.029668 0.065981 0.008782
-0.016968 0.023193 0.001587 -0.032990 0.045095 0.003085
-0.019531 0.024292 -0.004150 -0.037974 0.047231 -0.008070
-0.020874 0.017822 -0.008423 -0.040585 0.034652 -0.016376
-0.017090 0.000977 -0.009521 -0.033228 0.001899 -0.018513
-0.005859 0.004883 -0.012695 -0.011392 0.009494 -0.024683
0.008423 0.015869 -0.018433 0.016376 0.030854 -0.035838
0.019653 0.007080 -0.023071 0.038212 0.013766 -0.044857
0.026489 -0.006836 -0.030151 0.051503 -0.013291 -0.058623
0.026001 -0.009033 -0.039063 0.050553 -0.017563 -0.075949
0.018555 0.005249 -0.043213 0.036076 0.010206 -0.084018
0.010986 0.026001 -0.041870 0.021361 0.050553 -0.081408
0.006592 0.035767 -0.035767 0.012816 0.069541 -0.069541
0.006348 0.043091 -0.027100 0.012342 0.083781 -0.052690
0.009521 0.050903 -0.020264 0.018513 0.098971 -0.039398
0.015747 0.050903 -0.019287 0.030617 0.098971 -0.037500
0.021973 0.036255 -0.024292 0.042721 0.070490 -0.047231
0.023926 0.019043 -0.031250 0.046519 0.037025 -0.060759
0.020020 0.007324 -0.039185 0.038924 0.014240 -0.076186
0.014648 -0.005493 -0.044678 0.028481 -0.010680 -0.086867
0.009033 -0.014771 -0.044067 0.017563 -0.028718 -0.085680
0.003418 -0.015015 -0.038940 0.006646 -0.029193 -0.075712
0.000366 -0.004150 -0.033447 0.000712 -0.008070 -0.065031
