-0.127319 -0.384277 -0.089966 -0.247546 -0.747147 -0.174920
-0.146973 -0.368774 -0.048218 -0.285758 -0.717005 -0.093749
-0.171387 -0.250122 -0.001221 -0.333226 -0.486310 -0.002373
-0.199097 -0.058960 0.042114 -0.387102 -0.114635 0.081882
-0.240601 0.228882 0.073853 -0.467798 0.445013 0.143591
-0.306030 0.241089 0.092773 -0.595012 0.468747 0.180379
-0.343018 0.092773 0.081299 -0.666926 0.180379 0.158069
-0.332397 -0.028198 0.051392 -0.646278 -0.054826 0.099920
-0.292236 -0.090820 0.023682 -0.568193 -0.176581 0.046044
-0.246216 -0.166382 0.006714 -0.478715 -0.323495 0.013054
-0.193970 -0.294922 0.002930 -0.377134 -0.573414 0.005696
-0.126099 -0.411621 0.009766 -0.245173 -0.800311 0.018987
-0.044800 -0.445190 0.034180 -0.087104 -0.865580 0.066455
0.060303 -0.461548 0.087524 0.117246 -0.897384 0.170173
0.185913 -0.475342 0.173584 0.361469 -0.924203 0.337498
0.342041 -0.487671 0.286377 0.665027 -0.948174 0.556800
0.533081 -0.520508 0.419067 1.036465 -1.012019 0.814789
0.747559 -0.541626 0.568481 1.453472 -1.053079 1.105294
0.971436 -0.533447 0.723511 1.888754 -1.037177 1.406716
1.186523 -0.489258 0.864746 2.306947 -0.951260 1.681319
1.374756 -0.403809 0.974121 2.672926 -0.785122 1.893975
1.520508 -0.326904 1.046631 2.956311 -0.635597 2.034956
1.609985 -0.265747 1.079590 3.130281 -0.516690 2.099037
1.636353 -0.270752 1.076172 3.181546 -0.526421 2.092392
1.595093 -0.321533 1.040894 3.101326 -0.625154 2.023801
1.480957 -0.348877 0.972168 2.879412 -0.678319 1.890178
1.302856 -0.335815 0.874023 2.533133 -0.652923 1.699356
1.077637 -0.280273 0.763794 2.095240 -0.544933 1.485038
0.836304 -0.198486 0.664673 1.626018 -0.385915 1.292318
0.598022 -0.101074 0.586914 1.162730 -0.196518 1.141132
0.370361 -0.015259 0.530151 0.720090 -0.029668 1.030769
0.166748 0.027588 0.486206 0.324207 0.053639 0.945326
0.001465 0.049561 0.447266 0.002848 0.096360 0.869615
-0.123779 0.048706 0.411499 -0.240663 0.094699 0.800074
-0.225464 0.057861 0.376587 -0.438368 0.112499 0.732195
-0.323853 0.093384 0.343140 -0.629664 0.181565 0.667164
-0.427612 0.124390 0.316650 -0.831403 0.241850 0.615661
-0.533691 0.127075 0.308716 -1.037652 0.247071 0.600234
-0.640869 0.109009 0.317627 -1.246037 0.211945 0.617559
-0.749268 0.097656 0.328491 -1.456795 0.189872 0.638683
-0.860596 0.105347 0.329468 -1.673249 0.204825 0.640581
-0.971558 0.100830 0.316284 -1.888991 0.196043 0.614949
-1.079468 0.063110 0.292480 -2.098800 0.122705 0.568667
-1.180176 0.010498 0.266235 -2.294606 0.020411 0.517639
-1.273804 -0.039795 0.249023 -2.476646 -0.077373 0.484174
-1.361084 -0.067261 0.243408 -2.646344 -0.130774 0.473257
-1.437744 -0.048706 0.248657 -2.795394 -0.094699 0.483462
-1.499390 -0.014282 0.267822 -2.915251 -0.027769 0.520725
-1.544189 0.007690 0.309937 -3.002355 0.014952 0.602607
-1.575317 0.021606 0.374268 -3.062876 0.042009 0.727685
-1.594849 0.045044 0.450562 -3.100851 0.087579 0.876023
-1.604126 0.081787 0.516846 -3.118889 0.159018 1.004899
-1.596191 0.097290 0.548584 -3.103462 0.189160 1.066607
-1.567871 0.094116 0.531860 -3.048399 0.182989 1.034092
-1.518799 0.076660 0.473145 -2.952988 0.149050 0.919931
-1.452026 0.061279 0.392700 -2.823163 0.119145 0.763524
-1.371704 0.063721 0.307007 -2.666993 0.123892 0.596911
-1.281250 0.048462 0.220947 -2.491124 0.094224 0.429586
-1.179321 0.003540 0.139038 -2.292944 0.006883 0.270331
-1.062500 -0.050903 0.067139 -2.065810 -0.098971 0.130537
-0.927856 -0.078979 0.010864 -1.804024 -0.153559 0.021123
-0.769165 -0.088013 -0.029053 -1.495481 -0.171122 -0.056487
-0.590820 -0.078369 -0.052246 -1.148727 -0.152372 -0.101582
-0.391357 -0.085327 -0.060425 -0.760913 -0.165901 -0.117483
-0.182129 -0.077026 -0.062012 -0.354112 -0.149762 -0.120569
0.018677 -0.024170 -0.067139 0.036313 -0.046993 -0.130537
0.187866 0.035645 -0.078003 0.365267 0.069303 -0.151660
0.313477 0.016479 -0.091797 0.609490 0.032041 -0.178480
0.403564 -0.046265 -0.123169 0.784647 -0.089952 -0.239476
0.469604 -0.059204 -0.184814 0.913048 -0.115110 -0.359333
0.510010 -0.062744 -0.272583 0.991608 -0.121993 -0.529981
0.526367 -0.047729 -0.372559 1.023411 -0.092800 -0.724363
0.526123 -0.008789 -0.477417 1.022937 -0.017089 -0.928238
0.524292 0.047119 -0.588745 1.019377 0.091613 -1.144692
0.535034 0.108887 -0.703491 1.040262 0.211708 -1.367792
0.569092 0.149414 -0.804443 1.106480 0.290505 -1.564072
0.630615 0.155884 -0.891602 1.226100 0.303084 -1.733533
0.712891 0.180542 -0.965210 1.386067 0.351026 -1.876650
0.797119 0.208252 -1.023315 1.549832 0.404903 -1.989624
0.867310 0.112183 -1.054321 1.686303 0.218116 -2.049908
0.920898 0.071411 -1.077393 1.790495 0.138844 -2.094765
0.963257 0.119507 -1.099365 1.872852 0.232356 -2.137487
0.985596 0.119629 -1.106445 1.916286 0.232593 -2.151252
0.994141 0.089355 -1.092773 1.932899 0.173733 -2.124670
0.996338 0.096680 -1.071533 1.937171 0.187973 -2.083373
0.981323 0.105713 -1.046265 1.907979 0.205537 -2.034244
0.945679 0.124268 -1.016479 1.838675 0.241612 -1.976333
0.896729 0.171387 -0.982056 1.743502 0.333226 -1.909403
0.840698 0.197266 -0.939331 1.634562 0.383542 -1.826334
0.777588 0.180786 -0.884155 1.511858 0.351501 -1.719056
0.703125 0.166504 -0.817261 1.367080 0.323732 -1.588993
0.623657 0.159302 -0.740112 1.212572 0.309729 -1.438994
0.551636 0.176270 -0.663330 1.072541 0.342719 -1.289707
0.500854 0.189941 -0.598877 0.973807 0.369301 -1.164391
0.470337 0.158081 -0.550659 0.914472 0.307356 -1.070642
0.450806 0.103149 -0.514404 0.876498 0.200553 -1.000152
0.427612 0.057983 -0.482910 0.831403 0.112737 -0.938918
0.395142 0.017212 -0.447754 0.768270 0.033465 -0.870564
0.352051 -0.026001 -0.405396 0.684489 -0.050553 -0.788207
0.298706 -0.057617 -0.359009 0.580772 -0.112025 -0.698018
0.237549 -0.073120 -0.311523 0.461864 -0.142167 -0.605692
0.177246 -0.079102 -0.260742 0.344618 -0.153797 -0.506959
0.119263 -0.078491 -0.203979 0.231881 -0.152610 -0.396596
0.064819 -0.065796 -0.144897 0.126028 -0.127926 -0.281723
0.018066 -0.038452 -0.092285 0.035126 -0.074762 -0.179429
-0.015991 -0.009644 -0.046143 -0.031092 -0.018750 -0.089715
-0.034668 0.012085 -0.005005 -0.067405 0.023497 -0.009731
-0.038818 0.036987 0.024170 -0.075474 0.071914 0.046993
-0.033203 0.051758 0.036987 -0.064557 0.100632 0.071914
-0.024902 0.049316 0.038330 -0.048417 0.095885 0.074525
-0.017578 0.035645 0.033447 -0.034177 0.069303 0.065031
-0.014526 0.018677 0.025879 -0.028243 0.036313 0.050316
-0.016602 0.005127 0.020996 -0.032278 0.009968 0.040823
-0.023926 -0.009277 0.021362 -0.046519 -0.018038 0.041535
-0.029175 -0.022949 0.025391 -0.056724 -0.044620 0.049367
-0.028564 -0.033936 0.029053 -0.055538 -0.065981 0.056487
-0.031494 -0.025635 0.035889 -0.061234 -0.049841 0.069778
-0.039795 -0.004761 0.044922 -0.077373 -0.009256 0.087341
-0.045654 0.008667 0.053711 -0.088765 0.016851 0.104430
-0.041870 -0.001465 0.059082 -0.081408 -0.002848 0.114873
-0.032715 -0.013550 0.060425 -0.063607 -0.026345 0.117483
-0.027222 -0.022827 0.059204 -0.052927 -0.044383 0.115110
-0.025757 -0.031128 0.055298 -0.050079 -0.060522 0.107515
-0.022583 -0.033569 0.048828 -0.043908 -0.065269 0.094936
-0.020020 -0.026001 0.044800 -0.038924 -0.050553 0.087104
-0.023682 -0.012329 0.046997 -0.046044 -0.023971 0.091376
-0.029663 -0.002075 0.049683 -0.057674 -0.004035 0.096597
-0.032471 -0.005005 0.045410 -0.063133 -0.009731 0.088291
-0.034058 -0.023560 0.035889 -0.066218 -0.045807 0.069778
-0.039185 -0.036743 0.026855 -0.076186 -0.071439 0.052215
-0.050415 -0.027100 0.017944 -0.098022 -0.052690 0.034889
-0.065796 0.000366 0.009155 -0.127926 0.000712 0.017801
-0.080200 0.012207 0.005615 -0.155933 0.023734 0.010918
-0.086792 0.012451 0.004272 -0.168749 0.024209 0.008307
-0.087280 0.023926 0.005371 -0.169698 0.046519 0.010443
-0.083008 0.035278 0.008667 -0.161391 0.068591 0.016851
-0.075195 0.020264 0.017090 -0.146202 0.039398 0.033228
-0.064453 0.019531 0.026978 -0.125316 0.037974 0.052452
-0.052490 0.041748 0.032715 -0.102056 0.081170 0.063607
-0.042236 0.034302 0.031738 -0.082120 0.066693 0.061708
-0.034790 0.008301 0.023193 -0.067642 0.016139 0.045095
-0.029175 -0.016235 0.013794 -0.056724 -0.031566 0.026819
-0.029053 -0.039185 0.007568 -0.056487 -0.076186 0.014715
-0.032227 -0.046265 0.003784 -0.062658 -0.089952 0.007358
-0.035156 -0.045288 0.000854 -0.068354 -0.088053 0.001661
-0.038086 -0.049927 0.001099 -0.074050 -0.097072 0.002136
-0.040039 -0.058960 0.002075 -0.077848 -0.114635 0.004035
-0.040649 -0.055786 0.000122 -0.079034 -0.108465 0.000237
-0.040405 -0.036621 -0.004272 -0.078560 -0.071202 -0.008307
-0.037598 -0.021606 -0.009033 -0.073101 -0.042009 -0.017563
