0.215210 -0.253418 -0.871948 0.418431 -0.492718 -1.695322
0.203491 -0.435303 -0.963257 0.395646 -0.846355 -1.872852
0.142090 -0.692017 -1.067261 0.276264 -1.345482 -2.075066
0.051758 -0.492676 -1.221558 0.100632 -0.957905 -2.375064
-0.069336 -0.045166 -1.403442 -0.134809 -0.087816 -2.728701
-0.200562 0.214722 -1.582397 -0.389950 0.417482 -3.076642
-0.291626 0.314941 -1.769653 -0.567006 0.612338 -3.440722
-0.330200 0.382324 -1.979858 -0.642005 0.743350 -3.849422
-0.322266 0.425049 -2.193115 -0.626578 0.826419 -4.264056
-0.285156 0.405029 -2.375366 -0.554427 0.787495 -4.618404
-0.231445 0.341064 -2.494507 -0.449997 0.663129 -4.850049
-0.176392 0.316772 -2.541382 -0.342957 0.615898 -4.941187
-0.128784 0.227783 -2.522095 -0.250394 0.442877 -4.903687
-0.086060 0.108765 -2.464722 -0.167325 0.211470 -4.792138
-0.059082 0.047729 -2.394287 -0.114873 0.092800 -4.655192
-0.062988 0.115601 -2.317383 -0.122468 0.224761 -4.505668
-0.092529 0.096924 -2.222290 -0.179904 0.188448 -4.320780
-0.131836 0.031616 -2.112915 -0.256328 0.061471 -4.108123
-0.177734 0.036987 -1.995850 -0.345567 0.071914 -3.880514
-0.224243 0.078491 -1.869385 -0.435994 0.152610 -3.634629
-0.257080 0.095459 -1.734619 -0.499839 0.185600 -3.372606
-0.268921 0.096924 -1.596924 -0.522861 0.188448 -3.104886
-0.262207 0.109009 -1.463257 -0.509807 0.211945 -2.844998
-0.243530 0.125854 -1.339966 -0.473494 0.244698 -2.605284
-0.219116 0.133667 -1.230957 -0.426026 0.259888 -2.393339
-0.197021 0.136841 -1.135254 -0.383067 0.266058 -2.207265
-0.182617 0.120972 -1.042114 -0.355061 0.235204 -2.026174
-0.178467 0.051636 -0.947388 -0.346992 0.100395 -1.841998
-0.183350 0.037109 -0.847534 -0.356485 0.072151 -1.647854
-0.183350 0.080566 -0.727295 -0.356485 0.156645 -1.414073
-0.169189 -0.010132 -0.581299 -0.328954 -0.019699 -1.130214
-0.149292 -0.125122 -0.445190 -0.290267 -0.243274 -0.865580
-0.125977 -0.136353 -0.327271 -0.244935 -0.265109 -0.636309
-0.100952 -0.083374 -0.226074 -0.196280 -0.162103 -0.439554
-0.069336 -0.067505 -0.137329 -0.134809 -0.131249 -0.267008
-0.041870 -0.103760 -0.058594 -0.081408 -0.201739 -0.113923
-0.023682 -0.149902 0.017212 -0.046044 -0.291454 0.033465
-0.009888 -0.154419 0.099121 -0.019225 -0.300235 0.192720
0.001709 -0.125610 0.194702 0.003323 -0.244223 0.378558
0.010254 -0.099976 0.300293 0.019937 -0.194382 0.583857
0.014282 -0.095459 0.409058 0.027769 -0.185600 0.795327
0.020020 -0.095093 0.513794 0.038924 -0.184888 0.998965
0.035889 -0.103149 0.613037 0.069778 -0.200553 1.191923
0.065674 -0.137329 0.707153 0.127689 -0.267008 1.374912
0.106201 -0.189941 0.797363 0.206486 -0.369301 1.550307
0.149780 -0.226318 0.886597 0.291217 -0.440029 1.723802
0.189697 -0.236816 0.974854 0.368827 -0.460440 1.895400
0.224487 -0.239258 1.061646 0.436469 -0.465187 2.064148
0.256592 -0.255615 1.146851 0.498889 -0.496991 2.229812
0.288330 -0.283447 1.234497 0.560598 -0.551104 2.400222
0.325073 -0.314331 1.328613 0.632037 -0.611151 2.583212
0.374878 -0.347046 1.429443 0.728872 -0.674758 2.779255
0.439331 -0.370728 1.531982 0.854188 -0.720802 2.978621
0.501343 -0.392822 1.634399 0.974757 -0.763761 3.177749
0.539185 -0.395508 1.741699 1.048332 -0.768983 3.386371
0.540894 -0.348145 1.846558 1.051655 -0.676894 3.590246
0.502441 -0.249390 1.934814 0.976893 -0.484886 3.761843
0.429688 -0.174683 1.999878 0.835438 -0.339634 3.888346
0.343262 -0.147827 2.051270 0.667401 -0.287419 3.988266
0.261841 -0.138062 2.094238 0.509095 -0.268432 4.071810
0.188965 -0.108887 2.113525 0.367403 -0.211708 4.109310
0.120972 -0.056030 2.077271 0.235204 -0.108939 4.038820
0.054810 0.037720 1.979126 0.106566 0.073338 3.847998
0.000122 0.142822 1.850586 0.000237 0.277688 3.598079
-0.022461 0.075439 1.729614 -0.043671 0.146676 3.362875
-0.002441 -0.096558 1.618042 -0.004747 -0.187736 3.145946
0.036133 -0.128052 1.506714 0.070253 -0.248970 2.929491
0.060425 -0.021362 1.380249 0.117483 -0.041535 2.683607
0.056763 0.073975 1.253052 0.110363 0.143828 2.436298
0.028320 0.099243 1.134521 0.055063 0.192958 2.205841
-0.001831 0.164917 1.000732 -0.003560 0.320647 1.945716
-0.023438 0.220825 0.848877 -0.045569 0.429349 1.650464
-0.037231 0.135254 0.684326 -0.072389 0.262973 1.330530
-0.045288 0.013428 0.523071 -0.088053 0.026107 1.017003
-0.059448 -0.040649 0.396240 -0.115585 -0.079034 0.770407
-0.088989 -0.082886 0.323975 -0.173021 -0.161154 0.629901
-0.124878 -0.104126 0.288574 -0.242799 -0.202451 0.561072
-0.153442 -0.074463 0.271118 -0.298337 -0.144778 0.527133
-0.162231 0.000122 0.255859 -0.315425 0.000237 0.497465
-0.144653 0.045898 0.235352 -0.281248 0.089240 0.457592
-0.104736 0.067261 0.206177 -0.203638 0.130774 0.400868
-0.055908 0.087891 0.167847 -0.108702 0.170885 0.326343
-0.009155 0.089844 0.125244 -0.017801 0.174682 0.243511
0.031250 0.081421 0.091675 0.060759 0.158306 0.178243
0.061646 0.089600 0.073975 0.119857 0.174208 0.143828
0.079346 0.108643 0.071411 0.154271 0.211233 0.138844
0.082886 0.083862 0.078613 0.161154 0.163053 0.152847
0.071533 0.031372 0.084229 0.139081 0.060996 0.163765
0.052734 0.038940 0.075073 0.102531 0.075712 0.145964
0.033813 0.088013 0.050537 0.065743 0.171122 0.098259
0.022827 0.072510 0.017700 0.044383 0.140980 0.034414
0.026978 0.043701 -0.016357 0.052452 0.084968 -0.031804
0.043945 0.033813 -0.046143 0.085443 0.065743 -0.089715
0.063843 0.019165 -0.063843 0.124129 0.037262 -0.124129
0.076172 0.013550 -0.075073 0.148100 0.026345 -0.145964
0.076416 0.022095 -0.082397 0.148575 0.042959 -0.160205
0.065796 0.031982 -0.086792 0.127926 0.062183 -0.168749
0.050537 0.038452 -0.086670 0.098259 0.074762 -0.168512
0.036987 0.037598 -0.078247 0.071914 0.073101 -0.152135
0.027466 0.026489 -0.061768 0.053402 0.051503 -0.120094
0.017944 0.015015 -0.043579 0.034889 0.029193 -0.084730
0.003906 0.013794 -0.029053 0.007595 0.026819 -0.056487
-0.014648 0.026855 -0.019409 -0.028481 0.052215 -0.037737
-0.031372 0.055054 -0.010620 -0.060996 0.107040 -0.020649
-0.039185 0.078735 -0.000732 -0.076186 0.153084 -0.001424
-0.039429 0.075317 0.012207 -0.076661 0.146439 0.023734
-0.036743 0.052490 0.024048 -0.071439 0.102056 0.046756
-0.035767 0.036255 0.029907 -0.069541 0.070490 0.058148
-0.037842 0.038696 0.024658 -0.073575 0.075237 0.047943
-0.042603 0.036011 0.011963 -0.082832 0.070015 0.023259
-0.048340 0.030884 -0.005005 -0.093987 0.060047 -0.009731
-0.049805 0.041626 -0.023926 -0.096835 0.080933 -0.046519
-0.046143 0.052368 -0.041016 -0.089715 0.101819 -0.079746
-0.039551 0.051758 -0.054688 -0.076898 0.100632 -0.106328
-0.036133 0.036987 -0.064453 -0.070253 0.071914 -0.125316
-0.036621 0.026855 -0.072632 -0.071202 0.052215 -0.141217
-0.040649 0.033203 -0.078369 -0.079034 0.064557 -0.152372
-0.045044 0.045410 -0.083252 -0.087579 0.088291 -0.161866
-0.049805 0.055664 -0.084961 -0.096835 0.108227 -0.165189
-0.055542 0.059937 -0.082764 -0.107990 0.116534 -0.160917
-0.061523 0.059326 -0.077026 -0.119620 0.115347 -0.149762
-0.065674 0.057251 -0.069092 -0.127689 0.111313 -0.134335
-0.066040 0.056763 -0.061768 -0.128401 0.110363 -0.120094
-0.063477 0.057983 -0.055420 -0.123417 0.112737 -0.107752
-0.060303 0.049316 -0.049927 -0.117246 0.095885 -0.097072
-0.054565 0.030273 -0.044067 -0.106091 0.058860 -0.085680
-0.048584 0.022461 -0.040405 -0.094461 0.043671 -0.078560
-0.041870 0.020508 -0.038574 -0.081408 0.039873 -0.075000
-0.035767 0.018433 -0.038574 -0.069541 0.035838 -0.075000
-0.030640 0.020996 -0.040771 -0.059572 0.040823 -0.079272
-0.027344 0.023193 -0.045410 -0.053164 0.045095 -0.088291
-0.024048 0.034546 -0.054199 -0.046756 0.067167 -0.105379
-0.017334 0.052002 -0.067139 -0.033702 0.101107 -0.130537
-0.007080 0.052490 -0.081787 -0.013766 0.102056 -0.159018
0.002319 0.048218 -0.094238 0.004509 0.093749 -0.183227
0.010986 0.052002 -0.102295 0.021361 0.101107 -0.198891
0.015869 0.055664 -0.105347 0.030854 0.108227 -0.204825
0.014038 0.065430 -0.103271 0.027294 0.127214 -0.200790
0.009399 0.071289 -0.098755 0.018275 0.138607 -0.192008
0.004272 0.063354 -0.092651 0.008307 0.123180 -0.180141
-0.000122 0.050781 -0.085083 -0.000237 0.098734 -0.165426
-0.004395 0.037842 -0.075439 -0.008544 0.073575 -0.146676
-0.007568 0.018433 -0.063110 -0.014715 0.035838 -0.122705
-0.008911 -0.004761 -0.047607 -0.017326 -0.009256 -0.092563
-0.005005 -0.021362 -0.031860 -0.009731 -0.041535 -0.061946
0.004883 -0.026489 -0.018066 0.009494 -0.051503 -0.035126
0.019165 -0.039063 -0.006958 0.037262 -0.075949 -0.013528
0.035400 -0.058105 0.001099 0.068829 -0.112974 0.002136
0.052002 -0.070190 0.008179 0.101107 -0.136471 0.015902
0.063965 -0.067261 0.016968 0.124366 -0.130774 0.032990
