0.025024 -0.640869 0.041016 0.048655 -1.246037 0.079746
0.135132 -0.558105 0.084473 0.262736 -1.085120 0.164239
0.257690 -0.418945 0.081421 0.501025 -0.814552 0.158306
0.357300 -0.135376 0.017700 0.694695 -0.263210 0.034414
0.401855 0.236328 -0.144409 0.781324 0.459491 -0.280774
0.407104 0.443726 -0.420898 0.791530 0.862732 -0.818349
0.379517 0.505859 -0.801025 0.737891 0.983538 -1.557427
0.354858 0.424927 -1.209717 0.689948 0.826182 -2.352042
0.328857 0.248901 -1.554321 0.639395 0.483937 -3.022054
0.290405 0.068237 -1.775757 0.564633 0.132673 -3.452589
0.227173 -0.090576 -1.874023 0.441690 -0.176106 -3.643648
0.135010 -0.234009 -1.894531 0.262498 -0.454981 -3.683521
0.025024 -0.265015 -1.881714 0.048655 -0.515266 -3.658601
-0.091431 -0.202393 -1.858521 -0.177768 -0.393510 -3.613506
-0.194946 -0.076050 -1.834961 -0.379032 -0.147863 -3.567699
-0.264038 0.076660 -1.813354 -0.513367 0.149050 -3.525690
-0.295288 0.181274 -1.801025 -0.574126 0.352450 -3.501719
-0.299438 0.259399 -1.798096 -0.582196 0.504348 -3.496022
-0.289795 0.336670 -1.796631 -0.563446 0.654585 -3.493174
-0.271606 0.360107 -1.786133 -0.528082 0.700154 -3.472763
-0.244873 0.292725 -1.760376 -0.476105 0.569142 -3.422684
-0.212769 0.175415 -1.719971 -0.413684 0.341058 -3.344125
-0.185059 0.036987 -1.657837 -0.359808 0.071914 -3.223318
-0.166870 -0.097412 -1.568604 -0.324444 -0.189398 -3.049823
-0.162354 -0.203247 -1.462280 -0.315663 -0.395172 -2.843099
-0.165649 -0.235352 -1.354126 -0.322071 -0.457592 -2.632816
-0.173584 -0.218140 -1.250732 -0.337498 -0.424127 -2.431788
-0.180542 -0.204102 -1.148804 -0.351026 -0.396833 -2.233609
-0.176392 -0.218140 -1.047485 -0.342957 -0.424127 -2.036617
-0.161865 -0.179077 -0.956299 -0.314713 -0.348178 -1.859324
-0.137207 -0.132690 -0.879272 -0.266770 -0.257989 -1.709562
-0.106812 -0.112305 -0.811646 -0.207673 -0.218353 -1.578076
-0.074463 -0.116089 -0.736694 -0.144778 -0.225711 -1.432349
-0.040161 -0.109253 -0.640747 -0.078085 -0.212420 -1.245799
-0.008301 -0.086670 -0.517700 -0.016139 -0.168512 -1.006560
0.020752 -0.048828 -0.377808 0.040348 -0.094936 -0.734568
0.042969 0.003906 -0.236206 0.083544 0.007595 -0.459253
0.055664 0.027466 -0.104492 0.108227 0.053402 -0.203163
0.057739 0.054688 0.012817 0.112262 0.106328 0.024921
0.052002 0.125732 0.116455 0.101107 0.244460 0.226423
0.042358 0.161865 0.218262 0.082357 0.314713 0.424364
0.025513 0.165527 0.318604 0.049604 0.321833 0.619458
0.005371 0.153687 0.419189 0.010443 0.298811 0.815027
-0.017090 0.152710 0.529541 -0.033228 0.296913 1.029582
-0.041504 0.166504 0.652100 -0.080696 0.323732 1.267872
-0.067627 0.184692 0.779663 -0.131487 0.359096 1.515892
-0.092285 0.199951 0.895630 -0.179429 0.388763 1.741366
-0.111450 0.168945 0.996094 -0.216692 0.328479 1.936697
-0.126831 0.105957 1.086060 -0.246597 0.206011 2.111617
-0.140991 0.070557 1.176636 -0.274128 0.137183 2.287723
-0.148804 0.036377 1.268555 -0.289318 0.070727 2.466440
-0.154175 -0.003418 1.354492 -0.299761 -0.006646 2.633528
-0.164917 -0.061768 1.437378 -0.320647 -0.120094 2.794682
-0.177246 -0.134033 1.527100 -0.344618 -0.260600 2.969127
-0.189209 -0.185181 1.626099 -0.367877 -0.360045 3.161610
-0.200195 -0.225342 1.727905 -0.389238 -0.438130 3.359552
-0.209351 -0.233765 1.815796 -0.407039 -0.454507 3.530437
-0.220947 -0.203857 1.870850 -0.429586 -0.396358 3.637477
-0.244873 -0.111572 1.871948 -0.476105 -0.216929 3.639613
-0.275513 -0.028442 1.808960 -0.535677 -0.055300 3.517146
-0.299927 -0.007568 1.691406 -0.583145 -0.014715 3.288587
-0.301880 -0.043213 1.550537 -0.586943 -0.084018 3.014696
-0.278320 -0.054688 1.409912 -0.541136 -0.106328 2.741280
-0.247925 0.029785 1.293701 -0.482038 0.057911 2.515332
-0.231201 0.112549 1.233887 -0.449522 0.218828 2.399036
-0.216919 0.134766 1.248413 -0.421754 0.262024 2.427279
-0.189087 0.171875 1.322754 -0.367640 0.334175 2.571819
-0.145874 0.243896 1.413818 -0.283622 0.474206 2.748875
-0.100586 0.350464 1.453247 -0.195568 0.681404 2.825536
-0.072144 0.433716 1.403809 -0.140268 0.843270 2.729413
-0.060913 0.352295 1.272583 -0.118433 0.684964 2.474272
-0.050903 0.223145 1.080322 -0.098971 0.433858 2.100461
-0.040283 0.091919 0.878784 -0.078322 0.178717 1.708613
-0.035278 -0.076538 0.715942 -0.068591 -0.148812 1.392001
-0.036255 -0.207153 0.599976 -0.070490 -0.402766 1.166528
-0.049805 -0.228760 0.525879 -0.096835 -0.444776 1.022462
-0.079102 -0.143188 0.482422 -0.153797 -0.278400 0.937969
-0.109497 -0.065186 0.451294 -0.212894 -0.126740 0.877447
-0.127075 0.029785 0.406982 -0.247071 0.057911 0.791292
-0.134888 0.120850 0.346680 -0.262261 0.234967 0.674046
-0.135742 0.132935 0.279663 -0.263922 0.258464 0.543747
-0.129272 0.121948 0.212280 -0.251343 0.237103 0.412735
-0.123535 0.126099 0.157715 -0.240188 0.245173 0.306644
-0.120850 0.123413 0.129272 -0.234967 0.239951 0.251343
-0.111206 0.124634 0.119873 -0.216217 0.242324 0.233068
-0.091064 0.131592 0.117676 -0.177056 0.255853 0.228796
-0.059937 0.108643 0.117065 -0.116534 0.211233 0.227609
-0.020752 0.064819 0.109253 -0.040348 0.126028 0.212420
0.016357 0.035278 0.087769 0.031804 0.068591 0.170648
0.042114 0.011475 0.054932 0.081882 0.022310 0.106803
0.053467 -0.012085 0.019775 0.103955 -0.023497 0.038449
0.055054 -0.019409 -0.009277 0.107040 -0.037737 -0.018038
0.052856 -0.006348 -0.029663 0.102768 -0.012342 -0.057674
0.050781 0.001953 -0.039795 0.098734 0.003797 -0.077373
0.045532 0.001831 -0.039551 0.088528 0.003560 -0.076898
0.038574 0.001221 -0.031372 0.075000 0.002373 -0.060996
0.032593 0.000000 -0.020020 0.063370 0.000000 -0.038924
0.026489 -0.002319 -0.006836 0.051503 -0.004509 -0.013291
0.019531 -0.004395 0.004150 0.037974 -0.008544 0.008070
0.012085 -0.005005 0.008789 0.023497 -0.009731 0.017089
0.005249 0.000732 0.005737 0.010206 0.001424 0.011155
0.000122 0.006836 -0.005737 0.000237 0.013291 -0.011155
-0.001709 0.010620 -0.019043 -0.003323 0.020649 -0.037025
-0.000977 0.007568 -0.031372 -0.001899 0.014715 -0.060996
0.000244 0.000488 -0.039673 0.000475 0.000949 -0.077136
0.001465 0.000244 -0.044556 0.002848 0.000475 -0.086629
0.004517 -0.000854 -0.047241 0.008782 -0.001661 -0.091851
0.011353 -0.011719 -0.046509 0.022073 -0.022785 -0.090427
0.020508 -0.035034 -0.042725 0.039873 -0.068117 -0.083069
0.028442 -0.054321 -0.038696 0.055300 -0.105616 -0.075237
0.031494 -0.056763 -0.036621 0.061234 -0.110363 -0.071202
0.029297 -0.060669 -0.034546 0.056962 -0.117958 -0.067167
0.024780 -0.056763 -0.031616 0.048180 -0.110363 -0.061471
0.019653 -0.048096 -0.030518 0.038212 -0.093512 -0.059335
0.013306 -0.046143 -0.031860 0.025870 -0.089715 -0.061946
0.008545 -0.044189 -0.033691 0.016614 -0.085917 -0.065506
0.005371 -0.040405 -0.036743 0.010443 -0.078560 -0.071439
0.004517 -0.038696 -0.041504 0.008782 -0.075237 -0.080696
0.004761 -0.042358 -0.047607 0.009256 -0.082357 -0.092563
0.005127 -0.051025 -0.051147 0.009968 -0.099208 -0.099446
0.004761 -0.053833 -0.049194 0.009256 -0.104667 -0.095648
0.001465 -0.046143 -0.043701 0.002848 -0.089715 -0.084968
-0.005859 -0.035156 -0.036133 -0.011392 -0.068354 -0.070253
-0.017090 -0.017822 -0.027832 -0.033228 -0.034652 -0.054114
-0.026733 0.002441 -0.024170 -0.051978 0.004747 -0.046993
-0.031738 0.010986 -0.027344 -0.061708 0.021361 -0.053164
-0.030273 0.009277 -0.038086 -0.058860 0.018038 -0.074050
-0.021851 0.004761 -0.050415 -0.042484 0.009256 -0.098022
-0.007324 -0.006104 -0.062378 -0.014240 -0.011867 -0.121281
0.012329 -0.022095 -0.069092 0.023971 -0.042959 -0.134335
0.032227 -0.040283 -0.068115 0.062658 -0.078322 -0.132436
0.046387 -0.053223 -0.060547 0.090189 -0.103480 -0.117721
0.049805 -0.059326 -0.050537 0.096835 -0.115347 -0.098259
0.041748 -0.055786 -0.044312 0.081170 -0.108465 -0.086155
0.026611 -0.047485 -0.042114 0.051740 -0.092325 -0.081882
0.009399 -0.037842 -0.042969 0.018275 -0.073575 -0.083544
-0.005859 -0.023682 -0.047241 -0.011392 -0.046044 -0.091851
-0.018677 -0.017944 -0.055908 -0.036313 -0.034889 -0.108702
-0.029663 -0.022461 -0.067261 -0.057674 -0.043671 -0.130774
-0.037354 -0.030273 -0.074585 -0.072626 -0.058860 -0.145015
-0.040527 -0.043945 -0.074829 -0.078797 -0.085443 -0.145490
-0.041626 -0.052612 -0.071289 -0.080933 -0.102294 -0.138607
-0.040894 -0.054932 -0.070435 -0.079509 -0.106803 -0.136945
-0.037842 -0.059448 -0.072266 -0.073575 -0.115585 -0.140505
-0.031128 -0.063232 -0.075806 -0.060522 -0.122942 -0.147388
-0.023926 -0.061157 -0.077759 -0.046519 -0.118907 -0.151186
-0.019775 -0.045288 -0.078613 -0.038449 -0.088053 -0.152847
-0.020020 -0.023071 -0.082275 -0.038924 -0.044857 -0.159967
-0.022583 -0.006836 -0.089233 -0.043908 -0.013291 -0.173496
-0.023560 0.000366 -0.097778 -0.045807 0.000712 -0.190110
