-0.108154 0.005127 0.189819 -0.210283 0.009968 0.369064
-0.042236 -0.041870 0.204346 -0.082120 -0.081408 0.397308
0.032349 -0.022705 0.205811 0.062895 -0.044145 0.400156
0.100586 0.042847 0.219116 0.195568 0.083306 0.426026
0.151001 0.022339 0.234985 0.293590 0.043433 0.456880
0.168457 -0.062012 0.218872 0.327530 -0.120569 0.425551
0.178223 -0.045654 0.142700 0.346517 -0.088765 0.277451
0.161743 0.064087 0.014038 0.314476 0.124604 0.027294
0.109497 0.176147 -0.147095 0.212894 0.342482 -0.285995
0.033813 0.251465 -0.334595 0.065743 0.488921 -0.650550
-0.043213 0.269287 -0.537964 -0.084018 0.523573 -1.045959
-0.109131 0.270264 -0.747681 -0.212182 0.525471 -1.453709
-0.158569 0.283569 -0.966675 -0.308305 0.551341 -1.879498
-0.186157 0.307495 -1.190552 -0.361944 0.597860 -2.314780
-0.184326 0.351074 -1.404053 -0.358384 0.682591 -2.729888
-0.145020 0.404907 -1.586792 -0.281960 0.787258 -3.085186
-0.076660 0.472290 -1.735840 -0.149050 0.918270 -3.374979
0.000610 0.516724 -1.855835 0.001187 1.004661 -3.608284
0.065063 0.525635 -1.946533 0.126502 1.021987 -3.784628
0.108521 0.552002 -2.006958 0.210996 1.073253 -3.902112
0.131226 0.603638 -2.043701 0.255141 1.173648 -3.973551
0.137329 0.663452 -2.071045 0.267008 1.289944 -4.026715
0.138672 0.720947 -2.103882 0.269619 1.401732 -4.090560
0.142456 0.721680 -2.146240 0.276976 1.403156 -4.172917
0.147827 0.630249 -2.182373 0.287419 1.225388 -4.243170
0.150879 0.493896 -2.196167 0.293353 0.960279 -4.269989
0.148682 0.369751 -2.191162 0.289080 0.718904 -4.260258
0.139038 0.260864 -2.175293 0.270331 0.507196 -4.229404
0.113647 0.156982 -2.144165 0.220964 0.305220 -4.168882
0.070557 0.086304 -2.101196 0.137183 0.167800 -4.085338
0.019287 0.073853 -2.055908 0.037500 0.143591 -3.997285
-0.035645 0.077026 -2.005859 -0.069303 0.149762 -3.899976
-0.090454 0.062500 -1.942993 -0.175869 0.121518 -3.777745
-0.140381 0.064331 -1.863647 -0.272941 0.125078 -3.623474
-0.177368 0.099976 -1.768311 -0.344855 0.194382 -3.438111
-0.198364 0.124146 -1.651733 -0.385678 0.241375 -3.211451
-0.206177 0.094238 -1.500488 -0.400868 0.183227 -2.917387
-0.205688 0.048462 -1.314819 -0.399918 0.094224 -2.556392
-0.198120 0.083984 -1.121338 -0.385203 0.163290 -2.180208
-0.178711 0.182495 -0.935059 -0.347466 0.354824 -1.818027
-0.151855 0.249390 -0.770996 -0.295251 0.484886 -1.499041
-0.122803 0.269165 -0.630981 -0.238764 0.523335 -1.226812
-0.092407 0.263428 -0.513428 -0.179667 0.512180 -0.998253
-0.065430 0.232910 -0.414795 -0.127214 0.452845 -0.806482
-0.042236 0.194946 -0.327637 -0.082120 0.379032 -0.637021
-0.025879 0.153564 -0.239868 -0.050316 0.298574 -0.466374
-0.013794 0.127808 -0.151123 -0.026819 0.248495 -0.293827
-0.005249 0.121460 -0.064453 -0.010206 0.236154 -0.125316
-0.000732 0.120239 0.017090 -0.001424 0.233780 0.033228
0.001831 0.113281 0.093140 0.003560 0.220252 0.181091
0.004272 0.094849 0.166260 0.008307 0.184413 0.323257
0.011353 0.062988 0.241943 0.022073 0.122468 0.470408
0.025024 0.018188 0.325439 0.048655 0.035364 0.632749
0.046021 -0.035156 0.421875 0.089477 -0.068354 0.820248
0.073853 -0.085571 0.530762 0.143591 -0.166376 1.031956
0.107056 -0.123047 0.649780 0.208147 -0.239239 1.263362
0.141846 -0.156372 0.776123 0.275789 -0.304033 1.509009
0.170410 -0.176758 0.904053 0.331327 -0.343669 1.757742
0.185547 -0.184448 1.027466 0.360757 -0.358621 1.997693
0.185791 -0.189209 1.141724 0.361232 -0.367877 2.219844
0.172974 -0.194214 1.239990 0.336311 -0.377608 2.410903
0.149780 -0.209839 1.321167 0.291217 -0.407988 2.568734
0.115112 -0.262451 1.396118 0.223812 -0.510282 2.714461
0.073242 -0.328003 1.471313 0.142404 -0.637733 2.860662
0.030640 -0.369629 1.546875 0.059572 -0.718666 3.007576
-0.007446 -0.359497 1.618042 -0.014478 -0.698967 3.145946
-0.041016 -0.318604 1.681641 -0.079746 -0.619458 3.269600
-0.069214 -0.306885 1.730347 -0.134572 -0.596673 3.364299
-0.085449 -0.356323 1.765137 -0.166138 -0.692796 3.431941
-0.087280 -0.451660 1.788696 -0.169698 -0.878159 3.477747
-0.077637 -0.569946 1.807373 -0.150948 -1.108142 3.514060
-0.063110 -0.694092 1.835449 -0.122705 -1.349517 3.568649
-0.051392 -0.780884 1.886475 -0.099920 -1.518266 3.667857
-0.050171 -0.768066 1.948975 -0.097547 -1.493345 3.789375
-0.068481 -0.690674 2.007446 -0.133148 -1.342871 3.903061
-0.109375 -0.557007 2.045288 -0.212657 -1.082984 3.976636
-0.163208 -0.380005 2.044312 -0.317324 -0.738840 3.974738
-0.209473 -0.238770 1.995483 -0.407276 -0.464238 3.879802
-0.227783 -0.169189 1.899658 -0.442877 -0.328954 3.693490
-0.214111 -0.139282 1.764038 -0.416295 -0.270805 3.429805
-0.174316 -0.168823 1.610229 -0.338922 -0.328242 3.130756
-0.115845 -0.258057 1.467651 -0.225236 -0.501737 2.853542
-0.048584 -0.359497 1.358521 -0.094461 -0.698967 2.641360
0.010986 -0.383911 1.278442 0.021361 -0.746435 2.485665
0.049927 -0.351685 1.202148 0.097072 -0.683777 2.337327
0.059448 -0.291016 1.104858 0.115585 -0.565819 2.148167
0.040039 -0.244507 0.986328 0.077848 -0.475393 1.917709
0.004150 -0.220703 0.858643 0.008070 -0.429111 1.669452
-0.032837 -0.168091 0.724365 -0.063845 -0.326818 1.408377
-0.063721 -0.089233 0.583252 -0.123892 -0.173496 1.134012
-0.083984 -0.047241 0.440674 -0.163290 -0.091851 0.856798
-0.090454 -0.059570 0.307007 -0.175869 -0.115822 0.596911
-0.080811 -0.099609 0.190186 -0.157119 -0.193670 0.369776
-0.059326 -0.116333 0.100464 -0.115347 -0.226185 0.195331
-0.038330 -0.127075 0.040039 -0.074525 -0.247071 0.077848
-0.021240 -0.107178 0.002808 -0.041297 -0.208385 0.005459
-0.007568 -0.083130 -0.019409 -0.014715 -0.161629 -0.037737
0.000977 -0.080322 -0.027710 0.001899 -0.156170 -0.053876
0.006714 -0.088989 -0.026367 0.013054 -0.173021 -0.051266
0.006592 -0.081909 -0.019165 0.012816 -0.159255 -0.037262
-0.001343 -0.057983 -0.007813 -0.002611 -0.112737 -0.015190
-0.015381 -0.017212 -0.000244 -0.029905 -0.033465 -0.000475
-0.033813 0.006348 -0.005981 -0.065743 0.012342 -0.011630
-0.050781 0.014771 -0.028931 -0.098734 0.028718 -0.056250
-0.062012 0.033936 -0.067261 -0.120569 0.065981 -0.130774
-0.066772 0.042725 -0.109863 -0.129825 0.083069 -0.213606
-0.066162 0.027100 -0.148438 -0.128638 0.052690 -0.288606
-0.060669 0.010498 -0.176880 -0.117958 0.020411 -0.343906
-0.053711 0.001099 -0.194946 -0.104430 0.002136 -0.379032
-0.048096 0.001587 -0.203979 -0.093512 0.003085 -0.396596
-0.045532 0.005737 -0.206055 -0.088528 0.011155 -0.400630
-0.046265 0.011353 -0.204224 -0.089952 0.022073 -0.397070
-0.049194 0.018311 -0.196655 -0.095648 0.035601 -0.382355
-0.052979 0.028076 -0.182861 -0.103006 0.054588 -0.355536
-0.056030 0.034302 -0.162720 -0.108939 0.066693 -0.316375
-0.057129 0.031494 -0.139648 -0.111075 0.061234 -0.271517
-0.055054 0.034790 -0.117065 -0.107040 0.067642 -0.227609
-0.051636 0.035889 -0.095337 -0.100395 0.069778 -0.185363
-0.048828 0.033691 -0.077881 -0.094936 0.065506 -0.151423
-0.046021 0.039795 -0.066772 -0.089477 0.077373 -0.129825
-0.043701 0.041504 -0.062500 -0.084968 0.080696 -0.121518
-0.042114 0.040771 -0.059692 -0.081882 0.079272 -0.116059
-0.041748 0.040405 -0.057373 -0.081170 0.078560 -0.111550
-0.042358 0.034424 -0.051758 -0.082357 0.066930 -0.100632
-0.041138 0.030273 -0.041748 -0.079984 0.058860 -0.081170
-0.038208 0.032471 -0.030396 -0.074288 0.063133 -0.059098
-0.034546 0.033325 -0.020264 -0.067167 0.064794 -0.039398
-0.030884 0.028320 -0.011963 -0.060047 0.055063 -0.023259
-0.027710 0.022461 -0.006104 -0.053876 0.043671 -0.011867
-0.024536 0.015747 -0.001465 -0.047705 0.030617 -0.002848
-0.021606 0.008789 0.002075 -0.042009 0.017089 0.004035
-0.017456 -0.000366 0.005127 -0.033940 -0.000712 0.009968
-0.010620 -0.009155 0.008423 -0.020649 -0.017801 0.016376
-0.001953 -0.016968 0.011719 -0.003797 -0.032990 0.022785
0.005371 -0.027100 0.014893 0.010443 -0.052690 0.028956
0.009766 -0.032715 0.017334 0.018987 -0.063607 0.033702
0.010986 -0.034302 0.019287 0.021361 -0.066693 0.037500
0.010132 -0.036865 0.021851 0.019699 -0.071677 0.042484
0.006592 -0.036865 0.023315 0.012816 -0.071677 0.045332
0.000732 -0.033936 0.021484 0.001424 -0.065981 0.041772
-0.005127 -0.031982 0.015747 -0.009968 -0.062183 0.030617
-0.008423 -0.027832 0.007690 -0.016376 -0.054114 0.014952
-0.008179 -0.025513 -0.001587 -0.015902 -0.049604 -0.003085
-0.007690 -0.028442 -0.013062 -0.014952 -0.055300 -0.025395
-0.006958 -0.033203 -0.022461 -0.013528 -0.064557 -0.043671
-0.006104 -0.034546 -0.028320 -0.011867 -0.067167 -0.055063
-0.006104 -0.031860 -0.029785 -0.011867 -0.061946 -0.057911
-0.006226 -0.032227 -0.028931 -0.012104 -0.062658 -0.056250
-0.006714 -0.032471 -0.028442 -0.013054 -0.063133 -0.055300
-0.007202 -0.029297 -0.027222 -0.014003 -0.056962 -0.052927
