-0.017578 -0.320923 0.131104 -0.034177 -0.623968 0.254903
0.006836 -0.270630 0.156494 0.013291 -0.526183 0.304270
0.028809 -0.155396 0.177002 0.056012 -0.302134 0.344143
0.032471 -0.023804 0.189819 0.063133 -0.046281 0.369064
0.029541 0.136597 0.163330 0.057436 0.265584 0.317561
0.024658 0.198486 0.084961 0.047943 0.385915 0.165189
0.043457 0.158203 -0.050537 0.084493 0.307593 -0.098259
0.078857 0.094238 -0.232666 0.153322 0.183227 -0.452371
0.110596 0.043213 -0.455322 0.215030 0.084018 -0.885279
0.129883 0.010498 -0.713501 0.252530 0.020411 -1.387254
0.143066 0.015747 -0.988525 0.278163 0.030617 -1.921982
0.157349 0.054443 -1.253662 0.305932 0.105854 -2.437485
0.171631 0.101807 -1.478638 0.333700 0.197942 -2.874903
0.175537 0.141113 -1.649414 0.341295 0.274365 -3.206942
0.165405 0.141113 -1.767944 0.321596 0.274365 -3.437399
0.142700 0.130859 -1.842651 0.277451 0.254429 -3.582652
0.114502 0.151733 -1.887085 0.222625 0.295014 -3.669044
0.082397 0.210571 -1.919312 0.160205 0.409412 -3.731701
0.042725 0.281616 -1.955933 0.083069 0.547544 -3.802903
-0.008057 0.333374 -2.001221 -0.015664 0.648176 -3.890957
-0.069946 0.369751 -2.047974 -0.135996 0.718904 -3.981858
-0.136719 0.385254 -2.087891 -0.265821 0.749046 -4.059468
-0.201904 0.387329 -2.120850 -0.392561 0.753081 -4.123550
-0.255127 0.380981 -2.145752 -0.496041 0.740739 -4.171968
-0.293213 0.345825 -2.156372 -0.570091 0.672385 -4.192616
-0.312866 0.293823 -2.147827 -0.608303 0.571278 -4.176003
-0.314697 0.247070 -2.122681 -0.611863 0.480377 -4.127110
-0.303223 0.201416 -2.082153 -0.589553 0.391611 -4.048313
-0.287231 0.123657 -2.020020 -0.558462 0.240426 -3.927507
-0.276367 0.067993 -1.933228 -0.537338 0.132199 -3.758758
-0.268677 0.070435 -1.818726 -0.522386 0.136945 -3.536133
-0.261597 0.158325 -1.659790 -0.508620 0.307830 -3.227116
-0.262939 0.180298 -1.450439 -0.511231 0.350552 -2.820077
-0.256958 0.267334 -1.237671 -0.499601 0.519775 -2.406393
-0.232422 0.372559 -1.042358 -0.451896 0.724363 -2.026649
-0.179932 0.477905 -0.869141 -0.349840 0.929187 -1.689863
-0.103149 0.548096 -0.720215 -0.200553 1.065658 -1.400308
-0.014893 0.589600 -0.598389 -0.028956 1.146354 -1.163442
0.073730 0.577881 -0.510132 0.143354 1.123569 -0.991845
0.150391 0.495239 -0.457153 0.292403 0.962890 -0.888839
0.203247 0.357178 -0.428955 0.395172 0.694458 -0.834014
0.226563 0.209839 -0.410156 0.440504 0.407988 -0.797463
0.222290 0.092529 -0.379883 0.432197 0.179904 -0.738603
0.196411 0.036255 -0.328613 0.381881 0.070490 -0.638920
0.155029 -0.005249 -0.252075 0.301422 -0.010206 -0.490108
0.103149 -0.052612 -0.154541 0.200553 -0.102294 -0.300473
0.052368 -0.083130 -0.039917 0.101819 -0.161629 -0.077610
0.018188 -0.082031 0.088013 0.035364 -0.159493 0.171122
0.008911 -0.072510 0.217773 0.017326 -0.140980 0.423415
0.023438 -0.068726 0.339600 0.045569 -0.133623 0.660281
0.055908 -0.083374 0.449097 0.108702 -0.162103 0.873175
0.099365 -0.100952 0.547729 0.193195 -0.196280 1.064946
0.145386 -0.101563 0.638428 0.282672 -0.197467 1.241290
0.185059 -0.086426 0.724731 0.359808 -0.168037 1.409089
0.213989 -0.070068 0.811646 0.416058 -0.136233 1.578076
0.224487 -0.041382 0.904785 0.436469 -0.080458 1.759166
0.216064 -0.009033 1.004639 0.420092 -0.017563 1.953310
0.187500 0.023926 1.102417 0.364555 0.046519 2.143420
0.139404 0.037109 1.193970 0.271043 0.072151 2.321425
0.074463 0.024048 1.280151 0.144778 0.046756 2.488988
0.004395 -0.018188 1.371094 0.008544 -0.035364 2.665806
-0.061523 -0.075317 1.468018 -0.119620 -0.146439 2.854254
-0.116699 -0.146729 1.570923 -0.226897 -0.285283 3.054332
-0.162109 -0.212280 1.679688 -0.315188 -0.412735 3.265802
-0.202271 -0.221191 1.787842 -0.393273 -0.430061 3.476086
-0.241211 -0.184570 1.887207 -0.468984 -0.358858 3.669281
-0.278564 -0.166016 1.968140 -0.541611 -0.322783 3.826638
-0.316040 -0.160400 2.016846 -0.614474 -0.311865 3.921336
-0.352783 -0.135010 2.015381 -0.685913 -0.262498 3.918488
-0.384644 -0.135864 1.966431 -0.747859 -0.264160 3.823315
-0.400757 -0.187500 1.891968 -0.779188 -0.364555 3.678537
-0.394653 -0.283691 1.822144 -0.767321 -0.551579 3.542778
-0.369629 -0.375732 1.779175 -0.718666 -0.730533 3.459235
-0.327271 -0.406372 1.747803 -0.636309 -0.790106 3.398238
-0.277710 -0.261841 1.695068 -0.539949 -0.509095 3.295707
-0.232056 -0.084351 1.599487 -0.451184 -0.164002 3.109870
-0.177368 -0.050049 1.458862 -0.344855 -0.097310 2.836454
-0.076782 -0.168091 1.265869 -0.149287 -0.326818 2.461219
0.075195 -0.260986 1.036865 0.146202 -0.507434 2.015968
0.231567 -0.365723 0.824463 0.450235 -0.711071 1.602996
0.340942 -0.519165 0.691528 0.662891 -1.009408 1.344533
0.376709 -0.659424 0.648682 0.732432 -1.282112 1.261226
0.344238 -0.534790 0.669312 0.669300 -1.039788 1.301337
0.266113 -0.353149 0.709229 0.517402 -0.686625 1.378947
0.159424 -0.193848 0.720825 0.309966 -0.376896 1.401494
0.080444 -0.089600 0.671387 0.156407 -0.174208 1.305372
0.041504 -0.008545 0.564087 0.080696 -0.016614 1.096749
0.026489 0.022705 0.430786 0.051503 0.044145 0.837574
0.018311 -0.021240 0.302856 0.035601 -0.041297 0.588841
0.009521 -0.109253 0.193481 0.018513 -0.212420 0.376184
-0.003784 -0.175293 0.108276 -0.007358 -0.340821 0.210521
-0.023438 -0.168701 0.049316 -0.045569 -0.328004 0.095885
-0.046631 -0.107422 0.014038 -0.090664 -0.208859 0.027294
-0.069702 -0.053955 -0.005005 -0.135521 -0.104904 -0.009731
-0.088623 -0.011963 -0.024780 -0.172309 -0.023259 -0.048180
-0.098511 0.019653 -0.053833 -0.191534 0.038212 -0.104667
-0.096558 0.032471 -0.088257 -0.187736 0.063133 -0.171597
-0.084961 0.036133 -0.120239 -0.165189 0.070253 -0.233780
-0.069824 0.036133 -0.145020 -0.135759 0.070253 -0.281960
-0.055664 0.034180 -0.161255 -0.108227 0.066455 -0.313527
-0.046021 0.034790 -0.171387 -0.089477 0.067642 -0.333226
-0.039551 0.037231 -0.176636 -0.076898 0.072389 -0.343431
-0.035156 0.038330 -0.180298 -0.068354 0.074525 -0.350552
-0.033569 0.041748 -0.185547 -0.065269 0.081170 -0.360757
-0.032471 0.039917 -0.192261 -0.063133 0.077610 -0.373811
-0.032959 0.034058 -0.198730 -0.064082 0.066218 -0.386390
-0.035034 0.022217 -0.204224 -0.068117 0.043196 -0.397070
-0.040039 0.013550 -0.204834 -0.077848 0.026345 -0.398257
-0.049438 0.007813 -0.199463 -0.096123 0.015190 -0.387814
-0.062744 0.000488 -0.185669 -0.121993 0.000949 -0.360995
-0.075562 -0.003662 -0.164917 -0.146914 -0.007120 -0.320647
-0.084839 -0.003906 -0.139893 -0.164952 -0.007595 -0.271992
-0.089966 -0.002686 -0.114990 -0.174920 -0.005221 -0.223575
-0.089722 0.001343 -0.093018 -0.174445 0.002611 -0.180853
-0.086182 0.015259 -0.075806 -0.167562 0.029668 -0.147388
-0.080078 0.036743 -0.062744 -0.155695 0.071439 -0.121993
-0.068970 0.055176 -0.053223 -0.134097 0.107278 -0.103480
-0.053711 0.070190 -0.047119 -0.104430 0.136471 -0.091613
-0.036499 0.071899 -0.042480 -0.070965 0.139793 -0.082594
-0.022339 0.061523 -0.041382 -0.043433 0.119620 -0.080458
-0.014648 0.048584 -0.043091 -0.028481 0.094461 -0.083781
-0.014893 0.035522 -0.047852 -0.028956 0.069066 -0.093037
-0.020386 0.023071 -0.051270 -0.039636 0.044857 -0.099683
-0.028198 0.007568 -0.050049 -0.054826 0.014715 -0.097310
-0.034668 -0.006104 -0.045776 -0.067405 -0.011867 -0.089003
-0.038330 -0.019409 -0.040161 -0.074525 -0.037737 -0.078085
-0.039795 -0.029785 -0.035889 -0.077373 -0.057911 -0.069778
-0.040283 -0.035156 -0.032104 -0.078322 -0.068354 -0.062420
-0.042969 -0.034912 -0.029053 -0.083544 -0.067879 -0.056487
-0.046387 -0.032593 -0.024902 -0.090189 -0.063370 -0.048417
-0.048218 -0.024048 -0.020752 -0.093749 -0.046756 -0.040348
-0.048462 -0.017944 -0.018921 -0.094224 -0.034889 -0.036788
-0.047363 -0.019409 -0.018799 -0.092088 -0.037737 -0.036550
-0.044434 -0.020630 -0.020508 -0.086392 -0.040111 -0.039873
-0.042725 -0.018921 -0.021973 -0.083069 -0.036788 -0.042721
-0.045898 -0.014771 -0.022705 -0.089240 -0.028718 -0.044145
-0.053833 -0.010132 -0.021484 -0.104667 -0.019699 -0.041772
-0.062988 -0.007813 -0.019653 -0.122468 -0.015190 -0.038212
-0.069824 -0.007690 -0.017700 -0.135759 -0.014952 -0.034414
-0.072144 -0.011719 -0.014771 -0.140268 -0.022785 -0.028718
-0.069824 -0.017212 -0.013794 -0.135759 -0.033465 -0.026819
-0.064697 -0.018555 -0.014893 -0.125790 -0.036076 -0.028956
-0.058472 -0.020020 -0.018799 -0.113686 -0.038924 -0.036550
-0.052612 -0.020508 -0.019897 -0.102294 -0.039873 -0.038686
-0.044922 -0.017334 -0.017944 -0.087341 -0.033702 -0.034889
-0.036011 -0.007690 -0.013672 -0.070015 -0.014952 -0.026582
-0.028198 0.000977 -0.011108 -0.054826 0.001899 -0.021598
-0.020752 -0.001099 -0.010376 -0.040348 -0.002136 -0.020174
-0.013062 -0.006104 -0.009766 -0.025395 -0.011867 -0.018987
-0.005859 -0.010132 -0.010498 -0.011392 -0.019699 -0.020411
