-0.169434 -0.545532 -0.156372 -0.329428 -1.060674 -0.304033
-0.087646 -0.415039 -0.144287 -0.170410 -0.806957 -0.280536
-0.050537 -0.078125 -0.073486 -0.098259 -0.151898 -0.142879
-0.083008 0.198853 0.045410 -0.161391 0.386627 0.088291
-0.135132 0.243896 0.085693 -0.262736 0.474206 0.166613
-0.145386 0.118774 0.006714 -0.282672 0.230932 0.013054
-0.104492 0.056030 -0.174561 -0.203163 0.108939 -0.339397
-0.053101 0.087769 -0.416626 -0.103243 0.170648 -0.810042
-0.002808 0.135620 -0.678711 -0.005459 0.263685 -1.319612
0.055054 0.141357 -0.929077 0.107040 0.274840 -1.806397
0.119995 0.092651 -1.134155 0.233305 0.180141 -2.205129
0.181519 0.069580 -1.279297 0.352925 0.135284 -2.487326
0.227661 0.075439 -1.386841 0.442640 0.146676 -2.696423
0.246338 0.077026 -1.483643 0.478953 0.149762 -2.884634
0.235596 0.114868 -1.593018 0.458067 0.223337 -3.097291
0.208618 0.160034 -1.715454 0.405615 0.311153 -3.335343
0.181274 0.192383 -1.830688 0.352450 0.374048 -3.559392
0.156982 0.213257 -1.909058 0.305220 0.414633 -3.711765
0.129883 0.214233 -1.940552 0.252530 0.416532 -3.772999
0.098022 0.256226 -1.951904 0.190584 0.498177 -3.795071
0.070313 0.339844 -1.984253 0.136708 0.660755 -3.857966
0.056641 0.385986 -2.045654 0.110126 0.750470 -3.977349
0.067627 0.397705 -2.134521 0.131487 0.773255 -4.150132
0.107178 0.388062 -2.246948 0.208385 0.754505 -4.368722
0.153442 0.316528 -2.372070 0.298337 0.615423 -4.611997
0.181885 0.187866 -2.491821 0.353637 0.365267 -4.844827
0.175781 0.025757 -2.579346 0.341770 0.050079 -5.015000
0.135986 -0.126709 -2.610352 0.264397 -0.246359 -5.075284
0.071045 -0.264038 -2.572998 0.138132 -0.513367 -5.002658
-0.015015 -0.369263 -2.472168 -0.029193 -0.717954 -4.806615
-0.128174 -0.551392 -2.324585 -0.249207 -1.072066 -4.519671
-0.263550 -0.556885 -2.129883 -0.512418 -1.082746 -4.141113
-0.366089 -0.382813 -1.871460 -0.711784 -0.744299 -3.638664
-0.412598 -0.165405 -1.560425 -0.802210 -0.321596 -3.033921
-0.407471 0.060181 -1.249756 -0.792242 0.117009 -2.429890
-0.365112 0.195923 -0.995483 -0.709885 0.380931 -1.935510
-0.299805 0.253296 -0.812134 -0.582908 0.492481 -1.579025
-0.228394 0.312988 -0.678955 -0.444064 0.608540 -1.320087
-0.161011 0.328613 -0.572021 -0.313052 0.638920 -1.112177
-0.106079 0.277588 -0.476196 -0.206249 0.539712 -0.925864
-0.070923 0.177002 -0.385986 -0.137895 0.344143 -0.750470
-0.057251 0.065308 -0.294556 -0.111313 0.126977 -0.572702
-0.060425 0.022217 -0.198975 -0.117483 0.043196 -0.386865
-0.077515 0.011230 -0.097778 -0.150711 0.021835 -0.190110
-0.107300 -0.020508 0.001465 -0.208622 -0.039873 0.002848
-0.136597 -0.049561 0.095825 -0.265584 -0.096360 0.186312
-0.155518 -0.053955 0.187378 -0.302372 -0.104904 0.364317
-0.162842 -0.037476 0.278198 -0.316612 -0.072863 0.540899
-0.160767 -0.041504 0.371216 -0.312577 -0.080696 0.721752
-0.144287 -0.089111 0.466797 -0.280536 -0.173258 0.907589
-0.107544 -0.137939 0.562744 -0.209097 -0.268195 1.094139
-0.050537 -0.176392 0.655151 -0.098259 -0.342957 1.273805
0.021851 -0.207275 0.744751 0.042484 -0.403004 1.448013
0.099243 -0.259399 0.837646 0.192958 -0.504348 1.628629
0.168091 -0.319702 0.940918 0.326818 -0.621594 1.829419
0.218262 -0.355225 1.054810 0.424364 -0.690660 2.050857
0.242554 -0.370239 1.173462 0.471595 -0.719853 2.281552
0.242676 -0.382202 1.290894 0.471832 -0.743112 2.509874
0.221924 -0.376465 1.405029 0.431485 -0.731957 2.731787
0.187500 -0.345459 1.522339 0.364555 -0.671673 2.959871
0.147705 -0.321777 1.647949 0.287182 -0.625629 3.204094
0.102051 -0.292847 1.774902 0.198416 -0.569379 3.450928
0.055542 -0.256836 1.890747 0.107990 -0.499364 3.676164
0.018555 -0.176636 1.981689 0.036076 -0.343431 3.852982
0.003662 -0.083618 2.040161 0.007120 -0.162578 3.966668
0.016846 -0.000610 2.056885 0.032753 -0.001187 3.999184
0.058350 0.056641 2.051270 0.113449 0.110126 3.988266
0.115967 0.031982 2.055542 0.225473 0.062183 3.996573
0.174561 -0.147217 2.070801 0.339397 -0.286232 4.026241
0.211914 -0.324097 2.062134 0.412023 -0.630138 4.009389
0.205078 -0.360840 2.002686 0.398732 -0.701578 3.893805
0.161499 -0.384644 1.902832 0.314001 -0.747859 3.699660
0.106812 -0.388550 1.770508 0.207673 -0.755454 3.442384
0.060059 -0.340698 1.624268 0.116771 -0.662417 3.158050
0.021851 -0.265015 1.487671 0.042484 -0.515266 2.892466
-0.000610 -0.210205 1.369873 -0.001187 -0.408700 2.663433
-0.003906 -0.260498 1.290771 -0.007595 -0.506484 2.509636
0.009521 -0.495605 1.267090 0.018513 -0.963602 2.463592
0.036255 -0.541870 1.262329 0.070490 -1.053554 2.454336
0.050415 -0.350220 1.250610 0.098022 -0.680929 2.431551
0.038086 -0.178955 1.216309 0.074050 -0.347941 2.364859
0.005615 -0.069336 1.151611 0.010918 -0.134809 2.239068
-0.034668 0.004639 1.056152 -0.067405 0.009019 2.053468
-0.077637 0.065063 0.937256 -0.150948 0.126502 1.822299
-0.119629 0.121094 0.802246 -0.232593 0.235442 1.559800
-0.155518 0.137085 0.667358 -0.302372 0.266533 1.297539
-0.176636 0.119995 0.552246 -0.343431 0.233305 1.073727
-0.182739 0.094116 0.467041 -0.355298 0.182989 0.908064
-0.176880 0.009888 0.414917 -0.343906 0.019225 0.806720
-0.161011 -0.022583 0.385010 -0.313052 -0.043908 0.748571
-0.140137 0.040161 0.356689 -0.272467 0.078085 0.693508
-0.119995 0.080444 0.314819 -0.233305 0.156407 0.612101
-0.098633 0.104248 0.255981 -0.191771 0.202689 0.497703
-0.076660 0.138550 0.184082 -0.149050 0.269381 0.357909
-0.057983 0.163818 0.109741 -0.112737 0.318511 0.213369
-0.045776 0.150635 0.044434 -0.089003 0.292878 0.086392
-0.038818 0.124268 -0.000977 -0.075474 0.241612 -0.001899
-0.032959 0.107422 -0.024536 -0.064082 0.208859 -0.047705
-0.026245 0.091187 -0.028687 -0.051028 0.177293 -0.055775
-0.015625 0.066895 -0.023315 -0.030380 0.130062 -0.045332
-0.003906 0.021118 -0.017090 -0.007595 0.041060 -0.033228
0.001099 -0.024902 -0.016113 0.002136 -0.048417 -0.031329
-0.001953 -0.023193 -0.023926 -0.003797 -0.045095 -0.046519
-0.011108 -0.005005 -0.035156 -0.021598 -0.009731 -0.068354
-0.020020 -0.001709 -0.044312 -0.038924 -0.003323 -0.086155
-0.026123 0.001831 -0.046875 -0.050791 0.003560 -0.091139
-0.030884 0.022217 -0.045166 -0.060047 0.043196 -0.087816
-0.032837 0.051880 -0.044800 -0.063845 0.100870 -0.087104
-0.031494 0.072388 -0.048950 -0.061234 0.140743 -0.095173
-0.027222 0.076782 -0.059082 -0.052927 0.149287 -0.114873
-0.020020 0.066528 -0.072754 -0.038924 0.129350 -0.141455
-0.015259 0.047363 -0.088379 -0.029668 0.092088 -0.171834
-0.013672 0.026245 -0.101074 -0.026582 0.051028 -0.196518
-0.013184 0.011108 -0.106812 -0.025633 0.021598 -0.207673
-0.009521 0.013062 -0.105347 -0.018513 0.025395 -0.204825
-0.003052 0.025635 -0.094116 -0.005934 0.049841 -0.182989
0.005005 0.043213 -0.074585 0.009731 0.084018 -0.145015
0.013062 0.058105 -0.048096 0.025395 0.112974 -0.093512
0.021118 0.064697 -0.020386 0.041060 0.125790 -0.039636
0.025391 0.060547 0.004883 0.049367 0.117721 0.009494
0.022461 0.057495 0.023071 0.043671 0.111787 0.044857
0.010742 0.061035 0.031860 0.020886 0.118670 0.061946
-0.006836 0.074341 0.032959 -0.013291 0.144540 0.064082
-0.019775 0.096069 0.029053 -0.038449 0.186787 0.056487
-0.022217 0.113525 0.023438 -0.043196 0.220726 0.045569
-0.013672 0.111572 0.012085 -0.026582 0.216929 0.023497
0.002686 0.080688 -0.003052 0.005221 0.156882 -0.005934
0.022095 0.041504 -0.020264 0.042959 0.080696 -0.039398
0.039551 0.018433 -0.041016 0.076898 0.035838 -0.079746
0.046265 -0.000854 -0.062500 0.089952 -0.001661 -0.121518
0.039795 -0.014771 -0.080811 0.077373 -0.028718 -0.157119
0.021240 -0.012329 -0.089478 0.041297 -0.023971 -0.173970
-0.004761 0.005859 -0.084839 -0.009256 0.011392 -0.164952
-0.029053 0.016479 -0.069580 -0.056487 0.032041 -0.135284
-0.042725 0.031738 -0.054321 -0.083069 0.061708 -0.105616
-0.043335 0.046265 -0.039185 -0.084256 0.089952 -0.076186
-0.035400 0.052979 -0.025146 -0.068829 0.103006 -0.048892
-0.024048 0.046387 -0.017700 -0.046756 0.090189 -0.034414
-0.011353 0.030396 -0.018311 -0.022073 0.059098 -0.035601
0.001831 0.011353 -0.025146 0.003560 0.022073 -0.048892
0.011841 -0.003906 -0.033203 0.023022 -0.007595 -0.064557
0.015259 -0.019897 -0.039551 0.029668 -0.038686 -0.076898
0.014648 -0.035156 -0.041016 0.028481 -0.068354 -0.079746
0.008545 -0.039307 -0.038086 0.016614 -0.076424 -0.074050
-0.002686 -0.035156 -0.034790 -0.005221 -0.068354 -0.067642
-0.015259 -0.031616 -0.032959 -0.029668 -0.061471 -0.064082
-0.024414 -0.030762 -0.032959 -0.047468 -0.059810 -0.064082
-0.029541 -0.031982 -0.032471 -0.057436 -0.062183 -0.063133
-0.032349 -0.035156 -0.032471 -0.062895 -0.068354 -0.063133
-0.034546 -0.032837 -0.031006 -0.067167 -0.063845 -0.060284
