-0.015015 0.337280 -0.570923 -0.029193 0.655771 -1.110041
-0.087524 0.354858 -0.648071 -0.170173 0.689948 -1.260040
-0.161255 0.385254 -0.743164 -0.313527 0.749046 -1.444928
-0.243652 0.331543 -0.849976 -0.473731 0.644616 -1.652600
-0.338135 0.230469 -0.965332 -0.657433 0.448098 -1.876887
-0.445801 0.122559 -1.082520 -0.866767 0.238290 -2.104734
-0.557739 0.049438 -1.199707 -1.084408 0.096123 -2.332580
-0.678833 0.012329 -1.310425 -1.319849 0.023971 -2.547848
-0.807739 0.008301 -1.408447 -1.570481 0.016139 -2.738432
-0.937500 0.035522 -1.483643 -1.822773 0.069066 -2.884634
-1.049316 0.092163 -1.530029 -2.040177 0.179192 -2.974823
-1.130371 0.171387 -1.552612 -2.197771 0.333226 -3.018731
-1.184326 0.251343 -1.550171 -2.302675 0.488684 -3.013984
-1.210449 0.301880 -1.518066 -2.353466 0.586943 -2.951564
-1.208740 0.338623 -1.455200 -2.350143 0.658382 -2.829334
-1.179077 0.340698 -1.359863 -2.292470 0.662417 -2.643971
-1.128052 0.292236 -1.230957 -2.193262 0.568193 -2.393339
-1.057251 0.232056 -1.075195 -2.055604 0.451184 -2.090493
-0.970215 0.160522 -0.911133 -1.886381 0.312102 -1.771508
-0.879272 0.091309 -0.751953 -1.709562 0.177531 -1.462016
-0.794189 0.045166 -0.590332 -1.544136 0.087816 -1.147778
-0.712280 0.049683 -0.413574 -1.384881 0.096597 -0.804109
-0.627686 0.111206 -0.219604 -1.220404 0.216217 -0.426975
-0.530518 0.182739 -0.021729 -1.031481 0.355298 -0.042247
-0.414307 0.197632 0.170044 -0.805533 0.384254 0.330615
-0.278564 0.138306 0.354126 -0.541611 0.268907 0.688524
-0.126953 0.055420 0.531982 -0.246834 0.107752 1.034329
0.031982 -0.026367 0.702026 0.062183 -0.051266 1.364944
0.192749 -0.113159 0.867065 0.374760 -0.220014 1.685828
0.349976 -0.192749 1.029297 0.680455 -0.374760 2.001253
0.501709 -0.271362 1.187988 0.975469 -0.527607 2.309796
0.641724 -0.353638 1.335083 1.247698 -0.687575 2.595791
0.763794 -0.447632 1.464355 1.485038 -0.870327 2.847134
0.859863 -0.554077 1.576904 1.671825 -1.077288 3.065962
0.922119 -0.621094 1.672729 1.792868 -1.207587 3.252274
0.932983 -0.645630 1.747192 1.813992 -1.255293 3.397052
0.881836 -0.664673 1.795288 1.714546 -1.292318 3.490564
0.775269 -0.636597 1.824829 1.507348 -1.237730 3.548000
0.627563 -0.555786 1.837402 1.220166 -1.080610 3.572446
0.460938 -0.464233 1.828857 0.896197 -0.902605 3.555832
0.304688 -0.429199 1.803711 0.592401 -0.834488 3.506940
0.177490 -0.438965 1.770874 0.345093 -0.853476 3.443095
0.073853 -0.472900 1.718506 0.143591 -0.919456 3.341277
-0.031250 -0.411499 1.607666 -0.060759 -0.800074 3.125772
-0.150269 -0.306885 1.418213 -0.292166 -0.596673 2.757419
-0.252930 -0.312866 1.172119 -0.491769 -0.608303 2.278941
-0.314209 -0.393066 0.900269 -0.610914 -0.764236 1.750385
-0.361084 -0.343140 0.647583 -0.702053 -0.667164 1.259090
-0.433105 -0.562866 0.464233 -0.842083 -1.094376 0.902605
-0.511353 -0.695923 0.303833 -0.994218 -1.353077 0.590740
-0.596436 -0.474487 0.135498 -1.159645 -0.922542 0.263448
-0.697754 -0.392822 -0.013550 -1.356637 -0.763761 -0.026345
-0.778687 -0.315430 -0.169434 -1.513994 -0.613287 -0.329428
-0.834106 -0.225708 -0.351318 -1.621746 -0.438842 -0.683065
-0.871826 -0.208496 -0.535278 -1.695084 -0.405377 -1.040737
-0.886230 -0.222778 -0.707153 -1.723090 -0.433146 -1.374912
-0.892578 -0.219482 -0.865479 -1.735432 -0.426738 -1.682743
-0.910034 -0.197144 -1.016113 -1.769372 -0.383305 -1.975621
-0.938110 -0.153442 -1.159180 -1.823960 -0.298337 -2.253783
-0.969604 -0.101440 -1.287720 -1.885194 -0.197230 -2.503703
-0.994751 -0.065918 -1.395142 -1.934086 -0.128164 -2.712562
-1.008179 -0.084229 -1.482178 -1.960193 -0.163765 -2.881786
-1.017822 -0.110718 -1.553467 -1.978943 -0.215268 -3.020392
-1.030273 -0.063232 -1.607788 -2.003152 -0.122942 -3.126009
-1.047974 -0.021606 -1.641846 -2.037566 -0.042009 -3.192227
-1.065918 0.001099 -1.653442 -2.072455 0.002136 -3.214774
-1.075317 0.099243 -1.648926 -2.090731 0.192958 -3.205992
-1.073730 0.239746 -1.626343 -2.087645 0.466136 -3.162085
-1.063354 0.311401 -1.579346 -2.067471 0.605455 -3.070709
-1.048218 0.247070 -1.513672 -2.038041 0.480377 -2.943020
-1.031738 0.146729 -1.448364 -2.006000 0.285283 -2.816042
-1.018066 0.123413 -1.392822 -1.979418 0.239951 -2.708053
-1.003174 0.147095 -1.334351 -1.950462 0.285995 -2.594367
-0.982178 0.147583 -1.253784 -1.909640 0.286944 -2.437722
-0.950317 0.135620 -1.145630 -1.847694 0.263685 -2.227439
-0.905518 0.151978 -1.017578 -1.760590 0.295489 -1.978469
-0.850586 0.169800 -0.874634 -1.653787 0.330140 -1.700543
-0.788086 0.175415 -0.726929 -1.532269 0.341058 -1.413361
-0.715332 0.164307 -0.580200 -1.390814 0.319460 -1.128078
-0.627930 0.154297 -0.435791 -1.220878 0.299998 -0.847305
-0.530884 0.131470 -0.291260 -1.032193 0.255615 -0.566294
-0.429565 0.109863 -0.144409 -0.835200 0.213606 -0.280774
-0.328613 0.106567 0.002197 -0.638920 0.207198 0.004272
-0.234863 0.089355 0.146118 -0.456643 0.173733 0.284096
-0.152100 0.045410 0.283936 -0.295726 0.088291 0.552054
-0.079956 0.005371 0.409668 -0.155458 0.010443 0.796514
-0.019043 -0.025513 0.522339 -0.037025 -0.049604 1.015579
0.027344 -0.056885 0.626343 0.053164 -0.110601 1.217793
0.057861 -0.100586 0.734375 0.112499 -0.195568 1.427839
0.075195 -0.129395 0.848145 0.146202 -0.251581 1.649040
0.079956 -0.132935 0.965210 0.155458 -0.258464 1.876650
0.069946 -0.106201 1.080933 0.135996 -0.206486 2.101648
0.042480 -0.064575 1.194580 0.082594 -0.125553 2.322612
0.002930 -0.023804 1.304688 0.005696 -0.046281 2.536693
-0.032227 0.004272 1.406738 -0.062658 0.008307 2.735109
-0.048218 0.011597 1.494873 -0.093749 0.022547 2.906469
-0.041016 -0.004761 1.566040 -0.079746 -0.009256 3.044838
-0.015869 -0.041870 1.617310 -0.030854 -0.081408 3.144521
0.009521 -0.101440 1.646484 0.018513 -0.197230 3.201246
0.022705 -0.170654 1.658936 0.044145 -0.331802 3.225455
0.023315 -0.198242 1.668579 0.045332 -0.385441 3.244204
0.019775 -0.138184 1.688232 0.038449 -0.268669 3.282416
0.014038 -0.062500 1.728027 0.027294 -0.121518 3.359789
0.001343 -0.013550 1.765747 0.002611 -0.026345 3.433127
-0.030518 0.062988 1.769409 -0.059335 0.122468 3.440248
-0.079346 0.120361 1.742432 -0.154271 0.234018 3.387795
-0.131836 0.124023 1.698853 -0.256328 0.241138 3.303065
-0.185059 0.128662 1.641235 -0.359808 0.250157 3.191040
-0.235352 0.158081 1.553833 -0.457592 0.307356 3.021105
-0.279419 0.180298 1.433960 -0.543272 0.350552 2.788036
-0.309204 0.184814 1.276855 -0.601183 0.359333 2.482579
-0.329102 0.261108 1.078369 -0.639869 0.507671 2.096664
-0.353638 0.339722 0.863281 -0.687575 0.660518 1.678470
-0.382935 0.415771 0.664307 -0.744536 0.808381 1.291606
-0.402222 0.403320 0.524170 -0.782036 0.784172 1.019139
-0.398926 0.231323 0.449463 -0.775628 0.449760 0.873887
-0.372070 0.143677 0.406128 -0.723413 0.279350 0.789631
-0.337402 0.120605 0.367554 -0.656009 0.234492 0.714632
-0.303223 0.194580 0.314819 -0.589553 0.378320 0.612101
-0.286621 0.202393 0.271729 -0.557275 0.393510 0.528319
-0.289185 0.196411 0.245483 -0.562259 0.381881 0.477291
-0.286499 0.303223 0.203247 -0.557038 0.589553 0.395172
-0.279907 0.303711 0.153687 -0.544221 0.590503 0.298811
-0.262939 0.214844 0.104370 -0.511231 0.417719 0.202926
-0.236206 0.133423 0.065430 -0.459253 0.259413 0.127214
-0.207886 0.115234 0.041504 -0.404191 0.224049 0.080696
-0.183716 0.108765 0.026611 -0.357197 0.211470 0.051740
-0.163330 0.063232 0.012573 -0.317561 0.122942 0.024446
-0.146240 0.014038 -0.009399 -0.284334 0.027294 -0.018275
-0.140747 -0.015625 -0.040405 -0.273653 -0.030380 -0.078560
-0.149780 -0.020874 -0.071899 -0.291217 -0.040585 -0.139793
-0.163330 -0.025146 -0.093262 -0.317561 -0.048892 -0.181328
-0.167358 -0.063599 -0.099854 -0.325394 -0.123654 -0.194144
-0.158691 -0.089844 -0.094116 -0.308542 -0.174682 -0.182989
-0.138916 -0.062134 -0.080933 -0.270093 -0.120806 -0.157357
-0.111572 -0.009399 -0.061768 -0.216929 -0.018275 -0.120094
-0.079590 0.042603 -0.039185 -0.154746 0.082832 -0.076186
-0.045654 0.100342 -0.021484 -0.088765 0.195094 -0.041772
-0.016235 0.130615 -0.011230 -0.031566 0.253954 -0.021835
0.001099 0.133423 -0.009399 0.002136 0.259413 -0.018275
0.002319 0.139526 -0.016602 0.004509 0.271280 -0.032278
-0.013550 0.133545 -0.025757 -0.026345 0.259650 -0.050079
-0.036255 0.106689 -0.032104 -0.070490 0.207435 -0.062420
-0.057983 0.067505 -0.033447 -0.112737 0.131249 -0.065031
-0.075073 0.017944 -0.030518 -0.145964 0.034889 -0.059335
-0.094238 -0.026855 -0.025391 -0.183227 -0.052215 -0.049367
-0.114868 -0.052002 -0.015503 -0.223337 -0.101107 -0.030142
-0.131226 -0.065918 -0.001221 -0.255141 -0.128164 -0.002373
-0.133179 -0.071045 0.012451 -0.258938 -0.138132 0.024209
-0.119995 -0.058472 0.018555 -0.233305 -0.113686 0.036076
