-0.058716 -0.070801 -0.872437 -0.114161 -0.137657 -1.696271
-0.216675 -0.113647 -0.981689 -0.421279 -0.220964 -1.908691
-0.387817 -0.094849 -1.106567 -0.754030 -0.184413 -2.151490
-0.563599 -0.089478 -1.214966 -1.095800 -0.173970 -2.362248
-0.727661 0.025391 -1.294067 -1.414785 0.049367 -2.516044
-0.864014 0.130249 -1.342529 -1.679895 0.253242 -2.610268
-0.970947 0.186157 -1.365601 -1.887805 0.361944 -2.655126
-1.058472 0.223999 -1.359009 -2.057978 0.435519 -2.642309
-1.133545 0.263184 -1.326416 -2.203942 0.511706 -2.578939
-1.201294 0.324585 -1.270020 -2.335666 0.631088 -2.469288
-1.261353 0.414917 -1.184937 -2.452437 0.806720 -2.303862
-1.308228 0.527222 -1.073608 -2.543576 1.025073 -2.087408
-1.336914 0.620483 -0.955811 -2.599351 1.206401 -1.858374
-1.353760 0.696411 -0.845337 -2.632104 1.354026 -1.643582
-1.356323 0.741089 -0.751953 -2.637088 1.440893 -1.462016
-1.328247 0.729492 -0.668335 -2.582500 1.418346 -1.299438
-1.253540 0.656372 -0.598022 -2.437247 1.276179 -1.162730
-1.130371 0.572754 -0.532227 -2.197771 1.113601 -1.034804
-0.976074 0.523804 -0.455200 -1.897773 1.018427 -0.885042
-0.806030 0.514648 -0.349365 -1.567158 1.000627 -0.679268
-0.630249 0.503052 -0.211060 -1.225388 0.978079 -0.410361
-0.447876 0.463379 -0.049683 -0.870802 0.900944 -0.096597
-0.260132 0.358521 0.120972 -0.505772 0.697068 0.235204
-0.071167 0.198242 0.291260 -0.138369 0.385441 0.566294
0.113037 0.036255 0.464722 0.219777 0.070490 0.903554
0.280029 -0.126221 0.646606 0.544459 -0.245410 1.257192
0.418335 -0.292603 0.835571 0.813365 -0.568905 1.624594
0.518311 -0.423584 1.007568 1.007747 -0.823571 1.959007
0.576294 -0.511108 1.143799 1.120484 -0.993744 2.223878
0.601318 -0.574585 1.240967 1.169138 -1.117161 2.412801
0.604858 -0.589233 1.324097 1.176021 -1.145642 2.574430
0.595703 -0.598755 1.410400 1.158221 -1.164154 2.742230
0.588257 -0.637817 1.484009 1.143743 -1.240103 2.885346
0.599609 -0.692993 1.528198 1.165815 -1.347381 2.971263
0.632202 -0.759766 1.547729 1.229185 -1.477206 3.009238
0.677246 -0.829834 1.550903 1.316764 -1.613439 3.015408
0.708496 -0.858887 1.530029 1.377523 -1.669926 2.974823
0.668457 -0.832642 1.467896 1.299675 -1.618898 2.854017
0.524902 -0.787598 1.362549 1.020563 -1.531319 2.649192
0.314575 -0.730591 1.246826 0.611626 -1.420482 2.424194
0.089478 -0.687378 1.157104 0.173970 -1.336463 2.249748
-0.113892 -0.637817 1.089355 -0.221438 -1.240103 2.118025
-0.287964 -0.599365 1.025269 -0.559886 -1.165341 1.993421
-0.418701 -0.672852 0.955200 -0.814077 -1.308220 1.857188
-0.497681 -0.788330 0.862793 -0.967636 -1.532744 1.677521
-0.535767 -0.802124 0.726074 -1.041687 -1.559563 1.411700
-0.557617 -0.779175 0.562134 -1.084170 -1.514943 1.092952
-0.573486 -0.791748 0.395508 -1.115025 -1.539389 0.768983
-0.598877 -0.763062 0.230469 -1.164391 -1.483614 0.448098
-0.646118 -0.692505 0.061646 -1.256242 -1.346431 0.119857
-0.715576 -0.642212 -0.116699 -1.391289 -1.248647 -0.226897
-0.800293 -0.614502 -0.305176 -1.556003 -1.194771 -0.593351
-0.895020 -0.544800 -0.491821 -1.740179 -1.059250 -0.956244
-0.992188 -0.392578 -0.663086 -1.929102 -0.763286 -1.289232
-1.082031 -0.209229 -0.805298 -2.103784 -0.406801 -1.565734
-1.160522 -0.041870 -0.915649 -2.256394 -0.081408 -1.780290
-1.233887 0.075562 -1.004028 -2.399036 0.146914 -1.952124
-1.304810 0.117432 -1.088989 -2.536930 0.228321 -2.117313
-1.366455 0.125732 -1.186646 -2.656787 0.244460 -2.307185
-1.415649 0.094482 -1.300293 -2.752435 0.183701 -2.528149
-1.452393 0.072876 -1.422852 -2.823875 0.141692 -2.766438
-1.484985 0.029663 -1.537476 -2.887244 0.057674 -2.989301
-1.517456 0.007935 -1.623901 -2.950377 0.015427 -3.157338
-1.547729 0.009888 -1.673462 -3.009238 0.019225 -3.253698
-1.566040 0.072388 -1.680420 -3.044838 0.140743 -3.267226
-1.568237 0.178833 -1.646118 -3.049111 0.347704 -3.200534
-1.555420 0.307495 -1.579224 -3.024190 0.597860 -3.070471
-1.530273 0.449219 -1.492310 -2.975298 0.873412 -2.901485
-1.497925 0.612305 -1.393555 -2.912403 1.190499 -2.709477
-1.463623 0.719116 -1.291382 -2.845710 1.398172 -2.510823
-1.418945 0.751099 -1.187622 -2.758843 1.460355 -2.309084
-1.354492 0.738281 -1.088501 -2.633528 1.435434 -2.116363
-1.272827 0.674194 -0.995728 -2.474747 1.310830 -1.935985
-1.183228 0.549438 -0.900513 -2.300539 1.068269 -1.750859
-1.093750 0.402710 -0.796021 -2.126569 0.782986 -1.547696
-1.000366 0.235718 -0.679321 -1.945004 0.458304 -1.320799
-0.898682 0.092285 -0.544678 -1.747299 0.179429 -1.059012
-0.792725 0.008179 -0.393677 -1.541288 0.015902 -0.765422
-0.685181 -0.031616 -0.233521 -1.332191 -0.061471 -0.454032
-0.578125 -0.011475 -0.074951 -1.124044 -0.022310 -0.145727
-0.478149 0.029053 0.080200 -0.929662 0.056487 0.155933
-0.389404 0.004150 0.230103 -0.757115 0.008070 0.447386
-0.311157 -0.078003 0.369385 -0.604980 -0.151660 0.718192
-0.239258 -0.182617 0.493652 -0.465187 -0.355061 0.959804
-0.171875 -0.279541 0.611084 -0.334175 -0.543509 1.188125
-0.103882 -0.367310 0.731689 -0.201977 -0.714157 1.422618
-0.029053 -0.410034 0.864746 -0.056487 -0.797226 1.681319
0.052856 -0.409424 1.013306 0.102768 -0.796039 1.970162
0.143555 -0.370605 1.179443 0.279112 -0.720565 2.293182
0.240601 -0.343506 1.358032 0.467798 -0.667876 2.640411
0.334229 -0.317261 1.534546 0.649838 -0.616847 2.983605
0.408081 -0.277344 1.692871 0.793429 -0.539237 3.291435
0.452271 -0.234985 1.814575 0.879346 -0.456880 3.528063
0.463013 -0.214355 1.886597 0.900232 -0.416770 3.668094
0.438354 -0.195190 1.903931 0.852289 -0.379507 3.701797
0.380493 -0.158203 1.873535 0.739790 -0.307593 3.642699
0.303223 -0.147095 1.803223 0.589553 -0.285995 3.505991
0.230469 -0.163574 1.685181 0.448098 -0.318036 3.276483
0.176758 -0.144653 1.512451 0.343669 -0.281248 2.940646
0.118774 -0.034546 1.312744 0.230932 -0.067167 2.552357
0.078491 -0.237793 1.106079 0.152610 -0.462339 2.150540
0.049194 -0.276733 0.891235 0.095648 -0.538050 1.732821
0.012451 -0.056885 0.721069 0.024209 -0.110601 1.401969
-0.036621 0.007324 0.645752 -0.071202 0.014240 1.255530
-0.055542 -0.022217 0.640503 -0.107990 -0.043196 1.245324
-0.041016 -0.021851 0.666382 -0.079746 -0.042484 1.295641
-0.027344 -0.023193 0.687012 -0.053164 -0.045095 1.335751
-0.029297 -0.016846 0.669922 -0.056962 -0.032753 1.302523
-0.040161 0.024414 0.602661 -0.078085 0.047468 1.171749
-0.043945 0.053345 0.496704 -0.085443 0.103718 0.965738
-0.034424 0.083862 0.364014 -0.066930 0.163053 0.707749
-0.022583 0.189453 0.239258 -0.043908 0.368352 0.465187
-0.034668 0.268433 0.156006 -0.067405 0.521911 0.303321
-0.052490 0.293335 0.106323 -0.102056 0.570329 0.206723
-0.063477 0.294556 0.064575 -0.123417 0.572702 0.125553
-0.072021 0.215454 0.023682 -0.140031 0.418906 0.046044
-0.088623 0.086182 -0.003052 -0.172309 0.167562 -0.005934
-0.104614 0.073486 -0.012329 -0.203401 0.142879 -0.023971
-0.122070 0.087769 -0.002319 -0.237340 0.170648 -0.004509
-0.135742 0.077637 0.015137 -0.263922 0.150948 0.029430
-0.136475 0.108032 0.024170 -0.265346 0.210046 0.046993
-0.122803 0.125977 0.024414 -0.238764 0.244935 0.047468
-0.103516 0.131958 0.017822 -0.201265 0.256565 0.034652
-0.083130 0.110474 0.004761 -0.161629 0.214793 0.009256
-0.064941 0.099854 -0.010376 -0.126265 0.194144 -0.020174
-0.050537 0.107422 -0.023560 -0.098259 0.208859 -0.045807
-0.040527 0.121094 -0.029297 -0.078797 0.235442 -0.056962
-0.031738 0.122070 -0.025024 -0.061708 0.237340 -0.048655
-0.020020 0.127563 -0.015015 -0.038924 0.248021 -0.029193
-0.007202 0.132202 -0.007568 -0.014003 0.257040 -0.014715
0.005371 0.108887 -0.004517 0.010443 0.211708 -0.008782
0.014282 0.077026 -0.007080 0.027769 0.149762 -0.013766
0.015991 0.060181 -0.015869 0.031092 0.117009 -0.030854
0.011230 0.045776 -0.028198 0.021835 0.089003 -0.054826
0.003784 0.032104 -0.043701 0.007358 0.062420 -0.084968
-0.004761 0.026978 -0.059204 -0.009256 0.052452 -0.115110
-0.012939 0.048096 -0.070190 -0.025158 0.093512 -0.136471
-0.017212 0.061646 -0.075928 -0.033465 0.119857 -0.147626
-0.015747 0.059326 -0.078613 -0.030617 0.115347 -0.152847
-0.007690 0.051880 -0.078125 -0.014952 0.100870 -0.151898
0.004761 0.036011 -0.075073 0.009256 0.070015 -0.145964
0.022583 0.005615 -0.071289 0.043908 0.010918 -0.138607
0.044434 -0.025024 -0.067993 0.086392 -0.048655 -0.132199
0.066772 -0.047363 -0.064941 0.129825 -0.092088 -0.126265
0.083740 -0.046631 -0.060059 0.162815 -0.090664 -0.116771
0.092285 -0.030396 -0.052490 0.179429 -0.059098 -0.102056
0.091797 -0.001221 -0.041382 0.178480 -0.002373 -0.080458
0.082031 0.028931 -0.030396 0.159493 0.056250 -0.059098
0.067505 0.046265 -0.023804 0.131249 0.089952 -0.046281
0.057495 0.050415 -0.022583 0.111787 0.098022 -0.043908
