-0.056519 -0.068848 -0.038940 -0.109889 -0.133860 -0.075712
-0.168213 0.141235 -0.146362 -0.327055 0.274603 -0.284571
-0.266724 0.334106 -0.284058 -0.518589 0.649600 -0.552291
-0.349487 0.337646 -0.428223 -0.679505 0.656483 -0.832590
-0.399536 0.470459 -0.580444 -0.776815 0.914709 -1.128553
-0.422363 0.565674 -0.711792 -0.821197 1.099835 -1.383931
-0.437256 0.531738 -0.816528 -0.850153 1.033854 -1.587569
-0.463379 0.450317 -0.913330 -0.900944 0.875548 -1.775780
-0.527222 0.377197 -1.021362 -1.025073 0.733381 -1.985826
-0.633301 0.379761 -1.140869 -1.231321 0.738366 -2.218182
-0.769409 0.375244 -1.244263 -1.495956 0.729584 -2.419209
-0.911011 0.337769 -1.320679 -1.771271 0.656721 -2.567785
-1.039551 0.351807 -1.370728 -2.021190 0.684015 -2.665094
-1.148438 0.407837 -1.400269 -2.232897 0.792954 -2.722530
-1.234619 0.459229 -1.402222 -2.400460 0.892874 -2.726328
-1.291626 0.529785 -1.371216 -2.511297 1.030057 -2.666044
-1.322266 0.599854 -1.311035 -2.570870 1.166290 -2.549035
-1.327637 0.640137 -1.229004 -2.581313 1.244612 -2.389542
-1.311279 0.671021 -1.131836 -2.549509 1.304659 -2.200619
-1.275391 0.699585 -1.026001 -2.479731 1.360197 -1.994845
-1.216187 0.686523 -0.914429 -2.364621 1.334802 -1.777916
-1.127319 0.594971 -0.794800 -2.191838 1.156797 -1.545323
-1.003784 0.465698 -0.670654 -1.951649 0.905453 -1.303948
-0.847534 0.331543 -0.543213 -1.647854 0.644616 -1.056164
-0.666992 0.193359 -0.406372 -1.296827 0.375947 -0.790106
-0.476807 0.083862 -0.244141 -0.927051 0.163053 -0.474681
-0.290405 0.018311 -0.059326 -0.564633 0.035601 -0.115347
-0.118286 -0.012695 0.142212 -0.229983 -0.024683 0.276501
0.041260 -0.028198 0.349487 0.080221 -0.054826 0.679505
0.195435 -0.046143 0.554077 0.379982 -0.089715 1.077288
0.348267 -0.087769 0.750244 0.677132 -0.170648 1.458693
0.498169 -0.170654 0.935181 0.968586 -0.331802 1.818264
0.640259 -0.302002 1.107056 1.244850 -0.587180 2.152439
0.768188 -0.465942 1.272705 1.493582 -0.905928 2.474510
0.875977 -0.625122 1.439941 1.703154 -1.215420 2.799666
0.959595 -0.720581 1.609741 1.865732 -1.401020 3.129806
1.006226 -0.756470 1.763184 1.956396 -1.470798 3.428143
0.994385 -0.747925 1.864380 1.933374 -1.454184 3.624898
0.910156 -0.715332 1.881836 1.769609 -1.390814 3.658838
0.758545 -0.721802 1.803589 1.474833 -1.403393 3.506703
0.568237 -0.801147 1.659668 1.104819 -1.557664 3.226878
0.368042 -0.869507 1.495117 0.715581 -1.690575 2.906944
0.178711 -0.889282 1.342651 0.347466 -1.729024 2.610506
0.023682 -0.962646 1.221313 0.046044 -1.871665 2.374589
-0.076172 -1.137939 1.155396 -0.148100 -2.212486 2.246426
-0.138672 -1.257813 1.146973 -0.269619 -2.445554 2.230049
-0.196167 -1.146362 1.147949 -0.381406 -2.228863 2.231948
-0.269653 -0.978027 1.106812 -0.524285 -1.901570 2.151964
-0.348877 -0.970947 0.989136 -0.678319 -1.887805 1.923168
-0.429932 -0.786987 0.777588 -0.835912 -1.530133 1.511858
-0.534302 -0.572632 0.511108 -1.038838 -1.113363 0.993744
-0.656616 -0.439819 0.254395 -1.276653 -0.855137 0.494617
-0.776001 -0.345581 0.027710 -1.508772 -0.671910 0.053876
-0.886841 -0.268799 -0.182983 -1.724277 -0.522623 -0.355773
-0.989502 -0.229858 -0.383545 -1.923880 -0.446912 -0.745723
-1.069824 -0.175293 -0.569214 -2.080050 -0.340821 -1.106718
-1.122681 -0.100342 -0.723755 -2.182819 -0.195094 -1.407191
-1.152222 -0.066895 -0.851196 -2.240255 -0.130062 -1.654974
-1.165649 0.002930 -0.961182 -2.266362 0.005696 -1.868817
-1.177979 0.044678 -1.059570 -2.290334 0.086867 -2.060114
-1.200562 0.044800 -1.154175 -2.334242 0.087104 -2.244052
-1.230591 0.068359 -1.250000 -2.392627 0.132911 -2.430365
-1.263306 0.113647 -1.346436 -2.456235 0.220964 -2.617863
-1.295044 0.134888 -1.430420 -2.517943 0.262261 -2.781153
-1.318604 0.163574 -1.504761 -2.563750 0.318036 -2.925694
-1.330688 0.224854 -1.567383 -2.587246 0.437181 -3.047449
-1.333130 0.288208 -1.618408 -2.591993 0.560360 -3.146657
-1.326172 0.307617 -1.646362 -2.578465 0.598098 -3.201008
-1.306519 0.310425 -1.645752 -2.540253 0.603556 -3.199822
-1.275879 0.332520 -1.614990 -2.480681 0.646515 -3.140012
-1.246338 0.331421 -1.553345 -2.423244 0.644379 -3.020155
-1.223633 0.324585 -1.464966 -2.379099 0.631088 -2.848321
-1.201538 0.374512 -1.361206 -2.336140 0.728160 -2.646581
-1.175293 0.477539 -1.251465 -2.285112 0.928475 -2.433213
-1.141968 0.577148 -1.135254 -2.220318 1.122145 -2.207265
-1.098877 0.585571 -1.010864 -2.136537 1.138521 -1.965415
-1.043579 0.492554 -0.888428 -2.029022 0.957668 -1.727363
-0.980713 0.387573 -0.780518 -1.906792 0.753555 -1.517554
-0.907104 0.309937 -0.689453 -1.763676 0.602607 -1.340498
-0.826660 0.236328 -0.603516 -1.607268 0.459491 -1.173410
-0.747070 0.122192 -0.516968 -1.452523 0.237578 -1.005136
-0.670166 0.001709 -0.423828 -1.302998 0.003323 -0.824045
-0.594971 -0.068970 -0.318970 -1.156797 -0.134097 -0.620170
-0.516724 -0.096069 -0.201294 -1.004661 -0.186787 -0.391374
-0.433838 -0.090210 -0.070557 -0.843507 -0.175394 -0.137183
-0.345703 -0.098511 0.068359 -0.672148 -0.191534 0.132911
-0.259521 -0.154663 0.207275 -0.504585 -0.300710 0.403004
-0.185547 -0.221069 0.336548 -0.360757 -0.429823 0.654347
-0.137451 -0.267090 0.459595 -0.267245 -0.519301 0.893586
-0.110107 -0.283081 0.582642 -0.214081 -0.550392 1.132825
-0.088013 -0.267456 0.719604 -0.171122 -0.520013 1.399121
-0.062134 -0.214478 0.882080 -0.120806 -0.417007 1.715021
-0.030518 -0.136597 1.057617 -0.059335 -0.265584 2.056316
0.009399 -0.099487 1.226440 0.018275 -0.193432 2.384558
0.060425 -0.112183 1.375488 0.117483 -0.218116 2.674350
0.123169 -0.187256 1.498047 0.239476 -0.364080 2.912640
0.189453 -0.307739 1.585205 0.368352 -0.598335 3.082101
0.241211 -0.429321 1.641113 0.468984 -0.834726 3.190803
0.261597 -0.518921 1.673706 0.508620 -1.008934 3.254173
0.242310 -0.537109 1.689941 0.471120 -1.044297 3.285739
0.191406 -0.473877 1.695313 0.372150 -0.921355 3.296182
0.135132 -0.384277 1.695801 0.262736 -0.747147 3.297131
0.103271 -0.310669 1.697876 0.200790 -0.604031 3.301166
0.114258 -0.244873 1.697876 0.222151 -0.476105 3.301166
0.165649 -0.196777 1.686523 0.322071 -0.382593 3.279093
0.218872 -0.112793 1.654785 0.425551 -0.219302 3.217385
0.248901 -0.206543 1.604248 0.483937 -0.401580 3.119126
0.258301 -0.253296 1.467529 0.502212 -0.492481 2.853305
0.218140 0.052246 1.233643 0.424127 0.101582 2.398561
0.114868 0.120728 0.978027 0.223337 0.234730 1.901570
0.004761 0.166138 0.758301 0.009256 0.323020 1.474358
-0.082520 0.312988 0.631836 -0.160442 0.608540 1.228473
-0.143188 0.300659 0.619385 -0.278400 0.584569 1.204265
-0.167603 0.189697 0.666260 -0.325868 0.368827 1.295403
-0.170166 0.187500 0.701538 -0.330852 0.364555 1.363995
-0.169434 0.173706 0.693970 -0.329428 0.337735 1.349280
-0.171143 0.142944 0.641235 -0.332751 0.277925 1.246749
-0.165527 0.183960 0.554932 -0.321833 0.357672 1.078949
-0.151001 0.200806 0.458008 -0.293590 0.390425 0.890501
-0.129395 0.161255 0.366943 -0.251581 0.313527 0.713445
-0.105225 0.128906 0.289307 -0.204587 0.250631 0.562496
-0.086670 0.105835 0.230103 -0.168512 0.205774 0.447386
-0.078857 0.040161 0.196045 -0.153322 0.078085 0.381168
-0.073853 -0.011963 0.182007 -0.143591 -0.023259 0.353874
-0.067749 0.035767 0.179932 -0.131724 0.069541 0.349840
-0.058838 0.035400 0.181763 -0.114398 0.068829 0.353400
-0.046997 0.013672 0.170288 -0.091376 0.026582 0.331090
-0.034668 0.069458 0.142212 -0.067405 0.135047 0.276501
-0.025146 0.115601 0.107910 -0.048892 0.224761 0.209809
-0.016235 0.049438 0.076904 -0.031566 0.096123 0.149524
-0.004028 -0.004395 0.043335 -0.007832 -0.008544 0.084256
0.007324 -0.015259 0.005737 0.014240 -0.029668 0.011155
0.017456 -0.028809 -0.026123 0.033940 -0.056012 -0.050791
0.029785 -0.052246 -0.048706 0.057911 -0.101582 -0.094699
0.043823 -0.072388 -0.062256 0.085205 -0.140743 -0.121044
0.059570 -0.083618 -0.073120 0.115822 -0.162578 -0.142167
0.073120 -0.082642 -0.082275 0.142167 -0.160679 -0.159967
0.082886 -0.071167 -0.084717 0.161154 -0.138369 -0.164714
0.088623 -0.056030 -0.080811 0.172309 -0.108939 -0.157119
0.088501 -0.034912 -0.073242 0.172072 -0.067879 -0.142404
0.084229 -0.011353 -0.062500 0.163765 -0.022073 -0.121518
0.078735 0.006714 -0.049805 0.153084 0.013054 -0.096835
0.073853 0.016602 -0.038452 0.143591 0.032278 -0.074762
0.067871 0.016724 -0.032471 0.131961 0.032516 -0.063133
0.060547 0.000244 -0.028198 0.117721 0.000475 -0.054826
0.055054 -0.016113 -0.023560 0.107040 -0.031329 -0.045807
0.055054 -0.000610 -0.020752 0.107040 -0.001187 -0.040348
0.057739 0.025391 -0.020752 0.112262 0.049367 -0.040348
0.061279 0.024414 -0.017700 0.119145 0.047468 -0.034414
0.068115 0.031494 -0.010498 0.132436 0.061234 -0.020411
