0.091064 0.159424 -0.714233 0.177056 0.309966 -1.388678
0.104858 0.133179 -0.789429 0.203875 0.258938 -1.534880
0.062012 0.176514 -0.896729 0.120569 0.343194 -1.743502
-0.024780 0.182251 -1.033569 -0.048180 0.354349 -2.009560
-0.145264 0.148193 -1.181030 -0.282435 0.288131 -2.296267
-0.289063 0.124878 -1.325195 -0.562022 0.242799 -2.576566
-0.437378 0.114990 -1.453857 -0.850390 0.223575 -2.826723
-0.574097 0.082886 -1.549927 -1.116211 0.161154 -3.013510
-0.688110 0.075684 -1.604126 -1.337887 0.147151 -3.118889
-0.772095 0.097900 -1.618530 -1.501177 0.190347 -3.146895
-0.822388 0.170776 -1.603027 -1.598961 0.332039 -3.116753
-0.852539 0.253418 -1.561279 -1.657585 0.492718 -3.035582
-0.869385 0.302002 -1.490356 -1.690338 0.587180 -2.897687
-0.868286 0.338989 -1.390625 -1.688201 0.659094 -2.703780
-0.844482 0.410645 -1.263428 -1.641920 0.798413 -2.456472
-0.796265 0.475464 -1.119629 -1.548171 0.924440 -2.176885
-0.734375 0.496582 -0.967896 -1.427839 0.965500 -1.881871
-0.665527 0.463501 -0.817017 -1.293979 0.901181 -1.588519
-0.596802 0.376099 -0.665039 -1.160357 0.731245 -1.293030
-0.521240 0.243774 -0.501099 -1.013443 0.473969 -0.974282
-0.431030 0.098755 -0.317993 -0.838049 0.192008 -0.618271
-0.328491 -0.039917 -0.106934 -0.638683 -0.077610 -0.207910
-0.215210 -0.161011 0.131470 -0.418431 -0.313052 0.255615
-0.088013 -0.278198 0.383667 -0.171122 -0.540899 0.745961
0.055664 -0.358276 0.635010 0.108227 -0.696594 1.234644
0.205933 -0.418701 0.884155 0.400393 -0.814077 1.719056
0.346069 -0.454834 1.122803 0.672860 -0.884330 2.183056
0.472046 -0.489624 1.328369 0.917795 -0.951972 2.582737
0.593506 -0.566162 1.487915 1.153948 -1.100784 2.892941
0.709351 -0.693359 1.622192 1.379184 -1.348093 3.154015
0.806396 -0.838135 1.766357 1.567870 -1.629578 3.434314
0.869263 -0.959351 1.917114 1.690100 -1.865257 3.727429
0.888672 -1.046143 2.042358 1.727837 -2.034006 3.970940
0.847534 -1.097656 2.127686 1.647854 -2.134164 4.136841
0.726929 -1.069824 2.167725 1.413361 -2.080050 4.214689
0.526367 -0.977417 2.135986 1.023411 -1.900384 4.152980
0.261108 -0.811401 1.990967 0.507671 -1.577601 3.871020
-0.020142 -0.667358 1.737061 -0.039161 -1.297539 3.377352
-0.252319 -0.630737 1.451660 -0.490582 -1.226337 2.822451
-0.410156 -0.718384 1.216675 -0.797463 -1.396748 2.365571
-0.496582 -0.926147 1.080566 -0.965500 -1.800701 2.100936
-0.525513 -1.199097 1.017700 -1.021750 -2.331394 1.978706
-0.520996 -1.414063 0.977783 -1.012968 -2.749350 1.901096
-0.516602 -1.382935 0.936401 -1.004424 -2.688828 1.820637
-0.519775 -1.109131 0.869385 -1.010595 -2.156474 1.690338
-0.514648 -0.738647 0.739380 -1.000627 -1.436146 1.437570
-0.507813 -0.416016 0.535400 -0.987336 -0.808856 1.040974
-0.513062 -0.248779 0.280151 -0.997541 -0.483700 0.544696
-0.537354 -0.207764 0.017334 -1.044772 -0.403953 0.033702
-0.590088 -0.192505 -0.228516 -1.147303 -0.374286 -0.444301
-0.665771 -0.228882 -0.441895 -1.294454 -0.445013 -0.859172
-0.747559 -0.261475 -0.616943 -1.453472 -0.508383 -1.199518
-0.827515 -0.264038 -0.754761 -1.608930 -0.513367 -1.467475
-0.898315 -0.245605 -0.866943 -1.746587 -0.477529 -1.685591
-0.954468 -0.214355 -0.967285 -1.855764 -0.416770 -1.880684
-0.996826 -0.201172 -1.066284 -1.938121 -0.391137 -2.073167
-1.034424 -0.136597 -1.161987 -2.011222 -0.265584 -2.259242
-1.072876 -0.102173 -1.250854 -2.085984 -0.198654 -2.432026
-1.105835 -0.070435 -1.332275 -2.150066 -0.136945 -2.590332
-1.129272 0.005493 -1.409912 -2.195635 0.010680 -2.741280
-1.145874 0.080811 -1.472046 -2.227913 0.157119 -2.862087
-1.159668 0.143555 -1.516235 -2.254733 0.279112 -2.948004
-1.173950 0.232422 -1.548218 -2.282501 0.451896 -3.010187
-1.188965 0.345825 -1.569092 -2.311694 0.672385 -3.050772
-1.196655 0.423950 -1.578735 -2.326647 0.824283 -3.069522
-1.188477 0.455688 -1.573730 -2.310745 0.885991 -3.059791
-1.160645 0.447266 -1.551147 -2.256631 0.869615 -3.015883
-1.119873 0.400513 -1.511108 -2.177360 0.778713 -2.938035
-1.072144 0.355103 -1.452881 -2.084560 0.690423 -2.824824
-1.019531 0.306030 -1.370117 -1.982266 0.595012 -2.663907
-0.964478 0.241211 -1.254761 -1.875226 0.468984 -2.439621
-0.901611 0.191528 -1.108276 -1.752995 0.372387 -2.154812
-0.828491 0.195313 -0.941772 -1.610829 0.379744 -1.831080
-0.749390 0.209961 -0.759766 -1.457032 0.408225 -1.477206
-0.666626 0.218384 -0.577026 -1.296115 0.424602 -1.121907
-0.588501 0.220703 -0.407715 -1.144217 0.429111 -0.792717
-0.514771 0.218872 -0.265015 -1.000864 0.425551 -0.515266
-0.444092 0.212524 -0.151245 -0.863444 0.413209 -0.294065
-0.375244 0.184570 -0.057129 -0.729584 0.358858 -0.111075
-0.308960 0.153320 0.029419 -0.600708 0.298099 0.057199
-0.246460 0.133301 0.116333 -0.479190 0.259176 0.226185
-0.189941 0.117310 0.206299 -0.369301 0.228084 0.401105
-0.143799 0.085815 0.302490 -0.279587 0.166850 0.588129
-0.109009 0.046875 0.410400 -0.211945 0.091139 0.797938
-0.078003 0.017334 0.531372 -0.151660 0.033702 1.033142
-0.039551 -0.005737 0.657959 -0.076898 -0.011155 1.279264
0.011597 -0.026489 0.781982 0.022547 -0.051503 1.520402
0.072876 -0.053345 0.899048 0.141692 -0.103718 1.748011
0.139160 -0.088013 1.013306 0.270568 -0.171122 1.970162
0.204834 -0.116821 1.122681 0.398257 -0.227135 2.182819
0.264893 -0.142944 1.221436 0.515028 -0.277925 2.374827
0.310913 -0.174561 1.307129 0.604506 -0.339397 2.541440
0.334473 -0.190796 1.385132 0.650312 -0.370963 2.693100
0.334106 -0.189941 1.461182 0.649600 -0.369301 2.840963
0.318359 -0.178345 1.536621 0.618983 -0.346754 2.987639
0.300781 -0.167480 1.609985 0.584806 -0.325631 3.130281
0.286865 -0.165649 1.685791 0.557750 -0.322071 3.277669
0.275879 -0.129395 1.761597 0.536389 -0.251581 3.425058
0.259155 -0.029541 1.822144 0.503873 -0.057436 3.542778
0.234253 0.052734 1.843384 0.455456 0.102531 3.584076
0.212646 0.033569 1.799438 0.413447 0.065269 3.498633
0.198853 -0.043945 1.687500 0.386627 -0.085443 3.280992
0.186768 -0.133057 1.532227 0.363131 -0.258701 2.979095
0.175903 -0.219849 1.356201 0.342007 -0.427450 2.636851
0.161865 -0.285400 1.165039 0.314713 -0.554902 2.265176
0.127441 -0.240356 0.982056 0.247783 -0.467323 1.909403
0.073975 -0.117310 0.819946 0.143828 -0.228084 1.594215
0.006104 0.072266 0.691772 0.011867 0.140505 1.345007
-0.078125 0.376221 0.592163 -0.151898 0.731483 1.151338
-0.169800 0.632080 0.510742 -0.330140 1.228948 0.993032
-0.242920 0.712158 0.447388 -0.472307 1.384643 0.869852
-0.276001 0.671997 0.392822 -0.536626 1.306558 0.763761
-0.276367 0.596558 0.345825 -0.537338 1.159882 0.672385
-0.270142 0.453613 0.316895 -0.525234 0.881957 0.616135
-0.266357 0.336548 0.301758 -0.517877 0.654347 0.586705
-0.266846 0.309814 0.290283 -0.518826 0.602370 0.564395
-0.270630 0.332764 0.268555 -0.526183 0.646990 0.522149
-0.278076 0.386841 0.228149 -0.540661 0.752131 0.443589
-0.294189 0.449219 0.172485 -0.571990 0.873412 0.335362
-0.322021 0.492310 0.111206 -0.626104 0.957193 0.216217
-0.350098 0.494263 0.058960 -0.680692 0.960991 0.114635
-0.362915 0.467651 0.022949 -0.705613 0.909251 0.044620
-0.350708 0.405029 -0.004150 -0.681879 0.787495 -0.008070
-0.314087 0.286133 -0.028198 -0.610677 0.556326 -0.054826
-0.263062 0.125000 -0.050903 -0.511468 0.243036 -0.098971
-0.215454 -0.004883 -0.069824 -0.418906 -0.009494 -0.135759
-0.186401 -0.058228 -0.081421 -0.362419 -0.113211 -0.158306
-0.180908 -0.043457 -0.087891 -0.351738 -0.084493 -0.170885
-0.192017 0.020142 -0.093750 -0.373336 0.039161 -0.182277
-0.205566 0.100220 -0.101929 -0.399681 0.194856 -0.198179
-0.212524 0.161011 -0.111206 -0.413209 0.313052 -0.216217
-0.207397 0.203003 -0.122803 -0.403241 0.394697 -0.238764
-0.191772 0.218994 -0.136108 -0.372862 0.425788 -0.264634
-0.166870 0.197021 -0.149780 -0.324444 0.383067 -0.291217
-0.133667 0.154541 -0.164551 -0.259888 0.300473 -0.319935
-0.098145 0.111572 -0.179932 -0.190822 0.216929 -0.349840
-0.071289 0.075317 -0.194458 -0.138607 0.146439 -0.378083
-0.059692 0.041382 -0.206787 -0.116059 0.080458 -0.402054
-0.064697 0.009277 -0.209961 -0.125790 0.018038 -0.408225
-0.084717 -0.003174 -0.196411 -0.164714 -0.006171 -0.381881
-0.111816 0.002808 -0.167969 -0.217404 0.005459 -0.326580
-0.140137 0.007935 -0.131104 -0.272467 0.015427 -0.254903
-0.163818 0.013794 -0.093262 -0.318511 0.026819 -0.181328
-0.180786 0.012939 -0.061890 -0.351501 0.025158 -0.120332
-0.186035 -0.010254 -0.038696 -0.361707 -0.019937 -0.075237
-0.176514 -0.042603 -0.025513 -0.343194 -0.082832 -0.049604
-0.155762 -0.065430 -0.020142 -0.302846 -0.127214 -0.039161
-0.129517 -0.073853 -0.020264 -0.251818 -0.143591 -0.039398
-0.104736 -0.057617 -0.017944 -0.203638 -0.112025 -0.034889
-0.086304 -0.017700 -0.007324 -0.167800 -0.034414 -0.014240
