0.253662 0.157349 -0.050659 0.493193 0.305932 -0.098496
0.222168 0.184204 -0.130859 0.431959 0.358146 -0.254429
0.144897 0.161133 -0.239136 0.281723 0.313289 -0.464950
0.015625 -0.003540 -0.388550 0.030380 -0.006883 -0.755454
-0.140137 -0.134155 -0.577881 -0.272467 -0.260837 -1.123569
-0.299194 -0.222778 -0.775391 -0.581721 -0.433146 -1.507586
-0.440918 -0.203613 -0.958984 -0.857273 -0.395884 -1.864545
-0.560913 -0.124512 -1.120483 -1.090579 -0.242087 -2.178546
-0.660034 -0.031860 -1.253296 -1.283299 -0.061946 -2.436773
-0.742188 0.051392 -1.361816 -1.443029 0.099920 -2.647768
-0.810669 0.130493 -1.448486 -1.576177 0.253717 -2.816280
-0.872559 0.191650 -1.515503 -1.696508 0.372624 -2.946580
-0.927734 0.260132 -1.568359 -1.803786 0.505772 -3.049348
-0.975952 0.294434 -1.595581 -1.897536 0.572465 -3.102275
-1.017822 0.291504 -1.591064 -1.978943 0.566769 -3.093493
-1.053955 0.290771 -1.553833 -2.049196 0.565345 -3.021105
-1.083740 0.286133 -1.481812 -2.107107 0.556326 -2.881074
-1.098511 0.257813 -1.374023 -2.135825 0.501263 -2.671502
-1.096191 0.253540 -1.235229 -2.131316 0.492956 -2.401646
-1.077026 0.266357 -1.080688 -2.094053 0.517877 -2.101174
-1.041016 0.280029 -0.924194 -2.024038 0.544459 -1.796903
-0.990479 0.296875 -0.777222 -1.925779 0.577212 -1.511146
-0.922729 0.306763 -0.644165 -1.794055 0.596436 -1.252445
-0.837036 0.310181 -0.517334 -1.627442 0.603082 -1.005848
-0.738037 0.287598 -0.390381 -1.434959 0.559174 -0.759014
-0.619385 0.244995 -0.264038 -1.204265 0.476342 -0.513367
-0.477295 0.166870 -0.140503 -0.928001 0.324444 -0.273179
-0.312744 0.031860 -0.017700 -0.608066 0.061946 -0.034414
-0.136841 -0.114014 0.114868 -0.266058 -0.221676 0.223337
0.036133 -0.241699 0.268188 0.070253 -0.469934 0.521437
0.197632 -0.325439 0.437134 0.384254 -0.632749 0.849916
0.344971 -0.361450 0.613403 0.670724 -0.702765 1.192635
0.478882 -0.368774 0.789795 0.931086 -0.717005 1.535592
0.602783 -0.362549 0.961914 1.171986 -0.704901 1.870241
0.717163 -0.342651 1.124634 1.394374 -0.666214 2.186616
0.817383 -0.351685 1.273071 1.589231 -0.683777 2.475222
0.896851 -0.415161 1.403198 1.743739 -0.807194 2.728227
0.950928 -0.489746 1.516479 1.848881 -0.952209 2.948478
0.978027 -0.545776 1.611938 1.901570 -1.061148 3.134079
0.978638 -0.590210 1.687866 1.902757 -1.147540 3.281704
0.958740 -0.635986 1.745239 1.864071 -1.236543 3.393254
0.924927 -0.718018 1.770752 1.798327 -1.396036 3.442858
0.869995 -0.744873 1.751465 1.691524 -1.448250 3.405358
0.768799 -0.678467 1.673218 1.494769 -1.319137 3.253223
0.597656 -0.542358 1.550171 1.162018 -1.054503 3.013984
0.365234 -0.432251 1.415283 0.710122 -0.840422 2.751723
0.119629 -0.383911 1.287109 0.232593 -0.746435 2.502516
-0.093994 -0.363403 1.163940 -0.182752 -0.706562 2.263040
-0.257935 -0.351074 1.044556 -0.501500 -0.682591 2.030921
-0.378296 -0.375732 0.939941 -0.735518 -0.730533 1.827520
-0.461670 -0.401001 0.845581 -0.897621 -0.779663 1.644056
-0.520386 -0.277222 0.739746 -1.011782 -0.539000 1.438282
-0.575073 -0.496460 0.642944 -1.118110 -0.965263 1.250071
-0.615845 -0.782959 0.493896 -1.197382 -1.522301 0.960279
-0.658691 -0.635254 0.274536 -1.280688 -1.235119 0.533778
-0.735229 -0.503174 0.047974 -1.429501 -0.978317 0.093275
-0.811523 -0.357422 -0.150024 -1.577838 -0.694932 -0.291691
-0.885742 -0.180298 -0.313232 -1.722141 -0.350552 -0.609015
-0.966309 -0.017822 -0.448120 -1.878786 -0.034652 -0.871276
-1.042969 0.088379 -0.572754 -2.027835 0.171834 -1.113601
-1.102661 0.121094 -0.694214 -2.143895 0.235442 -1.349754
-1.145874 0.140869 -0.816040 -2.227913 0.273891 -1.586620
-1.178711 0.153809 -0.945068 -2.291758 0.299049 -1.837489
-1.200806 0.082031 -1.073486 -2.334716 0.159493 -2.087170
-1.210083 -0.039307 -1.195801 -2.352754 -0.076424 -2.324986
-1.210205 -0.103027 -1.314697 -2.352992 -0.200315 -2.556155
-1.210327 -0.101440 -1.427246 -2.353229 -0.197230 -2.774983
-1.216797 -0.069580 -1.525146 -2.365808 -0.135284 -2.965329
-1.234741 0.012573 -1.595215 -2.400697 0.024446 -3.101563
-1.257813 0.180420 -1.634888 -2.445554 0.350789 -3.178699
-1.277222 0.395996 -1.646240 -2.483291 0.769932 -3.200771
-1.284180 0.543701 -1.628784 -2.496820 1.057114 -3.166831
-1.270996 0.561035 -1.585938 -2.471187 1.090816 -3.083525
-1.233398 0.493164 -1.523804 -2.398086 0.958855 -2.962719
-1.179810 0.432251 -1.456299 -2.293894 0.840422 -2.831470
-1.116699 0.359375 -1.388306 -2.171189 0.698730 -2.699271
-1.054932 0.241211 -1.310547 -2.051095 0.468984 -2.548085
-0.997681 0.123047 -1.216187 -1.939782 0.239239 -2.364621
-0.942139 0.057739 -1.103027 -1.831792 0.112262 -2.144607
-0.886353 0.076782 -0.970459 -1.723328 0.149287 -1.886855
-0.829224 0.137939 -0.820190 -1.612253 0.268195 -1.594689
-0.768555 0.194702 -0.658325 -1.494294 0.378558 -1.279976
-0.697510 0.229980 -0.498413 -1.356162 0.447149 -0.969060
-0.618652 0.246948 -0.355591 -1.202841 0.480139 -0.691372
-0.534302 0.244995 -0.236084 -1.038838 0.476342 -0.459016
-0.448853 0.210938 -0.137329 -0.872700 0.410124 -0.267008
-0.366699 0.140381 -0.051392 -0.712970 0.272941 -0.099920
-0.293823 0.045654 0.030762 -0.571278 0.088765 0.059810
-0.234619 -0.055176 0.115967 -0.456168 -0.107278 0.225473
-0.191772 -0.137573 0.214233 -0.372862 -0.267482 0.416532
-0.156860 -0.205444 0.331299 -0.304982 -0.399444 0.644142
-0.117310 -0.268555 0.463745 -0.228084 -0.522149 0.901656
-0.066528 -0.325195 0.600586 -0.129350 -0.632275 1.167714
-0.006836 -0.331787 0.737061 -0.013291 -0.645091 1.433061
0.055176 -0.269043 0.878174 0.107278 -0.523098 1.707426
0.114746 -0.180542 1.027100 0.223100 -0.351026 1.996981
0.167480 -0.092407 1.178101 0.325631 -0.179667 2.290571
0.211548 -0.044922 1.318848 0.411311 -0.087341 2.564224
0.257446 -0.066650 1.446167 0.500551 -0.129588 2.811770
0.317871 -0.166382 1.558228 0.618034 -0.323495 3.029649
0.396362 -0.320801 1.643311 0.770644 -0.623730 3.195075
0.472412 -0.507080 1.690674 0.918507 -0.985912 3.287163
0.507813 -0.633789 1.694458 0.987336 -1.232271 3.294520
0.469238 -0.559082 1.659790 0.912336 -1.087018 3.227116
0.345947 -0.351318 1.581543 0.672622 -0.683065 3.074981
0.159424 -0.093506 1.473389 0.309966 -0.181803 2.864697
-0.047485 0.167969 1.362305 -0.092325 0.326580 2.648718
-0.227417 0.325195 1.275513 -0.442165 0.632275 2.479969
-0.336914 0.287720 1.232788 -0.655059 0.559411 2.396899
-0.359009 0.147705 1.229004 -0.698018 0.287182 2.389542
-0.308716 0.045898 1.244507 -0.600234 0.089240 2.419684
-0.226563 0.040894 1.264526 -0.440504 0.079509 2.458608
-0.158936 0.086304 1.269897 -0.309017 0.167800 2.469051
-0.125244 0.195679 1.246704 -0.243511 0.380456 2.423956
-0.114380 0.302246 1.198730 -0.222388 0.587655 2.330682
-0.107300 0.422607 1.126587 -0.208622 0.821672 2.190413
-0.097046 0.423096 1.039551 -0.188686 0.822621 2.021190
-0.070068 0.342529 0.943481 -0.136233 0.665977 1.834403
-0.034546 0.321899 0.828247 -0.067167 0.625866 1.610354
-0.010498 0.368042 0.703613 -0.020411 0.715581 1.368029
-0.016846 0.374023 0.584106 -0.032753 0.727211 1.135673
-0.051636 0.290771 0.483643 -0.100395 0.565345 0.940342
-0.094482 0.265991 0.401611 -0.183701 0.517164 0.780850
-0.133667 0.277222 0.334595 -0.259888 0.539000 0.650550
-0.169189 0.209595 0.277710 -0.328954 0.407513 0.539949
-0.192993 0.167236 0.224487 -0.375235 0.325156 0.436469
-0.198730 0.158691 0.177246 -0.386390 0.308542 0.344618
-0.186035 0.146851 0.143188 -0.361707 0.285520 0.278400
-0.156982 0.128784 0.119629 -0.305220 0.250394 0.232593
-0.116943 0.122803 0.108765 -0.227372 0.238764 0.211470
-0.070435 0.109009 0.107910 -0.136945 0.211945 0.209809
-0.026855 0.116089 0.104004 -0.052215 0.225711 0.202214
0.007446 0.160156 0.085205 0.014478 0.311390 0.165664
0.019775 0.156860 0.058228 0.038449 0.304982 0.113211
0.014526 0.138306 0.029297 0.028243 0.268907 0.056962
0.004395 0.113647 0.006104 0.008544 0.220964 0.011867
-0.006592 0.065308 -0.010864 -0.012816 0.126977 -0.021123
-0.015259 0.034180 -0.027344 -0.029668 0.066455 -0.053164
-0.020752 0.032349 -0.046997 -0.040348 0.062895 -0.091376
-0.019897 0.023682 -0.065552 -0.038686 0.046044 -0.127452
-0.011597 0.008057 -0.081543 -0.022547 0.015664 -0.158543
-0.002686 -0.012207 -0.093628 -0.005221 -0.023734 -0.182040
0.004272 -0.031128 -0.102661 0.008307 -0.060522 -0.199603
0.008545 -0.031494 -0.110718 0.016614 -0.061234 -0.215268
0.011108 -0.020752 -0.117432 0.021598 -0.040348 -0.228321
0.009399 -0.016602 -0.122803 0.018275 -0.032278 -0.238764
0.003174 -0.007935 -0.125854 0.006171 -0.015427 -0.244698
-0.004639 0.002686 -0.122925 -0.009019 0.005221 -0.239002
-0.010742 -0.001709 -0.116455 -0.020886 -0.003323 -0.226423
-0.011719 -0.017090 -0.108521 -0.022785 -0.033228 -0.210996
