0.040649 0.307373 -0.532349 0.079034 0.597623 -1.035041
0.095703 0.326782 -0.573486 0.186075 0.635360 -1.115025
0.096191 0.308838 -0.615845 0.187024 0.600471 -1.197382
0.029297 0.247192 -0.689575 0.056962 0.480614 -1.340735
-0.102905 0.203247 -0.812134 -0.200078 0.395172 -1.579025
-0.274170 0.165039 -0.982300 -0.533066 0.320884 -1.909877
-0.451416 0.096802 -1.180664 -0.877684 0.188211 -2.295555
-0.609375 0.078735 -1.375000 -1.184803 0.153084 -2.673401
-0.737793 0.062012 -1.542603 -1.434485 0.120569 -2.999269
-0.842651 0.039185 -1.674927 -1.638360 0.076186 -3.256546
-0.916870 0.059937 -1.764038 -1.782663 0.116534 -3.429805
-0.957642 0.133789 -1.800659 -1.861935 0.260125 -3.501007
-0.970093 0.241455 -1.787354 -1.886143 0.469459 -3.475137
-0.968994 0.331909 -1.735962 -1.884007 0.645328 -3.375216
-0.963379 0.378052 -1.658081 -1.873090 0.735043 -3.223793
-0.949463 0.376709 -1.562256 -1.846033 0.732432 -3.037481
-0.924194 0.351440 -1.457031 -1.796903 0.683303 -2.832894
-0.899292 0.333374 -1.341919 -1.748486 0.648176 -2.609082
-0.888306 0.340698 -1.220581 -1.727125 0.662417 -2.373166
-0.891968 0.358032 -1.098389 -1.734245 0.696119 -2.135588
-0.895142 0.330444 -0.981201 -1.740416 0.642480 -1.907741
-0.885376 0.341064 -0.865479 -1.721429 0.663129 -1.682743
-0.851074 0.375732 -0.744019 -1.654737 0.730533 -1.446589
-0.791260 0.380127 -0.609009 -1.538440 0.739078 -1.184091
-0.704956 0.360840 -0.462158 -1.370640 0.701578 -0.898570
-0.597290 0.299683 -0.297852 -1.161306 0.582670 -0.579110
-0.481445 0.205322 -0.105225 -0.936070 0.399206 -0.204587
-0.359619 0.090454 0.116577 -0.699205 0.175869 0.226660
-0.230957 -0.026855 0.368408 -0.449048 -0.052215 0.716293
-0.088867 -0.137939 0.643433 -0.172784 -0.268195 1.251021
0.075195 -0.192261 0.922241 0.146202 -0.373811 1.793106
0.264771 -0.179443 1.196655 0.514791 -0.348890 2.326647
0.472656 -0.203491 1.465576 0.918982 -0.395646 2.849508
0.684570 -0.283936 1.721313 1.331004 -0.552054 3.346735
0.883179 -0.389282 1.954102 1.717157 -0.756878 3.799343
1.046509 -0.524414 2.149902 2.034718 -1.019614 4.180037
1.163696 -0.716919 2.289795 2.262565 -1.393899 4.452029
1.226196 -0.935425 2.372192 2.384083 -1.818739 4.612234
1.219727 -1.095215 2.408447 2.371504 -2.129417 4.682724
1.116943 -1.149414 2.413086 2.171664 -2.234796 4.691743
0.910156 -1.097046 2.385742 1.769609 -2.132977 4.638578
0.612915 -0.935913 2.306152 1.191686 -1.819688 4.483833
0.259033 -0.693237 2.144775 0.503636 -1.347855 4.170069
-0.088135 -0.478027 1.904053 -0.171360 -0.929425 3.702034
-0.358887 -0.380615 1.627686 -0.697780 -0.740027 3.164695
-0.521729 -0.377930 1.352905 -1.014392 -0.734806 2.630442
-0.593872 -0.416748 1.085693 -1.154660 -0.810280 2.110904
-0.599121 -0.405762 0.827881 -1.164866 -0.788919 1.609642
-0.560913 -0.306030 0.600098 -1.090579 -0.595012 1.166765
-0.518677 -0.291382 0.426147 -1.008459 -0.566531 0.828555
-0.478149 -0.558228 0.275513 -0.929662 -1.085357 0.535677
-0.458008 -0.426392 0.069336 -0.890501 -0.829030 0.134809
-0.495850 -0.169312 -0.182129 -0.964076 -0.329191 -0.354112
-0.581421 -0.042725 -0.424805 -1.130452 -0.083069 -0.825944
-0.669189 0.044678 -0.655029 -1.301099 0.086867 -1.273568
-0.753906 0.073975 -0.863525 -1.465814 0.143828 -1.678945
-0.820923 0.064087 -1.041504 -1.596113 0.124604 -2.024987
-0.868042 0.032959 -1.185669 -1.687727 0.064082 -2.305286
-0.901123 -0.024414 -1.304077 -1.752046 -0.047468 -2.535506
-0.926147 -0.067017 -1.410767 -1.800701 -0.130300 -2.742942
-0.952759 -0.026611 -1.505249 -1.852441 -0.051740 -2.926643
-0.985107 -0.024292 -1.567139 -1.915336 -0.047231 -3.046975
-1.017700 0.005493 -1.601685 -1.978706 0.010680 -3.114142
-1.044922 0.174072 -1.620117 -2.031633 0.338447 -3.149980
-1.067017 0.353027 -1.628418 -2.074591 0.686388 -3.166119
-1.086182 0.520996 -1.619507 -2.111854 1.012968 -3.148793
-1.101074 0.597656 -1.597778 -2.140809 1.162018 -3.106547
-1.109619 0.666626 -1.573486 -2.157423 1.296115 -3.059316
-1.107422 0.674194 -1.551636 -2.153151 1.310830 -3.016832
-1.092529 0.565430 -1.526611 -2.124196 1.099360 -2.968178
-1.064453 0.399658 -1.493164 -2.069607 0.777052 -2.903146
-1.028931 0.244263 -1.442627 -2.000541 0.474918 -2.804888
-0.991333 0.170532 -1.370850 -1.927440 0.331564 -2.665331
-0.947266 0.138428 -1.262939 -1.841761 0.269144 -2.455523
-0.893677 0.145996 -1.114380 -1.737568 0.283859 -2.166679
-0.828491 0.184937 -0.930176 -1.610829 0.359571 -1.808533
-0.750488 0.233643 -0.732910 -1.459168 0.454269 -1.424991
-0.660156 0.258179 -0.534790 -1.283536 0.501975 -1.039788
-0.571045 0.266479 -0.342896 -1.110278 0.518114 -0.666689
-0.483276 0.245972 -0.165161 -0.939630 0.478241 -0.321121
-0.402832 0.196411 -0.014282 -0.783223 0.381881 -0.027769
-0.338989 0.118896 0.102783 -0.659094 0.231169 0.199841
-0.299561 0.041382 0.192261 -0.582433 0.080458 0.373811
-0.281982 -0.005859 0.270874 -0.548256 -0.011392 0.526658
-0.273438 -0.034058 0.354004 -0.531642 -0.066218 0.688287
-0.266113 -0.062988 0.452148 -0.517402 -0.122468 0.879108
-0.252441 -0.099854 0.566528 -0.490820 -0.194144 1.101496
-0.225464 -0.133057 0.689575 -0.438368 -0.258701 1.340735
-0.184570 -0.164429 0.811401 -0.358858 -0.319697 1.577601
-0.132324 -0.198242 0.929688 -0.257277 -0.385441 1.807584
-0.072510 -0.238892 1.049683 -0.140980 -0.464475 2.040889
-0.009399 -0.297974 1.174683 -0.018275 -0.579348 2.283926
0.048950 -0.366211 1.295898 0.095173 -0.712021 2.519604
0.087524 -0.414429 1.409790 0.170173 -0.805770 2.741043
0.099609 -0.409180 1.514038 0.193670 -0.795565 2.943732
0.087158 -0.341797 1.601929 0.169461 -0.664553 3.114617
0.060303 -0.250610 1.666016 0.117246 -0.487260 3.239220
0.038086 -0.187256 1.713745 0.074050 -0.364080 3.332020
0.034912 -0.184204 1.752563 0.067879 -0.358146 3.407495
0.052979 -0.218140 1.777100 0.103006 -0.424127 3.455200
0.073486 -0.237183 1.771606 0.142879 -0.461152 3.444520
0.068970 -0.178467 1.722534 0.134097 -0.346992 3.349109
0.023926 -0.036621 1.635742 0.046519 -0.071202 3.180360
-0.052246 0.133301 1.525391 -0.101582 0.259176 2.965804
-0.126221 0.150635 1.412354 -0.245410 0.292878 2.746027
-0.173462 0.104980 1.290527 -0.337261 0.204113 2.509161
-0.181519 0.139893 1.143799 -0.352925 0.271992 2.223878
-0.173706 0.139771 1.004761 -0.337735 0.271755 1.953548
-0.169189 -0.040283 0.892700 -0.328954 -0.078322 1.735669
-0.165039 -0.033569 0.786621 -0.320884 -0.065269 1.529421
-0.165527 0.032471 0.685791 -0.321833 0.063133 1.333378
-0.171997 0.010620 0.597412 -0.334412 0.020649 1.161543
-0.176514 0.053101 0.516724 -0.343194 0.103243 1.004661
-0.183594 0.103027 0.448486 -0.356960 0.200315 0.871988
-0.189575 0.135254 0.391479 -0.368589 0.262973 0.761150
-0.192261 0.161255 0.343994 -0.373811 0.313527 0.668825
-0.199707 0.161011 0.307495 -0.388289 0.313052 0.597860
-0.213501 0.202759 0.277222 -0.415108 0.394222 0.539000
-0.230347 0.335205 0.247803 -0.447861 0.651736 0.481801
-0.244263 0.396729 0.229492 -0.474918 0.771356 0.446200
-0.242676 0.222412 0.203125 -0.471832 0.432434 0.394934
-0.221680 0.136353 0.151001 -0.431010 0.265109 0.293590
-0.193848 0.110107 0.074341 -0.376896 0.214081 0.144540
-0.163940 0.058105 -0.005371 -0.318748 0.112974 -0.010443
-0.138428 -0.030884 -0.067627 -0.269144 -0.060047 -0.131487
-0.118286 -0.084351 -0.115723 -0.229983 -0.164002 -0.224999
-0.103149 -0.097778 -0.157837 -0.200553 -0.190110 -0.306881
-0.093262 -0.110229 -0.194580 -0.181328 -0.214318 -0.378320
-0.081177 -0.098389 -0.225342 -0.157831 -0.191296 -0.438130
-0.072021 -0.100830 -0.239624 -0.140031 -0.196043 -0.465899
-0.068726 -0.197632 -0.234985 -0.133623 -0.384254 -0.456880
-0.060425 -0.153809 -0.238403 -0.117483 -0.299049 -0.463526
-0.051514 -0.036255 -0.242188 -0.100158 -0.070490 -0.470883
-0.052612 -0.037231 -0.229370 -0.102294 -0.072389 -0.445962
-0.057861 0.001831 -0.212036 -0.112499 0.003560 -0.412260
-0.060913 0.103760 -0.196167 -0.118433 0.201739 -0.381406
-0.056030 0.130249 -0.171875 -0.108939 0.253242 -0.334175
-0.036255 0.153442 -0.141479 -0.070490 0.298337 -0.275077
-0.005371 0.180786 -0.110474 -0.010443 0.351501 -0.214793
0.027100 0.180176 -0.085205 0.052690 0.350314 -0.165664
0.053833 0.169922 -0.071533 0.104667 0.330378 -0.139081
0.068970 0.164673 -0.071045 0.134097 0.320172 -0.138132
0.069702 0.153442 -0.075806 0.135521 0.298337 -0.147388
0.057617 0.119629 -0.080322 0.112025 0.232593 -0.156170
0.039429 0.082642 -0.085938 0.076661 0.160679 -0.167088
0.022705 0.052246 -0.092407 0.044145 0.101582 -0.179667
0.012207 0.006348 -0.090576 0.023734 0.012342 -0.176106
0.009155 -0.040894 -0.077881 0.017801 -0.079509 -0.151423
0.012939 -0.066162 -0.059448 0.025158 -0.128638 -0.115585
0.020264 -0.061768 -0.045044 0.039398 -0.120094 -0.087579
