1.660645 -0.255981 -0.671265 -0.027954 -0.284424 -0.257202
1.541870 -0.103638 -0.826050 -0.041626 -0.218994 -0.235718
1.613281 -0.238159 -0.964111 -0.094727 -0.178345 -0.174316
1.643188 -0.304810 -0.918579 -0.234009 0.047852 -0.227295
1.729736 -0.301392 -0.846436 -0.299438 -0.009521 -0.244751
1.890869 -0.307861 -0.945679 -0.283936 -0.256592 -0.298950
1.947754 -0.314941 -1.018555 -0.285645 -0.385254 -0.437988
1.977539 -0.328247 -1.060059 -0.314575 -0.311035 -0.578247
1.974365 -0.365112 -1.074219 -0.373657 -0.158203 -0.710571
1.968140 -0.415894 -1.059937 -0.433838 -0.013672 -0.835327
1.916748 -0.490479 -1.055786 -0.475586 0.069092 -0.964111
1.832397 -0.520630 -1.048828 -0.491089 0.076538 -1.091797
1.713013 -0.513672 -1.065918 -0.492676 0.074707 -1.219116
1.549438 -0.502197 -1.079590 -0.507324 0.085205 -1.326416
1.378052 -0.507446 -1.086426 -0.549561 0.093384 -1.401855
1.227417 -0.519897 -1.070801 -0.620117 0.087280 -1.441040
1.100952 -0.520142 -1.053467 -0.697876 0.073242 -1.440186
0.722534 -0.577393 -1.030273 -0.762695 0.038208 -1.421265
0.745972 -0.519043 -1.035400 -0.799316 -0.182617 -1.308960
0.838867 -0.437378 -0.982910 -0.856689 -0.265991 -1.214600
0.771851 -0.396851 -0.968140 -0.915894 -0.442383 -1.146118
0.704712 -0.410522 -0.985107 -0.991577 -0.597046 -1.053467
0.641846 -0.415405 -0.945435 -1.083130 -0.607056 -1.011475
0.576538 -0.414063 -0.896118 -1.162842 -0.600708 -0.980835
0.532104 -0.438843 -0.838623 -1.229736 -0.589600 -0.917358
0.508789 -0.426270 -0.767822 -1.279175 -0.567749 -0.828735
0.451660 -0.376831 -0.696655 -1.296509 -0.531616 -0.743896
0.385132 -0.321777 -0.637817 -1.296509 -0.493164 -0.679565
0.323242 -0.274902 -0.588745 -1.291016 -0.473389 -0.629395
0.247681 -0.237183 -0.554077 -1.282837 -0.479736 -0.580444
0.184082 -0.216309 -0.537231 -1.271240 -0.509033 -0.518066
0.163330 -0.171753 -0.516724 -1.269653 -0.526245 -0.435669
0.151367 -0.167114 -0.494995 -1.279663 -0.545166 -0.336914
0.175781 -0.151611 -0.459106 -1.290649 -0.568726 -0.229736
0.201294 -0.108643 -0.415161 -1.293457 -0.587769 -0.124756
0.207642 -0.059692 -0.370972 -1.294556 -0.593262 -0.035278
0.187378 -0.028198 -0.326172 -1.302002 -0.590820 0.032959
0.142944 -0.003418 -0.285156 -1.301758 -0.596313 0.090820
0.093628 0.005005 -0.262085 -1.281982 -0.627075 0.154419
0.070313 0.001831 -0.245728 -1.262817 -0.653931 0.239014
0.078979 0.010620 -0.223389 -1.252686 -0.673096 0.342163
0.124390 0.039307 -0.186646 -1.236328 -0.684326 0.451660
0.146118 0.074341 -0.147827 -1.217773 -0.687744 0.550049
0.139526 0.084473 -0.108643 -1.218506 -0.689941 0.632935
0.124756 0.055176 -0.050537 -1.234619 -0.694580 0.716064
0.132690 0.035156 0.008057 -1.231445 -0.716797 0.805908
0.161255 0.004395 0.043213 -1.186890 -0.758057 0.887817
0.215332 -0.063599 0.055420 -1.119263 -0.812988 0.961914
0.330811 -0.119507 0.074951 -1.055542 -0.843872 1.043579
0.472168 -0.138672 0.098145 -0.984741 -0.867920 1.119385
0.598267 -0.141113 0.112793 -0.909180 -0.869629 1.175171
0.704468 -0.146606 0.116455 -0.847778 -0.843750 1.209229
0.755737 -0.131714 0.125854 -0.803833 -0.790527 1.223877
0.737793 -0.119629 0.140259 -0.768921 -0.709473 1.229980
0.714722 -0.137695 0.136597 -0.738892 -0.623779 1.233154
0.715820 -0.196411 0.135620 -0.711060 -0.562134 1.239624
0.750732 -0.195557 0.149292 -0.665649 -0.536011 1.255859
0.772583 -0.215210 0.150146 -0.584229 -0.544678 1.261353
0.820801 -0.270996 0.139648 -0.492188 -0.577271 1.256104
0.913696 -0.329956 0.132568 -0.394653 -0.621704 1.252930
1.028809 -0.335327 0.106079 -0.280518 -0.645508 1.252686
1.108887 -0.341553 0.071411 -0.167725 -0.627930 1.245361
1.153564 -0.333252 0.029785 -0.076172 -0.572021 1.227539
1.134644 -0.294067 0.003174 0.000244 -0.501953 1.198242
1.088989 -0.295044 -0.024536 0.064209 -0.440918 1.166382
1.057129 -0.288330 -0.029663 0.116699 -0.407837 1.139771
1.093384 -0.339966 -0.037598 0.184326 -0.403564 1.124023
1.205811 -0.366699 -0.059814 0.291870 -0.420532 1.118164
1.353882 -0.395630 -0.151367 0.434937 -0.432861 1.104004
1.520020 -0.398071 -0.250854 0.565918 -0.409668 1.081787
1.600464 -0.311768 -0.320435 0.665283 -0.353760 1.034790
1.592651 -0.228760 -0.368164 0.724243 -0.255859 0.945435
1.561523 -0.202026 -0.351929 0.721313 -0.148193 0.814819
1.532837 -0.196899 -0.315674 0.699951 -0.078979 0.664429
1.490356 -0.251709 -0.354858 0.726563 -0.081299 0.520752
1.467163 -0.310425 -0.421143 0.797607 -0.165161 0.390625
1.429565 -0.314209 -0.515015 0.899170 -0.330933 0.275269
1.400391 -0.303955 -0.619507 1.015869 -0.468628 0.188965
1.399780 -0.314819 -0.729614 1.106201 -0.506348 0.140991
1.440186 -0.334595 -0.818237 1.155640 -0.467529 0.130981
1.485474 -0.378052 -0.890137 1.176514 -0.343872 0.157349
1.528076 -0.426025 -0.950195 1.198853 -0.108032 0.217407
1.552002 -0.434448 -0.958862 1.231323 0.235107 0.304077
1.534668 -0.438354 -0.959106 1.254395 0.653931 0.392212
1.496826 -0.424927 -0.916992 1.252197 1.133911 0.465332
1.509155 -0.444824 -0.868286 1.256348 1.595215 0.526123
1.667358 -0.435059 -0.898315 1.309082 1.640869 0.585449
1.776489 -0.322144 -1.045044 1.391846 0.841675 0.563110
1.783691 -0.264282 -1.290649 1.406128 0.063477 0.328979
1.759766 -0.281006 -1.403809 1.292236 -0.169556 -0.038086
1.709717 -0.319214 -1.355469 1.106445 -0.112305 -0.344971
1.645752 -0.384888 -1.224243 0.910522 -0.048950 -0.497803
1.592041 -0.483521 -1.085083 0.748291 -0.044312 -0.564453
1.566040 -0.540649 -0.994751 0.675537 -0.089355 -0.611206
1.557373 -0.542603 -1.029541 0.722900 -0.188477 -0.653687
1.527344 -0.482056 -1.154541 0.831299 -0.275146 -0.692749
1.453369 -0.416626 -1.315430 0.910034 -0.293335 -0.712280
1.343872 -0.382324 -1.468018 0.909912 -0.309326 -0.722656
1.235229 -0.362671 -1.573608 0.838257 -0.383057 -0.726074
1.139526 -0.379517 -1.615112 0.713623 -0.470093 -0.714355
1.109985 -0.406982 -1.616089 0.555420 -0.455811 -0.661011
1.160645 -0.435669 -1.612427 0.381958 -0.323853 -0.552246
1.210327 -0.430298 -1.382080 0.231567 -0.353638 -0.454224
1.219727 -0.370361 -1.266724 0.137695 -0.299194 -0.388184
1.275513 -0.496338 -1.214355 0.086670 -0.269287 -0.331177
1.190308 -0.582153 -1.150024 0.052734 -0.146851 -0.385010
1.034668 -0.520996 -1.094116 0.056763 0.146729 -0.551514
0.876221 -0.426392 -1.055908 0.118408 0.430054 -0.766113
0.768555 -0.420044 -1.059937 0.193115 0.524048 -0.921265
0.731812 -0.400391 -1.047363 0.206421 0.508423 -0.978271
0.720215 -0.374023 -1.020508 0.153442 0.463623 -0.959839
0.728271 -0.324707 -0.959351 0.066772 0.453003 -0.910767
0.731079 -0.277832 -0.872192 -0.007813 0.488770 -0.868408
0.723633 -0.282227 -0.796509 -0.056152 0.500610 -0.846680
0.744263 -0.306274 -0.729614 -0.091553 0.481079 -0.819458
0.772827 -0.258545 -0.652954 -0.115112 0.439697 -0.781250
0.771240 -0.226196 -0.582764 -0.118164 0.420532 -0.738159
0.750000 -0.205566 -0.555176 -0.107056 0.499390 -0.703979
0.728882 -0.162598 -0.494507 -0.102417 0.568115 -0.690063
0.697144 -0.137451 -0.453369 -0.104980 0.554321 -0.683594
0.677368 -0.115601 -0.418945 -0.111938 0.512451 -0.677368
0.663574 -0.095337 -0.393066 -0.118896 0.479248 -0.662720
0.653931 -0.053833 -0.359375 -0.125366 0.427856 -0.639282
0.631226 -0.030151 -0.338379 -0.130981 0.335083 -0.617432
0.616821 -0.010620 -0.327148 -0.148804 0.227173 -0.597900
0.626221 -0.003906 -0.281860 -0.186035 0.171387 -0.565186
0.659912 -0.031738 -0.217773 -0.221802 0.183105 -0.519409
0.693115 -0.041992 -0.141602 -0.235352 0.243774 -0.467529
0.701050 -0.032715 -0.077515 -0.212280 0.320679 -0.408203
0.715454 -0.008911 -0.041260 -0.155884 0.377930 -0.353394
0.729736 0.019653 -0.038818 -0.090454 0.391235 -0.322754
0.740479 0.047119 -0.073730 -0.039673 0.380371 -0.314941
0.743652 0.072388 -0.109619 -0.013062 0.353638 -0.319092
0.738159 0.097656 -0.127319 -0.011108 0.318970 -0.326172
0.735107 0.094604 -0.143311 -0.020752 0.286743 -0.335449
0.729614 0.090088 -0.153076 -0.037964 0.256104 -0.333862
0.741943 0.098389 -0.151855 -0.052734 0.219727 -0.321899
0.753662 0.093140 -0.155640 -0.066406 0.183960 -0.303345
0.765747 0.105469 -0.142212 -0.080688 0.159180 -0.281860
0.770020 0.114502 -0.120483 -0.093750 0.158203 -0.256958
0.764526 0.106934 -0.103271 -0.095215 0.172852 -0.230469
0.765137 0.098389 -0.089233 -0.084595 0.191650 -0.198242
0.780396 0.108276 -0.081055 -0.063232 0.222168 -0.164551
0.811523 0.109619 -0.077271 -0.033936 0.238770 -0.138672
0.833008 0.134155 -0.102783 -0.005249 0.247314 -0.128540
0.828491 0.122681 -0.133301 0.009277 0.284912 -0.115723
0.827637 0.110229 -0.146362 0.007202 0.341309 -0.092529
0.835938 0.090454 -0.161621 0.002808 0.368164 -0.071533
0.859741 0.098267 -0.178711 -0.000488 0.354736 -0.056152
0.897461 0.097412 -0.180664 -0.005249 0.318359 -0.039063
