1.004028 0.067749 -0.230469 -0.038686 0.604743 -0.269619
0.968628 0.041016 -0.237671 -0.057436 0.580534 -0.266296
0.972412 0.037842 -0.212158 -0.114398 0.526421 -0.166138
1.019531 0.081543 -0.161499 -0.143116 0.560598 -0.075712
1.048096 0.137817 -0.135010 -0.128638 0.539237 -0.025633
1.101685 0.107178 -0.105225 -0.086392 0.451184 -0.005221
1.157593 0.112915 -0.061890 0.012579 0.412972 -0.043196
1.212158 0.157471 -0.029907 0.131012 0.269144 -0.079984
1.298584 0.106567 -0.082764 0.261312 0.087104 -0.092800
1.395874 0.093018 -0.113647 0.380456 0.075474 -0.147388
1.461304 0.067749 -0.199219 0.508620 0.114398 -0.214318
1.496338 0.081787 -0.287964 0.605218 0.207435 -0.310204
1.539917 0.095337 -0.364746 0.619458 0.269381 -0.440741
1.572632 0.094116 -0.426270 0.559648 0.233543 -0.581009
1.598755 0.086548 -0.453247 0.480614 0.109414 -0.721514
1.609619 0.094849 -0.468384 0.409175 -0.021598 -0.862020
1.618774 0.086304 -0.488770 0.321121 -0.091851 -1.012731
1.608154 0.062866 -0.509033 0.203163 -0.158781 -1.165578
1.598267 0.035767 -0.505859 0.057674 -0.201739 -1.302286
1.597046 0.030273 -0.464233 -0.119145 -0.187024 -1.429975
1.595703 0.016113 -0.394043 -0.316375 -0.123892 -1.569294
1.572754 0.003296 -0.344360 -0.473019 -0.009731 -1.708613
1.529785 0.005493 -0.341187 -0.557275 0.159730 -1.847219
1.475708 0.010132 -0.353027 -0.594300 0.336549 -1.999355
1.408691 0.022827 -0.384766 -0.600234 0.340583 -2.186616
1.328003 0.031738 -0.427979 -0.614949 0.238290 -2.385270
1.220215 0.019775 -0.499146 -0.652448 0.075000 -2.573955
1.081299 0.022949 -0.583618 -0.707274 -0.140268 -2.722293
0.947144 0.036743 -0.678223 -0.801498 -0.309492 -2.801565
0.816284 0.055298 -0.726807 -0.958855 -0.444776 -2.797055
0.669556 0.075439 -0.729370 -1.151812 -0.571278 -2.750062
0.540894 0.095093 -0.684937 -1.353552 -0.726499 -2.671502
0.452271 0.111694 -0.609253 -1.524199 -0.894536 -2.558528
0.367676 0.116333 -0.545288 -1.645480 -0.960516 -2.411140
0.292114 0.139526 -0.524048 -1.775068 -0.657907 -2.205366
0.210815 0.159790 -0.488647 -1.928152 -0.202451 -1.970636
0.141846 0.174683 -0.456909 -2.049196 0.037262 -1.766761
0.087524 0.198975 -0.438599 -2.093579 -0.033465 -1.587806
0.064819 0.228027 -0.410767 -2.111617 -0.218828 -1.421431
0.052612 0.226318 -0.355225 -2.129654 -0.512180 -1.282824
0.018188 0.207642 -0.310791 -2.113990 -0.925390 -1.159645
0.014160 0.224487 -0.277466 -2.066759 -1.376574 -1.012731
0.030151 0.243774 -0.242676 -2.025937 -1.763201 -0.850153
0.081421 0.276978 -0.181396 -2.015494 -2.050383 -0.689474
0.133789 0.290894 -0.072876 -2.024513 -2.213673 -0.548493
0.123413 0.268799 -0.008179 -2.050383 -2.110430 -0.399206
0.084229 0.262573 0.043579 -2.103072 -1.737331 -0.194619
0.033691 0.268799 0.083984 -2.141284 -1.226812 0.035364
-0.022095 0.270630 0.114136 -2.133689 -0.779900 0.251818
-0.057983 0.284668 0.141602 -2.084322 -0.557038 0.456405
-0.038208 0.310425 0.180420 -1.985826 -0.571753 0.642005
-0.003052 0.312500 0.211670 -1.841049 -0.741688 0.782986
0.046997 0.319336 0.247192 -1.675385 -0.989946 0.892162
0.112915 0.308350 0.284546 -1.502839 -1.267160 0.983301
0.183716 0.279419 0.334961 -1.344770 -1.486462 1.076813
0.257080 0.221558 0.397095 -1.220641 -1.529184 1.217793
0.318359 0.194458 0.477905 -1.139708 -1.350941 1.436383
0.362183 0.179688 0.566040 -1.083221 -0.953159 1.707663
0.375122 0.182617 0.665894 -1.083458 -0.446200 1.988200
0.415039 0.187134 0.753296 -1.082034 0.005221 2.231473
0.484497 0.182251 0.854736 -1.020801 0.287656 2.401884
0.509521 0.150391 0.937744 -0.853238 0.446674 2.552595
0.558472 0.160156 0.937378 -0.539949 0.340346 2.726328
0.626465 0.147705 0.897827 -0.108227 0.140743 2.852118
0.733887 0.168701 0.855103 0.373099 -0.254666 2.969127
0.867676 0.169800 0.785889 0.855137 -0.740264 3.058604
0.996094 0.176758 0.712524 1.250071 -0.895960 3.106547
1.069580 0.175903 0.663940 1.510196 -0.754505 3.126246
1.155640 0.147583 0.646973 1.695559 -0.622544 3.136689
1.237183 0.113159 0.631226 1.903944 -0.444301 3.174189
1.365479 0.123657 0.607666 2.141996 -0.232831 3.225217
1.560791 0.149048 0.537720 2.409953 -0.094224 3.248002
1.733521 0.171387 0.429321 2.644208 0.135047 3.159949
1.825684 0.155640 0.201660 2.782815 0.377846 2.946105
1.879395 0.132568 0.295898 2.926880 0.254666 2.668654
1.961548 0.085571 0.167725 2.798717 0.780612 2.367469
2.071411 0.026001 0.138550 2.713037 1.551493 2.165967
2.138672 0.008545 0.076416 2.694050 1.283062 1.988437
2.188110 0.029175 -0.019043 2.751723 0.313052 1.709799
2.186401 0.027100 -0.140747 2.797530 -0.579110 1.324596
2.158447 0.012939 -0.240112 2.757419 -1.030294 0.924440
2.133667 0.011108 -0.265503 2.642784 -1.042161 0.530456
2.070557 -0.004517 -0.251099 2.489700 -0.817875 0.149999
1.963013 -0.029907 -0.248657 2.338989 -0.756166 -0.206249
1.858398 -0.086548 -0.122192 2.207739 -1.301337 -0.508146
1.756592 -0.156616 -0.159790 2.252834 -1.284486 -0.753318
1.618774 -0.239746 -0.154053 2.256631 -0.539949 -0.893111
1.482056 -0.323608 -0.186279 2.236932 0.167800 -0.886703
1.381592 -0.366577 -0.228760 2.299115 0.547307 -0.790581
1.332397 -0.380615 -0.279663 2.397137 0.581484 -0.662417
1.302246 -0.369019 -0.358398 2.494921 0.448573 -0.579348
1.304443 -0.337646 -0.430298 2.554731 -0.431485 -0.550629
1.397705 -0.255005 -0.599121 2.610981 -1.758929 -0.662417
1.421997 -0.217529 -0.734863 2.470238 -1.898010 -0.971908
1.432861 -0.240234 -0.774170 2.113990 -1.066370 -1.314865
1.423950 -0.314087 -0.720215 1.672300 -0.604980 -1.529184
1.442505 -0.358154 -0.692261 1.323172 -0.799125 -1.625306
1.410889 -0.394043 -0.693481 1.126417 -0.840422 -1.712410
1.352783 -0.401733 -0.710938 1.023886 -0.492006 -1.800938
1.283447 -0.389038 -0.772095 0.962890 -0.145015 -1.861460
1.247070 -0.350464 -0.858765 0.902130 0.013766 -1.903944
1.227783 -0.316406 -0.937744 0.782986 0.090427 -1.944054
1.205688 -0.272827 -0.994629 0.573177 0.156645 -2.006238
1.182983 -0.236938 -1.027710 0.291691 0.205774 -2.099750
1.125732 -0.215698 -1.028198 -0.023022 0.220726 -2.216758
1.038452 -0.216309 -1.014038 -0.330852 0.194144 -2.337802
0.924072 -0.217651 -0.989624 -0.613525 0.173258 -2.418023
0.824585 -0.209106 -0.964478 -0.853950 0.162578 -2.421108
0.753540 -0.172119 -0.933350 -1.049756 0.159255 -2.343498
0.682251 -0.137085 -0.873901 -1.244375 0.120806 -2.221268
0.644653 -0.084229 -0.838135 -1.420956 0.001424 -2.088120
0.610474 -0.047974 -0.787476 -1.601572 -0.038212 -1.959481
0.595581 0.008545 -0.716309 -1.788596 -0.063607 -1.850067
0.563477 0.035889 -0.648071 -1.959244 -0.113923 -1.768185
0.526245 0.047729 -0.575073 -2.118737 -0.108939 -1.674198
0.490845 0.081177 -0.488037 -2.240967 -0.014478 -1.544611
0.461670 0.100830 -0.398071 -2.321188 0.093512 -1.399121
0.450806 0.124756 -0.293701 -2.347533 0.158781 -1.266448
0.431152 0.150269 -0.206909 -2.316916 0.159255 -1.137097
0.418091 0.166992 -0.131592 -2.257344 0.152372 -0.989946
0.416016 0.190796 -0.067139 -2.170952 0.164002 -0.822147
0.439819 0.221924 -0.010376 -2.081949 0.174920 -0.656483
0.464355 0.263306 0.036743 -2.017155 0.167325 -0.509332
0.478638 0.294312 0.077515 -1.970874 0.176819 -0.392561
0.483276 0.316650 0.123779 -1.921032 0.178955 -0.308542
0.489380 0.339355 0.171265 -1.834878 0.154034 -0.261074
0.497192 0.351685 0.210205 -1.741840 0.079272 -0.227135
0.500977 0.365601 0.251221 -1.654974 -0.035126 -0.187736
0.512329 0.387451 0.279053 -1.558376 -0.117246 -0.142167
0.516968 0.402710 0.312012 -1.454896 -0.159255 -0.092800
0.526245 0.421753 0.348755 -1.335989 -0.193432 -0.038212
0.537231 0.439819 0.374634 -1.195720 -0.211233 0.018513
0.542725 0.470459 0.378052 -1.047857 -0.199603 0.074050
0.561279 0.489380 0.368774 -0.916371 -0.162815 0.133385
0.595703 0.508911 0.336060 -0.790818 -0.137420 0.195568
0.641846 0.531372 0.306763 -0.676657 -0.120332 0.257514
0.677979 0.556152 0.276123 -0.580534 -0.105379 0.308068
0.724731 0.573730 0.264771 -0.504585 -0.111075 0.333938
0.765991 0.582397 0.249756 -0.439080 -0.137420 0.345330
0.794800 0.588623 0.235962 -0.384966 -0.153559 0.339634
0.812988 0.595459 0.232910 -0.335599 -0.146202 0.317561
0.819824 0.600098 0.213257 -0.280062 -0.153322 0.284334
0.838257 0.594360 0.209229 -0.228321 -0.196518 0.251106
0.858765 0.597046 0.194214 -0.173021 -0.259650 0.231881
0.884155 0.603516 0.178345 -0.122942 -0.280062 0.219777
0.890869 0.599609 0.156982 -0.092325 -0.214556 0.210046
0.907349 0.607544 0.138672 -0.076186 -0.092088 0.199841
0.907227 0.612549 0.124878 -0.070727 0.025158 0.173970
0.887573 0.600342 0.105469 -0.080458 0.094936 0.129588
0.865234 0.584229 0.095093 -0.108939 0.132436 0.085680
