0.949585 0.447632 -0.408691 0.102056 0.064319 0.056250
0.981689 0.433472 -0.413086 0.180853 0.114398 -0.042009
0.996338 0.411011 -0.447998 0.277451 0.122942 -0.156407
1.007446 0.385132 -0.498535 0.371912 0.078560 -0.256802
1.039673 0.384277 -0.542114 0.447149 -0.023259 -0.315663
1.052124 0.430786 -0.594604 0.485124 -0.032278 -0.334650
1.041382 0.493408 -0.693237 0.470883 -0.038449 -0.343194
1.029541 0.392334 -0.731689 0.374760 -0.182515 -0.364080
1.000122 0.559692 -0.846680 0.212657 -0.508620 -0.411073
0.988525 0.551514 -0.864136 0.044620 -0.440266 -0.372862
0.929810 0.480347 -0.906982 -0.165426 -0.159967 -0.304270
0.904053 0.456787 -0.906616 -0.419855 0.125078 -0.304033
0.853271 0.460938 -0.881836 -0.641293 0.302609 -0.392561
0.791138 0.467285 -0.855347 -0.820248 0.418194 -0.530218
0.713013 0.483398 -0.840454 -0.963127 0.488446 -0.679980
0.656128 0.487915 -0.817017 -1.065895 0.482513 -0.806957
0.611450 0.481689 -0.787354 -1.146354 0.401580 -0.898808
0.588989 0.470337 -0.761963 -1.225388 0.327055 -0.954345
0.529663 0.429443 -0.748901 -1.297777 0.271517 -0.979978
0.466309 0.411865 -0.714722 -1.349280 0.162103 -0.967399
0.421875 0.425659 -0.680542 -1.372064 -0.067405 -0.897146
0.416748 0.459106 -0.647461 -1.380846 -0.418194 -0.760676
0.449219 0.476440 -0.590332 -1.401494 -0.745961 -0.577924
0.492310 0.453369 -0.562134 -1.452523 -0.916846 -0.374760
0.517090 0.447021 -0.542969 -1.546272 -0.929899 -0.182277
0.534546 0.453003 -0.529053 -1.676809 -0.882194 -0.021835
0.568237 0.459229 -0.496216 -1.806160 -0.761625 0.115585
0.596802 0.441528 -0.442993 -1.904418 -0.558462 0.237815
0.601318 0.426758 -0.388184 -1.954023 -0.345330 0.326580
0.598999 0.415039 -0.330933 -1.936459 -0.222863 0.363843
0.622437 0.426880 -0.276367 -1.855764 -0.264872 0.368589
0.617310 0.431030 -0.253906 -1.730685 -0.353400 0.362656
0.618164 0.425049 -0.237183 -1.594689 -0.455456 0.337498
0.598511 0.425537 -0.250854 -1.475070 -0.632987 0.283384
0.605957 0.455322 -0.213501 -1.373488 -0.873887 0.226660
0.616821 0.437500 -0.224854 -1.279264 -1.178395 0.198654
0.625977 0.414307 -0.227539 -1.215894 -1.382982 0.210046
0.611450 0.413208 -0.244751 -1.196432 -1.527285 0.240900
0.611572 0.422852 -0.227173 -1.217556 -1.597537 0.302134
0.622437 0.421997 -0.215698 -1.220878 -1.663993 0.390662
0.643555 0.400757 -0.193604 -1.196907 -1.682743 0.487497
0.643555 0.382935 -0.178101 -1.149914 -1.682505 0.565582
0.650879 0.379761 -0.171509 -1.086306 -1.690100 0.637021
0.659058 0.380859 -0.164429 -1.010120 -1.671350 0.726499
0.670532 0.369629 -0.174683 -0.943190 -1.601335 0.824520
0.692505 0.399780 -0.177734 -0.890738 -1.484326 0.906877
0.705200 0.401978 -0.189697 -0.843033 -1.367080 0.958143
0.696411 0.402344 -0.213257 -0.793903 -1.268584 0.984725
0.672852 0.404053 -0.230225 -0.745486 -1.233457 1.003475
0.669189 0.417603 -0.261108 -0.696356 -1.256005 1.034329
0.669678 0.419312 -0.262573 -0.658382 -1.296115 1.079661
0.675659 0.421387 -0.281738 -0.640581 -1.298726 1.122620
0.668579 0.418091 -0.291260 -0.634648 -1.274517 1.163205
0.672607 0.406860 -0.291870 -0.634173 -1.233457 1.207825
0.678223 0.387573 -0.298950 -0.632037 -1.211147 1.254106
0.686646 0.371338 -0.300293 -0.627053 -1.190974 1.283774
0.705933 0.390015 -0.289795 -0.620645 -1.188600 1.291606
0.703491 0.379761 -0.293945 -0.629426 -1.161306 1.280451
0.682617 0.362915 -0.294434 -0.643430 -1.139471 1.253394
0.661499 0.345703 -0.278931 -0.642243 -1.162967 1.229897
0.650757 0.315308 -0.257813 -0.619221 -1.201179 1.221353
0.645386 0.298340 -0.237549 -0.570566 -1.246749 1.213284
0.646484 0.270996 -0.216064 -0.495567 -1.303473 1.208299
0.646362 0.249512 -0.200439 -0.387102 -1.382033 1.222302
0.678467 0.233154 -0.185181 -0.261074 -1.471747 1.265498
0.707642 0.202637 -0.178955 -0.128876 -1.523962 1.328868
0.752441 0.157104 -0.163208 0.000237 -1.481003 1.406953
0.761230 0.118774 -0.165039 0.139319 -1.378710 1.482427
0.769653 0.086670 -0.184204 0.286944 -1.289944 1.559800
0.795410 0.092773 -0.201172 0.429823 -1.260752 1.634800
0.844116 0.104858 -0.219604 0.559174 -1.231084 1.696271
0.900269 0.126953 -0.259277 0.674996 -1.237730 1.701967
0.941040 0.140747 -0.293213 0.760201 -1.219929 1.629578
0.952393 0.124634 -0.329224 0.800549 -1.217556 1.495956
0.947510 0.096558 -0.342896 0.801498 -1.208299 1.364469
0.949341 0.074829 -0.350586 0.783223 -1.179344 1.280688
0.967529 0.064941 -0.338013 0.783935 -1.067082 1.241052
0.968750 0.059448 -0.328369 0.833539 -0.958617 1.186464
0.968018 0.062378 -0.323120 0.938206 -0.891450 1.104582
0.968140 0.048950 -0.315918 1.081085 -0.864393 1.014392
0.940063 0.016235 -0.329102 1.230135 -0.798650 0.943665
0.892212 -0.015747 -0.347534 1.354501 -0.691135 0.922779
0.868774 -0.038086 -0.354980 1.444690 -0.575788 0.965026
0.884766 -0.066162 -0.365234 1.516367 -0.454032 1.035278
0.915405 -0.069580 -0.364380 1.602522 -0.389238 1.075626
0.952271 -0.091553 -0.381470 1.698170 -0.365267 1.080848
1.003784 -0.095215 -0.401245 1.811144 -0.384254 1.070405
1.054932 -0.109009 -0.420288 1.921270 -0.374998 1.025310
1.086914 -0.132813 -0.446777 1.997218 -0.347466 0.930374
1.127441 -0.144409 -0.479614 2.044212 -0.291691 0.846593
1.164673 -0.192871 -0.504883 2.067471 -0.143591 0.815027
1.213257 -0.212891 -0.535522 2.082661 0.038449 0.808144
1.266724 -0.204956 -0.538574 2.136775 0.128401 0.782274
1.310547 -0.197754 -0.545654 2.251410 0.142404 0.700866
1.316772 -0.195557 -0.580200 2.387169 0.132436 0.559648
1.307129 -0.171509 -0.620605 2.515095 0.091376 0.407513
1.301270 -0.176636 -0.674438 2.592468 0.056250 0.283147
1.309326 -0.140015 -0.704590 2.588670 0.096597 0.196518
1.296143 -0.121460 -0.744751 2.517231 0.200553 0.120332
1.291748 -0.105591 -0.751709 2.401646 0.299049 0.021361
1.287842 -0.110474 -0.749390 2.276331 0.343431 -0.106803
1.255127 -0.122314 -0.741455 2.162645 0.385203 -0.239476
1.243286 -0.119263 -0.740356 2.089781 0.372862 -0.369776
1.208496 -0.146240 -0.746826 2.051095 0.341533 -0.492244
1.215332 -0.134155 -0.734009 2.012646 0.338210 -0.594300
1.168945 -0.152954 -0.752197 1.964465 0.407988 -0.678319
1.144409 -0.168945 -0.760254 1.906554 0.476579 -0.740502
1.108398 -0.186768 -0.766357 1.851729 0.518351 -0.789394
1.101929 -0.178711 -0.775024 1.803786 0.548256 -0.820723
1.097168 -0.172119 -0.802734 1.767948 0.557038 -0.860833
1.099854 -0.156494 -0.840332 1.727600 0.516215 -0.924440
1.122070 -0.130615 -0.882813 1.667553 0.436469 -1.012494
1.130493 -0.106934 -0.922852 1.566921 0.384729 -1.114313
1.145508 -0.075439 -0.979614 1.443978 0.367165 -1.218505
1.158569 -0.052612 -1.035522 1.284248 0.377134 -1.313204
1.167114 -0.053711 -1.071411 1.048332 0.464950 -1.393425
1.161377 -0.064819 -1.079224 0.758777 0.593825 -1.479579
1.168823 -0.088989 -1.065186 0.484174 0.674284 -1.569769
1.159546 -0.115967 -1.044067 0.249919 0.718429 -1.662094
1.156006 -0.131104 -1.021851 0.057436 0.750233 -1.747299
1.132813 -0.144897 -0.998535 -0.100395 0.767084 -1.813042
1.132935 -0.163208 -0.954224 -0.231644 0.801023 -1.859086
1.113892 -0.185059 -0.900269 -0.322545 0.855612 -1.898960
1.089355 -0.206787 -0.880859 -0.348653 0.889789 -1.939545
1.049438 -0.213989 -0.874390 -0.350314 0.891925 -1.959481
1.044556 -0.216919 -0.866333 -0.400868 0.913523 -1.931001
1.044434 -0.194336 -0.848145 -0.493668 0.981165 -1.882820
1.028320 -0.175415 -0.843384 -0.576500 1.088680 -1.849355
0.989502 -0.159668 -0.840576 -0.640107 1.157509 -1.834403
0.941406 -0.152222 -0.842651 -0.707749 1.172224 -1.824672
0.903564 -0.130493 -0.850830 -0.777527 1.129977 -1.795479
0.878784 -0.121948 -0.839355 -0.885517 1.096749 -1.732347
0.858398 -0.115356 -0.818481 -1.043823 1.143505 -1.647379
0.845703 -0.095703 -0.775879 -1.188838 1.185277 -1.563835
0.834473 -0.089233 -0.728394 -1.268821 1.175784 -1.502601
0.818848 -0.057373 -0.702759 -1.294691 1.123806 -1.478630
0.789063 -0.039185 -0.686523 -1.307033 1.072541 -1.463915
0.745361 -0.026611 -0.683838 -1.335989 1.027921 -1.420244
0.734131 -0.001831 -0.669678 -1.382745 0.951260 -1.348567
0.720337 0.009888 -0.643433 -1.436621 0.866529 -1.275229
0.713379 0.022705 -0.611938 -1.495006 0.818112 -1.204502
0.685303 0.020264 -0.583008 -1.568345 0.842321 -1.095563
0.649536 0.017578 -0.554565 -1.647379 0.919931 -0.947700
0.656006 0.046997 -0.519897 -1.709325 0.942716 -0.800549
0.679565 0.052856 -0.466919 -1.747299 0.918744 -0.686863
0.683228 0.053589 -0.409058 -1.762489 0.895722 -0.629426
0.678589 0.053955 -0.348633 -1.740416 0.834963 -0.608778
0.654419 0.046143 -0.309814 -1.673724 0.737891 -0.583620
0.638794 0.047729 -0.268311 -1.593740 0.616847 -0.538288
0.639404 0.048462 -0.214478 -1.521826 0.501737 -0.465662
