1.704834 -0.219116 -0.869263 0.473877 -0.545776 -0.440186
1.770020 -0.234253 -1.019897 0.412598 -0.478027 -0.504395
1.721191 -0.127686 -1.131592 0.313599 -0.481689 -0.569702
1.725098 -0.196411 -1.311890 0.171997 -0.503662 -0.615723
1.690796 -0.219604 -1.342529 -0.052368 -0.452515 -0.701660
1.640015 -0.257690 -1.393921 -0.262207 -0.341553 -0.772095
1.584351 -0.287476 -1.316650 -0.442261 -0.161865 -0.839478
1.544678 -0.338379 -1.223389 -0.566895 -0.053833 -0.900879
1.541382 -0.378174 -1.178101 -0.645996 -0.076416 -0.963989
1.498657 -0.396240 -1.163086 -0.705444 -0.129028 -1.040405
1.380981 -0.425659 -1.141968 -0.757813 -0.135376 -1.112915
1.301392 -0.425049 -1.141479 -0.798706 -0.141235 -1.147461
1.222046 -0.423340 -1.164917 -0.852295 -0.100342 -1.171021
1.161377 -0.408936 -1.194946 -0.939453 -0.020996 -1.197021
1.026123 -0.329102 -1.164307 -1.050415 0.094849 -1.232544
0.890747 -0.310669 -1.144653 -1.164673 0.124634 -1.244751
0.801147 -0.348511 -1.136108 -1.301880 0.060791 -1.232422
0.738647 -0.357544 -1.097046 -1.460938 -0.064087 -1.210938
0.682495 -0.395752 -1.045532 -1.613647 -0.225464 -1.192993
0.615479 -0.411133 -0.967773 -1.756714 -0.390625 -1.171753
0.546265 -0.429810 -0.853394 -1.886719 -0.498657 -1.131958
0.470581 -0.431274 -0.707764 -1.998779 -0.552124 -1.065063
0.375610 -0.424927 -0.575073 -2.088257 -0.583008 -0.978027
0.286377 -0.413452 -0.458130 -2.147583 -0.589600 -0.885132
0.217896 -0.423706 -0.341431 -2.176270 -0.591553 -0.776367
0.165649 -0.399536 -0.241089 -2.174438 -0.587891 -0.648560
0.141846 -0.346069 -0.139771 -2.149414 -0.577393 -0.508545
0.107910 -0.289551 -0.063721 -2.104492 -0.576904 -0.386597
0.073364 -0.261841 -0.004150 -2.046509 -0.604248 -0.279419
0.054077 -0.190308 0.042114 -1.979126 -0.657349 -0.167603
0.042603 -0.109253 0.092651 -1.903931 -0.711304 -0.059692
0.041138 -0.080078 0.139893 -1.834839 -0.777100 0.027100
0.053223 -0.056885 0.176636 -1.760742 -0.855347 0.097168
0.072754 -0.060059 0.201904 -1.667480 -0.950928 0.178101
0.089966 -0.032959 0.215698 -1.563232 -1.044067 0.278931
0.138916 -0.002441 0.219604 -1.450928 -1.123535 0.388916
0.194580 0.021973 0.210205 -1.333618 -1.182251 0.494507
0.259766 0.049316 0.186401 -1.231201 -1.215942 0.593628
0.308472 0.063354 0.150513 -1.160278 -1.189941 0.693848
0.332153 0.041138 0.128174 -1.124756 -1.100342 0.796753
0.361450 -0.013306 0.111328 -1.106689 -0.981689 0.904663
0.416382 -0.083008 0.105469 -1.087769 -0.892456 1.020386
0.526367 -0.129639 0.129272 -1.050903 -0.843384 1.143066
0.656494 -0.108643 0.167358 -0.980835 -0.830322 1.244873
0.739746 -0.074585 0.191406 -0.889526 -0.812134 1.284546
0.760864 -0.086670 0.192383 -0.807251 -0.799683 1.263916
0.755371 -0.118652 0.182983 -0.731445 -0.820679 1.225708
0.778564 -0.173828 0.176514 -0.643188 -0.858521 1.201050
0.863892 -0.276001 0.160156 -0.541260 -0.921875 1.210205
1.006958 -0.295410 0.154907 -0.433350 -0.953491 1.270264
1.127930 -0.239624 0.137573 -0.312256 -0.874390 1.344116
1.180054 -0.192993 0.134521 -0.213989 -0.693359 1.386230
1.173218 -0.175537 0.132568 -0.166382 -0.499146 1.382813
1.143799 -0.213989 0.119995 -0.139893 -0.372070 1.347900
1.155762 -0.288696 0.119263 -0.086914 -0.345215 1.316528
1.182129 -0.348389 0.104980 0.016113 -0.390137 1.293701
1.300293 -0.477539 0.060547 0.151001 -0.442993 1.296997
1.498779 -0.506714 0.015625 0.285400 -0.448730 1.350586
1.616821 -0.421021 -0.016724 0.419800 -0.322632 1.388794
1.668823 -0.409546 -0.049072 0.530151 -0.134521 1.378662
1.708374 -0.386963 -0.098389 0.591064 -0.027832 1.331787
1.729614 -0.322754 -0.125977 0.640747 -0.022949 1.222290
1.733154 -0.322388 -0.157593 0.699829 -0.091675 1.058105
1.712524 -0.274414 -0.191040 0.750732 -0.194336 0.866333
1.660156 -0.293457 -0.201172 0.791504 -0.295776 0.662720
1.603394 -0.392212 -0.238647 0.824829 -0.395386 0.497192
1.558350 -0.386475 -0.235474 0.869263 -0.450073 0.406494
1.493652 -0.385986 -0.210938 0.944458 -0.381714 0.380249
1.404175 -0.418579 -0.189941 1.021606 -0.222900 0.410522
1.341675 -0.422729 -0.224121 1.093750 -0.031494 0.484131
1.309814 -0.404175 -0.275757 1.165039 0.141968 0.552246
1.320068 -0.403687 -0.356445 1.238647 0.238281 0.571045
1.355103 -0.410278 -0.395996 1.289551 0.233643 0.523560
1.360107 -0.452515 -0.396729 1.317993 0.200928 0.431030
1.337280 -0.593384 -0.393311 1.332886 0.273804 0.359863
1.341797 -0.754150 -0.350464 1.346069 0.524048 0.402100
1.482422 -0.827393 -0.346436 1.392944 0.774902 0.561401
1.632690 -0.762329 -0.360229 1.482300 0.455933 0.706909
1.662231 -0.656250 -0.461792 1.561401 -0.127319 0.666504
1.664917 -0.608398 -0.544556 1.603027 -0.259033 0.457397
1.639404 -0.612183 -0.649048 1.645142 -0.060791 0.222412
1.614136 -0.614136 -0.694336 1.666504 0.163330 0.038696
1.584717 -0.627808 -0.713135 1.663696 0.176025 -0.096680
1.550293 -0.672119 -0.721802 1.659790 0.020142 -0.207764
1.579712 -0.688232 -0.714111 1.686035 -0.202026 -0.297119
1.638306 -0.637939 -0.765381 1.750732 -0.439453 -0.387817
1.674194 -0.571289 -0.906006 1.802368 -0.600098 -0.504517
1.639282 -0.487793 -1.078735 1.770996 -0.634644 -0.641602
1.567383 -0.439941 -1.252441 1.634277 -0.514893 -0.760864
1.457642 -0.440430 -1.365601 1.427612 -0.376099 -0.827026
1.374878 -0.413940 -1.415283 1.191772 -0.314087 -0.833862
1.333130 -0.379761 -1.421875 0.971680 -0.351807 -0.824341
1.326416 -0.344604 -1.366211 0.774170 -0.218506 -0.830933
1.326782 -0.329346 -1.289673 0.609985 -0.016479 -0.857666
1.290771 -0.347656 -1.238525 0.479370 0.174805 -0.898560
1.239502 -0.363892 -1.190308 0.375000 0.301514 -0.942627
1.177490 -0.373291 -1.155762 0.292358 0.378784 -0.985352
1.096802 -0.377319 -1.130615 0.224976 0.420898 -1.025269
1.016724 -0.372070 -1.109619 0.155273 0.416138 -1.060913
0.971558 -0.367798 -1.069580 0.065674 0.384277 -1.080566
0.928955 -0.339233 -1.000000 -0.042847 0.358276 -1.086914
0.859253 -0.316406 -0.914429 -0.154663 0.361450 -1.088257
0.777954 -0.333008 -0.826904 -0.252197 0.374146 -1.085449
0.715088 -0.335571 -0.749634 -0.329102 0.358032 -1.057617
0.654541 -0.296021 -0.667603 -0.395020 0.306885 -0.990356
0.617676 -0.278076 -0.589722 -0.456543 0.304443 -0.902344
0.597656 -0.291016 -0.498169 -0.513794 0.347168 -0.816406
0.575439 -0.277710 -0.401001 -0.556519 0.401611 -0.724365
0.584106 -0.233154 -0.290039 -0.571655 0.474731 -0.617432
0.606812 -0.202393 -0.197266 -0.565063 0.549927 -0.524048
0.613403 -0.182617 -0.118774 -0.547974 0.564453 -0.466919
0.601563 -0.152954 -0.069946 -0.521973 0.487549 -0.435669
0.570435 -0.112061 -0.030518 -0.483032 0.331787 -0.419312
0.563354 -0.091187 -0.015991 -0.446899 0.170898 -0.404297
0.581787 -0.083008 0.014893 -0.433594 0.053711 -0.373779
0.613403 -0.072388 0.051880 -0.431152 -0.025879 -0.329590
0.649902 -0.068970 0.091797 -0.433350 -0.045898 -0.270752
0.679199 -0.060425 0.116333 -0.435791 -0.008301 -0.200562
0.718140 -0.054932 0.166870 -0.432495 0.048950 -0.129150
0.758789 -0.059570 0.215942 -0.413086 0.095947 -0.073486
0.765015 -0.033569 0.214844 -0.373047 0.135498 -0.031738
0.801880 -0.029785 0.232178 -0.329102 0.221558 0.016724
0.859253 -0.051880 0.254395 -0.281616 0.301270 0.061768
0.909302 -0.048096 0.285522 -0.226685 0.353027 0.060669
0.919434 -0.009644 0.258667 -0.156860 0.353638 0.020142
0.888672 0.018555 0.208984 -0.099365 0.368042 -0.014526
0.885986 0.034424 0.164795 -0.066895 0.383667 -0.010986
0.889038 0.053345 0.128540 -0.046631 0.381104 -0.005493
0.889771 0.057861 0.090332 -0.038452 0.360962 -0.013306
0.894165 0.053833 0.081421 -0.054321 0.339233 -0.009644
0.906860 0.063354 0.086182 -0.080444 0.340454 0.003662
0.917236 0.058472 0.103516 -0.099487 0.337036 0.014771
0.920654 0.044556 0.118774 -0.109375 0.301514 0.021240
0.937012 0.038086 0.122925 -0.117188 0.261230 0.023926
0.958496 0.023926 0.131470 -0.116333 0.191284 0.024048
0.983398 0.016724 0.130371 -0.104004 0.126221 0.026001
1.008057 0.016235 0.134521 -0.088745 0.085938 0.032715
1.032593 0.042236 0.118042 -0.071411 0.061401 0.043701
1.038574 0.063721 0.081787 -0.057861 0.053589 0.054932
1.044067 0.056763 0.072754 -0.060059 0.077026 0.066284
1.064575 0.038452 0.062256 -0.065063 0.069336 0.070801
1.058105 0.042114 0.046143 -0.072754 0.051270 0.055664
1.055542 0.048584 0.051270 -0.082886 0.055176 0.048340
1.054932 0.041748 0.055298 -0.084839 0.064819 0.053589
1.054688 0.026245 0.058228 -0.082031 0.060059 0.050049
1.057129 0.016968 0.057739 -0.077515 0.033081 0.043945
1.058228 0.013184 0.046631 -0.067139 0.023804 0.036743
1.058960 0.016113 0.026123 -0.049316 0.029175 0.027588
1.060303 0.019409 0.009644 -0.037109 0.024170 0.024292
1.064453 0.020142 -0.007080 -0.030151 0.016235 0.022461
