0.822266 -0.041870 -0.773438 0.488921 -0.524285 0.167562
0.795166 -0.007935 -0.785278 0.492244 -0.538762 0.191534
0.826294 -0.107544 -0.817261 0.513842 -0.600708 0.215742
0.823120 -0.102783 -0.839722 0.561072 -0.254191 0.122705
0.893677 0.037354 -0.834229 0.539712 -0.002848 0.004035
0.842407 0.029175 -0.894775 0.466136 -0.307593 -0.023497
0.834351 -0.026489 -0.912598 0.507434 -0.470171 0.036076
0.835327 -0.034424 -0.929443 0.512655 -0.500313 0.069778
0.862427 -0.027588 -0.928955 0.454744 -0.509095 0.066930
0.893311 -0.010254 -0.949097 0.415108 -0.556088 0.021123
0.947388 -0.002930 -0.993286 0.394460 -0.641768 -0.072151
0.996460 0.008301 -1.038330 0.374286 -0.710597 -0.240900
1.027832 0.006470 -1.097290 0.330140 -0.731720 -0.484174
1.044312 0.008789 -1.170532 0.243036 -0.721040 -0.754505
1.046509 0.020996 -1.264648 0.114873 -0.668588 -1.009171
1.021240 0.037231 -1.379395 -0.069303 -0.573889 -1.227049
0.970947 0.073608 -1.478149 -0.325868 -0.452133 -1.404580
0.892090 0.086792 -1.538208 -0.660281 -0.355298 -1.536304
0.823364 0.125610 -1.594482 -1.071354 -0.433146 -1.634800
0.795776 0.144165 -1.600586 -1.532981 -0.627053 -1.704341
0.782715 0.128906 -1.562134 -2.013120 -0.893111 -1.743264
0.767578 0.109375 -1.528931 -2.470238 -1.014630 -1.762252
0.723755 0.080200 -1.454346 -2.868020 -0.973095 -1.758692
0.645020 0.060181 -1.390625 -3.191040 -0.849916 -1.697932
0.536011 0.040039 -1.319580 -3.431466 -0.732669 -1.546747
0.443970 0.043091 -1.248657 -3.601876 -0.647939 -1.318663
0.369507 0.051147 -1.170776 -3.728616 -0.648176 -1.065895
0.281738 0.041382 -1.094727 -3.840878 -0.743587 -0.857985
0.195923 0.042480 -1.008179 -3.936289 -0.895722 -0.707749
0.102417 0.041870 -0.909668 -3.997522 -1.080610 -0.560598
0.028687 0.001709 -0.818115 -4.008440 -1.284248 -0.374048
-0.022827 -0.009277 -0.739502 -3.963346 -1.525149 -0.133860
-0.045410 -0.018188 -0.653564 -3.849185 -1.697695 0.152610
-0.060181 -0.027588 -0.550171 -3.686844 -1.768660 0.446912
-0.061401 -0.026367 -0.448120 -3.506228 -1.790020 0.715581
-0.083374 -0.032837 -0.356812 -3.314457 -1.819688 0.954345
-0.106934 -0.028198 -0.267212 -3.100851 -1.855764 1.172461
-0.128174 -0.044678 -0.164307 -2.855678 -1.912251 1.377048
-0.136719 -0.087280 -0.055542 -2.568734 -2.018105 1.572854
-0.126465 -0.122803 0.037964 -2.219844 -2.164781 1.782900
-0.081665 -0.162109 0.105957 -1.770321 -2.298641 2.003864
-0.013428 -0.205566 0.131470 -1.216844 -2.452674 2.234321
0.095093 -0.244507 0.094238 -0.604506 -2.592231 2.462405
0.218140 -0.260254 0.046997 0.002136 -2.629018 2.657024
0.343140 -0.267700 0.000610 0.518114 -2.545712 2.790172
0.425415 -0.271606 -0.048828 0.902842 -2.400697 2.846422
0.441772 -0.275024 -0.100952 1.187888 -2.239543 2.830283
0.438843 -0.278198 -0.134888 1.424991 -2.132265 2.782103
0.449219 -0.274780 -0.145508 1.641920 -2.103310 2.747451
0.478638 -0.291992 -0.143433 1.848406 -2.109955 2.735109
0.550049 -0.319824 -0.166016 2.062012 -2.091680 2.720632
0.645264 -0.354126 -0.197266 2.300777 -2.001253 2.674350
0.716064 -0.377441 -0.251343 2.557579 -1.880922 2.587009
0.762817 -0.395874 -0.318115 2.803701 -1.755131 2.463355
0.785767 -0.404907 -0.376221 3.006864 -1.661619 2.318577
0.811768 -0.412842 -0.437500 3.152116 -1.616525 2.156474
0.833252 -0.414673 -0.505371 3.258919 -1.614863 1.972535
0.822388 -0.400269 -0.560303 3.360026 -1.605370 1.770084
0.782837 -0.403320 -0.622314 3.451877 -1.533218 1.578313
0.757202 -0.439331 -0.680542 3.515247 -1.439706 1.420244
0.756836 -0.469604 -0.721924 3.550373 -1.381083 1.292555
0.790771 -0.514404 -0.758057 3.579566 -1.395324 1.185040
0.840942 -0.552124 -0.794678 3.633917 -1.455845 1.070167
0.870605 -0.593140 -0.860718 3.734312 -1.592791 0.895485
0.899292 -0.664673 -0.938721 3.865798 -1.641920 0.665027
0.920776 -0.683594 -1.029663 3.977349 -1.601098 0.432434
0.923584 -0.694458 -1.127319 4.029563 -1.520877 0.223100
0.931641 -0.696899 -1.213745 3.991114 -1.422380 0.010918
0.938477 -0.705322 -1.286865 3.877903 -1.355213 -0.234967
0.913452 -0.728638 -1.344971 3.731227 -1.326020 -0.506721
0.882202 -0.765747 -1.408569 3.593332 -1.292318 -0.770644
0.849976 -0.779419 -1.458374 3.470390 -1.222065 -0.983775
0.815552 -0.800171 -1.504883 3.326324 -1.090341 -1.146354
0.793457 -0.803833 -1.532227 3.142385 -0.942716 -1.300862
0.770142 -0.817627 -1.572021 2.943732 -0.834963 -1.474120
0.729492 -0.845093 -1.597656 2.769049 -0.777764 -1.688676
0.700317 -0.866455 -1.620728 2.621898 -0.772543 -1.926728
0.661377 -0.873779 -1.634644 2.470000 -0.799599 -2.138199
0.632080 -0.863525 -1.640259 2.275144 -0.777289 -2.282027
0.618530 -0.863403 -1.643555 2.018816 -0.655771 -2.367232
0.585815 -0.869873 -1.630981 1.719530 -0.492956 -2.455048
0.554077 -0.865845 -1.619385 1.439469 -0.284808 -2.567073
0.493896 -0.883301 -1.601929 1.214470 -0.057911 -2.682657
0.411255 -0.915527 -1.602417 1.023174 0.160442 -2.787562
0.324707 -0.910645 -1.625122 0.857748 0.390425 -2.853542
0.272949 -0.886719 -1.652710 0.683303 0.538525 -2.839539
0.257446 -0.861084 -1.672974 0.435757 0.508620 -2.784714
0.295654 -0.824097 -1.682495 0.089715 0.299761 -2.759318
0.343750 -0.793823 -1.663574 -0.323732 0.001187 -2.779255
0.323608 -0.810059 -1.626221 -0.746673 -0.263685 -2.802514
0.284058 -0.815918 -1.594116 -1.131876 -0.366928 -2.721344
0.223999 -0.805298 -1.564697 -1.475307 -0.248733 -2.475222
0.204102 -0.794434 -1.542725 -1.821587 -0.028006 -2.148404
0.214600 -0.769165 -1.506836 -2.172613 0.139793 -1.902282
0.210327 -0.745483 -1.465332 -2.497057 0.157357 -1.792394
0.232666 -0.704224 -1.410034 -2.759081 0.030617 -1.774593
0.222534 -0.667969 -1.337891 -2.966753 -0.178005 -1.767948
0.201660 -0.635620 -1.264160 -3.137164 -0.306881 -1.706239
0.205688 -0.589844 -1.202759 -3.287163 -0.314476 -1.549595
0.221436 -0.522827 -1.176147 -3.445232 -0.276501 -1.339074
0.227417 -0.469849 -1.145386 -3.631781 -0.239239 -1.175546
0.232056 -0.450317 -1.100952 -3.849897 -0.229508 -1.074202
0.212158 -0.480347 -1.050537 -4.073234 -0.238527 -0.986149
0.162964 -0.525635 -0.945801 -4.241271 -0.224049 -0.844694
0.151611 -0.510376 -0.837891 -4.303217 -0.193195 -0.648888
0.171753 -0.463745 -0.743408 -4.234863 -0.229745 -0.437655
0.203613 -0.383301 -0.650146 -4.051636 -0.265109 -0.287419
0.241699 -0.288452 -0.593628 -3.815482 -0.284096 -0.216929
0.249756 -0.218140 -0.543335 -3.564376 -0.267482 -0.206723
0.237671 -0.183594 -0.508545 -3.340090 -0.225948 -0.205062
0.238403 -0.161621 -0.501831 -3.156626 -0.212657 -0.171597
0.235107 -0.141602 -0.504517 -2.992386 -0.235679 -0.094224
0.254272 -0.111816 -0.481201 -2.832894 -0.277451 -0.007358
0.286377 -0.081665 -0.467163 -2.672214 -0.353400 0.063607
0.320435 -0.060791 -0.457520 -2.492310 -0.431247 0.111787
0.357666 -0.031738 -0.460571 -2.296267 -0.425076 0.155221
0.397949 0.013550 -0.470093 -2.096664 -0.324682 0.217166
0.417358 0.046875 -0.463623 -1.922931 -0.126265 0.289555
0.433472 0.072632 -0.455078 -1.793106 0.101344 0.347704
0.443604 0.094971 -0.444824 -1.682743 0.295489 0.383779
0.446655 0.108643 -0.427612 -1.569294 0.394222 0.398969
0.458008 0.120850 -0.412476 -1.440181 0.369064 0.391374
0.479614 0.137451 -0.391235 -1.292081 0.249207 0.362656
0.506592 0.165649 -0.372803 -1.118110 0.113686 0.318273
0.533325 0.198975 -0.380371 -0.917795 0.022073 0.267957
0.535889 0.218628 -0.387451 -0.702765 0.007120 0.220489
0.538330 0.238525 -0.410889 -0.500076 0.033228 0.187024
0.545410 0.250854 -0.442749 -0.321359 0.069303 0.180853
0.561401 0.267334 -0.484619 -0.169461 0.096597 0.187736
0.575806 0.286865 -0.525757 -0.048417 0.093749 0.182989
0.593628 0.309448 -0.557983 0.031566 0.057199 0.147151
0.600464 0.326904 -0.585571 0.070253 -0.007358 0.082832
0.597290 0.342041 -0.620972 0.096360 -0.060759 0.007120
0.576172 0.350586 -0.637817 0.134335 -0.065269 -0.055775
0.535278 0.364258 -0.657349 0.185125 -0.019699 -0.077848
0.508179 0.380859 -0.677490 0.235442 0.040585 -0.051978
0.503784 0.402466 -0.693604 0.274840 0.083544 -0.004509
0.500488 0.412842 -0.716064 0.295489 0.113923 0.027294
0.501343 0.420410 -0.743164 0.295726 0.126265 0.031804
0.505371 0.410889 -0.769775 0.278400 0.120569 0.022310
0.502686 0.394165 -0.799072 0.243748 0.091376 0.017563
0.516968 0.391602 -0.810059 0.197942 0.064794 0.026819
0.535278 0.377930 -0.824097 0.145252 0.063845 0.049604
0.556152 0.373535 -0.836670 0.091139 0.083544 0.070490
0.579590 0.373413 -0.840820 0.042484 0.119620 0.077136
0.588013 0.370728 -0.841064 0.001899 0.155933 0.064794
0.586670 0.368530 -0.841675 -0.028956 0.183939 0.036313
0.580200 0.367188 -0.834839 -0.052927 0.206486 0.002848
0.573853 0.366211 -0.825317 -0.071202 0.219540 -0.028006
0.562256 0.366455 -0.814697 -0.079509 0.211945 -0.058148
