1.410156 -0.218262 -0.422607 0.813965 -0.588135 0.453125
1.514160 -0.157715 -0.636353 0.853516 -0.661133 0.418091
1.609985 -0.100098 -0.776978 0.776978 -0.618408 0.388916
1.709473 -0.138672 -0.948608 0.651367 -0.559448 0.362183
1.774292 -0.193481 -0.984131 0.455933 -0.380371 0.279053
1.844482 -0.233276 -0.927490 0.276367 -0.262817 0.177124
1.950317 -0.270996 -0.892334 0.179688 -0.266113 0.050903
2.006348 -0.301147 -0.902466 0.141357 -0.348633 -0.106445
2.023071 -0.339478 -0.948364 0.121826 -0.380615 -0.272095
2.049072 -0.382202 -0.999634 0.116211 -0.332397 -0.431152
2.066040 -0.409668 -1.055420 0.128662 -0.260986 -0.586914
2.073608 -0.409424 -1.130249 0.148315 -0.254395 -0.724609
1.959351 -0.430542 -1.205322 0.153931 -0.318970 -0.857544
1.887939 -0.419312 -1.351929 0.119751 -0.394409 -0.954346
1.825806 -0.449341 -1.462891 0.013550 -0.335571 -1.028198
1.736206 -0.485840 -1.531372 -0.147583 -0.255859 -1.079712
1.671021 -0.535156 -1.563721 -0.329590 -0.178345 -1.112549
1.574707 -0.537842 -1.516602 -0.499634 -0.126587 -1.146606
1.491333 -0.554077 -1.472656 -0.645508 -0.179077 -1.169067
1.403564 -0.593384 -1.447998 -0.779053 -0.266846 -1.189697
1.298828 -0.606201 -1.396484 -0.909546 -0.331787 -1.204346
1.169800 -0.571777 -1.339966 -1.027344 -0.356323 -1.207275
1.054321 -0.562988 -1.285034 -1.130005 -0.357910 -1.205811
0.921143 -0.582153 -1.239868 -1.222290 -0.355591 -1.203247
0.778564 -0.583374 -1.191162 -1.301880 -0.358521 -1.184937
0.655273 -0.574097 -1.154053 -1.371582 -0.346680 -1.142822
0.581543 -0.561890 -1.111206 -1.443726 -0.318481 -1.080078
0.529785 -0.544678 -1.054199 -1.523804 -0.278564 -1.011963
0.494263 -0.493652 -0.962524 -1.603271 -0.250854 -0.942749
0.445557 -0.446655 -0.880249 -1.673462 -0.235718 -0.889771
0.391357 -0.429688 -0.796387 -1.744385 -0.218140 -0.856445
0.324707 -0.404297 -0.699097 -1.817383 -0.218750 -0.821411
0.248779 -0.385010 -0.616821 -1.877441 -0.231445 -0.775391
0.172729 -0.394287 -0.527832 -1.929199 -0.238037 -0.721191
0.134277 -0.383179 -0.423828 -1.970703 -0.224609 -0.649292
0.107422 -0.350708 -0.313965 -1.995483 -0.228760 -0.563599
0.089233 -0.306396 -0.214966 -1.985474 -0.260742 -0.491089
0.054199 -0.281860 -0.140991 -1.941162 -0.316528 -0.435669
-0.003296 -0.249756 -0.083496 -1.885864 -0.397095 -0.366333
-0.071411 -0.225708 -0.038208 -1.809570 -0.453735 -0.274902
-0.111206 -0.221436 -0.019653 -1.708984 -0.525269 -0.159546
-0.125977 -0.227173 -0.005737 -1.601929 -0.626831 -0.012939
-0.076904 -0.182251 0.018555 -1.502075 -0.719604 0.164917
0.028564 -0.121826 0.050659 -1.406616 -0.782104 0.334839
0.123413 -0.065674 0.066650 -1.326050 -0.827759 0.465698
0.173462 -0.026123 0.078125 -1.261108 -0.818726 0.554565
0.195313 -0.006958 0.081299 -1.211670 -0.755127 0.630981
0.196777 0.032104 0.081543 -1.203369 -0.703735 0.729492
0.177368 0.041748 0.085571 -1.218750 -0.652100 0.830811
0.169067 0.019165 0.093628 -1.234863 -0.584961 0.916138
0.172974 -0.009644 0.110474 -1.245483 -0.550903 1.001587
0.189453 -0.038696 0.123169 -1.236572 -0.577759 1.083618
0.239380 -0.057983 0.122559 -1.201782 -0.663818 1.159912
0.321411 -0.089478 0.122803 -1.161987 -0.780640 1.236206
0.423584 -0.105103 0.143677 -1.121826 -0.887573 1.308350
0.515869 -0.085938 0.151978 -1.066895 -0.987061 1.358398
0.572998 -0.067383 0.174072 -1.007446 -1.055786 1.382568
0.586304 -0.059937 0.185059 -0.946899 -1.088379 1.388916
0.552368 -0.063110 0.179688 -0.881104 -1.096680 1.391357
0.519775 -0.097778 0.158936 -0.804688 -1.099609 1.412109
0.533691 -0.126343 0.139282 -0.720703 -1.095459 1.463623
0.589966 -0.152344 0.117676 -0.624268 -1.090454 1.526489
0.712524 -0.232788 0.067871 -0.516602 -1.077026 1.582520
0.909790 -0.305542 0.017456 -0.414673 -1.055786 1.634033
1.126343 -0.299072 0.001099 -0.320435 -1.035645 1.669800
1.258179 -0.237427 -0.038940 -0.233276 -1.000977 1.654785
1.307129 -0.260132 -0.105713 -0.182129 -0.910889 1.583252
1.307373 -0.287964 -0.125366 -0.167358 -0.796875 1.508057
1.294312 -0.302979 -0.137451 -0.138428 -0.697754 1.448853
1.320313 -0.304077 -0.121216 -0.087280 -0.643188 1.400635
1.348633 -0.235596 -0.105103 -0.011719 -0.665405 1.332520
1.311768 -0.210938 -0.144165 0.075073 -0.716309 1.231567
1.283691 -0.267456 -0.188232 0.131348 -0.722046 1.142456
1.308594 -0.412842 -0.240112 0.169067 -0.687744 1.106079
1.486328 -0.570679 -0.295898 0.231445 -0.633545 1.122559
1.741089 -0.581421 -0.357788 0.336914 -0.614136 1.126953
1.909912 -0.526611 -0.450928 0.456909 -0.631348 1.043701
1.965088 -0.470459 -0.524902 0.546997 -0.655518 0.867798
1.911499 -0.457520 -0.559692 0.615234 -0.732788 0.644165
1.847778 -0.496582 -0.559692 0.676270 -0.831055 0.429443
1.749268 -0.473267 -0.529541 0.747559 -0.902954 0.261475
1.638306 -0.513306 -0.512207 0.838623 -0.876709 0.137329
1.577759 -0.521362 -0.481201 0.953247 -0.795654 0.060913
1.495972 -0.473633 -0.508301 1.131592 -0.717896 0.011963
1.369507 -0.461792 -0.605225 1.334473 -0.637695 -0.032104
1.262329 -0.469482 -0.749878 1.510132 -0.535645 -0.056641
1.234619 -0.506104 -0.890137 1.632568 -0.400391 -0.044922
1.283936 -0.589600 -1.008057 1.693848 -0.216553 -0.004272
1.419922 -0.677612 -1.068848 1.711670 0.049194 0.052246
1.544556 -0.713989 -1.039185 1.706055 0.427246 0.117798
1.591797 -0.785767 -0.943848 1.688965 0.907837 0.174316
1.665649 -0.822266 -0.929199 1.686035 1.151611 0.235474
1.692261 -0.768677 -0.958740 1.718872 0.677734 0.224731
1.670288 -0.719360 -1.111572 1.789917 0.189087 0.048340
1.636230 -0.712158 -1.239746 1.818726 0.079102 -0.194336
1.583862 -0.720581 -1.304199 1.762695 0.134277 -0.391968
1.514282 -0.735840 -1.294312 1.664795 0.180420 -0.531372
1.468262 -0.765381 -1.259033 1.567383 0.138428 -0.623657
1.467529 -0.787964 -1.224976 1.490479 -0.003052 -0.698364
1.459106 -0.757446 -1.218750 1.444214 -0.234253 -0.787354
1.416626 -0.736572 -1.287109 1.424438 -0.506836 -0.911743
1.338013 -0.728271 -1.367676 1.396240 -0.732788 -1.045166
1.246582 -0.708618 -1.443726 1.318481 -0.860107 -1.151367
1.164551 -0.709717 -1.515869 1.206177 -0.860718 -1.222290
1.115234 -0.717041 -1.584839 1.075928 -0.754395 -1.255981
1.092407 -0.666992 -1.590942 0.940674 -0.788330 -1.265869
1.053101 -0.630249 -1.687134 0.800781 -0.794556 -1.285645
1.027466 -0.638306 -1.722900 0.633789 -0.551025 -1.311890
0.992920 -0.638916 -1.703491 0.453735 -0.234497 -1.325439
0.934692 -0.638672 -1.653564 0.287476 0.034058 -1.330566
0.876587 -0.641846 -1.591431 0.144165 0.272583 -1.329102
0.837646 -0.621948 -1.517700 0.020020 0.430786 -1.317383
0.807983 -0.580200 -1.439209 -0.087769 0.471680 -1.313721
0.756836 -0.548462 -1.367676 -0.187866 0.448853 -1.327881
0.684937 -0.509521 -1.286621 -0.291016 0.424316 -1.343384
0.620239 -0.477295 -1.213745 -0.395752 0.412354 -1.344116
0.566528 -0.474609 -1.130371 -0.486450 0.347778 -1.328857
0.530396 -0.438721 -1.037842 -0.567017 0.271851 -1.298462
0.509888 -0.407227 -0.930176 -0.634644 0.234375 -1.254883
0.491577 -0.395874 -0.818604 -0.686157 0.266357 -1.195190
0.496338 -0.396973 -0.741455 -0.721558 0.411987 -1.118896
0.486572 -0.354248 -0.621948 -0.730469 0.573730 -1.033447
0.463989 -0.306030 -0.545532 -0.708374 0.705688 -0.948608
0.460571 -0.274170 -0.486694 -0.692993 0.801636 -0.865479
0.472656 -0.223145 -0.407471 -0.689941 0.849365 -0.790161
0.479736 -0.160522 -0.344360 -0.663696 0.838257 -0.736328
0.465332 -0.102539 -0.307495 -0.633545 0.735229 -0.701416
0.422485 -0.061523 -0.273071 -0.622192 0.564331 -0.669922
0.399536 -0.037964 -0.233398 -0.622681 0.386719 -0.629150
0.413330 -0.028564 -0.179321 -0.629883 0.259888 -0.568848
0.448608 -0.025757 -0.121094 -0.629517 0.202759 -0.498413
0.498413 -0.010010 -0.042969 -0.615967 0.190918 -0.425537
0.539673 0.018799 0.025757 -0.579102 0.215820 -0.357910
0.574341 0.036987 0.072510 -0.517212 0.266113 -0.303467
0.609863 0.048096 0.094849 -0.447021 0.324463 -0.256348
0.652466 0.083008 0.098877 -0.376343 0.393921 -0.209595
0.677612 0.120361 0.072266 -0.302002 0.461060 -0.174927
0.684570 0.149536 0.035889 -0.243530 0.498535 -0.161621
0.679688 0.183105 0.007202 -0.209595 0.504150 -0.155884
0.677612 0.192017 -0.005981 -0.194946 0.501709 -0.144043
0.686157 0.194458 -0.018066 -0.191650 0.486572 -0.125000
0.709351 0.209839 -0.001221 -0.193237 0.447144 -0.106812
0.732178 0.222534 0.005371 -0.190552 0.381470 -0.091797
0.745361 0.222168 0.009399 -0.187378 0.315430 -0.072632
0.775146 0.225342 0.023071 -0.182495 0.256958 -0.048340
0.820068 0.237427 0.030151 -0.164307 0.192261 -0.029175
0.859131 0.253174 0.032227 -0.131104 0.123047 -0.020630
0.892700 0.276855 0.017822 -0.090332 0.071289 -0.023560
0.901001 0.300659 -0.011963 -0.048706 0.024902 -0.036499
0.890625 0.292603 -0.055786 -0.022217 0.021240 -0.046265
