1.611328 -0.327148 -0.863281 0.079224 -0.237549 -0.568481
1.698853 -0.405884 -1.073853 0.104858 -0.257446 -0.537964
1.738647 -0.436279 -1.264404 -0.001221 -0.147217 -0.614502
1.658081 -0.429688 -1.289307 -0.190430 0.011963 -0.720459
1.623291 -0.444824 -1.250000 -0.337646 0.047974 -0.792603
1.625977 -0.477539 -1.261719 -0.425171 -0.054321 -0.874512
1.591797 -0.500244 -1.269897 -0.491333 -0.164307 -0.985229
1.535889 -0.528320 -1.249634 -0.550537 -0.196411 -1.077148
1.461792 -0.550537 -1.213501 -0.610962 -0.185669 -1.145874
1.380981 -0.557617 -1.160156 -0.669556 -0.174316 -1.202637
1.299072 -0.570068 -1.112183 -0.723633 -0.178467 -1.263794
1.185425 -0.581787 -1.069092 -0.773682 -0.183960 -1.328857
1.046143 -0.574341 -1.029175 -0.814697 -0.175171 -1.379517
0.656860 -0.596558 -0.933472 -0.842773 -0.208008 -1.394897
0.600098 -0.560913 -0.946655 -0.852661 -0.366089 -1.312988
0.578857 -0.489136 -0.922119 -0.879883 -0.434692 -1.262207
0.497070 -0.461426 -0.896240 -0.930176 -0.580688 -1.161621
0.469971 -0.456421 -0.863770 -1.011597 -0.662476 -1.022095
0.443359 -0.466064 -0.812622 -1.095947 -0.657959 -0.915039
0.448242 -0.475830 -0.764648 -1.155762 -0.674927 -0.821899
0.450317 -0.449341 -0.721069 -1.192993 -0.712402 -0.724731
0.413208 -0.390015 -0.674316 -1.218994 -0.724731 -0.650024
0.357422 -0.359497 -0.625000 -1.248657 -0.723022 -0.584595
0.265991 -0.356079 -0.583252 -1.283325 -0.729736 -0.514038
0.135742 -0.344971 -0.544067 -1.309326 -0.745117 -0.413208
0.038452 -0.341797 -0.500244 -1.321533 -0.750488 -0.262207
-0.020264 -0.332031 -0.465454 -1.320679 -0.753784 -0.078003
-0.055298 -0.308716 -0.420410 -1.299438 -0.805420 0.103638
0.033447 -0.249023 -0.369141 -1.259155 -0.920776 0.269165
0.196899 -0.174561 -0.296753 -1.206421 -1.079712 0.374268
0.329346 -0.096558 -0.236938 -1.129150 -1.244751 0.395142
0.356934 -0.041626 -0.209839 -1.033569 -1.364746 0.374390
0.303711 -0.025391 -0.220215 -0.946777 -1.382202 0.370483
0.247681 -0.015015 -0.237183 -0.894897 -1.262817 0.435303
0.255615 0.037109 -0.230713 -0.882202 -1.015381 0.556885
0.264648 0.101563 -0.208618 -0.878418 -0.750610 0.664429
0.240356 0.144653 -0.203979 -0.858643 -0.568115 0.728394
0.191772 0.167725 -0.227661 -0.829712 -0.493408 0.769409
0.156738 0.193237 -0.255371 -0.817017 -0.484985 0.821411
0.173584 0.203003 -0.274780 -0.832031 -0.497070 0.888062
0.226318 0.199585 -0.255981 -0.869263 -0.513428 0.955444
0.298706 0.168335 -0.215210 -0.914917 -0.525146 1.015381
0.401855 0.112793 -0.151245 -0.955444 -0.523071 1.069214
0.510132 0.055664 -0.073853 -0.969727 -0.509399 1.110596
0.628784 0.024902 0.006226 -0.945435 -0.493164 1.136475
0.736816 0.012573 0.077759 -0.881714 -0.473755 1.145508
0.796021 0.015259 0.132690 -0.787720 -0.446899 1.132202
0.813477 0.030273 0.165039 -0.683228 -0.390015 1.109375
0.807739 0.038208 0.192993 -0.582275 -0.298096 1.093750
0.806885 0.018677 0.207153 -0.490479 -0.190430 1.081665
0.829956 -0.030396 0.217407 -0.397339 -0.107788 1.070679
0.885986 -0.059692 0.202148 -0.285278 -0.090576 1.065186
0.965942 -0.085327 0.173096 -0.155518 -0.129761 1.051758
1.032104 -0.079468 0.134644 -0.020874 -0.213013 1.023438
1.094971 -0.037964 0.060547 0.105835 -0.299927 0.986694
1.121094 -0.016357 -0.015991 0.198486 -0.335205 0.931885
1.102295 -0.013794 -0.097534 0.242188 -0.315796 0.876221
1.063477 -0.008301 -0.157593 0.253052 -0.268799 0.840698
1.029175 -0.025635 -0.203003 0.251587 -0.202759 0.820190
1.034912 -0.077637 -0.226440 0.255371 -0.156738 0.806641
1.064941 -0.097900 -0.237061 0.288208 -0.145386 0.795654
1.093018 -0.110962 -0.248291 0.357422 -0.144897 0.774414
1.150024 -0.183960 -0.272095 0.439575 -0.123901 0.746094
1.205444 -0.195557 -0.312866 0.530151 -0.087769 0.728638
1.182739 -0.119873 -0.383179 0.614746 0.034180 0.720825
1.208008 -0.175293 -0.371582 0.679932 0.222290 0.737305
1.196289 -0.221558 -0.353760 0.752563 0.367798 0.725464
1.101196 -0.183350 -0.454590 0.844360 0.493896 0.682739
1.047363 -0.227173 -0.538574 0.908081 0.635620 0.694580
1.068848 -0.252563 -0.582642 0.930176 0.788940 0.768311
1.062866 -0.313965 -0.632324 0.929932 0.945435 0.837769
1.089355 -0.419678 -0.668457 0.904297 1.074707 0.902344
1.118164 -0.491699 -0.628174 0.862427 1.142090 0.972290
1.129883 -0.551514 -0.599121 0.840698 1.155884 1.026855
1.197998 -0.620850 -0.560791 0.845703 1.074585 1.055298
1.329224 -0.625122 -0.535522 0.886597 0.798218 1.047729
1.427002 -0.560059 -0.572388 0.979370 0.377686 0.961548
1.454468 -0.539551 -0.661499 1.082397 0.070068 0.776245
1.418457 -0.543823 -0.753296 1.140625 -0.039673 0.568237
1.382813 -0.529053 -0.833496 1.156982 0.011719 0.419556
1.316284 -0.557007 -0.865479 1.116699 0.119141 0.331787
1.225342 -0.593994 -0.889404 1.038452 0.179443 0.284180
1.169189 -0.632080 -0.890381 0.946045 0.185913 0.261963
1.207153 -0.691284 -0.879395 0.872070 0.112183 0.252686
1.306885 -0.741089 -0.899292 0.846069 -0.068604 0.242554
1.442139 -0.762817 -0.971558 0.870605 -0.324097 0.215088
1.597290 -0.715698 -1.040649 0.908203 -0.557983 0.166138
1.685547 -0.642578 -1.120361 0.931396 -0.703491 0.082764
1.712524 -0.609375 -1.185669 0.909546 -0.741699 -0.041870
1.708374 -0.593872 -1.244507 0.832642 -0.668701 -0.183838
1.687866 -0.574585 -1.284058 0.738037 -0.589355 -0.315918
1.629639 -0.555420 -1.299683 0.659424 -0.605957 -0.437988
1.550293 -0.546631 -1.341919 0.595825 -0.584229 -0.564087
1.475098 -0.525269 -1.332153 0.537720 -0.450684 -0.672241
1.380127 -0.511597 -1.324951 0.479614 -0.317383 -0.742920
1.301147 -0.495361 -1.298462 0.407959 -0.188354 -0.781006
1.251709 -0.504028 -1.263306 0.336304 -0.044800 -0.792969
1.223877 -0.529907 -1.231445 0.275146 0.091064 -0.782471
1.218506 -0.558350 -1.203857 0.225952 0.221802 -0.747925
1.234741 -0.560669 -1.181885 0.190918 0.355469 -0.708008
1.274658 -0.551880 -1.147339 0.163940 0.479614 -0.677856
1.298584 -0.532715 -1.115234 0.137207 0.583618 -0.665894
1.300659 -0.517334 -1.084106 0.110962 0.638550 -0.691162
1.276245 -0.510864 -1.045654 0.074585 0.654907 -0.754150
1.237183 -0.505127 -1.001343 0.035034 0.619873 -0.832520
1.190430 -0.492310 -0.947510 -0.004028 0.562134 -0.910645
1.120239 -0.486816 -0.899048 -0.040405 0.491455 -0.985107
1.027466 -0.470825 -0.838623 -0.077759 0.425171 -1.046387
0.935181 -0.466797 -0.778931 -0.113525 0.376343 -1.080444
0.889526 -0.447632 -0.729492 -0.145020 0.358398 -1.079468
0.848145 -0.403564 -0.670532 -0.170410 0.327759 -1.053345
0.801758 -0.370239 -0.609131 -0.186157 0.309570 -1.020752
0.766357 -0.352539 -0.567383 -0.196167 0.301392 -0.985352
0.763428 -0.332764 -0.515869 -0.207153 0.307373 -0.938477
0.766968 -0.325073 -0.464844 -0.212646 0.349609 -0.882935
0.774048 -0.308472 -0.406738 -0.208008 0.417969 -0.825806
0.791382 -0.275757 -0.353271 -0.193970 0.483398 -0.781982
0.769409 -0.263428 -0.327271 -0.175781 0.512939 -0.760010
0.746704 -0.237549 -0.304199 -0.162598 0.484619 -0.747437
0.716553 -0.189575 -0.272705 -0.149902 0.413574 -0.738159
0.679443 -0.151733 -0.273315 -0.128540 0.326294 -0.736938
0.647095 -0.138672 -0.269287 -0.119751 0.224976 -0.737427
0.635620 -0.130615 -0.263794 -0.127808 0.117554 -0.720093
0.658203 -0.130737 -0.253662 -0.135010 0.032593 -0.690430
0.680298 -0.117798 -0.230469 -0.145630 -0.001099 -0.642700
0.655273 -0.015259 -0.213745 -0.160156 0.018188 -0.581787
0.704590 -0.057129 -0.185425 -0.170532 0.038452 -0.505005
0.732300 -0.074951 -0.151123 -0.168213 0.070068 -0.475464
0.715698 -0.021118 -0.145752 -0.140259 0.103516 -0.484253
0.706055 0.003906 -0.158203 -0.105469 0.132202 -0.473877
0.704224 0.012695 -0.163574 -0.093262 0.154907 -0.437134
0.709717 0.026733 -0.170532 -0.092773 0.170898 -0.399536
0.732788 0.053711 -0.168579 -0.087524 0.168579 -0.363281
0.750122 0.082886 -0.159546 -0.084473 0.166626 -0.338257
0.764282 0.098022 -0.162842 -0.083008 0.151489 -0.327759
0.754028 0.131348 -0.178833 -0.081665 0.124023 -0.332031
0.739380 0.146729 -0.184448 -0.086670 0.115112 -0.330688
0.737061 0.156738 -0.168213 -0.096802 0.114258 -0.314941
0.735229 0.171021 -0.154053 -0.099365 0.113403 -0.287842
0.750610 0.176025 -0.140137 -0.092285 0.150024 -0.259399
0.753418 0.174072 -0.127319 -0.080444 0.174927 -0.229858
0.755737 0.177368 -0.136353 -0.061157 0.175293 -0.199463
0.776367 0.167969 -0.146362 -0.038574 0.172974 -0.164429
0.798950 0.156982 -0.160034 -0.016113 0.180176 -0.126465
0.840454 0.159668 -0.159424 0.001953 0.202881 -0.086914
0.888306 0.153320 -0.161255 0.016479 0.232056 -0.050415
0.914795 0.157349 -0.164307 0.035156 0.241943 -0.029175
0.924194 0.163330 -0.178223 0.056396 0.231934 -0.024414
0.908936 0.194946 -0.206787 0.074341 0.205811 -0.024902
0.909424 0.197266 -0.208252 0.084717 0.187744 -0.020142
