1.748413 -0.306396 -0.939331 0.146484 -0.341553 -0.489502
1.887939 -0.395386 -1.119873 0.135986 -0.219849 -0.495239
1.821167 -0.316528 -1.172607 0.054688 -0.130005 -0.554077
1.858643 -0.342407 -1.271240 -0.039063 -0.204102 -0.588623
1.857178 -0.425781 -1.351563 -0.171997 -0.298340 -0.668213
1.795044 -0.450073 -1.383789 -0.326782 -0.282227 -0.779419
1.783325 -0.488647 -1.356689 -0.476440 -0.224121 -0.860962
1.776001 -0.500000 -1.291504 -0.597168 -0.213989 -0.949219
1.705688 -0.542236 -1.243408 -0.678589 -0.270142 -1.069336
1.579834 -0.579956 -1.217041 -0.733276 -0.359375 -1.186401
1.454102 -0.584839 -1.201904 -0.788696 -0.407227 -1.263428
1.313721 -0.605347 -1.150269 -0.860596 -0.395020 -1.295166
1.231567 -0.599731 -1.099976 -0.941040 -0.371216 -1.282104
1.146851 -0.588013 -1.037476 -1.017700 -0.340942 -1.264282
1.019287 -0.588989 -1.025146 -1.084595 -0.332886 -1.256714
0.873291 -0.591431 -0.992676 -1.157471 -0.298950 -1.244629
0.752319 -0.557617 -0.973022 -1.232300 -0.264404 -1.221680
0.644653 -0.547607 -0.955078 -1.306885 -0.232910 -1.183594
0.557251 -0.545532 -0.926147 -1.385498 -0.247803 -1.126343
0.513062 -0.539673 -0.872192 -1.465088 -0.298584 -1.053345
0.469360 -0.481812 -0.804321 -1.534546 -0.373901 -0.974731
0.453003 -0.420410 -0.742065 -1.601807 -0.474854 -0.896240
0.422607 -0.403931 -0.672607 -1.678345 -0.566162 -0.846191
0.355835 -0.399414 -0.596436 -1.747559 -0.601685 -0.815430
0.288940 -0.380249 -0.530518 -1.804932 -0.621582 -0.773438
0.228760 -0.343994 -0.445923 -1.861938 -0.635254 -0.713257
0.149658 -0.354492 -0.385010 -1.909180 -0.637207 -0.652954
0.095825 -0.334473 -0.308105 -1.944702 -0.640747 -0.566528
0.062988 -0.294678 -0.229858 -1.942993 -0.662109 -0.467773
0.041138 -0.251953 -0.177612 -1.906860 -0.712402 -0.380493
0.019409 -0.229004 -0.148071 -1.865967 -0.781128 -0.290527
0.001831 -0.211792 -0.107422 -1.834473 -0.834473 -0.178101
-0.006226 -0.195801 -0.060181 -1.807251 -0.881958 -0.045166
0.006958 -0.170532 -0.005981 -1.777588 -0.929443 0.093994
0.030640 -0.149658 0.054199 -1.733643 -0.978760 0.233154
0.023560 -0.132202 0.087402 -1.662231 -1.039429 0.361328
-0.013916 -0.122681 0.083008 -1.562622 -1.125610 0.486694
-0.066772 -0.130981 0.048584 -1.435547 -1.235352 0.631714
-0.068481 -0.098633 0.007935 -1.319580 -1.354004 0.818237
0.005371 -0.040771 -0.004395 -1.245483 -1.392334 1.024414
0.128052 0.041504 0.010742 -1.195068 -1.350464 1.184448
0.206543 0.091553 0.033813 -1.159180 -1.294922 1.265381
0.217529 0.074829 0.030029 -1.137939 -1.259644 1.298706
0.201172 0.008057 0.027100 -1.126953 -1.225098 1.333618
0.236694 -0.081177 0.039795 -1.115601 -1.183960 1.406372
0.326172 -0.142944 0.073486 -1.083374 -1.165894 1.492065
0.452637 -0.185303 0.093994 -1.016724 -1.187988 1.560791
0.620117 -0.225464 0.138916 -0.914063 -1.237793 1.603882
0.771240 -0.227417 0.165649 -0.777222 -1.291138 1.608521
0.854980 -0.217407 0.168457 -0.621094 -1.313965 1.584717
0.873413 -0.188965 0.146729 -0.479980 -1.259766 1.561157
0.850342 -0.173462 0.109985 -0.366821 -1.123901 1.558105
0.830933 -0.170288 0.081055 -0.288330 -0.939209 1.576782
0.835205 -0.182739 0.053833 -0.247070 -0.765991 1.608398
0.912842 -0.336182 0.030640 -0.222534 -0.633789 1.639282
1.119141 -0.448608 0.031250 -0.163574 -0.594971 1.675049
1.341553 -0.415161 -0.033203 -0.035645 -0.658569 1.661987
1.539551 -0.463501 -0.050781 0.117676 -0.724731 1.617676
1.677002 -0.520752 -0.003174 0.281860 -0.813354 1.540649
1.697876 -0.504517 -0.023071 0.462158 -0.803345 1.382813
1.607788 -0.379150 -0.153931 0.636841 -0.707153 1.217163
1.464233 -0.248047 -0.234863 0.740479 -0.557739 1.115479
1.349365 -0.258301 -0.240234 0.746460 -0.413208 1.062866
1.317871 -0.320068 -0.207642 0.735840 -0.349609 1.006714
1.390747 -0.406738 -0.190308 0.796021 -0.404297 0.945801
1.546021 -0.501709 -0.202881 0.927490 -0.509521 0.883179
1.664185 -0.543335 -0.261353 1.114746 -0.607910 0.799316
1.748657 -0.643921 -0.416138 1.339722 -0.632446 0.693848
1.853516 -0.703979 -0.604370 1.556396 -0.621948 0.602539
1.913940 -0.650635 -0.775391 1.733276 -0.550293 0.504761
1.897339 -0.591431 -0.899536 1.829346 -0.387085 0.375610
1.828369 -0.585571 -0.942383 1.808716 -0.159424 0.247925
1.720947 -0.587158 -0.893921 1.736938 0.078979 0.141602
1.578979 -0.621826 -0.847412 1.694092 0.263550 0.047363
1.472778 -0.701904 -0.830444 1.685181 0.365234 -0.016724
1.459961 -0.747437 -0.868896 1.703247 0.410767 -0.040771
1.507324 -0.778564 -0.916748 1.756226 0.373047 -0.067749
1.584106 -0.782715 -1.028198 1.829346 0.345337 -0.133179
1.608521 -0.819824 -1.132080 1.884521 0.447021 -0.221680
1.650513 -0.899780 -1.150635 1.888306 0.670898 -0.264404
1.798706 -0.969482 -1.128418 1.844360 0.856689 -0.244019
1.971313 -0.907959 -1.065918 1.781616 0.622070 -0.243408
1.967163 -0.842896 -1.068970 1.722778 0.255371 -0.412354
1.836914 -0.886475 -1.083252 1.682373 0.194946 -0.689941
1.669922 -0.913452 -1.133423 1.672729 0.242554 -0.916138
1.558350 -0.875488 -1.209106 1.691406 0.229248 -1.051514
1.488403 -0.817749 -1.300659 1.688232 0.116821 -1.136719
1.428223 -0.742920 -1.398315 1.630371 -0.071777 -1.203003
1.357178 -0.700562 -1.507568 1.538330 -0.301636 -1.282349
1.278687 -0.699951 -1.612671 1.412964 -0.557007 -1.365479
1.236450 -0.703979 -1.683716 1.227051 -0.730957 -1.416138
1.242554 -0.705444 -1.697754 0.995483 -0.738892 -1.430298
1.245850 -0.714355 -1.671387 0.755005 -0.618408 -1.426025
1.216187 -0.729126 -1.619751 0.534302 -0.434448 -1.408936
1.169922 -0.678345 -1.496460 0.363281 -0.437622 -1.395508
1.084595 -0.645264 -1.495850 0.249023 -0.491943 -1.426147
0.991699 -0.607056 -1.453369 0.133057 -0.401733 -1.480713
0.886719 -0.564697 -1.418213 0.014526 -0.269897 -1.526367
0.769409 -0.536621 -1.381592 -0.106934 -0.157471 -1.548828
0.653442 -0.505859 -1.329102 -0.232178 -0.043213 -1.535645
0.574829 -0.466309 -1.242676 -0.353394 0.107178 -1.488403
0.531860 -0.439575 -1.167847 -0.455322 0.243164 -1.425415
0.509521 -0.413452 -1.107544 -0.534546 0.300293 -1.367920
0.494873 -0.393433 -1.057983 -0.593994 0.289063 -1.320435
0.496826 -0.342896 -0.992065 -0.641113 0.258911 -1.273926
0.506836 -0.286255 -0.926636 -0.682373 0.223633 -1.229004
0.525146 -0.269287 -0.849487 -0.739868 0.174805 -1.175293
0.549927 -0.229370 -0.743530 -0.823853 0.166870 -1.108398
0.533691 -0.174438 -0.625854 -0.897461 0.224854 -1.050415
0.502197 -0.144287 -0.527344 -0.938965 0.388184 -1.002563
0.494141 -0.115723 -0.419922 -0.961426 0.607300 -0.950928
0.466064 -0.072998 -0.332520 -0.966553 0.681641 -0.895020
0.425415 -0.038086 -0.251709 -0.954102 0.672729 -0.837769
0.392456 -0.028931 -0.178345 -0.932129 0.685669 -0.774414
0.377686 -0.013184 -0.108398 -0.896606 0.679443 -0.703247
0.381470 0.009644 -0.039551 -0.851318 0.622925 -0.611084
0.397339 0.052979 0.019043 -0.796997 0.551025 -0.512939
0.414429 0.088623 0.061157 -0.726685 0.478882 -0.426147
0.442749 0.118896 0.100830 -0.652100 0.417236 -0.351318
0.478516 0.151001 0.130737 -0.576660 0.381104 -0.287231
0.514038 0.161499 0.153564 -0.500732 0.365601 -0.231079
0.565918 0.169434 0.167236 -0.427734 0.363647 -0.173096
0.625610 0.194458 0.172974 -0.353638 0.325195 -0.119385
0.660400 0.229736 0.152100 -0.274170 0.241211 -0.084595
0.694580 0.271606 0.117798 -0.202881 0.180908 -0.062256
0.706421 0.311890 0.077881 -0.152344 0.154175 -0.050659
0.704468 0.338745 0.042114 -0.124756 0.142090 -0.042603
0.694702 0.356812 0.009521 -0.111450 0.123779 -0.034424
0.679810 0.349365 -0.014404 -0.102173 0.075684 -0.028198
0.679565 0.346802 -0.036987 -0.094849 -0.006592 -0.012695
0.692139 0.360840 -0.049561 -0.080566 -0.106079 0.012939
0.727173 0.359497 -0.085083 -0.054810 -0.202759 0.042114
0.774536 0.362061 -0.120361 -0.036865 -0.290405 0.078003
0.834473 0.375610 -0.148315 -0.034424 -0.335938 0.112549
0.896240 0.389404 -0.164429 -0.039917 -0.333496 0.140503
0.946777 0.388062 -0.167603 -0.048462 -0.302368 0.157471
0.968872 0.405518 -0.177734 -0.056396 -0.263062 0.166748
1.017212 0.376587 -0.178101 -0.060425 -0.222412 0.179565
1.054077 0.350220 -0.178101 -0.054321 -0.180298 0.169922
1.054932 0.366821 -0.198853 -0.031494 -0.145264 0.128418
1.024414 0.374756 -0.226196 0.000488 -0.120605 0.085449
1.000366 0.372314 -0.248047 0.023071 -0.106812 0.066650
0.984497 0.381104 -0.274048 0.029175 -0.079956 0.059814
0.965942 0.381836 -0.292358 0.028687 -0.045776 0.053101
0.951416 0.368530 -0.307861 0.023071 -0.016357 0.051025
0.938843 0.351563 -0.315674 0.008545 0.002808 0.060547
0.944702 0.338623 -0.312622 -0.007935 0.009766 0.075928
0.954590 0.325195 -0.302490 -0.016846 0.006958 0.090088
0.977661 0.319580 -0.308838 -0.016357 -0.004395 0.103394
0.997559 0.322632 -0.307861 -0.014038 -0.007690 0.112671
