1.665283 -0.244995 -0.127075 -1.298963 -0.702053 -0.902368
1.786499 0.320313 -0.447754 -1.153711 -0.262261 -0.966687
1.839722 -0.720215 -0.237793 -1.826334 1.190736 -0.638208
2.042969 -0.576538 0.130249 -2.485190 0.932985 -1.138284
1.939819 -0.499023 0.156616 -1.519215 0.842558 -1.879498
1.882935 -0.526001 0.027954 -0.187973 0.804584 -2.226252
1.864380 -0.591431 -0.017334 0.613287 0.648176 -2.415175
1.864258 -0.535034 -0.021362 0.864156 0.275789 -2.583686
1.812866 -0.542725 -0.012451 0.788682 -0.274840 -2.680521
1.672729 -0.514160 -0.442749 0.660043 -0.788919 -2.732973
1.502563 -0.516724 -0.394775 1.265261 -0.522149 -2.903858
1.359009 -0.378174 -0.605469 1.265261 -0.805058 -2.942307
1.193359 -0.426514 -0.582031 0.994218 -1.203790 -2.900298
1.071899 -0.281494 -0.806274 0.398257 -1.773881 -2.958447
0.950684 -0.257935 -0.874023 -0.097072 -1.961143 -3.065250
0.704834 -0.218018 -0.800049 -0.542323 -1.824435 -3.154490
0.479126 -0.162354 -0.751831 -1.130926 -1.753707 -3.232100
0.190063 -0.031372 -0.747192 -1.536066 -1.479817 -3.115091
0.028931 0.001343 -0.539185 -1.568107 -1.105294 -2.854492
-0.043945 0.193726 -0.539673 -1.989624 -1.101496 -2.524826
-0.115845 0.223267 -0.494141 -2.289384 -0.890026 -2.122060
-0.205811 0.188843 -0.385742 -2.328071 -0.494617 -1.723090
-0.255737 0.193726 -0.232178 -2.212961 -0.131487 -1.389627
-0.269165 0.255859 -0.151123 -2.154338 -0.003797 -1.046908
-0.273071 0.266602 -0.121704 -2.216996 -0.022547 -0.594063
-0.204468 0.255859 -0.078735 -2.307422 -0.042484 -0.086155
-0.148682 0.234253 -0.038330 -2.312406 -0.032753 0.348890
-0.134033 0.218262 -0.026978 -2.244290 -0.040348 0.654822
-0.131592 0.211182 -0.021851 -2.158847 -0.034889 0.935595
-0.120117 0.185791 -0.020020 -1.992472 0.003323 1.215182
-0.074219 0.182617 -0.018311 -1.710511 0.111075 1.447301
-0.008301 0.187500 0.000610 -1.321748 0.357197 1.625781
0.037720 0.216187 0.013306 -0.919694 0.729821 1.766524
0.050659 0.224731 0.117554 -0.543747 1.149202 1.894925
0.127563 0.330933 0.618896 -1.183616 0.781562 2.101411
0.166138 0.298096 0.172485 -2.993810 -0.222388 2.496108
0.307129 0.163940 0.484741 -2.941596 0.061708 2.714223
0.395020 0.141968 0.567139 -2.942070 0.124841 2.727989
0.497314 0.125366 0.717407 -2.732973 0.298811 2.684556
0.440674 0.057983 0.781372 -2.412327 0.492244 2.722293
0.650391 0.114136 0.884888 -2.091443 0.405140 2.877988
0.711426 0.057617 0.988892 -1.776729 0.231407 3.265328
0.766479 -0.035522 1.082886 -1.274517 -0.008070 3.602826
0.937988 -0.121216 1.141113 -0.928950 0.000949 3.571971
1.060425 -0.143433 1.175903 -0.548019 -0.131012 3.337954
1.185059 -0.145874 1.175049 -0.101819 -0.232831 3.172528
1.275513 -0.205933 1.171631 0.270331 -0.197704 3.151879
1.402466 -0.267456 1.165283 0.645566 -0.312815 3.066199
1.544067 -0.337524 1.122314 1.050231 -0.533778 2.825061
1.656860 -0.438354 1.022461 1.471035 -0.684015 2.526962
1.724609 -0.485840 0.907593 1.905843 -0.761150 2.222929
1.869263 -0.443604 0.757568 2.180682 -0.722938 1.948801
1.851440 -0.488525 0.648682 2.295555 -0.870089 1.761065
1.907227 -0.546143 0.559448 2.278704 -0.899520 1.579974
1.946045 -0.542114 0.493286 2.104734 -0.869140 1.390339
2.039429 -0.559692 0.391724 2.102123 -0.895960 1.221353
2.056274 -0.601318 0.344727 2.145793 -0.754030 1.054028
2.033813 -0.626709 0.286743 2.261378 -0.522386 0.839235
1.999146 -0.652710 0.183228 2.477121 -0.344618 0.607354
1.971680 -0.627930 0.010498 2.624509 -0.255141 0.351026
1.932861 -0.597778 -0.109741 2.549747 -0.203638 0.087816
1.885742 -0.587524 -0.202515 2.333767 -0.264397 -0.161866
1.812256 -0.573120 -0.301025 2.112803 -0.428162 -0.413447
1.767944 -0.565796 -0.392944 1.878311 -0.617322 -0.594300
1.734741 -0.564575 -0.425781 1.599674 -0.778001 -0.736230
1.721558 -0.529175 -0.491699 1.294691 -0.957193 -0.907589
1.736328 -0.516968 -0.598999 0.979978 -1.060674 -1.047145
1.730469 -0.532593 -0.704102 0.748097 -0.947462 -1.177920
1.699463 -0.507324 -0.766235 0.567006 -0.797938 -1.373963
1.662354 -0.485352 -0.862549 0.343669 -0.683065 -1.602522
1.591064 -0.459229 -0.907104 0.155695 -0.446912 -1.886855
1.492554 -0.443237 -0.902832 -0.009731 -0.152135 -2.110667
1.384277 -0.419434 -0.866943 -0.119857 0.046044 -2.243340
1.295410 -0.368896 -0.829590 -0.125553 0.174920 -2.327121
1.213867 -0.325439 -0.823486 -0.203163 0.229983 -2.356077
1.132202 -0.299927 -0.795044 -0.454032 0.287182 -2.357501
1.053223 -0.260498 -0.742920 -0.654110 0.422940 -2.327833
0.980347 -0.223145 -0.662354 -0.695170 0.645803 -2.298878
0.921265 -0.188843 -0.577759 -0.730771 0.812178 -2.247612
0.873535 -0.150269 -0.511597 -0.792005 0.902368 -2.143895
0.827271 -0.133667 -0.439941 -0.878159 0.940105 -2.050620
0.800537 -0.110107 -0.352417 -0.952209 0.930849 -1.981079
0.771973 -0.078613 -0.298706 -1.004661 0.834251 -1.912013
0.732422 -0.049561 -0.257324 -1.068743 0.726973 -1.835590
0.689453 -0.019897 -0.202881 -1.121433 0.636784 -1.764388
0.667969 0.013428 -0.152222 -1.188125 0.495567 -1.687727
0.643433 0.031372 -0.101563 -1.306558 0.319223 -1.602522
0.619019 0.042480 -0.046875 -1.431162 0.190822 -1.508535
0.586182 0.067871 0.038940 -1.457981 0.165189 -1.423092
0.551025 0.115967 0.108398 -1.378947 0.165426 -1.327444
0.519409 0.145630 0.143188 -1.323884 0.164002 -1.173410
0.502930 0.171143 0.178467 -1.266448 0.198654 -1.001101
0.479248 0.200684 0.206299 -1.158695 0.300710 -0.834726
0.461060 0.229858 0.254028 -1.044060 0.427925 -0.670961
0.473877 0.249146 0.293213 -0.977130 0.493905 -0.511943
0.497559 0.267212 0.400391 -1.072778 0.449285 -0.355536
0.525635 0.268799 0.411621 -0.897384 0.352925 -0.232356
0.573730 0.259888 0.438354 -0.661467 0.278400 -0.122942
0.615967 0.258667 0.442017 -0.562734 0.212182 -0.025870
0.654541 0.267334 0.438843 -0.534965 0.186787 0.078560
0.710327 0.262939 0.450073 -0.503399 0.205299 0.217641
0.785767 0.246338 0.449219 -0.436706 0.211945 0.349365
0.869751 0.245239 0.442749 -0.372387 0.179904 0.428162
0.949463 0.256958 0.408691 -0.369064 0.135284 0.478478
1.007935 0.249268 0.429688 -0.396121 0.143591 0.470408
1.043579 0.261963 0.437378 -0.411073 0.084968 0.414871
1.065674 0.259033 0.432495 -0.350314 -0.013766 0.355536
1.076538 0.269775 0.407227 -0.256328 -0.143591 0.279350
1.075073 0.281128 0.370850 -0.154509 -0.257989 0.203163
1.053223 0.293335 0.325073 -0.067167 -0.332988 0.137657
1.046509 0.307373 0.282227 -0.014952 -0.362893 0.096835
1.040771 0.303711 0.252808 0.006646 -0.363843 0.077136
1.033936 0.305542 0.227661 -0.002611 -0.354112 0.048655
1.026611 0.310913 0.192871 0.001899 -0.328242 0.033702
1.022949 0.309082 0.171021 -0.024921 -0.270093 0.047468
1.023804 0.307129 0.159424 -0.078560 -0.222625 0.055538
1.028809 0.300293 0.163330 -0.108702 -0.188211 0.071202
1.026855 0.303345 0.169922 -0.123654 -0.173258 0.063133
1.029907 0.302124 0.171509 -0.123654 -0.168274 0.060047
1.021851 0.302856 0.178467 -0.121518 -0.167800 0.068591
1.023315 0.298828 0.173706 -0.116534 -0.164002 0.075949
1.023071 0.295044 0.169800 -0.120806 -0.150236 0.093749
1.013916 0.275146 0.173340 -0.135284 -0.121518 0.106803
1.002930 0.268433 0.181885 -0.129825 -0.093749 0.089715
0.997070 0.265259 0.185791 -0.112025 -0.079272 0.083306
0.997070 0.262329 0.191040 -0.101819 -0.070727 0.081882
0.993774 0.265869 0.187134 -0.084730 -0.065506 0.079034
0.996460 0.263794 0.176147 -0.089715 -0.065031 0.093987
1.006226 0.259155 0.189087 -0.113923 -0.047943 0.118670
1.021606 0.245483 0.190063 -0.122230 -0.028481 0.136945
1.037231 0.234619 0.191895 -0.108939 -0.015427 0.140743
1.046631 0.231323 0.183350 -0.097784 -0.010918 0.122942
1.054077 0.225220 0.174805 -0.106091 -0.021598 0.109177
1.054565 0.222534 0.183105 -0.124604 -0.041297 0.075237
1.038818 0.222900 0.202393 -0.131724 -0.047705 0.035364
1.024414 0.230103 0.212280 -0.116059 -0.045807 0.031329
1.022339 0.230347 0.207886 -0.083781 -0.048180 0.032990
1.030762 0.229126 0.204712 -0.050553 -0.040348 0.050316
1.027222 0.222412 0.206421 -0.029193 -0.039873 0.061234
1.025635 0.223877 0.201538 -0.014240 -0.070965 0.056250
1.031860 0.224243 0.197388 0.010443 -0.103718 0.068117
1.040161 0.220703 0.191406 0.031566 -0.108227 0.075949
1.052368 0.217163 0.168579 0.050079 -0.103006 0.086155
1.067383 0.212524 0.150757 0.044620 -0.078797 0.100632
1.066284 0.212280 0.144531 0.015902 -0.041535 0.085205
1.063354 0.215942 0.149170 0.001661 -0.021598 0.071677
1.062134 0.218872 0.161743 -0.023734 -0.030617 0.060284
1.060547 0.221436 0.165161 -0.024209 -0.050316 0.036076
1.057373 0.216431 0.159058 -0.007832 -0.080458 0.037737
1.062622 0.218018 0.149170 0.015664 -0.092088 0.035126
