0.829346 0.007568 -0.987793 -0.196043 -0.178243 -0.201027
0.807495 0.027710 -0.976807 -0.220014 -0.187261 -0.223337
0.754150 0.022217 -0.978638 -0.227847 -0.194856 -0.246122
0.733032 0.054443 -0.974365 -0.228796 -0.159730 -0.261786
0.705566 0.054688 -0.996216 -0.228321 -0.149287 -0.283384
0.699219 0.066650 -1.004517 -0.216454 -0.142642 -0.288606
0.694580 0.080444 -1.030273 -0.220964 -0.131724 -0.297150
0.673462 0.087402 -1.049683 -0.242087 -0.076186 -0.321359
0.656860 0.103760 -1.066895 -0.284334 -0.007595 -0.357909
0.633057 0.115967 -1.091431 -0.340109 0.046519 -0.399444
0.598877 0.108521 -1.116333 -0.407513 0.051740 -0.449048
0.555786 0.103882 -1.138428 -0.479665 0.053876 -0.497465
0.510254 0.093628 -1.162598 -0.548493 0.053876 -0.518351
0.474976 0.100586 -1.184326 -0.613762 -0.008782 -0.501737
0.451904 0.093628 -1.208374 -0.680929 -0.063607 -0.466611
0.438599 0.096436 -1.232178 -0.770407 -0.108227 -0.426026
0.437622 0.083252 -1.249023 -0.882668 -0.180853 -0.384729
0.427734 0.074585 -1.252075 -1.024598 -0.186312 -0.339397
0.422729 0.067505 -1.250610 -1.185989 -0.151186 -0.285046
0.430786 0.043945 -1.225708 -1.361384 -0.075712 -0.217878
0.436157 0.034180 -1.185181 -1.540338 0.003560 -0.144540
0.446289 0.027588 -1.130127 -1.700068 0.057911 -0.086867
0.439697 0.004395 -1.070313 -1.832030 0.081882 -0.050079
0.436279 -0.003784 -1.009033 -1.938121 0.067642 -0.021123
0.431152 -0.017334 -0.947388 -2.018816 0.031566 0.018038
0.423828 -0.032715 -0.876221 -2.079576 0.004272 0.070490
0.419800 -0.041260 -0.809937 -2.127518 -0.024209 0.129825
0.407837 -0.031006 -0.738403 -2.160034 -0.054351 0.186549
0.387695 -0.024292 -0.663818 -2.172376 -0.066218 0.231407
0.364746 -0.016602 -0.585693 -2.167154 -0.055063 0.279350
0.328491 -0.010620 -0.504028 -2.152914 -0.017326 0.346992
0.301392 0.003540 -0.422974 -2.133214 0.045807 0.429586
0.262207 0.009033 -0.334717 -2.102360 0.104904 0.514554
0.225464 0.028320 -0.234375 -2.050620 0.143828 0.608066
0.194824 0.029907 -0.153809 -1.966127 0.171360 0.720328
0.160034 0.037720 -0.074707 -1.844134 0.149999 0.848254
0.139648 0.054565 -0.007568 -1.685353 0.081170 0.983301
0.120605 0.073730 0.047607 -1.495718 -0.018750 1.128553
0.107544 0.083130 0.099976 -1.288995 -0.136471 1.280926
0.102295 0.082031 0.141602 -1.070405 -0.251818 1.439944
0.103516 0.078003 0.172119 -0.840185 -0.350077 1.604658
0.111450 0.058838 0.185669 -0.597623 -0.454981 1.777204
0.134888 0.053101 0.184692 -0.352450 -0.562496 1.951649
0.164551 0.033813 0.190186 -0.118670 -0.660755 2.123483
0.211548 0.001343 0.165161 0.099208 -0.707986 2.292707
0.252319 -0.039917 0.144043 0.302609 -0.765660 2.455285
0.313599 -0.089111 0.106689 0.501500 -0.901893 2.605759
0.402954 -0.120605 0.062866 0.697780 -1.125230 2.732024
0.500366 -0.147095 0.024170 0.892874 -1.371590 2.826011
0.626587 -0.172241 -0.013428 1.079424 -1.543661 2.880599
0.744995 -0.173706 -0.041992 1.252682 -1.612490 2.890093
0.853760 -0.165649 -0.065063 1.404342 -1.568345 2.845710
0.944214 -0.168579 -0.076660 1.532981 -1.430687 2.752673
1.002319 -0.212524 -0.097778 1.649040 -1.261938 2.639461
1.077393 -0.307007 -0.130249 1.771508 -1.146354 2.537168
1.166626 -0.378540 -0.166260 1.948564 -1.186464 2.438909
1.300049 -0.448730 -0.228027 2.176410 -1.352602 2.309084
1.439087 -0.501343 -0.308716 2.444130 -1.541525 2.119449
1.580444 -0.541260 -0.397095 2.718733 -1.691524 1.859086
1.703979 -0.605591 -0.520874 2.963193 -1.701730 1.535592
1.832764 -0.713013 -0.672241 3.168730 -1.532981 1.179581
1.902954 -0.764526 -0.800049 3.335580 -1.303473 0.801261
1.938477 -0.824585 -0.939331 3.447842 -0.984962 0.384729
1.917236 -0.858398 -1.092041 3.515959 -0.724600 -0.081645
1.838501 -0.854370 -1.213135 3.539218 -0.585044 -0.573177
1.719971 -0.875122 -1.349365 3.504092 -0.497703 -1.049756
1.580688 -0.883301 -1.463379 3.423396 -0.441690 -1.457032
1.397217 -0.897583 -1.585938 3.317305 -0.426500 -1.769135
1.198730 -0.885254 -1.733154 3.187005 -0.609015 -2.005051
1.037476 -0.815430 -1.851807 3.019918 -1.073015 -2.190176
0.914185 -0.728516 -1.973999 2.799666 -1.609642 -2.331868
0.814453 -0.688232 -2.084229 2.554256 -1.873564 -2.432738
0.763428 -0.658325 -2.159668 2.301489 -1.779340 -2.476408
0.721069 -0.636597 -2.207520 2.020952 -1.399596 -2.468814
0.700439 -0.613159 -2.205444 1.695559 -0.763998 -2.444130
0.673096 -0.589844 -2.148804 1.328394 -0.034889 -2.433450
0.640015 -0.590332 -2.050537 0.950785 0.550629 -2.439384
0.599121 -0.605347 -1.942383 0.602607 0.885042 -2.447216
0.529419 -0.633301 -1.861816 0.311390 0.989472 -2.463117
0.479614 -0.640869 -1.788696 0.080221 0.920406 -2.489937
0.447510 -0.650146 -1.715820 -0.125078 0.731720 -2.495396
0.426514 -0.650024 -1.660889 -0.351264 0.554190 -2.459557
0.417725 -0.638062 -1.601929 -0.604268 0.457592 -2.393814
0.404785 -0.623291 -1.527832 -0.867716 0.433383 -2.309321
0.386108 -0.615479 -1.463379 -1.136385 0.467560 -2.210113
0.379639 -0.607422 -1.389160 -1.392950 0.524997 -2.113990
0.361450 -0.580811 -1.307007 -1.628629 0.545171 -2.032582
0.340698 -0.580322 -1.218872 -1.838200 0.526658 -1.964940
0.315552 -0.571655 -1.130005 -2.022614 0.489870 -1.884957
0.291016 -0.535889 -1.033325 -2.179971 0.451659 -1.779340
0.269287 -0.493408 -0.944824 -2.302438 0.426026 -1.655686
0.251343 -0.447876 -0.859619 -2.388593 0.412023 -1.523962
0.255127 -0.397095 -0.792725 -2.452200 0.389475 -1.387966
0.267944 -0.333984 -0.710938 -2.502279 0.362893 -1.251258
0.281616 -0.297119 -0.628418 -2.535744 0.348178 -1.133300
0.294556 -0.266846 -0.551514 -2.550459 0.290742 -1.036702
0.301880 -0.240601 -0.476807 -2.551646 0.239239 -0.947225
0.296387 -0.209595 -0.391357 -2.541914 0.247309 -0.843745
0.291992 -0.184570 -0.311279 -2.507263 0.318036 -0.722464
0.288818 -0.154053 -0.229614 -2.432026 0.370488 -0.595724
0.295532 -0.112305 -0.165771 -2.314780 0.343906 -0.477291
0.296143 -0.073364 -0.105469 -2.161221 0.265109 -0.373099
0.296631 -0.036621 -0.060547 -1.982741 0.166138 -0.276264
0.326538 -0.018555 -0.042603 -1.789783 0.048180 -0.166850
0.346313 0.008423 -0.036011 -1.591841 -0.064557 -0.049604
0.390137 0.028198 -0.049194 -1.392475 -0.180853 0.050791
0.448364 0.060425 -0.065308 -1.187651 -0.337261 0.124604
0.505737 0.098877 -0.101685 -0.998728 -0.468272 0.183227
0.561279 0.132813 -0.149292 -0.847305 -0.513367 0.229745
0.613159 0.155640 -0.189087 -0.742400 -0.484649 0.267482
0.667358 0.187866 -0.227417 -0.666214 -0.408937 0.291454
0.722656 0.211792 -0.266724 -0.604268 -0.323020 0.285995
0.744263 0.210938 -0.300049 -0.553715 -0.220489 0.260600
0.762451 0.218994 -0.331055 -0.503399 -0.112737 0.223812
0.777466 0.219360 -0.366455 -0.439317 -0.041535 0.194144
0.793701 0.225342 -0.398193 -0.355298 -0.005934 0.168274
0.804199 0.233276 -0.420898 -0.263685 0.013291 0.142879
0.798950 0.229736 -0.446411 -0.165901 0.045569 0.128401
0.803101 0.236816 -0.479492 -0.060047 0.071914 0.131487
0.812012 0.248535 -0.526245 0.047468 0.057911 0.133860
0.821045 0.262451 -0.567993 0.136471 0.032041 0.119382
0.837280 0.275513 -0.613037 0.185837 0.027531 0.099446
0.838623 0.276123 -0.649048 0.187499 0.048892 0.084493
0.835449 0.288818 -0.671021 0.155221 0.075000 0.069541
0.824829 0.285034 -0.685059 0.101582 0.093037 0.054826
0.812744 0.278687 -0.677734 0.035838 0.095173 0.038449
0.801025 0.275269 -0.662964 -0.025158 0.070015 0.026107
0.786133 0.263306 -0.635986 -0.060996 0.017801 0.015664
0.775146 0.260010 -0.623047 -0.063370 -0.051978 0.004272
0.764404 0.259521 -0.610840 -0.043196 -0.125078 -0.009019
0.744263 0.244873 -0.619141 -0.009968 -0.201027 -0.029193
0.733154 0.252563 -0.618408 0.026107 -0.270331 -0.041297
0.725830 0.247803 -0.635864 0.055063 -0.317087 -0.037500
0.727783 0.245117 -0.652344 0.074762 -0.331802 -0.030142
0.723633 0.248657 -0.658936 0.084493 -0.325394 -0.032990
0.712524 0.238037 -0.679443 0.087104 -0.283622 -0.034414
0.710571 0.229980 -0.687988 0.087104 -0.220489 -0.026345
0.704346 0.228271 -0.692261 0.089003 -0.165426 -0.010443
0.702271 0.225708 -0.701294 0.092563 -0.132436 0.000000
0.707397 0.218872 -0.715576 0.095648 -0.116059 -0.000712
0.711670 0.216187 -0.723877 0.094699 -0.097784 -0.002848
0.722168 0.212036 -0.736206 0.086629 -0.066693 -0.004035
0.726929 0.214355 -0.738403 0.074525 -0.037500 -0.005934
0.722412 0.212402 -0.738770 0.056487 0.002373 -0.000949
0.725464 0.226074 -0.730591 0.032753 0.060759 0.008070
0.718628 0.228760 -0.717773 0.008782 0.098259 0.018038
0.712036 0.230957 -0.712280 -0.008544 0.100158 0.021123
0.709473 0.235596 -0.699585 -0.020649 0.091376 0.022310
0.704712 0.235474 -0.692627 -0.026582 0.075712 0.028006
0.712646 0.232788 -0.684814 -0.026345 0.065743 0.033228
