1.247192 -0.042603 -0.227417 -0.069778 -0.240663 -0.877922
1.234497 -0.031128 -0.237793 -0.154271 -0.332276 -0.923491
1.224854 0.016235 -0.224243 -0.254429 -0.264397 -0.899282
1.196655 -0.054932 -0.225708 -0.347941 -0.126502 -0.795327
1.201050 -0.052979 -0.193115 -0.341533 0.153797 -0.660043
1.209961 0.019897 -0.154663 -0.288843 0.338447 -0.522623
1.303711 0.030029 -0.175659 -0.215030 0.379032 -0.417482
1.400635 0.027710 -0.145508 -0.166613 0.465662 -0.396833
1.471191 0.020264 -0.141357 -0.065743 0.435994 -0.492718
1.507690 0.012573 -0.169922 0.113923 0.497940 -0.634885
1.513550 0.013916 -0.179321 0.270093 0.491532 -0.757590
1.544312 0.000732 -0.237915 0.371675 0.332039 -0.846830
1.571289 -0.012939 -0.289063 0.417719 0.272229 -0.929425
1.602539 -0.002075 -0.337158 0.435994 0.273179 -0.996117
1.629272 0.000366 -0.366821 0.416295 0.271517 -1.088680
1.635742 -0.006104 -0.365112 0.363131 0.211945 -1.206163
1.619751 -0.009033 -0.351685 0.304033 0.109414 -1.329343
1.612793 -0.031738 -0.344604 0.246597 0.011392 -1.447776
1.626465 -0.050903 -0.368286 0.191296 -0.102056 -1.545323
1.644775 -0.065674 -0.417847 0.132911 -0.213369 -1.646667
1.647339 -0.072510 -0.474243 0.052927 -0.291454 -1.766761
1.644287 -0.069946 -0.502930 -0.057199 -0.358858 -1.908691
1.603271 -0.073608 -0.522339 -0.173733 -0.445725 -2.082186
1.540649 -0.082520 -0.552979 -0.309254 -0.501500 -2.273483
1.443726 -0.113403 -0.567505 -0.461390 -0.504111 -2.451725
1.315674 -0.131592 -0.570679 -0.597148 -0.437418 -2.591281
1.185791 -0.148193 -0.565796 -0.723413 -0.366928 -2.693337
1.066528 -0.154175 -0.574341 -0.840422 -0.376659 -2.740806
0.975464 -0.121338 -0.594849 -0.948649 -0.460440 -2.736771
0.858154 -0.132568 -0.620483 -1.075863 -0.504823 -2.724666
0.758179 -0.124878 -0.621216 -1.213996 -0.535440 -2.691676
0.678101 -0.100342 -0.611328 -1.336700 -0.673572 -2.636138
0.611572 -0.055908 -0.600464 -1.437807 -0.902130 -2.596503
0.538452 -0.023071 -0.582642 -1.550307 -1.133062 -2.577516
0.435059 -0.024658 -0.569580 -1.708138 -1.211859 -2.558528
0.326538 -0.032471 -0.528564 -1.865969 -1.149676 -2.502279
0.223267 -0.036621 -0.470947 -1.976333 -1.024361 -2.397612
0.125977 -0.028809 -0.420410 -2.018105 -1.044535 -2.284163
0.043213 -0.021606 -0.409058 -2.018342 -1.182667 -2.144607
-0.027222 0.002197 -0.393433 -2.021665 -1.383456 -1.980605
-0.086060 0.019287 -0.378174 -2.043975 -1.673012 -1.803549
-0.124878 0.039429 -0.363281 -2.074591 -2.002203 -1.590417
-0.118652 0.063110 -0.316650 -2.128230 -2.218894 -1.335514
-0.079956 0.103027 -0.245728 -2.187328 -2.355602 -1.092715
-0.041382 0.146851 -0.149780 -2.216284 -2.373166 -0.884093
-0.050537 0.177368 -0.101563 -2.216996 -2.212249 -0.691135
-0.066528 0.210327 -0.053223 -2.214622 -1.878786 -0.483462
-0.075317 0.229858 -0.015259 -2.196110 -1.533456 -0.268907
-0.109131 0.278564 0.019775 -2.138911 -1.317001 -0.067405
-0.149536 0.302734 0.029541 -2.074591 -1.185989 0.124841
-0.173950 0.321045 0.054199 -2.049908 -1.080136 0.351026
-0.172607 0.338379 0.104980 -2.083136 -0.944852 0.622069
-0.163574 0.325317 0.152954 -2.141996 -0.780138 0.893349
-0.135010 0.280762 0.222412 -2.268973 -0.603556 1.193822
-0.079468 0.270874 0.323975 -2.413988 -0.501263 1.510196
-0.010986 0.265991 0.444702 -2.511772 -0.370488 1.807109
0.060669 0.259155 0.595337 -2.534794 -0.085917 2.049908
0.084351 0.231934 0.707031 -2.411140 0.195568 2.219606
0.126953 0.218628 0.792847 -2.124907 0.150236 2.364384
0.226929 0.212524 0.832031 -1.730923 -0.190822 2.516519
0.375366 0.204224 0.846069 -1.332666 -0.591689 2.631392
0.511719 0.174805 0.843750 -1.006797 -0.831878 2.726803
0.642944 0.150391 0.862305 -0.754979 -0.815739 2.826011
0.731567 0.125366 0.877930 -0.520725 -0.596673 2.921896
0.802612 0.107910 0.854614 -0.283147 -0.308305 3.038905
0.888062 0.109497 0.889648 -0.062895 -0.313527 3.201246
0.994873 0.153564 0.858154 0.195806 -0.257752 3.309473
1.098389 0.185669 0.838745 0.389713 0.224049 3.309948
1.155396 0.204468 0.848633 0.504585 0.572227 3.232575
1.176025 0.187378 0.865845 0.627765 0.417719 3.086610
1.206787 0.171631 0.862915 0.805058 -0.109889 2.933526
1.251099 0.162720 0.856934 1.006560 -0.127689 2.815331
1.327393 0.147461 0.879883 1.204265 0.053639 2.740568
1.389771 0.124878 0.860718 1.472222 0.018513 2.654651
1.432861 0.114868 0.812134 1.775068 -0.079034 2.533845
1.465332 0.076416 0.747437 2.033532 -0.072626 2.408767
1.483032 0.041382 0.690918 2.178072 -0.009256 2.250935
1.496094 -0.023560 0.671997 2.263277 0.116771 2.102360
1.567261 -0.083008 0.658569 2.391203 0.107040 2.048959
1.660889 -0.129761 0.588257 2.621898 0.042959 2.013832
1.703125 -0.126343 0.412720 2.877988 0.197230 1.929814
1.677246 -0.103394 0.277954 3.013984 0.311628 1.776492
1.607666 -0.149292 0.167236 3.025377 -0.091139 1.547933
1.584961 -0.193604 0.049927 3.011611 -0.449760 1.363283
1.612549 -0.243408 -0.103516 3.004965 -0.818824 1.241052
1.772583 -0.246216 -0.152466 3.064300 -1.768422 1.135436
1.962402 -0.196899 -0.333130 3.215012 -2.372453 0.949361
2.092407 -0.184204 -0.523071 3.252274 -2.049433 0.652923
2.185913 -0.170166 -0.691772 3.134316 -1.512332 0.324682
2.170532 -0.165527 -0.808105 2.944443 -1.061148 -0.026819
2.106689 -0.164429 -0.875732 2.734872 -0.617322 -0.382593
2.019287 -0.154297 -0.911011 2.535506 -0.171122 -0.709647
1.925415 -0.142944 -0.955444 2.346821 0.136471 -0.993506
1.846313 -0.132568 -0.978516 2.123009 0.345093 -1.214945
1.760376 -0.139038 -0.954712 1.859561 0.482987 -1.390102
1.697632 -0.151733 -0.921631 1.624357 0.512180 -1.533456
1.625610 -0.160522 -0.880493 1.439232 0.489870 -1.650464
1.563232 -0.163574 -0.828979 1.293505 0.461627 -1.744926
1.496094 -0.160889 -0.794678 1.179107 0.400630 -1.829182
1.443481 -0.165161 -0.796631 1.054028 0.311153 -1.906080
1.395142 -0.160889 -0.810669 0.873887 0.295726 -1.963042
1.337280 -0.170776 -0.803955 0.644616 0.394460 -2.002440
1.297974 -0.173706 -0.776367 0.407039 0.544459 -2.036617
1.255737 -0.181274 -0.747192 0.205299 0.634173 -2.079338
1.217529 -0.177124 -0.728149 0.033465 0.652686 -2.135588
1.166016 -0.184570 -0.710938 -0.130062 0.646515 -2.199670
1.104614 -0.163208 -0.699707 -0.279112 0.624205 -2.254495
1.033081 -0.154297 -0.695923 -0.418668 0.547544 -2.291046
0.958740 -0.149292 -0.701660 -0.555376 0.419855 -2.296030
0.902222 -0.124268 -0.685547 -0.699442 0.312577 -2.253071
0.830688 -0.103760 -0.645752 -0.829504 0.294539 -2.222217
0.782349 -0.088257 -0.586914 -0.944614 0.240188 -2.178072
0.729614 -0.065918 -0.536743 -1.051180 0.134809 -2.091680
0.695801 -0.033081 -0.485840 -1.152762 0.093512 -1.989149
0.660889 -0.019043 -0.444336 -1.261226 0.143354 -1.885906
0.615112 0.005249 -0.388794 -1.345482 0.267245 -1.769609
0.569580 0.034790 -0.333008 -1.401732 0.379270 -1.641920
0.537354 0.076660 -0.296387 -1.444690 0.439080 -1.502364
0.509155 0.127075 -0.244507 -1.487886 0.452371 -1.370165
0.481201 0.159546 -0.186279 -1.528946 0.392561 -1.248173
0.472046 0.183960 -0.120361 -1.565022 0.290742 -1.123094
0.472290 0.191040 -0.046265 -1.585670 0.196992 -0.988997
0.488892 0.199829 0.035034 -1.578550 0.076424 -0.847780
0.511230 0.230591 0.101685 -1.520639 -0.045332 -0.709173
0.530151 0.258911 0.156128 -1.426652 -0.127926 -0.583382
0.547729 0.276123 0.200317 -1.322460 -0.165664 -0.472307
0.564697 0.289063 0.238403 -1.215182 -0.221201 -0.368115
0.593262 0.321533 0.250977 -1.102920 -0.253242 -0.266296
0.603638 0.334229 0.271362 -1.008696 -0.209097 -0.176344
0.612061 0.364502 0.296265 -0.919694 -0.177768 -0.109177
0.623657 0.391602 0.302612 -0.838761 -0.183227 -0.065743
0.626831 0.415283 0.309326 -0.768983 -0.198416 -0.032516
0.638916 0.433350 0.304443 -0.710597 -0.223337 0.004509
0.645874 0.454102 0.304565 -0.658857 -0.276501 0.038924
0.662231 0.458252 0.300659 -0.609490 -0.356485 0.055063
0.675293 0.459717 0.304688 -0.564395 -0.440504 0.074050
0.704712 0.473022 0.300537 -0.514079 -0.534016 0.108465
0.720703 0.494751 0.285522 -0.467560 -0.580772 0.134335
0.740112 0.517212 0.280273 -0.447386 -0.544696 0.143828
0.751587 0.530762 0.280640 -0.442877 -0.484649 0.144303
0.761963 0.549316 0.286865 -0.420804 -0.450472 0.142404
0.785400 0.561157 0.276733 -0.375947 -0.463526 0.135047
0.798218 0.576904 0.269775 -0.318511 -0.509332 0.117958
0.824219 0.588013 0.248413 -0.258938 -0.534490 0.101107
0.831543 0.604614 0.219116 -0.216454 -0.512655 0.078085
0.832886 0.605591 0.197021 -0.213606 -0.469222 0.044857
0.828247 0.603027 0.194458 -0.234730 -0.417482 0.011155
0.816772 0.603638 0.191040 -0.246834 -0.356248 -0.008544
0.823853 0.606689 0.181274 -0.249919 -0.284096 -0.008782
0.818115 0.603638 0.172852 -0.256090 -0.192246 -0.007358
