1.595337 -0.462524 0.498413 0.175049 -0.722656 -1.701660
1.664673 -0.535645 0.458862 0.278076 -0.816162 -1.786011
1.456177 -0.510742 0.439575 0.348389 -0.779297 -1.904053
1.235596 -0.473267 0.475098 0.434204 -0.763184 -1.894653
1.164917 -0.495483 0.388916 0.533081 -0.760498 -1.802124
1.080322 -0.454590 0.382202 0.590942 -0.662964 -1.729004
0.962402 -0.425903 0.368530 0.660889 -0.495117 -1.643311
0.854126 -0.422607 0.353271 0.743042 -0.313477 -1.554443
0.744995 -0.419189 0.369019 0.838501 -0.198120 -1.481079
0.682739 -0.403320 0.367676 0.962769 -0.148682 -1.427368
0.606445 -0.403564 0.359131 1.105835 -0.137939 -1.399902
0.517334 -0.414795 0.333618 1.264404 -0.147827 -1.381836
0.428711 -0.417114 0.298340 1.422119 -0.178101 -1.341797
0.364136 -0.416504 0.250977 1.576294 -0.214966 -1.278687
0.323975 -0.422363 0.184814 1.728882 -0.232178 -1.200317
0.277710 -0.427612 0.102295 1.867798 -0.233276 -1.104126
0.244019 -0.422241 0.014282 1.983887 -0.213623 -0.983643
0.147949 -0.416382 -0.048218 2.076172 -0.198242 -0.826660
0.180054 -0.392700 -0.150513 2.143433 -0.123047 -0.690552
0.137573 -0.367920 -0.177734 2.184448 -0.055298 -0.620605
0.089233 -0.394775 -0.247681 2.235962 -0.140137 -0.519531
0.051880 -0.430664 -0.283691 2.281982 -0.236206 -0.421631
0.038574 -0.450684 -0.322510 2.333862 -0.335815 -0.341064
0.054443 -0.464355 -0.354736 2.382324 -0.429932 -0.251343
0.077881 -0.498657 -0.395996 2.435303 -0.502075 -0.151245
0.093140 -0.546387 -0.437256 2.511108 -0.553833 -0.049072
0.098389 -0.583252 -0.484497 2.606812 -0.564819 0.050903
0.100342 -0.598267 -0.544922 2.705688 -0.537598 0.142822
0.090454 -0.630249 -0.598999 2.796509 -0.521240 0.229980
0.117065 -0.671753 -0.717773 2.876587 -0.530151 0.334717
0.222778 -0.687866 -0.907104 2.933472 -0.524170 0.461182
0.372437 -0.683716 -1.130859 2.934082 -0.472168 0.576538
0.532959 -0.657715 -1.377808 2.845215 -0.435669 0.651978
0.682861 -0.572876 -1.582520 2.659912 -0.423950 0.676880
0.789673 -0.470703 -1.745239 2.377808 -0.374756 0.664917
0.866699 -0.410400 -1.786865 2.008911 -0.355469 0.629028
0.931885 -0.434692 -1.705811 1.613037 -0.313477 0.574219
1.010620 -0.547729 -1.583252 1.285034 -0.259155 0.517090
1.128906 -0.668579 -1.465088 1.085205 -0.261841 0.471313
1.248291 -0.703857 -1.356323 1.012451 -0.315430 0.426147
1.333618 -0.709229 -1.315186 1.035522 -0.365112 0.346313
1.367188 -0.704956 -1.350952 1.091187 -0.387207 0.233276
1.350586 -0.669556 -1.422607 1.125366 -0.367920 0.117554
1.308228 -0.672607 -1.508789 1.128296 -0.267700 0.012329
1.257446 -0.683105 -1.585693 1.096191 -0.135132 -0.063843
1.221191 -0.668335 -1.647217 1.018066 -0.032104 -0.103394
1.204224 -0.635010 -1.665771 0.902344 0.043457 -0.127319
1.192749 -0.601074 -1.667725 0.770386 0.070435 -0.157104
1.175781 -0.577271 -1.658569 0.629395 0.063843 -0.202759
1.170166 -0.577759 -1.635742 0.464111 0.066040 -0.254883
1.186768 -0.604858 -1.588013 0.288940 0.082886 -0.304932
1.238892 -0.625854 -1.517944 0.130615 0.074463 -0.354492
1.294556 -0.625977 -1.462158 0.006470 0.022583 -0.415771
1.317261 -0.615479 -1.411743 -0.094482 -0.024292 -0.499878
1.308716 -0.601318 -1.384644 -0.190796 -0.026245 -0.595947
1.284424 -0.578003 -1.339478 -0.294922 0.011719 -0.687988
1.257568 -0.561768 -1.295898 -0.400024 0.082397 -0.766602
1.222290 -0.569580 -1.266846 -0.502686 0.190674 -0.838867
1.179321 -0.546387 -1.228027 -0.605713 0.325073 -0.895874
1.096558 -0.524902 -1.195923 -0.702881 0.459351 -0.937866
0.998535 -0.491333 -1.164551 -0.796875 0.593506 -0.964478
0.929565 -0.455322 -1.140381 -0.893433 0.740112 -0.980225
0.868164 -0.444946 -1.110474 -1.000488 0.784546 -0.987915
0.807861 -0.403076 -1.048340 -1.114624 0.805176 -0.982788
0.744995 -0.358032 -0.984009 -1.215820 0.809082 -0.984253
0.657959 -0.342896 -0.927368 -1.307007 0.746460 -1.001465
0.574341 -0.312744 -0.865967 -1.396118 0.654541 -1.011108
0.517578 -0.289917 -0.813110 -1.486938 0.575317 -0.997681
0.495728 -0.260620 -0.771729 -1.590332 0.505615 -0.962402
0.496826 -0.225342 -0.723511 -1.710938 0.454834 -0.923096
0.503296 -0.212769 -0.647827 -1.845093 0.436035 -0.894287
0.498779 -0.200684 -0.548584 -1.979736 0.445190 -0.863892
0.472656 -0.186523 -0.461548 -2.086060 0.480103 -0.836426
0.437866 -0.167480 -0.405640 -2.160522 0.528320 -0.818726
0.398071 -0.156738 -0.360107 -2.219727 0.565918 -0.802246
0.357666 -0.165405 -0.331421 -2.276123 0.596924 -0.769287
0.312012 -0.177612 -0.276978 -2.335205 0.643311 -0.712891
0.281128 -0.176880 -0.217651 -2.379028 0.704712 -0.630127
0.268921 -0.167969 -0.149170 -2.394653 0.751709 -0.535889
0.259155 -0.135620 -0.085327 -2.372192 0.746216 -0.449707
0.245605 -0.103516 -0.037354 -2.320435 0.682983 -0.379639
0.239624 -0.076904 0.012939 -2.252930 0.579834 -0.311768
0.251709 -0.057861 0.061035 -2.169922 0.453979 -0.234253
0.276245 -0.036621 0.099243 -2.076416 0.334717 -0.147461
0.309448 -0.006714 0.121094 -1.986084 0.247681 -0.058228
0.338623 0.014038 0.139404 -1.911133 0.209229 0.032471
0.380249 0.027222 0.161499 -1.853394 0.228271 0.134644
0.425171 0.040894 0.181885 -1.809937 0.284790 0.242676
0.465820 0.029053 0.217896 -1.782593 0.369507 0.355347
0.517944 0.018066 0.275513 -1.757080 0.472412 0.475220
0.586304 0.016357 0.337524 -1.712891 0.574585 0.594116
0.644897 0.033203 0.401855 -1.642090 0.648071 0.700073
0.721191 0.033936 0.437500 -1.548462 0.683594 0.793945
0.826294 0.010986 0.462158 -1.439331 0.651978 0.866333
0.932373 0.013550 0.479248 -1.323486 0.587891 0.883057
1.025024 0.025513 0.494873 -1.191040 0.477783 0.847412
1.096191 0.056152 0.496582 -1.052734 0.329346 0.774048
1.148071 0.065674 0.503784 -0.922241 0.170532 0.672974
1.164185 0.068237 0.507324 -0.798950 0.018311 0.557007
1.162476 0.060669 0.494507 -0.677490 -0.092651 0.449219
1.146484 0.052979 0.476807 -0.553467 -0.159790 0.372437
1.124146 0.060181 0.453247 -0.431274 -0.173828 0.339966
1.116211 0.068604 0.407837 -0.313599 -0.135986 0.342041
1.115234 0.069702 0.348633 -0.214355 -0.073608 0.358765
1.122559 0.057983 0.283325 -0.146362 -0.008301 0.386719
1.132935 0.052246 0.242920 -0.106934 0.069092 0.423218
1.147217 0.043701 0.222778 -0.085327 0.156738 0.458862
1.164185 0.038940 0.213623 -0.073486 0.234985 0.486694
1.186523 0.045288 0.212524 -0.062988 0.279907 0.496582
1.206055 0.064697 0.202881 -0.045166 0.293335 0.483887
1.218628 0.080078 0.188232 -0.020386 0.279419 0.446899
1.209839 0.097900 0.159546 0.001831 0.244385 0.384277
1.186401 0.101318 0.130859 0.015869 0.188965 0.305786
1.156982 0.093384 0.102051 0.019897 0.112183 0.228760
1.136230 0.078979 0.076660 0.012573 0.025513 0.166504
1.124023 0.080566 0.066406 -0.002930 -0.054199 0.125977
1.120239 0.086670 0.066162 -0.021973 -0.112427 0.099731
1.114502 0.081177 0.078247 -0.043945 -0.159302 0.080444
1.112061 0.085449 0.089355 -0.062622 -0.196167 0.067749
1.103149 0.088623 0.087891 -0.070679 -0.207886 0.059937
1.097046 0.080811 0.091187 -0.069458 -0.199951 0.056030
1.086426 0.079834 0.086792 -0.062988 -0.190063 0.054565
1.076904 0.081543 0.073853 -0.051392 -0.189453 0.051270
1.061646 0.078491 0.063599 -0.044800 -0.190796 0.046631
1.056152 0.077393 0.049805 -0.047974 -0.195679 0.044189
1.053223 0.073975 0.047729 -0.056641 -0.203125 0.043823
1.043701 0.063965 0.048096 -0.067627 -0.206421 0.042969
1.031738 0.055786 0.061279 -0.078247 -0.203247 0.043335
1.031128 0.050537 0.071045 -0.080322 -0.209229 0.048096
1.036133 0.039551 0.062378 -0.073853 -0.229858 0.057129
1.049316 0.037964 0.054565 -0.066895 -0.235474 0.067627
1.061157 0.035889 0.039551 -0.061523 -0.227539 0.072632
1.069580 0.033691 0.026001 -0.058228 -0.222778 0.077393
1.081665 0.024292 0.016968 -0.061157 -0.208130 0.080688
1.095947 0.009888 0.012085 -0.068604 -0.180786 0.078979
1.103882 0.000854 0.019897 -0.074463 -0.143188 0.072632
1.110474 -0.007568 0.027344 -0.079102 -0.104980 0.064331
1.116333 -0.006470 0.044922 -0.083862 -0.072998 0.053589
1.114380 0.004761 0.056885 -0.081177 -0.052124 0.039429
1.101196 0.014038 0.058350 -0.070679 -0.043213 0.022339
1.077637 0.019043 0.056885 -0.058594 -0.043457 0.007935
1.056030 0.024048 0.048096 -0.053467 -0.049194 0.002441
1.048950 0.029907 0.050049 -0.058594 -0.057617 0.008911
1.033936 0.024170 0.039307 -0.068604 -0.073730 0.022461
1.068115 0.021118 0.061401 -0.085693 -0.080444 0.046753
1.125977 0.017334 0.089478 -0.092285 -0.078003 0.066528
1.156006 0.013306 0.100098 -0.077148 -0.095703 0.064453
1.170898 0.018677 0.097778 -0.052490 -0.114502 0.046021
1.181519 0.006958 0.086670 -0.028198 -0.124390 0.023560
1.177612 -0.000488 0.079346 -0.008057 -0.117432 -0.006226
