1.248779 -0.276489 0.157715 -0.403687 0.039063 0.339111
1.596680 -0.391846 0.103760 -0.403198 -0.090454 0.303101
1.614624 -0.201172 0.290161 -0.429810 -0.131592 0.160156
1.864624 -0.357178 0.286743 -0.374756 -0.332764 0.101929
2.054810 -0.475830 0.291138 -0.363037 -0.462158 -0.052246
2.244507 -0.536621 0.446411 -0.358765 -0.327515 -0.291992
2.405762 -0.551025 0.624390 -0.252441 -0.260986 -0.566772
2.446899 -0.533325 0.662476 -0.074951 -0.376221 -0.900269
2.323853 -0.514771 0.641846 0.096680 -0.466309 -1.250732
2.167969 -0.507690 0.602539 0.246338 -0.422729 -1.520386
2.022217 -0.517822 0.539551 0.370972 -0.322144 -1.698364
1.880127 -0.535767 0.480103 0.464966 -0.221924 -1.812012
1.744385 -0.531250 0.442993 0.539063 -0.120728 -1.886230
1.582642 -0.527466 0.394653 0.603149 -0.022705 -1.943604
1.395508 -0.529663 0.360474 0.646729 0.070313 -1.976074
1.219238 -0.529541 0.360962 0.683228 0.172852 -1.971436
1.062012 -0.539063 0.364136 0.741699 0.272095 -1.932007
0.755615 -0.571777 0.445068 0.835327 0.286499 -1.844116
0.792480 -0.533691 0.360352 0.979492 0.157227 -1.705200
0.731079 -0.536255 0.296387 1.118408 0.164795 -1.678223
0.583008 -0.488892 0.211426 1.243774 0.141846 -1.620605
0.475098 -0.472046 0.141479 1.330322 0.147705 -1.501587
0.381104 -0.477051 0.089722 1.406372 0.109375 -1.392090
0.280029 -0.473267 0.040161 1.480713 0.023804 -1.299805
0.220215 -0.458008 0.014160 1.544800 -0.052490 -1.195190
0.185303 -0.446167 0.005249 1.594727 -0.098267 -1.064575
0.154541 -0.442871 0.001587 1.633057 -0.099365 -0.922852
0.107178 -0.428955 0.004272 1.675781 -0.078979 -0.779907
0.064209 -0.421875 0.017578 1.737183 -0.079468 -0.640869
0.035156 -0.427734 0.006226 1.829102 -0.112915 -0.506958
0.015503 -0.431152 -0.033325 1.941528 -0.180054 -0.382690
-0.009033 -0.435181 -0.109741 2.047363 -0.240723 -0.258301
-0.015625 -0.439209 -0.180054 2.121460 -0.302124 -0.122803
-0.004639 -0.459717 -0.226563 2.176758 -0.376831 0.011353
0.033813 -0.492920 -0.280640 2.225098 -0.437256 0.151123
0.097534 -0.488281 -0.311646 2.265869 -0.446777 0.308350
0.172729 -0.494629 -0.328735 2.302612 -0.422119 0.476196
0.266235 -0.509888 -0.353394 2.340942 -0.392090 0.612549
0.334106 -0.520386 -0.417114 2.395752 -0.392578 0.695923
0.359131 -0.504639 -0.504517 2.472412 -0.424316 0.745850
0.371582 -0.465820 -0.577393 2.549683 -0.478882 0.770264
0.384644 -0.458496 -0.666016 2.612427 -0.580811 0.761230
0.382935 -0.469971 -0.796753 2.657959 -0.709717 0.729980
0.384521 -0.443115 -0.925415 2.681519 -0.780884 0.725952
0.427246 -0.433960 -1.065918 2.642578 -0.761475 0.756104
0.503052 -0.433960 -1.180176 2.527710 -0.695679 0.813477
0.583496 -0.462158 -1.265015 2.355103 -0.585938 0.881226
0.696289 -0.512695 -1.294189 2.153687 -0.432007 0.955811
0.883545 -0.493408 -1.348511 1.963745 -0.255005 1.040771
1.024658 -0.460205 -1.399780 1.794922 -0.119019 1.085083
1.113770 -0.461182 -1.438232 1.611694 0.015991 1.074097
1.184082 -0.477051 -1.430664 1.409912 0.112915 1.027466
1.255005 -0.526855 -1.404175 1.227783 0.125366 0.956421
1.360718 -0.573242 -1.419434 1.088135 0.062866 0.869263
1.467773 -0.572266 -1.419067 0.968750 -0.043213 0.757813
1.540649 -0.609375 -1.412476 0.844360 -0.127441 0.618774
1.609497 -0.641113 -1.395020 0.734253 -0.164429 0.475830
1.693970 -0.636108 -1.396362 0.647095 -0.160889 0.345947
1.799561 -0.604614 -1.408813 0.567505 -0.164307 0.216064
1.862183 -0.549927 -1.418335 0.476929 -0.242065 0.066650
1.826172 -0.505615 -1.410278 0.385620 -0.254395 -0.122192
1.743896 -0.480591 -1.389771 0.301392 -0.099243 -0.325562
1.636719 -0.474243 -1.366089 0.229004 0.057373 -0.506714
1.494141 -0.478271 -1.375244 0.186035 0.076660 -0.642578
1.364624 -0.479248 -1.426025 0.151001 0.026855 -0.715698
1.308228 -0.464111 -1.477417 0.077881 -0.018066 -0.737305
1.313843 -0.449219 -1.497559 -0.047485 -0.046143 -0.726807
1.357178 -0.447388 -1.470093 -0.211060 -0.061401 -0.711914
1.414673 -0.437622 -1.392944 -0.388184 -0.048096 -0.719849
1.434814 -0.428833 -1.287964 -0.541504 -0.005737 -0.768188
1.420654 -0.442871 -1.184082 -0.650024 0.047729 -0.853149
1.369507 -0.455933 -1.102173 -0.712646 0.096313 -0.955078
1.305176 -0.467163 -1.060547 -0.734009 0.160522 -1.051147
1.212158 -0.509155 -1.039917 -0.731445 0.212280 -1.129028
1.110474 -0.507080 -1.053589 -0.731201 0.239258 -1.155396
1.048340 -0.479858 -1.092407 -0.778931 0.299561 -1.129639
1.035522 -0.440063 -1.112427 -0.874023 0.369141 -1.086670
1.007324 -0.381836 -1.101196 -0.989502 0.420044 -1.058960
0.949463 -0.359497 -1.097900 -1.111938 0.527344 -1.077637
0.878662 -0.391479 -1.074097 -1.240112 0.585205 -1.126221
0.817871 -0.390625 -1.026855 -1.367188 0.518188 -1.150879
0.761475 -0.371094 -0.950928 -1.488647 0.471924 -1.159302
0.719238 -0.368408 -0.895752 -1.598511 0.446655 -1.173218
0.658936 -0.372925 -0.818848 -1.688599 0.375610 -1.188477
0.592529 -0.391357 -0.733276 -1.755981 0.293335 -1.188721
0.531494 -0.406250 -0.646362 -1.798706 0.237671 -1.156128
0.497681 -0.386841 -0.558228 -1.818115 0.224365 -1.090698
0.494141 -0.340088 -0.501099 -1.814087 0.239990 -1.009155
0.484009 -0.300293 -0.468506 -1.815186 0.269043 -0.926147
0.460693 -0.274658 -0.409668 -1.838257 0.337646 -0.849609
0.427490 -0.248413 -0.337280 -1.867798 0.442627 -0.779785
0.398193 -0.224609 -0.278198 -1.883179 0.549072 -0.713379
0.373657 -0.204224 -0.227173 -1.877808 0.625000 -0.655762
0.343506 -0.189941 -0.174194 -1.858521 0.655884 -0.599976
0.333496 -0.150513 -0.145630 -1.823242 0.650146 -0.548218
0.314697 -0.110962 -0.134521 -1.782715 0.605469 -0.507568
0.261353 -0.110474 -0.109131 -1.762695 0.550781 -0.471313
0.218872 -0.117676 -0.071045 -1.761597 0.504517 -0.409912
0.180542 -0.116333 -0.023071 -1.758423 0.456787 -0.317261
0.151001 -0.104980 0.033813 -1.747559 0.411255 -0.200195
0.149536 -0.085449 0.095703 -1.726563 0.370117 -0.068848
0.173584 -0.058960 0.148682 -1.690918 0.336792 0.070557
0.214111 -0.043823 0.194702 -1.645630 0.301514 0.200317
0.257813 -0.039185 0.224121 -1.606201 0.255981 0.319580
0.316040 -0.017212 0.279907 -1.578491 0.234619 0.429688
0.348267 -0.000244 0.335083 -1.551025 0.262085 0.520508
0.367920 0.002563 0.391357 -1.516357 0.308716 0.599243
0.380127 0.015015 0.445801 -1.466309 0.347656 0.673828
0.395264 0.025635 0.491821 -1.393921 0.360596 0.742798
0.420166 0.027954 0.519775 -1.300415 0.338135 0.811401
0.472778 -0.006226 0.524048 -1.200195 0.270996 0.890503
0.569336 -0.046143 0.515259 -1.112427 0.176514 0.983398
0.658569 -0.035522 0.508179 -1.047974 0.097900 1.083740
0.788208 -0.044312 0.546387 -1.016357 0.120239 1.186401
0.945679 -0.059082 0.620239 -0.992798 0.159302 1.256348
1.101318 -0.065186 0.689453 -0.945679 0.199829 1.244507
1.202271 -0.060547 0.738647 -0.865967 0.206299 1.151489
1.250854 -0.053223 0.779907 -0.754517 0.202393 1.013794
1.284668 -0.035522 0.802124 -0.616089 0.191895 0.844604
1.279175 -0.021240 0.790161 -0.471924 0.104614 0.631958
1.243652 -0.086914 0.784912 -0.345337 -0.057129 0.393066
1.169189 -0.151611 0.791382 -0.215820 -0.294312 0.179321
1.092163 -0.164185 0.737671 -0.051880 -0.562256 0.053955
1.060913 -0.150635 0.644043 0.102661 -0.742188 0.047852
1.079102 -0.104248 0.553711 0.212891 -0.760498 0.143066
1.133667 -0.066406 0.450439 0.287476 -0.629639 0.292236
1.221558 -0.025146 0.334351 0.323853 -0.417847 0.445068
1.312500 0.030151 0.235596 0.304810 -0.191772 0.560303
1.371216 0.070435 0.165771 0.242310 0.014771 0.612671
1.406494 0.096191 0.151001 0.161133 0.156616 0.607910
1.410645 0.126465 0.158813 0.090698 0.201904 0.552368
1.396729 0.140869 0.175171 0.049438 0.157593 0.464966
1.367188 0.146973 0.159424 0.034180 0.058105 0.369507
1.315063 0.142456 0.141968 0.027100 -0.051025 0.283203
1.278076 0.144653 0.118408 0.019043 -0.151978 0.221680
1.259644 0.148926 0.097900 -0.003174 -0.223755 0.184326
1.244995 0.130249 0.095947 -0.039429 -0.233154 0.169800
1.227051 0.119629 0.090332 -0.079834 -0.179077 0.175293
1.208130 0.108521 0.090820 -0.116089 -0.119019 0.191895
1.206299 0.107544 0.082642 -0.142944 -0.071045 0.205933
1.203979 0.103516 0.062012 -0.162842 -0.052979 0.204102
1.204712 0.088745 0.052979 -0.185181 -0.059692 0.186035
1.203979 0.068726 0.067627 -0.209106 -0.074951 0.153076
1.188354 0.046631 0.090088 -0.223145 -0.101196 0.107910
1.180420 0.023804 0.097778 -0.224609 -0.144775 0.065308
1.151001 -0.004761 0.114014 -0.216797 -0.188599 0.030640
1.137451 -0.005859 0.124146 -0.203003 -0.209717 0.012573
1.119141 -0.012695 0.119873 -0.190308 -0.197510 -0.001709
1.088135 -0.023315 0.105957 -0.184814 -0.158447 -0.004150
1.063843 -0.029297 0.098755 -0.184082 -0.104614 0.014038
