1.493530 0.264526 0.202759 -0.420092 -0.181091 -0.394222
1.517212 0.213135 0.238403 -0.335362 -0.296675 -0.467798
1.532593 0.148926 0.251221 -0.188448 -0.424127 -0.538525
1.515381 0.096558 0.275146 0.001661 -0.594775 -0.612101
1.496826 0.059448 0.275757 0.203401 -0.716293 -0.685913
1.445923 0.050537 0.255981 0.402766 -0.599522 -0.726261
1.198120 -0.048584 -0.003540 0.561072 -0.262736 -0.709885
1.260254 0.010254 0.225586 0.644379 1.063522 -0.578398
1.159546 0.147095 0.343140 0.595724 0.866767 -0.298099
1.229492 0.093994 0.265625 0.663366 0.193670 -0.112974
1.294189 0.017944 0.234863 0.829030 -0.241850 -0.131961
1.313599 -0.035767 0.187622 0.996829 -0.370014 -0.327292
1.341919 -0.035645 0.159058 1.160831 -0.368115 -0.672385
1.269043 -0.030884 0.178833 1.327444 -0.327530 -1.103395
1.166138 -0.056152 0.192383 1.521589 -0.275077 -1.581161
1.035156 -0.112183 0.163818 1.729973 -0.359571 -2.063911
0.925171 -0.117554 0.123047 1.967076 -0.752843 -2.443181
0.833740 -0.086670 0.070313 2.201094 -1.225388 -2.657499
0.747070 -0.072144 0.012817 2.383371 -1.548408 -2.713749
0.674561 -0.066895 -0.033813 2.491836 -1.722616 -2.660347
0.594727 -0.032837 -0.082886 2.523402 -1.861697 -2.526013
0.525757 0.016235 -0.129517 2.495633 -1.915573 -2.321188
0.479126 0.023926 -0.159302 2.456472 -1.816365 -2.078389
0.470215 0.022217 -0.177246 2.446266 -1.729973 -1.845558
0.470947 0.027466 -0.198120 2.478070 -1.696746 -1.651888
0.487183 0.009644 -0.224854 2.545475 -1.633376 -1.498092
0.479370 -0.029541 -0.262695 2.629018 -1.518978 -1.386542
0.442383 -0.046509 -0.307983 2.705917 -1.376811 -1.306796
0.385010 -0.055298 -0.355835 2.770710 -1.263837 -1.250071
0.335449 -0.044067 -0.411987 2.830758 -1.263600 -1.194534
0.294556 -0.018677 -0.458008 2.882023 -1.411700 -1.126654
0.258301 -0.003418 -0.527832 2.892229 -1.578788 -1.031956
0.225098 -0.000244 -0.582886 2.841201 -1.587806 -0.900706
0.206177 -0.012085 -0.604126 2.727752 -1.561936 -0.740027
0.230591 -0.027832 -0.631592 2.592705 -1.578550 -0.574838
0.239380 -0.038208 -0.627319 2.487801 -1.542949 -0.445725
0.235474 -0.046631 -0.607056 2.414700 -1.525386 -0.361469
0.244019 -0.057861 -0.603638 2.399036 -1.582110 -0.302846
0.244507 -0.076660 -0.603882 2.454098 -1.636936 -0.230695
0.256714 -0.082153 -0.622437 2.536456 -1.694847 -0.130300
0.289429 -0.070679 -0.678589 2.605284 -1.709799 -0.028481
0.317993 -0.065674 -0.737915 2.636613 -1.671350 0.048892
0.333740 -0.054565 -0.802734 2.608132 -1.572142 0.115110
0.345093 -0.035034 -0.859375 2.539066 -1.443741 0.179904
0.347656 -0.026855 -0.899048 2.468102 -1.308220 0.234255
0.349854 -0.038696 -0.944458 2.417548 -1.277128 0.271992
0.366455 -0.048218 -0.987427 2.404495 -1.339311 0.314476
0.407959 -0.052368 -1.068115 2.416836 -1.441368 0.355061
0.466431 -0.052368 -1.163208 2.410903 -1.466288 0.377134
0.504639 -0.044678 -1.260986 2.342311 -1.377048 0.374998
0.552124 -0.029297 -1.377075 2.211774 -1.174834 0.356722
0.599976 -0.005005 -1.520020 2.032345 -0.957905 0.323020
0.661011 0.027588 -1.679077 1.796666 -0.755929 0.262736
0.693970 0.028442 -1.834351 1.483851 -0.493905 0.162103
0.700562 0.030273 -1.958008 1.088917 -0.186787 0.035838
0.703247 0.043579 -2.043701 0.627528 0.125078 -0.071677
0.709351 0.052979 -2.088867 0.122705 0.393748 -0.143828
0.713867 0.066772 -2.077515 -0.411073 0.565107 -0.206723
0.717529 0.076050 -2.027588 -0.942478 0.652211 -0.280774
0.714111 0.074707 -1.931152 -1.432586 0.642243 -0.361232
0.713257 0.054077 -1.791260 -1.842947 0.582433 -0.435994
0.731079 0.045410 -1.642700 -2.151964 0.494617 -0.509332
0.762451 0.047852 -1.487793 -2.358450 0.473731 -0.582196
0.785767 0.066406 -1.347168 -2.484953 0.513604 -0.675945
0.795532 0.072388 -1.204590 -2.530760 0.637971 -0.800074
0.803223 0.099731 -1.113892 -2.488513 0.775628 -0.951497
0.769287 0.120850 -1.054565 -2.375776 0.887653 -1.113363
0.749878 0.162354 -1.055664 -2.249274 1.032905 -1.248410
0.727905 0.216553 -1.085327 -2.154575 1.237967 -1.332428
0.689697 0.239136 -1.139526 -2.104971 1.538202 -1.395798
0.593384 0.229004 -1.207520 -2.109243 1.842947 -1.441368
0.549805 0.239014 -1.295288 -2.199907 2.123009 -1.396273
0.516357 0.256958 -1.374268 -2.389067 2.435823 -1.241290
0.533569 0.255005 -1.411377 -2.652278 2.809634 -1.073253
0.577515 0.265869 -1.393433 -2.926880 3.031548 -1.005611
0.641602 0.268066 -1.335571 -3.161373 3.045551 -1.063759
0.703857 0.226318 -1.241455 -3.343175 2.902909 -1.235594
0.733154 0.180542 -1.158081 -3.480595 2.699508 -1.468899
0.721680 0.134766 -1.078125 -3.589060 2.516044 -1.689863
0.649658 0.043945 -0.988403 -3.688980 2.468576 -1.813042
0.565796 0.001465 -0.919678 -3.804565 2.519604 -1.788834
0.481567 -0.038940 -0.860352 -3.921811 2.633765 -1.601810
0.419922 -0.042480 -0.812744 -4.041193 2.734160 -1.318900
0.405029 -0.033325 -0.772949 -4.181461 2.778543 -1.026971
0.419800 -0.029663 -0.717285 -4.340479 2.751249 -0.808618
0.410767 -0.051147 -0.620239 -4.493801 2.711375 -0.714394
0.410767 -0.066772 -0.505859 -4.597281 2.591044 -0.728635
0.386230 -0.084595 -0.392456 -4.605114 2.376488 -0.772780
0.366821 -0.094971 -0.291382 -4.513500 2.130841 -0.791767
0.361694 -0.092041 -0.221191 -4.367536 1.891127 -0.773967
0.339478 -0.073120 -0.180420 -4.202347 1.662569 -0.731008
0.330688 -0.069458 -0.141479 -4.071098 1.476019 -0.671198
0.305542 -0.050049 -0.109985 -4.002032 1.364469 -0.573889
0.287231 -0.052734 -0.072021 -3.986605 1.347381 -0.436469
0.280640 -0.047241 -0.020142 -3.976874 1.287571 -0.289318
0.283081 -0.029419 0.050293 -3.944358 1.167477 -0.169936
0.312988 -0.018555 0.110352 -3.887397 0.948412 -0.100395
0.314697 -0.011841 0.175659 -3.829248 0.684727 -0.078085
0.303467 -0.030273 0.260132 -3.786527 0.485124 -0.060284
0.285156 -0.030151 0.350952 -3.726480 0.325394 0.011392
0.280151 -0.046509 0.443481 -3.614692 0.248970 0.159018
0.288208 -0.054077 0.523560 -3.464931 0.217166 0.332988
0.296631 -0.048584 0.584106 -3.288112 0.230220 0.492481
0.321045 -0.050781 0.585205 -3.095155 0.206486 0.609253
0.300415 -0.075684 0.572754 -2.942307 0.130300 0.669774
0.303223 -0.102295 0.557495 -2.881786 -0.037025 0.691135
0.320923 -0.140503 0.565552 -2.892229 -0.267245 0.728160
0.354858 -0.176758 0.592773 -2.930915 -0.435757 0.797938
0.394043 -0.194214 0.653320 -2.962481 -0.504111 0.877684
0.410278 -0.183716 0.734253 -2.945868 -0.487734 0.960991
0.405884 -0.181641 0.799805 -2.848795 -0.406564 1.040262
0.421021 -0.162109 0.850464 -2.670790 -0.397070 1.101734
0.431152 -0.172119 0.876343 -2.440095 -0.394460 1.165103
0.453003 -0.163208 0.869751 -2.192075 -0.381643 1.242951
0.477417 -0.155029 0.837280 -1.963279 -0.373336 1.332666
0.533691 -0.137207 0.812744 -1.802837 -0.330378 1.423092
0.621948 -0.098999 0.762451 -1.736144 -0.313289 1.488598
0.676758 -0.077637 0.742432 -1.751334 -0.235679 1.491684
0.744995 -0.049316 0.743408 -1.806160 -0.181803 1.435434
0.813477 -0.019043 0.766357 -1.846270 -0.204825 1.337650
0.852417 -0.002686 0.793091 -1.851017 -0.185125 1.209249
0.851807 -0.001099 0.819336 -1.833216 -0.140743 1.062098
0.833496 0.002441 0.851318 -1.791919 -0.122230 0.950548
0.796387 -0.015259 0.878418 -1.731872 -0.084968 0.918744
0.777710 -0.041992 0.904175 -1.672774 0.003323 0.971908
0.761108 -0.070068 0.926392 -1.618661 0.155933 1.097699
0.773926 -0.073975 0.938232 -1.574753 0.318985 1.264074
0.799438 -0.085815 0.942017 -1.550307 0.477291 1.416921
0.836060 -0.082031 0.961426 -1.551019 0.580534 1.509009
0.877930 -0.092529 1.012085 -1.555054 0.579585 1.511146
0.933350 -0.113281 1.047119 -1.523250 0.508858 1.432349
0.965698 -0.122559 1.082642 -1.444216 0.447624 1.309881
0.987183 -0.134521 1.097778 -1.333852 0.380456 1.182429
1.010376 -0.142334 1.105347 -1.201654 0.303321 1.053079
1.024292 -0.151611 1.114868 -1.057826 0.239002 0.926339
1.023071 -0.171387 1.119751 -0.917083 0.186075 0.799125
1.019531 -0.202881 1.117188 -0.778001 0.110838 0.675470
1.013062 -0.245728 1.120728 -0.623256 0.026819 0.574126
1.016235 -0.272339 1.108398 -0.457355 -0.042009 0.506721
1.022827 -0.287231 1.083374 -0.304508 -0.094224 0.458067
1.033447 -0.291870 1.057861 -0.184413 -0.115822 0.407988
1.051270 -0.291138 1.028076 -0.087341 -0.124129 0.351264
1.049316 -0.288818 1.000732 0.000237 -0.122230 0.283622
1.052368 -0.278809 0.966309 0.085680 -0.118433 0.204113
1.049072 -0.274292 0.937988 0.169224 -0.152135 0.114398
1.062744 -0.260986 0.895874 0.254666 -0.220964 0.006646
1.060669 -0.242432 0.858765 0.330852 -0.290030 -0.126265
1.047485 -0.232056 0.816162 0.389950 -0.350552 -0.275789
1.030273 -0.222290 0.774780 0.437655 -0.384254 -0.417956
1.008179 -0.207153 0.736206 0.472545 -0.429349 -0.539474
