2.017700 -0.551392 0.503662 -0.132935 -0.674316 -0.884155
1.935791 -0.442261 0.470947 -0.026978 -0.741089 -1.033203
1.865967 -0.435547 0.468750 0.040527 -0.661377 -1.116455
1.788452 -0.424316 0.402344 0.088135 -0.550903 -1.161377
1.713501 -0.432007 0.437744 0.093872 -0.335449 -1.229248
1.624268 -0.409424 0.572266 0.135864 -0.233643 -1.285034
1.592896 -0.375244 0.616577 0.247803 -0.323608 -1.350708
1.529541 -0.367188 0.601685 0.385254 -0.454346 -1.447144
1.432373 -0.364136 0.558960 0.519775 -0.481079 -1.529419
1.297729 -0.365479 0.521973 0.641968 -0.387573 -1.585205
1.162598 -0.365967 0.490967 0.758911 -0.268433 -1.618286
1.024292 -0.373901 0.464111 0.879028 -0.173584 -1.624512
0.869751 -0.389893 0.442505 1.010620 -0.100342 -1.610474
0.712646 -0.399292 0.395386 1.146973 -0.071899 -1.579468
0.562500 -0.388550 0.332642 1.281494 -0.084961 -1.522827
0.437256 -0.373291 0.261719 1.393311 -0.111084 -1.426636
0.356934 -0.349854 0.213135 1.482910 -0.118408 -1.288696
0.311523 -0.340698 0.176636 1.556519 -0.097656 -1.133545
0.311890 -0.345093 0.137695 1.625122 -0.084961 -0.982056
0.310059 -0.343384 0.105591 1.694946 -0.097168 -0.859985
0.201782 -0.329468 0.120850 1.771240 -0.168335 -0.757080
0.289673 -0.295288 0.026245 1.853394 -0.255859 -0.683105
0.249634 -0.248047 0.005127 1.904907 -0.275513 -0.697021
0.144531 -0.275513 -0.057129 1.954102 -0.386108 -0.663574
0.098145 -0.319824 -0.096680 1.980713 -0.457886 -0.588501
0.065552 -0.347046 -0.135742 1.996582 -0.486694 -0.500610
0.040771 -0.361938 -0.170166 2.009521 -0.492798 -0.375854
0.051270 -0.370850 -0.206909 2.013306 -0.471802 -0.219116
0.120239 -0.398071 -0.224609 2.005005 -0.436279 -0.050049
0.196411 -0.425293 -0.245605 2.001099 -0.380005 0.109375
0.264893 -0.434448 -0.271362 2.004761 -0.297729 0.245972
0.315796 -0.432495 -0.284058 2.004761 -0.221558 0.351440
0.347168 -0.421143 -0.299561 2.004150 -0.186157 0.415405
0.345703 -0.427734 -0.328003 2.005249 -0.189331 0.445068
0.315796 -0.430786 -0.356201 2.006958 -0.213623 0.461792
0.286743 -0.456665 -0.388428 1.999512 -0.239380 0.485962
0.262451 -0.514160 -0.400757 1.983521 -0.269043 0.527710
0.259155 -0.580322 -0.407959 1.977539 -0.280151 0.605469
0.308594 -0.632446 -0.430176 1.995117 -0.278076 0.712646
0.383057 -0.671387 -0.489990 2.041748 -0.298950 0.817993
0.470581 -0.707275 -0.571533 2.103638 -0.336792 0.901733
0.581665 -0.739746 -0.677612 2.158691 -0.388672 0.961670
0.710327 -0.756348 -0.784546 2.192627 -0.439087 1.003662
0.823975 -0.759277 -0.899536 2.192993 -0.455444 1.021240
0.953613 -0.732300 -1.021973 2.142212 -0.413330 1.022705
1.092651 -0.721802 -1.124390 2.034668 -0.311523 1.005127
1.220459 -0.742310 -1.255249 1.886841 -0.158447 0.965454
1.326172 -0.753540 -1.373291 1.696167 0.002319 0.912231
1.413696 -0.723145 -1.434082 1.467285 0.105347 0.843018
1.464355 -0.709106 -1.448242 1.237671 0.135132 0.746826
1.480835 -0.736694 -1.440918 1.051147 0.103271 0.628052
1.505005 -0.785645 -1.463623 0.922485 -0.011963 0.513428
1.559814 -0.802246 -1.486206 0.831421 -0.180786 0.418579
1.642944 -0.778198 -1.520630 0.744873 -0.293457 0.334717
1.702271 -0.736206 -1.521484 0.649780 -0.357544 0.241821
1.729126 -0.707275 -1.516846 0.551270 -0.371826 0.134033
1.796753 -0.707153 -1.586060 0.455933 -0.296997 0.015747
1.763062 -0.609375 -1.445557 0.335327 -0.099365 -0.117432
1.762451 -0.567261 -1.413696 0.262817 -0.005859 -0.216187
1.721924 -0.562866 -1.455566 0.197021 0.169189 -0.354126
1.607788 -0.531128 -1.470459 0.099121 0.343750 -0.491821
1.483154 -0.518555 -1.465576 -0.011108 0.445313 -0.571411
1.372803 -0.517700 -1.446533 -0.128540 0.471558 -0.624390
1.291870 -0.508911 -1.405884 -0.251343 0.406006 -0.665405
1.257446 -0.513428 -1.368164 -0.378906 0.279907 -0.691162
1.296753 -0.534424 -1.310791 -0.520630 0.163940 -0.697632
1.379761 -0.534424 -1.219482 -0.666626 0.075195 -0.701660
1.457764 -0.518311 -1.129272 -0.792236 0.009277 -0.746704
1.472778 -0.533447 -1.037720 -0.897583 0.014404 -0.835938
1.445313 -0.557617 -0.952393 -0.993408 0.151978 -0.928833
1.368530 -0.563843 -0.865601 -1.067139 0.316895 -1.000244
1.250000 -0.575073 -0.829224 -1.102417 0.495972 -1.059204
1.126221 -0.578857 -0.818604 -1.114990 0.660522 -1.104248
1.009644 -0.577393 -0.847778 -1.116699 0.749512 -1.122803
0.937256 -0.551514 -0.891846 -1.131104 0.776855 -1.122925
0.896362 -0.529907 -0.915894 -1.177490 0.774414 -1.128418
0.851318 -0.527710 -0.927979 -1.249634 0.708618 -1.139038
0.824219 -0.523315 -0.925903 -1.339722 0.624756 -1.140625
0.812500 -0.519653 -0.865723 -1.458130 0.567017 -1.142334
0.805054 -0.495239 -0.785889 -1.575684 0.518188 -1.151489
0.769531 -0.489746 -0.699707 -1.671265 0.456299 -1.179077
0.694092 -0.477539 -0.617554 -1.743286 0.404785 -1.209351
0.601685 -0.474121 -0.527344 -1.801025 0.403809 -1.222290
0.512817 -0.461182 -0.456543 -1.834473 0.445801 -1.198608
0.432739 -0.441772 -0.399536 -1.848633 0.509277 -1.145752
0.369873 -0.411499 -0.343262 -1.859619 0.574829 -1.071777
0.316528 -0.385498 -0.305420 -1.856689 0.616699 -0.986572
0.292114 -0.351563 -0.272339 -1.837524 0.621094 -0.900513
0.276245 -0.302856 -0.222778 -1.828735 0.595947 -0.814331
0.286133 -0.253662 -0.183105 -1.829956 0.560547 -0.727539
0.302246 -0.229004 -0.143555 -1.830688 0.513672 -0.660400
0.304443 -0.194336 -0.090454 -1.836670 0.471680 -0.597900
0.293945 -0.164429 -0.034912 -1.840820 0.452026 -0.537964
0.282227 -0.139404 0.004150 -1.827393 0.429077 -0.477051
0.260864 -0.107178 0.054077 -1.802612 0.398193 -0.413818
0.257568 -0.078857 0.107910 -1.771851 0.371948 -0.343262
0.274414 -0.053711 0.159546 -1.731812 0.348999 -0.259521
0.303223 -0.022705 0.223511 -1.683228 0.343506 -0.161377
0.324951 0.014404 0.283691 -1.625610 0.370117 -0.065918
0.354980 0.043945 0.334106 -1.562866 0.404785 0.027222
0.392212 0.067505 0.369873 -1.504272 0.438843 0.121948
0.431519 0.088379 0.404297 -1.457031 0.483276 0.216553
0.482788 0.104370 0.462402 -1.413818 0.514282 0.308228
0.539917 0.114380 0.506470 -1.362671 0.542114 0.386108
0.590698 0.115967 0.554077 -1.304321 0.558594 0.439697
0.643555 0.100952 0.593262 -1.230225 0.539429 0.476440
0.702393 0.095337 0.610352 -1.137573 0.464966 0.497803
0.751709 0.101807 0.629639 -1.039551 0.352783 0.504883
0.837769 0.057739 0.644653 -0.944580 0.224609 0.527588
0.952026 0.018921 0.673096 -0.856201 0.125244 0.542236
1.043457 0.034424 0.702271 -0.762817 0.094727 0.510742
1.080811 0.053223 0.709595 -0.666138 0.099121 0.453857
1.077881 0.073608 0.712769 -0.574463 0.131958 0.400146
1.065796 0.079590 0.703247 -0.479126 0.164307 0.363037
1.039551 0.084351 0.662109 -0.377441 0.177856 0.334595
1.022095 0.071289 0.623657 -0.279175 0.176636 0.318481
0.999146 0.100708 0.571533 -0.187622 0.173828 0.307129
0.987549 0.105957 0.509277 -0.116089 0.162354 0.303833
0.985107 0.103516 0.453979 -0.074341 0.149658 0.309570
0.988525 0.094360 0.420410 -0.058594 0.155640 0.316895
1.001953 0.070190 0.392944 -0.055664 0.152710 0.319458
1.026733 0.059570 0.390137 -0.059937 0.143555 0.322021
1.052979 0.041870 0.389038 -0.060547 0.138550 0.320313
1.070557 0.034302 0.392456 -0.059448 0.136963 0.309570
1.077637 0.031982 0.394775 -0.047485 0.126831 0.290161
1.075195 0.024902 0.383179 -0.021973 0.100098 0.266235
1.065796 0.027222 0.347778 0.005371 0.062744 0.241455
1.061523 0.040894 0.316528 0.026001 0.025269 0.218262
1.064087 0.055542 0.290405 0.037231 -0.013794 0.195923
1.070068 0.051025 0.269775 0.043335 -0.047241 0.174072
1.073364 0.051636 0.254028 0.040894 -0.072021 0.154907
1.072876 0.053589 0.252197 0.035034 -0.086670 0.135742
1.066895 0.052368 0.245850 0.027832 -0.093750 0.117676
1.052979 0.049683 0.236816 0.016113 -0.097656 0.101074
1.037476 0.058716 0.244263 -0.002441 -0.104614 0.088013
1.006348 0.068115 0.250122 -0.021729 -0.114136 0.078369
1.001953 0.052856 0.263184 -0.039795 -0.133789 0.073486
1.009033 0.037476 0.274170 -0.051392 -0.156616 0.068115
1.008545 0.044434 0.285767 -0.052734 -0.152588 0.057373
1.015747 0.033691 0.290283 -0.047974 -0.163208 0.053589
1.026001 0.049561 0.302734 -0.040161 -0.153809 0.055298
1.042114 0.026733 0.289673 -0.024048 -0.150635 0.053589
1.046021 0.013794 0.278076 -0.008911 -0.161255 0.036865
1.030640 0.027466 0.269287 0.003906 -0.149292 0.015137
1.021484 0.031982 0.253418 0.016357 -0.149170 0.002930
1.008911 0.036377 0.241821 0.021484 -0.158691 -0.005371
0.996704 0.052490 0.233032 0.020508 -0.144775 -0.008423
0.972290 0.067993 0.209351 0.018066 -0.135254 -0.007690
0.936523 0.070923 0.181885 0.007080 -0.130981 -0.003906
0.910400 0.079346 0.157104 -0.016602 -0.126099 0.015625
