0.942505 0.284180 0.130615 -0.655059 -0.308542 -0.205299
0.989746 0.293579 0.141602 -0.570329 -0.568193 -0.112499
0.944824 0.305054 0.124023 -0.477766 -0.922304 -0.052452
0.938965 0.323120 0.095703 -0.401580 -0.999440 0.001899
0.975952 0.320923 0.085938 -0.359808 -0.930849 0.042959
1.011230 0.330444 0.040894 -0.330615 -0.819299 0.117721
1.048096 0.332397 -0.043457 -0.273179 -0.550392 0.234018
1.157227 0.366821 0.023926 -0.187736 0.072626 0.337973
1.231323 0.411133 0.126343 -0.115347 0.293590 0.386153
1.247925 0.426392 0.138794 -0.050553 0.128876 0.329903
1.253784 0.435791 0.165039 0.000000 0.055775 0.182989
1.277222 0.462158 0.162964 0.062420 0.129588 0.010443
1.298096 0.477905 0.149414 0.134572 0.175157 -0.138607
1.354126 0.497070 0.172485 0.201977 0.168512 -0.249682
1.409180 0.493896 0.203857 0.232593 0.152372 -0.338685
1.424194 0.456421 0.180908 0.201265 0.153559 -0.458541
1.406616 0.436768 0.170166 0.128401 0.187736 -0.644142
1.388306 0.420288 0.186279 0.056012 0.294777 -0.883143
1.392700 0.398682 0.212524 0.010443 0.370963 -1.127366
1.387573 0.353516 0.239136 -0.003560 0.343906 -1.335989
1.362061 0.292480 0.251343 0.009731 0.332039 -1.493820
1.319092 0.247070 0.254517 0.049604 0.396121 -1.604895
1.267700 0.219604 0.263672 0.117009 0.489396 -1.687727
1.219849 0.195068 0.279541 0.210283 0.547069 -1.754419
1.179932 0.165527 0.286133 0.323257 0.542085 -1.813042
1.131104 0.139648 0.279053 0.446437 0.498652 -1.863359
1.095825 0.108154 0.262939 0.576737 0.463051 -1.907979
1.052734 0.075317 0.250977 0.708223 0.435519 -1.953548
1.013794 0.057617 0.227661 0.833539 0.401580 -2.002440
1.004150 0.060913 0.232788 0.956244 0.369064 -2.063674
1.015015 0.071655 0.224609 1.092240 0.336549 -2.166917
1.002441 0.046753 0.216797 1.252919 0.233305 -2.332580
0.958618 0.025024 0.209351 1.438282 0.147151 -2.564224
0.909058 0.010010 0.198730 1.628392 0.066455 -2.810584
0.853271 -0.001465 0.184204 1.806634 -0.029668 -3.016120
0.799927 -0.001953 0.182983 1.961143 -0.136233 -3.145946
0.722900 -0.041382 0.163574 2.090019 -0.198654 -3.184632
0.645508 -0.068481 0.159058 2.221980 -0.294065 -3.140249
0.593872 -0.066528 0.119873 2.375302 -0.359333 -3.034633
0.580933 -0.081299 0.075317 2.580364 -0.198654 -2.885108
0.543213 -0.086060 0.049316 2.806786 -0.016851 -2.710901
0.474731 -0.100830 0.018677 3.032734 0.070965 -2.498007
0.383179 -0.174561 -0.052734 3.237321 0.082357 -2.248799
0.313477 -0.205933 -0.044678 3.441197 0.060284 -2.000779
0.288086 -0.254517 -0.038452 3.686844 0.171360 -1.760353
0.221558 -0.254272 -0.055420 4.012238 0.306169 -1.511383
0.201416 -0.210327 -0.088257 4.415004 0.407513 -1.248410
0.243774 -0.164673 -0.190796 4.830824 0.448336 -0.952921
0.303101 -0.101074 -0.374146 5.166661 0.376896 -0.627290
0.300537 -0.057129 -0.574463 5.371485 0.394222 -0.295963
0.285645 0.003052 -0.744751 5.433431 0.662654 0.010680
0.297852 0.100586 -0.885864 5.349412 1.000864 0.304745
0.335327 0.222412 -1.069580 5.121091 1.215182 0.571515
0.329224 0.418335 -1.254883 4.729242 1.259802 0.785596
0.282959 0.523071 -1.384399 4.149895 1.392713 0.943428
0.287720 0.574951 -1.466309 3.375691 1.575227 1.050943
0.332520 0.628906 -1.523071 2.497532 1.433061 1.108379
0.416260 0.693115 -1.518921 1.691287 0.906877 1.125705
0.532837 0.731934 -1.495239 1.084408 0.355298 1.115974
0.653931 0.749268 -1.457031 0.722464 -0.049604 1.091291
0.747925 0.759399 -1.419189 0.569379 -0.236866 1.050468
0.810913 0.805176 -1.376343 0.553952 -0.183464 0.991608
0.873535 0.836792 -1.355957 0.591452 0.014003 0.920880
0.940186 0.841064 -1.384033 0.594775 0.229508 0.845881
0.994629 0.909424 -1.468262 0.494142 0.291454 0.756641
1.005493 0.959961 -1.532959 0.253479 0.246359 0.634173
0.975708 0.940796 -1.542603 -0.162341 0.264872 0.473494
0.942139 0.885986 -1.495972 -0.727923 0.302134 0.284571
0.912598 0.837158 -1.409546 -1.352840 0.240663 0.107040
0.892212 0.816040 -1.308472 -1.903706 0.071677 -0.035364
0.901367 0.776855 -1.222900 -2.275144 -0.105379 -0.143591
0.884399 0.734985 -1.141235 -2.446504 -0.253717 -0.250869
0.862183 0.695068 -1.071289 -2.456472 -0.373099 -0.385915
0.837524 0.673218 -1.024902 -2.350618 -0.489158 -0.546595
0.784302 0.654419 -0.999634 -2.167629 -0.600471 -0.714632
0.748779 0.658569 -1.059326 -1.944292 -0.717954 -0.873175
0.685425 0.757690 -1.185425 -1.745875 -0.941292 -0.993981
0.605347 0.806519 -1.261597 -1.678233 -1.121670 -1.024835
0.557373 0.694092 -1.301636 -1.884245 -1.013918 -0.937969
0.541138 0.535400 -1.256836 -2.399036 -0.856324 -0.748571
0.542236 0.441650 -1.165649 -3.109395 -0.781799 -0.516927
0.557373 0.396973 -1.061157 -3.787002 -0.728635 -0.292166
0.582520 0.345459 -0.988403 -4.259783 -0.628240 -0.088528
0.580200 0.270874 -0.897339 -4.496886 -0.484649 0.107278
0.557739 0.197510 -0.807129 -4.570699 -0.187261 0.294302
0.532227 0.137085 -0.709717 -4.570224 0.198416 0.480851
0.492065 0.098145 -0.646118 -4.549576 0.586943 0.668825
0.448120 0.056396 -0.597290 -4.548389 0.903080 0.852526
0.407715 -0.007690 -0.511108 -4.589212 1.138047 1.034804
0.374146 -0.079590 -0.418579 -4.694828 1.304185 1.211622
0.354004 -0.171143 -0.311157 -4.858118 1.363283 1.383456
0.331299 -0.255859 -0.211914 -5.030664 1.324834 1.529184
0.301147 -0.305054 -0.136719 -5.142927 1.202366 1.603708
0.294556 -0.338989 -0.057983 -5.148860 1.047145 1.610354
0.297974 -0.362061 0.018066 -5.042769 0.862495 1.584246
0.298462 -0.360229 0.026123 -4.855745 0.676657 1.536541
0.290771 -0.357178 0.060303 -4.620066 0.492718 1.475307
0.250000 -0.379028 0.142578 -4.381539 0.395172 1.409327
0.215332 -0.425781 0.180786 -4.172917 0.418194 1.350941
0.192383 -0.447021 0.230469 -4.000608 0.415820 1.325546
0.169556 -0.429199 0.286865 -3.856305 0.285995 1.339549
0.154541 -0.396118 0.345215 -3.704644 0.054114 1.385830
0.170044 -0.364014 0.386475 -3.498633 -0.311390 1.459168
0.251465 -0.297974 0.324097 -3.210739 -0.862969 1.568582
0.326660 -0.300537 0.241211 -2.896264 -1.484089 1.786698
0.340698 -0.356323 0.256958 -2.660347 -1.617474 2.175698
0.385376 -0.423584 0.304932 -2.614778 -1.211622 2.760742
0.419922 -0.528442 0.318970 -2.774508 -0.714869 3.511212
0.456177 -0.614014 0.326660 -3.078304 -0.310916 4.333122
0.531616 -0.699219 0.306519 -3.435738 0.065269 5.105902
0.640137 -0.800537 0.301025 -3.749739 0.360995 5.722986
0.795776 -0.857544 0.331665 -3.969042 0.449285 6.113411
1.004639 -0.899536 0.352661 -4.075133 0.291929 6.237540
1.194214 -0.904053 0.466187 -4.062316 -0.081882 6.050041
1.366333 -0.896240 0.625366 -3.931304 -0.515028 5.530741
1.501831 -0.844360 0.790771 -3.649344 -0.906640 4.694591
1.614014 -0.828613 0.887451 -3.201483 -1.302998 3.656227
1.729492 -0.842041 0.903076 -2.594129 -1.716445 2.527199
1.789429 -0.854492 0.854736 -1.909877 -1.989149 1.450149
1.813110 -0.879639 0.802856 -1.263600 -2.048247 0.535677
1.780151 -0.888794 0.792725 -0.745961 -2.004813 -0.158543
1.708862 -0.863892 0.784912 -0.380694 -1.903706 -0.613762
1.624634 -0.799194 0.774170 -0.117246 -1.722616 -0.834488
1.552124 -0.697876 0.755005 0.098259 -1.454896 -0.844219
1.486816 -0.581055 0.722900 0.303558 -1.145167 -0.694695
1.432495 -0.482666 0.673584 0.504585 -0.825469 -0.472782
1.368896 -0.404785 0.612671 0.681404 -0.516927 -0.246359
1.307861 -0.346924 0.549561 0.805058 -0.210521 -0.072151
1.247192 -0.308228 0.484619 0.859172 0.060284 0.019462
1.198975 -0.280396 0.436768 0.855849 0.241850 0.032990
1.155396 -0.263916 0.395630 0.823333 0.304270 -0.016851
1.107666 -0.263428 0.374023 0.796039 0.227609 -0.118195
1.079712 -0.272949 0.354004 0.792717 0.036788 -0.255141
1.057373 -0.266724 0.333862 0.808856 -0.154983 -0.398020
1.049927 -0.264771 0.306274 0.833539 -0.271043 -0.514791
1.065186 -0.272705 0.282593 0.853713 -0.374760 -0.599996
1.073242 -0.270874 0.286865 0.871276 -0.509095 -0.674521
1.092163 -0.253784 0.303711 0.890738 -0.612813 -0.771593
1.109375 -0.231323 0.310303 0.927763 -0.700391 -0.902130
1.114990 -0.211182 0.311890 0.987336 -0.754979 -1.058538
1.118896 -0.198975 0.293945 1.067319 -0.755217 -1.227999
1.103271 -0.198120 0.280151 1.157271 -0.746910 -1.389390
1.085693 -0.198730 0.250854 1.247460 -0.738128 -1.527997
1.061035 -0.208984 0.217285 1.328394 -0.734331 -1.636699
1.044067 -0.213013 0.186279 1.398409 -0.760913 -1.708375
1.041870 -0.198608 0.153442 1.456557 -0.814077 -1.742790
1.038330 -0.183472 0.117798 1.506161 -0.859172 -1.739467
1.034912 -0.158813 0.095215 1.543424 -0.874124 -1.700781
1.035522 -0.121826 0.069702 1.562174 -0.857273 -1.626968
1.023804 -0.086670 0.034546 1.554816 -0.728160 -1.521351
