2.203125 -0.518921 0.624634 -0.352173 -0.831787 -1.203491
2.141357 -0.538696 0.559204 -0.269531 -0.844360 -1.390991
2.036865 -0.547607 0.526611 -0.223877 -0.792725 -1.504883
1.951660 -0.505493 0.508911 -0.186523 -0.731812 -1.570801
1.898193 -0.461670 0.549316 -0.142334 -0.676392 -1.610596
1.847412 -0.476807 0.489624 -0.086060 -0.590698 -1.645020
1.801514 -0.473511 0.547974 -0.042114 -0.462402 -1.675903
1.825439 -0.456909 0.545410 0.048828 -0.450317 -1.707886
1.780762 -0.454590 0.517090 0.164063 -0.452759 -1.790283
1.690063 -0.442505 0.478516 0.287476 -0.409424 -1.897461
1.601196 -0.428833 0.440308 0.411743 -0.329712 -2.006226
1.503052 -0.427856 0.398926 0.530396 -0.248535 -2.124023
1.337524 -0.445068 0.365234 0.634644 -0.162964 -2.253052
1.135620 -0.467407 0.332764 0.726807 -0.075928 -2.356323
0.926270 -0.492065 0.302612 0.814453 0.009766 -2.401733
0.714722 -0.495239 0.256714 0.906494 0.096802 -2.372192
0.523682 -0.484131 0.236084 1.003784 0.144531 -2.281128
0.091431 -0.428711 0.259155 1.115601 0.113159 -2.115601
0.112305 -0.407227 0.176392 1.250122 0.043701 -1.856079
0.080566 -0.353638 0.216797 1.378418 0.013550 -1.705200
0.024170 -0.325684 0.173950 1.536499 -0.222046 -1.536011
0.016968 -0.303467 0.130615 1.661499 -0.358032 -1.348755
0.004883 -0.294312 0.098755 1.772339 -0.395508 -1.196533
-0.030518 -0.263550 0.052612 1.875854 -0.433350 -1.075806
-0.105591 -0.240356 -0.009644 1.953003 -0.459595 -0.977905
-0.188232 -0.245728 -0.057373 2.010742 -0.479248 -0.883667
-0.253784 -0.276123 -0.105957 2.062500 -0.493652 -0.762451
-0.269897 -0.283203 -0.137085 2.108765 -0.514038 -0.600220
-0.242676 -0.304199 -0.171387 2.139282 -0.542969 -0.413330
-0.174927 -0.344238 -0.216675 2.154663 -0.555664 -0.209961
-0.075317 -0.402588 -0.255981 2.183350 -0.542114 0.003540
0.050659 -0.424438 -0.308472 2.245972 -0.495117 0.212158
0.182983 -0.405151 -0.355957 2.319824 -0.446289 0.379272
0.287354 -0.387207 -0.387817 2.375488 -0.399658 0.475220
0.352295 -0.380737 -0.411743 2.412231 -0.374878 0.514648
0.377808 -0.379517 -0.438477 2.437378 -0.385620 0.518677
0.382446 -0.388062 -0.451782 2.465820 -0.421021 0.498169
0.358765 -0.471191 -0.502686 2.511108 -0.502441 0.470825
0.357666 -0.587891 -0.579224 2.592407 -0.650024 0.458008
0.452759 -0.659546 -0.703125 2.709717 -0.806152 0.468506
0.576782 -0.669067 -0.876099 2.838013 -0.938232 0.470703
0.696533 -0.656616 -1.083740 2.935303 -1.055786 0.416992
0.781494 -0.592896 -1.311401 2.961304 -1.123291 0.302124
0.829956 -0.505371 -1.616089 2.888428 -1.123291 0.149292
0.878418 -0.370605 -1.837891 2.690430 -1.148682 -0.015259
0.818848 -0.311523 -1.930054 2.382813 -1.188599 -0.210571
0.639526 -0.404785 -1.941040 2.036377 -1.310791 -0.402100
0.506592 -0.506836 -1.892090 1.705322 -1.344849 -0.445068
0.530273 -0.628296 -1.820557 1.419312 -1.143799 -0.316895
0.701294 -0.697510 -1.725098 1.209473 -0.799927 -0.137817
0.861694 -0.725952 -1.682251 1.118530 -0.484619 -0.034302
0.950684 -0.726929 -1.721558 1.111328 -0.278442 -0.027710
0.951050 -0.716553 -1.824707 1.128662 -0.153564 -0.071411
0.898560 -0.692017 -1.943115 1.119751 -0.046997 -0.113403
0.845215 -0.656250 -2.030029 1.049561 0.063354 -0.134888
0.824219 -0.621704 -2.077759 0.924805 0.163330 -0.140869
0.813477 -0.556396 -2.094604 0.765747 0.207520 -0.152222
0.786743 -0.494507 -2.064209 0.577759 0.207764 -0.183838
0.761108 -0.496704 -2.002075 0.375000 0.199341 -0.233521
0.836670 -0.620605 -1.975952 0.190430 0.180664 -0.281250
0.732910 -0.532227 -1.833252 0.022827 0.346313 -0.383301
0.713745 -0.424194 -1.730347 -0.078735 0.350952 -0.404541
0.815308 -0.517822 -1.729126 -0.164063 0.236572 -0.377930
0.799438 -0.495850 -1.679443 -0.270508 0.272705 -0.414795
0.781128 -0.503540 -1.628540 -0.358887 0.380615 -0.450684
0.764893 -0.501831 -1.569580 -0.439453 0.475952 -0.479370
0.781982 -0.502808 -1.513672 -0.510498 0.524658 -0.502686
0.826538 -0.510986 -1.478882 -0.582275 0.541138 -0.515015
0.856812 -0.480957 -1.438477 -0.647949 0.553223 -0.537720
0.848877 -0.445435 -1.413818 -0.712280 0.575684 -0.588989
0.811768 -0.438721 -1.406738 -0.786011 0.601563 -0.656128
0.773315 -0.435913 -1.383057 -0.876465 0.644897 -0.704590
0.759155 -0.445557 -1.355591 -0.965820 0.721069 -0.745361
0.745361 -0.447266 -1.341431 -1.048096 0.761108 -0.777466
0.712036 -0.451660 -1.345825 -1.123657 0.790039 -0.801880
0.686890 -0.453735 -1.345337 -1.218140 0.854370 -0.820923
0.664673 -0.424194 -1.301025 -1.331909 0.900513 -0.826660
0.629639 -0.415039 -1.264160 -1.444214 0.938965 -0.831421
0.617432 -0.425293 -1.204834 -1.565308 0.960815 -0.838379
0.607178 -0.414063 -1.140137 -1.695068 0.952637 -0.834717
0.624390 -0.404297 -1.069214 -1.813354 0.979858 -0.836426
0.640015 -0.396240 -1.043579 -1.922241 0.993652 -0.853027
0.631226 -0.376465 -1.003784 -2.042114 1.001221 -0.885254
0.597290 -0.379517 -0.950317 -2.176270 1.015991 -0.929321
0.546265 -0.404907 -0.883301 -2.306274 1.026001 -0.971680
0.492798 -0.440186 -0.807373 -2.422729 1.030029 -0.988281
0.460327 -0.440063 -0.712280 -2.524170 1.025513 -0.968140
0.433594 -0.435669 -0.615234 -2.602417 1.033936 -0.940552
0.420166 -0.433105 -0.528687 -2.664917 1.045410 -0.913208
0.403076 -0.421143 -0.439087 -2.709717 1.053711 -0.879883
0.373047 -0.401489 -0.341064 -2.724487 1.060791 -0.845947
0.337524 -0.390381 -0.243042 -2.713623 1.082275 -0.809570
0.314819 -0.363647 -0.146973 -2.671753 1.124878 -0.764893
0.316040 -0.328003 -0.078491 -2.607422 1.160522 -0.713135
0.324707 -0.272461 -0.028076 -2.534546 1.167358 -0.654785
0.323364 -0.210938 0.033325 -2.463989 1.158691 -0.600220
0.314453 -0.155273 0.110840 -2.399048 1.151367 -0.553101
0.305420 -0.104614 0.186279 -2.324585 1.158569 -0.500000
0.313843 -0.053589 0.260498 -2.234009 1.150391 -0.440674
0.329102 0.009399 0.343018 -2.127808 1.133057 -0.385620
0.352051 0.070435 0.430420 -2.003418 1.134888 -0.350098
0.366943 0.112183 0.518921 -1.867310 1.113403 -0.326904
0.371826 0.144775 0.571045 -1.730591 1.068970 -0.293335
0.375977 0.171021 0.602661 -1.601074 1.033203 -0.246582
0.371216 0.183105 0.631470 -1.494263 1.014038 -0.193115
0.388184 0.216797 0.690430 -1.400513 0.973511 -0.134277
0.416016 0.231812 0.726563 -1.299927 0.884644 -0.089355
0.440674 0.232788 0.754517 -1.203735 0.751465 -0.066772
0.467529 0.239990 0.783325 -1.123657 0.601685 -0.052368
0.499634 0.252319 0.823975 -1.052002 0.457886 -0.040283
0.516724 0.239502 0.844238 -0.979736 0.329468 -0.031006
0.525879 0.228760 0.854248 -0.905762 0.229370 -0.018555
0.532837 0.237793 0.860718 -0.825195 0.160767 0.001465
0.536987 0.243164 0.851563 -0.740601 0.097900 0.016968
0.530884 0.255737 0.810669 -0.658203 0.040894 0.031250
0.512817 0.264404 0.765625 -0.597046 0.008911 0.056885
0.513062 0.269165 0.734863 -0.559448 0.008057 0.097046
0.510010 0.265625 0.692871 -0.530396 0.018433 0.146118
0.524414 0.256592 0.653931 -0.514771 0.031250 0.200806
0.534302 0.258179 0.638672 -0.518433 0.038574 0.257202
0.554199 0.261475 0.630249 -0.531006 0.053467 0.313843
0.573975 0.261108 0.639771 -0.547241 0.068970 0.367920
0.609497 0.258911 0.667725 -0.563354 0.067139 0.409912
0.640259 0.251221 0.686157 -0.566406 0.052002 0.436035
0.673950 0.239502 0.714600 -0.553345 0.030396 0.444336
0.703857 0.228394 0.748535 -0.529907 -0.004272 0.438110
0.723511 0.216553 0.774658 -0.490845 -0.043091 0.419556
0.741943 0.200439 0.770996 -0.438599 -0.070190 0.399292
0.749146 0.182495 0.767456 -0.394653 -0.073486 0.385742
0.761963 0.180786 0.764893 -0.357910 -0.059204 0.386230
0.769287 0.190063 0.754639 -0.319214 -0.031372 0.391479
0.782104 0.197632 0.739258 -0.282837 -0.010254 0.396484
0.791504 0.211060 0.708740 -0.257568 0.000610 0.396729
0.770508 0.240234 0.688354 -0.245117 0.000366 0.390503
0.800659 0.197754 0.648071 -0.245483 -0.037231 0.386597
0.783813 0.196289 0.643799 -0.263916 -0.064331 0.360352
0.772217 0.195801 0.643555 -0.273682 -0.112793 0.332397
0.740234 0.174927 0.651001 -0.267700 -0.203857 0.303345
0.715454 0.132813 0.627075 -0.244751 -0.366333 0.295166
0.701782 0.135986 0.607178 -0.223511 -0.510132 0.309814
0.753052 0.149170 0.603027 -0.219482 -0.583984 0.366699
0.854004 0.147339 0.605469 -0.224121 -0.581665 0.428833
0.925293 0.148560 0.605591 -0.236084 -0.501831 0.466309
0.987305 0.154297 0.619141 -0.258057 -0.366089 0.479492
1.013794 0.146973 0.629639 -0.261475 -0.263916 0.459839
1.033936 0.152954 0.616821 -0.239380 -0.215576 0.407227
1.041382 0.150146 0.594360 -0.205444 -0.199097 0.331299
1.029663 0.150269 0.559692 -0.167480 -0.240234 0.244263
1.002930 0.142578 0.528320 -0.133423 -0.299927 0.161865
0.981445 0.126587 0.490601 -0.118164 -0.349976 0.097900
