1.717651 -0.456299 0.390503 -0.497070 -0.289551 -0.261963
1.809082 -0.502197 0.363037 -0.404663 -0.499268 -0.386963
1.958740 -0.565308 0.407349 -0.356689 -0.594360 -0.505981
2.045898 -0.516235 0.522095 -0.298584 -0.709473 -0.639404
2.169556 -0.564697 0.528564 -0.182861 -0.962402 -0.746460
2.217529 -0.613892 0.476196 -0.087646 -1.149902 -0.903564
2.163452 -0.609253 0.432373 -0.025757 -1.138062 -1.067017
2.130005 -0.542969 0.424316 0.036499 -0.966309 -1.205933
2.049072 -0.498535 0.380249 0.117798 -0.801880 -1.363525
1.893311 -0.518677 0.336060 0.184448 -0.689331 -1.533447
1.721313 -0.525146 0.332764 0.224731 -0.620972 -1.672241
1.578613 -0.521606 0.358154 0.266846 -0.551270 -1.765137
1.449829 -0.517212 0.404175 0.329834 -0.474609 -1.831177
1.322754 -0.531372 0.446533 0.414307 -0.415771 -1.881470
1.224976 -0.552490 0.476318 0.523315 -0.389160 -1.907104
1.132446 -0.587891 0.479248 0.667725 -0.367310 -1.917969
1.028564 -0.583252 0.452759 0.839844 -0.348022 -1.942261
0.890625 -0.552856 0.403809 0.996704 -0.325439 -1.984253
0.636230 -0.528931 0.392700 1.116211 -0.342407 -2.003296
0.547485 -0.509399 0.302490 1.224976 -0.382446 -1.969604
0.406250 -0.481445 0.260986 1.301758 -0.341064 -1.933960
0.251099 -0.469360 0.208252 1.379272 -0.391235 -1.812012
0.166382 -0.445801 0.188354 1.440430 -0.406982 -1.646851
0.131348 -0.418823 0.171509 1.496826 -0.390869 -1.482544
0.107544 -0.403931 0.151123 1.563354 -0.398071 -1.323242
0.089722 -0.379517 0.118164 1.636963 -0.418091 -1.178345
0.069580 -0.355347 0.079712 1.710815 -0.442017 -1.051636
0.019287 -0.333252 0.016479 1.779785 -0.459351 -0.938721
-0.051636 -0.336060 -0.038696 1.837402 -0.470825 -0.828735
-0.111938 -0.332764 -0.088745 1.886597 -0.478760 -0.701172
-0.148926 -0.341431 -0.143921 1.933472 -0.487915 -0.556396
-0.158691 -0.356812 -0.190063 1.977539 -0.488647 -0.398193
-0.129761 -0.366821 -0.231567 2.016602 -0.474121 -0.239380
-0.074097 -0.382935 -0.261108 2.061523 -0.459229 -0.085693
0.010132 -0.386597 -0.282715 2.103882 -0.463013 0.056641
0.083252 -0.388550 -0.318970 2.136841 -0.486450 0.172363
0.135864 -0.397095 -0.348145 2.167358 -0.524902 0.257813
0.130859 -0.404541 -0.373901 2.206299 -0.567627 0.311646
0.093628 -0.421875 -0.416382 2.261475 -0.616211 0.344360
0.052979 -0.479126 -0.456909 2.328735 -0.672241 0.383667
0.029175 -0.559937 -0.511475 2.419556 -0.705444 0.453613
0.063965 -0.632935 -0.617310 2.529907 -0.713501 0.559204
0.142334 -0.721802 -0.750244 2.630981 -0.686157 0.674805
0.258423 -0.779663 -0.904785 2.704590 -0.637573 0.785278
0.398926 -0.746216 -1.071655 2.730469 -0.588379 0.871460
0.517456 -0.677124 -1.246094 2.691650 -0.547607 0.898804
0.578247 -0.656006 -1.398682 2.578003 -0.489014 0.864502
0.634033 -0.731934 -1.518677 2.407104 -0.360107 0.805908
0.712280 -0.880859 -1.645874 2.212646 -0.188110 0.755859
0.877686 -1.018921 -1.750000 2.020752 -0.121826 0.740234
1.113159 -1.149780 -1.865845 1.837769 -0.182373 0.730225
1.383057 -1.196899 -1.911499 1.658203 -0.358398 0.688232
1.585693 -1.102173 -1.886230 1.478394 -0.582031 0.584717
1.657715 -0.991089 -1.833496 1.300293 -0.749146 0.400513
1.630737 -0.925659 -1.743652 1.107666 -0.771851 0.179688
1.527466 -0.891724 -1.615845 0.911377 -0.642700 -0.014038
1.354736 -0.895752 -1.488037 0.756348 -0.429565 -0.162476
1.157715 -0.914795 -1.405518 0.661743 -0.206543 -0.243530
1.056641 -0.907471 -1.382813 0.607666 -0.045288 -0.245972
1.038452 -0.889282 -1.390625 0.573853 0.008667 -0.215820
1.080688 -0.855225 -1.397705 0.560425 0.032715 -0.216431
1.137207 -0.812744 -1.411011 0.547241 0.067871 -0.272827
1.170044 -0.802979 -1.429199 0.515015 0.054077 -0.365601
1.193481 -0.785400 -1.438843 0.452759 -0.007080 -0.464844
1.215088 -0.746338 -1.433960 0.360962 -0.088989 -0.568604
1.218018 -0.737549 -1.406128 0.244019 -0.174805 -0.682495
1.187744 -0.742554 -1.346558 0.111572 -0.267212 -0.791626
1.120361 -0.750732 -1.291138 -0.014160 -0.346436 -0.866455
1.049683 -0.734863 -1.232666 -0.138794 -0.352295 -0.893188
0.997559 -0.694580 -1.170776 -0.260010 -0.266602 -0.884644
0.969116 -0.668091 -1.135620 -0.363281 -0.144653 -0.877686
0.949585 -0.651123 -1.122803 -0.452026 -0.053711 -0.890015
0.935059 -0.662109 -1.131836 -0.529785 0.022095 -0.918945
0.926392 -0.663330 -1.126953 -0.609741 0.022217 -0.943848
0.932739 -0.620850 -1.123291 -0.691284 0.023560 -0.966553
0.910156 -0.571655 -1.122925 -0.776611 0.060059 -1.015137
0.864990 -0.544922 -1.125366 -0.880737 0.116333 -1.080566
0.812988 -0.511230 -1.126953 -1.010986 0.183472 -1.145386
0.723267 -0.480957 -1.109619 -1.151978 0.270874 -1.206055
0.616333 -0.483887 -1.097900 -1.289185 0.393311 -1.254639
0.528442 -0.506836 -1.095215 -1.431274 0.491455 -1.264404
0.455200 -0.491455 -1.083008 -1.585327 0.602539 -1.220825
0.406860 -0.477295 -1.043457 -1.741821 0.718628 -1.161377
0.376221 -0.467407 -1.006226 -1.885864 0.785889 -1.112915
0.350830 -0.441162 -0.934326 -2.012573 0.784180 -1.064453
0.340332 -0.407959 -0.858276 -2.119507 0.749268 -1.019043
0.330444 -0.389038 -0.786987 -2.218140 0.710327 -0.987061
0.326172 -0.381958 -0.714111 -2.313354 0.691406 -0.957764
0.331787 -0.372314 -0.626953 -2.399292 0.701294 -0.916992
0.326660 -0.353149 -0.548340 -2.464600 0.729980 -0.868896
0.304077 -0.344727 -0.469971 -2.510986 0.775635 -0.825317
0.273682 -0.334717 -0.393066 -2.541138 0.827515 -0.776855
0.248657 -0.314575 -0.318359 -2.558228 0.871826 -0.715576
0.222046 -0.286377 -0.237183 -2.552856 0.889526 -0.658325
0.198608 -0.250366 -0.177490 -2.522217 0.866821 -0.593506
0.173096 -0.216187 -0.125488 -2.474243 0.825195 -0.525635
0.151978 -0.185303 -0.093018 -2.419678 0.789063 -0.457275
0.131226 -0.167725 -0.064453 -2.366455 0.752197 -0.374756
0.116211 -0.149536 -0.027954 -2.316772 0.719360 -0.273804
0.119995 -0.122192 0.005615 -2.270020 0.694336 -0.160767
0.120361 -0.095703 0.032471 -2.227661 0.664551 -0.047729
0.144775 -0.076294 0.076050 -2.195679 0.625244 0.069092
0.183838 -0.068359 0.122681 -2.167725 0.577759 0.190308
0.224609 -0.059814 0.171753 -2.131714 0.527954 0.308594
0.268555 -0.063599 0.216919 -2.091431 0.457642 0.422607
0.337646 -0.065430 0.269409 -2.050781 0.369873 0.539551
0.424072 -0.059082 0.331665 -1.997681 0.290894 0.643677
0.522583 -0.036743 0.403687 -1.927002 0.222534 0.722534
0.618042 -0.017944 0.484131 -1.839844 0.150879 0.764893
0.681885 0.002686 0.555176 -1.722290 0.058228 0.771484
0.726440 0.010742 0.594482 -1.572876 -0.035034 0.767090
0.766235 -0.027832 0.611084 -1.402344 -0.137939 0.764038
0.800293 -0.075439 0.608765 -1.233154 -0.254272 0.769287
0.830200 -0.095093 0.585571 -1.082031 -0.322754 0.802002
0.885498 -0.102905 0.541870 -0.961304 -0.340210 0.886841
0.966064 -0.106079 0.514282 -0.880371 -0.279663 1.007446
1.039917 -0.077515 0.495483 -0.824341 -0.149780 1.105225
1.112305 -0.053223 0.493530 -0.779419 -0.029419 1.153687
1.189941 -0.024292 0.510864 -0.725830 0.028198 1.146362
1.239380 -0.020630 0.508423 -0.644043 0.013672 1.068726
1.257324 -0.054688 0.495728 -0.541016 -0.076660 0.946411
1.251587 -0.084839 0.457520 -0.428955 -0.193481 0.829468
1.240967 -0.110718 0.401978 -0.322144 -0.280762 0.740234
1.251465 -0.150513 0.345947 -0.249634 -0.336426 0.702271
1.295410 -0.177734 0.314087 -0.221802 -0.326416 0.723145
1.363525 -0.199951 0.326660 -0.217773 -0.220337 0.774048
1.434204 -0.192261 0.348999 -0.209839 -0.085938 0.812744
1.492065 -0.167725 0.371582 -0.183594 0.015137 0.804077
1.509888 -0.133545 0.360840 -0.133911 0.070557 0.737793
1.480957 -0.117432 0.327148 -0.072998 0.088745 0.629761
1.413818 -0.105957 0.274414 -0.014526 0.082642 0.513794
1.344849 -0.098999 0.206299 0.031250 0.050415 0.415283
1.287354 -0.096436 0.141846 0.057007 -0.005859 0.340454
1.264160 -0.090576 0.090210 0.065308 -0.090942 0.285767
1.251099 -0.081177 0.049438 0.053467 -0.202148 0.242920
1.253662 -0.073242 0.032715 0.014282 -0.302490 0.213745
1.257935 -0.077759 0.042725 -0.038330 -0.360474 0.191406
1.260010 -0.090942 0.057861 -0.088013 -0.374146 0.174438
1.250122 -0.093750 0.076416 -0.126099 -0.355835 0.157471
1.238770 -0.099487 0.089111 -0.145020 -0.326050 0.140991
1.227905 -0.096436 0.090210 -0.143677 -0.300537 0.129150
1.211182 -0.096313 0.083740 -0.128296 -0.271484 0.118164
1.192749 -0.098022 0.060059 -0.108643 -0.248291 0.106689
1.173340 -0.100952 0.028442 -0.091553 -0.244385 0.096802
1.155273 -0.102173 -0.007568 -0.085571 -0.241577 0.086914
1.138672 -0.098267 -0.023315 -0.095215 -0.230713 0.076050
1.122437 -0.102295 -0.031860 -0.119263 -0.218018 0.064209
1.112305 -0.104614 -0.026123 -0.150635 -0.202637 0.057129
1.107056 -0.107178 -0.003784 -0.179565 -0.182495 0.051880
1.096313 -0.116577 0.028687 -0.195435 -0.162476 0.043823
