1.948242 -0.510620 0.524170 -0.321777 -0.349121 -0.496826
1.928955 -0.400635 0.533813 -0.230347 -0.492798 -0.592773
1.981812 -0.423706 0.461914 -0.153931 -0.469360 -0.673950
2.049438 -0.559570 0.412354 -0.119141 -0.374023 -0.767700
2.058960 -0.597534 0.486084 -0.115845 -0.202515 -0.936890
2.013062 -0.573853 0.638550 -0.032349 -0.162720 -1.096436
1.950928 -0.564697 0.635864 0.129272 -0.251343 -1.253662
1.829834 -0.546875 0.604126 0.261475 -0.290527 -1.412354
1.712524 -0.544922 0.605713 0.361694 -0.225708 -1.526611
1.597534 -0.564697 0.605225 0.458252 -0.129883 -1.612427
1.475952 -0.596069 0.592407 0.553223 -0.093872 -1.679688
1.372803 -0.609131 0.584961 0.642944 -0.098999 -1.712402
1.298462 -0.608154 0.586060 0.732422 -0.081787 -1.724365
1.211426 -0.602661 0.594727 0.824829 -0.041138 -1.751221
1.100342 -0.603638 0.587402 0.921265 -0.007080 -1.791504
0.968506 -0.603638 0.569702 1.025269 0.015747 -1.828125
0.846191 -0.618530 0.542847 1.134644 0.036499 -1.845459
0.732910 -0.611816 0.507446 1.250610 0.045288 -1.841309
0.609741 -0.598267 0.471436 1.376465 0.050171 -1.813477
0.509155 -0.568237 0.425537 1.503296 0.075195 -1.744507
0.313354 -0.570923 0.358643 1.635620 0.099609 -1.632690
0.315063 -0.503784 0.311035 1.779419 0.035278 -1.442749
0.257813 -0.503784 0.275879 1.920532 0.024170 -1.258789
0.206421 -0.453613 0.204956 2.063965 0.003540 -1.087891
0.171875 -0.404297 0.121094 2.184570 -0.040527 -0.888184
0.149292 -0.379761 0.024536 2.277222 -0.065308 -0.706421
0.129761 -0.348877 -0.060059 2.342163 -0.079468 -0.570190
0.089600 -0.306396 -0.143677 2.379639 -0.072998 -0.465454
0.036865 -0.280762 -0.212524 2.408081 -0.077271 -0.370117
0.004395 -0.275879 -0.265625 2.436035 -0.117065 -0.283936
-0.011597 -0.267822 -0.297729 2.459351 -0.192505 -0.195801
-0.015991 -0.268555 -0.330933 2.467041 -0.257080 -0.098145
-0.019775 -0.274048 -0.375244 2.454224 -0.297485 0.012939
-0.007446 -0.298096 -0.402222 2.415649 -0.314941 0.143555
0.017334 -0.333374 -0.409912 2.359741 -0.274536 0.294067
0.048584 -0.357788 -0.422241 2.315552 -0.197266 0.456909
0.096313 -0.383911 -0.417480 2.287354 -0.093018 0.621582
0.154053 -0.413940 -0.421021 2.283081 -0.002319 0.770142
0.217407 -0.456909 -0.469360 2.308716 0.023682 0.889526
0.302490 -0.503540 -0.566772 2.352173 -0.018677 0.978638
0.422729 -0.524048 -0.700195 2.384033 -0.103394 1.049805
0.572632 -0.526367 -0.841064 2.371582 -0.167847 1.110229
0.716431 -0.520020 -0.943970 2.315552 -0.198975 1.155518
0.845703 -0.464478 -1.032104 2.225220 -0.176025 1.161865
0.933228 -0.387207 -1.078247 2.094849 -0.138550 1.114990
0.975342 -0.335449 -1.144409 1.922729 -0.132935 1.024536
0.976074 -0.297974 -1.180054 1.711304 -0.151245 0.917969
0.968140 -0.307495 -1.171875 1.489258 -0.147827 0.827148
1.000244 -0.428101 -1.179688 1.292114 -0.121338 0.778320
1.100708 -0.525757 -1.180298 1.146118 -0.093384 0.783203
1.257568 -0.550659 -1.177124 1.058960 -0.071533 0.801636
1.415771 -0.542603 -1.209351 1.005615 -0.111572 0.783813
1.570679 -0.512939 -1.232300 0.965820 -0.185425 0.705688
1.677734 -0.485107 -1.284912 0.943115 -0.284424 0.570557
1.753052 -0.467407 -1.353760 0.904297 -0.368408 0.413208
1.809448 -0.464600 -1.418945 0.819702 -0.375244 0.275269
1.827881 -0.463013 -1.450806 0.695679 -0.278809 0.166504
1.807495 -0.460693 -1.414185 0.543579 -0.098633 0.072388
1.763306 -0.472046 -1.369873 0.413208 0.068237 -0.010986
1.741455 -0.457764 -1.365356 0.334717 0.159790 -0.080322
1.723755 -0.402710 -1.387207 0.283691 0.180298 -0.156372
1.696167 -0.342896 -1.415771 0.228516 0.198242 -0.265747
1.644775 -0.304688 -1.427002 0.144897 0.254517 -0.405029
1.563965 -0.312012 -1.411011 0.034668 0.276978 -0.544312
1.492065 -0.340332 -1.393555 -0.076050 0.213745 -0.647949
1.442017 -0.354858 -1.361816 -0.178467 0.139282 -0.701294
1.426392 -0.356812 -1.334106 -0.277832 0.108765 -0.725098
1.429321 -0.341797 -1.299561 -0.375977 0.108398 -0.738037
1.450317 -0.325684 -1.255371 -0.474609 0.140869 -0.753662
1.484863 -0.327637 -1.219849 -0.578613 0.225586 -0.772705
1.481445 -0.330688 -1.178833 -0.679321 0.352417 -0.797241
1.452393 -0.319092 -1.135010 -0.761475 0.482544 -0.837036
1.402588 -0.313232 -1.133301 -0.823242 0.561035 -0.895386
1.319458 -0.315430 -1.130005 -0.886719 0.592285 -0.958496
1.241333 -0.319702 -1.115112 -0.959229 0.611206 -1.021729
1.141357 -0.306885 -1.096313 -1.041504 0.535278 -1.075073
1.050781 -0.317505 -1.086792 -1.144287 0.470459 -1.117920
0.977295 -0.353027 -1.060669 -1.265015 0.418213 -1.140381
0.934082 -0.362549 -1.010864 -1.391602 0.356201 -1.140015
0.887451 -0.357788 -0.972900 -1.512817 0.336548 -1.140137
0.817383 -0.377686 -0.913818 -1.639648 0.363403 -1.141113
0.728882 -0.407593 -0.849243 -1.769775 0.406128 -1.127563
0.652222 -0.424805 -0.784546 -1.888428 0.460083 -1.097656
0.574585 -0.446289 -0.724731 -1.992798 0.512695 -1.056641
0.514282 -0.482300 -0.647827 -2.090210 0.581177 -0.998657
0.482300 -0.487793 -0.534546 -2.168091 0.658325 -0.924194
0.477661 -0.460693 -0.440796 -2.203125 0.711426 -0.855835
0.447021 -0.438232 -0.377075 -2.204956 0.739624 -0.818359
0.423950 -0.412109 -0.342651 -2.203613 0.747925 -0.793823
0.403198 -0.382935 -0.308472 -2.216064 0.755371 -0.758789
0.362549 -0.369385 -0.268311 -2.241943 0.774414 -0.706299
0.348755 -0.373535 -0.219238 -2.271973 0.793091 -0.630859
0.357422 -0.363770 -0.147827 -2.295532 0.814575 -0.537598
0.371338 -0.318481 -0.055542 -2.288574 0.825562 -0.451782
0.377197 -0.275146 0.039673 -2.247559 0.831055 -0.394897
0.394531 -0.228271 0.133545 -2.184204 0.810547 -0.364258
0.411987 -0.146973 0.206055 -2.102295 0.741699 -0.359497
0.397827 -0.110352 0.238647 -2.023315 0.670166 -0.370850
0.398682 -0.106567 0.272339 -1.975098 0.656738 -0.361938
0.401733 -0.075195 0.353271 -1.939941 0.672729 -0.326172
0.400635 -0.033447 0.447021 -1.891602 0.715454 -0.281860
0.413818 0.004761 0.533569 -1.828979 0.765747 -0.244995
0.421021 0.043823 0.612427 -1.757324 0.727051 -0.215820
0.425293 0.069092 0.672729 -1.681274 0.635376 -0.188232
0.446777 0.073242 0.729858 -1.601929 0.578491 -0.156250
0.465942 0.073975 0.784912 -1.504639 0.505371 -0.122070
0.480103 0.079590 0.822754 -1.388550 0.414063 -0.094482
0.491455 0.094971 0.856079 -1.266235 0.332520 -0.078979
0.506836 0.113403 0.871582 -1.146851 0.260132 -0.064941
0.523193 0.107666 0.861328 -1.028809 0.189453 -0.042480
0.542480 0.107056 0.846191 -0.919800 0.131104 -0.007446
0.568481 0.110718 0.824951 -0.818237 0.090576 0.043823
0.603027 0.124878 0.815063 -0.723755 0.070190 0.104858
0.635864 0.140747 0.798340 -0.634888 0.060669 0.161011
0.686401 0.140625 0.771973 -0.554932 0.054932 0.209106
0.730957 0.137329 0.740356 -0.486694 0.043335 0.252563
0.785645 0.140869 0.694336 -0.434204 0.037476 0.286499
0.837891 0.135742 0.646362 -0.402100 0.047363 0.305176
0.871704 0.138306 0.614990 -0.383179 0.066162 0.307129
0.899658 0.138916 0.601685 -0.365356 0.085205 0.289551
0.910156 0.135864 0.597534 -0.346436 0.070435 0.253418
0.919678 0.154907 0.597534 -0.324707 0.027710 0.207520
0.915405 0.167725 0.594727 -0.291992 -0.016846 0.155640
0.895752 0.169800 0.580200 -0.258057 -0.064453 0.099731
0.868896 0.173584 0.561157 -0.227173 -0.109619 0.056152
0.849243 0.171143 0.533447 -0.205078 -0.135498 0.036621
0.839600 0.166504 0.511230 -0.200928 -0.127563 0.044067
0.837402 0.158813 0.501343 -0.213379 -0.088257 0.074707
0.851318 0.141846 0.511719 -0.229614 -0.041992 0.117676
0.878296 0.124268 0.529541 -0.239014 -0.007813 0.156860
0.903687 0.116577 0.548828 -0.239136 0.017212 0.183105
0.924438 0.105469 0.561646 -0.234009 0.034424 0.200195
0.938110 0.089355 0.566650 -0.225464 0.046753 0.209106
0.946167 0.075195 0.576172 -0.208130 0.046631 0.203735
0.955322 0.071045 0.563477 -0.181152 0.020996 0.184326
0.963257 0.068604 0.547852 -0.151855 -0.026611 0.153320
0.970215 0.055908 0.522949 -0.126953 -0.080933 0.114624
0.983765 0.056274 0.511719 -0.109375 -0.125854 0.079468
0.994629 0.059814 0.502563 -0.093506 -0.157104 0.048950
0.998413 0.067383 0.482544 -0.077637 -0.182617 0.016235
0.991455 0.072632 0.470581 -0.065918 -0.203735 -0.015137
0.973267 0.082642 0.457764 -0.055908 -0.205200 -0.037720
0.963745 0.093018 0.447632 -0.045410 -0.195923 -0.051270
0.955933 0.109497 0.432983 -0.035278 -0.201416 -0.062378
0.947632 0.125977 0.416260 -0.025513 -0.208984 -0.076904
0.941040 0.139404 0.396362 -0.017944 -0.212280 -0.092529
0.924438 0.150879 0.381470 -0.016602 -0.221191 -0.105225
0.914429 0.159302 0.363892 -0.022461 -0.222900 -0.117065
0.903320 0.157471 0.354248 -0.036621 -0.222656 -0.123047
0.905640 0.173950 0.359497 -0.055542 -0.232788 -0.118530
