1.200317 0.207397 0.411011 -0.631800 0.579585 -0.133623
1.201172 0.193848 0.489380 -0.725075 0.853476 -0.293353
1.205078 0.178589 0.578735 -0.764710 0.907115 -0.401105
1.237793 0.210083 0.665039 -0.733144 0.730533 -0.450472
1.237671 0.216309 0.712158 -0.687337 0.793903 -0.493430
1.252563 0.227539 0.885376 -0.768745 1.386305 -0.508858
1.221802 0.128174 0.828979 -0.697306 0.895485 -0.481801
1.180908 0.062866 1.006592 -0.672860 0.883143 -0.492244
1.289917 0.094604 1.103638 -0.511943 0.223100 -0.538288
1.335327 0.085205 1.144897 -0.255141 -0.295963 -0.701815
1.355713 0.072144 1.149292 -0.020174 -0.638445 -0.909963
1.295654 0.064331 1.164795 0.196043 -0.683540 -1.123094
1.212036 0.058472 1.158936 0.442877 -0.799599 -1.307033
1.136108 0.074097 1.095581 0.702053 -0.955057 -1.438282
1.069214 0.081421 1.038330 0.904979 -0.925390 -1.506161
0.976563 0.077881 1.007935 1.060674 -0.825707 -1.533693
0.901611 0.071289 0.985962 1.227287 -0.735755 -1.537965
0.821167 0.053223 0.946777 1.432586 -0.714632 -1.531319
0.763672 0.057373 0.893921 1.656873 -0.776103 -1.502601
0.717529 0.070068 0.844360 1.865969 -0.862495 -1.465576
0.681152 0.088867 0.803833 2.045636 -0.953871 -1.435434
0.659546 0.099731 0.761475 2.205603 -1.019614 -1.403868
0.617920 0.110229 0.720581 2.347770 -1.056639 -1.362571
0.577881 0.111450 0.668823 2.453624 -1.062335 -1.286622
0.531128 0.078735 0.625366 2.529810 -0.979266 -1.167952
0.460449 0.063965 0.611084 2.566123 -0.772543 -1.014630
0.364990 0.034180 0.609131 2.579414 -0.552054 -0.871039
0.220825 -0.023560 0.599365 2.659873 -0.453320 -0.743350
0.071533 -0.029175 0.607544 2.842625 -0.473731 -0.590503
-0.020386 -0.030273 0.575806 3.122923 -0.834251 -0.398020
-0.029785 -0.067017 0.515015 3.429092 -1.388203 -0.153559
-0.006592 -0.077637 0.429443 3.651955 -1.795479 0.114873
0.013794 -0.096802 0.349609 3.801005 -1.964465 0.361232
-0.019531 -0.112427 0.257446 3.926320 -1.916997 0.579585
-0.013550 -0.113281 0.156860 4.047839 -1.820163 0.811704
-0.010498 -0.151001 0.061279 4.190005 -1.752521 1.065183
0.050659 -0.189453 -0.033691 4.360416 -1.769609 1.353789
0.126831 -0.209473 -0.128540 4.518247 -1.745875 1.670164
0.221680 -0.233643 -0.213867 4.645936 -1.679420 1.959481
0.302734 -0.246582 -0.285889 4.726157 -1.577601 2.198483
0.340332 -0.302246 -0.352417 4.778847 -1.490022 2.373166
0.520020 -0.411865 -0.497803 4.819907 -1.478630 2.558291
0.593384 -0.399292 -0.513428 4.828451 -1.461067 2.671265
0.669312 -0.415527 -0.567749 4.872596 -1.388678 2.748638
0.827881 -0.467285 -0.692871 4.922438 -1.429263 2.806074
0.969604 -0.478271 -0.812622 4.879953 -1.491684 2.757894
1.081787 -0.481934 -0.907104 4.725208 -1.458456 2.569683
1.140625 -0.470093 -0.962646 4.471016 -1.375862 2.305049
1.133179 -0.496948 -1.028076 4.150370 -1.343346 2.045161
1.221313 -0.564941 -1.141235 3.815245 -1.394374 1.856950
1.338623 -0.619019 -1.271362 3.487953 -1.642869 1.664942
1.425537 -0.646851 -1.400513 3.141673 -1.842947 1.421668
1.482300 -0.645264 -1.518311 2.732736 -1.806160 1.168664
1.543457 -0.613770 -1.602051 2.252359 -1.575227 0.895960
1.568970 -0.606689 -1.629883 1.727837 -1.215420 0.587892
1.568115 -0.603027 -1.619751 1.191923 -0.861071 0.286232
1.590332 -0.609009 -1.593262 0.693034 -0.620882 0.020174
1.594727 -0.620483 -1.541504 0.235916 -0.410361 -0.232831
1.546509 -0.616943 -1.471680 -0.183939 -0.142642 -0.498889
1.467041 -0.595093 -1.391846 -0.567481 0.194382 -0.742400
1.413086 -0.586670 -1.300781 -0.912573 0.497940 -0.934646
1.372681 -0.607544 -1.208618 -1.185515 0.727685 -1.108379
1.335205 -0.592896 -1.126221 -1.367317 0.904979 -1.272381
1.293701 -0.540527 -1.076172 -1.481478 1.008934 -1.422380
1.292725 -0.501465 -1.048096 -1.579974 1.053316 -1.548883
1.298828 -0.459473 -1.010864 -1.680132 1.069693 -1.688439
1.273438 -0.429932 -0.992798 -1.791444 1.067794 -1.862409
1.256592 -0.429810 -0.982422 -1.932662 1.103632 -2.029497
1.219482 -0.412842 -0.939331 -2.094765 1.262650 -2.168103
1.198364 -0.361938 -0.888428 -2.259954 1.431162 -2.296267
1.192505 -0.324463 -0.840332 -2.419209 1.500940 -2.443655
1.171143 -0.301514 -0.806152 -2.573481 1.468899 -2.627594
1.134888 -0.297363 -0.767456 -2.718733 1.387729 -2.816992
1.080811 -0.290894 -0.728149 -2.854729 1.300387 -2.970788
0.985962 -0.302002 -0.703491 -2.989064 1.224913 -3.074031
0.875122 -0.314697 -0.672363 -3.117702 1.218980 -3.086848
0.807007 -0.269531 -0.635254 -3.264141 1.241527 -2.989776
0.762573 -0.229736 -0.585938 -3.448080 1.302286 -2.867783
0.715210 -0.187622 -0.514404 -3.651480 1.431162 -2.775220
0.684448 -0.135986 -0.413330 -3.831859 1.554104 -2.721818
0.626099 -0.144897 -0.320190 -3.962396 1.560987 -2.715647
0.589233 -0.141479 -0.247681 -4.003931 1.453709 -2.742942
0.556152 -0.105835 -0.203125 -3.991114 1.285435 -2.736771
0.546387 -0.096802 -0.183228 -3.972364 1.085357 -2.694524
0.515137 -0.088745 -0.145264 -3.946969 1.007747 -2.650379
0.463989 -0.067139 -0.093506 -3.914691 1.041212 -2.592231
0.407959 -0.038574 -0.037354 -3.870783 1.132588 -2.498007
0.359497 -0.005371 0.021240 -3.799818 1.244612 -2.374352
0.305908 0.039429 0.077515 -3.725293 1.339074 -2.245714
0.244019 0.084106 0.114014 -3.671417 1.335276 -2.120636
0.192139 0.128662 0.166382 -3.643648 1.247460 -2.002677
0.160522 0.156128 0.224487 -3.620863 1.113363 -1.869055
0.143799 0.172974 0.290039 -3.597604 0.932510 -1.728075
0.123291 0.186523 0.372803 -3.577430 0.764236 -1.583297
0.121094 0.219849 0.459595 -3.533047 0.655297 -1.434010
0.115723 0.250366 0.538818 -3.453776 0.566057 -1.294217
0.105469 0.262695 0.617554 -3.355517 0.480614 -1.171274
0.095337 0.273682 0.700684 -3.247052 0.391611 -1.048095
0.083130 0.290405 0.782593 -3.123636 0.331090 -0.911861
0.076050 0.304565 0.858887 -2.986453 0.285283 -0.750233
0.086670 0.313477 0.926270 -2.834318 0.255853 -0.561310
0.106201 0.321167 0.986694 -2.665094 0.238290 -0.364792
0.130249 0.325806 1.031860 -2.474510 0.211708 -0.169461
0.171509 0.339233 1.069214 -2.274432 0.176106 0.010443
0.207397 0.343994 1.102173 -2.070319 0.145252 0.149999
0.242554 0.345337 1.126709 -1.864308 0.121756 0.270331
0.288940 0.345581 1.135132 -1.639309 0.096123 0.376422
0.344238 0.365601 1.132568 -1.401020 0.055775 0.446674
0.375244 0.370728 1.116333 -1.169850 0.021598 0.477766
0.421265 0.396484 1.100098 -0.947462 -0.049841 0.490345
0.471680 0.407959 1.064087 -0.747622 -0.040111 0.469696
0.510864 0.415649 1.040771 -0.598098 0.082357 0.446200
0.529663 0.425781 1.026489 -0.476342 0.178005 0.411548
0.533813 0.446411 1.005737 -0.359096 0.175632 0.370251
0.546753 0.460327 0.980347 -0.246359 0.123892 0.346992
0.557007 0.472534 0.946411 -0.150711 0.080696 0.328716
0.560303 0.479126 0.910278 -0.084256 0.059572 0.312340
0.565918 0.483154 0.883057 -0.030142 0.043908 0.301659
0.576660 0.494507 0.849487 0.028718 0.002136 0.296438
0.584961 0.501831 0.814697 0.087816 -0.064794 0.283147
0.595459 0.503906 0.790283 0.134097 -0.118195 0.250394
0.586548 0.505005 0.766724 0.168749 -0.141929 0.203638
0.569824 0.513428 0.749023 0.190584 -0.145490 0.154034
0.557617 0.502441 0.726563 0.202926 -0.150711 0.129113
0.549805 0.505005 0.709839 0.207435 -0.142642 0.135284
0.549561 0.504517 0.699585 0.199603 -0.123417 0.168512
0.563599 0.500244 0.693970 0.190584 -0.099683 0.215980
0.587158 0.500366 0.690186 0.194144 -0.081882 0.260125
0.601074 0.505249 0.672363 0.200078 -0.065269 0.295489
0.622314 0.499390 0.664063 0.199603 -0.035601 0.334175
0.644409 0.496826 0.650635 0.200553 0.004035 0.362893
0.662231 0.500244 0.633789 0.206723 0.026345 0.368352
0.679932 0.500122 0.625000 0.201502 0.042247 0.362181
0.691040 0.508301 0.619751 0.189398 0.063845 0.337735
0.697144 0.510864 0.612427 0.177056 0.062420 0.296438
0.700073 0.507935 0.605103 0.161629 0.043671 0.244698
0.690186 0.507935 0.600098 0.132436 0.040111 0.190822
0.673950 0.498535 0.594971 0.087579 0.047943 0.141692
0.662598 0.487915 0.604614 0.043671 0.040585 0.107990
0.649048 0.480713 0.611206 0.002848 0.021123 0.087579
0.641968 0.472168 0.617065 -0.034177 0.002373 0.075474
0.644653 0.462524 0.634277 -0.055775 -0.003797 0.082594
0.653198 0.465820 0.648682 -0.053164 0.003085 0.100395
0.655884 0.463745 0.657471 -0.037025 0.000949 0.112262
0.654663 0.461182 0.656006 -0.021123 -0.004272 0.116059
0.659912 0.457764 0.645752 -0.006408 -0.014478 0.126740
0.674316 0.462402 0.637817 0.003085 -0.022547 0.146202
0.689087 0.461304 0.633545 0.005696 -0.027057 0.150236
0.696411 0.455444 0.638794 0.007358 -0.033702 0.138369
0.698608 0.455933 0.641235 0.011155 -0.037500 0.121756
