1.532837 0.022339 0.752075 -0.079509 -0.530456 -0.471120
1.469604 -0.008423 0.716553 -0.104904 -0.994218 -0.582433
1.396484 -0.057739 0.712402 -0.152610 -1.463440 -0.698492
1.259033 -0.101440 0.674561 -0.110363 -1.725939 -0.837574
1.097778 0.139282 0.512451 -0.079984 -1.873327 -0.856798
0.990723 -0.148804 0.544678 -0.288131 -1.710749 -0.513604
1.085815 -0.100342 0.615234 -0.515978 -1.770084 -0.522623
0.915405 -0.136963 0.634033 -0.348416 -1.743976 -0.756878
0.773071 -0.130249 0.568481 0.062183 -1.803311 -0.879583
0.633179 -0.116333 0.487671 0.502924 -1.951887 -0.867004
0.568237 -0.080933 0.419067 0.869140 -2.090493 -0.814789
0.496948 -0.087891 0.376953 1.180531 -2.233372 -0.709173
0.398193 -0.098633 0.332031 1.539152 -2.344447 -0.552054
0.308594 -0.083740 0.282349 1.981079 -2.395238 -0.357434
0.256714 -0.054199 0.205688 2.357264 -2.343261 -0.103006
0.150146 -0.023560 0.109741 2.657499 -2.214385 0.165901
0.094116 0.005371 -0.003540 2.799191 -2.123958 0.568667
0.096558 -0.045044 -0.074829 2.790410 -2.091205 1.084882
0.111084 -0.127686 -0.125610 2.787087 -2.153626 1.537253
0.171387 -0.222168 -0.171509 2.882498 -2.238594 1.942393
0.231689 -0.323853 -0.192505 3.074269 -2.282976 2.232423
0.274902 -0.391357 -0.250366 3.374742 -2.352754 2.395475
0.339966 -0.425415 -0.378784 3.644123 -2.471899 2.527911
0.468384 -0.526123 -0.545898 3.690404 -2.588196 2.670790
0.706665 -0.682129 -0.753418 3.494598 -2.722768 2.785188
1.061157 -0.825439 -0.885132 3.232100 -2.859238 2.765014
1.161377 -1.061035 -1.347046 2.753622 -3.206705 2.565411
1.357788 -1.073120 -1.681641 2.515332 -2.929966 1.925067
1.350830 -1.066284 -1.709961 2.171901 -2.289147 1.102683
1.251953 -0.994751 -1.838745 1.362808 -2.076015 0.414633
1.300903 -0.898560 -1.867188 0.783935 -1.746587 -0.004272
1.363525 -0.925415 -1.707886 0.526421 -1.169613 -0.305457
1.384644 -0.888672 -1.569946 0.198416 -0.810280 -0.698967
1.397217 -0.782959 -1.504150 -0.106803 -0.684252 -1.117635
1.320557 -0.833496 -1.400146 -0.226660 -0.531168 -1.476257
1.196899 -0.827393 -1.385254 -0.276027 -0.389475 -1.779103
1.076782 -0.796143 -1.387207 -0.215980 -0.180141 -2.031870
0.978516 -0.770142 -1.414917 -0.134572 0.084493 -2.145319
0.961792 -0.731812 -1.408569 0.025870 0.453557 -2.111617
0.965576 -0.709229 -1.371582 0.210283 0.873887 -2.051807
0.990723 -0.695435 -1.336914 0.182040 1.212809 -2.031158
1.014771 -0.687622 -1.300415 -0.040823 1.403630 -2.049433
0.992554 -0.638062 -1.263062 -0.281723 1.541288 -2.116838
0.955444 -0.609741 -1.203247 -0.670724 1.637173 -2.151964
0.934082 -0.624878 -1.094849 -0.988760 1.745638 -2.151727
0.935425 -0.601074 -0.973389 -1.161306 1.798565 -2.207739
0.950562 -0.554077 -0.883789 -1.295878 1.750859 -2.307660
0.908691 -0.507446 -0.868408 -1.484089 1.655211 -2.436061
0.852539 -0.479126 -0.809814 -1.710986 1.715496 -2.522215
0.783813 -0.468018 -0.740112 -1.938595 1.817552 -2.551646
0.706299 -0.460327 -0.696045 -2.108294 1.883533 -2.547373
0.638062 -0.441895 -0.645630 -2.110904 2.022377 -2.498007
0.580444 -0.399902 -0.584106 -1.939070 2.215334 -2.434399
0.545410 -0.346191 -0.486572 -1.645480 2.425380 -2.405206
0.529785 -0.278320 -0.424927 -1.456557 2.471662 -2.327359
0.510986 -0.234253 -0.416382 -1.452048 2.382896 -2.205366
0.500610 -0.168701 -0.356201 -1.518741 2.319764 -2.082661
0.479370 -0.107422 -0.350952 -1.685591 2.165730 -1.944766
0.464844 -0.082031 -0.280640 -1.883770 2.027835 -1.810194
0.444946 -0.060669 -0.203979 -2.012646 1.849593 -1.694610
0.421997 0.002075 -0.140503 -2.074354 1.619610 -1.598012
0.396973 0.039063 -0.069580 -2.117075 1.402206 -1.474833
0.371094 0.089966 -0.009521 -2.141047 1.194771 -1.274043
0.338501 0.135498 0.039673 -2.175224 0.977605 -1.034566
0.374878 0.181396 0.102417 -2.223404 0.749283 -0.745486
0.459717 0.191772 0.168701 -2.218420 0.568667 -0.458779
0.550049 0.226196 0.252930 -2.137249 0.496991 -0.272704
0.601440 0.259766 0.310791 -2.000067 0.525709 -0.156170
0.661743 0.301392 0.362305 -1.819213 0.632512 -0.105854
0.671021 0.324951 0.437012 -1.539389 0.810280 -0.091851
0.708618 0.351318 0.498779 -1.058538 0.916846 -0.017563
0.746582 0.346069 0.512207 -0.414633 0.937257 -0.009968
0.745728 0.396973 0.475342 0.204350 0.918032 -0.080933
0.747925 0.429077 0.390747 0.590977 0.883381 -0.090901
0.753784 0.441528 0.325684 0.670724 0.852289 -0.037974
0.790894 0.460938 0.303101 0.536389 0.838998 -0.009731
0.814453 0.491211 0.269287 0.347941 0.846355 -0.009968
0.845093 0.479492 0.248657 0.091139 0.873650 0.027769
0.872803 0.458252 0.281128 -0.215742 0.930374 0.067642
0.899658 0.467407 0.347412 -0.488921 0.948174 0.030142
0.933838 0.488403 0.417114 -0.644379 0.880058 -0.024683
0.959473 0.508667 0.454224 -0.672622 0.765185 -0.090427
0.953369 0.506958 0.467651 -0.671198 0.655297 -0.188211
0.927856 0.502686 0.472290 -0.688287 0.582908 -0.251106
0.913086 0.503662 0.482300 -0.661230 0.559886 -0.261786
0.915405 0.472412 0.481567 -0.562496 0.568905 -0.225711
0.945068 0.460815 0.476440 -0.407513 0.580772 -0.152610
0.983887 0.432861 0.449951 -0.237340 0.584094 -0.073575
0.975464 0.387817 0.411499 -0.099920 0.588367 -0.035364
0.980347 0.382813 0.381104 -0.016139 0.595724 -0.018513
0.988647 0.369141 0.347900 0.023497 0.567481 0.003560
1.008911 0.346191 0.329346 0.007120 0.531880 0.036550
1.026245 0.361572 0.339355 -0.028956 0.482275 0.040111
1.024902 0.364136 0.333496 -0.052690 0.422466 -0.007120
1.001465 0.404541 0.331177 -0.070253 0.345093 -0.071914
0.976807 0.431152 0.326050 -0.108939 0.237815 -0.113211
0.957153 0.421997 0.335938 -0.175394 0.121993 -0.120094
0.950684 0.427979 0.358276 -0.247546 0.007832 -0.114873
0.952148 0.423096 0.366821 -0.292878 -0.095173 -0.110363
0.958008 0.413086 0.363892 -0.286707 -0.168986 -0.082357
0.973999 0.413452 0.349609 -0.238527 -0.203875 -0.057199
0.988892 0.402466 0.338379 -0.202451 -0.194856 -0.046519
0.989624 0.394897 0.344360 -0.175632 -0.144540 -0.039398
0.971436 0.376099 0.329956 -0.123892 -0.093037 -0.036313
0.967041 0.374634 0.315308 -0.041535 -0.046993 -0.005459
0.994263 0.374512 0.306274 0.019699 -0.011867 0.047231
1.010376 0.363770 0.297607 0.061708 0.015664 0.061471
1.020752 0.381104 0.273193 0.098971 0.021598 0.057911
1.027710 0.385986 0.267700 0.094936 0.025870 0.047231
1.022705 0.381836 0.268677 0.051978 0.029905 0.013766
1.017944 0.387329 0.275879 0.025870 0.045095 -0.017326
1.020630 0.390625 0.286621 0.018750 0.068829 -0.037974
1.013062 0.387573 0.294067 0.001187 0.062420 -0.060047
0.991455 0.375732 0.293945 0.000000 0.022073 -0.079034
0.956543 0.363770 0.267212 0.037737 -0.030380 -0.090901
0.953857 0.360107 0.249756 0.063607 -0.058148 -0.058860
0.953857 0.354126 0.240845 0.056962 -0.059810 -0.034177
0.944458 0.360107 0.237915 0.036788 -0.060759 -0.032990
0.944702 0.374268 0.245117 0.021598 -0.075949 -0.011155
0.951660 0.374634 0.247192 0.012579 -0.096360 -0.001424
0.953491 0.370483 0.249146 -0.011867 -0.123654 0.002848
0.954956 0.362793 0.251953 -0.026582 -0.147863 0.011867
0.962524 0.357422 0.244873 -0.023497 -0.162815 0.018275
0.967651 0.348022 0.234253 -0.023971 -0.168512 0.030142
0.969604 0.358276 0.225830 -0.010680 -0.157119 0.018513
0.970825 0.363770 0.218628 0.002136 -0.140505 0.013766
0.971802 0.368652 0.207275 0.006646 -0.123180 0.018987
0.955933 0.364746 0.207031 0.004035 -0.100158 0.008782
0.942993 0.374268 0.211670 -0.009968 -0.070965 0.024683
0.956421 0.380737 0.220337 -0.024683 -0.048655 0.070490
0.981689 0.384644 0.226440 -0.042959 -0.040348 0.097547
0.999634 0.385498 0.238159 -0.048417 -0.036788 0.115110
1.007813 0.380615 0.239624 -0.038924 -0.024921 0.101107
1.008423 0.380249 0.240601 -0.015902 -0.022310 0.087579
1.006104 0.369141 0.218506 0.006171 -0.019225 0.096360
1.012939 0.367920 0.207397 0.019699 -0.015664 0.102056
1.027100 0.355957 0.192993 0.024921 0.000237 0.117246
1.032471 0.345215 0.190186 0.006883 0.029668 0.115822
1.025513 0.339233 0.193848 -0.011392 0.046756 0.089477
1.016602 0.333252 0.195435 -0.023971 0.040823 0.076424
1.014771 0.340698 0.202393 -0.040348 0.029905 0.065031
1.019897 0.332275 0.215332 -0.066218 0.023971 0.056962
1.017822 0.337891 0.229248 -0.077373 0.016139 0.048180
1.014526 0.335205 0.231934 -0.077610 0.005934 0.023022
1.009277 0.330933 0.240356 -0.063133 0.009019 0.005934
0.995605 0.334717 0.230103 -0.051740 0.018750 -0.008782
0.979736 0.329102 0.237549 -0.061234 0.034177 -0.010443
0.980591 0.337402 0.250122 -0.080696 0.037974 0.015902
0.985474 0.337524 0.252930 -0.075237 0.013766 0.033465
0.989624 0.334961 0.250122 -0.063370 -0.022073 0.042247
