2.024658 -0.468628 0.669434 -0.115234 -0.700439 -0.811157
2.060303 -0.482422 0.628784 -0.021606 -0.764526 -0.991089
2.091187 -0.526123 0.830444 0.053955 -0.703857 -1.122559
2.004761 -0.552490 0.679443 0.193115 -0.761230 -1.229858
1.888916 -0.573975 0.676758 0.275146 -0.566406 -1.305298
1.903809 -0.552124 0.665283 0.380737 -0.416870 -1.366455
1.848389 -0.554443 0.595703 0.503418 -0.386963 -1.497925
1.718018 -0.563965 0.539185 0.600098 -0.394775 -1.654907
1.585449 -0.568726 0.503296 0.683472 -0.338867 -1.784546
1.427124 -0.592041 0.474121 0.775269 -0.248779 -1.894897
1.240479 -0.624146 0.421997 0.868652 -0.195313 -1.987671
1.023438 -0.626587 0.364258 0.957764 -0.193970 -2.047485
0.848267 -0.604248 0.316162 1.043945 -0.189575 -2.046021
0.691040 -0.587280 0.269897 1.111694 -0.168213 -1.985352
0.562622 -0.566406 0.225342 1.172607 -0.121704 -1.877930
0.259155 -0.598633 0.177612 1.229858 -0.060669 -1.732056
0.331665 -0.502808 0.117432 1.293823 -0.032959 -1.499268
0.309937 -0.475708 0.113403 1.358887 0.078369 -1.312866
0.225098 -0.488403 0.058228 1.442871 0.068848 -1.147339
0.211060 -0.499878 0.033691 1.517212 -0.026733 -0.958252
0.223145 -0.506470 0.017090 1.601440 -0.084717 -0.805420
0.204590 -0.502686 -0.006226 1.701782 -0.123657 -0.701050
0.189331 -0.485229 -0.021851 1.803345 -0.168091 -0.623779
0.146729 -0.481812 -0.050171 1.908203 -0.229248 -0.565918
0.094360 -0.489990 -0.091919 2.019043 -0.326538 -0.518066
0.036621 -0.489868 -0.143799 2.127441 -0.458618 -0.476318
-0.018433 -0.490845 -0.184448 2.223267 -0.601074 -0.428223
-0.035400 -0.508423 -0.246826 2.307373 -0.743042 -0.351807
-0.001099 -0.534424 -0.298950 2.349731 -0.822510 -0.230347
0.062012 -0.539551 -0.320923 2.358276 -0.816528 -0.070801
0.128540 -0.568481 -0.344604 2.360107 -0.730225 0.116943
0.216431 -0.600098 -0.369141 2.383911 -0.647827 0.322021
0.325317 -0.578369 -0.395630 2.476929 -0.586182 0.500366
0.419800 -0.543213 -0.471802 2.649780 -0.522461 0.607788
0.510742 -0.549561 -0.596558 2.846313 -0.514893 0.628540
0.588745 -0.489624 -0.812012 3.009033 -0.647217 0.555298
0.571289 -0.406372 -1.082642 3.062988 -0.891113 0.401001
0.498535 -0.372681 -1.302734 2.965332 -1.080811 0.244385
0.433350 -0.377197 -1.491699 2.762329 -1.144531 0.166260
0.394287 -0.377075 -1.588745 2.495972 -1.108276 0.195190
0.429810 -0.371216 -1.590576 2.188721 -0.922363 0.300171
0.531372 -0.425781 -1.526001 1.892456 -0.703979 0.414551
0.656616 -0.450073 -1.417114 1.693726 -0.613647 0.496826
0.744141 -0.484375 -1.335571 1.625610 -0.608887 0.518799
0.807739 -0.519165 -1.331299 1.644043 -0.658081 0.479858
0.885376 -0.526855 -1.414795 1.706909 -0.816772 0.398071
0.920532 -0.472046 -1.557739 1.741943 -1.002319 0.293213
0.936890 -0.466797 -1.726074 1.680054 -1.026367 0.209717
0.958618 -0.507202 -1.854248 1.509644 -0.869141 0.184937
1.012085 -0.528198 -1.911865 1.264160 -0.602295 0.218872
1.077393 -0.540649 -1.888916 1.001099 -0.305786 0.257568
1.131226 -0.570557 -1.815063 0.766479 -0.066895 0.263428
1.191895 -0.601196 -1.748535 0.593262 0.046143 0.226440
1.238159 -0.624878 -1.708496 0.480469 0.039673 0.146362
1.272705 -0.645508 -1.677368 0.399658 -0.060547 0.036133
1.279297 -0.626465 -1.643311 0.335327 -0.191895 -0.083862
1.244995 -0.609863 -1.622559 0.272827 -0.247070 -0.208374
1.169312 -0.605347 -1.617920 0.194824 -0.178467 -0.313843
1.094360 -0.586426 -1.609253 0.093994 -0.043945 -0.378052
1.052246 -0.546387 -1.608521 -0.022217 0.104736 -0.409180
1.014893 -0.533325 -1.592163 -0.139404 0.223511 -0.442139
0.995117 -0.545532 -1.569946 -0.248901 0.319336 -0.483154
0.991821 -0.551392 -1.539185 -0.352173 0.372803 -0.521362
0.999634 -0.556885 -1.515015 -0.447388 0.403931 -0.554321
0.999756 -0.556030 -1.502563 -0.534180 0.447510 -0.587158
0.994873 -0.542480 -1.495483 -0.614624 0.508057 -0.630249
0.979492 -0.525269 -1.479492 -0.710693 0.574219 -0.679077
0.943237 -0.514160 -1.442627 -0.823120 0.629272 -0.731812
0.887329 -0.486450 -1.388062 -0.930542 0.691650 -0.785034
0.816162 -0.475586 -1.342773 -1.030518 0.780762 -0.839233
0.722534 -0.480957 -1.298950 -1.125366 0.824951 -0.873535
0.636841 -0.500000 -1.267334 -1.212769 0.908203 -0.878052
0.562500 -0.511719 -1.204102 -1.307861 1.026367 -0.856689
0.556396 -0.483276 -1.130737 -1.411743 1.133301 -0.819092
0.544922 -0.456055 -1.055664 -1.507568 1.177368 -0.800659
0.515015 -0.448364 -0.987793 -1.598999 1.193359 -0.807739
0.479492 -0.436890 -0.897705 -1.697021 1.224487 -0.818481
0.471558 -0.401123 -0.797852 -1.789429 1.260742 -0.834839
0.457886 -0.360596 -0.712891 -1.873413 1.272217 -0.859863
0.437622 -0.339844 -0.617554 -1.953857 1.295776 -0.888672
0.429565 -0.336426 -0.532349 -2.021118 1.357666 -0.921631
0.394409 -0.341675 -0.478638 -2.065186 1.426636 -0.958374
0.346558 -0.358521 -0.443604 -2.096313 1.475586 -0.985840
0.292847 -0.364990 -0.390869 -2.125122 1.503906 -0.986084
0.248657 -0.353882 -0.348145 -2.137085 1.500122 -0.953125
0.218628 -0.308472 -0.282227 -2.137939 1.461792 -0.898438
0.172485 -0.258789 -0.219849 -2.128784 1.388184 -0.842407
0.131348 -0.226318 -0.175171 -2.109985 1.296265 -0.787109
0.116821 -0.182983 -0.128418 -2.085815 1.196045 -0.729248
0.139404 -0.140137 -0.086914 -2.069580 1.085815 -0.668091
0.140015 -0.118774 -0.028687 -2.068848 0.989502 -0.608887
0.128662 -0.104126 0.036987 -2.075195 0.920288 -0.547241
0.118652 -0.078125 0.085815 -2.069214 0.868774 -0.481079
0.127197 -0.043213 0.144043 -2.059448 0.779785 -0.401733
0.106201 -0.020874 0.179321 -2.045288 0.697876 -0.310181
0.097290 -0.024780 0.213989 -2.029785 0.658569 -0.194702
0.103882 -0.036133 0.255005 -2.019165 0.629761 -0.051880
0.134399 -0.077026 0.322754 -2.000732 0.572876 0.106934
0.202881 -0.128662 0.414795 -1.969116 0.478516 0.276123
0.307739 -0.153442 0.513184 -1.910522 0.366577 0.436890
0.417236 -0.150879 0.618042 -1.817749 0.254272 0.564941
0.545898 -0.166992 0.703247 -1.692139 0.143677 0.651611
0.665161 -0.150391 0.791626 -1.540039 0.064697 0.701782
0.750000 -0.110474 0.839966 -1.361084 0.063232 0.719604
0.806030 -0.128784 0.845703 -1.195190 0.040649 0.739502
0.845093 -0.108276 0.833130 -1.025879 0.032715 0.728149
0.845459 -0.093140 0.790039 -0.838379 -0.002930 0.679199
0.833130 -0.110352 0.717285 -0.658936 -0.119263 0.626465
0.868286 -0.156006 0.649902 -0.525513 -0.293091 0.605835
0.945313 -0.175659 0.618774 -0.448730 -0.450806 0.627319
1.022583 -0.190552 0.609009 -0.409790 -0.506104 0.668091
1.085938 -0.189575 0.641113 -0.391968 -0.441406 0.719849
1.127930 -0.171875 0.678833 -0.366821 -0.324585 0.773926
1.149780 -0.161133 0.675171 -0.309692 -0.205444 0.809692
1.167969 -0.147705 0.640747 -0.232910 -0.127319 0.821533
1.216431 -0.123779 0.580078 -0.155518 -0.096680 0.813599
1.238647 -0.095947 0.522583 -0.093506 -0.095337 0.775513
1.266724 -0.062744 0.461914 -0.047607 -0.111450 0.714478
1.284180 -0.060425 0.399292 -0.014282 -0.166016 0.641235
1.304810 -0.065186 0.351440 -0.003174 -0.245117 0.567505
1.332886 -0.080933 0.316528 -0.017822 -0.323486 0.503662
1.348755 -0.104858 0.326050 -0.063843 -0.357056 0.463135
1.369995 -0.102295 0.381226 -0.117798 -0.323608 0.447998
1.366821 -0.097900 0.433838 -0.145996 -0.254883 0.428345
1.332153 -0.098511 0.448853 -0.135376 -0.187622 0.395020
1.285522 -0.108032 0.429443 -0.105713 -0.150513 0.359741
1.242554 -0.106201 0.401855 -0.072510 -0.139893 0.329834
1.224487 -0.093872 0.367676 -0.038452 -0.166382 0.299561
1.230469 -0.079102 0.310303 -0.000854 -0.224121 0.265625
1.236206 -0.062012 0.249878 0.017822 -0.296997 0.223511
1.235718 -0.049438 0.212646 0.013184 -0.360596 0.174927
1.229980 -0.043213 0.184326 -0.000732 -0.411621 0.127197
1.222656 -0.049561 0.168823 -0.018799 -0.450684 0.080078
1.205078 -0.060303 0.164063 -0.043701 -0.457642 0.044189
1.187500 -0.074219 0.172485 -0.069580 -0.431152 0.027466
1.173096 -0.079590 0.175537 -0.084839 -0.375854 0.024902
1.148804 -0.083374 0.167847 -0.086670 -0.306519 0.029053
1.132446 -0.085815 0.147705 -0.082397 -0.261841 0.029541
1.105957 -0.094971 0.129517 -0.076172 -0.237549 0.029785
1.106812 -0.090088 0.115356 -0.075195 -0.221558 0.033936
1.106934 -0.091187 0.108521 -0.079102 -0.220459 0.023315
1.100098 -0.101685 0.108643 -0.082886 -0.229248 0.008179
1.093750 -0.100830 0.104248 -0.083374 -0.250610 -0.009033
1.099487 -0.102295 0.100342 -0.082397 -0.277588 -0.027954
1.104858 -0.101563 0.098267 -0.075928 -0.286133 -0.043823
1.101563 -0.100220 0.085449 -0.067505 -0.272949 -0.050537
1.092651 -0.092407 0.057861 -0.064575 -0.226929 -0.046875
1.090210 -0.089844 0.042969 -0.067871 -0.162842 -0.043457
1.078369 -0.092285 0.035889 -0.073486 -0.117554 -0.047852
1.066650 -0.096924 0.025269 -0.081787 -0.092163 -0.058960
