-0.000488 0.188232 -0.208740 0.099121 -0.368286 0.366943
-0.080444 0.167114 -0.159302 0.186401 -0.334229 0.454956
-0.032471 0.105957 -0.221802 0.274414 -0.268677 0.567505
-0.087646 0.040649 -0.207397 0.320435 -0.096680 0.668335
-0.032104 -0.014404 -0.213867 0.346069 0.103027 0.802124
-0.032715 -0.053955 -0.046631 0.384521 0.243164 0.930298
0.026611 -0.063232 0.023682 0.498413 0.205688 1.059448
0.145508 -0.100220 -0.009399 0.648193 0.088745 1.140991
0.255127 -0.135010 -0.073486 0.798218 -0.036133 1.176147
0.302124 -0.172485 -0.126953 0.923096 -0.079346 1.173462
0.300171 -0.206177 -0.168335 1.026733 -0.038452 1.147949
0.287354 -0.259155 -0.217896 1.131470 0.023315 1.135620
0.274536 -0.304443 -0.326904 1.256836 0.075684 1.156738
0.287109 -0.336670 -0.455444 1.386597 0.142944 1.209595
0.344727 -0.369629 -0.600952 1.499756 0.250244 1.296631
0.333496 -0.412964 -0.764282 1.585693 0.366821 1.398560
0.355225 -0.409058 -0.827515 1.654663 0.353516 1.582031
0.657471 -0.411377 -1.031006 1.701294 0.358032 1.714722
0.741333 -0.343384 -1.142578 1.682617 0.308228 1.667847
0.810181 -0.354492 -1.300293 1.666016 0.216553 1.666504
0.846558 -0.376953 -1.417480 1.644409 0.221924 1.652344
0.937134 -0.447144 -1.562622 1.637695 0.245605 1.632690
1.109375 -0.465210 -1.759521 1.660645 0.240479 1.643188
1.231079 -0.405396 -1.937744 1.682983 0.291382 1.639404
1.337402 -0.349121 -2.103394 1.658813 0.463989 1.603638
1.419800 -0.335083 -2.196411 1.566040 0.728882 1.557983
1.503540 -0.359497 -2.224121 1.433838 1.100098 1.540527
1.732544 -0.448242 -2.332275 1.293823 1.599976 1.571533
1.989502 -0.416870 -2.402588 1.119019 1.861816 1.595581
2.174316 -0.213135 -2.484253 0.917969 1.295654 1.544556
2.273315 -0.113281 -2.618774 0.653076 0.455322 1.293579
2.219849 -0.048218 -2.570313 0.336548 0.021851 0.888306
2.089722 -0.057373 -2.434204 0.057007 -0.132202 0.510498
1.904541 -0.117432 -2.274292 -0.179443 -0.179321 0.208496
1.733887 -0.146118 -2.113403 -0.363647 -0.250854 0.035889
1.586426 -0.119629 -1.986938 -0.497070 -0.293457 -0.029541
1.500977 -0.134033 -1.924072 -0.606812 -0.268433 -0.063110
1.506104 -0.167603 -1.904297 -0.707275 -0.239868 -0.110474
1.520264 -0.176514 -1.914795 -0.789673 -0.283936 -0.182739
1.513306 -0.178711 -1.940186 -0.865845 -0.369141 -0.280273
1.484863 -0.198975 -1.964233 -0.966431 -0.411621 -0.401733
1.439087 -0.213623 -1.955933 -1.106323 -0.397827 -0.532104
1.361206 -0.245239 -1.911743 -1.267700 -0.361572 -0.654419
1.283325 -0.302734 -1.852173 -1.437988 -0.333618 -0.762451
1.205933 -0.337891 -1.754761 -1.598267 -0.368286 -0.852539
1.122070 -0.372925 -1.646973 -1.729980 -0.407471 -0.923096
1.030029 -0.407959 -1.528198 -1.828979 -0.417114 -0.973999
0.938477 -0.434814 -1.410522 -1.895996 -0.432007 -0.995239
0.854126 -0.445313 -1.296631 -1.952271 -0.432007 -0.988647
0.782349 -0.457275 -1.171509 -2.003174 -0.393066 -0.959717
0.731323 -0.483887 -1.057861 -2.036865 -0.329590 -0.911621
0.700195 -0.489380 -0.944946 -2.042847 -0.251587 -0.858276
0.682129 -0.469482 -0.849487 -2.013794 -0.181763 -0.810669
0.653076 -0.426270 -0.754639 -1.976074 -0.128540 -0.775269
0.612549 -0.388306 -0.660034 -1.947266 -0.075073 -0.760010
0.566895 -0.366089 -0.568726 -1.922363 -0.004150 -0.762695
0.516724 -0.327759 -0.473022 -1.888428 0.073242 -0.770264
0.449219 -0.296021 -0.385498 -1.838623 0.126709 -0.782104
0.394775 -0.263550 -0.307495 -1.780396 0.133911 -0.792969
0.350342 -0.219238 -0.231934 -1.717773 0.103271 -0.796509
0.290771 -0.173828 -0.161133 -1.647461 0.044922 -0.798950
0.222778 -0.132935 -0.108154 -1.570923 -0.021973 -0.801514
0.149536 -0.104492 -0.059570 -1.496948 -0.090454 -0.793945
0.066895 -0.080688 -0.004028 -1.426514 -0.171509 -0.767578
0.014771 -0.050293 0.047974 -1.346558 -0.249146 -0.713257
-0.010986 -0.019653 0.099976 -1.247192 -0.316528 -0.639893
-0.028198 0.002930 0.146606 -1.126465 -0.369995 -0.567261
-0.031372 0.015503 0.180542 -0.992798 -0.407104 -0.498413
-0.028931 0.043457 0.206665 -0.847656 -0.423828 -0.420166
-0.028442 0.067993 0.224854 -0.697266 -0.417480 -0.335449
-0.015259 0.079590 0.233276 -0.545776 -0.378540 -0.250366
-0.007446 0.097412 0.241211 -0.393921 -0.320313 -0.165649
-0.014893 0.119141 0.246216 -0.244385 -0.262329 -0.079346
-0.024658 0.135376 0.231445 -0.104492 -0.197388 0.008057
-0.041748 0.142090 0.222778 0.023804 -0.128784 0.098633
-0.060913 0.140137 0.209229 0.144775 -0.057251 0.192505
-0.086060 0.116577 0.190063 0.268433 0.005615 0.294678
-0.085083 0.081909 0.150513 0.405396 0.042358 0.412476
-0.054199 0.059937 0.100098 0.560303 0.049438 0.539307
0.004395 0.049316 0.039185 0.729004 0.022827 0.657959
0.086182 0.049927 -0.029907 0.904907 -0.029785 0.757935
0.181152 0.064575 -0.133545 1.073120 -0.077881 0.830933
0.248291 0.099365 -0.248657 1.203613 -0.113037 0.865234
0.247803 0.128174 -0.349854 1.278931 -0.127319 0.864502
0.199097 0.115356 -0.436035 1.286133 -0.104858 0.858887
0.162842 0.028687 -0.516724 1.245850 -0.070068 0.888062
0.196899 -0.062134 -0.588379 1.206299 -0.064331 0.979492
0.330566 -0.104370 -0.656128 1.198486 -0.082397 1.114014
0.507446 -0.082886 -0.699341 1.229980 -0.081421 1.231689
0.640503 -0.042358 -0.749268 1.271118 -0.066040 1.275879
0.690796 -0.002197 -0.795410 1.280518 -0.059448 1.242798
0.637085 -0.008423 -0.844482 1.253052 -0.050293 1.174561
0.541870 -0.040283 -0.899658 1.218018 -0.041138 1.128662
0.464355 -0.124023 -0.945068 1.205322 -0.031128 1.132202
0.547852 -0.219849 -1.020386 1.228516 -0.045288 1.194946
0.680176 -0.222046 -1.124512 1.280518 -0.085327 1.283813
0.821899 -0.228882 -1.246582 1.338135 -0.124878 1.338257
1.001099 -0.221924 -1.327393 1.364990 -0.148071 1.346924
1.116333 -0.197754 -1.361450 1.356934 -0.159424 1.296265
1.146118 -0.180420 -1.347290 1.332642 -0.125977 1.201660
1.106812 -0.178711 -1.318848 1.312378 -0.001587 1.106445
1.027222 -0.249146 -1.318848 1.323242 0.248657 1.038086
1.032837 -0.332520 -1.394531 1.379517 0.519409 1.040649
1.139648 -0.325439 -1.564575 1.457764 0.513306 1.097534
1.267090 -0.300293 -1.803467 1.506104 0.077148 1.092529
1.301880 -0.243896 -2.032471 1.482910 -0.426392 0.963501
1.262329 -0.234497 -2.170898 1.384888 -0.607910 0.768433
1.271851 -0.290649 -2.213379 1.246094 -0.514526 0.607422
1.345825 -0.309204 -2.210449 1.097778 -0.312500 0.513062
1.438232 -0.317383 -2.240845 0.953857 -0.113403 0.454834
1.521729 -0.311157 -2.315186 0.796753 0.010376 0.402832
1.558350 -0.321655 -2.429443 0.597778 0.147095 0.304565
1.391357 -0.124268 -2.248901 0.363892 0.307495 0.152588
1.365723 -0.165405 -2.272827 0.164429 0.109741 0.091675
1.310547 -0.230957 -2.222412 -0.078003 -0.018066 -0.013916
1.225464 -0.234009 -2.161743 -0.289429 -0.092407 -0.114990
1.162598 -0.271240 -2.113281 -0.455444 -0.082031 -0.180542
1.088623 -0.285034 -2.052002 -0.596313 -0.002686 -0.237915
1.034424 -0.287354 -1.996582 -0.716187 0.087891 -0.284424
0.997925 -0.311279 -1.927856 -0.822266 0.159302 -0.310669
0.963989 -0.332031 -1.864868 -0.914063 0.201172 -0.325806
0.952759 -0.329224 -1.814453 -0.992676 0.234497 -0.345581
0.943726 -0.321045 -1.774170 -1.072754 0.263306 -0.374146
0.926392 -0.333252 -1.747192 -1.166016 0.273804 -0.411621
0.912231 -0.349976 -1.695435 -1.269897 0.288818 -0.453247
0.905518 -0.370239 -1.625122 -1.372925 0.323242 -0.488647
0.898926 -0.378052 -1.534546 -1.470093 0.349854 -0.520020
0.872559 -0.372314 -1.426880 -1.560425 0.342285 -0.555298
0.837280 -0.372559 -1.296509 -1.644409 0.322876 -0.593140
0.805298 -0.362305 -1.155396 -1.714233 0.300781 -0.626221
0.761108 -0.358521 -1.013306 -1.758545 0.266113 -0.653809
0.724487 -0.352173 -0.887939 -1.780762 0.226074 -0.673584
0.704468 -0.336426 -0.777100 -1.777588 0.187256 -0.683472
0.677490 -0.314819 -0.685425 -1.748657 0.148804 -0.690430
0.663452 -0.278442 -0.603149 -1.701172 0.110596 -0.690552
0.646118 -0.231445 -0.520020 -1.651001 0.072876 -0.697266
0.619141 -0.195801 -0.440063 -1.598877 0.035645 -0.699707
0.572021 -0.178223 -0.380249 -1.534668 -0.000732 -0.708740
0.534180 -0.165039 -0.330200 -1.449097 -0.032715 -0.706421
0.503540 -0.126953 -0.299316 -1.338257 -0.064941 -0.696899
0.484131 -0.071045 -0.281372 -1.214233 -0.096069 -0.671997
0.458008 -0.017212 -0.277466 -1.104614 -0.120850 -0.646606
0.440552 0.019653 -0.267822 -1.020264 -0.126953 -0.613525
0.445801 0.049072 -0.256592 -0.946655 -0.112915 -0.568848
0.465942 0.093872 -0.239868 -0.869507 -0.106567 -0.521118
0.480591 0.124512 -0.249878 -0.783691 -0.109985 -0.482300
0.490356 0.144531 -0.260742 -0.697266 -0.112793 -0.450317
0.500000 0.175415 -0.287842 -0.609619 -0.121338 -0.420532
0.506104 0.201660 -0.319214 -0.529541 -0.138428 -0.390503
0.515015 0.232788 -0.351685 -0.466919 -0.154419 -0.356201
