0.773193 0.447510 -0.199951 -0.581484 0.447386 0.232119
0.757202 0.388428 -0.185059 -0.466136 0.292166 0.300710
0.798462 0.388672 -0.193970 -0.347229 0.165426 0.364317
0.822632 0.394653 -0.189941 -0.221676 0.059810 0.360520
0.852417 0.394897 -0.193115 -0.088765 -0.038924 0.359808
0.928345 0.414917 -0.209961 0.033228 -0.079034 0.336786
0.955688 0.428467 -0.226074 0.122468 -0.048655 0.270093
0.969849 0.410889 -0.234741 0.159967 0.012104 0.185600
0.976074 0.398071 -0.254761 0.153322 0.049604 0.088053
0.969849 0.392456 -0.249146 0.102768 0.167325 -0.002373
0.961426 0.399658 -0.203735 0.032278 0.220726 -0.063607
0.941650 0.406372 -0.189575 -0.023497 0.129350 -0.106803
0.923096 0.400391 -0.193604 -0.048892 0.020886 -0.121518
0.914429 0.395386 -0.183228 -0.036788 -0.016376 -0.108227
0.900024 0.384766 -0.176147 -0.009731 0.009494 -0.079272
0.884888 0.374756 -0.175659 0.015664 0.045569 -0.041297
0.877930 0.373291 -0.175049 0.033465 0.032516 -0.004035
0.877197 0.371338 -0.178955 0.045807 0.003560 0.034177
0.882568 0.376221 -0.177612 0.058623 -0.013766 0.074525
0.905151 0.396606 -0.191040 0.079034 0.007595 0.113449
0.932739 0.415039 -0.205688 0.096360 0.051503 0.140743
0.954956 0.432129 -0.215332 0.096360 0.125553 0.141929
0.950439 0.422241 -0.205078 0.070253 0.190110 0.110126
0.940063 0.409058 -0.191284 0.017326 0.176106 0.046044
0.933838 0.389648 -0.191284 -0.032753 0.108227 -0.031804
0.912354 0.378662 -0.192017 -0.059572 0.038924 -0.097072
0.892212 0.382446 -0.187866 -0.056250 0.010918 -0.128638
0.861450 0.387329 -0.176514 -0.025158 -0.002611 -0.115822
0.849487 0.388062 -0.186279 0.017326 -0.052690 -0.067405
0.854004 0.383423 -0.203003 0.071914 -0.076424 0.000475
0.855103 0.378296 -0.207642 0.119857 -0.070965 0.065981
0.861938 0.370483 -0.214966 0.149762 -0.073575 0.119145
0.882202 0.382324 -0.224609 0.156170 -0.096835 0.151898
0.908691 0.402710 -0.237305 0.138844 -0.101107 0.164239
0.937622 0.420654 -0.240479 0.102294 -0.066693 0.148812
0.944580 0.413330 -0.244873 0.045569 -0.029193 0.105142
0.934692 0.398071 -0.238892 -0.024921 -0.030617 0.046281
0.919800 0.387939 -0.240723 -0.089952 -0.053876 -0.008307
0.903076 0.387573 -0.238770 -0.126028 -0.073101 -0.041297
0.898438 0.386719 -0.238892 -0.123654 -0.086867 -0.043908
0.895752 0.389526 -0.238892 -0.089240 -0.093987 -0.018987
0.898315 0.389282 -0.233398 -0.040348 -0.092563 0.016614
0.908203 0.392822 -0.229736 0.001424 -0.090901 0.047705
0.909790 0.392944 -0.234131 0.022785 -0.087579 0.062895
0.912109 0.393555 -0.232666 0.019937 -0.088053 0.065269
0.917969 0.395996 -0.226318 -0.002136 -0.087816 0.058623
0.914063 0.393799 -0.232544 -0.032041 -0.067879 0.047943
0.913696 0.384277 -0.225098 -0.057911 -0.037974 0.034889
0.901855 0.375977 -0.226318 -0.073338 -0.028481 0.025158
0.894897 0.370483 -0.225952 -0.073338 -0.035838 0.023734
0.906860 0.380371 -0.233032 -0.058623 -0.049841 0.030142
0.926758 0.413940 -0.243408 -0.037737 -0.039161 0.037262
0.939209 0.406982 -0.238647 -0.031566 0.048892 0.035364
0.934570 0.379395 -0.226196 -0.064794 0.124366 0.018275
0.929321 0.370483 -0.212646 -0.132436 0.128401 0.002848
0.914063 0.373047 -0.205688 -0.199366 0.117958 -0.006171
0.898438 0.367676 -0.196655 -0.228796 0.119620 -0.006171
0.889160 0.363647 -0.190430 -0.210758 0.114398 0.009731
0.873169 0.358643 -0.186401 -0.154271 0.108465 0.035364
0.869873 0.353760 -0.181641 -0.078085 0.093749 0.057911
0.878296 0.357056 -0.182739 0.002136 0.055775 0.069778
0.876953 0.353149 -0.183960 0.072151 -0.003085 0.066693
0.887329 0.358154 -0.190918 0.125790 -0.063370 0.051266
0.895020 0.364868 -0.197754 0.162578 -0.107990 0.032516
0.895508 0.367310 -0.205811 0.185125 -0.141455 0.016614
0.916504 0.377075 -0.212402 0.196280 -0.162815 0.010918
0.937988 0.391357 -0.219238 0.195331 -0.153322 0.008070
0.956543 0.402466 -0.234985 0.179667 -0.105854 -0.001899
0.960815 0.400269 -0.236450 0.143591 -0.057674 -0.026582
0.949341 0.395386 -0.234131 0.087816 -0.031804 -0.052690
0.940552 0.394287 -0.239136 0.032041 -0.023734 -0.064082
0.932739 0.392822 -0.239502 -0.006883 -0.011155 -0.059572
0.925415 0.394287 -0.239990 -0.020886 0.017089 -0.041060
0.920532 0.392090 -0.235962 -0.015902 0.050316 -0.018750
0.909180 0.390259 -0.230835 -0.001899 0.071439 -0.002373
0.903320 0.380127 -0.237427 0.010443 0.070253 0.002373
0.899536 0.376709 -0.237793 0.018275 0.051028 -0.003085
0.897705 0.377563 -0.240967 0.020649 0.036788 -0.013054
0.899170 0.382935 -0.247192 0.020886 0.023971 -0.022547
0.891724 0.385132 -0.247314 0.019462 0.016376 -0.027531
0.894775 0.385742 -0.251343 0.013054 0.018038 -0.028956
0.897461 0.383667 -0.250000 0.000475 0.016851 -0.028956
0.893433 0.381348 -0.251953 -0.017801 0.012579 -0.026345
0.897949 0.381958 -0.249756 -0.039161 0.022785 -0.022073
0.891602 0.376465 -0.245728 -0.056250 0.028956 -0.014952
0.900879 0.377686 -0.249390 -0.066455 0.012816 -0.004272
0.906006 0.385254 -0.252563 -0.066218 -0.007595 0.009256
0.907837 0.389282 -0.253662 -0.059572 -0.011392 0.018750
0.911133 0.388184 -0.245361 -0.056250 -0.005934 0.012579
0.907349 0.380737 -0.242065 -0.059335 -0.014240 -0.006171
0.899780 0.380371 -0.241089 -0.068354 -0.039636 -0.026345
0.904541 0.381592 -0.243042 -0.075712 -0.058623 -0.038686
0.901245 0.383545 -0.244873 -0.077136 -0.060047 -0.039636
0.910278 0.381958 -0.245728 -0.073813 -0.043671 -0.031092
0.908691 0.383057 -0.243774 -0.073101 -0.024446 -0.018513
0.904419 0.381104 -0.245972 -0.079984 -0.004747 -0.005934
0.912354 0.382324 -0.249512 -0.094936 0.000237 0.001424
0.904053 0.380737 -0.249390 -0.111787 -0.003560 0.004272
0.902344 0.379150 -0.245483 -0.129350 -0.003560 0.004035
0.906006 0.373169 -0.242310 -0.143354 -0.018750 0.003085
0.922607 0.387085 -0.240845 -0.150948 -0.032990 0.004509
0.933594 0.394043 -0.234497 -0.155933 0.007358 -0.005696
0.934814 0.385620 -0.228882 -0.167088 0.063845 -0.035601
0.930542 0.371460 -0.221069 -0.191059 0.074288 -0.069778
0.907715 0.378052 -0.223999 -0.217878 0.064557 -0.092088
0.885010 0.374268 -0.231323 -0.233543 0.068591 -0.099446
0.885376 0.367432 -0.235352 -0.232593 0.069303 -0.092088
0.878052 0.370972 -0.230591 -0.221913 0.057911 -0.075949
0.876343 0.374512 -0.228882 -0.207435 0.055300 -0.059335
0.874878 0.370361 -0.222412 -0.197467 0.052690 -0.052927
0.873291 0.365845 -0.221680 -0.193432 0.033940 -0.052690
0.876831 0.369873 -0.218140 -0.192246 0.019937 -0.053639
0.875854 0.376953 -0.222412 -0.189398 0.027769 -0.052927
0.876587 0.379761 -0.221313 -0.188211 0.039636 -0.047705
0.886353 0.381836 -0.227173 -0.192483 0.044383 -0.037737
0.884766 0.387329 -0.230957 -0.208385 0.040823 -0.021598
0.893799 0.393677 -0.232788 -0.235916 0.043433 -0.000949
0.901855 0.398071 -0.237427 -0.273179 0.053402 0.018513
0.906616 0.406860 -0.228149 -0.316849 0.067167 0.037737
0.916992 0.410889 -0.219849 -0.363605 0.083544 0.054351
0.916260 0.413452 -0.205933 -0.407751 0.098496 0.072151
0.910278 0.415771 -0.188232 -0.447624 0.119382 0.089952
0.906982 0.415161 -0.164795 -0.477766 0.152372 0.102531
0.900757 0.411133 -0.142456 -0.497228 0.188211 0.112499
0.891602 0.407837 -0.130249 -0.502687 0.223100 0.123417
0.878540 0.406128 -0.120483 -0.496041 0.255378 0.140980
0.874756 0.409058 -0.118286 -0.476105 0.270331 0.168037
0.882813 0.416626 -0.109985 -0.441216 0.268907 0.195094
0.885010 0.420776 -0.108398 -0.396358 0.258226 0.219777
0.902832 0.432495 -0.112183 -0.348653 0.243511 0.239002
0.916382 0.442139 -0.109375 -0.303558 0.214081 0.250394
0.923218 0.453369 -0.113770 -0.266296 0.165426 0.250631
0.945068 0.463501 -0.124878 -0.236391 0.100870 0.235204
0.954590 0.474121 -0.131226 -0.214793 0.032041 0.204587
0.967041 0.483032 -0.136719 -0.200078 -0.032516 0.160679
0.973877 0.489746 -0.142212 -0.191296 -0.091139 0.107990
0.973022 0.492188 -0.141479 -0.192246 -0.142642 0.051028
0.968262 0.487915 -0.146606 -0.203638 -0.191059 -0.007832
0.948486 0.478760 -0.142090 -0.228559 -0.237815 -0.063845
0.930542 0.470703 -0.142822 -0.262261 -0.287182 -0.106566
0.911011 0.459595 -0.140015 -0.300710 -0.325631 -0.126977
0.895264 0.454468 -0.149780 -0.338210 -0.343669 -0.121281
0.884644 0.449097 -0.149414 -0.371675 -0.349128 -0.095173
0.878906 0.437134 -0.150146 -0.401580 -0.352450 -0.056724
0.885376 0.432373 -0.149170 -0.432434 -0.366691 -0.014240
0.900757 0.431152 -0.148438 -0.464000 -0.385441 0.024683
0.916504 0.427124 -0.144287 -0.494142 -0.401817 0.057436
0.937012 0.426636 -0.147095 -0.520250 -0.421516 0.076898
0.936646 0.420166 -0.140747 -0.539949 -0.440029 0.079746
0.938232 0.417603 -0.140869 -0.558936 -0.453795 0.068354
