0.461182 0.590210 -0.031860 -0.904266 -0.319460 -1.062098
0.363892 0.512451 0.015869 -0.799837 -0.538050 -1.089155
0.286133 0.405884 0.038208 -0.688524 -0.523098 -1.035278
0.280762 0.224243 0.044800 -0.562734 -0.357672 -0.954345
0.282715 0.118896 0.109497 -0.441216 0.133860 -0.900944
0.258423 0.106201 0.219116 -0.326106 0.578161 -0.843270
0.242676 0.113281 0.318359 -0.208147 1.040737 -0.812653
0.202759 0.021606 0.391235 -0.062895 1.469136 -0.765660
0.081299 -0.208862 0.346558 0.159255 1.693898 -0.673334
-0.072388 -0.257935 0.411743 0.505535 0.895960 -0.518826
-0.073730 -0.196655 0.397339 0.965026 -0.438605 -0.272467
-0.007935 -0.155273 0.416626 1.546035 -1.435909 0.084256
-0.011353 -0.217529 0.311401 2.234084 -1.416447 0.565107
0.045288 -0.379272 0.281128 2.976959 -1.236780 1.128790
0.083740 -0.579468 0.217529 3.711765 -1.009883 1.748486
0.004272 -0.743408 0.193726 4.409070 -0.843982 2.388830
-0.054810 -0.860352 0.146484 5.034462 -0.581958 2.990250
0.038574 -0.937378 0.054688 5.585329 -0.292403 3.569123
0.245728 -0.927612 -0.023926 6.059298 -0.007832 4.163898
0.463135 -0.892090 -0.086670 6.420292 0.427450 4.798308
0.642944 -0.879150 -0.212524 6.622269 0.869377 5.464285
0.831421 -0.737549 -0.356934 6.675196 1.276416 6.096560
1.077148 -0.532959 -0.571655 6.585956 1.692711 6.620844
1.307373 -0.456909 -0.783691 6.360720 2.195160 6.942204
1.648804 -0.323120 -1.053955 6.009693 2.675300 6.999165
1.863159 0.108765 -1.325195 5.572987 2.630680 6.743787
1.842163 0.250366 -1.605347 5.048940 2.441757 6.116971
1.754761 0.174438 -1.744995 4.399102 2.142233 5.136281
1.775269 0.080566 -1.747314 3.632018 1.451336 3.977111
1.890625 -0.024414 -1.713623 2.862561 0.339634 2.936374
1.994019 -0.020874 -1.703369 2.269922 -0.678556 2.270397
2.083862 0.060059 -1.664063 1.961855 -1.021750 1.989624
2.146851 0.091309 -1.593994 1.860748 -0.850390 1.894450
2.095459 0.098755 -1.504150 1.811144 -0.487497 1.785748
2.026489 0.126709 -1.465698 1.683692 -0.087579 1.546747
1.946655 0.174316 -1.458130 1.417634 0.173970 1.186701
1.849365 0.161499 -1.463867 1.018190 0.366691 0.786308
1.758667 0.107178 -1.489136 0.522386 0.630138 0.422703
1.667236 0.096924 -1.506104 -0.005459 0.907115 0.126977
1.586060 0.105713 -1.486694 -0.497228 1.147778 -0.109651
1.506226 0.075806 -1.429443 -0.926102 1.359960 -0.335362
1.421265 0.019653 -1.353027 -1.285435 1.477443 -0.579822
1.364014 -0.030029 -1.288940 -1.565734 1.431399 -0.824995
1.310303 -0.055298 -1.241577 -1.763676 1.271669 -1.037177
1.244019 -0.070190 -1.216797 -1.879023 1.036940 -1.203790
1.173340 -0.086548 -1.195557 -1.932187 0.740976 -1.330767
1.173828 -0.072754 -1.201294 -1.970162 0.491057 -1.418583
1.224365 0.041504 -1.260010 -2.039940 0.238527 -1.480529
1.251099 0.086304 -1.305054 -2.170239 0.027294 -1.569769
1.275879 0.048462 -1.310913 -2.404732 -0.082120 -1.743502
1.293091 0.000488 -1.276733 -2.767150 -0.204113 -1.991760
1.311890 -0.027344 -1.235229 -3.205281 -0.355298 -2.272296
1.384155 -0.025513 -1.221558 -3.632493 -0.520487 -2.528386
1.455444 0.031372 -1.275513 -3.989928 -0.725787 -2.728464
1.419189 0.038818 -1.321167 -4.289688 -0.864393 -2.877039
1.369263 0.006836 -1.326660 -4.595857 -0.757353 -3.011611
1.287842 -0.055298 -1.260742 -4.966108 -0.527845 -3.122686
1.196289 -0.167114 -1.110718 -5.399017 -0.271043 -3.189616
1.100586 -0.261353 -0.925049 -5.829552 -0.120569 -3.182971
0.988159 -0.314697 -0.750000 -6.155658 -0.021835 -3.091594
0.881348 -0.348145 -0.603638 -6.285245 0.109414 -2.936849
0.816406 -0.360352 -0.420288 -6.202888 0.237103 -2.754097
0.786133 -0.360718 -0.239502 -5.937304 0.304982 -2.582974
0.781860 -0.361328 -0.061646 -5.531690 0.248258 -2.450776
0.754517 -0.311401 0.141235 -5.001472 0.061234 -2.375302
0.669067 -0.238892 0.312378 -4.369672 -0.179192 -2.366520
0.590088 -0.226807 0.420898 -3.666907 -0.276501 -2.406631
0.518066 -0.257568 0.472778 -2.920235 -0.263210 -2.444368
0.446167 -0.279297 0.488403 -2.180208 -0.243986 -2.431314
0.368652 -0.271484 0.489746 -1.488836 -0.242562 -2.345871
0.306152 -0.228149 0.474487 -0.865343 -0.254666 -2.180445
0.247070 -0.186157 0.442017 -0.329666 -0.348653 -1.931001
0.218384 -0.152832 0.416870 0.107278 -0.494854 -1.618423
0.209106 -0.127686 0.403320 0.440266 -0.613999 -1.282824
0.183350 -0.102417 0.384766 0.671436 -0.641293 -0.965263
0.156860 -0.079224 0.371704 0.810280 -0.597860 -0.687812
0.141235 -0.064331 0.352661 0.871751 -0.532592 -0.434570
0.137939 -0.064819 0.326782 0.880295 -0.449760 -0.181328
0.135864 -0.072510 0.301880 0.860121 -0.328716 0.093275
0.136841 -0.087158 0.273560 0.830454 -0.149762 0.389713
0.149902 -0.107422 0.259521 0.805058 0.058623 0.703714
0.163452 -0.128174 0.246216 0.791767 0.234255 1.026259
0.167480 -0.151611 0.217896 0.796751 0.359808 1.347855
0.194214 -0.168945 0.188477 0.825469 0.454981 1.668977
0.236694 -0.198364 0.164551 0.874836 0.553952 2.001965
0.285889 -0.212036 0.141724 0.941766 0.653872 2.352754
0.323975 -0.246582 0.123901 1.024361 0.742400 2.706866
0.276367 -0.414795 0.059814 1.133537 0.771831 3.060740
0.159790 -0.583008 -0.067139 1.313916 0.596911 3.466118
0.071167 -0.658936 -0.190796 1.632901 0.261786 3.987317
0.112671 -0.655884 -0.290039 2.109480 0.031329 4.640715
0.248169 -0.673828 -0.325684 2.662009 -0.010680 5.397356
0.490112 -0.706543 -0.312622 3.180360 0.007595 6.214756
0.819946 -0.657227 -0.271729 3.591908 0.094224 7.026459
1.191162 -0.514893 -0.262451 3.882887 0.231169 7.732546
1.647095 -0.352905 -0.372803 4.096019 0.268907 7.776929
2.122559 -0.031250 -0.474365 4.277347 0.106566 7.776929
2.503418 0.057739 -0.594604 4.324103 -0.116059 7.776929
2.795654 0.117920 -0.745850 4.018171 0.016851 7.151537
2.905151 0.148682 -0.914673 3.210739 0.738366 5.901703
2.876343 0.154785 -1.061523 2.021190 1.818264 4.343327
2.741821 0.142822 -1.116333 0.807906 2.237170 2.807736
2.543213 0.125366 -1.108398 -0.138369 1.827995 1.690575
2.351074 0.068970 -1.050171 -0.734093 1.323172 1.086306
2.223633 0.007690 -0.932495 -1.067319 1.008696 0.832115
2.157104 0.013306 -0.760376 -1.234169 0.658145 0.733619
2.147095 0.055420 -0.588013 -1.289232 0.245647 0.639632
2.135132 0.111450 -0.407837 -1.268584 -0.093512 0.449285
2.074829 0.148438 -0.263428 -1.209961 -0.256090 0.127452
1.969238 0.161987 -0.183838 -1.145404 -0.297150 -0.316612
1.824097 0.151001 -0.169067 -1.101496 -0.320884 -0.826894
1.655273 0.118652 -0.197998 -1.107192 -0.342482 -1.328156
1.489868 0.059204 -0.233398 -1.172224 -0.351026 -1.767710
1.359009 0.005615 -0.257446 -1.279027 -0.338210 -2.107107
1.264404 -0.019043 -0.276245 -1.389627 -0.277688 -2.341837
1.194824 -0.015503 -0.288574 -1.470798 -0.129350 -2.497769
1.177612 0.009888 -0.316162 -1.508298 0.108227 -2.613591
1.156616 0.004639 -0.313110 -1.503076 0.280299 -2.723005
1.112183 -0.060547 -0.305908 -1.480054 0.224999 -2.824587
1.074341 -0.133423 -0.307739 -1.442317 0.148575 -2.900298
1.007080 -0.172363 -0.304932 -1.401732 0.106328 -2.940171
0.939819 -0.178101 -0.307129 -1.335989 0.162815 -2.938747
0.871826 -0.183472 -0.311157 -1.237967 0.323257 -2.890805
0.812134 -0.173462 -0.283081 -1.112414 0.482275 -2.788748
0.788818 -0.132080 -0.273926 -0.964788 0.559174 -2.621423
0.819946 -0.059570 -0.283447 -0.805058 0.577449 -2.405206
0.887573 0.029053 -0.325684 -0.643667 0.594537 -2.174749
0.951904 0.116577 -0.359985 -0.497703 0.635123 -1.976333
0.984863 0.151245 -0.339478 -0.401105 0.707511 -1.837963
1.003784 0.146729 -0.287354 -0.389001 0.739078 -1.768422
0.992432 0.121338 -0.232178 -0.460915 0.630850 -1.752046
0.951660 0.105713 -0.189697 -0.575550 0.473019 -1.758692
0.898560 0.093750 -0.161865 -0.660993 0.340821 -1.751809
0.839233 0.081665 -0.135742 -0.674046 0.262973 -1.700068
0.790405 0.065430 -0.129761 -0.613999 0.356010 -1.603471
0.778442 0.085449 -0.123413 -0.497465 0.471595 -1.464864
0.795166 0.136841 -0.143188 -0.353874 0.486310 -1.285435
0.828857 0.191406 -0.178833 -0.201265 0.490582 -1.079424
0.872559 0.255493 -0.216309 -0.060759 0.559174 -0.879820
0.911377 0.316162 -0.228149 0.041060 0.713920 -0.715106
0.906494 0.324707 -0.220947 0.075237 0.942004 -0.617322
0.887939 0.298950 -0.201782 0.026107 1.074202 -0.596199
0.868164 0.281250 -0.180298 -0.087341 0.998253 -0.616135
0.839966 0.283569 -0.155273 -0.210283 0.784647 -0.640581
0.810913 0.297241 -0.133667 -0.286944 0.613999 -0.640819
0.792480 0.297485 -0.116211 -0.292641 0.551104 -0.593113
0.779297 0.300781 -0.103149 -0.232831 0.557275 -0.494854
0.774536 0.308228 -0.095337 -0.134809 0.599759 -0.362181
0.771484 0.321411 -0.090820 -0.021835 0.642480 -0.220726
0.799683 0.347656 -0.077881 0.083781 0.656483 -0.087341
