1.220947 -0.223877 -0.289063 0.018555 -0.112305 -0.119751
1.179443 -0.247925 -0.261841 0.064575 -0.125732 -0.067505
1.032471 -0.227051 -0.251343 0.124756 -0.118530 -0.014526
0.966187 -0.231934 -0.300049 0.208374 -0.069824 0.179443
1.152466 -0.223267 -0.332642 0.268311 0.038086 0.414429
1.452759 -0.230225 -0.409180 0.310669 0.082275 0.539551
1.735718 -0.244141 -0.498413 0.333008 0.061035 0.505493
1.920044 -0.249268 -0.553101 0.319336 0.074829 0.322998
2.010498 -0.245361 -0.587891 0.294556 0.025146 0.067139
2.054199 -0.242432 -0.604248 0.290405 -0.145996 -0.183838
2.069336 -0.250977 -0.584229 0.307251 -0.235229 -0.380615
2.066284 -0.283936 -0.517700 0.338745 -0.212769 -0.515015
2.073486 -0.319092 -0.453369 0.406250 -0.214600 -0.621582
2.060913 -0.332275 -0.398438 0.513672 -0.272217 -0.727783
2.025757 -0.344604 -0.398315 0.643921 -0.356323 -0.826782
2.021118 -0.346924 -0.473877 0.766724 -0.439941 -0.901855
2.045044 -0.344482 -0.614746 0.848022 -0.469482 -0.982788
2.036255 -0.310181 -0.784302 0.851685 -0.438354 -1.094727
1.937378 -0.286377 -0.905884 0.780518 -0.367676 -1.241333
1.824707 -0.290527 -0.983521 0.665161 -0.291870 -1.390259
1.692505 -0.298096 -1.052002 0.528320 -0.256104 -1.507324
1.481079 -0.269409 -1.135620 0.371826 -0.287720 -1.581665
1.420410 -0.261841 -1.144531 0.179688 -0.264404 -1.613525
1.367798 -0.263550 -1.076294 -0.023438 -0.167114 -1.646851
1.261597 -0.287598 -1.019897 -0.189087 -0.218506 -1.687256
1.145508 -0.299316 -0.971069 -0.315796 -0.409058 -1.714111
1.023315 -0.292603 -0.927368 -0.406738 -0.623047 -1.741943
0.888428 -0.272461 -0.917847 -0.477295 -0.733276 -1.774292
0.750854 -0.284546 -0.925415 -0.547119 -0.703125 -1.788696
0.628906 -0.299561 -0.930542 -0.620361 -0.622070 -1.775391
0.541382 -0.299194 -0.916504 -0.695190 -0.545288 -1.727783
0.464844 -0.288330 -0.894409 -0.775879 -0.437012 -1.650146
0.389648 -0.291870 -0.857910 -0.871582 -0.304199 -1.550171
0.312256 -0.304321 -0.826782 -0.994385 -0.166016 -1.443848
0.248413 -0.277588 -0.768921 -1.144409 -0.017822 -1.344360
0.179443 -0.302490 -0.695801 -1.300903 0.136353 -1.247559
0.094238 -0.254761 -0.622925 -1.405884 0.220093 -1.151123
0.044189 -0.258545 -0.588501 -1.480957 0.208008 -1.054688
-0.002441 -0.258911 -0.540649 -1.572144 0.185791 -0.962769
-0.067261 -0.262695 -0.483154 -1.674561 0.195435 -0.875488
-0.114502 -0.269531 -0.408325 -1.772949 0.204102 -0.780396
-0.149902 -0.260254 -0.319458 -1.857910 0.176025 -0.679077
-0.181396 -0.264404 -0.223877 -1.923096 0.120850 -0.572998
-0.189087 -0.248291 -0.123779 -1.948853 0.060791 -0.459839
-0.187988 -0.236572 -0.026367 -1.933838 0.011963 -0.347534
-0.187866 -0.204346 0.059448 -1.888794 -0.018433 -0.244141
-0.187378 -0.169678 0.138916 -1.835327 -0.054565 -0.135986
-0.172852 -0.139648 0.205566 -1.769287 -0.100830 -0.009399
-0.127319 -0.103271 0.276001 -1.685303 -0.154785 0.131958
-0.067627 -0.035034 0.346558 -1.585327 -0.199463 0.276001
0.001221 0.056885 0.398926 -1.471069 -0.229126 0.404785
0.056519 0.135742 0.429810 -1.360962 -0.245117 0.506226
0.085571 0.171387 0.439819 -1.265137 -0.256226 0.584717
0.115234 0.193359 0.432617 -1.191772 -0.260742 0.666504
0.180542 0.209229 0.444946 -1.141113 -0.267944 0.758057
0.250488 0.198364 0.469116 -1.097046 -0.289673 0.837891
0.346924 0.183105 0.504883 -1.056152 -0.333618 0.905518
0.454712 0.155396 0.567505 -1.010254 -0.381958 0.965942
0.581055 0.101807 0.643921 -0.948242 -0.435913 1.021484
0.714722 0.099487 0.733276 -0.870605 -0.475830 1.077271
0.851196 0.144287 0.822021 -0.775757 -0.464600 1.124756
0.940430 0.178467 0.894165 -0.654175 -0.426392 1.145020
1.036621 0.182861 0.924438 -0.519653 -0.433960 1.144775
1.078735 0.160034 0.959229 -0.363037 -0.447754 1.105347
1.091675 0.164795 0.942261 -0.177734 -0.437134 1.048340
1.119873 0.179443 0.904785 0.018433 -0.443970 1.005127
1.189331 0.180786 0.866333 0.203003 -0.491333 0.981812
1.304688 0.147583 0.834229 0.375122 -0.547607 0.972656
1.455933 0.128418 0.793701 0.542236 -0.561523 0.957886
1.588989 0.146240 0.723022 0.711426 -0.505005 0.915039
1.652466 0.186279 0.628296 0.875610 -0.380005 0.826294
1.660278 0.184937 0.510132 1.014526 -0.258667 0.710815
1.648193 0.162720 0.403809 1.118286 -0.180420 0.592407
1.627075 0.127930 0.322388 1.193970 -0.153809 0.481934
1.621338 0.064331 0.240479 1.264404 -0.147217 0.383057
1.622681 0.016724 0.173096 1.332397 -0.152710 0.305420
1.625366 -0.004395 0.109741 1.404419 -0.133911 0.236084
1.612305 -0.046265 0.028076 1.489868 -0.101685 0.161377
1.597656 -0.079468 -0.046265 1.573608 -0.082642 0.092163
1.589355 -0.094727 -0.102295 1.654419 -0.030762 0.031006
1.619385 -0.086426 -0.242065 1.730835 0.218506 -0.027710
1.662598 -0.086792 -0.367920 1.780151 0.446411 -0.086182
1.636841 -0.032959 -0.484375 1.785522 0.532349 -0.181519
1.492432 0.024048 -0.592407 1.753784 0.541138 -0.300537
1.336060 0.047729 -0.691162 1.684326 0.489014 -0.389404
1.217896 0.049072 -0.742432 1.570313 0.362671 -0.434448
1.130371 0.045898 -0.767212 1.434326 0.162109 -0.451294
1.067383 0.052979 -0.772095 1.309082 -0.082764 -0.448486
1.039429 0.066162 -0.783569 1.202637 -0.309082 -0.437256
1.010132 0.081055 -0.800049 1.122681 -0.457886 -0.441162
0.999268 0.094849 -0.834839 1.076538 -0.556641 -0.456055
0.966797 0.110474 -0.912354 1.047729 -0.642700 -0.476929
0.934082 0.132568 -0.972778 1.013550 -0.722656 -0.496704
0.897339 0.148682 -1.035034 0.960083 -0.829468 -0.515503
0.857422 0.164795 -1.143555 0.868408 -0.885864 -0.531128
0.784424 0.187500 -1.203125 0.716919 -0.832520 -0.510254
0.693726 0.205322 -1.217163 0.530640 -0.729004 -0.430786
0.599731 0.196411 -1.209839 0.350464 -0.585449 -0.319946
0.514526 0.185303 -1.187012 0.186157 -0.374390 -0.197632
0.472412 0.171631 -1.138306 0.034790 -0.082520 -0.085693
0.466919 0.166382 -1.064331 -0.102295 0.212769 -0.003052
0.481323 0.161133 -0.962891 -0.220337 0.412598 0.045898
0.504395 0.144043 -0.880249 -0.317261 0.463257 0.071289
0.504517 0.123047 -0.811523 -0.396729 0.396973 0.083374
0.491089 0.110596 -0.763672 -0.462891 0.295410 0.096924
0.471069 0.100708 -0.721924 -0.517822 0.221069 0.124634
0.448242 0.097534 -0.680176 -0.566284 0.196777 0.161621
0.423584 0.086792 -0.637817 -0.614380 0.224243 0.197632
0.395630 0.068726 -0.603027 -0.663086 0.281372 0.234375
0.368774 0.048096 -0.583252 -0.707886 0.333862 0.281860
0.338379 0.020752 -0.572144 -0.751587 0.356689 0.343872
0.324219 -0.026733 -0.565186 -0.802368 0.355713 0.424194
0.317383 -0.039063 -0.560669 -0.862915 0.349365 0.516357
0.350220 -0.044312 -0.531128 -0.931396 0.326050 0.627075
0.417603 -0.066040 -0.486084 -0.995972 0.245117 0.745239
0.486816 -0.073242 -0.443604 -1.049072 0.137573 0.831543
0.531128 -0.070068 -0.411743 -1.088379 0.029541 0.876709
0.557129 -0.087036 -0.385498 -1.120728 -0.056763 0.904175
0.582886 -0.121582 -0.364258 -1.150513 -0.112793 0.938965
0.621094 -0.150024 -0.345093 -1.177734 -0.126831 0.995850
0.671509 -0.183105 -0.334351 -1.203247 -0.109375 1.074341
0.737427 -0.229492 -0.317383 -1.227173 -0.082153 1.167480
0.829346 -0.259155 -0.288940 -1.254028 -0.059082 1.272827
0.933350 -0.269775 -0.245239 -1.281372 -0.038452 1.373291
1.043213 -0.268799 -0.208618 -1.297241 -0.028564 1.449707
1.153076 -0.272339 -0.178955 -1.303589 -0.006104 1.486450
1.236450 -0.268066 -0.136230 -1.307495 0.044556 1.489258
1.314819 -0.286865 -0.088745 -1.303955 0.041382 1.482300
1.416504 -0.312500 -0.052124 -1.295410 -0.036011 1.469116
1.515991 -0.322510 -0.014282 -1.285522 -0.126465 1.418335
1.568848 -0.327271 0.047729 -1.272217 -0.177856 1.321655
1.579224 -0.338745 0.132568 -1.260132 -0.187256 1.200317
1.562134 -0.361084 0.220947 -1.228394 -0.153076 1.068970
1.539673 -0.408813 0.272217 -1.146973 -0.115112 0.936768
1.526123 -0.460693 0.291870 -1.009888 -0.093384 0.825317
1.542114 -0.483032 0.296265 -0.833618 -0.048584 0.728394
1.575562 -0.464111 0.304443 -0.640015 0.051636 0.632446
1.577881 -0.415283 0.291504 -0.449097 0.163208 0.538452
1.546753 -0.397217 0.200928 -0.287720 0.184814 0.463135
1.494385 -0.367920 0.088257 -0.191406 0.134399 0.405273
1.420410 -0.356445 -0.027100 -0.155151 0.114258 0.357544
1.371460 -0.363281 -0.124634 -0.151001 0.132813 0.322144
1.349365 -0.378418 -0.176147 -0.167603 0.145630 0.296753
1.351318 -0.384155 -0.200562 -0.188354 0.135620 0.270020
1.366333 -0.373779 -0.198853 -0.203125 0.119995 0.234619
1.385376 -0.353760 -0.179932 -0.201050 0.085083 0.185425
1.371704 -0.351318 -0.176758 -0.180908 0.035400 0.116089
1.357666 -0.363159 -0.177246 -0.161011 -0.034790 0.055176
1.356079 -0.377075 -0.191528 -0.160522 -0.098145 0.025879
1.344971 -0.369629 -0.185303 -0.170288 -0.099609 -0.000366
