0.739014 -0.522949 0.445190 0.036743 -0.406494 -0.062134
0.848389 -0.558716 0.442993 0.049805 -0.509155 -0.015259
0.887451 -0.583740 0.544678 0.059570 -0.624634 0.020142
0.953125 -0.615967 0.622437 0.086548 -0.741577 0.051025
1.015137 -0.628540 0.718872 0.139038 -0.888428 0.090210
1.066895 -0.697876 0.777222 0.208130 -1.041504 0.124023
1.196655 -0.735229 0.891357 0.275269 -1.096680 0.166626
1.354492 -0.736694 0.999390 0.385986 -1.155518 0.191406
1.431519 -0.726563 1.053467 0.537354 -1.222412 0.176514
1.494507 -0.714600 1.093750 0.705933 -1.253296 0.150635
1.565552 -0.740479 1.100342 0.881592 -1.251221 0.123291
1.632202 -0.783203 1.080078 1.076782 -1.266235 0.079834
1.702515 -0.800293 1.020264 1.302734 -1.349976 0.004150
1.745117 -0.801758 0.918457 1.551758 -1.486938 -0.108643
1.813599 -0.819336 0.763916 1.789063 -1.672119 -0.246948
1.906494 -0.828979 0.584106 1.976074 -1.867065 -0.393311
2.015747 -0.773926 0.369507 2.084106 -1.963989 -0.552979
2.075439 -0.678223 0.167847 2.101440 -1.916870 -0.752197
2.017090 -0.630371 0.005127 2.032837 -1.727051 -0.959351
2.055298 -0.538818 -0.160522 1.913086 -1.536377 -1.150513
2.012207 -0.516968 -0.270264 1.771606 -1.287354 -1.362061
1.923462 -0.525513 -0.400146 1.642944 -1.106812 -1.571777
1.801270 -0.508667 -0.494263 1.496704 -0.936035 -1.754517
1.696045 -0.469604 -0.551880 1.340454 -0.804199 -1.904297
1.613403 -0.438599 -0.629028 1.197021 -0.746582 -2.037109
1.509644 -0.445801 -0.718140 1.060547 -0.732788 -2.173218
1.395630 -0.432983 -0.770752 0.894043 -0.720825 -2.294067
1.282349 -0.382202 -0.790283 0.704102 -0.703003 -2.395264
1.156372 -0.344971 -0.794678 0.515259 -0.711548 -2.494507
0.986816 -0.344971 -0.807495 0.342773 -0.788574 -2.596191
0.806396 -0.339722 -0.811035 0.177368 -0.903564 -2.672241
0.623657 -0.340942 -0.807373 0.005859 -0.972534 -2.694458
0.472412 -0.334839 -0.794312 -0.174683 -0.961304 -2.647339
0.356934 -0.331543 -0.752686 -0.357666 -0.870361 -2.528442
0.267578 -0.348389 -0.690918 -0.545166 -0.720947 -2.345581
0.204102 -0.351318 -0.613037 -0.742920 -0.547363 -2.107300
0.195923 -0.327026 -0.519897 -0.939941 -0.288086 -1.851318
0.160034 -0.257080 -0.390625 -1.109985 0.049927 -1.635498
0.118164 -0.180054 -0.302246 -1.218140 0.292358 -1.477661
0.068237 -0.181274 -0.252686 -1.280273 0.406860 -1.382446
0.003418 -0.200073 -0.201294 -1.314941 0.475220 -1.341309
-0.095581 -0.171753 -0.159424 -1.318970 0.530884 -1.318359
-0.201904 -0.177368 -0.143677 -1.298462 0.526733 -1.291138
-0.296997 -0.154907 -0.129883 -1.281982 0.464722 -1.243042
-0.352417 -0.120728 -0.112183 -1.299438 0.359985 -1.154663
-0.385132 -0.089111 -0.069214 -1.338745 0.248047 -1.023315
-0.423950 -0.072632 -0.022705 -1.381714 0.146973 -0.873657
-0.427368 -0.045410 0.051758 -1.409546 0.030151 -0.721924
-0.421265 -0.020020 0.132813 -1.414063 -0.096313 -0.566772
-0.396240 0.000732 0.191162 -1.396606 -0.207153 -0.412598
-0.374146 0.034912 0.235596 -1.368530 -0.286133 -0.267334
-0.364502 0.051880 0.267944 -1.348389 -0.321655 -0.122192
-0.337769 0.060181 0.313232 -1.342773 -0.330078 0.034668
-0.298584 0.066895 0.365967 -1.339722 -0.331543 0.195435
-0.257690 0.072876 0.411011 -1.331055 -0.325317 0.350098
-0.197876 0.037476 0.445679 -1.328247 -0.336792 0.493286
-0.107300 -0.025879 0.511841 -1.333984 -0.408936 0.629883
0.019165 -0.057251 0.647827 -1.323120 -0.540649 0.765015
0.164063 -0.074097 0.784668 -1.267578 -0.716187 0.889404
0.312134 -0.096069 0.930542 -1.174805 -0.898804 0.997681
0.460693 -0.095825 1.068848 -1.034302 -1.015259 1.077637
0.592163 -0.074707 1.188599 -0.834351 -1.082397 1.120239
0.694946 -0.049316 1.266357 -0.587891 -1.147827 1.132813
0.778198 -0.035400 1.289795 -0.321899 -1.185913 1.133301
0.843018 -0.040771 1.274170 -0.069336 -1.156616 1.152344
0.894409 -0.027710 1.253052 0.154419 -1.084229 1.223755
1.032715 -0.072876 1.181763 0.356445 -0.968750 1.337036
1.165405 -0.083252 1.134033 0.529663 -0.766113 1.418701
1.298950 -0.050659 1.092896 0.701904 -0.552368 1.473022
1.450439 -0.039185 1.036133 0.891235 -0.431030 1.480713
1.603394 -0.037598 0.965576 1.092041 -0.456299 1.423828
1.705688 -0.060913 0.870605 1.290771 -0.532471 1.297485
1.799194 -0.115601 0.761230 1.495850 -0.600708 1.134155
1.936401 -0.160156 0.616089 1.703857 -0.683716 0.971191
2.043945 -0.154785 0.435181 1.892456 -0.679321 0.788940
2.084961 -0.163208 0.259521 2.030762 -0.535889 0.600586
2.086792 -0.148926 0.086792 2.117065 -0.329956 0.447998
2.037354 -0.096191 -0.093628 2.189209 -0.118896 0.318848
1.911133 -0.044678 -0.271362 2.260620 0.074097 0.190186
1.721924 -0.017822 -0.461548 2.307007 0.256226 0.080566
1.613159 -0.004150 -0.635376 2.312378 0.453125 0.026611
1.645264 0.033203 -0.618164 2.281006 0.588989 0.025635
1.828247 0.101685 -0.838867 2.227051 1.020630 0.001709
1.854736 0.196411 -0.851563 2.116455 1.453735 -0.122192
1.645996 0.265625 -0.882813 1.978638 1.324463 -0.304565
1.397949 0.300415 -0.969604 1.808960 1.046021 -0.477295
1.230225 0.272461 -0.963013 1.616943 0.816528 -0.589111
1.111816 0.229858 -0.953979 1.441528 0.573608 -0.624634
1.021240 0.196411 -0.961060 1.282471 0.326294 -0.599731
0.953491 0.194336 -0.972778 1.138428 0.135376 -0.545532
0.900635 0.211182 -0.965820 1.005371 0.026855 -0.487915
0.868530 0.234131 -0.966309 0.893433 -0.017944 -0.436890
0.830078 0.243774 -0.982422 0.790649 -0.021973 -0.397583
0.789673 0.244873 -0.992310 0.679932 -0.010254 -0.368530
0.737061 0.251953 -1.009888 0.553711 -0.038940 -0.343872
0.664185 0.260254 -1.037476 0.407104 -0.071655 -0.321411
0.595581 0.260620 -1.049805 0.234253 -0.033081 -0.291138
0.532959 0.253662 -1.033691 0.044067 0.063354 -0.247803
0.475464 0.231079 -0.992554 -0.144409 0.125366 -0.187500
0.422241 0.203491 -0.953369 -0.320190 0.141724 -0.106445
0.371826 0.180664 -0.912231 -0.487183 0.169312 -0.005371
0.346191 0.144775 -0.850342 -0.644531 0.241089 0.112549
0.332520 0.102173 -0.792969 -0.790527 0.318359 0.246338
0.344971 0.056152 -0.737183 -0.927979 0.386841 0.389404
0.373169 0.014404 -0.671509 -1.057617 0.409424 0.531738
0.412842 -0.015625 -0.608032 -1.180908 0.375488 0.670166
0.455688 -0.042114 -0.550781 -1.299438 0.283203 0.794800
0.501831 -0.078247 -0.487061 -1.413208 0.157593 0.898926
0.551147 -0.103149 -0.434937 -1.522095 0.017090 0.985962
0.599121 -0.111572 -0.371704 -1.620972 -0.125610 1.046753
0.637085 -0.113159 -0.300781 -1.704712 -0.246948 1.068726
0.661133 -0.131592 -0.237305 -1.767578 -0.331665 1.055542
0.662354 -0.183716 -0.198608 -1.818115 -0.390747 1.045654
0.662964 -0.273193 -0.159302 -1.885376 -0.409058 1.092529
0.684448 -0.332153 -0.092163 -1.977173 -0.331665 1.209473
0.691284 -0.372314 -0.020508 -2.065918 -0.181641 1.355103
0.749634 -0.438965 0.013550 -2.132080 -0.093018 1.497803
0.835327 -0.468018 0.142334 -2.152954 -0.187256 1.607422
0.939697 -0.483154 0.221924 -2.098755 -0.327026 1.637451
1.047974 -0.498047 0.293091 -1.982056 -0.524414 1.598145
1.158447 -0.515259 0.368652 -1.831665 -0.744629 1.520874
1.258545 -0.535400 0.420288 -1.665527 -0.932373 1.424561
1.313232 -0.586182 0.438354 -1.501831 -1.029419 1.334106
1.357788 -0.646118 0.451172 -1.363159 -0.964478 1.296021
1.431152 -0.678345 0.456909 -1.242676 -0.722168 1.290894
1.477905 -0.674561 0.463257 -1.128418 -0.392212 1.246948
1.476685 -0.694214 0.432251 -1.009766 -0.130493 1.147095
1.448853 -0.696777 0.371582 -0.902222 0.008667 1.040161
1.435303 -0.647095 0.337524 -0.805420 0.057739 0.947510
1.429932 -0.596191 0.307983 -0.710449 0.071899 0.843628
1.426392 -0.592529 0.276245 -0.623291 0.039795 0.731689
1.410034 -0.633545 0.250977 -0.565796 -0.017700 0.636230
1.410889 -0.703857 0.215942 -0.543579 -0.038696 0.590210
1.437866 -0.761719 0.212036 -0.571045 0.002686 0.620728
1.497559 -0.766357 0.251953 -0.630005 0.126953 0.689453
1.566895 -0.742310 0.316284 -0.657104 0.310547 0.734741
1.618286 -0.689697 0.359985 -0.618774 0.448242 0.709717
1.619629 -0.636719 0.346069 -0.524536 0.476685 0.598389
1.563354 -0.589478 0.281128 -0.403564 0.413818 0.431641
1.487549 -0.545654 0.201782 -0.288330 0.318970 0.253906
1.400024 -0.518677 0.122070 -0.195679 0.224854 0.094482
1.306030 -0.499146 0.053711 -0.137085 0.145874 -0.034424
1.221069 -0.494629 -0.015625 -0.115479 0.075439 -0.128662
1.130737 -0.499512 -0.065063 -0.129517 0.021484 -0.181274
1.071045 -0.497681 -0.082275 -0.174194 -0.002686 -0.182373
1.053589 -0.504150 -0.055542 -0.227783 -0.000488 -0.149536
1.055908 -0.516724 -0.018677 -0.268311 0.004028 -0.113037
1.053589 -0.522705 -0.002441 -0.285522 0.011108 -0.087891
1.034302 -0.516724 0.004639 -0.277344 0.023926 -0.072632
1.013672 -0.510864 0.006104 -0.247803 0.042358 -0.059814
