0.187500 0.042603 0.044556 -0.344116 -0.071045 0.702271
0.162598 -0.026367 0.116333 -0.287476 0.018311 0.808594
0.083130 0.039185 0.114502 -0.212280 0.066162 0.917603
-0.006470 -0.017334 0.062988 -0.131348 0.092163 1.063477
-0.047852 -0.112549 0.051147 -0.065552 0.075684 1.223877
-0.001343 -0.166992 0.017944 0.004028 -0.046753 1.363159
0.077637 -0.221313 -0.068115 0.088135 -0.258179 1.468994
0.167969 -0.278809 -0.151611 0.161255 -0.447998 1.558594
0.260986 -0.366333 -0.194824 0.195190 -0.508789 1.660400
0.391235 -0.460571 -0.188721 0.199341 -0.429321 1.811768
0.526978 -0.547119 -0.172363 0.206421 -0.226318 1.994629
0.671997 -0.602417 -0.172852 0.229980 0.011353 2.158691
0.801758 -0.631470 -0.216919 0.270996 0.179688 2.281250
0.901611 -0.633789 -0.298706 0.325562 0.243164 2.360229
1.006592 -0.612183 -0.420044 0.389771 0.203369 2.387695
1.129761 -0.635132 -0.551880 0.447510 0.086426 2.390015
1.313232 -0.689575 -0.667358 0.471313 -0.058716 2.410278
1.602173 -0.723999 -0.762451 0.444580 -0.153198 2.440063
1.918701 -0.722656 -0.851318 0.368530 -0.133057 2.433960
2.142578 -0.705933 -0.882080 0.245728 0.014404 2.371460
2.311401 -0.713501 -0.900513 0.108398 0.224976 2.285034
2.545532 -0.734619 -0.922119 -0.014771 0.338013 2.199829
2.822876 -0.704468 -0.940186 -0.109985 0.295776 2.078003
2.985962 -0.658447 -0.919067 -0.167969 0.204956 1.851685
3.209229 -0.598999 -0.918823 -0.194702 0.069946 1.548584
3.308716 -0.577393 -0.901978 -0.225342 -0.029663 1.182251
3.303589 -0.560669 -0.892090 -0.260376 -0.147461 0.797119
3.198242 -0.563477 -0.853882 -0.307983 -0.223511 0.421143
3.023804 -0.575806 -0.810791 -0.349365 -0.249512 0.081909
2.839722 -0.574463 -0.804199 -0.365967 -0.203979 -0.204102
2.625488 -0.542114 -0.809448 -0.369385 -0.099121 -0.445190
2.425415 -0.529541 -0.807861 -0.392944 0.017578 -0.646240
2.273682 -0.548828 -0.804565 -0.449585 0.037598 -0.805908
2.182739 -0.606445 -0.821899 -0.525757 -0.016724 -0.938110
2.113647 -0.619995 -0.775024 -0.602051 -0.056152 -1.077637
2.059204 -0.582764 -0.727295 -0.656250 -0.080078 -1.231445
1.955200 -0.551514 -0.671021 -0.692139 -0.111572 -1.411377
1.809570 -0.545288 -0.632324 -0.723511 -0.189697 -1.589722
1.652710 -0.530762 -0.603882 -0.760986 -0.268188 -1.736938
1.489624 -0.510742 -0.574829 -0.797485 -0.284180 -1.852783
1.338989 -0.494385 -0.554199 -0.834351 -0.266846 -1.930176
1.221313 -0.488892 -0.521240 -0.882935 -0.241089 -1.969238
1.120850 -0.470947 -0.470093 -0.934326 -0.201416 -1.976929
1.027954 -0.451660 -0.416626 -0.962524 -0.161743 -1.977295
0.951782 -0.431763 -0.386475 -0.967041 -0.143188 -1.984741
0.858276 -0.412476 -0.352783 -0.971924 -0.144409 -1.998413
0.762451 -0.384766 -0.304810 -0.987061 -0.145630 -2.001831
0.671753 -0.365601 -0.259033 -1.004395 -0.139526 -1.992798
0.578125 -0.361450 -0.197632 -1.018433 -0.132813 -1.966064
0.439819 -0.323730 -0.113892 -1.022095 -0.133667 -1.900269
0.390991 -0.286133 -0.038452 -0.997314 -0.126953 -1.794556
0.329712 -0.254639 0.016357 -0.942261 -0.092651 -1.705811
0.248291 -0.217896 0.044556 -0.869995 -0.071045 -1.624390
0.170288 -0.168213 0.073608 -0.797852 -0.064575 -1.529175
0.081299 -0.111572 0.103149 -0.719971 -0.078003 -1.419678
0.022705 -0.090454 0.097778 -0.632080 -0.097168 -1.293701
-0.036499 -0.093994 0.085571 -0.545288 -0.139404 -1.149658
-0.085083 -0.076660 0.079346 -0.463501 -0.199707 -0.982300
-0.108032 -0.032471 0.071411 -0.386353 -0.224243 -0.792725
-0.121216 0.012207 0.064819 -0.314331 -0.203857 -0.604004
-0.126099 0.047119 0.063965 -0.254883 -0.159546 -0.430298
-0.133057 0.079102 0.069092 -0.209229 -0.117676 -0.275879
-0.143921 0.094971 0.064453 -0.170044 -0.083374 -0.139038
-0.162109 0.081299 0.051636 -0.130615 -0.065063 -0.008301
-0.165161 0.045166 0.038818 -0.087524 -0.071899 0.130737
-0.152710 0.018555 0.024048 -0.036011 -0.097412 0.288330
-0.127075 0.002686 0.008057 0.023438 -0.122803 0.456421
-0.096924 -0.028687 -0.016235 0.086548 -0.139771 0.622803
-0.041016 -0.075073 -0.041992 0.145874 -0.159302 0.787598
0.045288 -0.107666 -0.054443 0.198364 -0.186279 0.959839
0.140869 -0.125366 -0.074463 0.252563 -0.204468 1.124756
0.235107 -0.146484 -0.089111 0.306641 -0.192993 1.268433
0.310303 -0.162720 -0.103638 0.354614 -0.157593 1.386230
0.355103 -0.167236 -0.122437 0.395264 -0.114014 1.474609
0.371460 -0.178955 -0.146118 0.426758 -0.061523 1.540649
0.368652 -0.223145 -0.172607 0.448242 -0.011108 1.602051
0.359741 -0.285889 -0.189209 0.466064 0.036865 1.683594
0.368408 -0.360840 -0.220459 0.498291 0.082520 1.801025
0.411621 -0.447388 -0.251221 0.555664 0.117310 1.957764
0.471313 -0.477783 -0.326416 0.622314 0.146606 2.148804
0.652588 -0.555664 -0.367065 0.659180 0.182129 2.379517
0.845947 -0.620728 -0.378052 0.668823 0.211304 2.579468
1.049927 -0.624146 -0.392822 0.676270 0.236816 2.691895
1.184448 -0.589600 -0.402100 0.684937 0.259521 2.703735
1.256592 -0.564697 -0.423828 0.697266 0.265869 2.646240
1.302856 -0.557861 -0.481934 0.688354 0.331909 2.571899
1.348999 -0.574707 -0.507446 0.643555 0.440552 2.519409
1.377197 -0.622437 -0.532715 0.578491 0.562012 2.492676
1.356079 -0.653198 -0.597168 0.495972 0.732910 2.481689
1.329224 -0.751953 -0.625610 0.388672 0.868408 2.493530
1.443726 -0.930908 -0.654541 0.271240 0.897339 2.534302
1.664551 -1.174316 -0.610229 0.173584 0.653931 2.638794
1.924316 -1.246460 -0.635010 0.139038 0.303711 2.720215
2.152832 -1.170166 -0.552368 0.154907 0.403198 2.586670
2.354126 -1.030396 -0.454102 0.186646 0.689453 2.257690
2.443481 -0.990845 -0.391602 0.194092 0.704712 1.844849
2.431519 -0.936646 -0.368896 0.171021 0.520142 1.443604
2.312134 -0.884399 -0.377197 0.147583 0.434326 1.066040
2.133789 -0.900391 -0.431396 0.126465 0.398071 0.722534
1.935547 -0.947632 -0.502075 0.080322 0.282349 0.445068
1.789307 -0.992920 -0.569702 0.009033 0.151001 0.257568
1.733154 -1.031494 -0.598145 -0.076538 0.056641 0.145874
1.780762 -1.098511 -0.589478 -0.182739 -0.043213 0.086304
1.910156 -1.117432 -0.528076 -0.304810 -0.233887 0.047485
2.041260 -1.082520 -0.452026 -0.405029 -0.396118 -0.041626
2.107910 -1.060059 -0.370361 -0.454468 -0.472656 -0.208496
2.115845 -1.027466 -0.294922 -0.451172 -0.510742 -0.426636
2.029053 -1.011963 -0.268066 -0.404175 -0.538818 -0.666260
1.863525 -1.018799 -0.304443 -0.340454 -0.562744 -0.890259
1.700684 -1.023804 -0.357910 -0.293579 -0.561646 -1.053467
1.569824 -1.015015 -0.403564 -0.273804 -0.533813 -1.146484
1.488159 -1.010742 -0.455566 -0.280029 -0.491089 -1.194580
1.448608 -1.000732 -0.468262 -0.319458 -0.431885 -1.221924
1.422729 -0.969482 -0.447266 -0.369019 -0.374146 -1.249390
1.412231 -0.950317 -0.426270 -0.408569 -0.337280 -1.291016
1.390259 -0.947632 -0.401855 -0.450317 -0.324707 -1.346313
1.359131 -0.929321 -0.356445 -0.491455 -0.316772 -1.404297
1.308960 -0.909546 -0.321289 -0.510254 -0.253174 -1.468384
1.197510 -0.874146 -0.243408 -0.503418 -0.128662 -1.529785
1.110962 -0.852783 -0.225220 -0.483276 -0.090576 -1.547607
1.007568 -0.802002 -0.184692 -0.467285 -0.014771 -1.553101
0.897705 -0.753174 -0.163574 -0.432861 0.076050 -1.538452
0.794312 -0.695557 -0.150513 -0.392090 0.185059 -1.495728
0.707886 -0.621826 -0.140381 -0.343994 0.291504 -1.448120
0.591919 -0.557251 -0.151733 -0.288330 0.357666 -1.398926
0.495117 -0.495239 -0.178345 -0.243286 0.363525 -1.335815
0.439941 -0.388916 -0.192505 -0.213623 0.338623 -1.273315
0.393188 -0.322876 -0.211914 -0.198364 0.297119 -1.222412
0.386841 -0.324097 -0.203003 -0.212891 0.223145 -1.153687
0.415771 -0.333618 -0.171631 -0.236572 0.128418 -1.075928
0.452393 -0.335938 -0.125000 -0.244995 0.045044 -1.011108
0.496582 -0.312988 -0.076782 -0.236572 -0.040405 -0.948486
0.518799 -0.259644 -0.033936 -0.217285 -0.124023 -0.891357
0.492554 -0.244751 -0.032227 -0.182983 -0.185303 -0.844971
0.452148 -0.211670 -0.027222 -0.130737 -0.228394 -0.796997
0.421631 -0.194824 -0.044189 -0.067993 -0.270264 -0.735352
0.412354 -0.193604 -0.070435 -0.000610 -0.272583 -0.653809
0.422119 -0.173340 -0.093872 0.066895 -0.225830 -0.544922
0.477783 -0.135986 -0.110107 0.130615 -0.158569 -0.434448
0.547119 -0.127441 -0.134766 0.183472 -0.085693 -0.342163
0.616577 -0.101929 -0.153564 0.224731 -0.025391 -0.263916
0.670288 -0.074341 -0.176392 0.265137 0.021118 -0.213379
0.702148 -0.051270 -0.212158 0.297119 0.046753 -0.189087
0.711548 -0.031860 -0.246948 0.310913 0.050049 -0.176758
0.713257 -0.010864 -0.272705 0.311401 0.033081 -0.173340
0.718140 0.000977 -0.296387 0.300537 0.004761 -0.167236
0.721436 0.008057 -0.316040 0.280029 -0.021484 -0.151245
0.719116 0.004395 -0.324951 0.257202 -0.033081 -0.129517
0.714844 0.006836 -0.344238 0.244263 -0.037231 -0.101563
0.723999 0.012329 -0.359497 0.235840 -0.039673 -0.064453
