0.192749 0.223633 -0.011475 0.074463 -0.207275 0.601807
0.138184 0.100708 0.013062 0.189209 -0.149902 0.777710
0.106812 0.089478 0.028687 0.287109 -0.040405 0.856079
0.121948 0.106812 0.015503 0.361816 0.037231 0.885620
0.121582 0.102051 -0.008301 0.410278 0.017822 0.890259
0.145508 0.043823 -0.010376 0.456299 -0.064087 0.901611
0.192993 0.019897 -0.047974 0.529297 -0.180054 0.924438
0.237305 -0.023315 -0.101929 0.581787 -0.283936 0.907471
0.268433 -0.059692 -0.114990 0.598633 -0.315063 0.872803
0.312378 -0.131348 -0.120239 0.621948 -0.294556 0.856689
0.365601 -0.216797 -0.137207 0.680054 -0.262329 0.877686
0.428711 -0.288818 -0.178345 0.782593 -0.193115 0.933716
0.503418 -0.322876 -0.238525 0.907593 -0.063477 1.045532
0.591309 -0.305908 -0.320801 1.032837 0.070190 1.225952
0.668945 -0.263672 -0.411987 1.128174 0.155029 1.424194
0.720947 -0.242065 -0.502563 1.171875 0.199097 1.563721
0.774780 -0.251099 -0.608765 1.169189 0.194702 1.617676
0.855591 -0.282715 -0.727173 1.151245 0.124512 1.592407
0.973877 -0.307617 -0.848389 1.143188 0.030518 1.524170
1.111694 -0.327759 -0.964600 1.151611 -0.012085 1.465820
1.262695 -0.299316 -1.035522 1.155151 0.012939 1.446411
1.364990 -0.239136 -1.035522 1.146240 0.063965 1.447021
1.394897 -0.219604 -1.015259 1.140381 0.116577 1.435791
1.404297 -0.243408 -1.022095 1.138184 0.208862 1.389038
1.420776 -0.299805 -1.050171 1.138916 0.397095 1.330566
1.500977 -0.361938 -1.116333 1.145020 0.697632 1.317993
1.666626 -0.457153 -1.288208 1.130981 1.024292 1.381348
1.793335 -0.412720 -1.225464 1.020752 1.260742 1.490845
1.852783 -0.252075 -1.066650 0.864624 1.004517 1.592041
1.924805 -0.273560 -1.218750 0.726196 0.493042 1.597290
1.927734 -0.327515 -1.240234 0.592163 0.259644 1.432495
1.923340 -0.335205 -1.248779 0.576782 0.095337 1.190796
1.899902 -0.365234 -1.291504 0.651123 -0.106812 0.958740
1.919922 -0.359497 -1.333374 0.698364 -0.392822 0.770508
1.943481 -0.355225 -1.387085 0.684570 -0.655762 0.595337
1.945801 -0.354126 -1.440063 0.640259 -0.776978 0.425415
1.916382 -0.367554 -1.438477 0.566772 -0.759155 0.291016
1.891602 -0.369995 -1.422607 0.478027 -0.682129 0.185669
1.868530 -0.360352 -1.418091 0.401978 -0.591553 0.077026
1.821655 -0.340576 -1.439453 0.348877 -0.486816 -0.039429
1.743774 -0.316284 -1.474609 0.304199 -0.397949 -0.147705
1.630737 -0.293213 -1.513672 0.243774 -0.318115 -0.238403
1.498047 -0.286987 -1.546143 0.150635 -0.192261 -0.313354
1.397583 -0.301758 -1.571167 0.036377 -0.055786 -0.374756
1.332153 -0.334229 -1.575562 -0.087036 0.003540 -0.416382
1.301147 -0.351440 -1.560791 -0.206665 -0.022217 -0.438477
1.328491 -0.350830 -1.544678 -0.311157 -0.080322 -0.449707
1.393433 -0.341553 -1.522095 -0.398438 -0.126831 -0.470947
1.449951 -0.347046 -1.503662 -0.475342 -0.164917 -0.512939
1.510498 -0.351807 -1.448608 -0.535522 -0.187500 -0.567139
1.527588 -0.359863 -1.408813 -0.579346 -0.168701 -0.645508
1.495972 -0.376831 -1.352173 -0.623779 -0.134521 -0.734131
1.461304 -0.397949 -1.284790 -0.673340 -0.087524 -0.814941
1.429932 -0.394897 -1.222534 -0.721436 -0.020752 -0.878296
1.379028 -0.379883 -1.156372 -0.766113 0.069458 -0.926392
1.306885 -0.380005 -1.096313 -0.807007 0.147705 -0.973511
1.241699 -0.398804 -1.047607 -0.834961 0.186646 -1.019653
1.189209 -0.406250 -1.017456 -0.846313 0.177124 -1.052368
1.142212 -0.392578 -0.970703 -0.848877 0.134033 -1.070313
1.080322 -0.361694 -0.935303 -0.856201 0.060303 -1.084717
1.025757 -0.347046 -0.886230 -0.874023 -0.038086 -1.099609
0.992554 -0.323608 -0.828613 -0.902466 -0.133057 -1.108643
0.961304 -0.304443 -0.763428 -0.941650 -0.203369 -1.106689
0.928589 -0.280396 -0.683594 -0.980713 -0.242188 -1.097046
0.903931 -0.282349 -0.599731 -1.013916 -0.249756 -1.073975
0.870483 -0.265381 -0.522217 -1.043701 -0.244507 -1.040894
0.794556 -0.195801 -0.517212 -1.061279 -0.192871 -1.003418
0.755981 -0.195068 -0.424316 -1.087158 -0.040894 -0.943115
0.726929 -0.182373 -0.345093 -1.095093 0.032104 -0.890625
0.689331 -0.164063 -0.291016 -1.068115 0.064453 -0.888428
0.623047 -0.149292 -0.251953 -1.004272 0.038818 -0.920166
0.544189 -0.106934 -0.262573 -0.927856 -0.020630 -0.955078
0.444092 -0.045166 -0.293579 -0.874146 -0.037598 -0.967407
0.359131 -0.022339 -0.290649 -0.855957 -0.035522 -0.926147
0.301880 -0.013306 -0.251343 -0.860474 -0.056641 -0.849609
0.250854 0.003662 -0.219604 -0.865479 -0.083496 -0.783569
0.175903 0.050293 -0.218506 -0.864746 -0.087769 -0.736450
0.138794 0.095093 -0.190796 -0.873291 -0.083008 -0.673218
0.131714 0.118774 -0.172852 -0.884399 -0.083984 -0.588135
0.121094 0.136108 -0.152466 -0.881226 -0.085938 -0.518555
0.087036 0.194336 -0.133911 -0.870117 -0.106445 -0.447998
0.108643 0.161621 -0.097412 -0.858643 -0.147705 -0.354858
0.104980 0.157349 -0.060425 -0.827759 -0.175537 -0.289551
0.077637 0.170410 -0.045532 -0.775757 -0.166016 -0.243774
0.037964 0.197754 -0.032959 -0.717529 -0.148315 -0.189575
-0.003540 0.231934 -0.036987 -0.670044 -0.120483 -0.116943
-0.043945 0.259399 -0.047729 -0.634277 -0.095337 -0.026123
-0.080566 0.281250 -0.050781 -0.603638 -0.058228 0.076294
-0.111450 0.273926 -0.050903 -0.568726 -0.025879 0.187256
-0.110840 0.267700 -0.071899 -0.537598 -0.003662 0.310303
-0.089600 0.277466 -0.069946 -0.508179 0.013672 0.440308
-0.054565 0.290527 -0.054443 -0.477295 0.029785 0.563965
-0.005371 0.282837 -0.054810 -0.445068 0.025024 0.680054
0.060303 0.268188 -0.064087 -0.414551 0.010742 0.788696
0.139282 0.249146 -0.056519 -0.378052 -0.014160 0.885620
0.222778 0.240845 -0.062622 -0.333374 -0.054932 0.956543
0.268433 0.247559 -0.076294 -0.284912 -0.090332 0.999146
0.322144 0.241455 -0.088013 -0.231934 -0.122070 1.035278
0.363525 0.229492 -0.112305 -0.180298 -0.133179 1.064941
0.415161 0.219116 -0.133057 -0.141357 -0.126831 1.106689
0.500122 0.198853 -0.141602 -0.119873 -0.122559 1.159180
0.547119 0.217651 -0.140625 -0.101196 -0.091431 1.177734
0.564087 0.210815 -0.151367 -0.082764 -0.044189 1.165039
0.536743 0.221069 -0.154663 -0.072510 0.019287 1.137939
0.531372 0.173096 -0.159302 -0.080322 0.070435 1.135010
0.560303 0.110474 -0.139282 -0.096436 0.090942 1.163940
0.578369 0.100708 -0.110352 -0.103149 0.078247 1.216797
0.728516 -0.001465 -0.104004 -0.093994 0.002075 1.309326
0.876831 -0.104004 -0.073486 -0.071045 -0.060913 1.365723
1.005127 -0.167114 -0.071777 -0.032471 -0.080933 1.388672
1.100586 -0.183838 -0.083740 0.032715 -0.042603 1.374146
1.162231 -0.190430 -0.119507 0.138672 0.014038 1.316162
1.182739 -0.149414 -0.176270 0.267578 0.081787 1.197388
1.185669 -0.122070 -0.245361 0.392944 0.131592 1.020264
1.198242 -0.158569 -0.339355 0.488770 0.121094 0.833374
1.203613 -0.224487 -0.429810 0.537231 0.066284 0.698364
1.234253 -0.274414 -0.499390 0.536987 0.040039 0.615112
1.268066 -0.292114 -0.566284 0.518799 0.059204 0.593384
1.290771 -0.303101 -0.596191 0.511841 0.124634 0.609375
1.324341 -0.291870 -0.621582 0.534546 0.135498 0.690063
1.379761 -0.299927 -0.677490 0.566895 0.102051 0.791138
1.454224 -0.314941 -0.748413 0.578735 0.038818 0.845947
1.586304 -0.289429 -0.798218 0.558228 -0.069580 0.848145
1.699341 -0.249512 -0.845703 0.510742 -0.174438 0.799805
1.757080 -0.208252 -0.877808 0.454956 -0.246948 0.752563
1.769043 -0.178345 -0.900879 0.389771 -0.225952 0.718506
1.755127 -0.176514 -0.895874 0.312866 -0.125244 0.697021
1.708862 -0.164917 -0.902100 0.233765 0.009521 0.682983
1.645386 -0.145508 -0.884399 0.171021 0.093140 0.663208
1.581909 -0.129028 -0.875366 0.135742 0.100830 0.627441
1.510864 -0.113037 -0.849487 0.127075 0.015259 0.551392
1.432861 -0.128052 -0.846558 0.139648 -0.131348 0.435425
1.383911 -0.174561 -0.851563 0.163696 -0.299561 0.298096
1.372437 -0.213745 -0.840698 0.188354 -0.433594 0.161865
1.381348 -0.231934 -0.834106 0.207520 -0.504761 0.048218
1.422119 -0.222656 -0.814819 0.214233 -0.516846 -0.027466
1.452271 -0.190674 -0.773438 0.208374 -0.483887 -0.066162
1.435425 -0.178345 -0.737671 0.196777 -0.432129 -0.077515
1.395996 -0.189819 -0.701416 0.180298 -0.364258 -0.076172
1.329956 -0.201904 -0.675659 0.165649 -0.290771 -0.078369
1.250366 -0.213989 -0.661133 0.163330 -0.231079 -0.090820
1.164185 -0.227051 -0.659668 0.175537 -0.200562 -0.103271
1.073242 -0.240234 -0.677002 0.192261 -0.186890 -0.108765
0.984009 -0.252563 -0.694214 0.203491 -0.199951 -0.104980
0.924194 -0.261230 -0.712158 0.211060 -0.238403 -0.087036
0.890137 -0.268311 -0.727173 0.212646 -0.274414 -0.063232
0.900879 -0.269287 -0.723022 0.202393 -0.275024 -0.046509
0.931030 -0.272949 -0.698975 0.181885 -0.234985 -0.040649
0.982910 -0.269775 -0.656372 0.158081 -0.187622 -0.040039
1.021240 -0.262085 -0.613037 0.140747 -0.160034 -0.031372
