0.309326 0.133911 0.183838 -0.326294 0.108398 0.456299
0.206665 0.176025 0.114746 -0.319336 0.085815 0.517212
0.304688 0.089111 0.161377 -0.322021 0.062012 0.584717
0.267578 0.097778 0.125854 -0.300293 -0.103394 0.610474
0.155151 0.082764 0.087769 -0.280518 -0.226563 0.655640
0.201294 -0.000488 -0.012451 -0.282104 -0.369019 0.741089
0.204468 0.035278 0.106445 -0.336914 -0.534668 0.796021
0.205444 0.037964 0.106934 -0.343262 -0.624268 0.844482
0.248291 -0.005127 0.113525 -0.329712 -0.715088 0.928589
0.300781 -0.077026 0.134521 -0.336304 -0.747314 0.995605
0.328857 -0.147095 0.184448 -0.391479 -0.706299 1.063477
0.352783 -0.204956 0.235962 -0.464844 -0.591675 1.163818
0.384521 -0.259644 0.269775 -0.521118 -0.438843 1.286987
0.432129 -0.317383 0.278809 -0.550903 -0.310913 1.426636
0.504883 -0.365234 0.243286 -0.540161 -0.264282 1.572388
0.618164 -0.394897 0.191406 -0.493896 -0.305664 1.705200
0.777710 -0.402710 0.146118 -0.426636 -0.388184 1.807251
0.938232 -0.397583 0.113525 -0.356445 -0.508911 1.851318
1.112793 -0.403442 0.079468 -0.293457 -0.675903 1.854004
1.273193 -0.421631 0.044067 -0.260010 -0.820679 1.850220
1.491211 -0.422363 -0.002441 -0.258545 -0.896240 1.841553
1.633423 -0.441650 -0.005493 -0.301636 -0.879883 1.794922
1.715332 -0.481812 0.063354 -0.380859 -0.801025 1.736328
1.867188 -0.522217 0.147461 -0.425293 -0.759888 1.689453
2.044312 -0.595459 0.210205 -0.367920 -0.795898 1.608032
2.225952 -0.597412 0.244385 -0.217773 -0.963379 1.519653
2.441528 -0.557739 0.171753 0.011353 -1.160400 1.428345
2.640503 -0.486938 0.025757 0.273804 -1.271851 1.291016
2.789551 -0.404541 -0.142456 0.493652 -1.257446 1.105347
2.876953 -0.335449 -0.286987 0.621582 -1.185181 0.895264
2.921265 -0.273193 -0.395508 0.635864 -1.098022 0.705444
2.927368 -0.221436 -0.460205 0.558472 -0.984375 0.533691
2.888062 -0.198364 -0.485352 0.437744 -0.850952 0.353271
2.831787 -0.213989 -0.484985 0.311401 -0.698364 0.192627
2.784668 -0.240479 -0.473145 0.208740 -0.540649 0.075439
2.730957 -0.252808 -0.457642 0.149902 -0.398804 -0.028931
2.628540 -0.252441 -0.458618 0.136719 -0.277222 -0.159180
2.486938 -0.252075 -0.477295 0.163208 -0.173950 -0.317139
2.324219 -0.273560 -0.542358 0.214844 -0.099121 -0.476807
2.169189 -0.304443 -0.614502 0.266846 -0.057617 -0.616211
2.055786 -0.326050 -0.672852 0.298584 -0.055054 -0.731323
1.945190 -0.344971 -0.696533 0.296143 -0.071045 -0.827026
1.845093 -0.360229 -0.676514 0.254272 -0.066284 -0.888184
1.764648 -0.372803 -0.637817 0.177979 -0.028320 -0.909912
1.724854 -0.382446 -0.590576 0.081299 0.038574 -0.898071
1.698486 -0.392944 -0.565430 -0.019531 0.135376 -0.867188
1.664551 -0.411499 -0.530396 -0.131836 0.270264 -0.832397
1.624878 -0.415894 -0.474854 -0.240479 0.425293 -0.806763
1.602539 -0.394775 -0.394043 -0.313965 0.573975 -0.814453
1.584106 -0.388306 -0.294067 -0.329346 0.676636 -0.873047
1.554199 -0.415039 -0.215454 -0.287354 0.685547 -0.979614
1.500000 -0.417847 -0.162720 -0.222046 0.604980 -1.117310
1.419800 -0.403442 -0.111816 -0.151855 0.458008 -1.265381
1.322876 -0.372070 -0.098877 -0.086792 0.304077 -1.406738
1.204712 -0.370361 -0.090576 -0.041016 0.205200 -1.536621
1.054321 -0.355713 -0.095215 -0.014404 0.151245 -1.640991
0.896240 -0.326294 -0.105347 -0.004150 0.138428 -1.695801
0.764404 -0.298340 -0.137085 -0.019409 0.163696 -1.692749
0.660034 -0.294067 -0.154663 -0.074707 0.195557 -1.648071
0.588135 -0.256714 -0.146484 -0.167847 0.206177 -1.561401
0.551147 -0.231445 -0.129395 -0.268555 0.196045 -1.455811
0.533203 -0.213745 -0.080200 -0.353638 0.176880 -1.377197
0.497559 -0.174438 -0.002441 -0.414429 0.185669 -1.337158
0.445557 -0.120728 0.057373 -0.431641 0.208252 -1.326904
0.365967 -0.049805 0.098511 -0.406982 0.177490 -1.333984
0.299438 -0.023682 0.117432 -0.375488 0.098999 -1.334717
0.248413 -0.027710 0.102173 -0.350952 0.051514 -1.315430
0.158325 -0.010620 0.088989 -0.316650 0.084717 -1.278564
0.082397 0.017334 0.055908 -0.276733 0.128296 -1.207397
0.017578 0.056763 0.023071 -0.259644 0.150391 -1.107544
-0.014404 0.100586 0.007813 -0.275635 0.140991 -0.990601
-0.016479 0.124634 -0.013794 -0.304688 0.125610 -0.870361
-0.036255 0.144775 -0.031128 -0.332153 0.133179 -0.763916
-0.053467 0.184326 -0.033569 -0.358643 0.135132 -0.664673
-0.054321 0.217041 -0.039185 -0.381104 0.128784 -0.564697
-0.054688 0.250244 -0.029541 -0.401367 0.111328 -0.477051
-0.057251 0.276123 -0.026245 -0.417114 0.076050 -0.400146
-0.067871 0.293457 -0.025391 -0.426514 0.041626 -0.327881
-0.070068 0.296875 -0.031982 -0.442505 0.026245 -0.254028
-0.061035 0.299194 -0.031006 -0.477539 0.030640 -0.169067
-0.047607 0.287720 -0.005127 -0.531006 0.053467 -0.072876
-0.019043 0.281860 0.029541 -0.593872 0.086182 0.031372
0.011841 0.279663 0.087402 -0.651978 0.124390 0.134399
0.048584 0.276978 0.133789 -0.691284 0.152222 0.227051
0.083008 0.259399 0.171265 -0.711060 0.158081 0.308105
0.119141 0.249634 0.203857 -0.722656 0.158813 0.386108
0.151611 0.246582 0.220703 -0.727539 0.152832 0.462891
0.180176 0.240479 0.244385 -0.719482 0.134033 0.534424
0.199707 0.228882 0.246704 -0.694702 0.097046 0.590088
0.215088 0.208130 0.239502 -0.665894 0.052368 0.634766
0.236084 0.162842 0.223145 -0.652832 0.018433 0.682129
0.268311 0.090698 0.219482 -0.674438 0.001587 0.748291
0.329590 0.014038 0.231201 -0.748535 0.028809 0.851196
0.412964 -0.040771 0.280640 -0.864380 0.099854 0.984253
0.493286 -0.063354 0.367310 -0.989502 0.178467 1.118774
0.570190 -0.074585 0.444946 -1.090454 0.234375 1.235596
0.634033 -0.079224 0.507813 -1.143066 0.263794 1.317993
0.680176 -0.078125 0.562256 -1.130127 0.260010 1.355591
0.710083 -0.072510 0.593018 -1.033081 0.202515 1.347046
0.710938 -0.065796 0.572754 -0.865967 0.098022 1.303833
0.686401 -0.066528 0.475830 -0.678345 -0.017212 1.247192
0.708862 -0.105957 0.354248 -0.529663 -0.118774 1.200195
0.732056 -0.169434 0.273315 -0.490479 -0.191528 1.181885
0.744629 -0.243286 0.229980 -0.579468 -0.171997 1.220825
0.767822 -0.307007 0.244263 -0.745117 -0.048218 1.312256
0.804077 -0.350098 0.307373 -0.903442 0.084595 1.417603
0.892578 -0.363281 0.393677 -0.962280 0.115234 1.496948
1.020508 -0.340576 0.459106 -0.867920 0.026733 1.508789
1.130615 -0.325073 0.447144 -0.630615 -0.186401 1.429321
1.209961 -0.359375 0.347534 -0.342651 -0.511841 1.286621
1.281128 -0.393677 0.247314 -0.135498 -0.864136 1.144043
1.363159 -0.461182 0.146118 -0.073242 -1.071167 1.041260
1.401245 -0.525757 0.111206 -0.153931 -1.011841 0.984131
1.406128 -0.551514 0.163696 -0.321289 -0.762207 0.966797
1.420288 -0.517334 0.237793 -0.467407 -0.545898 0.986572
1.485107 -0.486084 0.261841 -0.508789 -0.451538 1.010376
1.522583 -0.447388 0.246094 -0.422119 -0.451172 0.951904
1.560791 -0.434692 0.179077 -0.252197 -0.572876 0.824219
1.581909 -0.475830 0.103882 -0.107666 -0.728882 0.686157
1.596558 -0.530396 0.064575 -0.076050 -0.782104 0.593140
1.593628 -0.520874 0.058838 -0.156494 -0.707275 0.556152
1.650635 -0.581177 0.100220 -0.290161 -0.581665 0.541138
1.709717 -0.584351 0.197998 -0.409668 -0.504639 0.529907
1.772461 -0.581055 0.285767 -0.435547 -0.488403 0.479858
1.780884 -0.546265 0.318237 -0.352783 -0.565552 0.405396
1.733154 -0.521606 0.298584 -0.193848 -0.608276 0.312988
1.654663 -0.500854 0.234619 -0.017578 -0.571289 0.206299
1.556274 -0.464844 0.140381 0.122192 -0.496216 0.109131
1.460815 -0.446167 0.050659 0.197998 -0.443604 0.055542
1.395996 -0.435425 -0.024048 0.213257 -0.367188 0.045044
1.340332 -0.431274 -0.062134 0.192627 -0.258301 0.051880
1.296997 -0.436890 -0.083618 0.155273 -0.138062 0.062256
1.268799 -0.442993 -0.089233 0.105347 -0.041382 0.079346
1.259399 -0.445923 -0.061279 0.051636 0.003174 0.097046
1.252930 -0.442383 -0.021118 0.019165 0.003662 0.100464
1.251221 -0.439941 0.014038 0.022095 -0.020386 0.084473
1.229248 -0.442139 0.030762 0.050537 -0.053345 0.051270
1.198975 -0.442993 0.047852 0.092773 -0.091064 0.009155
1.171021 -0.444336 0.041504 0.136963 -0.125732 -0.027710
1.133301 -0.442993 0.026123 0.171997 -0.142334 -0.054199
1.093506 -0.443604 0.014771 0.194336 -0.129883 -0.070801
1.054688 -0.444946 0.000732 0.207642 -0.097412 -0.073242
1.028320 -0.446899 -0.015625 0.211792 -0.067749 -0.062256
1.007690 -0.444214 -0.043213 0.207520 -0.049438 -0.048096
0.994019 -0.439209 -0.058105 0.201538 -0.041870 -0.038818
0.981323 -0.437012 -0.068115 0.192627 -0.041626 -0.036255
0.975098 -0.437744 -0.069092 0.178711 -0.048462 -0.037476
0.967041 -0.436768 -0.070190 0.162842 -0.054077 -0.037476
0.962036 -0.447876 -0.056519 0.143677 -0.050415 -0.034424
0.965820 -0.464600 -0.044922 0.120239 -0.037109 -0.027222
