0.380981 0.394653 -0.266968 1.141607 -0.699679 -0.935833
0.330200 0.308105 -0.283203 1.171986 -0.645091 -0.870089
0.334839 0.195801 -0.260132 1.268346 -0.484174 -0.708698
0.264771 0.230103 -0.249146 1.431637 -0.363368 -0.597860
0.282227 0.380127 -0.255249 1.657347 -0.179192 -0.473731
0.384277 0.475098 -0.324341 1.929339 0.028481 -0.313289
0.446533 0.605591 -0.448853 2.207502 -0.133385 -0.067879
0.479126 0.712402 -0.470459 2.434399 -0.613999 0.301422
0.503418 0.710205 -0.541016 2.543339 -0.907352 0.726024
0.474121 0.657104 -0.637817 2.526725 -0.996355 1.157034
0.444092 0.603760 -0.740601 2.385507 -0.713682 1.537016
0.452515 0.538696 -0.859863 2.123009 -0.057674 1.800226
0.480225 0.467407 -0.941528 1.746825 0.774679 1.969212
0.520752 0.451050 -0.881104 1.274755 1.683692 2.061538
0.598877 0.468140 -0.761475 0.729821 2.429652 2.062012
0.643677 0.397827 -0.701416 0.205537 2.869207 1.977994
0.648682 0.294678 -0.638672 -0.169461 2.917150 1.838912
0.687744 0.274536 -0.510254 -0.291217 2.581076 1.653312
0.703857 0.313965 -0.499146 -0.157357 2.225540 1.482427
0.680420 0.352539 -0.504883 0.167088 1.609167 1.376811
0.646729 0.378662 -0.484985 0.595249 0.992794 1.353789
0.695923 0.508423 -0.485474 1.046196 0.533541 1.388441
0.785278 0.643677 -0.549683 1.464390 0.083069 1.461304
0.858398 0.656616 -0.612549 1.806634 -0.529506 1.500940
0.911743 0.575806 -0.662354 1.991048 -0.983063 1.457507
0.930176 0.523193 -0.687622 1.970636 -1.069455 1.336463
0.931641 0.477295 -0.726563 1.763201 -0.859409 1.166765
0.923828 0.449463 -0.746460 1.402918 -0.609490 0.992794
0.876831 0.449097 -0.750366 0.953159 -0.370963 0.838523
0.832764 0.456909 -0.743652 0.527133 -0.156882 0.727685
0.807251 0.476196 -0.736084 0.196043 -0.024921 0.694695
0.802002 0.486938 -0.727173 0.006646 -0.073575 0.738603
0.883667 0.556396 -0.665894 -0.032753 -0.304508 0.814077
0.998291 0.598022 -0.640625 0.025633 -0.442640 0.895485
1.081055 0.590942 -0.631226 0.123654 -0.488209 0.962890
1.112549 0.566040 -0.615479 0.192008 -0.537101 0.996117
1.125244 0.557983 -0.614990 0.186787 -0.519301 0.963602
1.137695 0.566284 -0.622559 0.103243 -0.465424 0.866292
1.139893 0.571045 -0.632324 -0.037025 -0.388051 0.730059
1.112793 0.552612 -0.632080 -0.198654 -0.263922 0.575313
1.067383 0.519043 -0.633423 -0.345093 -0.097072 0.420330
1.032471 0.508423 -0.609741 -0.453083 0.046519 0.263685
1.026855 0.493896 -0.586914 -0.513604 0.129113 0.106803
1.025879 0.473999 -0.565063 -0.533066 0.113211 -0.040585
0.991211 0.445190 -0.551514 -0.528557 0.009019 -0.162815
0.959351 0.431274 -0.536011 -0.519301 -0.075000 -0.253479
0.934448 0.426025 -0.523315 -0.509332 -0.081408 -0.312815
0.910522 0.420532 -0.508301 -0.501975 -0.032516 -0.336786
0.891479 0.414673 -0.499878 -0.496041 0.029905 -0.333226
0.865723 0.399780 -0.485229 -0.491532 0.091376 -0.317324
0.844116 0.374878 -0.481812 -0.484412 0.140505 -0.300947
0.829346 0.354126 -0.483521 -0.466848 0.188448 -0.285758
0.815552 0.341797 -0.478638 -0.430773 0.214556 -0.274365
0.806030 0.336548 -0.474121 -0.376896 0.194382 -0.267482
0.787964 0.329590 -0.476074 -0.311390 0.141455 -0.266296
0.783203 0.323975 -0.476685 -0.245173 0.092563 -0.272467
0.775757 0.320923 -0.491821 -0.192483 0.063370 -0.279112
0.775146 0.316772 -0.493408 -0.157594 0.050079 -0.282198
0.779907 0.315918 -0.500854 -0.142642 0.024683 -0.282672
0.767334 0.320923 -0.510254 -0.139793 -0.007595 -0.281011
0.761475 0.321655 -0.511963 -0.143116 -0.021835 -0.280536
0.762329 0.317139 -0.509277 -0.148100 -0.023022 -0.280536
0.757202 0.319702 -0.512085 -0.152372 -0.019462 -0.274603
0.759644 0.325439 -0.507080 -0.153797 -0.005934 -0.256090
0.755859 0.330444 -0.511719 -0.154034 0.014240 -0.224761
0.758545 0.334717 -0.516968 -0.148338 0.036076 -0.186549
0.773682 0.351685 -0.526611 -0.134572 0.052452 -0.145727
0.796021 0.372681 -0.538452 -0.116771 0.073813 -0.107278
0.833496 0.400024 -0.547729 -0.100870 0.094224 -0.075237
0.887573 0.446167 -0.561523 -0.096123 0.128638 -0.057911
0.948853 0.489258 -0.545532 -0.121756 0.155933 -0.071202
0.995117 0.505737 -0.522705 -0.190822 0.080221 -0.144066
1.007446 0.472168 -0.522217 -0.299049 0.032516 -0.283384
1.016846 0.452515 -0.482544 -0.415583 0.030380 -0.459016
1.004028 0.443848 -0.450073 -0.507434 0.064319 -0.639395
0.981201 0.416748 -0.418945 -0.543035 0.105854 -0.812416
0.969727 0.374512 -0.355957 -0.510519 0.147626 -0.973570
0.948975 0.308594 -0.300049 -0.413921 0.198179 -1.115737
0.920654 0.231445 -0.268799 -0.251343 0.221438 -1.235119
0.882568 0.166504 -0.240112 -0.023259 0.196992 -1.328631
0.835449 0.114136 -0.229980 0.252767 0.210758 -1.376336
0.793823 0.070313 -0.223633 0.556326 0.340821 -1.357112
0.727783 -0.027832 -0.271973 0.860833 0.521437 -1.265261
0.605591 -0.167236 -0.338867 1.165815 0.595487 -1.117873
0.372803 -0.308716 -0.442871 1.506873 0.682116 -0.950311
0.195190 -0.375122 -0.411743 1.932662 0.506959 -0.762812
0.023193 -0.418701 -0.444092 2.469288 -0.073338 -0.543035
-0.044556 -0.470459 -0.599731 3.182496 -0.499839 -0.240188
-0.115112 -0.584595 -0.661743 4.007016 -1.076101 0.162815
-0.243164 -0.699585 -0.679321 4.911283 -1.339074 0.674284
-0.254761 -0.813843 -0.808960 5.806530 -1.046433 1.273331
-0.200195 -0.919067 -0.942993 6.609452 -0.906165 1.953073
-0.173828 -0.915771 -1.053589 7.218230 -0.905216 2.647056
-0.160889 -0.859253 -1.207642 7.539826 -0.993506 3.250375
-0.116821 -0.751587 -1.331177 7.574478 -1.297065 3.670468
-0.050903 -0.656860 -1.483887 7.361109 -1.639072 3.887634
0.002441 -0.640137 -1.639160 6.950273 -2.096427 3.889533
-0.005615 -0.654175 -1.712769 6.419343 -2.686217 3.744518
0.014648 -0.621216 -1.820313 5.808191 -3.401798 3.603538
0.059326 -0.609619 -1.963745 5.179240 -3.986605 3.631781
0.147705 -0.575806 -2.080566 4.556459 -4.255749 3.876241
0.311768 -0.534668 -2.192505 3.900450 -4.186208 4.244119
0.534058 -0.536255 -2.270264 3.122211 -3.756385 4.637155
0.721924 -0.494263 -2.350952 2.115651 -3.117227 4.977500
0.927124 -0.478394 -2.430054 0.869615 -2.371742 5.179240
1.140747 -0.510620 -2.459106 -0.519301 -1.587569 5.179952
1.293945 -0.556274 -2.422241 -1.907029 -0.762812 4.973703
1.386475 -0.623535 -2.373535 -3.134553 0.068117 4.602028
1.422363 -0.661377 -2.277222 -4.071810 0.832115 4.116667
1.412476 -0.669800 -2.151733 -4.678689 1.448962 3.547288
1.364990 -0.590576 -2.044189 -4.986045 1.766286 2.921422
1.287354 -0.422852 -1.942871 -5.079082 1.830368 2.259954
1.192993 -0.268188 -1.843018 -5.081693 1.727600 1.595639
1.098999 -0.166870 -1.729370 -5.128686 1.576889 0.949361
0.992310 -0.139893 -1.596802 -5.290790 1.397934 0.350314
0.916382 -0.154175 -1.463501 -5.567291 1.185040 -0.156407
0.846313 -0.124146 -1.351563 -5.882004 1.015342 -0.515028
0.803711 -0.105469 -1.249268 -6.139281 0.948886 -0.717005
0.783203 -0.129883 -1.167114 -6.276938 0.992082 -0.792479
0.755249 -0.150391 -1.084351 -6.271242 1.127129 -0.780850
0.740234 -0.163330 -0.996216 -6.130974 1.281400 -0.732669
0.726685 -0.136108 -0.904907 -5.877257 1.379659 -0.693034
0.736450 -0.087402 -0.876831 -5.544032 1.415735 -0.700629
0.733398 -0.012573 -0.885742 -5.167610 1.319849 -0.789156
0.724731 0.024414 -0.869141 -4.794511 1.161306 -0.969535
0.711182 0.053711 -0.812866 -4.471728 0.995405 -1.228711
0.682739 0.052612 -0.739624 -4.218011 0.800549 -1.518266
0.650757 0.046631 -0.669434 -4.022918 0.568430 -1.781713
0.605469 0.035400 -0.593262 -3.853220 0.354586 -1.975858
0.543701 0.022339 -0.513306 -3.670705 0.236154 -2.081474
0.485840 0.009033 -0.431519 -3.450216 0.240663 -2.100936
0.428711 -0.009888 -0.366821 -3.188192 0.385678 -2.062012
0.382446 -0.019531 -0.312744 -2.889143 0.557275 -2.000067
0.339111 -0.030762 -0.279541 -2.555680 0.686863 -1.953548
0.289551 -0.029907 -0.255249 -2.191363 0.776103 -1.942630
0.231934 -0.024658 -0.245605 -1.802837 0.846593 -1.968263
0.172485 -0.019653 -0.228149 -1.404342 0.897858 -2.012646
0.112427 -0.029297 -0.216064 -1.012731 0.921118 -2.059876
0.069458 -0.053101 -0.206665 -0.642243 0.942953 -2.090019
0.028687 -0.071899 -0.206177 -0.298811 0.953871 -2.101411
-0.005493 -0.075317 -0.238037 0.028956 0.864393 -2.086458
-0.031860 -0.045532 -0.265503 0.350314 0.674521 -2.033057
-0.069214 -0.016724 -0.282593 0.663603 0.487022 -1.923406
-0.079956 0.007935 -0.313843 0.956007 0.349602 -1.766049
-0.084839 0.022949 -0.334229 1.211859 0.287894 -1.575227
-0.084717 0.024902 -0.344604 1.418820 0.288368 -1.385830
-0.082031 0.036255 -0.371460 1.586857 0.376896 -1.235831
-0.082153 0.063477 -0.406738 1.740416 0.448336 -1.152999
-0.077393 0.086060 -0.436157 1.902520 0.454507 -1.134249
-0.089722 0.069580 -0.463135 2.066284 0.464238 -1.159645
