0.777100 0.584961 -0.313721 -0.175157 0.087579 -0.651262
0.730713 0.610596 -0.335938 -0.252767 0.388763 -0.624917
0.685303 0.505493 -0.341064 -0.360045 0.818824 -0.531880
0.647095 0.389893 -0.243896 -0.436469 1.141844 -0.449522
0.506348 0.628784 -0.060791 -0.358384 1.322697 -0.363843
0.503662 0.610718 -0.122925 -0.210521 0.820248 -0.032278
0.629517 0.546387 -0.170410 -0.063845 0.374523 0.249919
0.721191 0.542358 -0.224976 0.011630 0.112262 0.352925
0.761963 0.565186 -0.258179 0.017801 0.188923 0.358621
0.740967 0.567139 -0.257813 -0.044383 0.401580 0.298811
0.715942 0.565552 -0.234375 -0.109414 0.510756 0.210521
0.681763 0.541382 -0.204956 -0.141455 0.472782 0.133860
0.645874 0.524536 -0.191040 -0.137657 0.359571 0.078797
0.626221 0.516479 -0.170044 -0.110601 0.296201 0.065269
0.589233 0.495605 -0.154785 -0.063845 0.280536 0.084018
0.544067 0.474854 -0.174927 -0.000712 0.236866 0.134335
0.521973 0.468140 -0.209961 0.046519 0.161391 0.233543
0.512207 0.434570 -0.237427 0.049604 0.138607 0.347704
0.481323 0.392578 -0.242920 0.024921 0.210996 0.460678
0.451660 0.351074 -0.229614 -0.021361 0.360283 0.582433
0.411621 0.301514 -0.201782 -0.060996 0.499364 0.700866
0.362915 0.240601 -0.175293 -0.071677 0.576500 0.792717
0.283203 0.186279 -0.149902 -0.053164 0.591689 0.865105
0.199219 0.172729 -0.131348 -0.019225 0.577449 0.954820
0.135376 0.165527 -0.106323 0.009968 0.543035 1.071591
0.070801 0.138550 -0.093018 0.060759 0.468510 1.202603
0.011841 0.097778 -0.109619 0.137183 0.334650 1.368267
-0.041260 0.069824 -0.151245 0.222625 0.108939 1.598487
0.009277 0.071777 -0.160767 0.275315 -0.091851 1.915573
0.051514 0.016968 -0.189819 0.263922 -0.075474 2.259954
0.140869 -0.010742 -0.211304 0.243748 0.003797 2.564936
0.227783 -0.036987 -0.280640 0.241850 0.019937 2.827909
0.346313 -0.074219 -0.235352 0.285995 -0.431247 3.075930
0.494751 -0.071899 -0.355469 0.294065 -0.684727 3.357890
0.722412 -0.062500 -0.431152 0.238764 -0.318036 3.580990
0.900757 -0.103882 -0.415649 0.033228 0.446437 3.711290
1.070679 -0.103882 -0.368530 -0.141217 0.470883 3.790799
1.347778 -0.076782 -0.397095 -0.149524 -0.171360 3.789850
1.644409 -0.070068 -0.437622 -0.106091 -0.460915 3.673553
1.932983 -0.066895 -0.467529 -0.112974 -0.394934 3.471576
2.194092 -0.064697 -0.479248 -0.161629 -0.257277 3.238034
2.429565 -0.014771 -0.489502 -0.172546 -0.266533 2.927593
2.630737 0.057129 -0.519287 -0.152847 -0.440504 2.485902
2.748901 0.094116 -0.554321 -0.172072 -0.574838 1.937171
2.905884 0.119995 -0.627197 -0.303084 -0.030380 1.416684
2.665161 0.111572 -0.483032 -0.536626 0.508858 0.698730
2.717651 0.099976 -0.493530 -0.524047 -0.133148 0.169461
2.625122 0.056641 -0.492188 -0.542560 -0.016614 -0.199128
2.572388 0.111084 -0.438232 -0.675470 0.337261 -0.590265
2.450439 0.047607 -0.407227 -0.839710 0.966924 -0.969060
2.281494 0.024902 -0.278442 -0.973807 1.386779 -1.268584
2.134521 0.019409 -0.207275 -0.947462 1.115025 -1.546272
1.978882 -0.015015 -0.207764 -0.853476 0.781799 -1.803074
1.887939 -0.009277 -0.193726 -0.823096 0.642005 -1.957820
1.855835 0.014038 -0.191040 -0.810992 0.510994 -2.061538
1.834595 0.038208 -0.185547 -0.812416 0.445250 -2.213673
1.735352 0.046631 -0.192627 -0.846118 0.510994 -2.448402
1.602173 0.008057 -0.192261 -0.910437 0.583382 -2.696423
1.434937 -0.002808 -0.173584 -0.970010 0.628240 -2.889618
1.244995 -0.011108 -0.156006 -0.999203 0.628240 -3.038668
1.071899 0.009644 -0.132324 -1.023411 0.571753 -3.135977
0.932617 0.017822 -0.104370 -1.067557 0.501025 -3.155439
0.813721 0.029297 -0.057617 -1.113601 0.447624 -3.137164
0.678101 0.024048 -0.002075 -1.139471 0.417719 -3.115803
0.525879 0.026489 0.039551 -1.118347 0.378320 -3.072607
0.374390 0.051636 0.064331 -1.070879 0.318748 -2.957497
0.245483 0.078491 0.073608 -1.007984 0.236866 -2.778305
0.159668 0.103882 0.087402 -0.943902 0.148338 -2.552120
0.086426 0.126465 0.114502 -0.871514 0.055775 -2.304337
0.056030 0.147583 0.137695 -0.773017 0.020886 -2.039228
0.030029 0.168701 0.143433 -0.638920 0.076898 -1.786223
0.012573 0.198364 0.138062 -0.494617 0.117958 -1.564785
-0.005249 0.228882 0.130859 -0.351501 0.069066 -1.359722
-0.025757 0.243408 0.096802 -0.221438 -0.057911 -1.152050
-0.030151 0.264160 0.068237 -0.115110 -0.178005 -0.941054
-0.051147 0.286621 0.038696 -0.047943 -0.238527 -0.737891
-0.070190 0.305054 0.011353 -0.015190 -0.294539 -0.555376
-0.099487 0.312012 -0.008789 -0.014478 -0.391611 -0.384966
-0.109253 0.328003 -0.016968 -0.032278 -0.506247 -0.215268
-0.111328 0.327271 -0.012329 -0.066455 -0.572939 -0.036788
-0.111694 0.305908 -0.009644 -0.117246 -0.548968 0.166850
-0.100464 0.288330 -0.001709 -0.167325 -0.429586 0.402766
-0.069336 0.290771 0.000977 -0.191534 -0.284571 0.645566
-0.016235 0.289551 0.008423 -0.184888 -0.173021 0.860833
0.030518 0.286743 0.006348 -0.141217 -0.130300 1.033142
0.052368 0.280396 -0.002441 -0.076186 -0.149287 1.176258
0.093994 0.250366 -0.015259 -0.009019 -0.213369 1.313204
0.133423 0.229980 -0.020386 0.039398 -0.255615 1.467238
0.180298 0.222900 -0.004517 0.070965 -0.264160 1.623645
0.194336 0.226318 0.004639 0.084730 -0.224999 1.767948
0.223999 0.212646 -0.005005 0.089003 -0.202451 1.906317
0.263916 0.166870 -0.053223 0.087341 -0.173733 2.074354
0.339111 0.158691 -0.032227 0.085443 -0.276501 2.321188
0.465576 0.154297 -0.071899 0.099683 -0.370963 2.568259
0.616089 0.129395 -0.084839 0.081170 -0.249682 2.760030
0.783936 0.128052 -0.079468 0.045569 0.024446 2.928067
0.928833 0.141235 -0.097168 -0.009731 0.430061 3.028225
1.046509 0.153198 -0.106201 -0.101107 0.799362 3.053145
1.185791 0.154785 -0.092896 -0.200078 0.883381 3.055281
1.358643 0.154053 -0.090210 -0.246122 0.603319 3.039854
1.541382 0.160034 -0.121094 -0.228084 0.155695 2.990250
1.748779 0.213989 -0.177856 -0.201977 -0.274603 2.913589
1.962280 0.197754 -0.221924 -0.228084 -0.580060 2.769999
2.157471 0.219849 -0.233521 -0.279350 -0.752369 2.526250
2.343018 0.233887 -0.259033 -0.356722 -0.837099 2.250935
2.482788 0.247437 -0.267456 -0.456168 -0.769457 1.904893
2.565796 0.259766 -0.267456 -0.583857 -0.565582 1.503788
2.593506 0.248657 -0.240601 -0.713445 -0.339159 1.073965
2.589233 0.246704 -0.208862 -0.800549 -0.185125 0.639632
2.559570 0.236206 -0.185791 -0.838049 -0.144303 0.205062
2.481323 0.223145 -0.184326 -0.856086 -0.144540 -0.232119
2.364014 0.216675 -0.184448 -0.885279 -0.142404 -0.649126
2.238647 0.202759 -0.170776 -0.953396 -0.119145 -1.027921
2.103027 0.187134 -0.169434 -1.055215 -0.030380 -1.372302
1.969238 0.179443 -0.151123 -1.185752 0.118195 -1.683217
1.856812 0.162231 -0.129639 -1.318900 0.221438 -1.954497
1.747681 0.156860 -0.121338 -1.421668 0.193907 -2.196584
1.623047 0.126099 -0.102051 -1.513282 0.115110 -2.422058
1.520142 0.118042 -0.064941 -1.587332 0.062895 -2.607420
1.414795 0.105347 -0.017700 -1.626018 0.051503 -2.776644
1.278931 0.083008 0.030151 -1.630290 0.031804 -2.924744
1.156738 0.089111 0.055420 -1.605844 0.020174 -3.019443
1.044189 0.099365 0.060913 -1.567395 -0.014003 -3.054807
0.942139 0.101685 0.080933 -1.537253 -0.047468 -3.059791
0.863281 0.108032 0.119873 -1.501652 -0.004272 -3.056468
0.775024 0.113403 0.179565 -1.430450 -0.038449 -3.043414
0.670776 0.121094 0.215698 -1.328394 -0.106328 -3.001405
0.549072 0.124878 0.250366 -1.223727 -0.103243 -2.904808
0.454834 0.127197 0.279907 -1.103870 -0.056487 -2.722293
0.384033 0.144287 0.280029 -0.964788 0.037025 -2.468339
0.332642 0.167114 0.268433 -0.831640 0.190584 -2.169528
0.299561 0.203369 0.244629 -0.702765 0.316137 -1.855289
0.284424 0.250244 0.230225 -0.572227 0.354586 -1.568345
0.308472 0.304077 0.203247 -0.438368 0.286944 -1.336226
0.331055 0.343628 0.172974 -0.321596 0.192246 -1.182429
0.346191 0.367310 0.152710 -0.236154 0.152135 -1.097224
0.354370 0.393066 0.148438 -0.170410 0.126265 -1.035041
0.347046 0.411743 0.158691 -0.102294 0.051266 -0.973570
0.329346 0.419678 0.167847 -0.022310 -0.079984 -0.900232
0.296387 0.433105 0.159424 0.066693 -0.212420 -0.802447
0.286133 0.452026 0.130249 0.146676 -0.308780 -0.659094
0.288696 0.480469 0.107666 0.199841 -0.328716 -0.471832
0.340088 0.503662 0.079468 0.229983 -0.277925 -0.280774
0.388794 0.521118 0.057617 0.245173 -0.196755 -0.110838
0.431274 0.548096 0.048950 0.267957 -0.130062 0.025395
0.484619 0.568359 0.012329 0.288131 -0.100632 0.138607
0.555908 0.596069 -0.006714 0.293827 -0.072389 0.220252
0.608032 0.623657 -0.031250 0.290030 -0.045569 0.248495
0.635254 0.637817 -0.032837 0.274365 -0.014715 0.241375
0.657959 0.650146 -0.039795 0.257752 -0.000237 0.222863
