1.283447 0.071045 0.637207 0.127214 -1.400308 0.222388
1.354004 0.079346 0.668823 0.104430 -1.224676 0.156645
1.404663 0.064575 0.717529 0.118433 -0.999915 0.143591
1.409546 0.062378 0.701050 0.209571 -0.805296 0.170410
1.409546 0.058838 0.795288 0.369776 -0.633699 0.207910
1.354004 0.066528 0.640259 0.437181 -0.523810 0.275789
1.441895 -0.020386 0.681641 0.426500 -0.248970 0.395646
1.448120 -0.050781 0.850342 0.496991 -0.426500 0.418668
1.549927 -0.080444 0.891357 0.808856 -1.037414 0.365979
1.628418 -0.116333 0.845581 1.186701 -1.625544 0.202214
1.681641 -0.152710 0.803955 1.508298 -1.971111 0.007120
1.683960 -0.188477 0.737061 1.787172 -2.175936 -0.184413
1.707153 -0.181763 0.711670 2.088357 -2.282501 -0.406801
1.735474 -0.227539 0.628418 2.326884 -2.502753 -0.535677
1.798096 -0.245483 0.536743 2.531709 -2.541203 -0.658145
1.836914 -0.205078 0.395020 2.645632 -2.476883 -0.847305
1.834229 -0.181519 0.155518 2.584873 -2.129417 -1.128316
1.815674 -0.158325 0.025757 2.323324 -1.974196 -1.414548
1.811890 -0.114014 -0.128906 1.936222 -1.675622 -1.667078
1.784058 -0.084717 -0.228516 1.444928 -1.346194 -1.950462
1.743408 -0.086304 -0.239014 0.921118 -1.052842 -2.282027
1.691040 -0.107666 -0.186035 0.488921 -0.867716 -2.646581
1.602173 -0.112427 -0.129761 0.220489 -0.896434 -3.022766
1.505615 -0.156128 -0.128174 0.059098 -0.983063 -3.357178
1.410767 -0.174805 -0.164307 -0.069778 -0.926814 -3.605436
1.284546 -0.139648 -0.207764 -0.198179 -0.846355 -3.817618
1.130615 -0.130371 -0.238770 -0.339634 -0.851577 -4.050924
0.980347 -0.127441 -0.226685 -0.454032 -0.928713 -4.292062
0.850708 -0.112305 -0.243164 -0.517164 -1.154423 -4.484070
0.717896 -0.108276 -0.276733 -0.592401 -1.431874 -4.602028
0.634888 -0.096924 -0.333130 -0.717005 -1.634800 -4.640952
0.589966 -0.040039 -0.406494 -0.930137 -1.759878 -4.664211
0.484131 -0.020874 -0.446533 -1.243188 -1.776967 -4.750603
0.346191 -0.023682 -0.409912 -1.597300 -1.746587 -4.850761
0.227905 -0.013062 -0.315918 -1.880922 -1.931238 -4.906061
0.182495 -0.015015 -0.229004 -2.046823 -2.151252 -4.883988
0.128418 0.012939 -0.164307 -2.127044 -2.332818 -4.820619
0.173950 0.023926 -0.163086 -2.236458 -2.767625 -4.703372
0.171509 0.009277 -0.140991 -2.396188 -2.849033 -4.590636
0.174805 0.060303 -0.164063 -2.585822 -2.785900 -4.445146
0.130859 0.075073 -0.172607 -2.878700 -2.545949 -4.301555
0.070923 0.087036 -0.144043 -3.208841 -2.134876 -4.189293
0.011230 0.087158 -0.084229 -3.567225 -1.809482 -4.101003
-0.138062 0.053833 -0.071777 -3.891431 -1.539864 -4.085576
-0.229370 0.061523 -0.059326 -4.123313 -1.592316 -4.008677
-0.235474 0.036743 0.052856 -4.305353 -1.963753 -3.824501
-0.162354 -0.005737 0.269043 -4.384150 -2.335191 -3.594044
-0.201782 -0.010498 0.430298 -4.330511 -2.596028 -3.301641
-0.238281 0.017212 0.535522 -4.269277 -2.495633 -2.883210
-0.230713 -0.010864 0.668335 -4.269515 -2.142233 -2.412564
-0.287354 -0.016602 0.872437 -4.223945 -1.758454 -1.956871
-0.346558 0.048340 0.980103 -4.049737 -1.408852 -1.482665
-0.381226 0.025269 1.027100 -3.891194 -0.961228 -1.017478
-0.398804 -0.002808 1.164429 -3.682572 -0.807906 -0.564633
-0.388550 0.000000 1.244995 -3.288587 -0.861545 -0.089477
-0.323608 -0.020996 1.172852 -2.915725 -0.733381 0.415108
-0.247192 -0.076660 1.127930 -2.797055 -0.354112 0.919931
-0.234131 -0.213501 1.185181 -2.850931 0.044620 1.450149
-0.256714 -0.306274 1.326782 -2.897687 0.119857 2.093104
-0.233887 -0.380859 1.506470 -2.830520 0.007595 2.868495
-0.174683 -0.431152 1.778320 -2.587959 -0.050316 3.649582
-0.106934 -0.461792 2.087036 -2.067471 -0.153559 4.370384
-0.007202 -0.468384 2.337524 -1.162730 -0.481326 5.054873
0.159058 -0.533936 2.467163 0.141217 -1.102446 5.739125
0.532471 -0.580200 2.490601 1.786223 -1.757980 6.347429
0.825439 -0.382568 2.331177 3.637715 -2.057978 6.687775
1.261475 -0.542114 1.963623 5.326865 -1.338362 6.760638
1.551147 -0.520142 1.449707 6.754704 -0.609015 6.541573
1.641724 -0.606567 1.044800 7.776929 0.231881 6.117446
1.666504 -0.530640 0.688965 7.776929 0.722938 5.643714
1.567627 -0.663818 0.382935 7.776929 0.786308 5.155031
1.553101 -0.685913 0.165161 7.776929 -0.140268 4.644512
1.720581 -0.580444 -0.273315 7.776929 -1.887330 4.015323
1.703735 -0.495850 -0.695557 7.776929 -2.681233 3.113667
1.705200 -0.158569 -1.083984 7.776929 -3.041041 2.177597
1.722534 0.211426 -1.346558 7.776929 -3.190091 1.276416
1.654175 0.480957 -1.580200 7.776929 -2.930440 0.343431
1.222900 0.586304 -1.961792 6.434058 -1.103870 -0.434333
0.822144 0.464966 -1.868042 4.266429 1.092240 -0.743824
0.481323 0.401611 -1.682129 2.494684 2.561614 -0.595249
0.315186 0.350342 -1.474731 1.379659 2.685980 -0.189635
0.333130 0.311401 -1.327271 0.768745 1.955209 0.226185
0.509277 0.316772 -1.197754 0.435282 1.124993 0.551104
0.667969 0.359253 -1.053345 0.241612 0.379270 0.680929
0.740601 0.352905 -1.014893 0.131724 -0.029905 0.646515
0.738037 0.337280 -0.994751 0.009494 -0.197230 0.592876
0.666748 0.290527 -0.974365 -0.141929 0.013528 0.578636
0.618408 0.249268 -0.920288 -0.324207 0.445013 0.636072
0.528687 0.255249 -0.882935 -0.516927 0.886229 0.736942
0.475098 0.257202 -0.895752 -0.715818 1.112177 0.862732
0.458984 0.274658 -0.910278 -0.990658 1.135199 1.006086
0.482788 0.304321 -0.900879 -1.346194 1.098648 1.136860
0.520630 0.333374 -0.886353 -1.768185 1.118347 1.209011
0.569458 0.305420 -0.819092 -2.241442 1.170088 1.209011
0.586426 0.287231 -0.686157 -2.717784 1.187176 1.183141
0.598755 0.263794 -0.623657 -3.145708 1.331242 1.179581
0.633057 0.241455 -0.562012 -3.616591 1.519215 1.210198
0.705200 0.177979 -0.413940 -4.118804 1.371590 1.276653
0.779175 0.097900 -0.281616 -4.527740 1.194771 1.317713
0.859009 0.016235 -0.146729 -4.860966 1.068031 1.350941
0.972412 -0.026245 -0.002441 -5.154556 0.972146 1.380134
1.087646 -0.083374 0.133179 -5.454792 0.838049 1.387729
1.195923 -0.166382 0.307373 -5.765945 0.665027 1.330292
1.282471 -0.239258 0.520508 -5.999962 0.434333 1.184565
1.322510 -0.311890 0.778198 -6.078522 0.158069 0.991845
1.341309 -0.351074 1.060547 -5.925437 -0.135759 0.774916
1.370483 -0.377319 1.298584 -5.514364 -0.604506 0.593351
1.402100 -0.387695 1.434448 -4.832960 -1.031244 0.444301
1.410645 -0.363159 1.482910 -4.038582 -0.995405 0.398969
1.386108 -0.303711 1.504883 -3.283365 -0.589079 0.396596
1.345947 -0.261108 1.467529 -2.618338 -0.003323 0.407988
1.285400 -0.202026 1.369751 -2.025462 0.501975 0.435519
1.220703 -0.143677 1.216187 -1.501889 0.829979 0.453795
1.176147 -0.092041 1.099854 -1.089867 0.956244 0.470646
1.160400 -0.071045 0.986572 -0.777764 0.874836 0.474681
1.143555 -0.049683 0.873779 -0.558462 0.909251 0.460678
1.114380 -0.027832 0.822632 -0.422466 1.014630 0.435519
1.093018 -0.006470 0.796143 -0.287656 0.852764 0.385915
1.084961 0.024414 0.759277 -0.104192 0.438130 0.317087
1.085693 0.053833 0.697510 0.080458 0.116297 0.220964
1.072754 0.064819 0.651489 0.201265 -0.032041 0.105616
1.065674 0.072144 0.630249 0.258226 -0.136945 0.004747
1.045776 0.083130 0.585449 0.272229 -0.107278 -0.072389
1.024536 0.088013 0.565796 0.242799 -0.067167 -0.121993
1.006714 0.090576 0.548218 0.201027 -0.028718 -0.155695
0.976807 0.087891 0.541992 0.164952 0.005696 -0.174208
0.961914 0.093140 0.529541 0.141217 0.028243 -0.188923
0.935669 0.107788 0.516235 0.130774 0.046993 -0.204587
0.911133 0.111450 0.494385 0.116059 0.037025 -0.218353
0.890137 0.107422 0.471924 0.087104 -0.017801 -0.221676
0.883545 0.104614 0.458008 0.051978 -0.083781 -0.209809
0.885620 0.101440 0.460449 0.011630 -0.126977 -0.192720
0.882202 0.095093 0.472778 -0.018987 -0.131487 -0.181328
0.882080 0.088989 0.479004 -0.028006 -0.167088 -0.170648
0.881104 0.070313 0.469849 -0.031566 -0.255853 -0.145727
0.895020 0.066040 0.477051 -0.010206 -0.243274 -0.126740
0.902222 0.057495 0.481445 0.018038 -0.196518 -0.102768
0.925171 0.047607 0.485474 0.046281 -0.184651 -0.079509
0.938721 0.050781 0.471680 0.076424 -0.147626 -0.066930
0.944946 0.047241 0.465210 0.089477 -0.054588 -0.063607
0.942383 0.046387 0.461426 0.099920 0.002373 -0.070015
0.940918 0.051758 0.447021 0.124841 0.004035 -0.076898
0.933960 0.057129 0.423706 0.145252 -0.010443 -0.083069
0.926147 0.065308 0.406982 0.149762 -0.031092 -0.088291
0.928101 0.072266 0.391357 0.139319 -0.042959 -0.090664
0.925293 0.078613 0.386108 0.122942 -0.038924 -0.095173
0.925293 0.086182 0.387207 0.109177 -0.020411 -0.100395
0.909546 0.085449 0.391846 0.104667 -0.022073 -0.114161
0.904053 0.096191 0.390869 0.117009 -0.066693 -0.117009
0.899902 0.094971 0.396362 0.138132 -0.109889 -0.113923
