0.130249 0.176636 0.425537 -0.046509 -0.348877 0.251709
0.222778 0.095947 0.374878 -0.014404 -0.419312 0.371826
0.189331 0.109253 0.461426 -0.017700 -0.348511 0.420288
0.155273 0.131836 0.465088 0.007080 -0.253052 0.496704
0.040894 0.102173 0.516968 0.040771 -0.197998 0.609741
0.031372 0.062256 0.511353 0.092407 -0.262573 0.747803
0.083374 0.027100 0.485107 0.143188 -0.356934 0.858154
0.120850 -0.009399 0.452881 0.194824 -0.458252 0.932739
0.144409 -0.055420 0.425903 0.241455 -0.523926 0.994995
0.164917 -0.115479 0.424438 0.269653 -0.542725 1.067993
0.209229 -0.188721 0.429810 0.288208 -0.516724 1.169556
0.268921 -0.257080 0.452026 0.320557 -0.460327 1.293091
0.347046 -0.314087 0.465942 0.389771 -0.393066 1.408447
0.402710 -0.362549 0.453491 0.492920 -0.351074 1.488037
0.442749 -0.399292 0.403564 0.624512 -0.356812 1.527832
0.444946 -0.443604 0.319092 0.771606 -0.405151 1.529053
0.439209 -0.520752 0.191650 0.911499 -0.471436 1.517944
0.457642 -0.626831 0.048706 1.003662 -0.560547 1.559692
0.547852 -0.720459 -0.104248 1.036743 -0.655029 1.683960
0.724365 -0.810547 -0.253174 1.023315 -0.716309 1.857056
0.979370 -0.872681 -0.395142 0.977783 -0.722778 2.051147
1.243530 -0.855103 -0.551636 0.928833 -0.671631 2.212891
1.472290 -0.784668 -0.739136 0.899658 -0.597412 2.276001
1.620605 -0.716553 -0.940430 0.882446 -0.557373 2.224243
1.720337 -0.649536 -1.136597 0.843140 -0.574463 2.101440
1.787354 -0.583984 -1.330200 0.756348 -0.651489 1.942749
1.826782 -0.542114 -1.466553 0.611694 -0.787964 1.783691
1.900024 -0.528198 -1.576782 0.411255 -0.904541 1.673340
1.931641 -0.561035 -1.533691 0.166382 -1.003906 1.680420
2.066895 -0.608521 -1.597778 -0.110474 -0.975708 1.795654
2.204346 -0.631836 -1.506592 -0.445435 -0.667114 1.898071
2.292725 -0.626099 -1.441772 -0.748535 -0.353882 2.016357
2.374878 -0.606567 -1.339722 -1.015747 0.007935 2.066772
2.446411 -0.582520 -1.248169 -1.238281 0.319214 2.015503
2.461548 -0.544556 -1.135498 -1.426392 0.590454 1.856567
2.411377 -0.526855 -1.029053 -1.583008 0.775391 1.638550
2.338379 -0.556885 -0.929321 -1.715698 0.880249 1.416626
2.277588 -0.610474 -0.836304 -1.832886 0.929565 1.209229
2.257568 -0.665161 -0.758911 -1.935791 0.916992 1.029419
2.268555 -0.676147 -0.665405 -2.032349 0.848267 0.874634
2.319580 -0.659546 -0.566772 -2.124634 0.733765 0.734009
2.414551 -0.644165 -0.440796 -2.216675 0.628418 0.573608
2.487671 -0.648926 -0.266846 -2.287964 0.618042 0.352783
2.520996 -0.657593 -0.075806 -2.293213 0.637329 0.096191
2.541748 -0.685181 0.083740 -2.223389 0.663086 -0.183105
2.519287 -0.723511 0.208740 -2.103760 0.681030 -0.480957
2.441772 -0.759277 0.305298 -1.947876 0.717773 -0.782471
2.320435 -0.804199 0.364380 -1.768921 0.774292 -1.064453
2.185791 -0.840698 0.391357 -1.600220 0.830811 -1.310547
2.021973 -0.851196 0.435425 -1.459717 0.894653 -1.519653
1.875610 -0.867065 0.474731 -1.326416 0.916260 -1.678589
1.744629 -0.877197 0.503662 -1.192017 0.906372 -1.814941
1.608521 -0.894531 0.516113 -1.055542 0.870728 -1.946655
1.478516 -0.915405 0.514160 -0.923950 0.818726 -2.060913
1.354248 -0.930664 0.506104 -0.803223 0.772949 -2.147461
1.239868 -0.931274 0.493042 -0.687744 0.743774 -2.204102
1.128906 -0.918335 0.481445 -0.575684 0.723145 -2.236084
1.029419 -0.871338 0.479248 -0.464233 0.701294 -2.253540
0.932861 -0.826294 0.464233 -0.347168 0.663452 -2.272339
0.830322 -0.779053 0.446167 -0.236694 0.623047 -2.282837
0.733154 -0.720093 0.418579 -0.134155 0.605103 -2.273682
0.633545 -0.666870 0.380981 -0.027832 0.597778 -2.250854
0.532349 -0.617065 0.337769 0.076294 0.586792 -2.224121
0.439209 -0.569580 0.302368 0.169434 0.554932 -2.190063
0.337158 -0.517700 0.261841 0.249756 0.499878 -2.141113
0.239746 -0.474487 0.223877 0.315796 0.432983 -2.071533
0.148438 -0.417236 0.205200 0.366821 0.353516 -1.976563
0.073486 -0.358154 0.182861 0.407104 0.270264 -1.853149
0.006592 -0.305542 0.164063 0.433350 0.202515 -1.704468
-0.037842 -0.251953 0.151123 0.440430 0.178833 -1.529541
-0.071533 -0.181641 0.144287 0.434082 0.198120 -1.336060
-0.089600 -0.116577 0.138062 0.429688 0.229980 -1.143311
-0.109009 -0.065552 0.131836 0.437744 0.246582 -0.971802
-0.129150 -0.027100 0.117920 0.456665 0.233765 -0.829346
-0.152344 0.001099 0.100708 0.485229 0.182251 -0.717407
-0.171997 0.033447 0.091553 0.522095 0.094238 -0.621582
-0.198730 0.056274 0.075317 0.565308 -0.015259 -0.537231
-0.231445 0.049438 0.056885 0.605713 -0.111816 -0.451172
-0.262573 0.040161 0.031006 0.648926 -0.192871 -0.347778
-0.282471 0.030640 0.005493 0.698364 -0.245483 -0.219238
-0.280396 0.016479 -0.038940 0.752441 -0.272583 -0.065918
-0.270142 0.008057 -0.078979 0.803955 -0.281372 0.105103
-0.231323 -0.004517 -0.125854 0.847778 -0.269897 0.282593
-0.180298 -0.021362 -0.176636 0.883179 -0.252441 0.460205
-0.110352 -0.049438 -0.233887 0.909058 -0.240479 0.639526
-0.016113 -0.060547 -0.285645 0.921631 -0.229248 0.814209
0.088013 -0.066040 -0.333862 0.925659 -0.224731 0.968018
0.179932 -0.074341 -0.375854 0.921509 -0.241699 1.088135
0.260132 -0.091919 -0.414185 0.907227 -0.275879 1.178833
0.332886 -0.119873 -0.462891 0.877319 -0.308105 1.258423
0.397949 -0.133789 -0.489624 0.823242 -0.330933 1.343384
0.449219 -0.148926 -0.496826 0.759399 -0.340576 1.430176
0.502808 -0.194702 -0.512817 0.712280 -0.356079 1.511841
0.573608 -0.245117 -0.545044 0.695068 -0.399902 1.587769
0.678345 -0.283813 -0.600708 0.708374 -0.468628 1.661499
0.800171 -0.281494 -0.669800 0.747314 -0.552368 1.726685
0.914185 -0.250488 -0.758057 0.798706 -0.659668 1.758301
0.990845 -0.225464 -0.861328 0.829468 -0.783203 1.733887
1.056274 -0.221558 -0.949219 0.796997 -0.878540 1.686646
1.119995 -0.242065 -0.981079 0.701538 -0.915894 1.665405
1.203247 -0.302246 -1.001709 0.586426 -0.887207 1.689575
1.307617 -0.337036 -0.994019 0.487061 -0.789917 1.754639
1.410767 -0.335205 -0.970459 0.421387 -0.636963 1.825317
1.515991 -0.291748 -0.947144 0.380371 -0.472168 1.848877
1.577026 -0.231812 -0.937500 0.353027 -0.360107 1.790283
1.594849 -0.192871 -0.953491 0.325195 -0.315552 1.666016
1.570557 -0.159424 -0.967529 0.278931 -0.312622 1.507202
1.509644 -0.222900 -1.003784 0.213501 -0.340576 1.344360
1.481934 -0.316772 -0.991455 0.123779 -0.406006 1.229980
1.481567 -0.335815 -0.910278 0.036011 -0.456787 1.176636
1.474976 -0.366333 -0.846802 -0.020020 -0.447876 1.139648
1.485840 -0.423096 -0.777344 -0.071899 -0.429810 1.101318
1.512695 -0.449097 -0.676025 -0.125610 -0.424438 1.081909
1.527466 -0.463135 -0.614136 -0.139160 -0.391846 1.069336
1.513428 -0.554321 -0.647827 -0.116211 -0.373291 1.067871
1.538086 -0.417358 -0.633301 -0.060303 -0.326660 1.112671
1.692871 -0.426147 -0.679077 0.011230 0.085205 1.026733
1.679077 -0.459106 -0.681885 0.039063 0.143066 0.913818
1.532104 -0.383789 -0.727051 0.040283 -0.012817 0.899048
1.500732 -0.315063 -0.702759 0.022461 0.178467 0.871704
1.460083 -0.291016 -0.677734 0.014282 0.286987 0.748901
1.346069 -0.297485 -0.701660 -0.002441 0.182007 0.542114
1.238647 -0.352905 -0.701050 -0.055664 0.139038 0.353516
1.203247 -0.416992 -0.656860 -0.110229 0.191528 0.255005
1.179443 -0.469849 -0.603027 -0.138550 0.136597 0.216797
1.158936 -0.490356 -0.551636 -0.155151 0.048706 0.192993
1.161987 -0.486938 -0.491089 -0.151611 0.018066 0.175049
1.144409 -0.465454 -0.451294 -0.117065 0.001709 0.154541
1.119751 -0.459839 -0.467163 -0.072632 -0.030396 0.117310
1.077759 -0.460938 -0.484131 -0.040405 -0.071655 0.076050
1.046875 -0.460815 -0.480103 -0.018555 -0.040283 0.047607
1.019531 -0.472778 -0.476563 0.000366 0.060547 0.029419
1.008423 -0.496216 -0.493530 0.009888 0.186890 0.022705
1.013184 -0.502197 -0.497681 0.002808 0.270142 0.028320
1.019531 -0.493652 -0.495605 -0.012939 0.290039 0.035278
1.017456 -0.497070 -0.489502 -0.029907 0.272461 0.024170
1.006104 -0.507935 -0.504761 -0.059204 0.355103 -0.014893
0.983032 -0.475708 -0.421265 -0.073364 0.430786 -0.054321
0.976074 -0.486816 -0.425903 -0.046021 0.289673 -0.063110
0.969482 -0.502930 -0.461426 -0.046753 0.144531 -0.093018
0.944336 -0.496826 -0.453979 -0.062378 0.077637 -0.123535
0.929565 -0.501587 -0.447388 -0.063477 0.056396 -0.129272
0.918823 -0.497681 -0.437622 -0.064941 0.056274 -0.138306
0.910278 -0.501343 -0.413574 -0.065674 0.049072 -0.149414
0.897217 -0.507080 -0.419434 -0.060425 0.043945 -0.150879
0.892212 -0.513306 -0.414429 -0.051147 0.054565 -0.139526
0.899048 -0.513306 -0.406128 -0.040161 0.085449 -0.117554
0.916504 -0.504272 -0.398804 -0.028809 0.118408 -0.093018
0.932007 -0.490479 -0.391235 -0.014038 0.138550 -0.078491
0.941406 -0.478516 -0.400269 0.001465 0.152222 -0.077759
