1.298096 -0.037964 -0.039307 0.031092 -0.538525 -0.136708
1.423706 -0.020142 0.004761 0.142879 -0.564158 -0.042009
1.443359 -0.011108 0.015991 0.337261 -0.655534 -0.067167
1.434204 -0.256592 0.003540 0.601658 -0.735280 -0.117483
1.330200 -0.176147 0.080322 0.948886 -0.511468 -0.171834
1.318481 -0.048096 -0.123047 1.308457 -0.611151 0.015190
1.475220 -0.102539 -0.212646 1.535829 -0.398494 0.328242
1.734619 -0.049194 -0.319214 1.631714 -0.219540 0.454032
1.954102 0.006226 -0.345215 1.623645 0.000237 0.251106
2.064087 0.091064 -0.487549 1.561699 0.257514 -0.213369
2.197144 0.031860 -0.576904 1.383931 0.467560 -0.828792
2.119995 -0.059448 -0.544800 1.103395 0.747147 -1.565022
1.816406 -0.218140 -0.505249 0.903554 0.927763 -2.250698
1.470703 -0.287354 -0.528320 0.851814 0.839473 -2.643021
1.208130 -0.304565 -0.615723 0.856561 0.538762 -2.612879
1.127686 -0.210938 -0.709717 0.807669 0.079272 -2.274669
1.274658 -0.085205 -0.749634 0.648888 -0.322783 -1.878311
1.425049 0.010864 -0.743286 0.413921 -0.585044 -1.755369
1.479736 0.063721 -0.753784 0.153322 -0.793666 -1.946428
1.419556 0.079102 -0.799561 -0.162815 -0.862495 -2.271821
1.312500 0.069824 -0.832275 -0.556326 -0.752131 -2.591519
1.222412 0.024414 -0.841797 -0.989709 -0.498415 -2.853068
1.127319 0.027344 -0.814209 -1.415260 -0.176819 -3.062164
1.001099 -0.062744 -0.781616 -1.813517 0.103006 -3.225929
0.816406 -0.136475 -0.725098 -2.135350 0.337498 -3.328460
0.636597 -0.208374 -0.722046 -2.356314 0.410836 -3.304014
0.465942 -0.201050 -0.718506 -2.508212 0.375472 -3.159236
0.354004 -0.143188 -0.702637 -2.655601 0.204587 -2.950377
0.343994 -0.105469 -0.644653 -2.833606 -0.121518 -2.746739
0.375488 -0.077759 -0.589233 -3.023952 -0.327055 -2.615965
0.412231 -0.051392 -0.535522 -3.205518 -0.364555 -2.568022
0.375122 -0.057251 -0.483032 -3.392067 -0.153084 -2.576803
0.274780 -0.088623 -0.412720 -3.569598 0.231881 -2.573006
0.242432 -0.114380 -0.407715 -3.696575 0.714394 -2.465491
0.176880 -0.127563 -0.325928 -3.830198 1.087493 -2.307660
0.059692 -0.140259 -0.219238 -3.900213 1.654024 -2.140335
-0.075439 -0.036499 -0.184082 -3.754486 1.926016 -1.929102
-0.121216 0.088989 -0.192139 -3.635341 1.881634 -1.725939
-0.128174 0.088867 -0.171509 -3.565326 1.647142 -1.528471
-0.139160 0.119629 -0.135620 -3.476086 1.371352 -1.341210
-0.131836 0.172485 -0.130127 -3.409631 1.056402 -1.163442
-0.099243 0.232178 -0.111450 -3.435501 0.785834 -1.010832
-0.046387 0.250732 -0.028931 -3.547288 0.577212 -0.926102
-0.015137 0.256470 0.097656 -3.645072 0.374760 -0.930611
0.007202 0.252075 0.238159 -3.678774 0.071677 -0.963839
-0.010376 0.224976 0.340210 -3.618253 -0.339871 -0.979741
0.021118 0.211548 0.458374 -3.504804 -0.816688 -0.920168
0.065063 0.215698 0.596802 -3.385659 -1.220641 -0.805770
0.105835 0.229004 0.744629 -3.245628 -1.510196 -0.709647
0.121948 0.196777 0.837280 -3.070709 -1.708375 -0.618509
0.101563 0.175415 0.883301 -2.900536 -1.836064 -0.485836
0.100830 0.112183 0.967896 -2.763590 -1.856950 -0.295489
0.089478 0.067993 1.071655 -2.576566 -1.926728 -0.100870
0.122681 0.046387 1.202148 -2.272296 -2.188277 0.102768
0.194824 0.052490 1.333008 -1.809482 -2.615252 0.319935
0.316650 0.024536 1.406616 -1.246749 -3.106547 0.557750
0.436157 0.089722 1.450317 -0.716530 -3.491038 0.768270
0.551514 0.116821 1.447998 -0.256565 -3.626797 0.997304
0.726807 0.104492 1.442871 0.137420 -3.474899 1.232983
0.740967 0.102539 1.404907 0.499127 -3.004253 1.465339
0.812744 0.098389 1.266113 0.885042 -2.479019 1.707663
0.796631 0.199951 1.230835 1.246037 -1.980367 1.938358
0.961670 0.243652 1.196289 1.661857 -2.412089 2.155524
1.185181 0.225708 1.097046 2.056791 -2.515332 2.251410
1.324707 0.183594 1.025269 2.338276 -1.721904 2.179733
1.433716 0.126709 0.966187 2.606946 -1.040974 2.046585
1.505859 0.132813 0.933716 2.912640 -0.380456 1.885194
1.576416 0.088379 0.886719 3.243730 0.087816 1.696034
1.698730 0.044189 0.801147 3.587398 0.293827 1.482665
1.822998 0.147949 0.763550 3.951004 0.555614 1.261464
1.868042 0.386597 0.752563 4.346887 0.984250 1.039076
1.977905 0.261597 0.614990 4.745856 1.224439 0.789156
2.002075 0.023193 0.441772 5.076234 1.291131 0.309492
1.888672 -0.025146 0.209229 5.420852 1.188125 -0.227135
1.774536 -0.048950 -0.025269 5.687148 0.981877 -0.601658
1.655884 -0.072144 -0.254395 5.844742 0.784410 -0.853476
1.579346 -0.042358 -0.522705 5.843555 0.701815 -1.013206
1.505981 0.028320 -0.790894 5.636594 0.910437 -1.077525
1.432495 0.099854 -1.017700 5.273701 1.170800 -1.126654
1.304199 0.227051 -1.186523 4.771727 1.379422 -1.118822
1.157715 0.350708 -1.272339 4.199974 1.422143 -1.132113
1.075317 0.440796 -1.326660 3.631544 1.120484 -1.151575
1.010376 0.516113 -1.361694 3.062876 0.564633 -1.214945
0.955566 0.472412 -1.365234 2.450301 0.070965 -1.307270
0.893799 0.414673 -1.312256 1.796903 -0.171597 -1.377523
0.781006 0.415771 -1.214355 1.174360 0.038449 -1.400308
0.676025 0.386230 -1.060303 0.599759 0.345330 -1.306321
0.608887 0.374268 -0.869873 0.159018 0.558699 -1.129977
0.576294 0.328735 -0.721558 -0.064557 0.593351 -0.913285
0.582886 0.333984 -0.644043 -0.130062 0.486548 -0.713682
0.564209 0.329590 -0.606567 -0.137657 0.297387 -0.577212
0.539307 0.334473 -0.577881 -0.119382 0.124604 -0.475155
0.516479 0.317993 -0.595581 -0.105142 0.063133 -0.375235
0.489868 0.313477 -0.613647 -0.136471 0.098259 -0.275789
0.483887 0.317383 -0.606689 -0.208859 0.094461 -0.187736
0.469971 0.314331 -0.601196 -0.301422 0.037500 -0.119857
0.459839 0.306396 -0.600586 -0.423415 0.034889 -0.055063
0.477173 0.266113 -0.594116 -0.584569 0.186075 0.029430
0.476196 0.237305 -0.568481 -0.768745 0.466611 0.128401
0.433472 0.220093 -0.520874 -0.944852 0.722227 0.232593
0.404785 0.231934 -0.481567 -1.087256 0.830928 0.368589
0.425537 0.265381 -0.446777 -1.204739 0.816451 0.528557
0.414917 0.282593 -0.464478 -1.307508 0.738128 0.658619
0.415405 0.320190 -0.512329 -1.449200 0.648888 0.793191
0.448730 0.317261 -0.456787 -1.657110 0.654347 0.904029
0.417969 0.316895 -0.498901 -1.839625 0.594537 0.957905
0.387695 0.260620 -0.534790 -2.083848 0.568193 1.061386
0.419922 0.228516 -0.518921 -2.401884 0.371912 1.243426
0.494751 0.225586 -0.478149 -2.775220 0.099446 1.474120
0.600952 0.193115 -0.426147 -3.194838 0.022547 1.677758
0.676758 0.172729 -0.293701 -3.636765 0.170648 1.791682
0.719482 0.141968 -0.205933 -3.998709 0.298099 1.822773
0.755859 0.074585 -0.110962 -4.259546 0.253954 1.790970
0.805664 0.025146 -0.027710 -4.445621 -0.036550 1.755843
0.892090 0.007935 0.119019 -4.558358 -0.384966 1.723802
1.039307 -0.073120 0.357544 -4.551712 -0.746198 1.622458
1.134644 -0.181885 0.616333 -4.365875 -1.152762 1.457269
1.200317 -0.257080 0.803223 -3.952665 -1.598012 1.360197
1.262939 -0.322144 0.923462 -3.357416 -1.940257 1.377523
1.306396 -0.317627 0.971802 -2.712800 -1.818976 1.515418
1.385742 -0.231201 0.933472 -2.112329 -1.336463 1.672774
1.491211 -0.142212 0.824341 -1.614151 -0.877447 1.782188
1.586304 -0.035522 0.731201 -1.283774 -0.591452 1.774831
1.613281 0.024536 0.617920 -1.089392 -0.342007 1.660670
1.621216 0.050415 0.531006 -0.998728 -0.129825 1.492396
1.583740 0.043213 0.477539 -1.003949 0.329191 1.313441
1.547974 0.044312 0.454834 -1.041924 0.790106 1.165341
1.484375 0.058105 0.448975 -1.073490 1.068743 1.036702
1.441162 0.073486 0.446167 -1.072066 1.110753 0.912336
1.387329 0.083496 0.438477 -1.043585 0.967874 0.774679
1.332764 0.082886 0.421265 -1.016528 0.735043 0.632987
1.267822 0.067383 0.403809 -1.028633 0.560835 0.514079
1.234009 0.067017 0.381104 -1.073965 0.486310 0.437418
1.257080 0.064941 0.470825 -1.117635 0.455931 0.373336
1.236084 0.068604 0.457886 -1.140657 0.722227 0.283859
1.209961 0.043213 0.496826 -1.109803 0.695407 0.161391
1.156616 0.025879 0.515503 -1.007984 0.356960 0.038924
1.087280 0.006836 0.506470 -0.867716 0.100158 -0.060996
1.003784 -0.001221 0.478882 -0.723651 -0.042484 -0.116771
0.956665 -0.012329 0.450073 -0.605692 -0.140980 -0.106091
0.964478 0.008667 0.439941 -0.514791 -0.191771 -0.064082
0.975708 0.022583 0.437988 -0.412497 -0.261074 -0.056962
0.976563 0.028687 0.415039 -0.311390 -0.315663 -0.076186
0.967163 0.028931 0.400879 -0.224287 -0.369776 -0.101582
0.958252 0.034668 0.363892 -0.146914 -0.377371 -0.122230
0.943848 0.027710 0.333740 -0.109177 -0.275315 -0.113449
0.960327 0.034668 0.319458 -0.103006 -0.148100 -0.089715
0.974487 0.039307 0.315186 -0.087341 -0.079034 -0.079984
0.969238 0.040405 0.298950 -0.064319 -0.049604 -0.098022
0.953369 0.029907 0.285400 -0.049129 -0.047231 -0.126502
