0.952759 -0.137451 -0.302490 0.012579 -0.209097 0.061946
0.960205 -0.171387 -0.359985 0.036550 -0.122942 0.047231
0.906738 -0.126221 -0.280762 0.030380 -0.005221 0.040111
0.931274 -0.160034 -0.302002 0.006646 -0.082832 0.063370
0.904297 -0.179810 -0.347046 0.043433 0.032278 0.054826
0.915283 -0.113892 -0.285522 0.037500 0.169698 0.056012
0.890747 -0.123047 -0.315796 -0.012816 -0.033702 0.104904
0.903564 -0.138306 -0.303223 0.035126 -0.088528 0.193670
0.908203 -0.153931 -0.286011 0.067167 -0.062420 0.262973
0.917114 -0.158936 -0.279175 0.090901 -0.017326 0.305932
0.922607 -0.167114 -0.298706 0.112499 0.044145 0.328004
0.928223 -0.166016 -0.292358 0.109889 0.104430 0.343669
0.939087 -0.162354 -0.303101 0.102294 0.082832 0.337498
0.939453 -0.175903 -0.310669 0.085917 0.004509 0.289080
0.934937 -0.178833 -0.303345 0.066693 -0.082832 0.215742
0.948608 -0.172607 -0.298828 0.064082 -0.173733 0.161391
0.950806 -0.175781 -0.298584 0.073101 -0.235204 0.155933
0.953369 -0.177612 -0.307617 0.080933 -0.225711 0.182989
0.970337 -0.166260 -0.317017 0.071914 -0.162815 0.216454
0.981445 -0.178345 -0.326050 0.036076 -0.088053 0.234730
0.994385 -0.189941 -0.330688 -0.005221 -0.011392 0.225236
0.996826 -0.174683 -0.324341 -0.028243 0.068117 0.195568
0.990479 -0.151611 -0.322388 -0.016139 0.068591 0.175394
1.013916 -0.152222 -0.333740 0.032990 -0.045569 0.182040
1.049805 -0.166870 -0.343994 0.094461 -0.145490 0.198179
1.094727 -0.166260 -0.364136 0.142404 -0.176581 0.189872
1.143799 -0.167847 -0.390015 0.155695 -0.184176 0.132436
1.189819 -0.160156 -0.416870 0.142404 -0.206486 0.022785
1.248779 -0.143311 -0.457520 0.116771 -0.249919 -0.116059
1.360229 -0.117554 -0.503662 0.079509 -0.307593 -0.288131
1.493042 -0.109009 -0.568237 0.013766 -0.363131 -0.544933
1.628662 -0.076416 -0.627441 -0.104904 -0.472070 -0.970010
1.709106 -0.100220 -0.673462 -0.294777 -0.755454 -1.619610
1.667480 -0.137207 -0.688965 -0.529032 -1.110990 -2.398798
1.567993 -0.155640 -0.667725 -0.732432 -1.340973 -3.101326
1.461426 -0.089233 -0.627808 -0.889551 -1.406953 -3.547050
1.384644 0.013794 -0.613403 -1.007035 -1.244612 -3.706069
1.379272 0.112549 -0.627563 -1.131401 -1.050468 -3.682572
1.366089 0.122925 -0.640747 -1.316764 -0.912573 -3.674265
1.299927 0.040649 -0.623047 -1.557427 -0.813128 -3.825925
1.194336 0.030273 -0.582031 -1.768897 -0.714157 -4.081304
1.050415 0.039185 -0.531006 -1.832504 -0.704426 -4.241034
0.890503 0.085815 -0.453491 -1.720480 -0.860121 -4.208992
0.777466 0.152588 -0.382813 -1.506873 -1.099360 -3.999659
0.679810 0.202515 -0.351685 -1.283536 -1.327919 -3.697050
0.593750 0.210571 -0.340088 -1.136385 -1.466763 -3.358840
0.541016 0.259766 -0.325806 -1.077288 -1.404580 -3.016595
0.488525 0.262329 -0.318848 -1.067557 -1.283774 -2.670316
0.443970 0.263062 -0.295898 -1.063997 -1.141132 -2.336378
0.414185 0.269287 -0.265747 -1.026259 -0.940817 -2.025225
0.383789 0.264526 -0.246948 -0.944140 -0.805058 -1.745163
0.354370 0.264648 -0.232178 -0.816925 -0.722701 -1.508772
0.331543 0.266724 -0.208984 -0.645803 -0.713920 -1.308220
0.324463 0.273804 -0.188354 -0.435994 -0.699205 -1.097224
0.328735 0.303955 -0.218506 -0.206011 -0.649363 -0.857748
0.356689 0.321899 -0.268311 -0.016376 -0.621832 -0.611863
0.393066 0.361572 -0.318726 0.075474 -0.612813 -0.405377
0.457031 0.384155 -0.376953 0.051978 -0.644379 -0.278163
0.528198 0.414063 -0.424194 -0.028006 -0.690423 -0.248258
0.587646 0.432861 -0.465088 -0.096597 -0.664790 -0.278400
0.615845 0.451538 -0.492920 -0.138132 -0.560835 -0.332514
0.612671 0.478760 -0.531494 -0.167562 -0.449997 -0.387102
0.654419 0.518555 -0.604492 -0.200078 -0.398969 -0.439317
0.662354 0.556396 -0.693115 -0.257989 -0.327055 -0.512655
0.640259 0.589966 -0.776367 -0.389950 -0.236628 -0.618271
0.605347 0.645874 -0.875000 -0.620170 -0.190347 -0.725075
0.545898 0.670288 -0.943359 -0.935121 -0.192483 -0.796039
0.475098 0.682007 -0.949585 -1.313679 -0.187261 -0.811229
0.391846 0.693848 -0.895874 -1.698407 -0.173496 -0.744062
0.347412 0.705933 -0.865723 -2.015494 -0.151898 -0.577924
0.305054 0.726685 -0.871338 -2.268261 -0.178243 -0.364555
0.268311 0.672607 -0.811401 -2.561614 -0.285758 -0.176344
0.224243 0.630127 -0.700195 -2.916675 -0.361232 -0.007358
0.161621 0.566650 -0.579712 -3.197686 -0.372150 0.210283
0.132813 0.531860 -0.442871 -3.279331 -0.427687 0.480851
0.108398 0.480713 -0.336548 -3.158050 -0.587180 0.763049
0.061646 0.420044 -0.271484 -2.907418 -0.801023 1.041924
0.025757 0.358643 -0.220703 -2.612879 -1.077050 1.350704
-0.025269 0.299194 -0.212524 -2.320476 -1.421194 1.738518
0.077881 0.253052 -0.167480 -2.035668 -1.754657 2.241442
0.141602 0.153320 -0.055664 -1.771508 -1.826571 2.823163
0.223755 0.069580 0.074341 -1.478630 -1.732821 3.388270
0.405396 0.014038 0.185059 -1.043111 -1.698170 3.894042
0.534668 -0.071777 0.255249 -0.385678 -1.715021 4.280907
0.668091 -0.132568 0.257813 0.440266 -1.827283 4.492852
0.969604 -0.105835 0.205078 1.339786 -2.038753 4.566664
1.239624 -0.100952 0.167603 2.165730 -1.836064 4.545541
1.437012 -0.108643 0.150879 2.701170 -1.222302 4.316508
1.557617 -0.150513 0.078003 2.931390 -0.847305 3.821891
1.649292 -0.169922 -0.034790 3.089696 -0.899994 3.092781
1.800049 -0.118164 -0.192993 3.415327 -1.086069 2.249274
1.829712 -0.085815 -0.342773 3.805277 -1.164866 1.403630
1.764893 -0.072876 -0.428711 4.020307 -1.111702 0.623493
1.741943 0.028198 -0.543335 3.968567 -1.154660 -0.026819
1.695679 0.121216 -0.613403 3.772999 -1.029819 -0.557512
1.600952 0.209473 -0.704346 3.530437 -0.691135 -1.059487
1.476440 0.284668 -0.775635 3.244442 -0.333938 -1.576889
1.306885 0.285767 -0.814087 2.914064 -0.053402 -2.069370
1.076416 0.283813 -0.861206 2.587009 0.063370 -2.502753
0.841919 0.286133 -0.901855 2.312169 0.024683 -2.807261
0.600586 0.309082 -0.953613 2.098800 -0.082120 -2.867783
0.354614 0.323853 -1.025024 1.887805 -0.152847 -2.615727
0.192749 0.358887 -1.079102 1.633139 -0.127214 -2.080762
0.114746 0.386108 -1.118530 1.310830 0.000712 -1.391763
0.114746 0.401245 -1.135010 0.932747 0.135521 -0.746435
0.160156 0.390137 -1.112671 0.565819 0.247783 -0.298099
0.176758 0.342651 -1.067261 0.271992 0.285046 -0.048180
0.145386 0.266479 -1.017090 0.077373 0.224049 0.087341
0.101074 0.173584 -0.961548 -0.040823 0.120806 0.242087
0.002441 0.062866 -0.912231 -0.119145 0.021835 0.541611
-0.087646 -0.005249 -0.864868 -0.181091 -0.031566 1.045721
-0.164551 -0.050537 -0.813110 -0.252293 0.026582 1.723090
-0.225952 -0.068115 -0.790161 -0.362656 0.126265 2.460744
-0.281128 -0.064453 -0.823120 -0.518589 0.153797 3.153066
-0.297729 -0.133179 -0.853882 -0.696594 0.102531 3.833045
-0.103516 -0.218506 -0.827759 -0.899045 0.012816 4.532962
0.091064 -0.361328 -0.750977 -1.092477 0.006408 5.159778
0.349854 -0.415527 -0.586548 -1.176021 0.026345 5.508430
0.699585 -0.428467 -0.388672 -1.037177 -0.150948 5.555899
1.037720 -0.433228 -0.253540 -0.609253 -0.539949 5.254714
1.342529 -0.404297 -0.240845 0.040111 -0.856086 4.571411
1.464111 -0.422607 -0.318604 0.690423 -0.838049 3.678537
1.406860 -0.417603 -0.411865 1.107904 -0.531880 2.915725
1.324951 -0.436157 -0.541870 1.163917 -0.304270 2.506551
1.344116 -0.409668 -0.643799 0.981402 -0.267957 2.348957
1.417969 -0.397461 -0.705933 0.746910 -0.392086 2.162645
1.465942 -0.425171 -0.753906 0.559648 -0.508383 1.815179
1.461426 -0.453979 -0.764282 0.427687 -0.518826 1.432111
1.415527 -0.451660 -0.751587 0.329666 -0.383779 1.165815
1.357910 -0.429810 -0.710327 0.254191 -0.121993 1.011544
1.288330 -0.387451 -0.666260 0.217878 0.146676 0.880295
1.192261 -0.358276 -0.637451 0.226185 0.298811 0.712021
1.118774 -0.315308 -0.633545 0.258938 0.322071 0.526183
1.060303 -0.290527 -0.643311 0.261786 0.254666 0.337735
0.984497 -0.299072 -0.654907 0.206249 0.174920 0.160679
0.928223 -0.323120 -0.659180 0.127214 0.106803 0.043433
0.895020 -0.337646 -0.675171 0.064319 0.057674 0.021123
0.898071 -0.333618 -0.690430 0.018275 0.042009 0.043671
0.883911 -0.344238 -0.710938 -0.024446 0.047231 0.030854
0.854614 -0.348022 -0.712280 -0.050316 0.059810 -0.025633
0.812256 -0.341675 -0.713135 -0.046519 0.064557 -0.081882
0.779297 -0.320923 -0.711060 -0.028243 0.065743 -0.104667
0.736206 -0.303589 -0.706177 -0.032516 0.043671 -0.109414
0.708862 -0.298584 -0.688477 -0.070253 -0.012579 -0.117009
0.698486 -0.296265 -0.668701 -0.115110 -0.070490 -0.121993
0.679199 -0.310425 -0.639648 -0.135996 -0.109889 -0.114398
0.680908 -0.319946 -0.626831 -0.122942 -0.109889 -0.089240
0.687134 -0.334839 -0.632813 -0.081408 -0.100395 -0.066693
0.691895 -0.356079 -0.652954 -0.032516 -0.089715 -0.056962
0.702759 -0.358765 -0.661621 0.005459 -0.078797 -0.054114
