1.508667 0.124390 -0.227783 -0.036788 0.101107 -0.632512
1.488525 0.139771 -0.228882 -0.056012 0.077373 -0.753081
1.488159 0.130615 -0.208984 -0.075712 -0.032990 -0.922304
1.451538 0.126343 -0.202515 -0.075474 -0.192720 -1.152050
1.403442 0.117676 -0.185181 -0.046044 -0.390662 -1.397934
1.340454 0.092651 -0.181885 -0.006408 -0.612813 -1.577363
1.300537 0.065918 -0.191528 0.026582 -0.654110 -1.631240
1.241821 0.071655 -0.217041 0.057674 -0.403716 -1.559326
1.261108 0.172363 -0.211304 0.074525 -0.066930 -1.407191
1.265869 0.210938 -0.282104 0.089477 -0.020174 -1.275467
1.286133 0.260620 -0.316406 0.067167 0.016376 -1.242476
1.287476 0.251465 -0.350464 -0.020886 -0.051503 -1.298014
1.252930 0.211426 -0.371704 -0.152372 -0.119857 -1.383931
1.220459 0.185181 -0.375244 -0.317561 -0.101107 -1.461067
1.225708 0.169312 -0.331665 -0.518589 0.050079 -1.530133
1.251099 0.169556 -0.273315 -0.712496 0.312102 -1.651414
1.202393 0.178223 -0.183838 -0.812890 0.506009 -1.899909
0.958008 -0.105713 -0.182373 -0.755691 0.446912 -2.287723
0.861450 -0.048706 -0.095581 -0.567006 0.374998 -2.667230
0.686157 0.221558 -0.007813 -0.344855 -0.146676 -2.745315
0.517944 0.147583 -0.015991 -0.175869 -0.700866 -2.455997
0.478027 0.072754 -0.062744 -0.105854 -0.814789 -1.951887
0.516724 0.146484 -0.075195 -0.117246 -0.577924 -1.423330
0.589966 0.221191 -0.093872 -0.141217 -0.187973 -0.973095
0.658813 0.229126 -0.130493 -0.159255 0.142879 -0.690186
0.724365 0.279053 -0.158569 -0.174445 0.325868 -0.600471
0.776489 0.331177 -0.183472 -0.187261 0.394697 -0.668825
0.787476 0.326172 -0.220337 -0.211945 0.310441 -0.826656
0.735107 0.301147 -0.228394 -0.250394 0.220726 -1.006086
0.687744 0.299316 -0.207153 -0.300710 0.137420 -1.147540
0.651245 0.303223 -0.185425 -0.358621 -0.016614 -1.210910
0.610840 0.319824 -0.153687 -0.434570 -0.114873 -1.209961
0.585815 0.334473 -0.132324 -0.536864 -0.114398 -1.181480
0.592529 0.373047 -0.132446 -0.626341 -0.093749 -1.129265
0.582275 0.383423 -0.136475 -0.654585 -0.069541 -1.032430
0.573730 0.381958 -0.140381 -0.638683 -0.038449 -0.930137
0.613647 0.420044 -0.141968 -0.619221 -0.104667 -0.858697
0.643188 0.455200 -0.151245 -0.603319 -0.150711 -0.815501
0.650635 0.458862 -0.152100 -0.586231 -0.080933 -0.794141
0.638672 0.455811 -0.147095 -0.566294 0.011867 -0.792717
0.623413 0.468140 -0.130493 -0.535677 0.084730 -0.793903
0.593750 0.481201 -0.112183 -0.494142 0.114635 -0.775865
0.582886 0.496216 -0.113403 -0.455693 0.099683 -0.727448
0.581421 0.502441 -0.106079 -0.420092 0.105142 -0.653160
0.595459 0.506470 -0.101563 -0.378795 0.129113 -0.571278
0.603882 0.517456 -0.098511 -0.334650 0.164952 -0.506484
0.615601 0.536499 -0.093628 -0.290742 0.177768 -0.476105
0.631348 0.548340 -0.097290 -0.250157 0.144778 -0.479190
0.642700 0.556030 -0.102539 -0.211945 0.068117 -0.509332
0.632690 0.571289 -0.104248 -0.182515 0.022547 -0.551816
0.617676 0.575806 -0.112671 -0.173733 -0.002373 -0.586943
0.589478 0.563354 -0.119629 -0.181091 -0.013291 -0.598810
0.554932 0.557251 -0.116821 -0.198654 -0.035838 -0.590740
0.550659 0.559326 -0.100586 -0.220964 -0.103006 -0.561547
0.536133 0.556519 -0.084839 -0.239951 -0.098259 -0.514079
0.528320 0.559082 -0.050293 -0.252767 -0.042721 -0.460440
0.499634 0.556519 -0.033569 -0.252293 0.002136 -0.406327
0.473755 0.572021 -0.027588 -0.221438 0.049367 -0.348416
0.450684 0.592529 -0.023438 -0.165664 0.047231 -0.282435
0.469360 0.611084 -0.041992 -0.107515 -0.036313 -0.215268
0.494507 0.617554 -0.057495 -0.053164 -0.122942 -0.152372
0.531982 0.613647 -0.068726 -0.006883 -0.165189 -0.112025
0.543823 0.600952 -0.087646 0.029430 -0.203163 -0.101344
0.563477 0.598022 -0.113037 0.049841 -0.230457 -0.106091
0.565918 0.589844 -0.132935 0.051740 -0.239476 -0.113686
0.567017 0.584473 -0.135864 0.034652 -0.203163 -0.118195
0.549561 0.583618 -0.123047 0.007832 -0.125553 -0.120569
0.517456 0.595093 -0.113647 -0.012816 -0.026345 -0.112737
0.479492 0.600464 -0.105957 -0.018750 0.028243 -0.091376
0.461426 0.606323 -0.100952 -0.012104 -0.019937 -0.051978
0.458740 0.618286 -0.105835 -0.000237 -0.070015 0.007120
0.469238 0.625732 -0.123047 0.017089 -0.088765 0.075949
0.479980 0.613770 -0.134644 0.033702 -0.109177 0.138369
0.484619 0.608887 -0.156738 0.042247 -0.129825 0.187973
0.493042 0.616821 -0.183960 0.042009 -0.121044 0.229508
0.475464 0.608154 -0.211670 0.025870 -0.086629 0.268195
0.456421 0.615112 -0.227783 -0.002848 -0.052452 0.304033
0.438110 0.618896 -0.242310 -0.030380 -0.039636 0.346279
0.433838 0.598633 -0.256104 -0.047943 -0.089003 0.393748
0.439087 0.567017 -0.271606 -0.056962 -0.202689 0.439554
0.446655 0.551758 -0.285156 -0.057674 -0.314951 0.486073
0.466187 0.553345 -0.299072 -0.047468 -0.408937 0.548968
0.517090 0.565308 -0.334595 -0.021835 -0.514554 0.635360
0.593506 0.572876 -0.375732 0.010918 -0.631800 0.728160
0.697388 0.582397 -0.439575 0.017326 -0.721514 0.803872
0.812988 0.589600 -0.500854 -0.009731 -0.730059 0.842795
0.915649 0.594604 -0.553345 -0.059810 -0.646040 0.826419
0.988403 0.596558 -0.598145 -0.113923 -0.545408 0.744062
1.011597 0.617432 -0.629639 -0.154983 -0.441928 0.602370
0.984741 0.647705 -0.662109 -0.185600 -0.359808 0.431722
0.939575 0.648315 -0.701660 -0.229271 -0.330852 0.276976
0.873413 0.636597 -0.752686 -0.306644 -0.347466 0.166850
0.807007 0.629883 -0.784302 -0.444301 -0.306406 0.106091
0.732788 0.633667 -0.788696 -0.656721 -0.253005 0.074050
0.667114 0.659058 -0.741455 -0.923728 -0.171122 0.072626
0.613770 0.681641 -0.661621 -1.186701 -0.080696 0.116297
0.585205 0.692993 -0.577148 -1.391289 -0.051028 0.209334
0.601807 0.678345 -0.490356 -1.517079 -0.095885 0.325156
0.628052 0.661377 -0.418945 -1.581873 -0.173733 0.437181
0.665161 0.635254 -0.363281 -1.616050 -0.189160 0.528557
0.703247 0.587280 -0.304810 -1.638835 -0.173733 0.593825
0.740723 0.535156 -0.249512 -1.661857 -0.169461 0.642005
0.771362 0.486328 -0.200928 -1.682268 -0.151423 0.672385
0.802368 0.453369 -0.137207 -1.689626 -0.161629 0.681404
0.824097 0.413574 -0.090210 -1.679895 -0.242087 0.666926
0.851196 0.378296 -0.045654 -1.657110 -0.338922 0.635123
0.866577 0.350586 0.002197 -1.627442 -0.421042 0.590265
0.868774 0.336670 0.057983 -1.597537 -0.481801 0.528082
0.843994 0.320801 0.092896 -1.558851 -0.538525 0.459491
0.798828 0.311035 0.135864 -1.497380 -0.627053 0.403241
0.772095 0.311646 0.184814 -1.421906 -0.749046 0.365741
0.739624 0.290161 0.218750 -1.340498 -0.847542 0.354112
0.702271 0.265137 0.244019 -1.251733 -0.887890 0.365979
0.654785 0.244019 0.270508 -1.158458 -0.907827 0.400630
0.617920 0.219849 0.293335 -1.059487 -0.924678 0.472307
0.578857 0.202393 0.311035 -0.954583 -0.916371 0.585281
0.556641 0.203613 0.332397 -0.854662 -0.867004 0.724125
0.530151 0.204834 0.350342 -0.747859 -0.836387 0.862257
0.520630 0.211914 0.362427 -0.628477 -0.877922 0.987810
0.530151 0.213989 0.364746 -0.508858 -0.947937 1.104344
0.571899 0.220093 0.368652 -0.401580 -0.996355 1.202129
0.615356 0.228271 0.381958 -0.301897 -1.014392 1.264549
0.685425 0.264160 0.406494 -0.189160 -1.065183 1.288758
0.761108 0.258667 0.422607 -0.045807 -1.107192 1.288995
0.844604 0.216064 0.399658 0.131487 -1.129977 1.276891
0.895752 0.186646 0.369507 0.319697 -1.132113 1.256954
0.958496 0.180298 0.322510 0.477291 -1.073727 1.246274
1.003418 0.169434 0.283081 0.571990 -0.913760 1.239628
1.015259 0.187622 0.271851 0.596436 -0.693034 1.223014
1.025635 0.216431 0.284790 0.578636 -0.497465 1.190261
1.040771 0.214233 0.305298 0.565819 -0.386865 1.143505
1.080688 0.214233 0.338013 0.591215 -0.398020 1.070642
1.127075 0.218018 0.358154 0.669774 -0.449760 0.977130
1.140625 0.198853 0.356689 0.781324 -0.488446 0.869852
1.157349 0.181274 0.338867 0.898333 -0.587180 0.756641
1.199951 0.163330 0.323608 1.012256 -0.683777 0.661942
1.230103 0.139404 0.299194 1.123332 -0.695170 0.591689
1.260010 0.123291 0.260498 1.223252 -0.624205 0.530456
1.276367 0.141235 0.226807 1.311068 -0.557750 0.476342
1.303345 0.159424 0.183228 1.382033 -0.456405 0.436943
1.316650 0.161133 0.136475 1.434959 -0.332514 0.397782
1.311157 0.179077 0.093872 1.478155 -0.235204 0.329903
1.291504 0.194702 0.046265 1.522301 -0.203875 0.242087
1.282593 0.195923 -0.000732 1.568107 -0.228796 0.160205
1.288330 0.194336 -0.061279 1.607743 -0.267245 0.094699
1.290283 0.196167 -0.116333 1.638360 -0.247783 0.045332
1.289063 0.192871 -0.172485 1.662806 -0.160442 0.014715
1.277222 0.197510 -0.211426 1.674910 -0.040348 -0.009256
1.249268 0.202515 -0.236450 1.689151 0.082357 -0.040585
1.207642 0.207275 -0.260498 1.689863 0.210758 -0.078560
