0.291016 0.035767 0.325562 0.419312 -0.629517 -0.090332
0.218018 0.031982 0.287109 0.464355 -0.593994 0.029419
0.192993 0.045410 0.435791 0.494995 -0.499268 0.145020
0.061035 0.057373 0.376587 0.616211 -0.634644 0.288696
0.050293 0.024292 0.266724 0.714355 -0.691040 0.443115
0.102173 0.003052 0.251343 0.754028 -0.654785 0.574341
0.146973 -0.047241 0.232056 0.802856 -0.622314 0.658325
0.165894 -0.092041 0.206055 0.862305 -0.628540 0.691162
0.160645 -0.129517 0.180298 0.919434 -0.639160 0.700439
0.146973 -0.190552 0.153442 0.968506 -0.609619 0.725464
0.145386 -0.295654 0.146851 1.002930 -0.524292 0.799072
0.157349 -0.401855 0.130737 1.029419 -0.383179 0.930054
0.170776 -0.503174 0.083862 1.068115 -0.241821 1.096191
0.178223 -0.586304 -0.008179 1.131714 -0.133667 1.275146
0.204346 -0.661621 -0.135986 1.223755 -0.056641 1.465088
0.280273 -0.725586 -0.316650 1.333984 -0.034424 1.671387
0.448242 -0.742554 -0.583618 1.443359 -0.086670 1.875977
0.665283 -0.738525 -0.902588 1.517944 -0.211792 2.035156
0.899048 -0.697021 -1.229736 1.535645 -0.355469 2.123901
1.110352 -0.644775 -1.509888 1.489014 -0.459106 2.129883
1.169678 -0.616455 -1.659546 1.353516 -0.542847 2.094849
1.368042 -0.595337 -1.804565 1.122559 -0.602173 2.097168
1.486938 -0.607544 -1.824951 0.782471 -0.569824 2.122192
1.641479 -0.630981 -1.826416 0.429443 -0.505737 2.241699
1.817505 -0.622437 -1.809692 0.118286 -0.389648 2.397339
1.983521 -0.583618 -1.768433 -0.135742 -0.236816 2.516602
2.124146 -0.532471 -1.760498 -0.338013 -0.012451 2.557007
2.226318 -0.479248 -1.729980 -0.527832 0.205444 2.518555
2.300171 -0.450073 -1.686890 -0.752197 0.372070 2.439087
2.366821 -0.444092 -1.613525 -1.015991 0.484375 2.331787
2.462646 -0.465210 -1.552979 -1.285156 0.533447 2.192749
2.578613 -0.473389 -1.478760 -1.533569 0.508667 2.014893
2.678101 -0.488770 -1.374878 -1.753540 0.444092 1.786377
2.751953 -0.477417 -1.239502 -1.947021 0.364990 1.508667
2.807495 -0.533936 -1.077759 -2.116577 0.257202 1.227661
2.883179 -0.642700 -0.892456 -2.251099 0.147095 0.961426
2.949341 -0.717285 -0.701782 -2.339966 0.128052 0.683838
2.991821 -0.737305 -0.476196 -2.364502 0.203857 0.405640
3.010132 -0.714111 -0.246582 -2.305908 0.372070 0.105103
2.958984 -0.724731 -0.120972 -2.164185 0.541992 -0.227417
2.825195 -0.736694 -0.051392 -1.988159 0.695679 -0.573120
2.620972 -0.753784 -0.060181 -1.812256 0.863281 -0.882690
2.416870 -0.744873 -0.075195 -1.658813 1.020874 -1.122925
2.254272 -0.744263 -0.051392 -1.546143 1.063110 -1.302856
2.125000 -0.767212 -0.015869 -1.473511 1.034424 -1.474121
1.993042 -0.797363 0.038940 -1.425293 0.964600 -1.645996
1.832153 -0.768311 0.135376 -1.384277 0.899658 -1.802124
1.726929 -0.836182 0.197144 -1.329956 0.809326 -1.920044
1.591553 -0.898315 0.270752 -1.268188 0.776245 -2.039673
1.423096 -0.912842 0.342529 -1.171021 0.797363 -2.165894
1.223877 -0.851807 0.403076 -1.030884 0.815552 -2.273438
1.048584 -0.800293 0.421265 -0.873535 0.772095 -2.351807
0.861206 -0.758667 0.418457 -0.733276 0.679565 -2.397827
0.679443 -0.711792 0.408691 -0.613037 0.594604 -2.409912
0.511108 -0.666016 0.388306 -0.502197 0.544678 -2.386963
0.350464 -0.612305 0.376953 -0.401245 0.511475 -2.320679
0.219971 -0.553101 0.346924 -0.314087 0.494507 -2.198730
0.129639 -0.492920 0.317749 -0.243164 0.501465 -2.030518
0.080444 -0.425659 0.307251 -0.183594 0.530396 -1.842529
0.050537 -0.358521 0.296631 -0.127686 0.560303 -1.664185
0.040894 -0.290405 0.290527 -0.077026 0.577881 -1.511719
0.031616 -0.233032 0.291138 -0.026611 0.578369 -1.395752
0.025024 -0.181274 0.289795 0.024658 0.561401 -1.317383
0.005249 -0.134277 0.284668 0.074829 0.524658 -1.275146
-0.033325 -0.113159 0.274048 0.122681 0.461548 -1.257080
-0.076904 -0.106689 0.266846 0.161133 0.380859 -1.239990
-0.131958 -0.122803 0.269409 0.194824 0.303711 -1.201660
-0.187134 -0.140381 0.274658 0.230835 0.235840 -1.120972
-0.233521 -0.152344 0.286621 0.286255 0.155151 -0.996094
-0.276001 -0.161865 0.296143 0.371460 0.045288 -0.832886
-0.284058 -0.155762 0.281982 0.478516 -0.052979 -0.642334
-0.257446 -0.139282 0.254517 0.597168 -0.140015 -0.442749
-0.210938 -0.109985 0.213501 0.718628 -0.238892 -0.261353
-0.161987 -0.100586 0.163208 0.830811 -0.331543 -0.114746
-0.116577 -0.098511 0.088257 0.939453 -0.443115 -0.014648
-0.093140 -0.115356 0.010010 1.036743 -0.572388 0.042847
-0.078369 -0.149048 -0.047974 1.104980 -0.692627 0.079224
-0.081543 -0.209961 -0.089111 1.150391 -0.772095 0.121338
-0.085083 -0.280884 -0.113892 1.186890 -0.785034 0.199829
-0.087769 -0.347656 -0.118042 1.230713 -0.724731 0.333984
-0.059082 -0.395874 -0.137085 1.308594 -0.609497 0.514038
-0.004028 -0.453979 -0.223999 1.434937 -0.504395 0.722534
0.099609 -0.521484 -0.368896 1.592529 -0.440308 0.949463
0.237915 -0.565918 -0.578369 1.758301 -0.410156 1.171875
0.415283 -0.564819 -0.861938 1.894897 -0.428833 1.373291
0.600342 -0.489136 -1.132202 1.942505 -0.464966 1.536987
0.768433 -0.360962 -1.315674 1.878662 -0.477539 1.642090
0.891602 -0.264648 -1.424316 1.725220 -0.459351 1.673218
1.000488 -0.216553 -1.456787 1.526245 -0.445557 1.647583
1.084229 -0.182495 -1.406860 1.337280 -0.457153 1.581543
1.146973 -0.150269 -1.354370 1.227661 -0.499268 1.493774
1.179321 -0.112061 -1.328613 1.209473 -0.565918 1.396362
1.168213 -0.074951 -1.343994 1.221191 -0.609253 1.287231
1.134766 -0.053589 -1.346191 1.204590 -0.610718 1.188721
1.106201 -0.057373 -1.411987 1.154175 -0.550659 1.132202
1.101196 -0.107788 -1.496460 1.084839 -0.506104 1.131348
1.190796 -0.215942 -1.640137 0.963013 -0.375488 1.196045
1.253052 -0.122314 -1.467773 0.774536 -0.032959 1.281250
1.365234 -0.068115 -1.374878 0.636597 0.013306 1.423828
1.466187 -0.125122 -1.342773 0.491333 -0.021851 1.517456
1.526611 -0.106445 -1.221069 0.327637 0.040894 1.484009
1.555420 -0.097412 -1.132690 0.241333 0.090454 1.393433
1.555786 -0.106201 -1.068359 0.222046 0.084229 1.258301
1.528198 -0.119751 -1.029785 0.235352 0.012695 1.090942
1.457397 -0.135620 -1.012207 0.259033 -0.071167 0.930054
1.362061 -0.167847 -1.026123 0.270630 -0.099609 0.815552
1.282593 -0.211548 -1.032715 0.248169 -0.054443 0.768799
1.234131 -0.236572 -1.020386 0.197998 0.020508 0.779053
1.207397 -0.254761 -1.018677 0.142944 0.041504 0.806396
1.232056 -0.271729 -1.035522 0.091797 -0.124512 0.824585
1.264038 -0.263672 -1.034180 0.047485 -0.369751 0.833740
1.296997 -0.217773 -0.963501 0.014282 -0.416382 0.808838
1.305420 -0.241089 -0.864014 -0.009521 -0.275513 0.707275
1.317627 -0.294556 -0.808960 -0.033081 0.033325 0.558105
1.319702 -0.316040 -0.751709 -0.026978 0.214966 0.432129
1.255249 -0.324341 -0.742310 0.023193 0.214111 0.362671
1.185791 -0.331543 -0.764771 0.072266 0.232788 0.321899
1.128174 -0.332886 -0.752808 0.095459 0.283447 0.291504
1.092529 -0.329224 -0.780640 0.099609 0.395630 0.273071
1.076416 -0.325684 -0.782349 0.084595 0.483765 0.267944
1.076172 -0.320435 -0.760376 0.053589 0.506592 0.260742
1.085938 -0.334717 -0.721802 0.022217 0.485962 0.236694
1.106567 -0.356934 -0.670532 0.004639 0.437256 0.200928
1.121582 -0.369751 -0.629272 0.002075 0.377808 0.164185
1.119019 -0.374146 -0.596924 0.009888 0.350342 0.127197
1.124634 -0.384888 -0.575806 0.021973 0.340698 0.084106
1.102905 -0.406250 -0.569092 0.033813 0.298462 0.041626
1.089600 -0.423584 -0.562256 0.049194 0.263916 0.006958
1.088623 -0.429810 -0.556152 0.067383 0.269409 -0.023071
1.087402 -0.430298 -0.552612 0.083008 0.295044 -0.059082
1.079468 -0.431519 -0.543335 0.092651 0.291016 -0.098999
1.068237 -0.437500 -0.526001 0.100220 0.250977 -0.134155
1.048218 -0.435669 -0.505249 0.115845 0.205811 -0.167236
1.024048 -0.435059 -0.497681 0.140869 0.171387 -0.201172
0.995117 -0.430420 -0.494263 0.167847 0.152466 -0.234985
0.978027 -0.423706 -0.494385 0.190308 0.147461 -0.263306
0.959961 -0.411865 -0.508789 0.210938 0.147583 -0.283081
0.940430 -0.398315 -0.525024 0.227417 0.150391 -0.294556
0.928711 -0.389893 -0.549805 0.238525 0.149292 -0.299316
0.930542 -0.379639 -0.574585 0.249146 0.141968 -0.296997
0.922974 -0.371094 -0.599854 0.256958 0.132813 -0.291748
0.917969 -0.365601 -0.626099 0.256226 0.118408 -0.284912
0.913330 -0.356934 -0.638916 0.245361 0.104248 -0.277100
0.906128 -0.349243 -0.640991 0.226074 0.093262 -0.271118
0.897949 -0.355835 -0.641357 0.199219 0.096924 -0.265015
0.896729 -0.356201 -0.621826 0.171997 0.109985 -0.255371
0.891113 -0.354370 -0.602173 0.152344 0.122070 -0.247314
0.883057 -0.367554 -0.584473 0.138184 0.132568 -0.240356
0.874390 -0.373047 -0.558228 0.128906 0.145264 -0.230957
0.869629 -0.393921 -0.542603 0.126099 0.152954 -0.218994
