0.565063 0.479126 0.056274 0.353394 -0.073364 -0.004883
0.580688 0.367188 0.003906 0.440063 -0.019775 0.019531
0.560059 0.356689 0.025757 0.497559 0.149048 -0.008423
0.562012 0.348755 0.043457 0.558594 0.312134 -0.028564
0.525391 0.293823 0.017090 0.616333 0.485718 -0.062256
0.395508 0.115112 0.010010 0.675415 0.587280 -0.085693
0.270142 -0.050537 -0.039917 0.763550 0.538086 -0.076416
0.209595 -0.083130 -0.055664 0.870239 0.489502 -0.003540
0.196533 -0.134521 -0.087769 1.014893 0.405151 0.132568
0.217041 -0.158447 -0.134033 1.175537 0.302979 0.256104
0.243530 -0.161865 -0.201294 1.339111 0.179810 0.327393
0.238037 -0.166016 -0.292114 1.496582 0.050537 0.359253
0.206055 -0.204102 -0.405029 1.640381 -0.066040 0.364136
0.184326 -0.284790 -0.547852 1.764771 -0.146851 0.365112
0.205444 -0.358398 -0.708862 1.864746 -0.168091 0.387573
0.204956 -0.395996 -0.887695 1.940674 -0.136841 0.442993
0.175415 -0.416016 -1.079346 1.982178 -0.065796 0.523682
0.153687 -0.396484 -1.256226 1.982788 0.008179 0.622559
0.143066 -0.368896 -1.412231 1.945068 0.076050 0.734741
0.143677 -0.368530 -1.557129 1.870117 0.131104 0.833008
0.161987 -0.370728 -1.692017 1.768799 0.157715 0.920166
0.187134 -0.382080 -1.819092 1.649902 0.168091 1.005981
0.246704 -0.404541 -1.929810 1.519287 0.169678 1.095093
0.329712 -0.418701 -2.029785 1.387817 0.148926 1.178345
0.442627 -0.444336 -2.136475 1.259399 0.149048 1.253052
0.564941 -0.447998 -2.229004 1.127075 0.180420 1.328613
0.659058 -0.412964 -2.286377 0.994751 0.242554 1.396851
0.739868 -0.387817 -2.310669 0.844849 0.351440 1.450806
0.817383 -0.389771 -2.329102 0.683960 0.484375 1.499756
0.900757 -0.390625 -2.335571 0.522583 0.638184 1.554199
0.980347 -0.360474 -2.309326 0.360718 0.854248 1.620728
1.081665 -0.343994 -2.260864 0.191650 1.100464 1.684326
1.214722 -0.304077 -2.219849 0.016968 1.177246 1.735718
1.363037 -0.189087 -2.220459 -0.133301 0.826538 1.753174
1.432861 -0.052246 -2.264404 -0.255615 0.259888 1.665405
1.429077 -0.002075 -2.283081 -0.373901 -0.043091 1.453003
1.420410 -0.013794 -2.257568 -0.502686 -0.106934 1.239258
1.463013 0.004150 -2.198975 -0.639404 -0.089844 1.120361
1.520020 0.038330 -2.120483 -0.782593 -0.081177 1.059448
1.605347 0.033813 -2.064575 -0.921021 -0.038574 1.002441
1.718018 0.027100 -1.998657 -1.049316 0.011108 0.941528
1.841187 0.031250 -1.946045 -1.165283 0.040649 0.860107
1.936157 0.057495 -1.882690 -1.278076 0.048096 0.740479
1.964233 0.056274 -1.825562 -1.394653 0.034180 0.579590
1.954712 0.015259 -1.758423 -1.528931 0.014893 0.401978
1.940430 -0.041870 -1.644653 -1.681763 0.004883 0.237915
1.935303 -0.080933 -1.507813 -1.824219 -0.005371 0.090332
1.931641 -0.104492 -1.344849 -1.949341 -0.013550 -0.056152
1.888428 -0.164063 -1.192139 -2.047119 -0.045288 -0.218750
1.846802 -0.208740 -1.050903 -2.110840 -0.074951 -0.379761
1.719482 -0.169800 -1.078369 -2.166260 0.005371 -0.503052
1.681396 -0.284180 -0.844727 -2.248291 0.152588 -0.557129
1.707764 -0.371460 -0.634644 -2.265137 0.075562 -0.631592
1.636963 -0.358276 -0.531860 -2.187012 -0.012329 -0.821655
1.471924 -0.329102 -0.515991 -2.069336 -0.088257 -1.019165
1.274170 -0.278320 -0.507935 -2.004639 -0.106323 -1.128906
1.161743 -0.276001 -0.445068 -1.993042 -0.088257 -1.145386
1.080933 -0.277588 -0.343872 -1.981445 -0.043945 -1.156982
0.986450 -0.261475 -0.267090 -1.943848 0.044678 -1.200928
0.858643 -0.217896 -0.191284 -1.891113 0.162842 -1.253418
0.752197 -0.209351 -0.134155 -1.825684 0.256714 -1.294067
0.636108 -0.164185 -0.058716 -1.743408 0.329834 -1.328979
0.544067 -0.153320 -0.017944 -1.637329 0.332153 -1.338745
0.465454 -0.165527 0.018066 -1.523438 0.269653 -1.335327
0.406982 -0.152710 0.051880 -1.404663 0.188599 -1.313721
0.348022 -0.122803 0.079468 -1.282837 0.117432 -1.275513
0.295776 -0.092163 0.104736 -1.169312 0.063599 -1.225952
0.259888 -0.057983 0.137329 -1.068848 0.044067 -1.165649
0.228149 -0.030396 0.177734 -0.975342 0.045166 -1.105469
0.175537 -0.004150 0.216064 -0.884155 0.053955 -1.053955
0.111084 0.007935 0.246216 -0.786133 0.053711 -1.006958
0.058594 0.015137 0.267578 -0.677490 0.043091 -0.955200
0.016235 0.011475 0.293457 -0.553955 0.009399 -0.895264
-0.023438 -0.006104 0.302856 -0.405640 -0.051514 -0.831177
-0.042480 -0.001221 0.302246 -0.238281 -0.120361 -0.765015
-0.052612 -0.015503 0.298828 -0.055176 -0.160400 -0.700317
-0.068848 -0.027100 0.272461 0.140625 -0.206909 -0.632813
-0.091675 -0.035522 0.238892 0.340576 -0.260864 -0.562988
-0.090942 -0.037720 0.178955 0.533447 -0.280029 -0.485229
-0.068481 -0.038940 0.110474 0.714844 -0.264893 -0.400513
-0.032715 -0.041748 0.043823 0.876953 -0.223511 -0.320679
0.005005 -0.037598 -0.037109 1.017212 -0.156982 -0.255371
0.035034 -0.031982 -0.119995 1.135986 -0.075806 -0.209351
0.038696 -0.049683 -0.203735 1.249146 -0.015137 -0.179199
0.041138 -0.068115 -0.310303 1.369385 0.001953 -0.155151
0.058472 -0.069458 -0.410156 1.479004 -0.036133 -0.128052
0.078247 -0.066528 -0.519409 1.570923 -0.104370 -0.108154
0.078369 -0.067261 -0.638306 1.646851 -0.153442 -0.102905
0.034790 -0.071045 -0.748413 1.701172 -0.142822 -0.102295
0.003296 -0.080811 -0.858887 1.716064 -0.070801 -0.071899
0.007324 -0.083618 -0.919922 1.682129 -0.049561 0.000122
0.036865 -0.086548 -0.963989 1.634277 -0.010986 0.085693
0.082397 -0.091675 -1.020874 1.624146 0.022339 0.152588
0.128906 -0.094116 -1.077026 1.655273 0.023438 0.191406
0.164063 -0.072998 -1.152954 1.690552 -0.005005 0.215942
0.184204 -0.043701 -1.213379 1.703125 -0.038940 0.241333
0.188110 -0.034302 -1.279419 1.694092 -0.075317 0.263916
0.190430 -0.041626 -1.365601 1.678955 -0.113525 0.283691
0.217651 -0.041260 -1.438599 1.661987 -0.130249 0.308472
0.280640 -0.072510 -1.530640 1.646484 -0.129639 0.334961
0.342041 -0.072021 -1.642212 1.644043 -0.140747 0.355469
0.389160 -0.028809 -1.756226 1.637207 -0.137573 0.373535
0.418213 0.015137 -1.836670 1.575684 -0.089966 0.398682
0.428833 0.057129 -1.854492 1.450806 -0.017090 0.425781
0.433472 0.098877 -1.821289 1.289429 0.052368 0.443237
0.458618 0.088623 -1.760254 1.126465 0.099365 0.454834
0.472534 0.098022 -1.683594 1.014282 0.103149 0.449341
0.452881 0.087524 -1.639771 0.968384 0.066406 0.407593
0.430298 0.049805 -1.644043 0.964844 0.009644 0.357544
0.392090 0.068726 -1.689453 0.974365 -0.028809 0.334229
0.380859 0.067017 -1.728760 0.965088 -0.018311 0.343140
0.366333 0.070068 -1.756836 0.911987 0.030762 0.365234
0.351074 0.093140 -1.762573 0.821777 0.092896 0.391602
0.345093 0.087891 -1.716064 0.702026 0.151123 0.422607
0.375610 0.052612 -1.666992 0.580200 0.183594 0.445923
0.456299 -0.010376 -1.639648 0.492432 0.149414 0.452148
0.527222 -0.010620 -1.606445 0.453491 0.066895 0.437500
0.567871 0.038574 -1.585205 0.436768 -0.115356 0.405029
0.585083 0.071533 -1.589233 0.395752 -0.043945 0.334717
0.641357 0.034424 -1.521362 0.333740 0.165527 0.230713
0.552979 -0.001099 -1.484131 0.285034 0.012451 0.190308
0.488281 -0.016968 -1.433716 0.247925 -0.035278 0.185303
0.544800 -0.028564 -1.361206 0.229980 0.160400 0.172607
0.542358 -0.028809 -1.331055 0.215698 0.188599 0.157959
0.504761 -0.035522 -1.314941 0.182251 0.233276 0.138794
0.545166 -0.061646 -1.269897 0.155884 0.279785 0.109131
0.538818 -0.075928 -1.277344 0.152100 0.116943 0.091187
0.560547 -0.082275 -1.276978 0.144897 0.046753 0.067017
0.594238 -0.108521 -1.272095 0.143311 0.106323 0.026855
0.614136 -0.105713 -1.281250 0.145508 0.099243 -0.007080
0.633545 -0.098267 -1.281372 0.131226 0.050415 -0.033936
0.623169 -0.111694 -1.275024 0.107544 0.017700 -0.071533
0.595093 -0.128662 -1.253906 0.084595 0.028931 -0.111572
0.585449 -0.142456 -1.225220 0.064453 0.042480 -0.136963
0.552246 -0.155151 -1.204956 0.050903 0.033203 -0.151611
0.515625 -0.146851 -1.183838 0.043335 0.037354 -0.160522
0.528931 -0.142212 -1.157349 0.036011 0.080811 -0.160645
0.487793 -0.152466 -1.156616 0.034790 0.049316 -0.165161
0.476196 -0.151489 -1.154175 0.033936 0.086182 -0.172119
0.477295 -0.161621 -1.151978 0.035278 0.125610 -0.176392
0.458618 -0.166382 -1.154297 0.029785 0.104980 -0.181152
0.445679 -0.173462 -1.152222 0.017944 0.079712 -0.189331
0.444214 -0.180420 -1.136597 0.005737 0.066650 -0.193848
0.445557 -0.192627 -1.124512 -0.004150 0.064331 -0.194702
0.432495 -0.203857 -1.121704 -0.010254 0.066650 -0.191162
0.439087 -0.203735 -1.110596 -0.016724 0.070801 -0.181396
0.441284 -0.215942 -1.102661 -0.020508 0.082153 -0.174927
0.440186 -0.215576 -1.099243 -0.015625 0.082275 -0.174805
0.441162 -0.212158 -1.098022 -0.013428 0.080322 -0.172974
0.448120 -0.214966 -1.102051 -0.022705 0.084961 -0.171509
