0.447144 -0.014771 0.411621 0.517212 -0.438721 0.407227
0.462158 -0.062012 0.421387 0.600586 -0.377563 0.557007
0.532104 -0.100708 0.404297 0.700439 -0.274536 0.674805
0.537598 -0.104614 0.367065 0.837036 -0.246216 0.772949
0.498413 -0.189819 0.275635 0.987427 -0.288696 0.834351
0.540039 -0.223633 0.149902 1.109985 -0.335327 0.862305
0.596313 -0.223145 -0.017334 1.214233 -0.405273 0.843994
0.604980 -0.238892 -0.213013 1.295654 -0.464600 0.789429
0.569702 -0.264282 -0.384644 1.346436 -0.448364 0.730835
0.522949 -0.302734 -0.494873 1.377686 -0.349243 0.709473
0.499146 -0.345581 -0.612549 1.401978 -0.198975 0.762817
0.497925 -0.384644 -0.731079 1.405151 -0.042603 0.894043
0.524536 -0.397705 -0.861572 1.384521 0.105957 1.076782
0.565308 -0.400513 -0.984863 1.344971 0.237671 1.268677
0.613892 -0.406494 -1.101196 1.282349 0.309570 1.448853
0.679077 -0.406738 -1.218018 1.206421 0.276611 1.604370
0.739502 -0.390015 -1.344849 1.136841 0.121094 1.762451
0.961304 -0.352783 -1.450317 1.080078 -0.117554 1.906250
1.157715 -0.333374 -1.615356 1.002075 -0.309570 1.935425
1.307251 -0.314819 -1.729614 0.862915 -0.440674 1.943115
1.480469 -0.303589 -1.816772 0.652710 -0.379639 1.958862
1.646240 -0.256470 -1.840454 0.392944 -0.293091 1.965820
1.737793 -0.213501 -1.852539 0.097046 -0.142944 1.955933
1.764160 -0.217651 -1.785278 -0.238037 0.073120 1.958252
1.797974 -0.262939 -1.644165 -0.596802 0.323242 1.993530
1.845947 -0.304932 -1.482666 -0.926758 0.499878 2.049072
1.917969 -0.346313 -1.363770 -1.186035 0.554199 2.100464
2.001221 -0.367065 -1.269287 -1.390747 0.578247 2.124268
2.081299 -0.350952 -1.176147 -1.564819 0.648804 2.107300
2.135742 -0.356445 -1.051514 -1.734741 0.779053 2.046265
2.211304 -0.406250 -0.925537 -1.901123 0.819214 1.949341
2.279541 -0.445068 -0.807251 -2.060547 0.782837 1.806885
2.353516 -0.477417 -0.641846 -2.194946 0.723389 1.635498
2.454468 -0.514526 -0.504883 -2.277344 0.642334 1.442749
2.564575 -0.520996 -0.350220 -2.324219 0.603149 1.209839
2.712402 -0.513794 -0.178833 -2.334351 0.567017 0.933105
2.825317 -0.524170 -0.007813 -2.301392 0.548828 0.603516
2.855957 -0.561646 0.128906 -2.220093 0.576050 0.242188
2.834106 -0.606079 0.254639 -2.085083 0.642822 -0.124756
2.752930 -0.638550 0.331299 -1.898193 0.704224 -0.484009
2.613159 -0.670898 0.339722 -1.693359 0.736450 -0.829956
2.439575 -0.720459 0.295044 -1.514526 0.778564 -1.138184
2.252686 -0.731812 0.297974 -1.389282 0.840210 -1.370483
2.110352 -0.745361 0.334839 -1.295654 0.877319 -1.523438
1.978638 -0.781006 0.369629 -1.210938 0.900391 -1.654663
1.836670 -0.830566 0.403320 -1.117310 0.926025 -1.793823
1.659058 -0.850220 0.420898 -1.006714 0.953369 -1.925781
1.499268 -0.866333 0.423218 -0.889404 0.966309 -2.023071
1.348999 -0.878418 0.430054 -0.769653 0.968750 -2.083740
1.207886 -0.880127 0.435913 -0.639771 0.979370 -2.118896
1.090088 -0.840332 0.464233 -0.497314 0.979858 -2.119751
0.989014 -0.753784 0.466797 -0.337402 0.977295 -2.104736
0.891602 -0.676270 0.448853 -0.169067 0.967773 -2.096802
0.785645 -0.598511 0.411743 -0.010864 0.937134 -2.085815
0.699829 -0.524170 0.387207 0.121338 0.878052 -2.048584
0.633057 -0.471680 0.361938 0.225952 0.842896 -1.986572
0.591187 -0.434448 0.341187 0.317139 0.840088 -1.917114
0.562866 -0.404419 0.327515 0.410889 0.827759 -1.860229
0.512451 -0.395264 0.293091 0.517334 0.788086 -1.831421
0.415283 -0.389404 0.227417 0.623413 0.690674 -1.820313
0.284790 -0.359375 0.155029 0.704834 0.549683 -1.797852
0.143188 -0.307983 0.090454 0.750244 0.407471 -1.748169
0.008789 -0.251831 0.047363 0.763672 0.302124 -1.664795
-0.083008 -0.207397 0.020508 0.744507 0.234863 -1.543091
-0.146118 -0.179077 0.007690 0.703491 0.175537 -1.391846
-0.181152 -0.155029 0.028320 0.656982 0.125610 -1.218384
-0.205078 -0.142578 0.043701 0.624268 0.095947 -1.033936
-0.213379 -0.121948 0.070313 0.617432 0.082764 -0.848267
-0.206177 -0.114868 0.075684 0.645386 0.074951 -0.668213
-0.181152 -0.114136 0.045288 0.711426 0.047119 -0.491089
-0.152222 -0.094360 -0.006470 0.799438 -0.002686 -0.328979
-0.121216 -0.073730 -0.075684 0.888794 -0.059082 -0.189087
-0.082031 -0.056885 -0.148315 0.964844 -0.116577 -0.071167
-0.049438 -0.032715 -0.221802 1.026001 -0.173340 0.023804
-0.040405 -0.011597 -0.297485 1.070679 -0.209229 0.105469
-0.046021 -0.008545 -0.354858 1.083984 -0.200684 0.183838
-0.043823 -0.008301 -0.387817 1.067139 -0.166870 0.270996
-0.041138 -0.002197 -0.415649 1.038208 -0.135986 0.375732
-0.022461 0.000000 -0.441040 1.001221 -0.106079 0.494995
0.010376 -0.012085 -0.438599 0.954834 -0.079712 0.618530
0.058716 -0.039307 -0.422607 0.902954 -0.071045 0.740479
0.125244 -0.068848 -0.390381 0.864746 -0.080933 0.850708
0.197266 -0.106201 -0.376709 0.861816 -0.114258 0.945313
0.273560 -0.138550 -0.394043 0.898804 -0.164185 1.036865
0.358398 -0.158936 -0.432983 0.955078 -0.196899 1.131104
0.465210 -0.171997 -0.496948 1.010742 -0.206543 1.229248
0.574341 -0.171875 -0.571045 1.042969 -0.209839 1.323853
0.655640 -0.152466 -0.614624 1.035156 -0.201782 1.406738
0.708862 -0.149048 -0.644287 0.988159 -0.164551 1.479126
0.786865 -0.163208 -0.665405 0.919312 -0.118164 1.552368
0.870117 -0.154053 -0.654175 0.854614 -0.095581 1.623169
0.963623 -0.143799 -0.671265 0.814453 -0.115356 1.669678
1.072510 -0.120728 -0.701904 0.802734 -0.180542 1.685547
1.167725 -0.086182 -0.751343 0.809326 -0.268311 1.661255
1.254639 -0.070068 -0.815674 0.807983 -0.354004 1.600708
1.320068 -0.084473 -0.872437 0.773315 -0.435181 1.528198
1.377930 -0.098755 -0.896484 0.701904 -0.474121 1.482910
1.425903 -0.093262 -0.889893 0.616211 -0.437012 1.464966
1.473389 -0.079224 -0.864258 0.538086 -0.351563 1.452148
1.509033 -0.061646 -0.834839 0.482422 -0.277466 1.416016
1.509277 -0.037476 -0.810547 0.453003 -0.252686 1.341919
1.477539 -0.044434 -0.818115 0.443237 -0.268799 1.238892
1.442871 -0.145386 -0.868286 0.430542 -0.329956 1.142578
1.457886 -0.234497 -0.877686 0.391357 -0.382324 1.115356
1.531250 -0.254883 -0.862915 0.339478 -0.304932 1.161377
1.610596 -0.246582 -0.828857 0.303833 -0.174316 1.216797
1.661011 -0.210693 -0.774170 0.286621 -0.066772 1.221680
1.678101 -0.162354 -0.728027 0.283936 0.007446 1.150757
1.649536 -0.130249 -0.699707 0.295654 0.035522 1.013550
1.559692 -0.120239 -0.703247 0.311768 0.003174 0.839966
1.447876 -0.119263 -0.734619 0.317749 -0.071289 0.662720
1.333618 -0.189087 -0.767456 0.301514 -0.147583 0.509644
1.255127 -0.291504 -0.763550 0.252075 -0.190063 0.430420
1.224609 -0.348999 -0.701050 0.186279 -0.165161 0.445801
1.230835 -0.364624 -0.615845 0.137207 -0.084473 0.508179
1.246582 -0.353638 -0.546875 0.115479 -0.017578 0.552979
1.232788 -0.330200 -0.527710 0.118286 -0.075684 0.538696
1.156006 -0.289185 -0.606934 0.133179 -0.275513 0.463501
1.087891 -0.211914 -0.670532 0.136353 -0.745361 0.371826
1.115967 -0.220215 -0.719238 0.154785 -1.683960 0.361206
1.154175 -0.317749 -0.828735 0.158936 -1.335083 0.402588
1.239990 -0.336182 -0.752197 0.162231 -0.355347 0.321533
1.246216 -0.357300 -0.688965 0.192139 0.288208 0.186157
1.193604 -0.389404 -0.690063 0.202881 0.485229 0.120483
1.175781 -0.405762 -0.709595 0.170410 0.412720 0.149414
1.182983 -0.428833 -0.705566 0.116699 0.383423 0.207275
1.190308 -0.444458 -0.671631 0.074707 0.420776 0.234497
1.194092 -0.437134 -0.615845 0.045166 0.469971 0.219482
1.180786 -0.427979 -0.543823 0.022217 0.509277 0.172729
1.172729 -0.418213 -0.475830 0.009155 0.531616 0.100098
1.143433 -0.433228 -0.429688 0.009521 0.516602 0.007935
1.116455 -0.480225 -0.420654 0.011475 0.554932 -0.099854
1.053955 -0.455444 -0.338257 0.029175 0.602539 -0.201294
1.028564 -0.491577 -0.342896 0.075684 0.520386 -0.246094
0.992554 -0.515137 -0.323120 0.098389 0.401245 -0.266846
0.971680 -0.537231 -0.342651 0.104248 0.280273 -0.259277
0.968140 -0.541138 -0.346924 0.104858 0.238037 -0.230713
0.959595 -0.524536 -0.333984 0.118286 0.170288 -0.189453
0.962646 -0.498291 -0.346680 0.128906 0.153076 -0.146118
0.981445 -0.475586 -0.347778 0.128052 0.173340 -0.118774
0.987427 -0.450562 -0.343994 0.122070 0.169922 -0.114868
0.990479 -0.426392 -0.347046 0.117920 0.130249 -0.135254
0.977295 -0.417114 -0.364746 0.118774 0.048462 -0.173950
0.955200 -0.411865 -0.382446 0.120239 -0.064087 -0.217041
0.938843 -0.406372 -0.390259 0.120361 -0.162231 -0.250244
0.923828 -0.403931 -0.389893 0.119995 -0.205566 -0.267212
0.916626 -0.414307 -0.387939 0.113281 -0.196411 -0.265747
0.916138 -0.414917 -0.386230 0.099854 -0.162842 -0.244751
0.910645 -0.424438 -0.379761 0.086304 -0.114136 -0.208008
0.916016 -0.431030 -0.375732 0.078369 -0.060303 -0.162354
