0.286621 0.524414 -0.099243 -0.007595 -0.738128 -1.666841
0.252075 0.429199 -0.111084 0.028243 -0.749995 -1.643819
0.131714 0.167725 -0.142212 0.113211 -0.781799 -1.599911
0.094360 0.226685 -0.108887 0.227135 -0.324682 -1.616762
0.031616 0.296509 -0.101929 0.358146 -0.019462 -1.592553
0.064697 0.331055 -0.165161 0.524047 -0.023971 -1.437333
0.043823 0.382813 -0.147705 0.696119 -0.111075 -1.237967
0.055664 0.436523 -0.196533 0.884567 0.004509 -0.993032
0.093506 0.442383 -0.276978 1.095563 0.084968 -0.722464
0.059448 0.406006 -0.288330 1.313441 -0.035364 -0.473731
0.020386 0.348022 -0.300781 1.543899 -0.078560 -0.250394
0.026123 0.305908 -0.332153 1.762489 0.072863 -0.076424
0.023193 0.259644 -0.326172 1.953548 0.272941 0.049367
0.035889 0.219238 -0.325684 2.127044 0.457355 0.145252
0.076538 0.167847 -0.322754 2.268024 0.725312 0.205062
0.143433 0.098389 -0.292847 2.394526 1.054740 0.243274
0.337158 0.017456 -0.231812 2.562800 1.406241 0.258464
0.258545 0.024536 -0.300293 2.783527 1.649278 0.254429
0.165039 0.010498 -0.348145 3.102512 1.773169 0.242799
0.236816 -0.014893 -0.265015 3.463744 2.103310 0.325394
0.229248 -0.030273 -0.319946 3.919675 2.357026 0.449048
0.220215 -0.012817 -0.467529 4.422361 1.987488 0.660993
0.209106 0.000000 -0.460693 4.911520 1.067319 0.906165
0.241821 -0.061646 -0.512451 5.391659 0.402766 1.113363
0.346313 -0.121826 -0.604614 5.888412 0.322308 1.342634
0.405396 -0.183960 -0.626099 6.350039 0.705850 1.628154
0.365479 -0.260010 -0.678345 6.709610 0.926576 1.946902
0.421753 -0.319580 -0.770264 6.949324 0.652686 2.244527
0.610718 -0.322144 -0.910767 7.099560 0.493193 2.516519
0.707520 -0.372803 -1.173584 7.178594 0.613287 2.788511
0.739990 -0.321533 -1.431641 7.198531 0.626578 2.967940
0.744995 -0.255981 -1.571289 7.190461 0.628952 2.915725
0.698486 -0.151978 -1.644287 7.096475 0.721040 2.649667
0.679688 -0.137939 -1.704712 6.820448 0.521199 2.254733
0.706543 -0.264160 -1.793457 6.382555 0.042009 1.797378
0.716064 -0.346558 -1.871094 5.906925 -0.480851 1.330767
0.708496 -0.351563 -1.932007 5.503921 -0.768033 0.889789
0.697021 -0.326172 -2.001221 5.179002 -0.675233 0.551104
0.667847 -0.383301 -2.072021 4.840793 -0.359808 0.375710
0.626343 -0.444824 -2.166870 4.361365 -0.161629 0.361232
0.579102 -0.532471 -2.293213 3.685895 0.032990 0.455693
0.543457 -0.580566 -2.444580 2.853780 0.388289 0.605455
0.490723 -0.520508 -2.552612 1.974434 0.697068 0.753555
0.418091 -0.433350 -2.605591 1.087968 0.873412 0.857510
0.363403 -0.425049 -2.603882 0.187261 0.912573 0.900469
0.343750 -0.412231 -2.589478 -0.749046 0.773729 0.907352
0.296875 -0.376343 -2.543091 -1.687964 0.430773 0.900469
0.284302 -0.426880 -2.430542 -2.601249 0.094936 0.899282
0.304688 -0.466187 -2.332275 -3.503380 -0.096597 0.942004
0.334595 -0.469360 -2.207031 -4.361602 -0.184651 1.037177
0.394653 -0.500854 -2.112427 -5.146961 -0.148100 1.141369
0.448608 -0.525269 -2.031006 -5.845929 -0.032278 1.218030
0.521484 -0.505127 -1.957031 -6.440703 0.101819 1.244612
0.608276 -0.409424 -1.928101 -6.926064 0.163053 1.195008
0.678345 -0.409668 -1.895874 -7.330492 0.132199 1.042636
0.714478 -0.464111 -1.806763 -7.733021 0.018987 0.793903
0.725464 -0.518433 -1.684937 -7.777166 -0.072389 0.515028
0.755371 -0.548950 -1.519043 -7.777166 -0.093037 0.276027
0.750610 -0.552490 -1.319946 -7.777166 -0.025395 0.115347
0.765991 -0.541870 -1.117310 -7.777166 0.099920 0.008070
0.791504 -0.496826 -0.950073 -7.777166 0.205299 -0.071677
0.779053 -0.432129 -0.773071 -7.777166 0.265821 -0.153559
0.792480 -0.362915 -0.656372 -7.777166 0.290505 -0.256090
0.811401 -0.248413 -0.585083 -7.589905 0.201027 -0.378083
0.755005 -0.184082 -0.459595 -6.968073 0.037974 -0.508620
0.672119 -0.197510 -0.329590 -6.380419 0.032990 -0.648414
0.604858 -0.212280 -0.197021 -5.870612 0.225473 -0.794853
0.530884 -0.216675 -0.066162 -5.444823 0.400156 -0.933459
0.454590 -0.201294 0.073486 -5.067452 0.387577 -1.042636
0.374146 -0.167725 0.173950 -4.685097 0.313289 -1.110041
0.321533 -0.147949 0.264404 -4.230590 0.246359 -1.141607
0.266113 -0.136475 0.312744 -3.671891 0.141217 -1.154186
0.211548 -0.120728 0.348145 -3.001642 0.031804 -1.164866
0.180420 -0.109375 0.367920 -2.243815 0.012342 -1.171274
0.155029 -0.087769 0.366699 -1.440655 0.028956 -1.161781
0.151367 -0.070435 0.336182 -0.638683 0.012579 -1.115499
0.152222 -0.064331 0.295898 0.122468 -0.062658 -1.025310
0.146729 -0.054810 0.253296 0.811941 -0.118433 -0.897858
0.147705 -0.038696 0.206787 1.413124 -0.130537 -0.748809
0.139526 0.007446 0.171143 1.921032 -0.083306 -0.593825
0.146606 0.025879 0.126587 2.345634 0.043433 -0.441453
0.140625 0.011841 0.071167 2.714698 0.215505 -0.274128
0.119751 0.000122 0.022217 3.065724 0.269381 -0.085917
0.140137 -0.026245 -0.019287 3.435263 0.213844 0.122705
0.162598 -0.067505 -0.076294 3.838030 0.186075 0.347229
0.155762 -0.121582 -0.121338 4.282331 0.176344 0.571278
0.179810 -0.236938 -0.236938 4.803055 0.224761 0.793429
0.178955 -0.309814 -0.302002 5.470219 0.326580 1.035753
0.209595 -0.307251 -0.363281 6.291891 0.629189 1.303473
0.361694 -0.308472 -0.479858 7.197581 1.090104 1.603234
0.499634 -0.404053 -0.585938 7.776929 1.271669 1.918422
0.553955 -0.618164 -0.774170 7.776929 1.128553 2.151490
0.601563 -0.770752 -0.906982 7.776929 0.879346 2.202281
0.666992 -0.865356 -1.174438 7.776929 0.458779 2.061775
0.669678 -0.695435 -1.439331 7.776929 -0.137183 1.766049
0.595093 -0.545776 -1.676270 7.776929 -0.609727 1.357824
0.532471 -0.369507 -1.890991 7.776929 -0.817875 0.935833
0.474121 -0.243530 -2.128174 7.776929 -0.885279 0.561784
0.402588 -0.180298 -2.256470 7.776929 -0.797226 0.260837
0.323853 -0.089478 -2.384888 7.776929 -0.515503 0.054114
0.260986 -0.052246 -2.489502 6.597585 -0.189160 -0.032041
0.203003 -0.092407 -2.524658 4.810887 0.183701 0.026819
0.169067 -0.152222 -2.478271 3.121025 0.540899 0.230932
0.166626 -0.247070 -2.400757 1.670401 0.747859 0.521199
0.198608 -0.363647 -2.318481 0.506247 0.744299 0.819299
0.233521 -0.463989 -2.270386 -0.413209 0.608303 1.055215
0.276855 -0.520874 -2.234619 -1.137809 0.376659 1.203315
0.315918 -0.495972 -2.227417 -1.718344 0.124129 1.278315
0.329590 -0.435791 -2.184570 -2.199907 -0.096597 1.293505
0.344971 -0.394653 -2.134644 -2.667230 -0.240426 1.267160
0.354736 -0.369751 -2.086304 -3.187005 -0.264160 1.227287
0.397705 -0.341064 -2.048462 -3.777508 -0.186787 1.176496
0.430420 -0.343750 -2.013672 -4.397678 -0.051978 1.103158
0.460693 -0.386841 -2.005493 -5.008117 0.106566 1.011782
0.525024 -0.315063 -2.061035 -5.556136 0.220964 0.902130
0.550293 -0.241943 -2.100220 -6.008744 0.219302 0.756878
0.549194 -0.267578 -2.066528 -6.444738 0.179429 0.593113
0.540894 -0.284058 -2.002930 -6.939592 0.215268 0.464475
0.559204 -0.189453 -1.943604 -7.483576 0.272229 0.397782
0.575195 -0.200806 -1.828369 -7.777166 0.351976 0.363368
0.624756 -0.267700 -1.750488 -7.777166 0.489158 0.320647
0.683350 -0.245850 -1.655640 -7.777166 0.602132 0.256090
0.745728 -0.259521 -1.503784 -7.777166 0.821435 0.154271
0.782227 -0.304321 -1.296997 -7.777166 1.186227 -0.002611
0.772095 -0.378784 -1.026367 -7.777166 1.559326 -0.192483
0.728394 -0.376343 -0.752441 -7.777166 1.787884 -0.371200
0.642822 -0.306519 -0.518799 -7.777166 1.874988 -0.487734
0.558472 -0.298950 -0.317993 -7.777166 1.962804 -0.529269
0.468018 -0.293945 -0.155273 -7.777166 2.149828 -0.513604
0.391235 -0.296997 -0.041626 -7.777166 2.359874 -0.482513
0.341187 -0.254761 0.070190 -7.247186 2.451013 -0.447624
0.258301 -0.154663 0.183105 -6.321084 2.412801 -0.393985
0.192505 -0.053833 0.274292 -5.301945 2.320476 -0.321833
0.151978 -0.009399 0.318970 -4.224420 2.137012 -0.213132
0.157104 -0.009033 0.325684 -3.142860 1.854340 -0.061708
0.162109 0.014160 0.321777 -2.117313 1.557427 0.114873
0.166382 0.062622 0.313354 -1.204739 1.335751 0.264160
0.193115 0.119751 0.277832 -0.445725 1.153948 0.360045
0.220459 0.189575 0.229614 0.134335 0.990658 0.397070
0.255981 0.268555 0.146851 0.528794 0.858934 0.392798
0.296387 0.347656 0.069214 0.750233 0.804821 0.374998
0.323486 0.418701 0.034424 0.819061 0.773017 0.377371
0.324219 0.469116 0.007202 0.752369 0.736230 0.420330
0.317505 0.513672 -0.002197 0.608303 0.665977 0.487260
0.322510 0.550293 -0.008545 0.457355 0.545883 0.543984
0.339600 0.583252 -0.002686 0.361232 0.416770 0.588129
0.349487 0.597778 -0.004395 0.349602 0.319460 0.624680
0.386597 0.609985 0.001709 0.415820 0.254903 0.668350
0.427856 0.642334 -0.011230 0.535677 0.234018 0.730533
0.473511 0.701416 -0.028198 0.684964 0.293115 0.813128
