0.456177 0.436890 0.010742 -0.263685 0.217878 -0.109177
0.431274 0.412964 0.037231 -0.293590 0.219540 -0.020649
0.360474 0.335205 -0.016968 -0.324919 0.314476 0.081645
0.311523 0.311401 0.196655 -0.373099 0.954108 0.224999
0.196533 0.254517 0.108276 -0.405852 0.809568 0.406564
0.083862 0.218506 0.241943 -0.439317 0.864393 0.628002
0.106323 0.177246 0.325439 -0.302134 0.520962 0.873650
0.100952 0.124146 0.333496 -0.076898 0.126977 1.037652
0.111694 0.084595 0.300659 0.136233 -0.197942 1.195958
0.106445 0.039917 0.325317 0.298099 -0.323732 1.362333
0.136108 0.003662 0.331543 0.445250 -0.359571 1.573566
0.147461 -0.039673 0.325195 0.638445 -0.407751 1.787410
0.176880 -0.074341 0.279175 0.867479 -0.535202 2.042313
0.228149 -0.097290 0.227539 1.088443 -0.739790 2.313593
0.266113 -0.118774 0.145752 1.274280 -0.924678 2.573718
0.378418 -0.166260 0.073975 1.404580 -1.011307 2.851169
0.452026 -0.177368 0.046387 1.488361 -1.027921 3.130756
0.592285 -0.189087 0.023926 1.560512 -1.127129 3.385185
0.773438 -0.187012 -0.045166 1.634800 -0.985674 3.585500
0.932129 -0.176514 -0.080444 1.657822 -0.623018 3.697050
1.098999 -0.155396 -0.104492 1.685353 -0.772543 3.734787
1.288086 -0.146240 -0.172485 1.770558 -1.164629 3.678537
1.491821 -0.133789 -0.277954 1.846270 -1.473646 3.581939
1.701782 -0.122925 -0.366577 1.848643 -1.609167 3.468966
1.924316 -0.066650 -0.427734 1.800226 -1.619135 3.311609
2.075806 -0.007935 -0.484131 1.732347 -1.609642 3.024190
2.161987 0.021240 -0.517090 1.631240 -1.472459 2.637088
2.204956 0.024414 -0.535889 1.503313 -1.205926 2.253071
2.257446 0.032227 -0.550415 1.389865 -1.060199 1.903944
2.242065 0.027710 -0.613159 1.298726 -1.046196 1.569057
2.248901 0.034058 -0.646484 1.241527 -1.503551 1.236306
2.207642 0.018066 -0.739502 1.205689 -1.478630 0.882194
2.179688 0.000732 -0.713989 1.098886 -1.212334 0.571753
2.147583 -0.090820 -0.781006 1.006560 -0.890738 0.327530
2.122070 -0.075195 -0.799194 0.979503 -0.565582 0.070727
2.111938 -0.067017 -0.855103 0.940817 -0.342245 -0.161866
2.129639 -0.049194 -0.940918 0.837099 -0.100158 -0.421516
2.099854 -0.031860 -0.979614 0.632749 0.204587 -0.743587
2.024170 -0.030762 -0.996216 0.364792 0.411785 -1.101259
1.924927 -0.043945 -1.004517 0.064082 0.559411 -1.446589
1.816162 -0.043213 -0.980835 -0.246597 0.702290 -1.751097
1.708862 -0.056519 -0.942017 -0.552528 0.825944 -2.006712
1.612183 -0.072998 -0.880615 -0.832827 0.941054 -2.225065
1.512939 -0.098145 -0.825684 -1.067557 1.032905 -2.412801
1.423950 -0.102539 -0.756714 -1.257903 0.995642 -2.582737
1.328735 -0.107300 -0.718872 -1.412175 0.900469 -2.725141
1.249756 -0.097290 -0.678955 -1.565022 0.886941 -2.850694
1.170898 -0.086670 -0.629150 -1.726176 0.905453 -2.977909
1.084717 -0.098755 -0.583740 -1.890653 0.918270 -3.108683
0.999878 -0.128174 -0.531494 -2.044687 0.997304 -3.203856
0.914429 -0.122192 -0.478027 -2.172376 1.079898 -3.248239
0.833618 -0.119141 -0.433716 -2.281315 1.093664 -3.289062
0.736450 -0.119019 -0.380859 -2.387406 1.128553 -3.319916
0.647339 -0.112915 -0.334595 -2.490174 1.193822 -3.312558
0.546387 -0.111450 -0.273193 -2.588433 1.334327 -3.272923
0.439941 -0.109131 -0.201416 -2.667705 1.491446 -3.214299
0.336548 -0.097168 -0.134521 -2.707103 1.549832 -3.126484
0.234253 -0.076904 -0.067749 -2.713749 1.516367 -3.023478
0.148926 -0.057861 0.004761 -2.685743 1.368504 -2.898400
0.081543 -0.052002 0.066650 -2.619287 1.144930 -2.723243
0.050293 -0.031616 0.113281 -2.520791 0.915659 -2.506788
0.028809 -0.008301 0.168823 -2.422532 0.749283 -2.273008
-0.002686 0.016968 0.220215 -2.331156 0.707274 -2.021427
-0.043091 0.048462 0.253052 -2.248799 0.755217 -1.753707
-0.090332 0.083984 0.255249 -2.195635 0.839710 -1.490260
-0.121582 0.112671 0.273926 -2.168103 0.900944 -1.236543
-0.139160 0.139160 0.300049 -2.138199 0.876735 -1.001813
-0.154175 0.168335 0.325562 -2.102123 0.748571 -0.801023
-0.167725 0.184326 0.352417 -2.061300 0.536152 -0.619458
-0.156372 0.186279 0.382935 -1.999592 0.268669 -0.438368
-0.144043 0.171753 0.409058 -1.917947 -0.028243 -0.249207
-0.123535 0.165527 0.440674 -1.830368 -0.287182 -0.036313
-0.099121 0.164673 0.479370 -1.743264 -0.497228 0.194382
-0.078003 0.166016 0.501343 -1.651888 -0.683540 0.430298
-0.041748 0.143555 0.535034 -1.574278 -0.843033 0.690186
0.016357 0.120972 0.562988 -1.498329 -0.974519 0.978317
0.071533 0.075439 0.601196 -1.410276 -1.031481 1.296115
0.151611 0.057251 0.639771 -1.277603 -1.243188 1.666129
0.267334 0.050415 0.635864 -1.102208 -1.354976 2.026649
0.372314 0.048828 0.639526 -0.951972 -1.212809 2.353466
0.487915 0.062622 0.648438 -0.830216 -0.957668 2.663907
0.611084 0.039063 0.658569 -0.744062 -0.615661 2.950377
0.734741 0.030273 0.683716 -0.659806 -0.295251 3.181309
0.874878 0.039795 0.707642 -0.546120 -0.087579 3.341989
1.030762 0.070801 0.736938 -0.381168 -0.041297 3.399188
1.203369 0.104858 0.707642 -0.182515 -0.016851 3.328935
1.337280 0.144531 0.684082 -0.003560 0.013766 3.138825
1.455811 0.184570 0.640503 0.133623 -0.128876 2.845710
1.510620 0.188965 0.574097 0.239714 -0.305932 2.465016
1.497803 0.206543 0.494141 0.282910 -0.389238 2.069133
1.446899 0.204224 0.437378 0.226185 -0.335836 1.724989
1.397339 0.176392 0.408569 0.128401 -0.192720 1.501177
1.385498 0.164429 0.378784 0.056724 -0.087579 1.381320
1.401489 0.152832 0.349487 0.010206 -0.064557 1.295878
1.489136 0.190552 0.314331 -0.032990 -0.071914 1.207587
1.513916 0.147583 0.307861 -0.105379 0.021835 1.079424
1.530640 0.145142 0.307617 -0.190110 0.196043 0.981165
1.538330 0.172119 0.341797 -0.270093 0.355536 0.884567
1.509277 0.198120 0.374512 -0.343194 0.489396 0.741214
1.475464 0.193726 0.392090 -0.388763 0.576262 0.577449
1.424927 0.168579 0.396118 -0.422228 0.690660 0.428874
1.379150 0.148804 0.408325 -0.450947 0.841134 0.316375
1.322632 0.136230 0.414063 -0.463526 0.948174 0.234255
1.279907 0.126221 0.423828 -0.448573 0.931561 0.171360
1.252075 0.113403 0.425781 -0.416770 0.813365 0.119620
1.229004 0.098755 0.417847 -0.389713 0.684252 0.078797
1.214233 0.101685 0.417480 -0.379507 0.616373 0.049841
1.204346 0.103760 0.424316 -0.372624 0.596199 0.022785
1.193970 0.098755 0.425293 -0.360995 0.590503 -0.014003
1.172119 0.109741 0.425171 -0.353400 0.600471 -0.058148
1.154053 0.112915 0.437866 -0.353637 0.608540 -0.105379
1.126221 0.102539 0.442871 -0.353874 0.599996 -0.153559
1.097168 0.098389 0.443848 -0.354112 0.580060 -0.199603
1.070190 0.093018 0.445068 -0.360757 0.559411 -0.247546
1.033691 0.082153 0.451416 -0.372387 0.538050 -0.293590
1.001831 0.073120 0.463989 -0.382355 0.509570 -0.326106
0.964722 0.072021 0.478882 -0.382830 0.474206 -0.336311
0.946289 0.090332 0.492310 -0.367877 0.423652 -0.323969
0.925171 0.101685 0.507202 -0.343906 0.350077 -0.298574
0.921265 0.104004 0.520264 -0.317087 0.272941 -0.271755
0.915039 0.102417 0.534058 -0.280774 0.192246 -0.250869
0.912598 0.104492 0.534180 -0.233780 0.100632 -0.236628
0.908691 0.104614 0.531860 -0.183464 0.015902 -0.226897
0.899780 0.102173 0.516602 -0.141455 -0.039636 -0.213132
0.907959 0.099121 0.507568 -0.114398 -0.060996 -0.183227
0.910645 0.098633 0.509644 -0.094224 -0.061708 -0.150236
0.927002 0.095947 0.500244 -0.071914 -0.055300 -0.120094
0.935425 0.095459 0.486450 -0.048892 -0.050079 -0.097310
0.949219 0.094238 0.474854 -0.040111 -0.033228 -0.080933
0.949829 0.087891 0.466919 -0.050079 0.017089 -0.073338
0.938843 0.087036 0.470215 -0.063845 0.078797 -0.074050
0.919189 0.092773 0.467407 -0.072389 0.126502 -0.079034
0.896851 0.090332 0.466797 -0.079746 0.137183 -0.085443
0.884888 0.088379 0.467896 -0.090901 0.129350 -0.082594
0.875977 0.080811 0.476074 -0.100632 0.120094 -0.074288
0.868774 0.083740 0.477783 -0.103480 0.108465 -0.071677
0.857666 0.082397 0.489014 -0.099208 0.090427 -0.072626
0.852661 0.076416 0.487427 -0.083781 0.060047 -0.070015
0.846802 0.069214 0.483154 -0.061471 0.024921 -0.064082
0.849609 0.065674 0.474487 -0.044620 -0.000712 -0.049841
0.853149 0.070679 0.467285 -0.035126 -0.005696 -0.037500
0.851685 0.062256 0.464844 -0.034652 0.002136 -0.028956
0.857666 0.063477 0.461182 -0.042009 0.012104 -0.016376
0.857544 0.058472 0.465942 -0.050079 0.035126 -0.001424
0.868652 0.060913 0.466919 -0.051266 0.050316 0.012816
0.873291 0.067383 0.462769 -0.043671 0.055300 0.021835
0.877319 0.067749 0.455688 -0.044145 0.047231 0.025633
0.882202 0.067505 0.450806 -0.062183 0.045332 0.029668
0.887085 0.069458 0.457764 -0.094936 0.055063 0.034889
0.895142 0.064209 0.466187 -0.128638 0.082357 0.040111
