-0.081665 0.322998 0.022949 -0.253418 -0.045410 0.587158
-0.070557 0.318359 -0.005859 -0.239990 0.082031 0.712646
-0.096558 0.229004 0.057495 -0.230225 0.169312 0.829834
-0.116943 0.189209 0.021362 -0.190674 0.114502 0.900024
-0.130859 0.154541 0.016724 -0.143555 0.074463 0.944336
-0.102661 0.099854 0.022705 -0.084473 -0.031738 0.998779
0.003296 -0.027710 0.043701 -0.033203 -0.200317 1.070923
0.043213 0.004761 0.152710 0.009521 -0.426025 1.144897
0.067505 0.009277 0.105225 0.087769 -0.499268 1.266113
0.171753 -0.073608 0.107178 0.163696 -0.412964 1.463501
0.269775 -0.150391 0.092651 0.228760 -0.292114 1.657349
0.297485 -0.184814 0.100464 0.292358 -0.136475 1.792969
0.317871 -0.191528 0.065918 0.387451 -0.083740 1.911133
0.349976 -0.193604 -0.016724 0.508789 -0.107300 2.014526
0.388916 -0.203369 -0.126831 0.641724 -0.154053 2.086304
0.430298 -0.256226 -0.226318 0.768555 -0.209595 2.144775
0.505737 -0.358032 -0.314453 0.875000 -0.261353 2.258423
0.655518 -0.447144 -0.378296 0.935059 -0.307129 2.478271
0.862427 -0.511963 -0.436157 0.949585 -0.300781 2.763550
1.138672 -0.506226 -0.480347 0.942627 -0.214478 3.028198
1.334717 -0.437012 -0.485107 0.957886 -0.077881 3.174561
1.463257 -0.382568 -0.455566 1.049194 -0.016113 3.172485
1.565308 -0.388672 -0.513550 1.215942 -0.112671 3.045044
1.664185 -0.469849 -0.610229 1.403320 -0.315063 2.844604
1.784790 -0.547485 -0.733154 1.563843 -0.602539 2.660889
1.949097 -0.590210 -0.938721 1.649536 -0.635376 2.532104
2.048584 -0.568970 -1.052734 1.626831 -0.409668 2.451294
2.115723 -0.559692 -1.078125 1.501587 -0.119019 2.421631
2.205444 -0.509277 -1.075073 1.331055 0.090576 2.383667
2.244629 -0.460083 -1.109863 1.174316 0.108521 2.261475
2.267944 -0.479004 -1.095703 1.037109 -0.059814 2.066650
2.322876 -0.598389 -1.122070 0.913574 -0.195435 1.835083
2.430298 -0.685181 -1.126831 0.791382 -0.317505 1.637695
2.570679 -0.658325 -1.173340 0.674438 -0.438477 1.486084
2.685547 -0.589600 -1.231445 0.555908 -0.532593 1.306519
2.710815 -0.507446 -1.285278 0.405518 -0.603760 1.069092
2.740479 -0.527466 -1.279907 0.223145 -0.698486 0.821899
2.786377 -0.547119 -1.264282 0.068726 -0.797852 0.555542
2.755493 -0.566162 -1.257813 -0.014526 -0.797363 0.219238
2.653320 -0.545410 -1.267822 -0.042847 -0.723267 -0.160522
2.484497 -0.529663 -1.298096 -0.055908 -0.614746 -0.539063
2.280151 -0.567017 -1.334595 -0.083008 -0.463379 -0.867554
2.119263 -0.638062 -1.392090 -0.147705 -0.330322 -1.091187
2.003174 -0.695435 -1.427368 -0.265625 -0.247070 -1.220825
1.923340 -0.698608 -1.429688 -0.425537 -0.182007 -1.282715
1.866699 -0.660034 -1.385010 -0.602783 -0.087158 -1.315674
1.810913 -0.631226 -1.330811 -0.773682 0.046265 -1.360107
1.739868 -0.621094 -1.263062 -0.933838 0.175415 -1.424561
1.681152 -0.635864 -1.178223 -1.074707 0.247681 -1.497681
1.586914 -0.656372 -1.099854 -1.182129 0.309692 -1.592773
1.492310 -0.672852 -1.020142 -1.257446 0.384399 -1.690186
1.381470 -0.651733 -0.950684 -1.304932 0.459839 -1.776978
1.264038 -0.620117 -0.883545 -1.340332 0.514282 -1.853760
1.157715 -0.583862 -0.806274 -1.375244 0.542114 -1.918823
1.050293 -0.559448 -0.737183 -1.408813 0.552246 -1.983398
0.937622 -0.546265 -0.672974 -1.439819 0.530396 -2.049561
0.836304 -0.525146 -0.577026 -1.470459 0.470459 -2.096191
0.740356 -0.484497 -0.487183 -1.494141 0.390259 -2.123535
0.634521 -0.472412 -0.407715 -1.515259 0.310181 -2.134155
0.533691 -0.439087 -0.321167 -1.542969 0.234985 -2.105835
0.457397 -0.389404 -0.234497 -1.564331 0.152588 -2.043701
0.375610 -0.341064 -0.148560 -1.565308 0.061157 -1.970825
0.298218 -0.287476 -0.085571 -1.547119 -0.017578 -1.901001
0.226440 -0.239380 -0.036743 -1.515137 -0.063354 -1.841797
0.150024 -0.202148 -0.000122 -1.477173 -0.089355 -1.786621
0.085205 -0.171143 0.026001 -1.437988 -0.130859 -1.710693
0.022095 -0.130859 0.067139 -1.405884 -0.182007 -1.606079
-0.035767 -0.085571 0.098755 -1.365723 -0.220337 -1.482544
-0.078369 -0.041138 0.136230 -1.308472 -0.250244 -1.350342
-0.116943 -0.013306 0.149292 -1.230835 -0.267578 -1.216431
-0.150635 0.000977 0.149414 -1.138550 -0.282959 -1.076904
-0.170166 0.035522 0.150269 -1.040527 -0.304199 -0.926025
-0.186523 0.078735 0.139648 -0.939453 -0.322632 -0.772461
-0.197754 0.123535 0.120117 -0.842041 -0.357666 -0.615601
-0.201050 0.162476 0.115845 -0.764282 -0.405518 -0.453491
-0.198853 0.186157 0.111450 -0.706909 -0.455933 -0.287842
-0.187866 0.205322 0.117310 -0.660767 -0.495850 -0.130859
-0.178345 0.221802 0.124878 -0.617676 -0.524048 0.014160
-0.178711 0.229004 0.123047 -0.575073 -0.541382 0.157837
-0.157104 0.223511 0.113159 -0.536011 -0.544434 0.307007
-0.124878 0.207397 0.086182 -0.497925 -0.533203 0.464478
-0.082886 0.189087 0.069946 -0.460815 -0.510498 0.625732
-0.035522 0.152710 0.050781 -0.420776 -0.484741 0.786499
0.026733 0.121948 0.031982 -0.379272 -0.461182 0.951904
0.084229 0.085815 0.006470 -0.342651 -0.443970 1.121338
0.178955 0.053833 -0.003174 -0.316040 -0.428833 1.299805
0.288208 0.040405 0.002075 -0.288940 -0.413818 1.473633
0.385620 0.047729 -0.001221 -0.249023 -0.395752 1.620483
0.483154 0.080688 0.007813 -0.204346 -0.363281 1.731689
0.562988 0.128052 0.011719 -0.166992 -0.316895 1.795532
0.605469 0.113892 -0.007935 -0.141846 -0.281860 1.802368
0.649536 0.051514 -0.019531 -0.125854 -0.275513 1.787598
0.689453 -0.042725 -0.033203 -0.101685 -0.293823 1.790283
0.775635 -0.144165 -0.057129 -0.058594 -0.330566 1.839600
0.903198 -0.197632 -0.056763 -0.004883 -0.368042 1.927368
1.043823 -0.191284 -0.046387 0.055664 -0.382935 2.021729
1.164307 -0.159180 -0.039917 0.110596 -0.343750 2.080933
1.265381 -0.134521 -0.035156 0.144287 -0.266357 2.085571
1.345947 -0.122437 -0.044800 0.158813 -0.177612 2.040894
1.404541 -0.180664 -0.083618 0.182373 -0.116699 1.963379
1.495605 -0.200806 -0.108154 0.235352 -0.102051 1.889404
1.557739 -0.143311 -0.167603 0.333496 -0.097412 1.802979
1.537109 -0.150879 -0.245483 0.445068 -0.018188 1.701782
1.521973 -0.202881 -0.310181 0.514282 0.089844 1.629395
1.489136 -0.263306 -0.408936 0.517334 0.218872 1.578735
1.517090 -0.300659 -0.453369 0.462646 0.308716 1.571777
1.603516 -0.279053 -0.455566 0.393066 0.225586 1.572998
1.668457 -0.218262 -0.443237 0.324463 0.028687 1.486206
1.688110 -0.213135 -0.422119 0.266968 -0.136108 1.296753
1.694702 -0.281982 -0.384155 0.229614 -0.231201 1.075562
1.731445 -0.324829 -0.348877 0.229248 -0.326172 0.892456
1.757324 -0.341309 -0.333252 0.259644 -0.441284 0.750732
1.780762 -0.341309 -0.314941 0.295044 -0.536743 0.639404
1.776733 -0.322632 -0.308838 0.318848 -0.576172 0.550781
1.754517 -0.319336 -0.336426 0.338623 -0.553101 0.477783
1.733398 -0.300659 -0.362183 0.352539 -0.500488 0.416504
1.684082 -0.266602 -0.383301 0.358398 -0.449219 0.355225
1.619263 -0.219116 -0.426636 0.357300 -0.402588 0.296997
1.537231 -0.165894 -0.465088 0.338135 -0.382690 0.234741
1.472778 -0.198242 -0.504517 0.293823 -0.420898 0.171509
1.392944 -0.228027 -0.514893 0.234009 -0.419189 0.097656
1.324341 -0.233154 -0.510986 0.187012 -0.356689 0.027100
1.260986 -0.267456 -0.512573 0.164185 -0.312500 -0.018799
1.224121 -0.290527 -0.502686 0.149414 -0.287354 -0.025635
1.209106 -0.294434 -0.481079 0.138916 -0.262695 -0.011353
1.207153 -0.303223 -0.454346 0.133911 -0.230835 0.004761
1.206665 -0.291260 -0.415039 0.131470 -0.152466 0.008789
1.195557 -0.274658 -0.375000 0.135742 -0.080566 -0.004395
1.163940 -0.272949 -0.355591 0.149902 -0.048218 -0.031738
1.119385 -0.285278 -0.366211 0.171509 -0.050781 -0.070557
1.070435 -0.285889 -0.382324 0.191284 -0.064331 -0.113037
1.026489 -0.284668 -0.399902 0.207642 -0.085327 -0.149902
0.993042 -0.288574 -0.423706 0.217651 -0.122437 -0.178589
0.974121 -0.295654 -0.436279 0.216919 -0.157837 -0.203857
0.979126 -0.302246 -0.457642 0.210449 -0.164795 -0.227173
0.927124 -0.318481 -0.439453 0.207275 -0.135620 -0.236572
0.969116 -0.298584 -0.434937 0.208740 0.006836 -0.206543
0.976807 -0.302002 -0.424438 0.208862 -0.078613 -0.200684
0.948242 -0.311768 -0.442383 0.190552 -0.180420 -0.210083
0.955811 -0.307251 -0.427124 0.157349 -0.180176 -0.200195
0.979248 -0.302734 -0.394531 0.141113 -0.146118 -0.172729
0.991089 -0.333984 -0.386475 0.137451 -0.118042 -0.134766
0.995361 -0.339844 -0.366089 0.130371 -0.047974 -0.103027
1.002930 -0.332520 -0.339722 0.122070 0.037720 -0.083740
0.998901 -0.323120 -0.332153 0.120117 0.063721 -0.073364
0.989014 -0.329590 -0.336670 0.118774 0.045532 -0.067627
0.977783 -0.329712 -0.338745 0.116577 0.031372 -0.062744
0.972168 -0.327759 -0.339844 0.117554 0.033569 -0.056030
0.962646 -0.330811 -0.343750 0.118286 0.046143 -0.047363
0.957520 -0.330200 -0.337646 0.111328 0.064453 -0.031494
