1.559692 -0.040405 -0.529053 -0.207642 -0.226074 -0.439453
1.619019 0.000610 -0.510986 -0.208252 -0.159302 -0.490601
1.702637 0.048340 -0.493774 -0.162231 -0.136963 -0.526855
1.746704 0.079712 -0.508789 -0.084961 -0.182129 -0.552734
1.636841 0.082275 -0.572876 -0.037842 -0.055420 -0.583862
1.647339 0.198364 -0.527954 -0.011353 0.211426 -0.516479
1.821533 0.198975 -0.571533 0.058716 0.242432 -0.367920
2.007690 0.165405 -0.669678 0.089844 0.192627 -0.308472
2.123535 0.176025 -0.769653 0.053589 0.240845 -0.352051
2.204346 0.189453 -0.827515 0.000244 0.416870 -0.452637
2.236450 0.173340 -0.849243 -0.017944 0.567505 -0.595581
2.215454 0.148438 -0.857056 0.003906 0.605469 -0.765991
2.144531 0.115601 -0.886230 0.054199 0.521118 -0.970459
2.057007 0.079102 -0.955444 0.125366 0.332275 -1.185547
1.954468 0.056885 -1.039673 0.196533 0.131592 -1.389282
1.831665 0.029175 -1.147583 0.240967 -0.031494 -1.590332
1.655518 0.005493 -1.242554 0.224854 -0.190308 -1.789551
1.431885 -0.015381 -1.302612 0.133057 -0.350342 -1.962036
1.227173 -0.051270 -1.323120 -0.033936 -0.453125 -2.068970
1.049561 -0.110962 -1.303345 -0.246338 -0.476318 -2.099731
0.895874 -0.182861 -1.265503 -0.460205 -0.468872 -2.076172
0.756592 -0.244263 -1.218628 -0.659546 -0.407104 -2.012939
0.621948 -0.280029 -1.151978 -0.849121 -0.274170 -1.927124
0.485596 -0.316040 -1.072388 -1.036865 -0.084839 -1.834717
0.332520 -0.353882 -0.983765 -1.217041 0.109131 -1.739502
0.059814 -0.376831 -0.952759 -1.373779 0.243286 -1.643799
-0.015869 -0.361572 -0.801758 -1.511230 0.333862 -1.514893
-0.015747 -0.395264 -0.635132 -1.600586 0.363770 -1.384521
-0.024902 -0.426636 -0.541748 -1.639282 0.282104 -1.290405
-0.063477 -0.414063 -0.486816 -1.667480 0.162964 -1.207886
-0.116455 -0.395020 -0.420654 -1.690430 0.101807 -1.124634
-0.188354 -0.377686 -0.337524 -1.714355 0.086792 -1.041748
-0.216187 -0.371460 -0.268921 -1.743652 0.025391 -0.939331
-0.224365 -0.361084 -0.186157 -1.775391 -0.088501 -0.818481
-0.216431 -0.336914 -0.114502 -1.793091 -0.201782 -0.688843
-0.203979 -0.327148 -0.041260 -1.796631 -0.273804 -0.557129
-0.179199 -0.296387 0.038086 -1.789185 -0.322021 -0.427734
-0.156372 -0.264038 0.112793 -1.770630 -0.343384 -0.308838
-0.137329 -0.225830 0.173340 -1.745483 -0.345825 -0.202759
-0.118042 -0.193481 0.235107 -1.719604 -0.331299 -0.105713
-0.125488 -0.148804 0.311768 -1.692505 -0.319214 -0.012817
-0.130615 -0.109985 0.369995 -1.661011 -0.370850 0.085083
-0.123169 -0.082642 0.419312 -1.632202 -0.460449 0.183350
-0.088867 -0.074463 0.463257 -1.620728 -0.565552 0.285767
-0.042725 -0.075806 0.512085 -1.619263 -0.653809 0.380859
-0.005859 -0.084961 0.580688 -1.624390 -0.742920 0.461182
0.047241 -0.118896 0.659424 -1.635376 -0.837646 0.539307
0.134888 -0.182251 0.776855 -1.634155 -0.940796 0.643188
0.274292 -0.200928 0.896240 -1.603638 -1.013794 0.797363
0.406006 -0.245728 1.072510 -1.541016 -1.001709 1.003174
0.556885 -0.266113 1.250610 -1.417480 -0.972412 1.222534
0.719727 -0.270630 1.415771 -1.207886 -0.872803 1.394531
0.867920 -0.243286 1.532959 -0.903442 -0.766113 1.499390
0.993042 -0.199829 1.529907 -0.528564 -0.718994 1.542236
1.068481 -0.164429 1.502075 -0.119995 -0.840698 1.539673
1.133545 -0.168457 1.389771 0.283936 -0.926392 1.510742
1.217651 -0.168701 1.258179 0.654175 -0.981812 1.495972
1.303955 -0.126831 1.118408 0.986816 -0.984131 1.473267
1.364014 -0.071899 0.963379 1.270264 -0.930542 1.404663
1.399414 -0.029541 0.806885 1.494019 -0.867554 1.297729
1.396484 0.013306 0.657471 1.662842 -0.793335 1.165771
1.363770 0.036011 0.507202 1.791504 -0.687256 1.013062
1.317505 0.012817 0.366089 1.884888 -0.600342 0.858643
1.319092 -0.045410 0.215088 1.938599 -0.585083 0.737671
1.372803 -0.089844 0.072632 1.946533 -0.628540 0.676514
1.462158 -0.122803 -0.049072 1.915649 -0.638428 0.664063
1.593506 -0.165771 -0.151123 1.862549 -0.548340 0.682007
1.731445 -0.145996 -0.202881 1.816162 -0.353394 0.685669
1.793457 -0.096558 -0.233643 1.811035 -0.083862 0.617432
1.771606 -0.068970 -0.280518 1.854980 0.160034 0.487549
1.696899 -0.052734 -0.361938 1.928955 0.312256 0.341064
1.577759 -0.072021 -0.492920 2.018677 0.421753 0.194702
1.499878 -0.159912 -0.679321 2.102417 0.501709 0.099243
1.518555 -0.289917 -0.661743 2.164673 0.428955 0.111206
1.947510 -0.355225 -0.978149 2.169312 1.152954 0.188843
2.349731 -0.232178 -0.938232 2.143433 1.648315 0.234131
2.451172 0.050415 -0.881226 2.111938 1.368042 0.208740
2.321289 0.214600 -0.927490 1.999512 0.939331 0.010986
2.118408 0.325806 -0.982300 1.845947 0.766846 -0.368286
1.861938 0.338135 -1.025391 1.696899 0.651001 -0.755615
1.554932 0.285278 -1.083862 1.561523 0.427734 -1.060669
1.270752 0.203003 -1.107300 1.411377 0.181152 -1.255493
1.008789 0.120239 -1.123169 1.226929 -0.002808 -1.338257
0.811035 0.062012 -1.134644 1.029663 -0.098022 -1.312500
0.674438 0.045044 -1.133789 0.844849 -0.141968 -1.188599
0.598511 0.049316 -1.091309 0.679810 -0.165527 -0.966919
0.603638 0.076538 -1.037598 0.526245 -0.177246 -0.686646
0.638916 0.110596 -0.965332 0.376953 -0.163208 -0.434326
0.691772 0.166016 -0.921875 0.238403 -0.126587 -0.255615
0.731934 0.205078 -0.887329 0.109619 -0.061157 -0.160522
0.739746 0.228394 -0.852783 -0.005127 0.011108 -0.126343
0.707520 0.215576 -0.845581 -0.108154 0.083862 -0.124268
0.652710 0.198486 -0.765259 -0.202515 0.041138 -0.131348
0.578979 0.183105 -0.739868 -0.282959 0.028198 -0.134155
0.511597 0.170532 -0.695068 -0.350830 0.103271 -0.126465
0.459106 0.150024 -0.652222 -0.402588 0.205688 -0.094849
0.416626 0.112061 -0.621704 -0.450439 0.257935 -0.047241
0.358765 0.103271 -0.586792 -0.502808 0.268555 0.002686
0.303223 0.113647 -0.558472 -0.558960 0.247070 0.067017
0.261597 0.085205 -0.552002 -0.617188 0.189575 0.159180
0.232056 0.058350 -0.546509 -0.689087 0.124756 0.275391
0.250244 0.007690 -0.531006 -0.774292 0.061768 0.409180
0.286133 -0.020264 -0.518188 -0.855713 -0.024292 0.542725
0.324463 -0.019043 -0.493286 -0.927002 -0.109741 0.661743
0.376709 -0.015259 -0.465820 -0.989014 -0.173340 0.753296
0.416138 -0.028076 -0.443604 -1.044556 -0.228760 0.814941
0.446899 -0.055664 -0.425659 -1.103638 -0.277954 0.862915
0.472168 -0.103882 -0.413574 -1.171997 -0.314453 0.911133
0.500854 -0.159546 -0.397583 -1.248901 -0.340454 0.975586
0.556641 -0.208374 -0.370972 -1.331177 -0.351563 1.066895
0.645874 -0.234375 -0.319458 -1.414063 -0.356201 1.170044
0.751465 -0.246216 -0.252441 -1.495850 -0.359985 1.261963
0.844360 -0.225952 -0.211426 -1.573486 -0.328369 1.314453
0.921997 -0.198975 -0.197144 -1.645996 -0.269531 1.309448
1.003296 -0.184692 -0.194702 -1.721558 -0.219238 1.257813
1.077637 -0.173462 -0.177490 -1.800293 -0.208984 1.185669
1.208618 -0.207397 -0.154419 -1.863281 -0.310303 1.114014
1.494385 -0.262939 -0.069824 -1.894653 -0.583374 1.048950
1.770264 -0.280640 0.102051 -1.847412 -0.882202 0.920898
1.924927 -0.238159 0.297119 -1.669067 -1.120605 0.701294
1.942139 -0.254517 0.413208 -1.385986 -1.268921 0.446167
1.830444 -0.307007 0.434204 -1.068237 -1.235962 0.217896
1.644287 -0.349731 0.357910 -0.770386 -1.081787 0.085815
1.458862 -0.365112 0.233887 -0.536133 -0.915649 0.099854
1.385620 -0.405029 0.094116 -0.389893 -0.753174 0.254639
1.422119 -0.435791 -0.008423 -0.346069 -0.576416 0.506470
1.516968 -0.436279 -0.082520 -0.387329 -0.334473 0.766113
1.668213 -0.411133 -0.118530 -0.483398 -0.087158 0.976074
1.822754 -0.377686 -0.093384 -0.593506 0.109131 1.089600
1.925171 -0.340576 -0.031128 -0.673096 0.221436 1.074097
1.958374 -0.326416 0.045898 -0.705566 0.218384 0.948120
1.926514 -0.329956 0.106201 -0.685059 0.204956 0.749512
1.806152 -0.327393 0.131836 -0.603027 0.231689 0.516968
1.645630 -0.312134 0.111938 -0.477295 0.248169 0.303101
1.493042 -0.307373 0.077393 -0.342651 0.192383 0.130615
1.373535 -0.317749 0.012939 -0.225464 0.088257 0.005127
1.289185 -0.323242 -0.049316 -0.147339 0.017944 -0.075195
1.223389 -0.313721 -0.119019 -0.120239 -0.009399 -0.105957
1.161499 -0.292236 -0.148560 -0.141235 0.007813 -0.103394
1.108521 -0.286621 -0.153931 -0.189819 0.060913 -0.081177
1.082764 -0.286621 -0.135010 -0.237549 0.122192 -0.041870
1.090576 -0.279907 -0.112549 -0.256592 0.172729 -0.002930
1.089722 -0.271240 -0.095215 -0.238037 0.191650 0.013672
1.081909 -0.269775 -0.102173 -0.192749 0.171265 0.011108
1.087402 -0.265015 -0.125854 -0.137939 0.133301 0.001465
1.086182 -0.248413 -0.145874 -0.084229 0.099976 -0.011597
1.077759 -0.236694 -0.165405 -0.040161 0.078369 -0.030884
1.056030 -0.232178 -0.190796 -0.007568 0.063965 -0.051636
1.040405 -0.236328 -0.209473 0.010986 0.054321 -0.062256
1.031860 -0.234619 -0.216064 0.019897 0.043579 -0.061279
