1.058594 -0.000977 -0.039185 -0.202926 0.236154 -0.281248
1.032471 -0.007813 -0.049438 -0.257040 0.343906 -0.306169
1.021851 0.003906 -0.034302 -0.323257 0.473969 -0.280299
1.002686 -0.011597 -0.017090 -0.366216 0.540424 -0.240188
0.976807 -0.035889 0.088989 -0.307830 0.526658 -0.188211
0.962036 -0.065430 0.033081 -0.342719 0.524285 -0.125790
0.945068 -0.048950 0.000366 -0.377608 0.735992 -0.078560
0.888184 -0.003052 0.064819 -0.438842 0.921592 0.038449
0.949341 -0.021729 0.165405 -0.384254 0.677132 0.206961
1.025879 -0.027466 0.145142 -0.231169 0.343194 0.276501
1.045288 -0.019531 0.119385 -0.111075 0.149762 0.267008
1.052002 -0.015015 0.087524 -0.057674 0.088053 0.225236
1.056152 -0.024048 0.082031 -0.026819 0.020886 0.177531
1.053589 -0.018311 0.081665 -0.004509 -0.010918 0.116771
1.026489 0.003174 0.073486 0.008782 -0.014003 0.072863
1.030762 0.001099 0.081421 0.009256 -0.029905 0.067405
1.043213 -0.000610 0.113403 0.017089 -0.067642 0.059810
1.023193 0.012573 0.145996 0.052690 -0.119382 0.051266
1.024902 0.021729 0.165771 0.120806 -0.260837 0.058386
1.052612 0.034302 0.197266 0.209571 -0.498415 0.086392
1.127075 0.007202 0.244751 0.312815 -0.752843 0.126265
1.224976 -0.017578 0.312378 0.447149 -0.948174 0.173970
1.299805 -0.048462 0.366455 0.642005 -1.042636 0.233305
1.404663 -0.069824 0.395386 0.918982 -1.111702 0.302609
1.570679 -0.097290 0.397583 1.252207 -1.203315 0.375472
1.777588 -0.126709 0.322388 1.615575 -1.313204 0.366216
1.960571 -0.128296 0.177612 1.953073 -1.420007 0.222151
2.117676 -0.074951 -0.043335 2.179021 -1.535592 -0.063133
2.213013 -0.025513 -0.251465 2.200856 -1.588044 -0.483225
2.233887 0.000610 -0.416626 2.022614 -1.545085 -1.000389
2.185181 0.018066 -0.528687 1.671588 -1.388203 -1.551493
2.088257 0.004761 -0.583130 1.224201 -1.154660 -2.026886
1.989624 -0.020874 -0.594971 0.768745 -0.913048 -2.392390
1.867920 -0.075806 -0.562500 0.360283 -0.668825 -2.685031
1.748657 -0.110962 -0.526001 0.053402 -0.457355 -2.917387
1.634399 -0.119141 -0.506104 -0.171360 -0.291217 -3.086136
1.523804 -0.125488 -0.504028 -0.372862 -0.175157 -3.239695
1.399048 -0.134521 -0.515503 -0.558224 -0.169698 -3.414377
1.252563 -0.132813 -0.550903 -0.733856 -0.293353 -3.584550
1.091309 -0.155640 -0.598755 -0.933934 -0.456405 -3.713663
0.892090 -0.183594 -0.651733 -1.165103 -0.625629 -3.777508
0.741211 -0.227417 -0.714722 -1.410751 -0.743112 -3.722682
0.611572 -0.254395 -0.739014 -1.612015 -0.696831 -3.567936
0.529907 -0.216064 -0.753784 -1.767948 -0.596911 -3.343175
0.457031 -0.187622 -0.744873 -1.935985 -0.555139 -3.090883
0.310913 -0.138794 -0.766357 -2.129892 -0.522623 -2.839065
0.362793 -0.078247 -0.660400 -2.379099 -0.337023 -2.546661
0.366943 -0.055786 -0.537598 -2.603386 -0.359333 -2.390491
0.320679 -0.064209 -0.504517 -2.710663 -0.499364 -2.393102
0.190063 -0.034180 -0.489380 -2.784476 -0.636072 -2.433687
0.088745 -0.004272 -0.494141 -2.862324 -0.844219 -2.381710
0.009277 0.009888 -0.441162 -2.964617 -1.030294 -2.254970
-0.042969 0.023438 -0.360229 -3.065962 -1.235119 -2.074591
-0.096558 0.025513 -0.286865 -3.158050 -1.377048 -1.831792
-0.134521 0.018677 -0.224731 -3.229727 -1.398172 -1.548171
-0.136353 0.028198 -0.118530 -3.286451 -1.317001 -1.241290
-0.120239 0.035400 0.008545 -3.319916 -1.171986 -0.930611
-0.125610 0.046387 0.096924 -3.319204 -0.923966 -0.635123
-0.169067 0.080688 0.179688 -3.290486 -0.558462 -0.361707
-0.224731 0.112915 0.229980 -3.215249 -0.278637 -0.113686
-0.235474 0.154297 0.269043 -3.118177 -0.159255 0.126028
-0.236206 0.170410 0.324219 -3.069047 -0.121518 0.366691
-0.199341 0.162476 0.421875 -3.054095 -0.167325 0.615898
-0.145630 0.159668 0.520630 -2.989776 -0.308780 0.864631
-0.058838 0.167236 0.627319 -2.866596 -0.463526 1.104819
0.033447 0.179077 0.736450 -2.699746 -0.568667 1.318900
0.120850 0.179321 0.829712 -2.494684 -0.565345 1.508535
0.194946 0.165771 0.927734 -2.240730 -0.509570 1.689626
0.270874 0.164307 1.003784 -1.892314 -0.554664 1.866919
0.370972 0.168457 1.040039 -1.473408 -0.656958 2.041838
0.453857 0.149292 1.049927 -1.050468 -0.750707 2.195635
0.546143 0.150513 1.046021 -0.666689 -0.814315 2.329732
0.640747 0.156128 1.062744 -0.339634 -0.862732 2.423719
0.753296 0.168213 1.071533 -0.066930 -0.870327 2.454098
0.818726 0.129272 1.124878 0.149050 -0.783460 2.431788
0.859009 0.119385 1.135864 0.389001 -0.834488 2.342549
0.848511 0.179565 1.138184 0.670961 -0.910437 2.213673
0.950928 0.007935 1.182617 0.974994 -0.969772 2.199907
1.024170 0.072632 1.167480 1.390102 -0.973095 2.186141
1.145752 -0.002441 1.154053 1.868817 -0.778001 2.238594
1.235474 0.001221 1.070068 2.376488 -0.584569 2.266600
1.333862 -0.043701 0.988770 2.863511 -0.272704 2.310508
1.517822 -0.057251 0.884277 3.384235 -0.120806 2.306236
1.733887 -0.041016 0.686890 3.916589 0.128164 2.183531
1.886230 0.016357 0.463623 4.375368 -0.017089 1.929814
2.014771 0.054077 0.185425 4.695777 -0.389238 1.559563
2.065552 0.090576 -0.056396 4.829638 -0.629426 1.075389
2.072876 0.154419 -0.358887 4.847675 -1.046196 0.533066
2.008789 0.198242 -0.626221 4.691505 -1.228948 0.010918
1.891724 0.228638 -0.843506 4.315321 -1.065183 -0.417719
1.784302 0.229736 -0.902100 3.777745 -0.723888 -0.735518
1.657593 0.256714 -0.892456 3.259394 -0.438130 -0.982589
1.513794 0.260498 -0.895386 2.841913 -0.205537 -1.177208
1.361694 0.230713 -0.900513 2.498481 -0.077610 -1.308932
1.197266 0.150635 -0.913086 2.204179 -0.011155 -1.375624
1.041382 0.217529 -0.927246 1.923406 0.019937 -1.352602
0.939087 0.223511 -0.962524 1.667553 0.086155 -1.259802
0.867065 0.220947 -0.947388 1.419532 0.172784 -1.128553
0.804321 0.204590 -0.926025 1.168901 0.294539 -1.020089
0.768555 0.200684 -0.916382 0.927763 0.346517 -0.922779
0.726196 0.190430 -0.908813 0.673809 0.360283 -0.820011
0.700562 0.173462 -0.903687 0.402529 0.403478 -0.711784
0.664063 0.154785 -0.901367 0.121044 0.430773 -0.597148
0.654541 0.157837 -0.885132 -0.171597 0.410836 -0.478715
0.619385 0.145752 -0.851196 -0.471120 0.373336 -0.368827
0.594116 0.125488 -0.790527 -0.737891 0.359808 -0.262498
0.586426 0.103271 -0.731934 -0.941054 0.320172 -0.156170
0.569946 0.093994 -0.689209 -1.080848 0.253479 -0.048417
0.564941 0.097290 -0.663208 -1.199043 0.209809 0.069303
0.546143 0.090820 -0.634521 -1.342871 0.227135 0.194382
0.545654 0.094238 -0.594116 -1.499516 0.201027 0.310441
0.538940 0.100708 -0.560425 -1.665417 0.237340 0.428874
0.542969 0.107544 -0.507080 -1.852441 0.304508 0.561072
0.546021 0.124023 -0.469116 -2.029497 0.304745 0.691610
0.559326 0.126343 -0.425903 -2.212249 0.277688 0.821909
0.566895 0.116577 -0.383179 -2.380286 0.198416 0.951023
0.591919 0.136108 -0.334473 -2.519604 0.093987 1.098173
0.659668 0.135864 -0.267944 -2.663670 0.044857 1.256954
0.709229 0.140625 -0.215210 -2.793258 -0.034652 1.373013
0.774292 0.134399 -0.159302 -2.929729 -0.073575 1.476969
0.867920 0.099365 -0.061401 -3.080202 -0.118907 1.593977
0.966675 0.081665 0.046753 -3.214062 -0.117721 1.669689
1.055908 0.035156 0.174316 -3.303540 -0.020411 1.706714
1.134644 0.008179 0.293701 -3.322764 0.093512 1.723802
1.230103 -0.016602 0.412354 -3.270074 0.177531 1.706714
1.291626 -0.007568 0.526978 -3.147607 0.240426 1.632901
1.407593 -0.119263 0.643066 -2.963193 0.259413 1.562174
1.442993 -0.091431 0.730591 -2.696660 0.237340 1.346906
1.419556 -0.048218 0.799072 -2.379336 0.324444 1.110041
1.331421 0.103149 0.792725 -2.004576 0.385678 0.938681
1.373169 -0.081421 0.811401 -1.621746 0.347941 0.871039
1.367920 -0.092041 0.792725 -1.214470 0.307830 0.698730
1.301636 -0.020142 0.711304 -0.818587 0.318748 0.513842
1.262085 0.035645 0.601318 -0.484649 0.202689 0.418194
1.255859 0.009521 0.542358 -0.292403 0.069303 0.357434
1.245117 0.039795 0.481323 -0.168274 -0.048655 0.273891
1.210449 0.061279 0.428101 -0.085443 -0.003797 0.194856
1.188232 0.075439 0.406006 -0.030854 0.000949 0.135284
1.172485 0.087402 0.379883 0.019699 -0.038449 0.075712
1.143188 0.100952 0.355713 0.080221 -0.058860 0.012816
1.116943 0.109497 0.329346 0.150236 -0.097784 -0.051503
1.092163 0.114258 0.284058 0.220014 -0.132911 -0.108939
1.078735 0.107666 0.263062 0.281486 -0.165426 -0.149050
1.064697 0.104492 0.246826 0.310678 -0.189872 -0.168274
1.051270 0.107788 0.226318 0.326106 -0.167800 -0.166138
1.036499 0.104370 0.214966 0.331802 -0.132911 -0.157119
1.031250 0.102783 0.194580 0.335836 -0.122468 -0.142642
1.027222 0.100342 0.177734 0.341770 -0.101819 -0.126028
1.014648 0.098877 0.164795 0.339634 -0.066930 -0.114635
1.011963 0.098877 0.150879 0.334412 -0.049841 -0.107752
