0.069458 0.057129 -0.040527 -0.252075 -0.103882 0.471191
-0.004639 0.007690 0.037720 -0.251221 -0.020508 0.568359
-0.012329 -0.019165 0.104004 -0.205322 -0.025269 0.658447
-0.056641 -0.013428 0.096313 -0.123413 -0.079468 0.737671
-0.119751 0.020508 0.041382 -0.039063 -0.093140 0.823975
-0.063232 -0.049561 -0.059692 0.010376 -0.049683 0.941895
-0.033936 -0.067871 0.054565 -0.006470 0.011230 1.046631
-0.014038 -0.109985 0.148438 0.020874 0.057129 1.146240
0.053101 -0.181396 0.180908 0.119507 -0.003906 1.277222
0.122559 -0.269409 0.194092 0.244019 -0.092407 1.432617
0.197876 -0.359619 0.194702 0.383301 -0.161255 1.619873
0.300781 -0.419312 0.157715 0.546509 -0.184448 1.828491
0.442627 -0.445923 0.068726 0.756348 -0.178467 2.006104
0.607666 -0.514893 -0.075073 1.009766 -0.127808 2.111450
0.777466 -0.552734 -0.238281 1.269165 -0.086792 2.212524
0.943481 -0.537109 -0.414429 1.486938 -0.069580 2.315063
1.139893 -0.522217 -0.599976 1.630981 -0.093750 2.404419
1.407959 -0.505737 -0.772949 1.681030 -0.137085 2.476929
1.757324 -0.443481 -0.954346 1.609253 -0.084351 2.518311
1.987671 -0.339722 -1.050659 1.381470 0.087891 2.492432
2.002686 -0.275757 -0.954834 1.026001 0.354492 2.379883
2.019531 -0.235107 -0.771240 0.655273 0.661621 2.241577
1.931519 -0.300415 -0.584229 0.407471 0.768799 2.083984
1.831421 -0.420288 -0.499512 0.365112 0.584229 1.935547
1.842163 -0.600220 -0.462280 0.486572 0.186157 1.834961
2.027344 -0.734009 -0.507935 0.679810 -0.209961 1.832031
2.277344 -0.767944 -0.562622 0.871216 -0.540771 1.879028
2.554199 -0.746338 -0.603638 1.011353 -0.620483 1.878784
2.806641 -0.659302 -0.762329 1.096802 -0.465454 1.776978
2.919189 -0.532837 -0.900879 1.117432 -0.478882 1.534668
2.882080 -0.469849 -1.041260 1.102051 -0.691528 1.165649
2.733032 -0.442139 -1.149902 1.036011 -0.899048 0.756958
2.499634 -0.464478 -1.228149 0.950195 -0.968628 0.412476
2.322510 -0.506226 -1.252808 0.874512 -0.953979 0.175171
2.176270 -0.559326 -1.289795 0.809326 -0.974854 0.031616
2.054321 -0.593506 -1.331177 0.737427 -1.049561 -0.066895
1.932617 -0.696289 -1.348877 0.663208 -1.075317 -0.176392
1.801758 -0.836548 -1.382202 0.626343 -0.888062 -0.321899
1.683105 -0.840332 -1.433350 0.636353 -0.596558 -0.477661
1.673340 -0.774048 -1.500732 0.630737 -0.444824 -0.590698
1.757813 -0.718872 -1.543213 0.543091 -0.370117 -0.660889
1.833984 -0.652100 -1.548340 0.349243 -0.332886 -0.717651
1.840454 -0.613281 -1.503174 0.057129 -0.325317 -0.798096
1.787598 -0.636597 -1.400146 -0.276978 -0.298828 -0.900269
1.705322 -0.657227 -1.271484 -0.589355 -0.194824 -0.994385
1.593262 -0.691406 -1.142578 -0.838745 -0.016968 -1.075195
1.464844 -0.730225 -1.015869 -1.007202 0.156250 -1.134644
1.343994 -0.734009 -0.902100 -1.100464 0.285034 -1.164917
1.241577 -0.716919 -0.841797 -1.141846 0.327759 -1.180786
1.171875 -0.682861 -0.798950 -1.161865 0.249146 -1.209351
1.115479 -0.631470 -0.768677 -1.174072 0.096069 -1.258911
1.075684 -0.587280 -0.758789 -1.185425 -0.024292 -1.324707
1.041748 -0.555054 -0.738525 -1.210449 -0.115967 -1.396973
1.039673 -0.546509 -0.770264 -1.276978 -0.136963 -1.468628
0.953979 -0.474976 -0.704468 -1.378418 -0.156250 -1.536377
0.895874 -0.437256 -0.632568 -1.505127 -0.338867 -1.544556
0.879028 -0.462280 -0.552368 -1.660645 -0.533936 -1.512695
0.843872 -0.459351 -0.466064 -1.798584 -0.549927 -1.494629
0.781006 -0.440186 -0.361328 -1.889648 -0.500977 -1.481812
0.703369 -0.413696 -0.290771 -1.955322 -0.370605 -1.459229
0.612305 -0.388428 -0.246216 -2.009766 -0.213623 -1.427612
0.531738 -0.361450 -0.188721 -2.065674 -0.073975 -1.381226
0.459229 -0.337769 -0.128052 -2.107422 0.068481 -1.333374
0.384521 -0.296875 -0.073120 -2.101196 0.210815 -1.302368
0.295532 -0.276367 -0.040405 -2.053467 0.315063 -1.287842
0.212769 -0.261475 -0.017334 -1.991943 0.366333 -1.268799
0.148071 -0.239258 0.003174 -1.924194 0.369019 -1.225586
0.102295 -0.195679 0.022705 -1.852173 0.342529 -1.159424
0.058838 -0.145142 0.039917 -1.779541 0.318237 -1.089233
0.020020 -0.092773 0.050903 -1.719360 0.289795 -1.012939
-0.012695 -0.038208 0.081055 -1.681274 0.260986 -0.921753
-0.046753 0.010254 0.103027 -1.655151 0.248657 -0.818848
-0.082520 0.033081 0.125854 -1.626343 0.228882 -0.714111
-0.106445 0.048462 0.162231 -1.588989 0.201660 -0.611328
-0.121826 0.069458 0.204224 -1.535156 0.164673 -0.502930
-0.143799 0.087280 0.232178 -1.454346 0.124390 -0.395630
-0.164307 0.108032 0.232910 -1.352783 0.091431 -0.289795
-0.191040 0.123779 0.216187 -1.250244 0.071411 -0.175049
-0.204956 0.126831 0.200439 -1.161621 0.055176 -0.048462
-0.205566 0.127930 0.183105 -1.092529 0.039795 0.094604
-0.188110 0.145996 0.177368 -1.045166 0.011353 0.246094
-0.158813 0.145996 0.184448 -1.017456 -0.002563 0.396484
-0.118164 0.124390 0.199829 -1.003662 -0.013794 0.543701
-0.061035 0.111450 0.227539 -0.994873 -0.040039 0.692139
-0.007446 0.104736 0.260742 -0.979858 -0.074707 0.832031
0.036255 0.094971 0.285400 -0.950439 -0.108276 0.956787
0.071411 0.084106 0.299683 -0.903564 -0.139893 1.066162
0.092529 0.040649 0.298584 -0.842773 -0.175903 1.169800
0.138306 -0.019897 0.299805 -0.779785 -0.240479 1.295532
0.210571 -0.060913 0.303589 -0.718262 -0.326050 1.450806
0.304321 -0.107178 0.298584 -0.647339 -0.406372 1.613403
0.412109 -0.155151 0.293579 -0.574829 -0.500366 1.779053
0.545776 -0.164795 0.298462 -0.502197 -0.621094 1.950684
0.724365 -0.196899 0.282593 -0.412964 -0.726196 2.086670
0.891602 -0.190063 0.257202 -0.313843 -0.758057 2.144409
1.019165 -0.131470 0.245361 -0.214966 -0.690308 2.123169
1.097046 -0.091064 0.182617 -0.125854 -0.592163 2.032959
1.129272 -0.121460 0.100708 -0.058838 -0.529175 1.907471
1.134155 -0.218750 0.016846 -0.002686 -0.557617 1.806519
1.196411 -0.285645 -0.037476 0.051025 -0.663452 1.770020
1.346069 -0.278687 -0.085449 0.123901 -0.723999 1.750244
1.498779 -0.241455 -0.137207 0.207520 -0.703369 1.670776
1.569458 -0.226440 -0.181519 0.257080 -0.706055 1.536255
1.577026 -0.305908 -0.260132 0.240112 -0.703491 1.385132
1.578247 -0.406006 -0.279907 0.144653 -0.618042 1.287842
1.603516 -0.452515 -0.208252 0.027954 -0.364258 1.253296
1.660889 -0.447388 -0.126587 -0.034668 -0.086426 1.258667
1.709473 -0.418823 -0.036011 -0.018677 -0.028442 1.263550
1.781494 -0.372437 -0.024536 0.061279 -0.229370 1.228638
1.809570 -0.325195 -0.072266 0.173462 -0.407715 1.096191
1.775635 -0.279175 -0.173828 0.270874 -0.496948 0.923706
1.710449 -0.273682 -0.274658 0.300781 -0.472046 0.778564
1.643066 -0.311035 -0.353149 0.251587 -0.340820 0.695435
1.596313 -0.355469 -0.408325 0.144165 -0.161865 0.679443
1.579712 -0.395996 -0.455811 0.014526 0.057373 0.683838
1.588867 -0.432251 -0.459717 -0.108154 0.226929 0.668335
1.621460 -0.440430 -0.426270 -0.203857 0.213989 0.671753
1.669189 -0.399292 -0.332642 -0.263916 0.069092 0.674072
1.692261 -0.372803 -0.257690 -0.265259 -0.149170 0.608887
1.664185 -0.383911 -0.248779 -0.223389 -0.368896 0.487915
1.604492 -0.399292 -0.250000 -0.174072 -0.517334 0.360229
1.535645 -0.403320 -0.255493 -0.130371 -0.547119 0.246704
1.454102 -0.395996 -0.281006 -0.096558 -0.478394 0.163940
1.369141 -0.390259 -0.307251 -0.074463 -0.359131 0.112915
1.289307 -0.386841 -0.333862 -0.060669 -0.284546 0.102173
1.229126 -0.407104 -0.371704 -0.060303 -0.246460 0.113159
1.188477 -0.423950 -0.395752 -0.064819 -0.215454 0.124390
1.188110 -0.444458 -0.416992 -0.066406 -0.234985 0.136719
1.175537 -0.445923 -0.399780 -0.062744 -0.290405 0.145264
1.298218 -0.461914 -0.444336 -0.055908 -0.335327 0.129517
1.256958 -0.523193 -0.358887 -0.045898 -0.498779 0.090332
1.264282 -0.527710 -0.327637 -0.053223 -0.020020 0.102905
1.298340 -0.450684 -0.227661 -0.042603 0.050049 0.126221
1.241821 -0.430786 -0.256226 -0.013550 -0.286499 0.061401
1.137573 -0.406250 -0.250610 -0.010742 -0.414673 -0.063843
1.084595 -0.399414 -0.250610 -0.002319 -0.351929 -0.165161
1.065796 -0.427246 -0.252930 0.035278 -0.303589 -0.241089
1.043701 -0.469727 -0.271118 0.099487 -0.278076 -0.302734
1.005737 -0.480225 -0.287109 0.167847 -0.143921 -0.328491
0.993896 -0.453369 -0.293213 0.234741 0.039917 -0.278931
1.002686 -0.441162 -0.287231 0.284058 0.169800 -0.194702
1.001343 -0.427856 -0.283691 0.296143 0.204468 -0.100952
0.993164 -0.416504 -0.280273 0.265625 0.230713 -0.033813
0.990967 -0.408325 -0.253662 0.216919 0.259277 -0.009888
0.980957 -0.411865 -0.232056 0.181519 0.273071 -0.007813
0.975220 -0.414185 -0.213867 0.170410 0.269531 -0.010742
0.967041 -0.413452 -0.191650 0.176392 0.259888 -0.020020
0.959229 -0.407837 -0.178467 0.189941 0.235229 -0.036743
0.957153 -0.400146 -0.172241 0.205444 0.186890 -0.059814
0.964600 -0.391479 -0.173828 0.221558 0.112915 -0.084229
