0.516357 0.205811 -0.059204 -0.317383 -0.216187 0.121826
0.419678 0.216675 -0.031738 -0.311890 -0.172607 0.165649
0.335571 0.250122 -0.000244 -0.302002 -0.139160 0.239624
0.254883 0.237427 0.002808 -0.282837 -0.149536 0.332764
0.172363 0.168579 -0.018555 -0.276611 -0.151123 0.435425
0.185303 0.118652 -0.024414 -0.283325 -0.130737 0.536987
0.236694 0.149536 0.040771 -0.280884 -0.113770 0.604370
0.277100 0.167480 0.052368 -0.242065 -0.076172 0.631714
0.285645 0.155762 0.072021 -0.205933 -0.077026 0.628540
0.261230 0.115234 0.092529 -0.178833 -0.096924 0.602783
0.210327 0.054199 0.123169 -0.144043 -0.105713 0.586670
0.134399 0.007080 0.110718 -0.093628 -0.058838 0.604248
0.087036 -0.062622 0.114624 -0.017944 0.055298 0.657227
0.095581 -0.146362 0.130859 0.062500 0.182129 0.770630
0.142212 -0.240356 0.157471 0.125122 0.238525 0.938110
0.210449 -0.269531 0.167114 0.191650 0.306519 1.153320
0.281494 -0.291504 0.118408 0.270630 0.337158 1.355713
0.351318 -0.322144 0.037354 0.365234 0.243042 1.515747
0.327881 -0.390381 -0.013916 0.456665 0.058105 1.670044
0.588745 -0.424438 -0.163208 0.532471 -0.201660 1.848511
0.838379 -0.472900 -0.292969 0.556885 -0.320923 1.954590
1.050293 -0.525146 -0.414429 0.553833 -0.414429 1.990112
1.173096 -0.563599 -0.458130 0.528198 -0.462402 1.983765
1.236816 -0.536133 -0.494141 0.502075 -0.487671 1.960083
1.296631 -0.538940 -0.490723 0.480591 -0.485596 1.934204
1.386230 -0.585938 -0.488159 0.478394 -0.492065 1.918091
1.491089 -0.624634 -0.531616 0.496704 -0.469971 1.931396
1.607666 -0.654663 -0.602173 0.517944 -0.381348 1.960571
1.701172 -0.720215 -0.643311 0.512817 -0.187378 2.000366
1.793701 -0.731812 -0.688477 0.467407 0.151245 2.095459
1.962036 -0.837402 -0.649292 0.352783 0.537842 2.305298
2.296143 -0.958740 -0.602051 0.188721 0.682983 2.508423
2.688599 -0.921387 -0.524170 0.041138 0.532471 2.495361
2.945190 -0.744263 -0.450806 -0.025513 0.213379 2.153198
2.966064 -0.525146 -0.497559 0.048462 -0.202515 1.541138
2.898926 -0.457886 -0.550293 0.178955 -0.569946 0.888550
2.779053 -0.535889 -0.623413 0.266968 -0.856201 0.344482
2.655762 -0.584473 -0.701050 0.268066 -1.039307 -0.022217
2.557495 -0.570679 -0.774414 0.216309 -1.104980 -0.235962
2.473999 -0.561890 -0.835327 0.164063 -1.042114 -0.376099
2.393311 -0.562134 -0.882202 0.111206 -0.884155 -0.487061
2.315308 -0.579224 -0.911621 0.059814 -0.666626 -0.576416
2.220459 -0.608521 -0.957153 0.019897 -0.413574 -0.641235
2.109863 -0.643433 -1.001953 -0.000610 -0.136475 -0.669434
2.008423 -0.666748 -1.031372 -0.013062 0.088989 -0.673950
1.935791 -0.682129 -1.064087 -0.041870 0.212402 -0.695190
1.851440 -0.694336 -1.115967 -0.091431 0.218750 -0.753174
1.737793 -0.689209 -1.168579 -0.154541 0.134521 -0.852783
1.671509 -0.677734 -1.188110 -0.229736 0.036743 -0.960815
1.651855 -0.662476 -1.156372 -0.320923 -0.015869 -1.066162
1.646606 -0.665771 -1.100342 -0.429077 -0.023804 -1.178711
1.627808 -0.696289 -1.021606 -0.554810 -0.032349 -1.297852
1.589844 -0.730347 -0.939087 -0.690674 -0.032104 -1.394897
1.539551 -0.736328 -0.830322 -0.812378 0.016846 -1.453979
1.468140 -0.728027 -0.737061 -0.898438 0.139771 -1.478760
1.382080 -0.736084 -0.635376 -0.951660 0.323730 -1.485107
1.285767 -0.719116 -0.547974 -0.980225 0.526733 -1.478271
1.182251 -0.692505 -0.471069 -0.989380 0.653564 -1.467896
1.081299 -0.644531 -0.405640 -0.982300 0.710449 -1.458008
0.974731 -0.583374 -0.357788 -0.953125 0.693970 -1.455566
0.881836 -0.516479 -0.317993 -0.911743 0.613403 -1.465332
0.800781 -0.447998 -0.277344 -0.885254 0.520386 -1.492676
0.739990 -0.404053 -0.216797 -0.889893 0.441772 -1.525391
0.673096 -0.329590 -0.140625 -0.918457 0.344482 -1.552734
0.587646 -0.266357 -0.082642 -0.938599 0.209595 -1.576904
0.478394 -0.232788 -0.053711 -0.940308 0.078247 -1.594360
0.359497 -0.207764 -0.045654 -0.941284 0.007568 -1.583984
0.269897 -0.165405 -0.038452 -0.940674 -0.001831 -1.542725
0.206787 -0.130249 -0.027466 -0.945435 0.009521 -1.477051
0.168701 -0.093018 -0.008179 -0.955566 0.007568 -1.394775
0.145508 -0.040894 0.007690 -0.950806 -0.008667 -1.310303
0.130005 0.006958 0.027588 -0.926025 -0.038940 -1.236572
0.102783 0.054565 0.030273 -0.900269 -0.068726 -1.168213
0.061401 0.102295 0.025024 -0.876953 -0.075806 -1.097900
0.010864 0.141724 0.010132 -0.864624 -0.076904 -1.020752
-0.032104 0.167480 -0.000488 -0.878418 -0.078125 -0.930786
-0.056763 0.177979 -0.004761 -0.906494 -0.062744 -0.836182
-0.083984 0.197876 -0.007446 -0.928589 -0.030396 -0.749512
-0.114868 0.204590 -0.024658 -0.946533 -0.021606 -0.675903
-0.148682 0.205444 -0.036865 -0.970947 -0.057373 -0.597900
-0.184326 0.207764 -0.035034 -1.015015 -0.082764 -0.508301
-0.242188 0.199707 -0.030029 -1.069214 -0.074585 -0.404907
-0.301025 0.173950 -0.004150 -1.118774 -0.064209 -0.283691
-0.337280 0.155029 0.024536 -1.159058 -0.069580 -0.145020
-0.339111 0.140137 0.066528 -1.186768 -0.080200 0.010498
-0.326538 0.113403 0.108643 -1.197144 -0.099365 0.175415
-0.300537 0.072876 0.143799 -1.193726 -0.126953 0.339966
-0.261963 0.033691 0.179199 -1.180298 -0.155273 0.511475
-0.198242 -0.007324 0.224243 -1.155762 -0.187988 0.692871
-0.117310 -0.060669 0.275146 -1.115601 -0.224731 0.876099
-0.034546 -0.093750 0.311401 -1.064697 -0.232422 1.056274
0.031982 -0.130005 0.349121 -1.006714 -0.199463 1.242432
0.127075 -0.174194 0.362427 -0.945801 -0.123657 1.445801
0.256714 -0.203857 0.354736 -0.899170 0.016479 1.656006
0.375854 -0.213135 0.342041 -0.875366 0.207031 1.857544
0.466064 -0.197388 0.321533 -0.854370 0.390137 2.023438
0.527588 -0.174316 0.276245 -0.823608 0.528442 2.122314
0.562622 -0.181763 0.213135 -0.779541 0.556274 2.138916
0.640137 -0.244507 0.133667 -0.738525 0.427612 2.104492
0.804077 -0.387939 0.033691 -0.715210 0.127563 2.051270
1.040649 -0.504272 0.018188 -0.730835 -0.222900 2.003174
1.272217 -0.554077 0.093262 -0.747803 -0.519287 1.935425
1.451904 -0.576294 0.204712 -0.726318 -0.730469 1.841309
1.569946 -0.543457 0.292847 -0.653442 -0.817871 1.741943
1.603638 -0.520142 0.280518 -0.522095 -0.786499 1.625610
1.570313 -0.515503 0.198120 -0.381836 -0.704346 1.502197
1.518677 -0.467529 0.098022 -0.274780 -0.646606 1.394897
1.479736 -0.460083 -0.035034 -0.186646 -0.732788 1.320435
1.524658 -0.510254 -0.178101 -0.116211 -1.039063 1.302734
1.735596 -0.648560 -0.343872 -0.107178 -1.502563 1.348511
1.905518 -0.764526 -0.461548 -0.182739 -1.541260 1.338379
2.066406 -0.812866 -0.436646 -0.314087 -1.035889 1.281372
2.205811 -0.779053 -0.268311 -0.418823 -0.265869 1.162354
2.257202 -0.703125 -0.050659 -0.435059 0.417847 0.945190
2.172852 -0.576294 0.083862 -0.354980 0.739502 0.681274
2.035156 -0.472778 0.163574 -0.224731 0.750488 0.439575
1.879028 -0.346924 0.133179 -0.069336 0.449463 0.263550
1.736450 -0.303589 0.020142 0.078125 0.086792 0.112061
1.588135 -0.276978 -0.076294 0.194580 -0.148071 -0.028931
1.446289 -0.281128 -0.174316 0.260010 -0.264893 -0.143799
1.323364 -0.303101 -0.248779 0.255493 -0.282349 -0.220459
1.241211 -0.336304 -0.289063 0.187866 -0.226318 -0.234619
1.196899 -0.370117 -0.278076 0.080078 -0.122559 -0.188843
1.195313 -0.388428 -0.229370 -0.033203 -0.005615 -0.106079
1.218628 -0.381714 -0.161987 -0.116943 0.064209 -0.007202
1.256592 -0.361816 -0.101685 -0.156494 0.067993 0.083130
1.285278 -0.355835 -0.066650 -0.153076 0.005859 0.124878
1.302734 -0.359009 -0.072754 -0.125977 -0.122314 0.131226
1.299316 -0.356201 -0.089355 -0.097900 -0.209595 0.105103
1.286011 -0.351685 -0.123291 -0.071533 -0.229858 0.057739
1.252808 -0.357666 -0.145020 -0.059692 -0.205200 0.004395
1.214233 -0.379395 -0.150146 -0.067505 -0.173584 -0.043945
1.171997 -0.392578 -0.149048 -0.087036 -0.156372 -0.083618
1.132080 -0.395996 -0.137085 -0.097412 -0.146729 -0.113281
1.099365 -0.399292 -0.124268 -0.088867 -0.127441 -0.136719
1.064209 -0.404663 -0.128296 -0.066528 -0.085815 -0.154541
1.041626 -0.411011 -0.128784 -0.042236 -0.025146 -0.160645
1.020874 -0.428223 -0.127197 -0.031860 0.038940 -0.152832
1.008911 -0.440918 -0.115601 -0.034790 0.086304 -0.132080
0.997437 -0.449463 -0.099731 -0.044312 0.114136 -0.102539
0.994873 -0.443848 -0.090576 -0.050415 0.129150 -0.067627
1.002319 -0.437134 -0.091919 -0.047852 0.136353 -0.035889
1.011230 -0.425903 -0.089722 -0.041016 0.138550 -0.012695
1.015137 -0.409790 -0.092407 -0.030151 0.132202 -0.002319
1.005249 -0.399048 -0.102539 -0.015869 0.111572 -0.006104
0.987671 -0.396118 -0.108398 -0.000732 0.077759 -0.020630
0.972290 -0.396729 -0.113403 0.010864 0.038574 -0.038086
0.950684 -0.399048 -0.120605 0.018677 0.008179 -0.051147
0.937744 -0.401733 -0.114990 0.023438 -0.006714 -0.052124
0.928467 -0.403442 -0.107178 0.026611 -0.006104 -0.044800
