0.270386 0.190063 -0.148071 -0.312988 -0.277222 0.238892
0.258057 0.102173 -0.152588 -0.280029 -0.215088 0.350098
0.134033 0.191284 -0.110352 -0.247681 -0.091187 0.439087
0.047363 0.125122 -0.158447 -0.196777 0.042480 0.611938
0.063599 0.049805 -0.124268 -0.157837 0.141479 0.794067
0.138916 0.036987 -0.104370 -0.115601 0.153564 0.936523
0.185181 0.029785 -0.131592 -0.061523 0.114258 1.024780
0.198730 0.022095 -0.151489 -0.020996 0.087524 1.067261
0.189331 0.012695 -0.150879 -0.014648 0.083740 1.076782
0.168091 -0.010742 -0.119873 -0.027710 0.087524 1.079590
0.150024 -0.060913 -0.072388 -0.038818 0.093018 1.098022
0.155151 -0.128540 -0.022339 -0.034912 0.091553 1.141968
0.180054 -0.201294 0.017334 -0.014526 0.083618 1.213989
0.221436 -0.284790 0.040649 0.015991 0.075439 1.315796
0.270752 -0.366943 0.038940 0.053955 0.086548 1.438721
0.318115 -0.442993 0.027100 0.096436 0.122314 1.574951
0.375977 -0.498291 0.005249 0.143188 0.159302 1.729248
0.463867 -0.541870 -0.042480 0.199707 0.168579 1.900269
0.610840 -0.579102 -0.121948 0.263306 0.129761 2.068237
0.792969 -0.612183 -0.211182 0.328735 0.055786 2.203247
0.998047 -0.661377 -0.294922 0.383301 -0.015137 2.306763
1.232910 -0.684204 -0.376831 0.411133 -0.048828 2.395508
1.446167 -0.663818 -0.469727 0.416626 -0.016479 2.442627
1.600708 -0.631714 -0.562866 0.411865 0.041260 2.427002
1.712891 -0.613403 -0.679688 0.405273 0.051025 2.359619
1.845703 -0.642822 -0.822144 0.393311 -0.029907 2.272583
2.047485 -0.695801 -0.957886 0.349121 -0.179810 2.211304
2.326904 -0.736084 -1.064087 0.255493 -0.237305 2.172363
2.622559 -0.714355 -1.104614 0.130981 -0.277344 2.106567
2.859741 -0.666138 -1.085083 0.001587 -0.336670 1.960083
3.006836 -0.631470 -1.057495 -0.117432 -0.390991 1.742554
3.086914 -0.598022 -1.021118 -0.222534 -0.393188 1.498901
3.124756 -0.534790 -0.963013 -0.298584 -0.355957 1.233154
3.084473 -0.479370 -0.917725 -0.339966 -0.305664 0.933228
2.994873 -0.447998 -0.895874 -0.353516 -0.244507 0.619873
2.879517 -0.428345 -0.887939 -0.343262 -0.142456 0.308105
2.730469 -0.433105 -0.906494 -0.321777 0.001465 0.007080
2.567383 -0.440552 -0.934814 -0.303101 0.093384 -0.268066
2.394409 -0.453125 -0.971313 -0.293579 0.114868 -0.520020
2.224365 -0.483276 -1.000854 -0.301025 0.072510 -0.739258
2.087891 -0.520264 -1.018188 -0.334717 -0.006836 -0.915649
1.987671 -0.554077 -1.021240 -0.390625 -0.088013 -1.051880
1.917480 -0.577026 -1.003296 -0.459717 -0.173096 -1.152832
1.852783 -0.578857 -0.953247 -0.538208 -0.248901 -1.238403
1.763916 -0.584229 -0.888062 -0.615601 -0.291992 -1.323486
1.657593 -0.592407 -0.820801 -0.687744 -0.318237 -1.393555
1.553223 -0.583252 -0.762329 -0.755493 -0.309570 -1.443970
1.439453 -0.562012 -0.698364 -0.815918 -0.253540 -1.484253
1.328003 -0.542847 -0.632813 -0.869263 -0.187012 -1.518066
1.215698 -0.527344 -0.568848 -0.910767 -0.139771 -1.550659
1.104736 -0.513916 -0.506592 -0.931763 -0.116699 -1.581299
0.986816 -0.511963 -0.455688 -0.932251 -0.110962 -1.608398
0.859375 -0.501099 -0.410889 -0.929199 -0.107788 -1.615723
0.748657 -0.473267 -0.355713 -0.931763 -0.085693 -1.590332
0.655273 -0.425049 -0.295654 -0.941406 -0.020630 -1.537720
0.580078 -0.380737 -0.226807 -0.950073 0.061401 -1.477295
0.513794 -0.338257 -0.161987 -0.945068 0.105835 -1.423584
0.441895 -0.286133 -0.097900 -0.921875 0.120605 -1.387329
0.360840 -0.247803 -0.046387 -0.886353 0.110718 -1.362061
0.284912 -0.221558 -0.016357 -0.846924 0.072876 -1.322510
0.237549 -0.195923 0.002441 -0.807495 0.028442 -1.258057
0.193481 -0.177002 0.022949 -0.767456 0.012329 -1.180420
0.160767 -0.151245 0.056519 -0.726807 0.059326 -1.094727
0.131592 -0.104980 0.088867 -0.679932 0.084961 -1.003662
0.083130 -0.074951 0.103516 -0.621094 0.072266 -0.923462
0.007446 -0.045166 0.096802 -0.557007 0.060913 -0.844238
-0.039673 -0.023804 0.103760 -0.496948 0.072388 -0.736206
-0.065674 0.000488 0.119873 -0.438477 0.101929 -0.607300
-0.069458 0.009155 0.128540 -0.377441 0.119141 -0.467407
-0.070435 0.017822 0.124756 -0.311646 0.131836 -0.333130
-0.094116 0.054565 0.127686 -0.234497 0.142212 -0.208008
-0.095093 0.057739 0.103027 -0.149658 0.138916 -0.084229
-0.107666 0.062134 0.073120 -0.070190 0.133545 0.033569
-0.132813 0.060791 0.029907 0.004761 0.110352 0.156250
-0.134888 0.046021 -0.006226 0.064575 0.067993 0.299316
-0.104980 0.043091 -0.052979 0.103638 0.025879 0.458130
-0.050659 0.031006 -0.080444 0.119141 0.032104 0.614746
0.002441 0.013672 -0.094604 0.119873 0.052734 0.765747
0.063965 -0.008179 -0.084595 0.115479 0.062378 0.909912
0.146240 -0.032471 -0.086304 0.117676 0.070190 1.038574
0.223633 -0.069214 -0.102051 0.123047 0.069458 1.149902
0.295044 -0.125244 -0.103516 0.119995 0.082275 1.256226
0.374634 -0.161011 -0.102905 0.119263 0.120483 1.360962
0.443604 -0.207642 -0.105347 0.134888 0.160889 1.452271
0.498657 -0.249878 -0.096191 0.162598 0.177734 1.527344
0.551270 -0.266479 -0.095825 0.202759 0.179321 1.592407
0.591675 -0.272339 -0.113525 0.256714 0.193604 1.639893
0.622559 -0.285767 -0.147949 0.309326 0.207642 1.674561
0.643188 -0.318970 -0.191528 0.337891 0.215576 1.711060
0.678589 -0.375854 -0.220581 0.328857 0.237671 1.774170
0.747559 -0.451172 -0.262329 0.291626 0.293213 1.876709
0.863770 -0.550537 -0.285156 0.244019 0.360718 2.015503
1.018921 -0.621338 -0.299316 0.215088 0.411865 2.154175
1.168335 -0.638306 -0.311035 0.227539 0.430420 2.234375
1.269165 -0.615112 -0.331543 0.279297 0.394775 2.237671
1.322876 -0.604614 -0.391113 0.348511 0.286133 2.168579
1.362427 -0.647339 -0.485962 0.392334 0.107178 2.072998
1.472046 -0.749634 -0.584473 0.375366 -0.061523 2.005371
1.631348 -0.875244 -0.653931 0.297729 -0.124512 1.992554
1.808105 -0.917114 -0.673584 0.184814 0.049316 1.995361
1.941528 -0.877441 -0.627563 0.075562 0.466553 1.934814
1.993042 -0.817871 -0.543213 0.007813 0.872559 1.797852
1.995605 -0.794312 -0.533813 -0.013672 1.004639 1.614624
2.000488 -0.828979 -0.614746 -0.019165 0.860596 1.415771
2.050659 -0.890259 -0.724609 -0.041382 0.583740 1.236450
2.144531 -0.939087 -0.809204 -0.108521 0.340210 1.097290
2.225220 -0.958496 -0.794067 -0.227173 0.251221 0.973022
2.291870 -0.956665 -0.709595 -0.363159 0.285400 0.834595
2.325928 -0.952393 -0.594482 -0.483154 0.287720 0.667725
2.347900 -0.950806 -0.495850 -0.555298 0.179321 0.469238
2.336060 -0.940552 -0.411621 -0.565918 0.051514 0.239014
2.288818 -0.926880 -0.325195 -0.523804 0.007324 0.000244
2.204834 -0.890991 -0.245972 -0.444946 0.040894 -0.228760
2.084839 -0.856812 -0.234375 -0.330444 0.066284 -0.448975
1.933716 -0.853394 -0.290771 -0.197998 0.037598 -0.643677
1.811157 -0.835205 -0.391235 -0.091919 -0.010376 -0.785034
1.740234 -0.812012 -0.484375 -0.047729 -0.038818 -0.879272
1.689209 -0.784668 -0.545288 -0.068237 -0.048950 -0.949219
1.657959 -0.759277 -0.562866 -0.130371 -0.046875 -1.009155
1.631226 -0.725586 -0.560181 -0.204224 -0.027100 -1.072876
1.577515 -0.702759 -0.547363 -0.275024 -0.021851 -1.147949
1.497803 -0.687500 -0.519409 -0.348389 -0.015991 -1.225220
1.402222 -0.677124 -0.472046 -0.419678 0.001587 -1.288574
1.305176 -0.677856 -0.420654 -0.486816 0.015869 -1.325439
1.228638 -0.645386 -0.357788 -0.543213 0.043213 -1.341919
1.149536 -0.608765 -0.284790 -0.576294 0.093506 -1.357666
1.053223 -0.567505 -0.223389 -0.585693 0.129150 -1.374756
0.955200 -0.533813 -0.174316 -0.576538 0.142090 -1.393921
0.858154 -0.509155 -0.135498 -0.557495 0.134644 -1.398804
0.776978 -0.478760 -0.115967 -0.537964 0.124756 -1.374146
0.727539 -0.452026 -0.102661 -0.512817 0.123413 -1.322388
0.695679 -0.431152 -0.091675 -0.485107 0.119995 -1.261353
0.686646 -0.409912 -0.082153 -0.468750 0.111572 -1.196899
0.697266 -0.388794 -0.063599 -0.461426 0.099243 -1.132324
0.698730 -0.358276 -0.040649 -0.449829 0.092529 -1.084106
0.682495 -0.344482 -0.030029 -0.421753 0.076294 -1.057617
0.665771 -0.318726 -0.024658 -0.389648 0.046143 -1.031250
0.655396 -0.294678 -0.019775 -0.363770 0.037354 -1.000366
0.626831 -0.276978 -0.013672 -0.341064 0.060303 -0.961914
0.594360 -0.238525 -0.007813 -0.312866 0.092041 -0.917114
0.562256 -0.197632 -0.011353 -0.278198 0.115356 -0.871948
0.542969 -0.169067 -0.020142 -0.243774 0.112915 -0.820801
0.536011 -0.152344 -0.036987 -0.217773 0.085205 -0.767578
0.541504 -0.144897 -0.047974 -0.200317 0.055420 -0.713745
0.574707 -0.135254 -0.041626 -0.185669 0.030029 -0.654053
0.616211 -0.109985 -0.025269 -0.166016 0.006348 -0.596191
0.648193 -0.094482 -0.024902 -0.141724 -0.010254 -0.553711
0.660767 -0.074951 -0.039673 -0.116577 -0.021606 -0.519043
0.666138 -0.051270 -0.055542 -0.088623 -0.017578 -0.487915
0.659180 -0.044434 -0.079590 -0.061279 -0.006958 -0.456543
