0.802002 0.354004 -0.491577 0.117958 -0.263210 -0.271280
0.802979 0.330688 -0.552124 0.117246 -0.243748 -0.231407
0.739502 0.302490 -0.546143 0.086392 -0.218590 -0.194382
0.714478 0.380981 -0.502075 0.024683 -0.244460 -0.150948
0.708984 0.343750 -0.541016 -0.022073 -0.206723 -0.114635
0.696289 0.310181 -0.502441 -0.076424 -0.050791 -0.066930
0.662109 0.342651 -0.474243 -0.126265 0.081170 0.000237
0.653198 0.325562 -0.460571 -0.155221 0.193195 0.069303
0.647583 0.328125 -0.447998 -0.152847 0.193907 0.130062
0.645630 0.337891 -0.434814 -0.155458 0.161866 0.169461
0.623169 0.326782 -0.410400 -0.161866 0.129113 0.176344
0.611572 0.312744 -0.389526 -0.148812 0.058860 0.166138
0.577393 0.272095 -0.366089 -0.121518 -0.006171 0.162815
0.551270 0.265015 -0.349854 -0.083544 -0.047231 0.170885
0.515747 0.223755 -0.326904 -0.046756 -0.073101 0.189398
0.456787 0.189575 -0.299438 -0.009731 -0.068829 0.222151
0.408936 0.169312 -0.265015 0.031092 -0.074525 0.282910
0.379272 0.138062 -0.219360 0.075000 -0.108702 0.359096
0.336060 0.111206 -0.177368 0.120569 -0.091376 0.426738
0.266357 0.092529 -0.118774 0.169461 -0.017326 0.483225
0.172852 0.062500 -0.069092 0.225236 -0.023497 0.547781
0.109863 0.031372 -0.031982 0.294539 -0.135996 0.640581
0.093140 -0.013184 0.013428 0.374523 -0.263210 0.794141
0.130249 -0.064575 0.052368 0.466374 -0.254666 1.014155
0.242676 -0.094604 0.047485 0.572465 -0.114161 1.273568
0.291016 -0.137817 0.019287 0.685913 0.028006 1.514706
0.421021 -0.156372 -0.049072 0.800074 0.146439 1.686065
0.519409 -0.167603 -0.122925 0.925152 0.238052 1.807346
0.641357 -0.173340 -0.211792 1.053079 0.279350 1.918659
0.766479 -0.170776 -0.319824 1.154423 0.284571 1.992234
0.896973 -0.155762 -0.428101 1.206875 0.292878 2.011696
1.041138 -0.141479 -0.524902 1.203078 0.291217 2.002677
1.160522 -0.125122 -0.613159 1.162967 0.323732 1.966839
1.226807 -0.106812 -0.695435 1.094376 0.333938 1.881871
1.274658 -0.091187 -0.758301 1.006323 0.278875 1.773169
1.324707 -0.073975 -0.802246 0.905691 0.190347 1.692474
1.383301 -0.037720 -0.817383 0.802210 0.082120 1.629341
1.447632 -0.014282 -0.813110 0.704189 0.023971 1.548171
1.457153 -0.010132 -0.789429 0.630613 0.021835 1.452523
1.447388 -0.004639 -0.764893 0.604506 0.035838 1.354501
1.417114 -0.005249 -0.751831 0.623493 0.054588 1.275941
1.399414 0.005615 -0.765381 0.676182 0.082832 1.219692
1.407593 0.012329 -0.800293 0.743350 0.104192 1.171986
1.421509 0.028442 -0.862427 0.793429 0.091851 1.113126
1.439209 0.047363 -0.912720 0.782274 0.047468 1.010832
1.436890 0.047607 -0.943848 0.696594 0.000712 0.867479
1.430176 0.023315 -0.969849 0.576262 -0.098259 0.716056
1.462524 -0.012329 -0.998047 0.467086 -0.268195 0.585993
1.521240 -0.029541 -1.021973 0.375710 -0.421754 0.464475
1.550781 -0.055420 -1.038696 0.293115 -0.403004 0.328716
1.553955 -0.074097 -1.048096 0.217641 -0.271043 0.184888
1.528564 -0.097656 -1.061523 0.145015 -0.156882 0.047943
1.519165 -0.108887 -1.059570 0.063370 -0.089003 -0.073813
1.507324 -0.113159 -1.060425 -0.032990 -0.060284 -0.190110
1.508057 -0.122070 -1.051025 -0.150711 -0.092563 -0.316612
1.495361 -0.122925 -1.030029 -0.293827 -0.143828 -0.461864
1.444702 -0.123657 -0.992188 -0.455219 -0.143828 -0.614711
1.376221 -0.128906 -0.942993 -0.616610 -0.142404 -0.758540
1.302368 -0.144165 -0.873169 -0.750233 -0.133148 -0.870089
1.237793 -0.153076 -0.811768 -0.840185 -0.076186 -0.943902
1.172485 -0.160522 -0.758057 -0.883618 -0.004984 -0.997541
1.106812 -0.161011 -0.720703 -0.892637 0.064557 -1.047383
1.020508 -0.163940 -0.697632 -0.890975 0.112025 -1.094613
0.958862 -0.160034 -0.671753 -0.893586 0.127689 -1.119297
0.890259 -0.151978 -0.645752 -0.913523 0.128164 -1.120484
0.823730 -0.147949 -0.613281 -0.951735 0.136471 -1.109329
0.771606 -0.161133 -0.583252 -0.996355 0.122942 -1.087968
0.737793 -0.163452 -0.550537 -1.036940 0.104904 -1.048807
0.701416 -0.151978 -0.519409 -1.072066 0.103243 -1.010832
0.654785 -0.145386 -0.490479 -1.096749 0.106091 -0.984250
0.594482 -0.142700 -0.451294 -1.107667 0.116297 -0.961940
0.540894 -0.132935 -0.408691 -1.103632 0.110601 -0.919456
0.501221 -0.128784 -0.377686 -1.084645 0.106803 -0.849441
0.464600 -0.112183 -0.340210 -1.057826 0.125078 -0.769220
0.437988 -0.099121 -0.306763 -1.026497 0.135759 -0.694220
0.385986 -0.105957 -0.272583 -0.988760 0.111313 -0.624442
0.354492 -0.092529 -0.238647 -0.944377 0.053164 -0.542797
0.335815 -0.087769 -0.204346 -0.908064 -0.009256 -0.433858
0.324097 -0.093994 -0.167969 -0.874599 -0.012816 -0.309017
0.329102 -0.078857 -0.126465 -0.828792 0.023497 -0.183939
0.310059 -0.073364 -0.098389 -0.759726 0.038212 -0.060759
0.305542 -0.068237 -0.083008 -0.670249 0.022310 0.060996
0.315308 -0.054810 -0.075439 -0.563209 0.005459 0.187024
0.327393 -0.039551 -0.067383 -0.448098 0.018750 0.320172
0.352051 -0.016113 -0.062012 -0.339634 0.059098 0.449285
0.357788 0.001831 -0.069824 -0.237815 0.090427 0.560123
0.357666 0.017090 -0.064819 -0.138844 0.080933 0.661705
0.387329 0.026489 -0.073975 -0.052690 0.054351 0.774204
0.416382 0.030273 -0.085693 0.016139 0.028718 0.893824
0.458740 0.030640 -0.108765 0.084493 -0.012104 0.991133
0.505249 0.002197 -0.158691 0.168986 -0.088765 1.073253
0.574951 -0.014771 -0.213745 0.265109 -0.168512 1.163679
0.674438 -0.030273 -0.268188 0.349128 -0.206961 1.257192
0.791016 -0.039429 -0.316406 0.419618 -0.160679 1.329580
0.875488 -0.043091 -0.349854 0.483225 -0.055063 1.359010
0.949463 -0.041382 -0.391113 0.539237 0.046519 1.343821
1.009033 -0.039185 -0.430420 0.583620 0.094224 1.314153
1.066040 -0.031860 -0.481812 0.612338 0.097310 1.280688
1.128296 -0.049316 -0.550171 0.622306 0.054588 1.234644
1.186401 -0.048218 -0.611816 0.614711 -0.010680 1.176021
1.228149 -0.034790 -0.657715 0.584806 -0.072389 1.096512
1.267334 -0.027954 -0.700195 0.536152 -0.131249 1.003237
1.302612 -0.038208 -0.737915 0.480851 -0.193432 0.911149
1.360107 -0.041504 -0.770508 0.417719 -0.237815 0.816688
1.385986 -0.053345 -0.793457 0.348178 -0.262261 0.706325
1.395142 -0.058350 -0.802856 0.276739 -0.234018 0.579822
1.384277 -0.072388 -0.806396 0.216217 -0.177293 0.460915
1.350708 -0.072266 -0.811646 0.171597 -0.124129 0.369064
1.343262 -0.072754 -0.809326 0.131961 -0.069303 0.297387
1.328003 -0.073364 -0.797974 0.090427 0.002848 0.222625
1.299927 -0.068115 -0.785156 0.037025 0.074050 0.133623
1.243530 -0.065552 -0.754517 -0.026819 0.127452 0.032278
1.174316 -0.066040 -0.725830 -0.093275 0.122705 -0.061471
1.121094 -0.060181 -0.688599 -0.157119 0.088053 -0.124841
1.068848 -0.064453 -0.646973 -0.218828 0.073338 -0.162578
1.014648 -0.071777 -0.597412 -0.270568 0.066218 -0.196992
0.969604 -0.078979 -0.554688 -0.304033 0.032278 -0.226897
0.932983 -0.084961 -0.517456 -0.317561 -0.005934 -0.234967
0.907471 -0.093872 -0.478638 -0.315188 -0.026582 -0.229745
0.885498 -0.108765 -0.454346 -0.296201 -0.010918 -0.225711
0.861572 -0.111450 -0.436279 -0.262261 0.008782 -0.222151
0.833130 -0.108521 -0.423828 -0.219777 0.010206 -0.218353
0.811646 -0.109253 -0.421265 -0.180616 0.009256 -0.211945
0.793213 -0.103882 -0.419800 -0.152372 0.003323 -0.197942
0.782471 -0.102539 -0.418823 -0.139793 -0.002611 -0.177056
0.770264 -0.105713 -0.412109 -0.135759 -0.004747 -0.156882
0.777222 -0.108887 -0.409790 -0.124366 -0.024683 -0.133148
0.786133 -0.110596 -0.420166 -0.107040 -0.036076 -0.103243
0.795044 -0.110229 -0.430664 -0.091376 -0.009019 -0.077136
0.800049 -0.108032 -0.441406 -0.080933 0.020886 -0.060996
0.795654 -0.102295 -0.447754 -0.074288 0.036313 -0.047943
0.799805 -0.102661 -0.460205 -0.075949 0.037737 -0.030854
0.811768 -0.103882 -0.467651 -0.082357 0.039636 -0.008544
0.826294 -0.104736 -0.475952 -0.088528 0.059572 0.013528
0.837158 -0.102051 -0.475708 -0.089952 0.091139 0.032990
0.841797 -0.105713 -0.479126 -0.082120 0.117009 0.048892
0.851440 -0.092285 -0.479736 -0.069303 0.130537 0.067167
0.870605 -0.093750 -0.482910 -0.059098 0.151186 0.086867
0.886353 -0.097656 -0.479248 -0.059572 0.175632 0.099920
0.903320 -0.096313 -0.480469 -0.067405 0.182515 0.094224
0.907104 -0.103394 -0.472290 -0.075949 0.150711 0.071677
0.906494 -0.101318 -0.472656 -0.075949 0.099920 0.045569
0.911987 -0.098145 -0.468140 -0.067879 0.049841 0.027531
0.908569 -0.099976 -0.464355 -0.058148 0.016376 0.020886
0.911133 -0.102905 -0.474487 -0.045569 -0.004272 0.014003
0.920288 -0.104126 -0.483765 -0.025395 -0.033702 0.004509
0.918701 -0.096313 -0.491699 -0.002848 -0.048655 -0.003323
0.920654 -0.087769 -0.497681 0.014478 -0.047231 -0.009019
0.915283 -0.085938 -0.502808 0.024446 -0.040823 -0.014715
0.909058 -0.087158 -0.518921 0.023734 -0.046044 -0.022073
