0.768921 0.407349 0.041748 -0.139319 0.191771 -0.364080
0.804932 0.325806 0.101196 -0.084730 0.058386 -0.279112
0.670776 0.340942 0.056641 -0.042009 -0.054826 -0.185600
0.593384 0.309937 0.058105 0.021123 -0.083781 -0.069303
0.458130 0.213867 0.087891 0.046281 -0.081408 0.112025
0.348267 0.221802 0.147339 0.096360 -0.037737 0.297387
0.352539 0.297852 0.173828 0.251343 -0.121756 0.620645
0.343384 0.295288 0.173706 0.540424 -0.097547 1.012731
0.321899 0.307983 0.093750 0.546120 -0.126977 1.353077
0.322876 0.310547 0.083252 0.343669 -0.158069 1.608930
0.339600 0.270020 0.059448 0.167088 -0.231881 1.811856
0.355225 0.221313 0.010620 0.089240 -0.305220 1.973485
0.413208 0.207764 -0.048828 0.074525 -0.327292 2.170714
0.501587 0.159912 -0.078613 0.061946 -0.308305 2.403545
0.603638 0.127563 -0.125366 0.052927 -0.236628 2.566835
0.674683 0.083008 -0.101318 0.072626 -0.116534 2.665094
0.730835 0.049805 -0.100098 0.108465 0.040348 2.694050
0.844849 0.033691 -0.092285 0.138607 0.161629 2.699271
0.992798 -0.009521 -0.070557 0.109414 0.238527 2.767862
1.150146 -0.049805 -0.039307 0.050791 0.299049 2.836454
1.310303 -0.099731 -0.015259 0.040111 0.345567 2.859951
1.431519 -0.185425 -0.016724 0.104430 0.385203 2.804413
1.664795 -0.180664 -0.006348 0.209809 0.432197 2.672689
1.826172 -0.244507 -0.024780 0.287419 0.454507 2.500380
2.010864 -0.270630 -0.041626 0.295251 0.618271 2.244764
2.196899 -0.293945 -0.037964 0.235916 0.689474 1.995557
2.305664 -0.392090 -0.032349 0.166613 0.643667 1.812093
2.397705 -0.341187 0.037109 0.136233 0.702527 1.369216
2.366455 -0.297363 0.113403 0.183464 0.529981 0.850153
2.325562 -0.266235 0.136597 0.240426 0.336786 0.432909
2.307861 -0.264526 0.132324 0.267482 0.101107 0.126028
2.310059 -0.268677 0.091675 0.315663 -0.112025 -0.098734
2.310791 -0.278564 0.037109 0.362893 -0.253005 -0.326818
2.281494 -0.287964 -0.020020 0.407276 -0.301897 -0.587417
2.236450 -0.279175 -0.089355 0.475155 -0.270805 -0.857036
2.155029 -0.262573 -0.165283 0.498415 -0.254429 -1.124993
2.022705 -0.259033 -0.213379 0.418668 -0.271755 -1.342159
1.883545 -0.244995 -0.239868 0.245647 -0.289318 -1.558614
1.759277 -0.231201 -0.247803 0.086629 -0.318748 -1.760116
1.641846 -0.205566 -0.243652 -0.029430 -0.354112 -1.925542
1.520874 -0.177124 -0.239868 -0.089952 -0.402292 -2.073405
1.398926 -0.143066 -0.256104 -0.140743 -0.451896 -2.171426
1.279541 -0.130981 -0.266724 -0.231644 -0.519063 -2.241204
1.164673 -0.103271 -0.268799 -0.341533 -0.592164 -2.294843
1.052734 -0.080444 -0.274292 -0.455456 -0.660993 -2.331868
0.953735 -0.055664 -0.276245 -0.577212 -0.695407 -2.369368
0.840088 -0.031372 -0.260132 -0.687812 -0.689236 -2.386931
0.712036 0.019531 -0.242554 -0.763524 -0.650787 -2.388593
0.598022 0.079956 -0.232666 -0.827131 -0.596673 -2.331156
0.505737 0.113647 -0.209839 -0.882668 -0.535914 -2.183056
0.432617 0.145630 -0.196411 -0.905216 -0.454269 -2.020478
0.373901 0.187988 -0.188599 -0.905928 -0.365504 -1.853390
0.324951 0.216309 -0.179321 -0.937731 -0.300947 -1.696508
0.260986 0.230957 -0.165161 -0.982589 -0.232356 -1.561224
0.199951 0.264648 -0.142212 -0.994930 -0.140031 -1.409327
0.145874 0.287720 -0.121094 -0.988522 -0.065031 -1.244375
0.103027 0.303833 -0.105591 -0.977842 -0.036550 -1.048569
0.078979 0.315430 -0.079834 -0.974994 -0.042721 -0.837574
0.038818 0.315674 -0.055786 -0.983775 -0.086392 -0.642955
0.008057 0.331421 -0.037109 -0.996829 -0.152135 -0.435519
-0.035156 0.345093 -0.011963 -1.027921 -0.199841 -0.228559
-0.059692 0.370605 0.031006 -1.061148 -0.193195 -0.020411
-0.083496 0.387451 0.083740 -1.063522 -0.140031 0.194144
-0.090454 0.407349 0.126709 -1.019139 -0.094461 0.406801
-0.091187 0.417725 0.168213 -0.937257 -0.082594 0.650787
-0.070190 0.409302 0.186768 -0.867004 -0.102056 0.921118
-0.028687 0.374268 0.206177 -0.821197 -0.113449 1.229897
0.040039 0.334473 0.219116 -0.748809 -0.128164 1.580924
0.117554 0.284302 0.206909 -0.625629 -0.152847 1.921270
0.190674 0.231201 0.185913 -0.495329 -0.204350 2.239780
0.346558 0.156616 0.154053 -0.440266 -0.220964 2.519604
0.516846 0.068481 0.144897 -0.366928 -0.206249 2.718021
0.713257 0.013672 0.109619 -0.226185 -0.115347 2.857340
0.900513 -0.031250 0.099731 -0.069303 0.056724 2.910267
1.078857 -0.083130 0.100220 0.038686 0.216454 2.905282
1.250732 -0.142822 0.098633 0.093749 0.291217 2.832894
1.432617 -0.190674 0.092773 0.106803 0.290979 2.664857
1.579468 -0.210938 0.094360 0.083544 0.239239 2.417785
1.755005 -0.255493 0.065063 0.023971 0.262024 2.104022
1.805176 -0.237427 0.104126 0.007120 0.209334 1.860510
1.898804 -0.271973 0.079590 0.009731 0.378083 1.564072
1.982910 -0.247437 0.074707 0.089477 0.585756 1.325308
2.040405 -0.234741 0.075806 0.145490 0.819299 1.106243
2.050415 -0.217041 0.075317 0.196992 0.934883 0.835438
2.010986 -0.193970 0.045044 0.235679 0.916134 0.555851
1.996094 -0.139038 0.026367 0.210046 0.736942 0.314951
1.864502 -0.166016 -0.036865 0.083306 0.453320 0.102768
1.783813 -0.103638 -0.036255 -0.045807 0.270568 -0.114873
1.672119 -0.077759 0.001709 -0.179667 0.172546 -0.334887
1.528687 -0.045654 0.032227 -0.278163 0.135996 -0.542085
1.475464 -0.004639 0.061523 -0.299523 0.129113 -0.631800
1.258911 -0.051758 0.045654 -0.261786 -0.029668 -0.520487
1.287231 0.020386 0.054077 -0.234018 0.066930 -0.539237
1.206299 0.026855 0.073853 -0.228321 0.194382 -0.519301
1.174927 0.049805 0.088623 -0.204825 0.294302 -0.513842
1.135498 0.062866 0.100464 -0.145015 0.304033 -0.445488
1.113525 0.061890 0.101929 -0.088765 0.277688 -0.385441
1.097778 0.068481 0.110229 -0.054826 0.289318 -0.340583
1.071899 0.067871 0.122559 -0.020174 0.306881 -0.297387
1.060303 0.065918 0.107788 0.032516 0.273653 -0.241612
1.043823 0.065674 0.118042 0.077136 0.197467 -0.134809
1.048706 0.046875 0.096069 0.062420 0.144778 -0.063133
1.068604 0.037476 0.100342 0.073101 0.072151 -0.011155
1.085693 0.032593 0.084595 0.076186 0.039161 0.026107
1.081543 0.022217 0.077881 0.068117 0.013528 0.011392
1.072754 0.020996 0.076050 0.051978 -0.001899 0.000000
1.066650 0.021729 0.079834 0.032041 -0.029905 -0.010680
1.058350 0.020996 0.084717 0.019225 -0.066455 -0.023734
1.053101 0.021240 0.075562 0.013054 -0.097310 -0.022073
1.056885 0.013550 0.076294 0.009019 -0.116771 -0.022785
1.056030 0.015869 0.068970 0.011155 -0.123892 -0.020174
1.054443 0.012451 0.063477 0.026107 -0.136708 -0.024683
1.061523 0.016113 0.052368 0.050079 -0.161154 -0.034652
1.057983 0.017334 0.044067 0.061471 -0.178243 -0.037262
1.062256 0.018433 0.028320 0.070015 -0.178005 -0.042721
1.061279 0.010376 0.015137 0.078322 -0.146914 -0.036788
1.062500 0.007935 0.009521 0.090427 -0.077136 -0.025158
1.068237 0.006104 0.009766 0.092800 0.001424 -0.018038
1.069092 0.012573 0.005493 0.085680 0.053402 -0.014715
1.053955 0.014404 0.004150 0.063607 0.067167 -0.030380
1.050903 0.021606 0.007935 0.041060 0.054826 -0.045569
1.049316 0.022217 0.013672 0.022073 0.026345 -0.043196
1.051270 0.022095 0.012939 0.002848 0.006408 -0.045807
1.054321 0.018311 0.013306 -0.001899 -0.006883 -0.031566
1.057983 0.009644 0.018188 0.004272 -0.013054 -0.027057
1.054932 0.010498 0.017456 0.010206 -0.009968 -0.023497
1.090942 0.027466 0.033447 0.011392 -0.010680 0.010680
1.074951 -0.000366 0.016724 0.020411 -0.043433 0.065269
1.102783 0.004761 0.005859 0.032516 -0.031804 0.072151
1.102539 -0.001831 0.003784 0.022547 -0.018987 0.056487
1.105591 0.005981 0.005249 -0.013528 -0.005459 0.025633
1.100830 0.007568 0.021973 -0.063370 0.039161 -0.009731
1.089111 0.015991 0.043823 -0.086867 0.079509 -0.039161
1.089600 0.015869 0.056396 -0.077610 0.104192 -0.055300
1.087280 0.014648 0.069214 -0.056724 0.123892 -0.053639
1.076538 0.017212 0.070679 -0.028243 0.139081 -0.058860
1.108154 0.039307 0.071533 -0.005221 0.131012 -0.037262
1.081055 0.001953 0.044800 -0.006408 0.062658 -0.018987
1.072998 0.018677 0.047363 -0.035364 0.047705 -0.045332
1.052490 0.019287 0.059814 -0.079034 0.017563 -0.056962
1.045654 0.026123 0.067871 -0.101582 -0.022785 -0.065031
1.030029 0.028931 0.074707 -0.092563 -0.046756 -0.053639
1.036377 0.032104 0.075195 -0.079984 -0.038924 -0.032990
1.048096 0.025635 0.076904 -0.084256 -0.032990 0.005696
1.065430 0.020996 0.076172 -0.079984 -0.031566 0.042959
1.083130 0.009644 0.074951 -0.057674 -0.037262 0.049604
1.094727 0.004639 0.068237 -0.043671 -0.045332 0.048180
1.101318 0.005005 0.058228 -0.047468 -0.044145 0.027531
1.107300 0.005127 0.064453 -0.054826 -0.026345 -0.005221
1.113281 0.004395 0.065674 -0.049604 0.011630 -0.031092
