1.400146 -0.163940 -0.256592 -0.051025 -0.120728 0.006592
1.388672 -0.170410 -0.246704 -0.049561 -0.076416 -0.040283
1.410522 -0.120972 -0.300171 -0.036865 -0.049438 -0.048462
1.424561 -0.142456 -0.230225 -0.035889 -0.030273 -0.044678
1.458008 -0.139526 -0.259888 -0.021484 -0.082275 -0.063110
1.458252 -0.103760 -0.237915 -0.009521 -0.099121 -0.058472
1.449707 -0.129150 -0.214844 0.002319 0.008667 0.015259
1.602539 -0.185791 -0.123657 0.028198 0.092773 0.157959
1.890259 -0.209473 -0.113403 0.105713 0.015747 0.251953
2.161255 -0.229858 -0.176514 0.210815 -0.089355 0.227173
2.331665 -0.200928 -0.222046 0.313721 -0.072021 0.104248
2.385254 -0.171265 -0.239990 0.408813 0.087769 -0.104004
2.353882 -0.165405 -0.252441 0.512573 0.208984 -0.350342
2.292480 -0.186646 -0.323608 0.631714 0.182739 -0.582275
2.231079 -0.198853 -0.431152 0.744507 0.056396 -0.786133
2.156128 -0.204346 -0.550293 0.828735 -0.043945 -0.970581
2.075073 -0.216675 -0.651245 0.862427 -0.093750 -1.130005
2.005859 -0.221191 -0.752808 0.841797 -0.149658 -1.261230
1.962646 -0.229736 -0.852173 0.767334 -0.215698 -1.373657
1.892578 -0.220825 -0.917114 0.640381 -0.231323 -1.481812
1.773438 -0.237549 -0.952515 0.482422 -0.207642 -1.600220
1.645508 -0.259644 -0.957764 0.320313 -0.214478 -1.705444
1.495850 -0.278076 -0.964355 0.173950 -0.260986 -1.772339
1.336182 -0.317749 -0.989258 0.044067 -0.313477 -1.802368
1.163330 -0.348389 -1.017700 -0.071655 -0.413330 -1.777832
0.976563 -0.379517 -1.060669 -0.193481 -0.527954 -1.700073
0.690918 -0.429565 -1.211182 -0.343506 -0.549316 -1.588257
0.563843 -0.386963 -1.158447 -0.542480 -0.266357 -1.473267
0.525269 -0.364990 -1.041504 -0.744385 0.060303 -1.411377
0.503418 -0.357666 -0.996704 -0.931274 0.275635 -1.398193
0.442749 -0.357788 -0.871948 -1.121094 0.240234 -1.413086
0.335205 -0.358398 -0.715332 -1.263062 0.099121 -1.448730
0.239136 -0.363281 -0.648560 -1.348511 -0.009521 -1.502808
0.138184 -0.356689 -0.581787 -1.427856 -0.077515 -1.558105
0.057495 -0.347046 -0.511475 -1.485107 -0.081055 -1.553345
-0.004028 -0.340942 -0.450317 -1.503052 -0.061523 -1.483643
-0.081299 -0.324829 -0.409424 -1.512573 -0.023438 -1.391235
-0.160522 -0.291138 -0.346558 -1.549438 0.013916 -1.286133
-0.218872 -0.236450 -0.310913 -1.630859 -0.009644 -1.153564
-0.287598 -0.171631 -0.253418 -1.746582 -0.083252 -0.995605
-0.275879 -0.152588 -0.200439 -1.850586 -0.224487 -0.822021
-0.254150 -0.113647 -0.083862 -1.933228 -0.303345 -0.655640
-0.227295 -0.076416 0.013428 -1.978882 -0.287109 -0.507935
-0.222534 -0.069824 0.103149 -2.007446 -0.289185 -0.366943
-0.182861 -0.079956 0.164063 -2.030518 -0.343872 -0.209839
-0.136475 -0.091919 0.211426 -2.052368 -0.343506 -0.057617
-0.101196 -0.117065 0.255127 -2.062012 -0.320679 0.076904
-0.032349 -0.130981 0.305664 -2.058960 -0.368774 0.198853
0.092285 -0.111938 0.327148 -2.030518 -0.513184 0.287476
0.232056 -0.130127 0.360840 -1.987915 -0.744019 0.321289
0.342529 -0.165527 0.440308 -1.947998 -0.962524 0.325684
0.406372 -0.200439 0.528442 -1.899658 -1.113037 0.338135
0.444702 -0.259277 0.614502 -1.842285 -1.165405 0.393188
0.512207 -0.309326 0.710327 -1.793579 -1.114136 0.510498
0.557861 -0.303101 0.870972 -1.726929 -0.991699 0.654175
0.604370 -0.236938 1.009155 -1.603027 -0.835571 0.802124
0.623413 -0.139038 1.117920 -1.404541 -0.748901 0.930176
0.691650 -0.144531 1.138062 -1.141602 -0.770386 1.020020
0.759033 -0.191528 1.107666 -0.850830 -0.814087 1.072144
0.827759 -0.214478 1.063721 -0.573608 -0.899780 1.122681
0.915039 -0.214966 1.010254 -0.321289 -1.007813 1.182983
1.023438 -0.213135 0.980469 -0.093872 -1.099731 1.239258
1.140991 -0.206543 0.947144 0.116943 -1.167725 1.265259
1.241455 -0.173950 0.913574 0.317017 -1.132813 1.244751
1.323242 -0.160156 0.877441 0.513916 -1.078125 1.204346
1.374756 -0.181030 0.838501 0.714478 -1.030396 1.159790
1.447632 -0.232910 0.801758 0.936401 -1.008423 1.119385
1.575806 -0.250244 0.733398 1.186157 -0.966064 1.069702
1.682617 -0.241699 0.596069 1.435791 -0.907715 0.990234
1.722412 -0.211304 0.414429 1.638672 -0.738647 0.885376
1.734009 -0.197876 0.248291 1.783325 -0.485840 0.773682
1.735596 -0.229370 0.118408 1.900146 -0.220093 0.651367
1.700684 -0.272827 0.014404 2.019165 -0.028687 0.546509
1.671387 -0.326904 -0.092041 2.152344 0.127075 0.477661
1.653198 -0.358643 -0.180176 2.301636 0.293945 0.440918
1.689941 -0.366943 -0.301880 2.460083 0.455933 0.450684
1.762817 -0.346313 -0.407593 2.599243 0.470703 0.471313
1.858521 -0.251465 -0.587646 2.671143 0.493530 0.442017
1.890747 -0.130005 -0.762573 2.648315 0.598267 0.320068
1.834351 -0.063721 -0.879150 2.528198 0.691162 0.133789
1.753784 0.042847 -0.953613 2.342407 0.634155 -0.058594
1.630127 0.051636 -0.967773 2.118286 0.470093 -0.238525
1.545654 0.012207 -0.986450 1.900879 0.193115 -0.402466
1.397461 -0.005859 -0.950562 1.700439 -0.098999 -0.566895
1.189331 -0.010620 -0.880371 1.532959 -0.329590 -0.708618
1.047607 -0.033569 -0.882202 1.408081 -0.430176 -0.780029
0.929321 -0.060059 -0.902588 1.298706 -0.428223 -0.794678
0.842773 -0.072388 -0.894409 1.197266 -0.371582 -0.757813
0.803223 -0.049194 -0.915283 1.129883 -0.409546 -0.681152
0.781860 -0.007324 -1.003174 1.072144 -0.542480 -0.563843
0.773682 0.038818 -1.071045 1.004639 -0.696777 -0.423462
0.723511 0.076538 -1.167725 0.917114 -0.841797 -0.298096
0.645630 0.089844 -1.220581 0.779907 -0.868774 -0.204590
0.551636 0.092041 -1.218628 0.603027 -0.769897 -0.145386
0.469849 0.078003 -1.211792 0.402588 -0.503418 -0.119751
0.407715 0.043945 -1.129150 0.196777 -0.174194 -0.114136
0.384521 0.002441 -1.053101 0.026001 0.105469 -0.099243
0.390137 -0.046143 -0.997559 -0.103394 0.364990 -0.057617
0.409424 -0.074463 -0.950806 -0.200806 0.550659 0.022949
0.500366 -0.104736 -0.812744 -0.273193 0.631836 0.140259
0.498169 -0.183105 -0.836548 -0.290527 0.638794 0.235962
0.402832 -0.158447 -0.870117 -0.352539 0.696167 0.322510
0.422485 -0.119019 -0.809326 -0.507324 0.798706 0.442261
0.463135 -0.126221 -0.756958 -0.671387 0.847168 0.553101
0.508789 -0.173340 -0.679810 -0.822510 0.798828 0.640747
0.535889 -0.234253 -0.611084 -0.949463 0.664673 0.706299
0.537964 -0.192139 -0.552368 -1.035889 0.528198 0.752441
0.524292 -0.203369 -0.518066 -1.101318 0.410889 0.790405
0.510132 -0.240601 -0.489624 -1.180908 0.329468 0.822266
0.519165 -0.293457 -0.455688 -1.276489 0.264404 0.867920
0.542114 -0.346558 -0.430908 -1.397217 0.201660 0.956177
0.592285 -0.410156 -0.424927 -1.550903 0.157837 1.082520
0.665527 -0.469116 -0.387207 -1.726685 0.164551 1.217285
0.743774 -0.518677 -0.313110 -1.881714 0.215454 1.333618
0.819214 -0.547485 -0.217163 -1.988892 0.277832 1.417236
0.906494 -0.551392 -0.129639 -2.038574 0.331665 1.455444
1.002930 -0.559814 -0.036011 -2.051636 0.352539 1.458984
1.084961 -0.561157 0.038940 -2.046509 0.370117 1.430908
1.122070 -0.567139 0.109375 -2.040894 0.406006 1.386841
1.180054 -0.630127 0.167725 -2.034790 0.458496 1.359619
1.215576 -0.712891 0.234131 -2.020752 0.552490 1.334961
1.242065 -0.769531 0.301025 -1.979492 0.678955 1.304688
1.285156 -0.795288 0.383301 -1.889893 0.736206 1.257813
1.358398 -0.799194 0.442261 -1.756836 0.678345 1.199219
1.432129 -0.782349 0.500122 -1.598755 0.554932 1.122070
1.472290 -0.770630 0.538940 -1.433472 0.453003 1.016724
1.476074 -0.765747 0.558350 -1.272827 0.387573 0.904053
1.457886 -0.758911 0.555664 -1.107300 0.354126 0.789429
1.426758 -0.748535 0.523926 -0.937012 0.349609 0.670410
1.365356 -0.740112 0.477173 -0.780273 0.376587 0.564941
1.301514 -0.734741 0.433350 -0.645752 0.427368 0.479248
1.250854 -0.746460 0.380615 -0.527344 0.437988 0.412476
1.218018 -0.760986 0.333984 -0.431641 0.381226 0.375977
1.212158 -0.741821 0.310547 -0.360352 0.328247 0.365967
1.220459 -0.705811 0.299438 -0.296387 0.322021 0.361572
1.231689 -0.676880 0.294067 -0.228638 0.330444 0.341309
1.234741 -0.656738 0.265747 -0.158325 0.319580 0.297974
1.223755 -0.640747 0.218384 -0.101318 0.290527 0.240845
1.204712 -0.633545 0.170532 -0.072266 0.263184 0.190552
1.183838 -0.623657 0.124756 -0.069946 0.249146 0.149780
1.163696 -0.609253 0.111084 -0.079102 0.241455 0.103882
1.133423 -0.602417 0.098145 -0.084717 0.223877 0.051025
1.087891 -0.600098 0.105957 -0.082520 0.192383 0.002686
1.048584 -0.605713 0.110229 -0.071289 0.144409 -0.036987
1.011475 -0.604736 0.116821 -0.049194 0.086914 -0.062500
0.989258 -0.599976 0.117065 -0.018799 0.038452 -0.073242
0.970337 -0.592896 0.110718 0.013550 0.009399 -0.071167
0.959961 -0.581299 0.094849 0.042236 -0.006592 -0.061768
0.957031 -0.565186 0.066284 0.066895 -0.016724 -0.055420
0.952026 -0.548706 0.042480 0.092651 -0.021973 -0.054810
