0.479248 0.133667 0.776978 -0.297485 -0.560791 0.148071
0.633179 0.033325 0.768555 -0.149048 -0.520752 0.297852
0.660522 0.030640 0.844116 0.001587 -0.359863 0.374390
0.714355 0.036133 0.869385 0.195801 -0.219971 0.460449
0.774170 -0.000977 0.874512 0.425049 -0.135132 0.528320
0.791626 0.011108 0.814819 0.666626 -0.090698 0.552368
0.794312 0.011719 0.785767 0.904907 -0.028076 0.565552
0.789673 -0.017334 0.737061 1.167969 -0.050903 0.573120
0.754761 -0.042725 0.633667 1.460449 -0.122925 0.552856
0.727417 -0.043213 0.489136 1.758545 -0.215576 0.534668
0.703613 -0.040649 0.289307 2.040649 -0.267212 0.537598
0.682495 -0.062988 0.153320 2.279541 -0.212158 0.567139
0.721191 -0.069946 -0.095947 2.514771 -0.171875 0.632935
0.805420 -0.078491 -0.329590 2.720215 -0.093872 0.682983
0.910522 -0.045288 -0.638794 2.905029 -0.077515 0.709961
0.909912 0.008789 -1.023804 3.029175 -0.008301 0.699219
0.955566 0.185547 -1.411865 3.024536 0.154297 0.674683
0.857178 0.333008 -1.726196 2.829712 0.583740 0.641357
0.755493 0.418335 -1.882324 2.465820 0.945068 0.675293
0.783081 0.448120 -2.004761 2.007324 0.907471 0.801025
0.883423 0.465820 -2.007935 1.561279 0.620361 0.898926
1.025513 0.479614 -1.959595 1.232910 0.387085 0.914673
1.191406 0.509277 -1.910645 1.027466 0.312378 0.871094
1.299805 0.544800 -1.875610 0.855835 0.196899 0.791870
1.354858 0.538330 -1.886719 0.675781 0.102295 0.695313
1.399414 0.544189 -1.920288 0.475586 0.080078 0.606689
1.415039 0.544434 -1.942627 0.262451 0.149780 0.537964
1.410278 0.533569 -1.948120 0.048096 0.286743 0.487427
1.375366 0.511719 -1.919434 -0.179321 0.414429 0.441528
1.352051 0.483398 -1.835449 -0.418701 0.481812 0.395508
1.329712 0.442261 -1.696533 -0.653076 0.483765 0.343994
1.313477 0.391602 -1.545776 -0.860229 0.447876 0.293213
1.284668 0.338989 -1.396240 -1.032349 0.370972 0.243164
1.261475 0.280029 -1.252319 -1.167603 0.288330 0.203247
1.249390 0.242065 -1.136353 -1.274170 0.216064 0.187134
1.240234 0.226196 -1.025879 -1.365112 0.155273 0.182495
1.191284 0.259155 -0.971680 -1.445068 0.103027 0.176758
1.177246 0.231079 -0.890503 -1.543579 0.055420 0.192261
1.191406 0.188232 -0.786255 -1.663330 -0.023071 0.206543
1.192261 0.178589 -0.687012 -1.773804 -0.071777 0.168823
1.173096 0.174805 -0.587158 -1.848267 -0.071411 0.095337
1.140869 0.152832 -0.480347 -1.897949 -0.012939 0.019897
1.095581 0.128418 -0.383911 -1.937744 0.105103 -0.043579
1.051025 0.099609 -0.269897 -1.970215 0.205566 -0.082031
1.003174 0.068237 -0.150146 -1.989380 0.257324 -0.104004
0.968506 0.049561 -0.031250 -1.992432 0.291504 -0.115845
0.937012 0.027344 0.098511 -1.975098 0.284058 -0.123169
0.908325 0.021118 0.185303 -1.944458 0.250977 -0.141602
0.870361 0.013794 0.278442 -1.914795 0.190186 -0.169678
0.864380 -0.006592 0.390259 -1.880737 0.090088 -0.194580
0.853638 -0.033691 0.447510 -1.834106 -0.012817 -0.226929
0.829468 -0.045410 0.522949 -1.783569 -0.055176 -0.263672
0.803223 -0.052246 0.568237 -1.726929 -0.061646 -0.286377
0.769409 -0.067139 0.626099 -1.666992 -0.036255 -0.300293
0.723389 -0.084106 0.667480 -1.597290 -0.016968 -0.312134
0.693237 -0.101440 0.668457 -1.518799 -0.028320 -0.316284
0.652832 -0.124634 0.663696 -1.444092 -0.082031 -0.302612
0.611938 -0.149170 0.714966 -1.377197 -0.136108 -0.281250
0.594238 -0.180176 0.743164 -1.291382 -0.207153 -0.240967
0.608032 -0.199463 0.783691 -1.187256 -0.307251 -0.180908
0.640625 -0.209229 0.817627 -1.067139 -0.369019 -0.124390
0.654419 -0.218262 0.874268 -0.932495 -0.394897 -0.081421
0.654419 -0.231567 0.911865 -0.773438 -0.393066 -0.042236
0.657104 -0.217041 0.922241 -0.595581 -0.375488 -0.001709
0.651489 -0.220337 0.936035 -0.401367 -0.340576 0.040405
0.632690 -0.216431 0.908325 -0.188599 -0.330688 0.083008
0.614380 -0.212891 0.874634 0.032349 -0.324097 0.123657
0.595215 -0.199463 0.799316 0.258911 -0.341187 0.161987
0.589233 -0.191406 0.732178 0.473145 -0.363647 0.204102
0.599487 -0.171265 0.639282 0.673218 -0.418335 0.253418
0.609863 -0.191528 0.600342 0.848755 -0.467896 0.304932
0.631226 -0.182739 0.524902 1.019043 -0.546387 0.353882
0.658081 -0.171875 0.454834 1.179443 -0.577637 0.386841
0.675171 -0.185669 0.379272 1.335327 -0.605347 0.408203
0.715698 -0.215332 0.291016 1.478027 -0.666748 0.431519
0.739746 -0.223999 0.198242 1.599609 -0.733276 0.460938
0.778198 -0.224854 0.076660 1.695557 -0.773438 0.505127
0.836060 -0.249390 -0.044189 1.756714 -0.770996 0.553711
0.918335 -0.267944 -0.158813 1.780640 -0.728394 0.602905
1.028931 -0.273193 -0.288696 1.787109 -0.620850 0.621460
1.123901 -0.230103 -0.390625 1.799561 -0.465088 0.594727
1.185425 -0.183228 -0.488037 1.831299 -0.336426 0.558105
1.202881 -0.124023 -0.603027 1.888306 -0.278809 0.527100
1.204590 -0.088989 -0.705078 1.950195 -0.199707 0.504883
1.204346 -0.068237 -0.807251 2.003540 -0.121582 0.486694
1.233276 -0.047241 -0.911377 2.031128 -0.036011 0.468506
1.276245 -0.002075 -1.042236 2.025513 -0.006714 0.448730
1.313599 0.053101 -1.174072 1.972656 -0.000732 0.428955
1.300171 0.065552 -1.262329 1.863037 0.114258 0.400024
1.257690 0.071777 -1.307251 1.700562 0.451660 0.392212
1.189697 0.052490 -1.285645 1.484131 0.975952 0.443237
1.228760 -0.095215 -1.088257 1.224365 1.799927 0.576904
1.408203 -0.242920 -0.855591 0.933960 2.672119 0.824951
1.549072 0.005737 -0.768066 0.626953 2.618896 1.042847
1.601440 0.236084 -0.588867 0.528931 1.140625 1.055054
1.639526 0.228271 -0.699097 0.536133 0.384644 0.912354
1.632202 0.116577 -0.637451 0.481934 0.387817 0.724731
1.599243 0.040039 -0.599243 0.431885 0.274414 0.531006
1.484497 0.012329 -0.598999 0.413452 0.055054 0.355957
1.375122 -0.015381 -0.598999 0.416504 -0.138550 0.240356
1.295410 -0.041260 -0.583252 0.402100 -0.346924 0.190552
1.242432 -0.052490 -0.551636 0.361938 -0.508423 0.167114
1.214478 -0.072998 -0.506470 0.311646 -0.618774 0.159424
1.196045 -0.096924 -0.460938 0.269775 -0.697632 0.170898
1.183838 -0.109131 -0.412598 0.238037 -0.746460 0.192993
1.184570 -0.133301 -0.410400 0.208740 -0.710571 0.214844
1.180908 -0.134888 -0.407837 0.180908 -0.617676 0.234863
1.165649 -0.109863 -0.345825 0.155640 -0.607910 0.251221
1.157715 -0.117310 -0.390137 0.140869 -0.583374 0.245361
1.142944 -0.125977 -0.361816 0.124146 -0.415649 0.220703
1.125977 -0.130127 -0.363525 0.125122 -0.327515 0.208496
1.101685 -0.137817 -0.380249 0.135498 -0.277588 0.196045
1.075195 -0.156738 -0.388062 0.141479 -0.216675 0.180786
1.063599 -0.162964 -0.389282 0.145752 -0.165771 0.181274
1.058960 -0.161743 -0.387207 0.149414 -0.128906 0.186523
1.047852 -0.155884 -0.390381 0.146606 -0.077637 0.180908
1.033203 -0.149658 -0.380493 0.132690 -0.000732 0.170288
1.019043 -0.149658 -0.359375 0.107300 0.064575 0.164307
0.998169 -0.162842 -0.337402 0.078003 0.093872 0.163452
0.995850 -0.182373 -0.325928 0.056763 0.103760 0.166992
0.996948 -0.192017 -0.302368 0.046265 0.095581 0.174194
0.995972 -0.194458 -0.288208 0.047485 0.046021 0.179321
0.998047 -0.196289 -0.288452 0.051758 -0.005615 0.177734
1.016724 -0.199829 -0.286865 0.056152 -0.028076 0.169556
1.032471 -0.207397 -0.283203 0.062988 -0.023682 0.154907
1.043579 -0.206177 -0.278320 0.072510 -0.003784 0.136963
1.048828 -0.210083 -0.273315 0.083252 0.008545 0.118408
1.045044 -0.215576 -0.282715 0.090454 0.000488 0.100220
1.041382 -0.220093 -0.302368 0.089233 -0.016479 0.087646
1.039795 -0.225464 -0.325195 0.072510 -0.033813 0.085083
1.048340 -0.229858 -0.328857 0.043091 -0.045532 0.092285
1.065308 -0.233398 -0.327026 0.011963 -0.048584 0.105225
1.085083 -0.236450 -0.317383 -0.012085 -0.032104 0.115601
1.089111 -0.237427 -0.298218 -0.025757 -0.001587 0.118896
1.092163 -0.232910 -0.280884 -0.026978 0.028320 0.116211
1.087524 -0.229980 -0.279541 -0.016968 0.054321 0.108154
1.071045 -0.234375 -0.280518 -0.002563 0.077637 0.095825
1.055664 -0.238892 -0.281738 0.008911 0.097046 0.086060
1.055176 -0.245972 -0.284546 0.014648 0.110962 0.084473
1.055786 -0.243896 -0.277344 0.019165 0.126709 0.087036
1.066406 -0.247925 -0.261597 0.023804 0.143188 0.088135
1.070068 -0.246216 -0.259766 0.030029 0.149780 0.083618
1.073730 -0.241821 -0.260010 0.033203 0.149658 0.074341
1.077026 -0.240112 -0.250488 0.032715 0.149902 0.062012
1.080811 -0.238281 -0.242554 0.030640 0.142090 0.044800
1.071045 -0.232300 -0.239990 0.029785 0.127319 0.021973
1.054443 -0.229614 -0.241821 0.028320 0.106201 -0.001587
1.037720 -0.229492 -0.233154 0.022827 0.085205 -0.019409
1.023560 -0.238647 -0.225342 0.021729 0.061646 -0.029541
1.026001 -0.243164 -0.225220 0.027954 0.042480 -0.029785
