0.588867 0.167480 0.653198 0.173462 -0.452271 0.171021
0.616821 0.150635 0.730225 0.258789 -0.388916 0.252686
0.612305 0.151611 0.759277 0.376343 -0.297363 0.343262
0.620483 0.142944 0.765259 0.494507 -0.182251 0.468506
0.630859 0.120239 0.833252 0.626343 -0.207397 0.585938
0.581299 0.055786 0.726807 0.806885 -0.346680 0.676636
0.614258 0.026733 0.622070 0.979248 -0.328003 0.755005
0.723633 0.006836 0.574219 1.160156 -0.294800 0.814819
0.849487 -0.035645 0.458130 1.358643 -0.333740 0.829834
0.945801 -0.068237 0.278320 1.534302 -0.389404 0.791992
0.985229 -0.078613 0.107422 1.653687 -0.361328 0.721924
0.988281 -0.100220 -0.023560 1.730713 -0.231812 0.652588
0.984375 -0.107300 -0.168091 1.802368 -0.082886 0.607056
0.986450 -0.118774 -0.375977 1.890015 0.013672 0.592285
0.975342 -0.088257 -0.607788 1.985840 0.036377 0.611694
0.972290 -0.062622 -0.844360 2.097168 0.010498 0.673218
1.022705 -0.024414 -1.098267 2.177734 0.045532 0.745483
1.063232 0.034546 -1.266602 2.187988 0.200073 0.781738
1.094360 0.083008 -1.442017 2.150269 0.406616 0.779419
0.814697 0.154419 -1.556641 2.059082 0.470337 0.768433
1.096069 0.255005 -1.851807 1.921021 0.226563 0.857544
1.206177 0.332153 -1.960815 1.680298 0.341431 0.808228
1.180786 0.401367 -2.006836 1.429810 0.396973 0.706299
1.182129 0.434448 -2.042114 1.175781 0.388672 0.685669
1.205078 0.441406 -2.044434 0.909424 0.357056 0.699585
1.250488 0.447632 -2.051636 0.639526 0.349731 0.691650
1.274902 0.449707 -2.003906 0.394165 0.354736 0.634033
1.297241 0.439453 -1.954834 0.187866 0.335693 0.554810
1.314819 0.417480 -1.907227 0.012207 0.321411 0.481934
1.324463 0.398193 -1.835693 -0.153320 0.330200 0.419922
1.314819 0.379028 -1.763550 -0.320313 0.343140 0.369385
1.294678 0.340088 -1.673950 -0.501099 0.365112 0.334961
1.286743 0.282227 -1.562378 -0.689087 0.404419 0.322998
1.285767 0.229370 -1.431396 -0.865967 0.436157 0.326050
1.264038 0.172852 -1.311890 -1.019897 0.441284 0.330200
1.244385 0.121094 -1.213989 -1.149658 0.437012 0.333984
1.229248 0.074341 -1.105469 -1.263062 0.426514 0.351807
1.236206 0.046753 -1.000244 -1.362549 0.399658 0.376831
1.242676 0.028931 -0.908447 -1.447632 0.328735 0.389526
1.248657 0.031738 -0.804077 -1.525513 0.238770 0.380737
1.265869 0.039795 -0.710815 -1.601685 0.199341 0.338135
1.268433 0.036011 -0.608887 -1.676270 0.220337 0.259033
1.256470 0.009399 -0.505737 -1.744751 0.297974 0.161255
1.225586 -0.020020 -0.405396 -1.795166 0.407837 0.068726
1.170410 -0.056885 -0.315308 -1.830200 0.481079 -0.002319
1.106079 -0.099731 -0.221802 -1.869873 0.533569 -0.054932
1.046509 -0.142944 -0.125732 -1.923096 0.578491 -0.096069
0.982544 -0.177612 0.003540 -1.981934 0.622559 -0.121826
0.931519 -0.191406 0.110596 -2.033203 0.718384 -0.128418
0.898804 -0.206909 0.254272 -2.069702 0.845093 -0.117310
0.883301 -0.211914 0.441406 -2.068481 0.835938 -0.112061
0.864380 -0.216797 0.544067 -2.002930 0.732422 -0.142334
0.822021 -0.212524 0.645874 -1.896118 0.620728 -0.203247
0.780640 -0.192017 0.671631 -1.747437 0.430542 -0.254272
0.737793 -0.183594 0.692871 -1.590576 0.316895 -0.288330
0.706421 -0.176514 0.702637 -1.446289 0.253662 -0.294067
0.674561 -0.175415 0.705444 -1.321045 0.193604 -0.275879
0.645996 -0.180298 0.711304 -1.215942 0.121094 -0.242676
0.624023 -0.173584 0.720459 -1.116333 0.051514 -0.201172
0.610107 -0.169067 0.727295 -1.012817 0.004150 -0.165649
0.601685 -0.156128 0.733521 -0.901733 -0.056274 -0.136719
0.588257 -0.146362 0.734253 -0.791626 -0.111816 -0.114380
0.576050 -0.140991 0.723877 -0.685791 -0.152466 -0.096191
0.557495 -0.136230 0.708496 -0.583618 -0.195313 -0.078369
0.536621 -0.133667 0.689453 -0.488892 -0.237915 -0.056885
0.516602 -0.120972 0.667236 -0.398438 -0.266357 -0.030396
0.508545 -0.118652 0.644897 -0.310547 -0.291626 0.000610
0.496338 -0.103271 0.625610 -0.223145 -0.333008 0.030762
0.476929 -0.093506 0.604736 -0.133057 -0.396240 0.054565
0.462646 -0.088379 0.572998 -0.041260 -0.469849 0.075562
0.440918 -0.089722 0.545288 0.042847 -0.540894 0.105835
0.418579 -0.097046 0.516968 0.122559 -0.589233 0.146729
0.391724 -0.120361 0.483154 0.203247 -0.612793 0.197021
0.381348 -0.174683 0.455811 0.280396 -0.632324 0.272461
0.394165 -0.254150 0.420776 0.347656 -0.651001 0.390381
0.453979 -0.340576 0.402588 0.415527 -0.654907 0.551147
0.553955 -0.357178 0.412109 0.497925 -0.636597 0.732666
0.682617 -0.354858 0.418213 0.609253 -0.624390 0.909790
0.813721 -0.379761 0.384033 0.742798 -0.601440 1.046753
0.896118 -0.384399 0.340820 0.880249 -0.535645 1.108521
0.947754 -0.380981 0.286133 1.022949 -0.479858 1.099487
0.980957 -0.387817 0.209473 1.161865 -0.464233 1.039551
1.004150 -0.404541 0.125488 1.295654 -0.489014 0.951538
1.016968 -0.436768 0.035034 1.417603 -0.541870 0.860229
1.038574 -0.477051 -0.063843 1.521973 -0.621582 0.793091
1.083618 -0.532959 -0.150635 1.609619 -0.689819 0.746826
1.166260 -0.558350 -0.238037 1.676147 -0.725708 0.731934
1.268799 -0.555542 -0.334229 1.717285 -0.721069 0.746460
1.338989 -0.515137 -0.436035 1.739136 -0.683838 0.768188
1.369873 -0.474243 -0.517456 1.739136 -0.531006 0.771484
1.392822 -0.429688 -0.591797 1.738037 -0.425903 0.757324
1.406616 -0.395752 -0.740234 1.728394 -0.258789 0.712646
1.385010 -0.383911 -0.885864 1.676025 0.123291 0.644043
1.403931 -0.439087 -0.974854 1.574097 0.767456 0.587158
1.596680 -0.456909 -0.943726 1.457031 1.124512 0.614258
1.695435 -0.272583 -0.934570 1.369385 0.505737 0.752686
1.686890 -0.172852 -1.110107 1.259644 -0.287842 0.808350
1.691772 -0.146973 -1.204712 1.053101 -0.408569 0.673340
1.684937 -0.123169 -1.072754 0.805542 -0.145874 0.461792
1.625488 -0.120850 -0.909058 0.632446 -0.112427 0.303223
1.549805 -0.160400 -0.815918 0.525879 -0.333008 0.193970
1.476074 -0.205811 -0.745117 0.431641 -0.571289 0.078735
1.396973 -0.233765 -0.690430 0.360718 -0.767944 -0.027466
1.339478 -0.261719 -0.649780 0.333862 -0.904541 -0.093628
1.309204 -0.282959 -0.643799 0.337158 -0.960571 -0.116089
1.273926 -0.263550 -0.638062 0.344727 -0.953491 -0.098145
1.281982 -0.284790 -0.685791 0.333008 -0.944702 -0.040649
1.303223 -0.310181 -0.692261 0.285522 -0.909302 0.009033
1.280518 -0.278320 -0.667480 0.219116 -0.859253 0.027466
1.253174 -0.252075 -0.677246 0.167603 -0.887207 0.022705
1.210693 -0.243408 -0.673828 0.128418 -0.804810 -0.007568
1.148438 -0.250488 -0.663818 0.111328 -0.631836 -0.057495
1.081909 -0.253296 -0.661743 0.122681 -0.435425 -0.097290
1.020020 -0.254395 -0.663940 0.138794 -0.259521 -0.110840
0.979126 -0.238037 -0.651978 0.144043 -0.109009 -0.102905
0.958984 -0.244507 -0.645752 0.128174 -0.024414 -0.076172
0.956665 -0.251831 -0.623657 0.085815 0.019775 -0.041870
0.961182 -0.252197 -0.589600 0.028931 0.061157 -0.005005
0.977783 -0.250854 -0.536743 -0.025391 0.127563 0.030151
0.996704 -0.266602 -0.483765 -0.064209 0.175537 0.048950
0.996460 -0.284912 -0.441284 -0.091309 0.184570 0.051880
0.993774 -0.295044 -0.401001 -0.107910 0.186890 0.050537
0.988892 -0.298584 -0.359375 -0.110107 0.179199 0.048828
0.988403 -0.306885 -0.330078 -0.096924 0.111816 0.045288
0.981201 -0.302124 -0.311890 -0.078735 0.038452 0.035278
0.982544 -0.296265 -0.299194 -0.057251 0.013672 0.017944
0.996582 -0.298706 -0.290894 -0.029663 0.009399 -0.001099
1.011108 -0.296265 -0.287964 0.002075 -0.010132 -0.016846
1.019653 -0.290405 -0.297241 0.033203 -0.038452 -0.029419
1.021973 -0.284912 -0.309204 0.057861 -0.056030 -0.041260
1.021240 -0.279541 -0.314087 0.072754 -0.066406 -0.052979
1.019653 -0.279297 -0.319336 0.078979 -0.076416 -0.063110
1.014771 -0.276123 -0.325073 0.081421 -0.084839 -0.070557
1.005981 -0.273438 -0.328613 0.082153 -0.089844 -0.074341
0.999634 -0.272339 -0.318726 0.084595 -0.084229 -0.077637
1.005371 -0.280762 -0.328003 0.086548 -0.063965 -0.078735
0.990234 -0.271851 -0.314209 0.087036 0.008545 -0.082520
0.975586 -0.256226 -0.289551 0.094727 0.051392 -0.080200
0.978638 -0.255127 -0.293701 0.105225 0.012085 -0.066284
0.990601 -0.261841 -0.306274 0.104370 -0.041016 -0.053589
0.991821 -0.257324 -0.308105 0.099243 -0.051514 -0.049805
0.996582 -0.255615 -0.312012 0.101074 -0.042603 -0.045898
1.010498 -0.254517 -0.318726 0.105347 -0.025391 -0.042847
1.019043 -0.251709 -0.326904 0.104126 -0.000244 -0.044922
1.014526 -0.247559 -0.320435 0.098389 0.021973 -0.049683
1.015137 -0.247803 -0.318604 0.093384 0.018555 -0.047852
1.019409 -0.250244 -0.314453 0.088013 -0.008789 -0.044922
1.026245 -0.250732 -0.304810 0.084106 -0.037964 -0.044556
1.035889 -0.255249 -0.293579 0.086670 -0.053345 -0.048096
1.054565 -0.261597 -0.297974 0.101807 -0.067261 -0.055176
