0.948486 0.078491 -0.189087 -0.253954 -0.241375 -0.286707
0.947144 0.078247 -0.189575 -0.309017 -0.324444 -0.231644
0.955933 0.074951 -0.177979 -0.351738 -0.358621 -0.159493
0.962402 0.042480 -0.178467 -0.353637 -0.330378 -0.093037
0.952148 0.037964 -0.163208 -0.313764 -0.187973 -0.060522
1.006592 -0.000732 -0.092285 -0.265346 0.042959 -0.035601
0.987183 0.066895 -0.165405 -0.204587 -0.082594 -0.066455
0.992310 0.051392 -0.166504 -0.124129 -0.098734 -0.122942
0.979858 0.068115 -0.153931 -0.056724 -0.102056 -0.175394
0.973877 0.069092 -0.171875 -0.029430 -0.179904 -0.183701
0.973633 0.078125 -0.188599 -0.047943 -0.202926 -0.158543
0.983521 0.096313 -0.186768 -0.076424 -0.207673 -0.115110
0.994995 0.093750 -0.204712 -0.095411 -0.189872 -0.066930
0.958130 0.066406 -0.302124 -0.093987 -0.128876 -0.027531
1.005005 0.093750 -0.210327 -0.121281 0.286470 0.009731
1.023560 0.139404 -0.211060 -0.211945 0.191771 0.033228
1.037842 0.099121 -0.264771 -0.292166 0.132911 0.013054
1.035156 0.137939 -0.203247 -0.314951 0.157357 -0.039873
1.086792 0.159912 -0.244263 -0.298337 0.014715 -0.122230
1.142090 0.184448 -0.274170 -0.266770 -0.148100 -0.199366
1.184448 0.194214 -0.294556 -0.200553 -0.175632 -0.259413
1.208496 0.187378 -0.304810 -0.154509 -0.158069 -0.317799
1.246704 0.196777 -0.317993 -0.154509 -0.126028 -0.373811
1.285278 0.208130 -0.357544 -0.178717 -0.087579 -0.427450
1.318115 0.241821 -0.380249 -0.223100 -0.019699 -0.481801
1.353394 0.282227 -0.392212 -0.264160 0.070015 -0.534253
1.372314 0.316895 -0.407104 -0.302846 0.109414 -0.589079
1.378174 0.339844 -0.409424 -0.355298 0.087816 -0.641768
1.378662 0.346191 -0.425659 -0.417956 0.052927 -0.693034
1.352173 0.337280 -0.410767 -0.505060 0.057436 -0.749521
1.313110 0.311279 -0.411255 -0.612813 0.097310 -0.822147
1.269653 0.307861 -0.391968 -0.728872 0.125553 -0.906877
1.223633 0.297119 -0.372070 -0.834488 0.130774 -0.991370
1.171753 0.287476 -0.363037 -0.920168 0.049604 -1.069455
1.113159 0.285400 -0.368530 -0.977842 -0.025158 -1.143980
1.059692 0.260742 -0.346069 -1.029819 -0.145727 -1.214945
1.007446 0.251831 -0.316772 -1.109329 -0.269856 -1.275704
0.962158 0.249390 -0.267212 -1.219929 -0.315425 -1.313441
0.948730 0.228394 -0.219360 -1.332903 -0.327767 -1.315103
0.920288 0.209839 -0.180542 -1.410276 -0.322308 -1.282824
0.886230 0.191162 -0.139404 -1.440181 -0.316612 -1.251733
0.843872 0.188965 -0.090088 -1.439944 -0.345567 -1.240815
0.800781 0.171753 -0.039185 -1.443741 -0.371438 -1.244850
0.750610 0.155884 0.025879 -1.455133 -0.418906 -1.247698
0.710938 0.143921 0.084351 -1.447776 -0.449048 -1.235831
0.675781 0.111206 0.151733 -1.396273 -0.439317 -1.195958
0.637207 0.088989 0.228882 -1.288520 -0.314001 -1.117873
0.589111 0.091797 0.292969 -1.142319 -0.161154 -1.002763
0.524414 0.078979 0.329590 -0.966924 -0.049841 -0.859884
0.478760 0.068970 0.356445 -0.766609 -0.055063 -0.711784
0.434448 0.056885 0.386719 -0.544459 -0.122230 -0.567955
0.402954 0.035034 0.400513 -0.299761 -0.205774 -0.430298
0.372925 0.010010 0.414063 -0.045095 -0.315425 -0.276976
0.394775 -0.032471 0.435181 0.211945 -0.424602 -0.097072
0.425049 -0.066650 0.439575 0.454744 -0.471120 0.101107
0.441040 -0.085815 0.427368 0.689711 -0.455693 0.284571
0.448120 -0.103149 0.392700 0.940580 -0.442640 0.426738
0.444702 -0.115845 0.348999 1.226575 -0.467560 0.541373
0.464478 -0.118164 0.282471 1.538202 -0.534490 0.662654
0.498413 -0.119263 0.215820 1.825384 -0.585044 0.797463
0.542603 -0.124634 0.160767 2.060588 -0.580534 0.927051
0.577881 -0.132080 0.117676 2.232897 -0.562734 1.038601
0.636841 -0.131958 0.071899 2.365096 -0.543272 1.142793
0.704468 -0.106201 -0.007568 2.484715 -0.517877 1.212097
0.767578 -0.080688 -0.088623 2.614778 -0.476817 1.221590
0.823120 -0.063110 -0.202759 2.762641 -0.440741 1.176970
0.858276 -0.035278 -0.317383 2.899824 -0.440029 1.118585
0.901367 -0.006348 -0.430420 2.968178 -0.425076 1.090341
0.946899 0.034546 -0.540283 2.907418 -0.360995 1.102683
0.991943 0.068970 -0.642090 2.731075 -0.200078 1.130926
1.041382 0.104736 -0.727173 2.491598 -0.007358 1.152524
1.094482 0.139404 -0.795044 2.234321 0.122705 1.144930
1.133179 0.154663 -0.829712 1.975146 0.154034 1.081560
1.169312 0.157227 -0.848267 1.727837 0.113923 0.965738
1.199585 0.143433 -0.859863 1.515418 0.073575 0.841371
1.214111 0.133545 -0.862671 1.322935 0.094699 0.749283
1.231323 0.136719 -0.866089 1.161543 0.190584 0.698018
1.240234 0.141113 -0.884399 1.033380 0.339871 0.664315
1.224243 0.147949 -0.905640 0.923016 0.472782 0.617085
1.208374 0.157349 -0.905762 0.793903 0.515740 0.548968
1.187866 0.156372 -0.899414 0.633936 0.464000 0.472782
1.165161 0.140747 -0.871582 0.453795 0.372387 0.399681
1.156982 0.127319 -0.830811 0.276264 0.284096 0.335362
1.139038 0.109619 -0.799683 0.133623 0.229983 0.281248
1.106934 0.087646 -0.783325 0.041772 0.241138 0.248021
1.081177 0.084473 -0.774414 -0.013528 0.275789 0.248021
1.057007 0.080200 -0.782104 -0.061946 0.301422 0.268195
1.046387 0.075195 -0.795166 -0.124366 0.320647 0.277925
1.040283 0.069336 -0.802856 -0.205537 0.323969 0.261312
1.020142 0.060303 -0.833984 -0.300473 0.315663 0.230220
0.994263 0.037231 -0.859131 -0.412972 0.314001 0.201739
0.954712 0.020386 -0.872803 -0.560360 0.323020 0.187736
0.925171 0.010986 -0.863647 -0.737179 0.331564 0.191059
0.915283 0.014648 -0.840088 -0.908301 0.368589 0.206723
0.907593 0.006958 -0.817383 -1.047383 0.439317 0.224999
0.901245 0.003906 -0.817383 -1.151812 0.507434 0.237103
0.911865 0.013062 -0.836792 -1.236543 0.538288 0.243036
0.912476 0.015137 -0.857056 -1.327919 0.512892 0.236628
0.918945 0.015869 -0.867554 -1.453472 0.446912 0.212894
0.912964 0.020630 -0.847900 -1.611778 0.392086 0.199366
0.902222 0.026733 -0.806519 -1.792394 0.370963 0.218828
0.908447 0.015015 -0.744629 -1.993421 0.355061 0.265109
0.946289 -0.006348 -0.656250 -2.213198 0.306881 0.307356
0.996826 -0.037598 -0.538452 -2.428228 0.233068 0.318036
1.046021 -0.065674 -0.405273 -2.586772 0.196043 0.289080
1.068726 -0.105713 -0.268677 -2.649667 0.202214 0.224761
1.066650 -0.117676 -0.125977 -2.620711 0.182040 0.147863
1.062012 -0.136230 -0.018311 -2.510586 0.130300 0.091376
1.056030 -0.141846 0.092285 -2.357264 0.042484 0.056012
1.066650 -0.149902 0.164673 -2.203230 -0.054588 0.036550
1.082275 -0.150146 0.230225 -2.058215 -0.137183 0.024209
1.090332 -0.156250 0.276001 -1.916286 -0.193195 0.011392
1.088257 -0.151489 0.294434 -1.767236 -0.207910 -0.010443
1.066406 -0.135742 0.306763 -1.596351 -0.198654 -0.040585
1.035278 -0.122437 0.306030 -1.408140 -0.197704 -0.075000
1.000977 -0.103882 0.305542 -1.227761 -0.179904 -0.102531
0.978760 -0.091309 0.312134 -1.078712 -0.146202 -0.108702
0.950928 -0.090454 0.320435 -0.961465 -0.112262 -0.098734
0.925293 -0.084717 0.330688 -0.850865 -0.084256 -0.080221
0.893066 -0.081177 0.332886 -0.727923 -0.078085 -0.057199
0.866577 -0.085815 0.330322 -0.595487 -0.107278 -0.035126
0.849976 -0.087891 0.330444 -0.458779 -0.158306 -0.022073
0.826660 -0.100586 0.349365 -0.326343 -0.202689 -0.009731
0.802002 -0.121216 0.355957 -0.194619 -0.234967 0.006646
0.786377 -0.126343 0.350220 -0.040111 -0.271755 0.032990
0.764038 -0.139404 0.332886 0.146676 -0.301659 0.066455
0.732422 -0.138916 0.295044 0.342957 -0.301659 0.105142
0.694946 -0.140747 0.253784 0.526183 -0.312340 0.149762
0.660522 -0.139648 0.207153 0.683065 -0.363605 0.206486
0.642578 -0.154419 0.180298 0.800311 -0.424127 0.274365
0.632935 -0.182129 0.176636 0.881007 -0.461627 0.349365
0.620728 -0.227295 0.180908 0.945801 -0.482987 0.426263
0.640137 -0.282349 0.192139 1.033142 -0.533066 0.508858
0.672607 -0.321655 0.204712 1.165578 -0.610677 0.577924
0.693604 -0.342529 0.173828 1.359485 -0.654347 0.618271
0.699707 -0.358032 0.115112 1.617949 -0.637733 0.644142
0.692139 -0.339478 0.027832 1.908216 -0.602132 0.691610
0.691650 -0.312744 -0.088501 2.168816 -0.550155 0.773017
0.715332 -0.284058 -0.195068 2.351093 -0.491057 0.879583
0.757690 -0.244019 -0.319946 2.441519 -0.425314 0.976655
0.797241 -0.227783 -0.402466 2.446504 -0.360520 1.036940
0.843872 -0.219604 -0.483521 2.375302 -0.337735 1.060199
0.887817 -0.211304 -0.548706 2.273008 -0.326343 1.074914
0.948364 -0.221436 -0.588501 2.186616 -0.282198 1.105294
1.014648 -0.219116 -0.634644 2.112329 -0.207910 1.148015
1.085327 -0.222534 -0.675659 2.036617 -0.119620 1.171986
1.164063 -0.220459 -0.714233 1.950225 -0.063845 1.151812
1.245239 -0.221924 -0.754517 1.851017 -0.071202 1.091291
1.307617 -0.222046 -0.791260 1.736619 -0.120094 0.989472
1.350342 -0.214844 -0.819458 1.615338 -0.161391 0.859409
