0.563477 0.154785 0.604370 -0.237061 -0.514282 0.032349
0.549805 0.101074 0.652222 -0.177734 -0.611084 0.013062
0.527588 0.052002 0.684692 -0.112427 -0.574585 0.016602
0.548218 0.005005 0.749023 -0.034302 -0.567871 0.046875
0.544189 -0.017456 0.798584 0.084961 -0.706177 0.103760
0.575073 -0.105103 0.663086 0.195923 -0.802002 0.176270
0.614746 -0.174927 0.679932 0.216309 -0.660400 0.218140
0.597290 -0.179688 0.852173 0.246094 -0.505127 0.269409
0.653442 -0.170776 0.951416 0.394043 -0.451294 0.344482
0.722656 -0.169922 0.937012 0.617798 -0.486816 0.385620
0.744019 -0.185791 0.893799 0.859741 -0.536621 0.384277
0.743286 -0.223022 0.820923 1.112915 -0.533203 0.373779
0.731812 -0.271484 0.721436 1.373657 -0.491577 0.368652
0.710571 -0.311768 0.567261 1.632568 -0.449219 0.365356
0.666382 -0.330933 0.387207 1.857178 -0.416992 0.374023
0.636108 -0.322754 0.187256 2.037598 -0.380737 0.433838
0.666138 -0.299683 -0.049194 2.197266 -0.339844 0.556641
0.769165 -0.262329 -0.332153 2.345703 -0.294678 0.716797
0.934937 -0.181885 -0.656494 2.460083 -0.224243 0.871582
1.114014 -0.065430 -0.975830 2.508789 -0.095581 0.973022
1.247925 0.075073 -1.254150 2.467773 0.127197 0.998291
1.297852 0.205200 -1.444824 2.340210 0.425171 0.963257
1.283691 0.286621 -1.544189 2.148315 0.703369 0.890747
1.238770 0.334961 -1.584473 1.909302 0.808350 0.810547
1.059937 0.366577 -1.637573 1.657471 0.699951 0.750244
1.260498 0.424561 -1.624268 1.424438 0.522827 0.746826
1.342651 0.397705 -1.616089 1.268677 0.372070 0.682373
1.369751 0.373047 -1.663696 1.152588 0.210327 0.618652
1.388916 0.365234 -1.648682 0.987427 0.166260 0.589844
1.446411 0.342529 -1.614380 0.787598 0.206665 0.577515
1.480835 0.309570 -1.585571 0.593994 0.297974 0.566406
1.499023 0.299316 -1.528687 0.429810 0.367065 0.552979
1.514282 0.290039 -1.495850 0.294678 0.383179 0.534546
1.504761 0.298096 -1.489502 0.178467 0.385498 0.495483
1.476929 0.306274 -1.492554 0.066895 0.393921 0.434326
1.445435 0.302979 -1.468628 -0.054810 0.381470 0.367798
1.414917 0.286865 -1.440430 -0.187622 0.313599 0.314697
1.380493 0.267212 -1.382935 -0.325684 0.227661 0.277222
1.343018 0.241943 -1.293945 -0.458984 0.155884 0.249268
1.302490 0.217041 -1.196655 -0.575928 0.077637 0.223877
1.266724 0.176392 -1.105103 -0.678711 0.001099 0.200806
1.235107 0.138184 -1.014771 -0.773438 -0.076904 0.188721
1.222656 0.106567 -0.917480 -0.865845 -0.186401 0.201050
1.248413 0.077515 -0.837769 -0.957886 -0.318970 0.233643
1.291504 0.067383 -0.766235 -1.047363 -0.390503 0.250732
1.317749 0.063110 -0.680298 -1.128906 -0.334229 0.235474
1.319336 0.053955 -0.596191 -1.199951 -0.150024 0.190186
1.306274 0.063354 -0.499878 -1.253784 0.062256 0.136963
1.275757 0.060547 -0.423340 -1.281860 0.211548 0.092529
1.245361 0.055054 -0.363525 -1.293457 0.285156 0.053833
1.231445 0.063843 -0.321899 -1.293091 0.306885 0.015991
1.213379 0.074219 -0.292480 -1.283936 0.346069 -0.037476
1.190796 0.061646 -0.265137 -1.278076 0.370239 -0.093750
1.165894 0.048096 -0.224854 -1.290771 0.341187 -0.132568
1.150269 0.031738 -0.175903 -1.331543 0.315552 -0.156006
1.145996 0.014404 -0.106689 -1.392578 0.309937 -0.167480
1.148926 -0.008911 -0.037109 -1.453735 0.290039 -0.174194
1.147705 -0.046631 0.046021 -1.509644 0.307373 -0.183472
1.114990 -0.049683 0.121460 -1.556274 0.377197 -0.193115
1.092529 -0.065674 0.204102 -1.583374 0.400635 -0.207397
1.072144 -0.076660 0.273926 -1.586426 0.378296 -0.227051
1.046387 -0.095581 0.336304 -1.567749 0.337769 -0.252686
1.015869 -0.096069 0.386597 -1.523682 0.271973 -0.279419
0.980225 -0.090820 0.422119 -1.453125 0.201660 -0.308716
0.950317 -0.090210 0.458252 -1.361084 0.137695 -0.348511
0.911011 -0.097534 0.463257 -1.264282 0.076294 -0.391968
0.856689 -0.099365 0.466797 -1.178345 0.026978 -0.432861
0.796753 -0.100952 0.472534 -1.103394 -0.009766 -0.460205
0.747192 -0.122681 0.458496 -1.039307 -0.038818 -0.466675
0.709351 -0.142822 0.465332 -0.989258 -0.075806 -0.451172
0.686646 -0.146973 0.471436 -0.951660 -0.110107 -0.415039
0.674316 -0.143433 0.489502 -0.916870 -0.123535 -0.367065
0.660400 -0.129272 0.510864 -0.880371 -0.107544 -0.320068
0.649780 -0.124634 0.527588 -0.829590 -0.080688 -0.280273
0.622925 -0.120850 0.531738 -0.766846 -0.060913 -0.251221
0.588257 -0.123535 0.530518 -0.695313 -0.049927 -0.229248
0.559448 -0.124756 0.515625 -0.613770 -0.053833 -0.207764
0.533203 -0.132324 0.492798 -0.523071 -0.086304 -0.186035
0.510254 -0.129639 0.456055 -0.436401 -0.141846 -0.164063
0.502563 -0.130127 0.426025 -0.366211 -0.206543 -0.142334
0.483032 -0.137085 0.414185 -0.312744 -0.276978 -0.122559
0.474243 -0.159424 0.412354 -0.273315 -0.342896 -0.091553
0.461670 -0.182007 0.415283 -0.246338 -0.383057 -0.039673
0.450562 -0.198364 0.447144 -0.223755 -0.386597 0.034302
0.440918 -0.214966 0.475952 -0.190186 -0.348633 0.131104
0.443115 -0.232300 0.495483 -0.134521 -0.287109 0.242676
0.444336 -0.238647 0.502075 -0.055420 -0.225952 0.354126
0.453857 -0.233643 0.491577 0.044800 -0.178101 0.451660
0.468994 -0.237549 0.459473 0.162720 -0.164063 0.529297
0.492920 -0.268555 0.413818 0.287109 -0.208618 0.589233
0.516968 -0.320801 0.374146 0.399414 -0.293091 0.656128
0.566284 -0.370117 0.336426 0.492310 -0.355957 0.754517
0.648560 -0.415039 0.314087 0.577271 -0.377563 0.875854
0.721313 -0.439331 0.298096 0.659668 -0.359253 0.997314
0.790161 -0.453735 0.269043 0.755127 -0.344727 1.109985
0.877563 -0.483765 0.222534 0.864624 -0.349487 1.197144
0.944092 -0.485229 0.164429 0.991211 -0.349731 1.241577
1.014404 -0.496704 0.067993 1.146240 -0.367554 1.258667
1.088745 -0.511719 -0.062012 1.317261 -0.410767 1.271362
1.196777 -0.518799 -0.212524 1.467651 -0.488770 1.300171
1.345215 -0.516846 -0.374023 1.572144 -0.556885 1.338257
1.465332 -0.474121 -0.528076 1.640991 -0.568970 1.355103
1.484619 -0.409546 -0.639526 1.694946 -0.510376 1.322632
1.403442 -0.378540 -0.721558 1.731934 -0.429321 1.254517
1.321411 -0.438477 -0.737549 1.727417 -0.448730 1.187256
1.441040 -0.436401 -0.770630 1.684570 -0.622681 1.146240
1.554077 -0.355591 -0.831055 1.626465 -0.847412 1.065552
1.535767 -0.347412 -0.882813 1.550171 -0.850586 0.900757
1.547729 -0.362305 -0.864014 1.435425 -0.602661 0.736816
1.559448 -0.336060 -0.753418 1.343262 -0.408081 0.638062
1.566895 -0.328125 -0.752563 1.337646 -0.393311 0.578613
1.558472 -0.322632 -0.765503 1.369751 -0.524780 0.517578
1.555298 -0.320068 -0.858643 1.380493 -0.765869 0.443237
1.516846 -0.300903 -0.916138 1.344604 -0.943359 0.345215
1.479736 -0.299316 -0.980957 1.274780 -1.091309 0.263428
1.461792 -0.314575 -1.022583 1.163452 -1.130859 0.200928
1.459106 -0.335815 -1.036133 1.030762 -1.113525 0.148682
1.430176 -0.341309 -1.018311 0.874878 -1.000244 0.098511
1.378174 -0.336548 -0.968018 0.720337 -0.879883 0.057007
1.318604 -0.327515 -0.895020 0.588379 -0.911499 0.027832
1.276611 -0.329712 -0.846558 0.488403 -0.828857 -0.013062
1.238281 -0.338013 -0.813843 0.426758 -0.678833 -0.065674
1.179565 -0.363892 -0.778320 0.388916 -0.525635 -0.110474
1.113403 -0.374146 -0.752930 0.356323 -0.396973 -0.128906
1.062012 -0.372681 -0.729492 0.318115 -0.275269 -0.115723
1.031982 -0.378662 -0.709961 0.269165 -0.135864 -0.086060
1.004883 -0.375854 -0.687988 0.216797 0.000854 -0.042969
0.995239 -0.369507 -0.666138 0.160278 0.129028 0.005493
0.993042 -0.367065 -0.628784 0.100952 0.228149 0.043457
0.999146 -0.370117 -0.583130 0.046753 0.277954 0.059937
0.993530 -0.371582 -0.529297 0.007690 0.286987 0.055542
0.988770 -0.378052 -0.490479 -0.016113 0.281006 0.038086
0.971680 -0.389526 -0.448364 -0.028809 0.281982 0.010864
0.945679 -0.392456 -0.412476 -0.029907 0.251587 -0.016968
0.929321 -0.395508 -0.403442 -0.023682 0.173218 -0.030884
0.939087 -0.411499 -0.398682 -0.019043 0.101196 -0.033203
0.956909 -0.419922 -0.397217 -0.019653 0.067993 -0.030029
0.978394 -0.424194 -0.393311 -0.026611 0.072510 -0.019531
0.990112 -0.413696 -0.380493 -0.045654 0.119385 -0.006836
0.985718 -0.412842 -0.354980 -0.072510 0.170654 0.005005
0.988403 -0.414673 -0.333374 -0.097412 0.196411 0.019775
0.988281 -0.420776 -0.309082 -0.116211 0.208252 0.030273
0.987427 -0.422607 -0.283325 -0.128662 0.221313 0.033203
0.976929 -0.417358 -0.252808 -0.133667 0.244141 0.031372
0.961304 -0.415161 -0.229370 -0.126099 0.264893 0.027710
0.946777 -0.408203 -0.204224 -0.107544 0.265625 0.025269
0.941162 -0.410522 -0.190796 -0.082275 0.239746 0.026855
0.946655 -0.401489 -0.189941 -0.054932 0.207397 0.030640
0.949341 -0.395752 -0.188721 -0.029175 0.185791 0.031250
0.961304 -0.397949 -0.190308 -0.009033 0.170654 0.030640
