0.595947 0.174805 0.529785 0.643188 -0.208496 0.786865
0.662231 0.054688 0.481934 0.735229 -0.239136 0.843506
0.690918 0.042847 0.483032 0.825684 -0.211548 0.863770
0.702759 0.063599 0.489136 0.948120 -0.217529 0.900513
0.704956 0.075317 0.437256 1.098999 -0.255615 0.945679
0.712524 0.072388 0.329834 1.240234 -0.218018 1.026855
0.786987 0.021729 0.281372 1.364624 -0.150879 1.135254
0.942261 0.004150 0.140503 1.503296 -0.195923 1.215698
1.057739 0.019165 -0.078491 1.637085 -0.243286 1.242065
1.144775 0.045532 -0.332153 1.732422 -0.198364 1.253052
1.229370 0.091431 -0.591675 1.784302 -0.043457 1.281860
1.321411 0.147583 -0.825317 1.792236 0.170776 1.310425
1.413696 0.213013 -1.011230 1.746704 0.396729 1.301025
1.461670 0.277466 -1.133423 1.641602 0.589722 1.230347
1.465454 0.328979 -1.196899 1.480469 0.724731 1.111938
1.334351 0.366089 -1.219849 1.291870 0.716919 1.004639
1.468262 0.371948 -1.330078 1.101807 0.572754 0.973022
1.559326 0.375977 -1.322388 0.903198 0.509766 0.894897
1.570068 0.394043 -1.330078 0.741211 0.414063 0.805054
1.611816 0.391968 -1.311035 0.598633 0.330811 0.757202
1.667603 0.396362 -1.300049 0.479004 0.267212 0.707275
1.691650 0.409668 -1.328003 0.377075 0.206909 0.632935
1.682373 0.432983 -1.364624 0.267944 0.192993 0.545166
1.657715 0.435181 -1.409790 0.138916 0.221191 0.462402
1.618530 0.426880 -1.427490 -0.010620 0.262329 0.387939
1.559570 0.397461 -1.425171 -0.171753 0.286133 0.318970
1.501343 0.376099 -1.390137 -0.334351 0.290405 0.259033
1.444824 0.348877 -1.330933 -0.495361 0.263550 0.204346
1.404297 0.316650 -1.246826 -0.654541 0.212158 0.156128
1.393677 0.257813 -1.150757 -0.811646 0.144043 0.114258
1.402222 0.194824 -1.050903 -0.953369 0.067139 0.078369
1.413818 0.137573 -0.942993 -1.069702 0.002686 0.052979
1.445190 0.096802 -0.832764 -1.158813 -0.035278 0.036743
1.454468 0.089966 -0.766235 -1.234375 -0.026733 0.026367
1.509521 0.060913 -0.674561 -1.314209 0.027100 0.034912
1.575562 0.043823 -0.543091 -1.387817 0.079956 0.026978
1.587524 0.062012 -0.452271 -1.433594 0.123779 -0.035034
1.572388 0.085571 -0.372437 -1.456909 0.188110 -0.130249
1.528687 0.092651 -0.304199 -1.469727 0.248047 -0.228638
1.471313 0.084839 -0.227173 -1.480225 0.299927 -0.321655
1.401733 0.083984 -0.158936 -1.488281 0.342773 -0.406860
1.321655 0.095215 -0.097900 -1.491333 0.329468 -0.480103
1.258911 0.062988 -0.015991 -1.494019 0.271729 -0.541626
1.214966 0.046509 0.035156 -1.491577 0.180054 -0.598999
1.174561 0.051514 0.095825 -1.485352 0.082642 -0.647217
1.147461 0.052612 0.155518 -1.464233 -0.009277 -0.680176
1.115234 0.051514 0.209351 -1.443237 -0.072754 -0.714355
1.071533 0.047363 0.263916 -1.437134 -0.142822 -0.754517
1.008911 0.062378 0.291870 -1.442017 -0.198730 -0.783325
0.970459 0.041626 0.335815 -1.453125 -0.213135 -0.791138
0.935791 0.004517 0.410034 -1.457764 -0.206665 -0.796875
0.882446 -0.012695 0.465454 -1.434082 -0.208984 -0.820190
0.793091 0.006104 0.486572 -1.381592 -0.192139 -0.848145
0.720581 0.005371 0.506714 -1.321289 -0.174316 -0.851807
0.653076 -0.001465 0.511475 -1.266235 -0.175049 -0.841675
0.599487 -0.018677 0.514771 -1.222412 -0.190796 -0.819214
0.555908 -0.031616 0.538696 -1.185669 -0.206665 -0.781982
0.515625 -0.036987 0.555176 -1.144043 -0.212402 -0.732300
0.475098 -0.038452 0.584229 -1.097534 -0.204468 -0.674683
0.452271 -0.030884 0.606079 -1.046143 -0.179932 -0.605225
0.426880 -0.027100 0.628784 -0.984741 -0.159302 -0.538452
0.397827 -0.020996 0.641724 -0.912354 -0.154419 -0.477417
0.366211 -0.022461 0.642456 -0.832397 -0.158569 -0.421143
0.343384 -0.018799 0.639404 -0.748169 -0.164307 -0.367676
0.315308 -0.011597 0.634644 -0.664673 -0.185059 -0.318726
0.293213 -0.010376 0.619873 -0.585083 -0.229492 -0.273438
0.278198 -0.010864 0.608887 -0.515015 -0.284912 -0.223389
0.267822 -0.015747 0.599731 -0.456299 -0.353638 -0.164307
0.256470 -0.020142 0.605469 -0.405151 -0.416748 -0.094971
0.245605 -0.028809 0.610229 -0.352783 -0.434570 -0.017700
0.244995 -0.042725 0.616333 -0.290283 -0.433960 0.068115
0.236572 -0.055420 0.622070 -0.213745 -0.448242 0.157959
0.234497 -0.070068 0.615723 -0.125000 -0.467285 0.250488
0.247559 -0.101685 0.601196 -0.026367 -0.489990 0.348511
0.274292 -0.134155 0.589966 0.077759 -0.518066 0.461304
0.312012 -0.156494 0.573120 0.186768 -0.538696 0.581299
0.349243 -0.177856 0.560425 0.296631 -0.531128 0.704834
0.399292 -0.206543 0.527588 0.402344 -0.500488 0.836548
0.472900 -0.236206 0.501099 0.505737 -0.463623 0.972656
0.549194 -0.224487 0.479492 0.611694 -0.471191 1.117432
0.676392 -0.281372 0.415283 0.722412 -0.522095 1.252075
0.787964 -0.322876 0.347168 0.831055 -0.533447 1.312134
0.867432 -0.341431 0.272339 0.946411 -0.529785 1.318604
0.956909 -0.359863 0.178955 1.066406 -0.553101 1.316284
1.111206 -0.417969 0.068604 1.162476 -0.609985 1.324707
1.257202 -0.425049 -0.013550 1.226196 -0.638916 1.315186
1.337891 -0.366699 -0.087769 1.277588 -0.602051 1.275879
1.388794 -0.296509 -0.181396 1.348022 -0.531494 1.222656
1.417847 -0.249023 -0.294922 1.440918 -0.472534 1.167358
1.441650 -0.214966 -0.428589 1.533447 -0.432495 1.104858
1.478149 -0.186890 -0.592285 1.601440 -0.396118 1.045410
1.517212 -0.155273 -0.739868 1.620117 -0.337280 1.002808
1.530396 -0.118530 -0.876709 1.574219 -0.235596 0.974121
1.528564 -0.082397 -0.949097 1.458130 -0.085693 0.951782
1.519165 -0.030762 -0.971436 1.288818 0.078735 0.935303
1.473633 0.019165 -0.930298 1.106323 0.195190 0.909058
1.387451 0.046143 -0.872681 0.940796 0.260620 0.854248
1.208374 0.005371 -0.805908 0.812622 0.508179 0.751587
1.255615 -0.274170 -0.817017 0.674438 1.934937 0.576904
1.591919 -0.427979 -0.260254 0.603271 2.793091 0.590332
1.675049 -0.019653 -0.056641 0.665283 1.217285 1.063599
1.766357 0.089478 -0.476807 0.718994 -0.249756 1.287720
1.748779 0.063599 -0.594727 0.594116 -0.285400 1.072754
1.704224 -0.002563 -0.530518 0.406616 0.158936 0.765015
1.600830 -0.060059 -0.467529 0.290527 0.341187 0.597046
1.487915 -0.094971 -0.441650 0.252075 0.254517 0.517578
1.391113 -0.126953 -0.415649 0.228760 0.108398 0.418945
1.318848 -0.152466 -0.409424 0.206665 -0.118408 0.317261
1.271973 -0.188110 -0.420288 0.199585 -0.338135 0.251221
1.276245 -0.251343 -0.414429 0.197632 -0.450439 0.222168
1.305054 -0.307861 -0.379883 0.180420 -0.564575 0.220459
1.340820 -0.311157 -0.325806 0.146240 -0.679688 0.229004
1.369385 -0.300415 -0.295044 0.111938 -0.695068 0.223267
1.395386 -0.245239 -0.306885 0.087524 -0.678467 0.198486
1.400757 -0.234863 -0.235840 0.084473 -1.074707 0.152100
1.334473 -0.258301 -0.318970 0.055664 -1.202515 0.059814
1.269531 -0.275879 -0.324707 0.015747 -1.001343 -0.027588
1.213745 -0.291870 -0.302124 0.005493 -0.753540 -0.062378
1.156006 -0.298584 -0.302002 0.022827 -0.622803 -0.068359
1.113647 -0.305420 -0.308716 0.036987 -0.508179 -0.068848
1.091675 -0.301270 -0.295776 0.045044 -0.405151 -0.068115
1.081055 -0.296875 -0.296631 0.050781 -0.360474 -0.054565
1.075684 -0.280273 -0.295776 0.052124 -0.302002 -0.033569
1.083862 -0.263794 -0.304932 0.047363 -0.170166 -0.016113
1.088257 -0.260132 -0.297485 0.031982 -0.057373 -0.008301
1.068604 -0.260620 -0.293945 0.008423 -0.020996 -0.011108
1.054932 -0.265015 -0.291260 -0.015869 -0.006592 -0.016968
1.046143 -0.265869 -0.287231 -0.031128 0.013916 -0.024048
1.031128 -0.268799 -0.273315 -0.035767 0.024048 -0.033936
1.030518 -0.276611 -0.260986 -0.040161 0.016846 -0.044189
1.031250 -0.278198 -0.251709 -0.048218 -0.016724 -0.051880
1.027466 -0.275513 -0.242065 -0.057617 -0.063843 -0.062500
1.019531 -0.275024 -0.241455 -0.067627 -0.095947 -0.078247
1.008423 -0.280396 -0.238892 -0.077148 -0.098633 -0.095337
0.995728 -0.288818 -0.235107 -0.089111 -0.080933 -0.106323
0.985474 -0.292114 -0.227173 -0.103394 -0.058838 -0.107910
0.976196 -0.297974 -0.220825 -0.118408 -0.042236 -0.102539
0.971191 -0.302979 -0.213257 -0.133057 -0.037964 -0.091064
0.962769 -0.308105 -0.204224 -0.144531 -0.046143 -0.078003
0.965454 -0.311890 -0.201172 -0.148438 -0.055054 -0.064087
0.969727 -0.308472 -0.196899 -0.144531 -0.057495 -0.047607
0.973267 -0.301636 -0.197510 -0.135986 -0.052124 -0.032104
0.979614 -0.298950 -0.205933 -0.129639 -0.036865 -0.019409
0.981079 -0.294556 -0.209839 -0.128662 -0.014282 -0.009888
0.983643 -0.290771 -0.210449 -0.128174 0.016479 -0.000488
0.978760 -0.294678 -0.213257 -0.125122 0.046875 0.009766
0.975342 -0.294678 -0.211792 -0.125244 0.075684 0.020142
0.973145 -0.292847 -0.207397 -0.127686 0.106689 0.028931
0.970093 -0.298340 -0.198608 -0.129517 0.132324 0.037842
0.971069 -0.303955 -0.195190 -0.129150 0.152100 0.047607
