0.376953 -0.012207 0.579712 0.042847 -0.882813 0.052368
0.294922 -0.070313 0.607300 0.068115 -0.822021 0.130249
0.216309 0.009888 0.694458 0.104126 -0.704224 0.285156
0.270020 -0.126099 0.718872 0.181396 -0.602783 0.541504
0.364502 -0.221802 0.816284 0.262085 -0.527954 0.729980
0.483643 -0.195923 0.886230 0.415894 -0.592285 0.844238
0.583008 -0.179199 0.854004 0.660400 -0.696045 0.899902
0.652222 -0.179321 0.749146 0.935791 -0.806152 0.926025
0.714233 -0.202026 0.617676 1.181885 -0.849243 0.934814
0.756470 -0.248413 0.518555 1.414917 -0.832397 0.916870
0.791992 -0.277832 0.409302 1.660156 -0.789429 0.882324
0.835693 -0.274414 0.281006 1.907593 -0.730225 0.858032
0.889282 -0.262695 0.095947 2.133667 -0.660278 0.849976
0.935303 -0.254761 -0.138306 2.313110 -0.555786 0.862671
0.999634 -0.214966 -0.417847 2.419922 -0.389648 0.908325
1.107544 -0.168457 -0.689941 2.442383 -0.169189 0.988525
1.238647 -0.120483 -0.921875 2.394897 0.081055 1.080933
1.388184 -0.056152 -1.100098 2.309570 0.343750 1.156250
1.489990 0.019531 -1.189941 2.214966 0.580078 1.177612
1.524292 0.078247 -1.203491 2.128784 0.725830 1.121948
1.559082 0.105225 -1.177490 2.058472 0.731079 1.015137
1.636597 0.128540 -1.202271 2.027588 0.581177 0.882324
1.719727 0.163940 -1.317749 2.029419 0.377808 0.725830
1.715210 0.195313 -1.465576 2.018188 0.205566 0.563110
1.628906 0.221558 -1.601196 1.935181 0.139038 0.427734
1.550659 0.230225 -1.674927 1.750122 0.250244 0.344482
1.518066 0.224731 -1.666504 1.493774 0.373901 0.325073
1.499878 0.214844 -1.691528 1.218750 0.453735 0.357544
1.507813 0.193970 -1.653076 0.958496 0.467529 0.406982
1.544434 0.182495 -1.621826 0.724243 0.463013 0.434326
1.569092 0.186401 -1.562500 0.515747 0.438110 0.420044
1.578857 0.170898 -1.504883 0.333374 0.383301 0.372681
1.562134 0.139893 -1.439575 0.170044 0.310059 0.308105
1.514893 0.108765 -1.377808 0.021240 0.260864 0.244751
1.451904 0.088501 -1.307739 -0.116943 0.232544 0.193970
1.389160 0.081665 -1.252319 -0.245972 0.214233 0.156006
1.325195 0.062500 -1.198853 -0.375122 0.208374 0.126099
1.263672 0.041016 -1.122559 -0.502686 0.205566 0.102051
1.229004 0.021606 -1.052612 -0.619507 0.187988 0.081421
1.219604 0.005981 -0.990601 -0.723999 0.154541 0.061035
1.215210 -0.008423 -0.919922 -0.824951 0.137695 0.043579
1.218140 -0.023438 -0.841187 -0.927124 0.151367 0.030640
1.221558 -0.030029 -0.747681 -1.024292 0.183350 0.017822
1.233154 -0.033691 -0.674927 -1.102051 0.228516 0.002197
1.251709 -0.026123 -0.618286 -1.160522 0.260864 -0.012329
1.266846 -0.016113 -0.559814 -1.211548 0.299438 -0.025513
1.280884 -0.014771 -0.509155 -1.260620 0.362305 -0.043091
1.285767 -0.018799 -0.431641 -1.307861 0.421631 -0.065430
1.268311 -0.010620 -0.374512 -1.349365 0.457764 -0.096680
1.257324 -0.007935 -0.323608 -1.385010 0.475464 -0.135986
1.258911 0.005737 -0.288086 -1.412109 0.430298 -0.173340
1.255127 0.030029 -0.245605 -1.438965 0.403076 -0.222290
1.237061 0.036133 -0.195679 -1.471436 0.405151 -0.279175
1.210205 0.032471 -0.148560 -1.512451 0.384277 -0.335815
1.175415 0.021362 -0.093994 -1.560303 0.352051 -0.388306
1.148438 0.006958 -0.042480 -1.605591 0.313599 -0.425415
1.116211 0.002808 0.021729 -1.643433 0.305176 -0.453247
1.077515 -0.002808 0.091553 -1.666382 0.308960 -0.479370
1.046875 -0.022095 0.159668 -1.667603 0.286133 -0.500122
1.016479 -0.021606 0.224121 -1.641602 0.263916 -0.521484
0.980835 -0.019653 0.270020 -1.588745 0.242798 -0.546509
0.932129 -0.020386 0.303833 -1.528809 0.224609 -0.572876
0.895386 -0.015991 0.329346 -1.479004 0.204956 -0.578979
0.869141 0.005127 0.353394 -1.435425 0.190063 -0.564697
0.865723 -0.004761 0.373535 -1.383667 0.181030 -0.542847
0.844971 0.000732 0.393066 -1.321411 0.179321 -0.528931
0.827759 0.013794 0.394043 -1.253418 0.166870 -0.513550
0.824341 0.028076 0.388916 -1.191162 0.155396 -0.500977
0.811890 0.033081 0.373657 -1.143433 0.144287 -0.496826
0.803345 0.042358 0.364014 -1.123169 0.141479 -0.495728
0.778076 0.047607 0.368042 -1.120728 0.151611 -0.500122
0.731079 0.033813 0.386230 -1.122314 0.162964 -0.511353
0.678589 0.026123 0.412109 -1.118408 0.158813 -0.517944
0.631226 0.007446 0.431274 -1.098145 0.145630 -0.512329
0.583862 -0.009766 0.447632 -1.062744 0.112305 -0.489990
0.553711 -0.021240 0.459351 -1.016846 0.079102 -0.452637
0.529785 -0.042236 0.466797 -0.959473 0.055176 -0.409790
0.505737 -0.050171 0.474121 -0.895752 0.040649 -0.364868
0.478882 -0.057251 0.477295 -0.832275 0.030518 -0.321045
0.459229 -0.065186 0.477905 -0.772339 0.020996 -0.280884
0.428833 -0.063843 0.458618 -0.720337 0.010620 -0.244141
0.386963 -0.065186 0.433228 -0.678223 -0.001343 -0.205444
0.367920 -0.075439 0.395264 -0.650513 -0.014160 -0.159302
0.348755 -0.096558 0.382813 -0.633057 -0.035278 -0.116089
0.327271 -0.133911 0.394043 -0.605225 -0.065918 -0.075684
0.312256 -0.155884 0.403809 -0.553101 -0.114014 -0.037109
0.300415 -0.177490 0.401001 -0.477417 -0.177368 0.005249
0.300659 -0.196045 0.388184 -0.400146 -0.261108 0.060181
0.303345 -0.223999 0.391724 -0.329712 -0.337646 0.132202
0.319092 -0.247803 0.395996 -0.258301 -0.402710 0.227295
0.346680 -0.259888 0.403564 -0.186157 -0.440918 0.340698
0.360229 -0.267578 0.425171 -0.107788 -0.447754 0.457764
0.375732 -0.263550 0.434814 -0.012329 -0.440430 0.569824
0.383789 -0.277344 0.435547 0.103394 -0.431396 0.669189
0.407837 -0.304810 0.405151 0.241821 -0.449951 0.762085
0.445801 -0.338989 0.355469 0.389648 -0.504517 0.857300
0.495850 -0.378662 0.303345 0.535767 -0.576538 0.953613
0.564697 -0.434937 0.253906 0.678833 -0.657715 1.056030
0.668701 -0.500854 0.202759 0.815186 -0.732910 1.175415
0.791382 -0.536011 0.157593 0.951294 -0.781860 1.304443
0.905884 -0.539917 0.111694 1.094727 -0.791382 1.423340
0.999023 -0.514893 0.042114 1.240112 -0.765137 1.530396
1.072754 -0.501465 -0.047485 1.388550 -0.725098 1.623779
1.125610 -0.522827 -0.152710 1.533936 -0.702759 1.703735
1.170288 -0.573120 -0.239990 1.664917 -0.716187 1.788208
1.220947 -0.605469 -0.304810 1.788574 -0.736328 1.875122
1.312256 -0.595703 -0.383179 1.922729 -0.766235 1.930298
1.363525 -0.570557 -0.492920 2.054810 -0.843384 1.924438
1.438354 -0.560791 -0.629883 2.160034 -0.973389 1.874146
1.601685 -0.551758 -0.780273 2.227539 -1.132446 1.774780
1.836792 -0.525024 -0.990479 2.253296 -1.253052 1.601440
2.002197 -0.469238 -1.212158 2.215942 -1.287720 1.357422
2.040405 -0.376343 -1.317139 2.060425 -1.155640 1.089111
2.023438 -0.292969 -1.319946 1.767456 -0.981079 0.829590
1.922607 -0.255859 -1.199829 1.371094 -0.841309 0.558350
1.763184 -0.244751 -1.018799 0.972778 -0.898560 0.305176
1.664185 -0.303101 -0.874512 0.668213 -1.029297 0.124390
1.608154 -0.360474 -0.721680 0.523071 -1.069702 -0.004517
1.564087 -0.365479 -0.616089 0.539551 -1.078491 -0.108154
1.518921 -0.357178 -0.601074 0.639893 -1.065674 -0.177002
1.486328 -0.346191 -0.642456 0.734253 -1.007324 -0.203857
1.442749 -0.342773 -0.688110 0.763428 -0.880737 -0.200684
1.381592 -0.348755 -0.708984 0.718750 -0.722046 -0.177002
1.311768 -0.367310 -0.729248 0.623047 -0.545166 -0.137939
1.255859 -0.376221 -0.719604 0.508667 -0.332397 -0.088989
1.210083 -0.380371 -0.675049 0.406372 -0.134277 -0.040527
1.165161 -0.380615 -0.626953 0.332520 0.010986 -0.009033
1.130371 -0.373901 -0.577148 0.287354 0.097046 0.000000
1.100708 -0.373413 -0.526245 0.268677 0.130737 -0.009644
1.074097 -0.371216 -0.485229 0.265503 0.127563 -0.031006
1.050171 -0.375854 -0.446289 0.266479 0.113159 -0.057251
1.028687 -0.381958 -0.403442 0.266846 0.094482 -0.080933
1.009888 -0.391724 -0.367798 0.269043 0.076904 -0.098389
0.986572 -0.394043 -0.336426 0.274414 0.062134 -0.106934
0.968018 -0.396362 -0.313843 0.279541 0.050537 -0.106323
0.956665 -0.397705 -0.304321 0.278687 0.044312 -0.095825
0.960571 -0.402832 -0.280518 0.270874 0.046387 -0.076660
0.980957 -0.403442 -0.253052 0.264771 0.051514 -0.056885
1.003052 -0.394409 -0.219482 0.269897 0.058350 -0.044922
1.011597 -0.389038 -0.206177 0.283447 0.062134 -0.047119
1.012207 -0.389771 -0.188843 0.297485 0.064697 -0.053711
1.016357 -0.385742 -0.177856 0.309570 0.053589 -0.053589
1.021484 -0.377319 -0.170776 0.319824 0.036865 -0.049683
1.028320 -0.377930 -0.167603 0.325562 0.031860 -0.051758
1.030029 -0.382690 -0.168579 0.325562 0.032959 -0.059570
1.020874 -0.389404 -0.171997 0.321655 0.034180 -0.070801
1.015137 -0.396973 -0.169678 0.321167 0.028931 -0.083374
1.012085 -0.402954 -0.157471 0.323853 0.015625 -0.091553
1.007690 -0.398560 -0.154297 0.329346 0.002930 -0.098267
1.006958 -0.396973 -0.159546 0.335449 -0.001465 -0.106201
