0.507935 0.162476 0.557495 0.121826 -0.165283 0.364502
0.529175 0.071167 0.542725 0.202148 -0.146118 0.466309
0.482178 0.169678 0.653564 0.284180 -0.035767 0.542603
0.488159 0.122681 0.637573 0.454346 -0.212158 0.685425
0.514404 0.045654 0.495117 0.632202 -0.383545 0.791870
0.582397 0.042480 0.424561 0.758545 -0.417725 0.836060
0.678955 0.069458 0.408569 0.887939 -0.434204 0.862427
0.769409 0.062988 0.343018 1.049194 -0.462646 0.860352
0.826294 0.068481 0.229980 1.205811 -0.491455 0.815552
0.839233 0.098145 0.115112 1.322632 -0.484497 0.755127
0.859131 0.132446 -0.013916 1.414917 -0.432007 0.715332
0.876221 0.144165 -0.171753 1.503418 -0.346191 0.705322
0.883789 0.149658 -0.342773 1.581177 -0.241333 0.720825
0.899414 0.166138 -0.498169 1.634521 -0.109741 0.758423
0.953003 0.183228 -0.633179 1.663940 0.027832 0.806885
1.041626 0.234863 -0.794312 1.677490 0.125244 0.859253
1.151489 0.299561 -0.956421 1.676270 0.198486 0.901123
1.246582 0.350830 -1.097046 1.646729 0.300293 0.900024
1.298584 0.394653 -1.215088 1.566772 0.423950 0.848999
1.302856 0.447388 -1.312012 1.435547 0.516479 0.777344
1.284424 0.496948 -1.358643 1.278198 0.602783 0.725342
1.287354 0.509155 -1.371338 1.128418 0.696045 0.707397
1.299316 0.497192 -1.377075 0.999390 0.741089 0.697388
1.334229 0.509399 -1.390137 0.893433 0.711304 0.670776
1.374023 0.515259 -1.410156 0.790161 0.656616 0.638916
1.423828 0.502075 -1.447388 0.671509 0.626221 0.625244
1.443970 0.480713 -1.476563 0.530518 0.660400 0.634155
1.450562 0.429932 -1.454956 0.365356 0.800903 0.658203
1.454712 0.407593 -1.420532 0.180054 0.972412 0.686157
1.444214 0.419312 -1.366455 -0.011963 1.097534 0.705811
1.399658 0.447632 -1.317139 -0.187012 1.161865 0.709106
1.360229 0.450928 -1.257690 -0.333618 1.190552 0.708862
1.379395 0.414307 -1.181763 -0.449341 1.132202 0.696411
1.387451 0.389282 -1.149902 -0.538574 0.982666 0.626465
1.366699 0.382202 -1.101563 -0.622803 0.838013 0.512451
1.349609 0.372314 -1.027466 -0.713867 0.708740 0.391357
1.337158 0.334351 -0.950684 -0.813843 0.553101 0.289551
1.334229 0.293213 -0.859131 -0.920288 0.388184 0.199219
1.342285 0.251587 -0.747803 -1.023071 0.261353 0.118286
1.366211 0.228638 -0.614258 -1.111450 0.178589 0.056274
1.390015 0.212158 -0.507813 -1.174561 0.114746 0.004761
1.385742 0.197876 -0.424438 -1.223755 0.090820 -0.046997
1.387451 0.187134 -0.338745 -1.265503 0.113159 -0.086914
1.372070 0.185303 -0.255859 -1.306030 0.143311 -0.111084
1.376099 0.167603 -0.220581 -1.345093 0.153320 -0.117920
1.361450 0.160156 -0.177246 -1.391357 0.212158 -0.132446
1.359253 0.137573 -0.109009 -1.438477 0.298584 -0.151489
1.361450 0.117554 -0.030640 -1.481934 0.351196 -0.184937
1.330444 0.102295 0.028564 -1.517212 0.342529 -0.241333
1.318970 0.079224 0.101929 -1.547974 0.343994 -0.304810
1.299805 0.056030 0.183350 -1.566406 0.309692 -0.377075
1.261841 0.027100 0.270874 -1.566772 0.258667 -0.466675
1.196045 -0.001343 0.337891 -1.548096 0.226563 -0.571411
1.125977 -0.039307 0.402832 -1.513306 0.189941 -0.664551
1.047485 -0.076294 0.452026 -1.468140 0.129395 -0.744873
0.971680 -0.109863 0.495483 -1.416382 0.062988 -0.811401
0.886597 -0.126831 0.518066 -1.357544 0.019043 -0.858154
0.812622 -0.145996 0.538574 -1.299194 -0.008301 -0.871948
0.755249 -0.151733 0.558838 -1.245605 -0.031616 -0.860840
0.699585 -0.147217 0.580078 -1.196411 -0.033447 -0.837524
0.645020 -0.143311 0.591187 -1.147583 -0.019775 -0.808960
0.590576 -0.129517 0.603149 -1.095703 -0.002441 -0.775879
0.539185 -0.124878 0.595215 -1.038208 0.002686 -0.739136
0.492188 -0.125488 0.592285 -0.975708 -0.020874 -0.705688
0.455444 -0.121094 0.589966 -0.915649 -0.059570 -0.668213
0.427979 -0.111206 0.584839 -0.857056 -0.104248 -0.628174
0.400879 -0.113281 0.587036 -0.801636 -0.140991 -0.589844
0.381470 -0.112427 0.593506 -0.747314 -0.191895 -0.550171
0.362183 -0.115479 0.599609 -0.687622 -0.261475 -0.508545
0.344360 -0.113281 0.605835 -0.619385 -0.325317 -0.463379
0.333862 -0.127075 0.613647 -0.542847 -0.382935 -0.411621
0.328613 -0.139893 0.608276 -0.463501 -0.427734 -0.347900
0.325195 -0.154785 0.605225 -0.383301 -0.462524 -0.270874
0.326294 -0.172363 0.602173 -0.298584 -0.488770 -0.179810
0.346313 -0.190552 0.608765 -0.210693 -0.512451 -0.072388
0.387085 -0.213623 0.584106 -0.121704 -0.526733 0.050171
0.460205 -0.215454 0.578369 -0.034424 -0.531860 0.166138
0.535400 -0.203613 0.597656 0.079102 -0.595581 0.243164
0.583618 -0.205811 0.603027 0.224365 -0.708984 0.277954
0.610352 -0.221802 0.597900 0.367065 -0.799683 0.300537
0.625244 -0.233032 0.583618 0.491699 -0.827148 0.343018
0.623413 -0.232056 0.564575 0.606079 -0.785645 0.409058
0.606689 -0.231934 0.524658 0.715210 -0.696045 0.488403
0.594482 -0.238770 0.477905 0.821533 -0.615967 0.568848
0.590576 -0.256714 0.431030 0.927246 -0.565186 0.651489
0.613037 -0.275146 0.375366 1.037598 -0.538574 0.736450
0.634766 -0.304443 0.317505 1.154541 -0.527344 0.822510
0.682617 -0.346924 0.253418 1.281616 -0.533447 0.907227
0.777954 -0.381470 0.182739 1.416504 -0.567383 0.990601
0.875366 -0.400024 0.086914 1.559814 -0.622437 1.075439
1.020264 -0.434570 -0.034546 1.705566 -0.665771 1.164917
1.148438 -0.447021 -0.173462 1.825439 -0.640747 1.212769
1.253540 -0.431885 -0.339966 1.907593 -0.571411 1.211792
1.298096 -0.376343 -0.503052 1.945679 -0.491943 1.178467
1.313110 -0.335449 -0.627686 1.934814 -0.382690 1.142700
1.283691 -0.299927 -0.708252 1.888916 -0.280884 1.113281
1.223022 -0.299072 -0.799683 1.831055 -0.225342 1.100098
1.183716 -0.338013 -0.883301 1.765259 -0.230347 1.127563
1.250732 -0.338989 -0.923706 1.706177 -0.288208 1.208740
1.442749 -0.208984 -1.008423 1.673950 -0.352417 1.325195
1.570557 -0.105957 -1.099121 1.645508 -0.386963 1.364624
1.628174 -0.053711 -1.163330 1.563354 -0.228760 1.267700
1.679810 -0.015137 -1.212280 1.419067 -0.013550 1.092529
1.678101 0.006714 -1.206421 1.228760 0.041504 0.904419
1.633911 -0.005127 -1.194458 1.002197 -0.005859 0.736816
1.573486 -0.046021 -1.117920 0.743530 -0.180542 0.592163
1.535522 -0.099976 -0.995117 0.504761 -0.445313 0.477417
1.529419 -0.141602 -0.863281 0.340088 -0.669800 0.383179
1.519531 -0.173950 -0.754761 0.263428 -0.781616 0.298218
1.506226 -0.196045 -0.694702 0.245972 -0.775391 0.222900
1.468872 -0.214600 -0.669312 0.247559 -0.719116 0.163818
1.410400 -0.225708 -0.664551 0.242065 -0.680298 0.126709
1.344971 -0.239868 -0.673584 0.222046 -0.619507 0.105713
1.293945 -0.251465 -0.686768 0.199707 -0.546875 0.091064
1.247681 -0.263794 -0.692749 0.184082 -0.476807 0.078003
1.203369 -0.273193 -0.700684 0.175659 -0.420288 0.063354
1.157349 -0.288330 -0.685303 0.169067 -0.401245 0.047729
1.104980 -0.297363 -0.673218 0.163818 -0.381714 0.036743
1.061646 -0.301270 -0.651611 0.158447 -0.289917 0.030518
1.027466 -0.308838 -0.614868 0.156006 -0.162354 0.033936
0.996216 -0.313965 -0.577026 0.150513 -0.068115 0.052612
0.977295 -0.307739 -0.545776 0.135742 0.005737 0.083740
0.975098 -0.292725 -0.522095 0.117188 0.072144 0.119385
0.978271 -0.288330 -0.510254 0.104980 0.129150 0.153320
0.978027 -0.283936 -0.497925 0.094727 0.197510 0.176758
0.974243 -0.291870 -0.482056 0.080322 0.266846 0.189087
0.978882 -0.302124 -0.477417 0.058472 0.289795 0.198120
0.985352 -0.307739 -0.462280 0.029785 0.280273 0.202881
0.996704 -0.312866 -0.443726 -0.000366 0.284058 0.195557
1.013184 -0.321289 -0.412598 -0.027100 0.306641 0.173828
1.025879 -0.337280 -0.382446 -0.046143 0.311035 0.141968
1.024902 -0.352173 -0.348022 -0.060181 0.282227 0.110229
1.019775 -0.360718 -0.325928 -0.070068 0.241333 0.083862
1.008301 -0.370117 -0.302002 -0.073364 0.201172 0.060669
0.997681 -0.375122 -0.286865 -0.068848 0.161011 0.040771
0.988892 -0.373535 -0.285400 -0.056641 0.120972 0.026978
0.987305 -0.366943 -0.287476 -0.041260 0.089111 0.019897
1.000366 -0.352539 -0.291382 -0.026978 0.071289 0.021240
1.020630 -0.336670 -0.302368 -0.015747 0.071899 0.026123
1.037231 -0.327393 -0.309448 -0.011841 0.093384 0.029907
1.052979 -0.322510 -0.306885 -0.019043 0.131104 0.033813
1.064941 -0.313477 -0.300049 -0.032593 0.160889 0.037109
1.068970 -0.307251 -0.291016 -0.049438 0.181519 0.034912
1.069458 -0.301392 -0.289185 -0.063354 0.188721 0.024536
1.057739 -0.303467 -0.287476 -0.073730 0.182007 0.006104
1.045532 -0.306396 -0.288208 -0.080566 0.159424 -0.010620
1.041260 -0.309326 -0.291016 -0.082886 0.124023 -0.024414
1.035156 -0.311523 -0.288208 -0.081421 0.082520 -0.037476
1.035889 -0.311401 -0.282715 -0.079102 0.037964 -0.049072
1.031616 -0.310791 -0.271362 -0.077026 0.005615 -0.061401
