0.738647 0.502075 -0.505005 0.029668 -0.049367 -0.213132
0.788086 0.461182 -0.463501 -0.002373 -0.014478 -0.151898
0.800781 0.471558 -0.462402 -0.031804 -0.047705 -0.118195
0.776855 0.463257 -0.473633 -0.057436 0.022785 -0.130062
0.779541 0.467896 -0.452393 -0.083069 0.020411 -0.122705
0.780273 0.461914 -0.451538 -0.093512 0.014003 -0.123180
0.775513 0.459473 -0.441650 -0.096123 0.000000 -0.124366
0.766724 0.457397 -0.434570 -0.097784 0.010443 -0.113449
0.764771 0.458130 -0.436890 -0.105379 0.038449 -0.092800
0.769043 0.457153 -0.442383 -0.117958 0.047468 -0.069778
0.771118 0.457275 -0.444946 -0.124604 0.043433 -0.053876
0.781006 0.458618 -0.448853 -0.126028 0.031329 -0.050791
0.782593 0.459351 -0.449219 -0.124841 0.002136 -0.064082
0.791870 0.462524 -0.443115 -0.121044 -0.030854 -0.081408
0.795776 0.458374 -0.441040 -0.111787 -0.030142 -0.090427
0.787842 0.453979 -0.437622 -0.101344 -0.003560 -0.083306
0.782715 0.453491 -0.429932 -0.093749 0.014952 -0.068829
0.773926 0.452881 -0.425415 -0.080696 0.027531 -0.048655
0.772705 0.457764 -0.422119 -0.059810 0.039873 -0.023259
0.770020 0.462524 -0.424316 -0.032516 0.038212 -0.000949
0.765259 0.463623 -0.430542 -0.003560 0.016139 0.011630
0.773804 0.468628 -0.438843 0.022547 -0.012579 0.012104
0.774780 0.472534 -0.451172 0.031329 -0.046756 0.003560
0.780884 0.469360 -0.465088 0.018750 -0.071914 -0.008070
0.790771 0.472168 -0.458252 -0.004747 -0.071202 -0.018275
0.789185 0.470947 -0.452881 -0.018275 -0.063370 -0.029905
0.800537 0.480347 -0.451294 -0.016614 -0.056250 -0.042721
0.801636 0.477051 -0.450317 -0.016139 -0.044857 -0.053876
0.796875 0.475342 -0.449951 -0.026107 -0.007595 -0.065269
0.790405 0.474609 -0.450439 -0.038449 0.022785 -0.070965
0.780518 0.472046 -0.443604 -0.041060 0.040111 -0.065981
0.777466 0.473877 -0.436768 -0.034414 0.040348 -0.057911
0.778809 0.475586 -0.441406 -0.021835 0.029430 -0.046756
0.774536 0.471436 -0.449097 -0.012342 0.016851 -0.037262
0.777954 0.474976 -0.452393 -0.010443 0.001661 -0.032753
0.781128 0.476685 -0.447388 -0.012342 -0.013291 -0.030854
0.789185 0.478027 -0.443726 -0.017326 -0.008070 -0.029668
0.790771 0.478516 -0.449097 -0.022785 0.023497 -0.024921
0.790527 0.473267 -0.439331 -0.025158 0.061234 -0.020174
0.795166 0.472656 -0.432007 -0.025395 0.090901 -0.021598
0.801025 0.467896 -0.430542 -0.020886 0.104430 -0.032041
0.804321 0.465454 -0.437988 -0.015190 0.123180 -0.050553
0.802246 0.466431 -0.430542 -0.014478 0.141455 -0.069778
0.791504 0.463379 -0.432373 -0.017089 0.149999 -0.082594
0.792358 0.465942 -0.440063 -0.018987 0.155695 -0.082594
0.790039 0.466064 -0.436890 -0.026345 0.173496 -0.074525
0.789063 0.468994 -0.433350 -0.037737 0.188448 -0.067167
0.792969 0.470215 -0.438354 -0.049841 0.185125 -0.063133
0.785522 0.466309 -0.434448 -0.056962 0.189635 -0.063133
0.782593 0.467773 -0.432007 -0.058386 0.178005 -0.067642
0.785278 0.471191 -0.433594 -0.053164 0.128638 -0.073813
0.794189 0.467041 -0.431396 -0.042721 0.068117 -0.076186
0.790771 0.469116 -0.432373 -0.032516 0.041772 -0.076661
0.790649 0.475708 -0.429565 -0.026345 0.014715 -0.081882
0.800049 0.481934 -0.432617 -0.021361 -0.008070 -0.084256
0.792480 0.477783 -0.435913 -0.015427 0.002373 -0.078560
0.782593 0.474854 -0.435913 -0.018275 0.029668 -0.073338
0.773560 0.474365 -0.436890 -0.030142 0.038449 -0.070253
0.769653 0.475220 -0.438721 -0.040823 0.031804 -0.067167
0.779663 0.479736 -0.427124 -0.049841 0.017801 -0.067879
0.781738 0.480713 -0.423950 -0.056250 0.000712 -0.080696
0.781372 0.480225 -0.422607 -0.053402 -0.016139 -0.098496
0.780273 0.484009 -0.423584 -0.037262 -0.029193 -0.111787
0.775513 0.481934 -0.432861 -0.018987 -0.035126 -0.113211
0.777466 0.484131 -0.439697 -0.013291 -0.021361 -0.104430
0.776733 0.484985 -0.442993 -0.018513 0.004035 -0.091851
0.771484 0.482544 -0.438354 -0.029668 0.039398 -0.081170
0.770264 0.487183 -0.437622 -0.044145 0.076424 -0.073575
0.764404 0.483032 -0.429077 -0.061946 0.092563 -0.071677
0.772217 0.480103 -0.424561 -0.074050 0.078560 -0.080458
0.779907 0.485596 -0.410767 -0.074762 0.060522 -0.101819
0.780151 0.483521 -0.409302 -0.062895 0.044620 -0.135284
0.781006 0.483154 -0.404419 -0.040348 0.016139 -0.174445
0.781494 0.484619 -0.412231 -0.010206 -0.015664 -0.204350
0.770142 0.480347 -0.428345 0.017563 -0.049367 -0.218116
0.768555 0.485718 -0.435059 0.028956 -0.082357 -0.215505
0.761353 0.486816 -0.439209 0.018275 -0.080221 -0.191534
0.755859 0.485596 -0.436890 -0.008782 -0.051740 -0.153797
0.746094 0.488647 -0.434570 -0.039398 -0.016376 -0.104192
0.736938 0.489990 -0.431885 -0.062658 0.022073 -0.046756
0.736206 0.490845 -0.424438 -0.076186 0.051028 0.010918
0.748413 0.497559 -0.420288 -0.076186 0.053164 0.057436
0.767212 0.501343 -0.422852 -0.060759 0.034414 0.084018
0.784546 0.500366 -0.429321 -0.044857 0.013766 0.081408
0.790649 0.498535 -0.428467 -0.037974 0.001187 0.055063
0.796997 0.497681 -0.429443 -0.035126 -0.014715 0.018750
0.794800 0.500366 -0.422363 -0.027294 -0.024921 -0.012342
0.791992 0.501465 -0.418335 -0.020411 -0.022073 -0.028481
0.781860 0.496094 -0.423950 -0.018275 -0.020174 -0.031329
0.778564 0.497192 -0.430298 -0.021123 -0.011867 -0.027769
0.776245 0.498535 -0.427246 -0.029668 0.014003 -0.013054
0.768677 0.499512 -0.426758 -0.046281 0.043433 0.006646
0.766724 0.500000 -0.427979 -0.060047 0.063607 0.020174
0.769897 0.501221 -0.419800 -0.060996 0.058860 0.025633
0.771973 0.500244 -0.411133 -0.048417 0.024209 0.018513
0.780273 0.503296 -0.415283 -0.031092 -0.014715 -0.000949
0.774658 0.500732 -0.423218 -0.012579 -0.042721 -0.029193
0.776001 0.500732 -0.425171 0.003085 -0.065743 -0.053639
0.778320 0.497803 -0.433228 0.012342 -0.077848 -0.063845
0.775757 0.499878 -0.437256 0.009019 -0.076661 -0.055300
0.783447 0.498047 -0.443726 -0.008782 -0.059098 -0.041297
0.776978 0.498535 -0.443970 -0.034889 -0.033940 -0.026345
0.776978 0.499023 -0.440918 -0.055775 -0.015664 -0.013528
0.776367 0.500977 -0.439575 -0.068829 -0.019937 -0.004747
0.776733 0.498169 -0.438110 -0.075474 -0.028956 -0.000475
0.779053 0.501343 -0.433105 -0.076424 -0.029430 -0.006408
0.772339 0.500000 -0.430786 -0.072863 -0.025158 -0.020886
0.773315 0.506226 -0.434448 -0.065506 -0.029430 -0.033940
0.777832 0.503174 -0.430298 -0.058148 -0.038212 -0.041535
0.774048 0.497314 -0.426758 -0.052927 -0.040823 -0.051978
0.774170 0.500488 -0.417847 -0.045807 -0.043433 -0.068354
0.767090 0.495361 -0.416016 -0.035364 -0.051740 -0.076186
0.761230 0.488525 -0.413818 -0.025633 -0.056250 -0.071677
0.759277 0.490601 -0.413574 -0.018987 -0.048892 -0.062183
0.758301 0.493164 -0.412842 -0.010206 -0.046044 -0.050079
0.767578 0.496826 -0.410889 0.005221 -0.033702 -0.038449
0.771484 0.495483 -0.415161 0.028956 -0.016376 -0.029905
0.775635 0.497559 -0.420288 0.056012 -0.010206 -0.035126
0.773438 0.496948 -0.420532 0.079272 -0.015664 -0.058860
0.770142 0.492554 -0.426025 0.095885 -0.039636 -0.095411
0.777954 0.497437 -0.430298 0.101819 -0.056724 -0.125078
0.772461 0.493042 -0.428467 0.093987 -0.038212 -0.132436
0.765259 0.493896 -0.446289 0.076898 -0.017801 -0.124129
0.764526 0.502075 -0.453125 0.060284 0.004984 -0.106803
0.762573 0.501709 -0.458740 0.038686 0.032041 -0.073813
0.763062 0.505981 -0.456421 0.013766 0.063607 -0.034652
0.760376 0.507813 -0.445313 -0.009494 0.093275 -0.004747
0.750610 0.507568 -0.442993 -0.023022 0.097310 0.009968
0.757446 0.510376 -0.439209 -0.018987 0.074050 0.012816
0.765015 0.514526 -0.432739 -0.005934 0.040585 0.004747
0.769531 0.512817 -0.427246 0.005934 0.013054 -0.012816
0.776001 0.510864 -0.438599 0.011867 -0.000712 -0.041772
0.765747 0.510376 -0.441040 0.016139 -0.013528 -0.068829
0.766479 0.512451 -0.438232 0.021598 -0.017801 -0.080696
0.762207 0.506958 -0.440063 0.023022 -0.020649 -0.077373
0.766602 0.509033 -0.446899 0.014715 -0.003323 -0.062895
0.768066 0.507202 -0.454224 -0.012342 0.035126 -0.036788
0.764771 0.511108 -0.448853 -0.045332 0.062183 -0.011630
0.772949 0.511719 -0.447266 -0.065269 0.065981 0.000475
0.769287 0.509888 -0.437012 -0.063370 0.057911 -0.000712
0.768555 0.509644 -0.425659 -0.050553 0.042959 -0.010680
0.764160 0.504883 -0.428589 -0.039161 0.025395 -0.024209
0.754150 0.501953 -0.423828 -0.029668 0.004747 -0.036788
0.754028 0.502930 -0.429810 -0.020886 -0.014240 -0.041535
0.758667 0.502319 -0.431152 -0.011155 -0.024209 -0.038212
0.763916 0.502563 -0.430054 -0.007120 -0.009731 -0.028956
0.766846 0.501465 -0.431885 -0.010680 0.018513 -0.016614
0.763672 0.497314 -0.431030 -0.022073 0.037500 -0.000949
0.766602 0.502075 -0.428223 -0.029193 0.059572 0.013528
0.764160 0.505493 -0.435181 -0.029430 0.075237 0.021123
