0.854004 0.354126 0.094116 -0.303558 -0.930137 -0.481801
0.974365 0.304443 0.150024 -0.261786 -0.640344 -0.418906
0.979004 0.316162 0.160400 -0.206961 -0.519301 -0.317799
0.893311 0.318604 0.118530 -0.171122 -0.284571 -0.243511
0.871826 0.300659 0.070068 -0.130300 -0.004747 -0.134572
0.873901 0.326294 0.059937 -0.116771 0.452608 -0.027294
0.851807 0.345947 0.103516 -0.170648 0.556088 0.138607
0.895264 0.368652 0.087524 -0.213844 0.405615 0.299049
0.919556 0.366089 0.079346 -0.253717 0.232831 0.398494
0.956055 0.338623 0.099976 -0.290505 0.157594 0.424602
0.997803 0.334717 0.113525 -0.326106 0.163527 0.387814
1.019409 0.355347 0.126709 -0.353400 0.166376 0.314476
1.038208 0.343140 0.133301 -0.355298 0.137895 0.224524
1.037476 0.321289 0.134399 -0.332514 0.039398 0.129825
1.035278 0.320068 0.133423 -0.295963 -0.086629 0.030854
1.026855 0.319458 0.125488 -0.248733 -0.168512 -0.068354
1.024414 0.322388 0.113037 -0.193432 -0.223100 -0.163053
1.015503 0.320068 0.099121 -0.132673 -0.300947 -0.250869
0.983887 0.292358 0.085693 -0.073575 -0.407039 -0.323969
0.950806 0.247437 0.054565 -0.019699 -0.507434 -0.372862
0.903442 0.238892 0.030151 0.040111 -0.618271 -0.382830
0.868286 0.250854 0.012329 0.108227 -0.696356 -0.345567
0.861694 0.274048 0.001587 0.177531 -0.773967 -0.270331
0.854492 0.302856 -0.000488 0.232831 -0.828792 -0.173258
0.874146 0.323364 0.002563 0.255141 -0.844219 -0.079509
0.898804 0.329590 -0.000854 0.239476 -0.857748 -0.014240
0.926392 0.328735 -0.003052 0.192720 -0.866292 0.018038
0.951416 0.329468 -0.005859 0.124366 -0.837574 0.020886
0.960693 0.321289 -0.017212 0.049129 -0.744299 0.009019
0.970459 0.304810 -0.023315 -0.022310 -0.601895 -0.005696
0.975708 0.288696 -0.035156 -0.079984 -0.456168 -0.013766
0.952637 0.283691 -0.034546 -0.118195 -0.268669 -0.007120
0.934082 0.295654 -0.029785 -0.136708 -0.024921 0.009494
0.917969 0.308716 -0.024658 -0.140980 0.180616 0.029430
0.913818 0.313599 -0.013184 -0.135284 0.249682 0.051266
0.918823 0.317017 -0.008545 -0.123417 0.187736 0.075000
0.922241 0.322266 -0.005005 -0.105854 0.101107 0.096360
0.933350 0.318481 -0.002441 -0.085443 0.040111 0.110601
0.946655 0.315552 -0.004272 -0.063370 -0.004984 0.114398
0.961548 0.325439 -0.000977 -0.043196 -0.037737 0.108939
0.983887 0.334351 0.002197 -0.025395 -0.049367 0.093987
0.998413 0.329834 0.008789 -0.016851 -0.043671 0.068354
1.001099 0.318359 0.011475 -0.021361 -0.029430 0.035838
0.984375 0.309814 0.005493 -0.032516 0.004035 0.003323
0.971069 0.320801 0.006348 -0.041060 0.058623 -0.022547
0.963135 0.328491 -0.002319 -0.038449 0.113923 -0.034414
0.947998 0.326294 0.000854 -0.023734 0.140980 -0.032278
0.945923 0.325073 0.001831 -0.002848 0.127214 -0.022073
0.946533 0.319824 -0.001465 0.014715 0.096597 -0.005459
0.947510 0.324097 -0.000854 0.025633 0.084256 0.010443
0.945679 0.327271 0.007935 0.029668 0.105854 0.020886
0.950684 0.331055 0.005981 0.028243 0.137183 0.022310
0.962280 0.327515 0.010254 0.023971 0.158306 0.018038
0.959839 0.319824 0.016113 0.018038 0.177056 0.015664
0.952271 0.318115 0.015869 0.011630 0.198891 0.016139
0.953125 0.321289 0.010376 0.007832 0.227372 0.021361
0.944458 0.325806 0.015625 0.009494 0.248495 0.031804
0.944458 0.327759 0.012939 0.013766 0.250394 0.042721
0.937256 0.322510 0.001343 0.018038 0.228321 0.047231
0.942505 0.320068 0.006470 0.018987 0.193907 0.047705
0.951294 0.326050 0.002563 0.017089 0.154983 0.045095
0.956299 0.327148 0.007690 0.011155 0.110601 0.035601
0.961670 0.326294 0.005615 0.003085 0.077610 0.025633
0.962036 0.324219 0.005249 -0.005934 0.062183 0.015427
0.961304 0.317871 0.015869 -0.016139 0.063370 0.005696
0.963379 0.319336 0.019775 -0.027294 0.056012 0.003085
0.958740 0.319580 0.016968 -0.037500 0.062183 0.004984
0.955933 0.319580 0.024170 -0.044857 0.065981 0.008307
0.952759 0.314697 0.021851 -0.049604 0.061946 0.010443
0.959961 0.321045 0.027832 -0.050791 0.069778 0.008070
0.965942 0.326782 0.026733 -0.048180 0.094936 0.002136
0.957642 0.314941 0.029175 -0.042721 0.108227 -0.007358
0.947144 0.312134 0.032104 -0.037974 0.086392 -0.017563
0.947388 0.313721 0.029907 -0.031804 0.044620 -0.020649
0.942749 0.310791 0.038696 -0.023022 0.017801 -0.018275
0.949951 0.311401 0.037842 -0.015427 0.022547 -0.013766
0.941406 0.308716 0.036987 -0.010206 0.024446 -0.010680
0.946533 0.308105 0.037598 -0.005934 0.008782 -0.005696
0.953247 0.315186 0.036987 -0.001661 -0.007595 0.002611
0.946899 0.316284 0.036499 0.002848 -0.024446 0.012579
0.954224 0.311890 0.032104 0.004509 -0.047943 0.017326
0.957275 0.308960 0.032837 0.003323 -0.059810 0.015190
0.955811 0.316772 0.032104 0.001899 -0.044383 0.008307
0.958252 0.319458 0.032104 -0.000237 -0.032041 0.001424
0.949585 0.311646 0.024048 -0.000949 -0.042247 -0.006171
0.954956 0.302002 0.026001 0.000000 -0.071677 -0.008070
0.948486 0.308716 0.028442 0.004272 -0.084730 -0.002136
0.953247 0.321167 0.026855 0.014478 -0.066455 0.009019
0.960938 0.320679 0.027344 0.027531 -0.057199 0.018038
0.957642 0.314941 0.023315 0.036788 -0.066930 0.019699
0.956665 0.310669 0.021606 0.039398 -0.077136 0.012816
0.956299 0.316772 0.017334 0.037500 -0.074762 0.000712
0.954224 0.321655 0.011719 0.032753 -0.070965 -0.008070
0.962402 0.322510 0.000122 0.029193 -0.077373 -0.010680
0.959351 0.316895 0.006470 0.025158 -0.087579 -0.010443
0.958862 0.320190 0.002808 0.015664 -0.086867 -0.010206
0.958496 0.321533 0.001343 0.004272 -0.076186 -0.010206
0.956665 0.322144 -0.000610 -0.004747 -0.075712 -0.007595
0.960571 0.319458 0.006836 -0.012104 -0.077373 -0.002848
0.958130 0.320557 0.008911 -0.018513 -0.067167 0.000000
0.966309 0.323120 0.005249 -0.025633 -0.051266 -0.000949
0.966919 0.316406 0.006348 -0.033465 -0.038924 -0.006883
0.960693 0.313965 0.002075 -0.041535 -0.032041 -0.014715
0.960815 0.317871 0.000488 -0.047705 -0.027531 -0.018038
0.958984 0.313721 0.003540 -0.050791 -0.030380 -0.018750
0.961914 0.312500 0.015869 -0.049604 -0.026107 -0.019699
0.962769 0.310913 0.016968 -0.045095 -0.013291 -0.022310
0.956421 0.306274 0.017822 -0.038449 -0.010918 -0.023971
0.960571 0.309937 0.021240 -0.029193 -0.002373 -0.022785
0.963013 0.307007 0.021118 -0.020411 0.011867 -0.022785
0.960449 0.309570 0.023315 -0.017563 0.037262 -0.021835
0.955933 0.313354 0.026978 -0.015190 0.050316 -0.023497
0.957031 0.311157 0.018799 -0.013054 0.042247 -0.029905
0.952515 0.311279 0.016968 -0.011630 0.034414 -0.034177
0.948120 0.309692 0.016479 -0.013054 0.038686 -0.034652
0.939575 0.307007 0.010254 -0.020174 0.041772 -0.031092
0.938232 0.303467 0.007446 -0.029193 0.032990 -0.025870
0.934204 0.306641 0.011719 -0.034177 0.022547 -0.020174
0.938477 0.309204 0.008667 -0.033702 0.018513 -0.013528
0.936768 0.307373 0.009033 -0.028243 0.022547 -0.004984
0.937866 0.309326 0.010742 -0.022310 0.029193 0.008070
0.938599 0.310913 0.008667 -0.017563 0.036313 0.018513
0.938110 0.311157 0.009155 -0.017563 0.040111 0.024209
0.948975 0.313599 0.010010 -0.023497 0.042484 0.024921
0.955811 0.313599 0.010986 -0.036076 0.044857 0.022073
0.961548 0.312500 0.013672 -0.047943 0.040111 0.017089
0.965332 0.315918 0.014771 -0.060759 0.036313 0.013291
0.960083 0.317261 0.011597 -0.072626 0.023497 0.013054
0.955078 0.316650 0.015747 -0.087579 -0.033465 0.014478
0.954468 0.313965 -0.002075 -0.098496 -0.119857 0.012104
0.958252 0.296753 -0.013306 -0.097784 -0.042484 0.009019
0.953125 0.296387 0.001465 -0.097310 0.137895 0.013766
0.935669 0.316162 0.005615 -0.115822 0.206961 0.029668
0.949219 0.319214 0.003052 -0.137657 0.189635 0.055063
0.954834 0.312622 0.001831 -0.150474 0.195331 0.085443
0.958496 0.313721 0.009521 -0.158306 0.251343 0.107752
0.966919 0.316406 0.024658 -0.166376 0.306406 0.115822
0.986938 0.322388 0.030029 -0.173258 0.332276 0.108939
1.005127 0.321655 0.031738 -0.180141 0.319935 0.090901
0.988159 0.307739 0.032349 -0.192483 0.310441 0.070253
0.959106 0.300293 0.054688 -0.210996 0.355536 0.048417
0.958618 0.297607 0.076294 -0.232593 0.403478 0.040823
0.974854 0.309326 0.102783 -0.244698 0.405377 0.055063
0.993408 0.309082 0.118530 -0.240426 0.388051 0.083069
1.001953 0.299561 0.134033 -0.216217 0.356010 0.105142
0.999756 0.306030 0.145874 -0.183701 0.325631 0.105379
0.993896 0.307251 0.160645 -0.146439 0.279112 0.079746
0.984253 0.294556 0.171143 -0.103480 0.215030 0.039873
0.975464 0.281250 0.171753 -0.056724 0.153084 0.003085
0.967407 0.276611 0.171509 -0.006408 0.105616 -0.020411
