0.980103 0.352539 -0.477051 0.231079 -0.156372 0.017700
1.061401 0.314087 -0.664673 0.182251 -0.157471 0.090698
1.196411 0.355103 -0.816406 0.095825 -0.131104 0.093384
1.320068 0.368408 -0.938110 -0.008789 -0.111694 0.075317
1.376343 0.330078 -1.024414 -0.124146 -0.142578 0.027588
1.394165 0.257446 -1.074219 -0.251221 -0.185425 -0.032227
1.409058 0.194336 -1.127197 -0.384155 -0.178345 -0.058594
1.476318 0.119141 -1.167603 -0.523193 -0.133545 -0.029907
1.577271 0.056152 -1.213013 -0.672729 -0.065674 0.028809
1.707642 0.031250 -1.235229 -0.824707 -0.007935 0.060913
1.821289 0.061768 -1.255005 -0.952759 0.033569 0.037354
1.869385 0.132813 -1.239624 -1.068848 0.074707 -0.054199
1.830933 0.188477 -1.188477 -1.215454 0.156372 -0.220215
1.695801 0.204712 -1.127197 -1.402222 0.256836 -0.456543
1.497681 0.155029 -1.030151 -1.596558 0.272217 -0.711060
1.274292 0.093018 -0.840576 -1.758179 0.184814 -0.930664
1.060669 0.046997 -0.603149 -1.892944 0.096558 -1.065430
0.900269 0.001831 -0.288696 -2.066406 0.079102 -1.095703
0.741699 -0.028442 0.077393 -2.243530 0.169067 -1.072754
0.594360 -0.040405 0.410034 -2.357300 0.314819 -1.029663
0.467773 -0.009521 0.676636 -2.358154 0.471436 -0.984985
0.332886 0.014526 0.899902 -2.246094 0.581055 -0.964600
0.195190 0.025513 1.052246 -2.058716 0.508057 -0.956421
0.071411 0.028564 1.134888 -1.834717 0.307983 -0.919312
0.012695 0.086304 1.214233 -1.605347 0.089844 -0.852539
0.036865 0.137207 1.274170 -1.383057 -0.188110 -0.766968
0.066040 0.213379 1.314941 -1.175903 -0.367188 -0.670166
0.078003 0.290283 1.324219 -0.974976 -0.373291 -0.581543
0.066895 0.336304 1.291626 -0.802368 -0.299683 -0.495117
0.062012 0.376465 1.229492 -0.661255 -0.184326 -0.388916
0.075806 0.433716 1.154053 -0.520508 -0.013062 -0.277344
0.077271 0.477295 1.062744 -0.382324 0.134277 -0.196655
0.072998 0.505493 0.927856 -0.257446 0.204956 -0.142578
0.064331 0.525269 0.800171 -0.157349 0.243408 -0.101318
0.042969 0.511475 0.698730 -0.091797 0.278687 -0.069336
-0.002686 0.485229 0.607544 -0.035889 0.263428 -0.041504
-0.059570 0.458984 0.538208 0.018921 0.204712 -0.005981
-0.103516 0.428223 0.474731 0.056030 0.156982 0.059204
-0.166382 0.391235 0.371948 0.072998 0.147217 0.155762
-0.228516 0.321167 0.266602 0.077759 0.123169 0.274048
-0.235718 0.289551 0.208252 0.080200 0.014282 0.407104
-0.192261 0.271118 0.187012 0.072632 -0.150146 0.541992
-0.137085 0.238647 0.181396 0.016235 -0.185059 0.668457
-0.128662 0.183105 0.202271 -0.076294 -0.036865 0.785034
-0.123779 0.130249 0.195068 -0.121826 0.083252 0.907471
-0.104980 0.068726 0.168335 -0.107788 0.024292 1.041504
-0.054443 0.005615 0.101074 -0.060791 -0.216553 1.185547
0.112183 -0.058472 0.061890 -0.008179 -0.437134 1.342407
0.256714 -0.098022 0.035034 0.021362 -0.366821 1.507080
0.467773 -0.113770 0.013672 0.032959 -0.456543 1.667358
0.679932 -0.085083 -0.032715 0.019653 -0.567261 1.776123
0.851074 -0.055176 -0.083984 -0.018799 -0.601440 1.822388
1.006104 -0.030396 -0.111206 -0.089478 -0.588745 1.805908
1.188110 0.010254 -0.105103 -0.178711 -0.607544 1.754639
1.337524 0.032349 -0.067383 -0.278320 -0.635376 1.689697
1.430786 0.040894 -0.020264 -0.367676 -0.648438 1.611450
1.545044 0.090698 0.085938 -0.435547 -0.645142 1.524902
1.465454 0.075073 0.218140 -0.479370 -0.712036 1.412964
1.647217 0.164063 -0.017578 -0.501343 -1.047607 1.393799
1.858154 0.075073 0.192505 -0.508667 -1.913818 1.144653
2.012085 0.039063 0.105713 -0.490234 -1.525757 0.987549
2.075684 0.045776 0.215820 -0.511597 -0.605347 0.918579
2.114136 0.082153 0.289063 -0.493652 0.123535 0.853882
2.094971 0.125610 0.291992 -0.446289 0.256470 0.758179
2.098633 0.194336 0.246704 -0.394897 0.019165 0.619751
2.027344 0.202026 0.205566 -0.342773 0.170410 0.428833
1.899048 0.144897 0.195923 -0.348877 0.441528 0.267700
1.807861 0.125977 0.244141 -0.407837 0.670410 0.180542
1.685669 0.119751 0.299683 -0.434204 0.919312 0.098267
1.577271 0.119995 0.354370 -0.420776 1.042725 0.012085
1.464233 0.105957 0.400879 -0.392578 1.047241 -0.058960
1.348267 0.078735 0.425903 -0.351929 1.026367 -0.113159
1.246338 0.073486 0.415161 -0.310791 1.010498 -0.142822
1.183594 0.071655 0.441040 -0.278442 0.941528 -0.156006
1.123413 0.073975 0.457886 -0.253662 0.850708 -0.172363
1.064209 0.052979 0.484131 -0.229248 0.757202 -0.189453
1.008057 0.033325 0.497559 -0.205933 0.673096 -0.197632
0.964233 0.015991 0.495117 -0.180908 0.610474 -0.187622
0.932495 -0.002808 0.514404 -0.161865 0.569336 -0.160156
0.920288 -0.008301 0.539307 -0.142700 0.499268 -0.121948
0.920288 -0.013306 0.538086 -0.103394 0.433350 -0.084595
0.916748 -0.011841 0.528442 -0.060059 0.389648 -0.049683
0.911377 -0.002441 0.499634 -0.019775 0.337524 -0.015991
0.923218 0.005493 0.483521 0.014893 0.256104 0.005127
0.941406 0.022949 0.464722 0.039795 0.179199 0.007813
0.948242 0.029907 0.438965 0.051392 0.120483 -0.004028
0.955078 0.032227 0.426025 0.055176 0.064941 -0.024902
0.963135 0.036987 0.410156 0.057373 0.030396 -0.048584
0.958130 0.031372 0.416382 0.062012 -0.001709 -0.067505
0.964478 0.029419 0.421265 0.070068 -0.043335 -0.080566
0.966797 0.031494 0.418335 0.074463 -0.064941 -0.086182
0.951172 0.037476 0.410522 0.073120 -0.057983 -0.085938
0.935425 0.044800 0.398926 0.069946 -0.044678 -0.082520
0.925171 0.039795 0.376343 0.061890 -0.028198 -0.077393
0.903931 0.041992 0.367065 0.045776 0.007690 -0.067017
0.870728 0.044434 0.343994 0.033813 0.017456 -0.052246
0.864014 0.045288 0.338867 0.025269 -0.003784 -0.036499
0.872803 0.053955 0.344604 0.019531 -0.039551 -0.026978
0.889038 0.057983 0.355957 0.013428 -0.068115 -0.021118
0.902100 0.063965 0.356812 0.007568 -0.072754 -0.015259
0.906860 0.052856 0.355347 -0.005005 -0.046021 -0.009888
0.916748 0.043457 0.349854 -0.022217 -0.017944 -0.002563
0.932739 0.045166 0.343750 -0.033569 -0.001831 0.001465
0.943481 0.046143 0.347412 -0.048828 0.024292 -0.000977
0.936768 0.044800 0.366333 -0.064941 0.050293 -0.008301
0.927856 0.042480 0.380859 -0.065552 0.047485 -0.018555
0.923706 0.036011 0.389282 -0.058350 0.032104 -0.027222
0.916260 0.032471 0.401733 -0.046997 0.012085 -0.031250
0.912231 0.024292 0.410522 -0.035645 -0.007813 -0.028564
0.912598 0.025269 0.409912 -0.026733 -0.005859 -0.017334
0.913330 0.037720 0.395264 -0.017700 0.004761 -0.004272
0.923340 0.037476 0.377686 -0.015259 0.008789 0.002197
0.927734 0.039063 0.377930 -0.025146 0.015137 0.002441
0.932983 0.043701 0.391724 -0.035156 0.019043 -0.000244
0.937256 0.049316 0.411987 -0.040771 0.017212 -0.007690
0.940918 0.045410 0.413452 -0.034546 -0.004639 -0.019409
0.934448 0.043579 0.413940 -0.025024 -0.010254 -0.029053
0.938721 0.043823 0.408325 -0.021118 0.002197 -0.029297
0.944946 0.038086 0.408325 -0.020752 0.011353 -0.028320
0.943115 0.044067 0.402222 -0.020874 0.028931 -0.029785
0.942139 0.051636 0.393921 -0.020264 0.050415 -0.030762
0.924316 0.045654 0.391235 -0.020630 0.057861 -0.027100
0.918335 0.043823 0.391968 -0.016846 0.039917 -0.023560
0.917847 0.045776 0.395020 -0.011475 0.014404 -0.021851
0.916870 0.046387 0.399902 -0.015625 0.008667 -0.019897
0.912476 0.040283 0.410522 -0.023560 0.024414 -0.016357
0.909668 0.043213 0.415527 -0.026978 0.033447 -0.010498
0.912842 0.047729 0.418213 -0.022827 0.024780 -0.008911
0.924194 0.052246 0.418091 -0.010742 -0.009155 -0.014648
0.930420 0.054199 0.416748 -0.002563 -0.040527 -0.025513
0.929932 0.045776 0.414429 -0.003906 -0.046265 -0.037109
0.915405 0.044678 0.422119 -0.007324 -0.031982 -0.040039
0.909912 0.042847 0.432129 -0.008423 -0.018311 -0.035034
0.914795 0.045654 0.433472 -0.003784 -0.016357 -0.024414
0.923828 0.050415 0.422241 0.004150 -0.007690 -0.010376
0.922607 0.057251 0.413208 0.015259 -0.000732 -0.004395
0.924927 0.055542 0.409302 0.023438 -0.012085 -0.007324
0.922852 0.063110 0.398071 0.029297 -0.035400 -0.011230
0.922241 0.066772 0.391724 0.028809 -0.050171 -0.016113
0.915894 0.065063 0.386719 0.021240 -0.050415 -0.017212
0.918091 0.064209 0.375366 0.015869 -0.050903 -0.015381
0.919067 0.068848 0.370605 0.017090 -0.052124 -0.015625
0.917603 0.065308 0.359375 0.016846 -0.056763 -0.017700
0.916260 0.066772 0.359009 0.010864 -0.044189 -0.016602
0.917480 0.068970 0.360840 0.006348 -0.030762 -0.013550
0.914673 0.065186 0.361206 0.005005 -0.032837 -0.014160
0.911621 0.062012 0.371948 -0.001709 -0.038574 -0.015137
0.909790 0.060059 0.386475 -0.010132 -0.042114 -0.012817
0.921021 0.056274 0.397339 -0.011719 -0.045654 -0.011475
0.923218 0.058838 0.400879 -0.008301 -0.042114 -0.008301
