0.755615 0.230591 -0.919556 -0.365356 -0.414673 -0.062866
0.756470 0.219238 -0.784180 -0.361572 -0.227173 -0.005371
0.721802 0.211426 -0.847534 -0.298462 -0.205200 0.045776
0.663330 0.142456 -0.924194 -0.266357 -0.116455 0.090210
0.673950 0.137451 -0.962036 -0.279663 0.026367 0.128784
0.663208 0.227905 -0.942993 -0.319336 0.197021 0.171509
0.705322 0.219360 -0.994019 -0.336914 0.221680 0.264038
0.785645 0.154175 -1.049072 -0.368652 0.194214 0.334229
0.879517 0.088867 -1.110840 -0.414917 0.205811 0.336670
0.935425 0.051636 -1.196655 -0.444702 0.275513 0.297607
0.949097 0.021362 -1.318970 -0.449829 0.390381 0.266357
0.925293 -0.005493 -1.484253 -0.453857 0.526245 0.267090
0.905518 -0.016846 -1.694336 -0.494507 0.648071 0.299683
0.897217 0.015747 -1.907715 -0.593140 0.715576 0.337158
0.879028 0.060425 -2.061768 -0.762939 0.751343 0.336792
0.880371 0.066162 -2.108887 -1.008057 0.779541 0.288818
0.938599 0.041626 -2.081421 -1.319336 0.761719 0.214111
1.048706 0.003296 -1.978394 -1.687622 0.611206 0.151367
1.162720 -0.013550 -1.793457 -2.076660 0.410522 0.139648
1.270386 -0.030396 -1.578491 -2.437866 0.245728 0.167969
1.352661 -0.061401 -1.383057 -2.763550 0.167480 0.210083
1.416260 -0.080322 -1.166992 -3.055908 0.140015 0.232666
1.423584 -0.111938 -0.982788 -3.313843 0.090454 0.215332
1.343750 -0.150879 -0.839111 -3.541138 0.005249 0.170776
1.228882 -0.187622 -0.663208 -3.744751 -0.067261 0.132935
1.117188 -0.234863 -0.462769 -3.910522 -0.161133 0.127319
1.026855 -0.288086 -0.259766 -4.000000 -0.333618 0.161499
0.975586 -0.331055 -0.092651 -4.000000 -0.555298 0.224731
0.991821 -0.320190 0.121460 -4.000000 -0.753052 0.295288
1.048096 -0.294189 0.328491 -4.000000 -0.862183 0.323486
1.129395 -0.264404 0.575806 -3.894165 -0.915039 0.274048
1.217651 -0.214844 0.826416 -3.672485 -0.933228 0.154297
1.252563 -0.156250 1.028687 -3.332031 -0.901123 -0.031982
1.249268 -0.093262 1.194092 -2.878296 -0.872681 -0.238892
1.215210 -0.011719 1.291870 -2.350098 -0.857910 -0.444702
1.137817 0.059448 1.321777 -1.803223 -0.792480 -0.646606
1.018311 0.102661 1.241943 -1.282593 -0.672974 -0.820313
0.834106 0.143555 1.045654 -0.834839 -0.542847 -0.935425
0.692017 0.186768 0.869629 -0.505493 -0.368408 -0.959473
0.595093 0.214478 0.716675 -0.271118 -0.277832 -0.899292
0.539307 0.243652 0.573120 -0.109131 -0.161987 -0.816162
0.494263 0.284668 0.447266 -0.009155 -0.066772 -0.730957
0.449219 0.325317 0.352539 0.040039 -0.024780 -0.641724
0.422119 0.352783 0.286987 0.055664 -0.003784 -0.543213
0.423218 0.382568 0.225952 0.049805 0.014526 -0.431152
0.432739 0.415405 0.192017 0.035400 0.023682 -0.319580
0.448730 0.448975 0.169556 0.031006 0.012573 -0.231445
0.470947 0.470581 0.137817 0.033325 -0.015259 -0.173706
0.485718 0.484375 0.112427 0.032593 -0.031006 -0.143921
0.480835 0.491821 0.095459 0.022217 -0.017822 -0.128174
0.464355 0.490601 0.077393 0.002319 0.029053 -0.107422
0.426025 0.492798 0.081177 -0.018677 0.104126 -0.080078
0.367676 0.500488 0.074585 -0.032349 0.169800 -0.047729
0.312988 0.474243 0.065918 -0.052124 0.233276 -0.003418
0.257080 0.446045 0.062744 -0.075317 0.293091 0.072754
0.196411 0.433472 0.069580 -0.083130 0.338135 0.182007
0.169067 0.425903 0.066650 -0.062500 0.345581 0.307861
0.169556 0.438232 0.062256 -0.023438 0.338379 0.421143
0.171509 0.445190 0.057007 0.022705 0.313843 0.508789
0.170776 0.441528 0.046997 0.069336 0.257813 0.580811
0.159058 0.413452 0.029053 0.112671 0.179321 0.650024
0.154663 0.390991 0.003540 0.162354 0.083984 0.727661
0.170166 0.383911 -0.015503 0.218628 -0.011841 0.814575
0.194092 0.375977 -0.035034 0.275024 -0.100342 0.895020
0.197266 0.348755 -0.075806 0.321533 -0.188232 0.962524
0.199219 0.296265 -0.133545 0.336304 -0.286987 1.059692
0.217285 0.259399 -0.174438 0.312744 -0.349121 1.195801
0.262451 0.219604 -0.189819 0.266846 -0.329712 1.342163
0.330444 0.188354 -0.163818 0.218140 -0.254517 1.471069
0.388550 0.166992 -0.140625 0.178467 -0.164185 1.558105
0.420288 0.140503 -0.118774 0.146973 -0.104370 1.591553
0.430298 0.089355 -0.108032 0.121582 -0.109253 1.591797
0.409668 0.045410 -0.109375 0.106079 -0.167236 1.584717
0.379395 -0.006958 -0.105591 0.105835 -0.218872 1.594727
0.350342 -0.094604 -0.108398 0.112793 -0.241455 1.659180
0.352051 -0.196411 -0.126953 0.123291 -0.261475 1.787842
0.372803 -0.273804 -0.144531 0.142334 -0.259766 1.948608
0.437256 -0.355835 -0.143799 0.165771 -0.237549 2.131226
0.592163 -0.440918 -0.131470 0.162964 -0.223267 2.366455
0.790405 -0.481812 -0.103271 0.141357 -0.186157 2.582153
0.940063 -0.484009 -0.071533 0.143066 -0.118164 2.675537
1.032593 -0.425537 -0.062622 0.195190 -0.102417 2.630005
1.059326 -0.394043 -0.113037 0.291260 -0.203247 2.468140
1.037476 -0.442871 -0.217896 0.396118 -0.391724 2.263428
1.016479 -0.568848 -0.336670 0.450562 -0.540771 2.120972
1.043579 -0.718018 -0.405151 0.398315 -0.521362 2.120483
1.113037 -0.812500 -0.409058 0.255371 -0.297607 2.213623
1.170776 -0.833862 -0.336548 0.094116 0.050049 2.281250
1.180908 -0.799805 -0.273926 -0.003784 0.331909 2.254761
1.170166 -0.817871 -0.307007 -0.018066 0.355591 2.153931
1.183228 -0.971191 -0.425781 0.007080 0.112305 2.050537
1.274170 -1.241577 -0.562988 0.010132 -0.237671 2.009521
1.478394 -1.463989 -0.605713 -0.037109 -0.524048 2.072754
1.737915 -1.520630 -0.519897 -0.116333 -0.613037 2.158691
1.967407 -1.396240 -0.359497 -0.208862 -0.511597 2.120361
2.103394 -1.207520 -0.180420 -0.275635 -0.419922 1.927856
2.161499 -1.038086 -0.052002 -0.279663 -0.362061 1.625854
2.119751 -0.931396 -0.006348 -0.218506 -0.274902 1.249634
1.959106 -0.883179 -0.025879 -0.115845 -0.183350 0.848633
1.741211 -0.876221 -0.075928 -0.019897 -0.085449 0.500122
1.546509 -0.885620 -0.159668 0.033447 0.056519 0.267090
1.386475 -0.911621 -0.228638 0.024536 0.226807 0.157837
1.257324 -0.932373 -0.276123 -0.029175 0.405884 0.135376
1.159546 -0.959717 -0.305908 -0.100342 0.558594 0.173096
1.105713 -0.985352 -0.328979 -0.179077 0.574341 0.260010
1.128174 -0.989990 -0.313843 -0.255859 0.498047 0.361328
1.176514 -0.963989 -0.256958 -0.303711 0.391235 0.428345
1.239014 -0.906616 -0.173218 -0.293213 0.266113 0.430542
1.274536 -0.854248 -0.079712 -0.228882 0.128052 0.362549
1.262695 -0.804688 -0.018433 -0.130371 -0.015015 0.239990
1.198853 -0.787109 -0.001953 -0.021362 -0.130615 0.101685
1.121460 -0.784058 -0.031860 0.080444 -0.184937 -0.018555
1.049316 -0.783813 -0.067993 0.164063 -0.180786 -0.106567
0.988892 -0.766357 -0.106934 0.220703 -0.130249 -0.161865
0.942749 -0.750000 -0.131104 0.249390 -0.058228 -0.192993
0.899780 -0.747192 -0.152588 0.259766 0.015869 -0.209473
0.858154 -0.745483 -0.177124 0.258423 0.082764 -0.210083
0.810547 -0.738403 -0.190918 0.255005 0.129517 -0.200928
0.769897 -0.735474 -0.204956 0.259521 0.134033 -0.186646
0.745239 -0.718018 -0.223999 0.267456 0.108276 -0.164063
0.746582 -0.696777 -0.229614 0.264404 0.069214 -0.136108
0.757813 -0.676392 -0.214600 0.247070 0.021118 -0.111206
0.769897 -0.674072 -0.192871 0.223022 -0.016602 -0.094360
0.775146 -0.677124 -0.175293 0.199585 -0.034302 -0.084717
0.780518 -0.679688 -0.159790 0.179321 -0.035767 -0.079102
0.785156 -0.685181 -0.144775 0.165161 -0.031128 -0.079468
0.792725 -0.690552 -0.135620 0.160522 -0.031860 -0.082520
0.790771 -0.701294 -0.130859 0.161743 -0.041870 -0.089233
0.790283 -0.701050 -0.122192 0.166138 -0.057617 -0.097168
0.782349 -0.704956 -0.120239 0.176392 -0.076294 -0.104980
0.772827 -0.705688 -0.129761 0.191162 -0.095581 -0.112183
0.759033 -0.706787 -0.148315 0.201050 -0.105713 -0.116211
0.749878 -0.699097 -0.160156 0.198853 -0.106445 -0.111450
0.744507 -0.694702 -0.166504 0.188599 -0.109863 -0.099487
0.752930 -0.691040 -0.165405 0.175171 -0.121948 -0.089478
0.759644 -0.690186 -0.156494 0.163452 -0.139160 -0.081787
0.770874 -0.691528 -0.147095 0.155151 -0.159424 -0.075562
0.784912 -0.687012 -0.136353 0.150635 -0.185791 -0.073364
0.793335 -0.686279 -0.126221 0.152954 -0.218628 -0.078491
0.793091 -0.686523 -0.127563 0.159790 -0.253174 -0.088135
0.790283 -0.688110 -0.128784 0.162476 -0.275269 -0.097290
0.787354 -0.692139 -0.135254 0.163574 -0.285400 -0.103760
0.782104 -0.695801 -0.142578 0.164307 -0.286011 -0.107666
0.777832 -0.697876 -0.156860 0.164673 -0.282593 -0.110107
0.773926 -0.698120 -0.166260 0.164429 -0.285645 -0.110107
0.772827 -0.700806 -0.168579 0.161011 -0.303589 -0.104126
0.785034 -0.705200 -0.169434 0.154297 -0.322510 -0.092529
0.803467 -0.698486 -0.151733 0.151611 -0.316650 -0.081543
0.823486 -0.684692 -0.140259 0.155518 -0.306641 -0.078491
0.838013 -0.674316 -0.131348 0.159180 -0.310913 -0.087036
