1.067505 0.183228 -0.188843 -0.217878 -0.093987 -0.614949
1.041870 0.200317 -0.191895 -0.270805 -0.094461 -0.719616
1.010010 0.192749 -0.195435 -0.323495 -0.068354 -0.762574
0.963257 0.177856 -0.192505 -0.390425 0.009494 -0.729347
0.924194 0.160767 -0.181763 -0.451421 0.127926 -0.625154
0.894897 0.160034 -0.151978 -0.484886 0.229508 -0.473494
0.902344 0.167847 -0.112305 -0.475630 0.276501 -0.311153
0.923828 0.195923 -0.120605 -0.413447 0.248258 -0.166850
0.929810 0.097168 -0.080444 -0.327055 0.245885 -0.079034
0.960449 0.141235 -0.123901 -0.232119 0.218828 -0.038449
0.887817 0.169434 -0.003906 -0.160205 0.167800 -0.019462
0.867188 0.150757 -0.114258 -0.039161 -0.263922 0.077136
0.936523 0.111938 -0.102173 0.139556 -0.381643 0.235442
0.929565 0.114258 -0.120361 0.247309 -0.429349 0.400868
0.968994 0.127441 -0.171265 0.251581 -0.271992 0.500788
0.969849 0.106079 -0.200562 0.210758 -0.095648 0.518114
1.016602 0.146484 -0.198242 0.150236 -0.017089 0.470171
1.019043 0.144287 -0.222534 0.087579 -0.034177 0.398020
1.037476 0.122803 -0.216919 0.034177 -0.059810 0.317324
1.033447 0.109497 -0.224854 -0.010206 -0.123417 0.220726
1.031128 0.093750 -0.224609 -0.047468 -0.120569 0.132199
1.014160 0.096680 -0.209106 -0.085680 -0.046993 0.063607
0.977661 0.122681 -0.198486 -0.131012 0.065743 0.012579
0.961060 0.119751 -0.204468 -0.170410 0.135996 -0.015427
0.941528 0.112793 -0.192627 -0.194382 0.167562 -0.013766
0.934570 0.114990 -0.179932 -0.211945 0.197704 0.001661
0.915649 0.120361 -0.162598 -0.224999 0.205299 0.008782
0.924438 0.140503 -0.145630 -0.229033 0.159967 0.003085
0.937134 0.130981 -0.136963 -0.219777 0.077373 0.003560
0.941650 0.129150 -0.121948 -0.199366 0.009494 0.012579
0.942627 0.137695 -0.112061 -0.175869 -0.025633 0.025633
0.950073 0.138184 -0.113281 -0.157594 -0.069303 0.041772
0.982666 0.129517 -0.124512 -0.144303 -0.122705 0.070727
1.012817 0.143311 -0.139038 -0.143116 -0.124604 0.104192
1.041504 0.137939 -0.156372 -0.169698 -0.087816 0.111313
1.050537 0.125244 -0.158691 -0.219777 -0.005459 0.082357
1.048096 0.126343 -0.167603 -0.277925 0.095411 0.039398
1.028076 0.141602 -0.160156 -0.333226 0.168512 0.000237
1.007324 0.131104 -0.159912 -0.380456 0.206723 -0.031092
0.985229 0.115967 -0.142578 -0.418431 0.219540 -0.056487
0.977173 0.121948 -0.130981 -0.444064 0.195331 -0.075474
0.966309 0.115723 -0.127808 -0.454269 0.165901 -0.080221
0.959473 0.109009 -0.130737 -0.448573 0.112025 -0.078560
0.969971 0.110107 -0.130737 -0.434570 0.012104 -0.073575
0.981812 0.106445 -0.143555 -0.414633 -0.078560 -0.069541
0.977051 0.112671 -0.151001 -0.395646 -0.130774 -0.067167
0.984619 0.118530 -0.167847 -0.377608 -0.167562 -0.066455
0.975098 0.094727 -0.202881 -0.350552 -0.179904 -0.056724
0.949097 0.108643 -0.222168 -0.323969 -0.204113 -0.041297
0.939087 0.125366 -0.246460 -0.310204 -0.213844 -0.025870
0.930908 0.124390 -0.266602 -0.312577 -0.215742 -0.007120
0.946411 0.148682 -0.284912 -0.336311 -0.226660 0.012816
0.953247 0.151001 -0.300659 -0.373574 -0.205299 0.026107
0.959351 0.152100 -0.312012 -0.415108 -0.183227 0.016614
0.969849 0.146484 -0.329346 -0.461390 -0.154271 -0.022547
0.959473 0.140869 -0.334961 -0.507671 -0.113449 -0.063845
0.939331 0.143433 -0.351318 -0.555614 -0.131012 -0.084730
0.946899 0.145386 -0.354248 -0.604268 -0.196280 -0.066930
0.963867 0.124146 -0.360474 -0.650075 -0.236154 0.000000
0.958618 0.117798 -0.352417 -0.698255 -0.207910 0.075474
0.966187 0.127197 -0.337646 -0.745486 -0.246597 0.116059
1.000854 0.132935 -0.331543 -0.770644 -0.286232 0.129350
0.993286 0.122681 -0.331421 -0.770169 -0.362656 0.125553
0.981201 0.121216 -0.333740 -0.772543 -0.384017 0.106328
0.989624 0.114380 -0.343262 -0.788919 -0.412972 0.112262
0.994507 0.109985 -0.336182 -0.831403 -0.439080 0.144540
1.014282 0.110352 -0.312500 -0.910912 -0.379744 0.185837
1.037720 0.089600 -0.282959 -1.006323 -0.230695 0.220964
1.049683 0.083862 -0.235596 -1.090816 -0.129588 0.226660
1.042725 0.066772 -0.211304 -1.147540 -0.085917 0.198179
1.030762 0.062866 -0.167358 -1.171749 -0.013291 0.157119
1.001221 0.051514 -0.136353 -1.171986 -0.023497 0.140505
1.007935 0.042114 -0.100098 -1.153711 -0.000475 0.138132
0.999023 0.056030 -0.079956 -1.127841 -0.001187 0.141692
1.017456 0.052856 -0.049072 -1.103395 0.032041 0.143354
1.008179 0.052002 -0.035645 -1.068743 0.013054 0.128164
1.011719 0.051880 -0.014160 -1.021275 -0.047943 0.101344
1.004028 0.057007 -0.004150 -0.970959 -0.138369 0.081408
1.006958 0.058838 0.016113 -0.931323 -0.225236 0.081882
1.016113 0.066284 0.034180 -0.900469 -0.285283 0.086155
1.026245 0.070435 0.065186 -0.876260 -0.341533 0.090664
1.038330 0.076294 0.089233 -0.851814 -0.341770 0.087579
1.045654 0.078247 0.107788 -0.817400 -0.429586 0.068829
1.059570 0.080444 0.141235 -0.767321 -0.536864 0.025870
1.075928 0.076172 0.155273 -0.710834 -0.623730 -0.020411
1.079956 0.073853 0.176392 -0.655059 -0.667876 -0.048180
1.067139 0.084595 0.177368 -0.606404 -0.583620 -0.038449
1.061890 0.090454 0.181274 -0.571278 -0.394460 0.005221
1.046387 0.098999 0.186035 -0.545408 -0.181328 0.056012
1.025146 0.123047 0.175171 -0.517877 -0.048417 0.080458
1.010132 0.135864 0.172852 -0.468747 -0.020174 0.068829
0.992432 0.132202 0.175781 -0.407513 -0.070490 0.041297
0.982178 0.122681 0.185791 -0.354824 -0.106803 0.019225
0.987915 0.119141 0.201294 -0.317087 -0.118433 0.015664
1.008789 0.115356 0.209961 -0.277213 -0.116059 0.025158
1.029053 0.108154 0.214111 -0.216217 -0.074525 0.036788
1.051392 0.096680 0.211060 -0.137183 -0.047943 0.034889
1.061646 0.085327 0.201538 -0.050553 -0.017801 0.012342
1.070801 0.072144 0.185059 0.031566 -0.003797 -0.023971
1.063721 0.048096 0.154419 0.107990 0.004509 -0.066218
1.061157 0.024170 0.127930 0.176344 0.012104 -0.104904
1.056763 0.001099 0.105347 0.230932 0.012104 -0.134335
1.048462 -0.024170 0.077637 0.283859 -0.006171 -0.167325
1.036865 -0.037109 0.051880 0.346754 -0.018275 -0.216454
1.006714 -0.061157 0.004883 0.407513 0.014478 -0.279587
0.951416 -0.083862 -0.033936 0.445250 0.093749 -0.347704
0.869629 -0.073120 -0.054199 0.445013 0.202214 -0.412735
0.789551 -0.075317 -0.072144 0.420804 0.345805 -0.463051
0.720215 -0.085815 -0.092896 0.392561 0.444776 -0.492956
0.648438 -0.092041 -0.101807 0.369776 0.482513 -0.496041
0.585571 -0.107788 -0.116699 0.361469 0.549443 -0.467086
0.512329 -0.133667 -0.140015 0.371912 0.586468 -0.407513
0.452393 -0.136230 -0.162842 0.403004 0.532592 -0.325631
0.419922 -0.129028 -0.187866 0.440504 0.437655 -0.208859
0.407593 -0.131592 -0.213135 0.459491 0.368352 -0.062420
0.422974 -0.088013 -0.233521 0.445725 0.346279 0.090189
0.436157 0.005981 -0.243286 0.408937 0.356485 0.233305
0.459595 0.062744 -0.256958 0.368352 0.365741 0.339397
0.458740 0.112549 -0.276001 0.342245 0.237340 0.373099
0.461792 0.165771 -0.300781 0.329903 -0.055063 0.343906
0.470459 0.205444 -0.322510 0.307356 -0.449285 0.292166
0.528442 0.188232 -0.336304 0.249682 -0.869377 0.258226
0.651001 0.173828 -0.341187 0.164714 -1.201179 0.279587
0.773804 0.182861 -0.340820 0.071202 -1.322935 0.359571
0.900513 0.194824 -0.322998 -0.020174 -1.244850 0.456168
0.980225 0.204590 -0.306885 -0.098734 -1.016766 0.529269
1.029297 0.203003 -0.273804 -0.149524 -0.708223 0.581484
1.060059 0.194824 -0.237305 -0.164477 -0.407751 0.634173
1.135498 0.190308 -0.220459 -0.138132 -0.092800 0.721514
1.206055 0.187866 -0.228516 -0.075949 0.229745 0.857036
1.273682 0.189941 -0.242188 -0.001899 0.449285 0.981877
1.341187 0.200806 -0.267456 0.053164 0.528794 1.027209
1.380981 0.197510 -0.278442 0.057199 0.557512 0.976893
1.406738 0.192993 -0.278809 0.007832 0.562734 0.863919
1.403931 0.188843 -0.262939 -0.070253 0.507434 0.732195
1.373169 0.166138 -0.233521 -0.150948 0.460678 0.611389
1.329346 0.139282 -0.186890 -0.217878 0.448810 0.518351
1.265747 0.123047 -0.148193 -0.255141 0.468984 0.471832
1.208740 0.113403 -0.104248 -0.260125 0.495804 0.478003
1.157471 0.111084 -0.075073 -0.234255 0.516215 0.523335
1.109375 0.109009 -0.047974 -0.186549 0.520962 0.586468
1.092285 0.106323 -0.032837 -0.119382 0.496753 0.650550
1.079346 0.093506 -0.032593 -0.027294 0.430061 0.714394
1.093384 0.076172 -0.037598 0.081170 0.320884 0.779663
1.122437 0.070068 -0.070435 0.172784 0.211945 0.831640
1.170044 0.074951 -0.100098 0.227609 0.121993 0.854188
1.195801 0.060913 -0.125000 0.237815 0.070015 0.841134
1.214966 0.057129 -0.136597 0.213369 0.047468 0.797938
1.206299 0.047363 -0.127197 0.166376 0.041297 0.741688
1.191162 0.030884 -0.113037 0.120806 0.020649 0.673334
