0.536255 0.127197 -0.916260 0.521911 1.119534 -0.794378
0.458252 0.031006 -1.033813 0.617085 0.456880 -0.602607
0.462769 0.059937 -1.163696 0.692084 -0.137895 -0.383067
0.362183 0.066040 -1.378052 0.642717 -0.331327 -0.196043
0.284668 -0.016846 -1.578125 0.419855 -0.131012 0.041060
0.318970 -0.002441 -1.609375 0.024683 0.243274 0.340109
0.349243 0.034912 -1.610474 -0.403004 0.403004 0.639632
0.399536 0.073608 -1.809814 -0.696356 0.562734 0.805058
0.500488 0.060791 -1.878296 -0.967162 0.342245 0.867953
0.642090 -0.061157 -2.026855 -1.344770 -0.041772 0.803160
0.770752 -0.133179 -2.078003 -1.836064 -0.531880 0.641056
0.890381 -0.190308 -1.993530 -2.396662 -1.035278 0.455219
0.981812 -0.265015 -1.791260 -2.983605 -1.435197 0.309254
1.095337 -0.350952 -1.499512 -3.540168 -1.650939 0.213369
1.210815 -0.429443 -1.057983 -4.006779 -1.754657 0.168512
1.370605 -0.463501 -0.614380 -4.334783 -1.608218 0.171597
1.487305 -0.482178 -0.067871 -4.453216 -1.476731 0.207198
1.633911 -0.403076 0.376953 -4.304878 -1.334802 0.232831
1.695801 -0.304932 0.848877 -3.889295 -1.289944 0.191771
1.771240 -0.240479 1.111084 -3.276957 -1.263600 0.071914
1.726074 -0.156982 1.329712 -2.616202 -1.326495 -0.123417
1.626709 -0.041748 1.435059 -1.992946 -1.337412 -0.339397
1.466797 0.007690 1.430542 -1.409089 -1.428314 -0.492244
1.331177 0.084229 1.379395 -0.901656 -1.356874 -0.546120
1.187012 0.097290 1.200073 -0.434333 -1.267635 -0.522386
1.077515 0.115723 1.003418 -0.041060 -1.149439 -0.466848
0.963623 0.133789 0.757202 0.285046 -1.014392 -0.397545
0.876221 0.145752 0.508423 0.530693 -0.904979 -0.319935
0.797852 0.146729 0.270386 0.676657 -0.804346 -0.263210
0.711548 0.135498 0.056030 0.737179 -0.689236 -0.215268
0.631958 0.135254 -0.115356 0.743824 -0.585044 -0.159493
0.581421 0.141724 -0.258789 0.710122 -0.512655 -0.087341
0.576904 0.145386 -0.366699 0.638208 -0.464000 -0.006171
0.607056 0.130615 -0.421631 0.509095 -0.368589 0.056724
0.632813 0.103638 -0.419678 0.337735 -0.187261 0.080221
0.632324 0.088623 -0.377808 0.178955 0.048655 0.072863
0.589966 0.053223 -0.339355 0.075000 0.272467 0.069541
0.549561 0.021851 -0.272339 0.029430 0.430773 0.108227
0.509277 -0.011108 -0.220215 0.055063 0.524047 0.200315
0.481445 -0.017456 -0.191772 0.155458 0.535440 0.319697
0.464233 -0.030518 -0.205933 0.291217 0.504585 0.457117
0.461548 -0.024902 -0.227905 0.410836 0.453795 0.612813
0.517090 0.015747 -0.272217 0.496991 0.430773 0.766609
0.608521 0.056396 -0.323364 0.534490 0.419855 0.879820
0.680542 0.065918 -0.344116 0.492718 0.451184 0.892874
0.710327 0.059814 -0.341431 0.384491 0.567955 0.818112
0.718262 0.043579 -0.333252 0.299523 0.674758 0.759726
0.745483 0.012573 -0.364624 0.307593 0.691610 0.790106
0.836182 0.013672 -0.425659 0.402054 0.550155 0.900706
0.994263 0.056885 -0.508545 0.524997 0.289555 1.026971
1.213623 0.130615 -0.614258 0.604743 0.033702 1.060199
1.390625 0.185425 -0.726807 0.591215 -0.149050 0.938206
1.454834 0.212769 -0.797119 0.473257 -0.190110 0.704901
1.451782 0.228638 -0.808716 0.294065 -0.086867 0.463763
1.427246 0.230225 -0.769287 0.114635 0.106091 0.294539
1.376953 0.233032 -0.689331 -0.018513 0.360283 0.190822
1.275879 0.220825 -0.638184 -0.084968 0.647464 0.106803
1.148315 0.221802 -0.610229 -0.082120 0.843982 0.068354
1.059692 0.215576 -0.605713 -0.031329 0.834488 0.103955
1.015625 0.213135 -0.595093 0.023734 0.694458 0.180853
0.987549 0.218506 -0.584595 0.065269 0.511706 0.228084
1.006836 0.234253 -0.578247 0.089477 0.336549 0.232593
1.038452 0.222412 -0.582764 0.095648 0.188211 0.200315
1.064575 0.211792 -0.577271 0.062895 0.117483 0.141455
1.091431 0.184326 -0.574341 -0.003560 0.129350 0.077136
1.079102 0.161865 -0.558960 -0.065743 0.148575 0.031329
1.079468 0.122070 -0.548584 -0.098496 0.140031 0.018987
1.105103 0.119385 -0.516113 -0.101819 0.095648 0.040823
1.130981 0.107178 -0.481812 -0.080696 0.062420 0.061946
1.149048 0.110229 -0.472412 -0.046044 0.073338 0.047943
1.146606 0.115479 -0.480591 -0.011630 0.061946 -0.003797
1.117065 0.115601 -0.488892 -0.002848 0.040348 -0.070253
1.073120 0.104980 -0.478027 -0.030854 0.045332 -0.126977
1.030151 0.098145 -0.449829 -0.079272 0.077373 -0.154983
0.997681 0.095459 -0.408447 -0.110838 0.093749 -0.159730
0.980103 0.081787 -0.385376 -0.103006 0.078560 -0.166850
0.953613 0.077148 -0.372925 -0.060522 0.028718 -0.183939
0.941162 0.072876 -0.371704 0.000949 -0.043671 -0.200078
0.924316 0.075562 -0.380737 0.055300 -0.089240 -0.210046
0.905029 0.068726 -0.395996 0.082832 -0.095885 -0.210758
0.893433 0.072998 -0.406372 0.081882 -0.091376 -0.197230
0.899902 0.072998 -0.406494 0.065031 -0.074050 -0.170648
0.912109 0.069946 -0.410278 0.039873 -0.068117 -0.145252
0.921265 0.069092 -0.404053 0.014715 -0.069541 -0.127689
0.931030 0.068970 -0.397217 -0.000475 -0.066218 -0.119145
0.927124 0.063843 -0.399902 -0.002611 -0.071677 -0.114161
0.931274 0.060669 -0.395996 -0.005221 -0.080458 -0.107990
0.928711 0.059448 -0.387573 -0.014478 -0.085443 -0.105142
0.919189 0.057617 -0.377441 -0.023971 -0.083069 -0.103718
0.917236 0.056885 -0.388794 -0.018038 -0.098971 -0.108702
0.904297 0.054321 -0.403564 -0.008307 -0.133860 -0.117721
0.893555 0.053101 -0.414673 -0.010443 -0.168749 -0.127689
0.896118 0.057617 -0.417847 -0.027769 -0.188448 -0.126502
0.899292 0.060303 -0.413696 -0.055063 -0.175632 -0.111550
0.904053 0.064331 -0.405762 -0.087341 -0.133148 -0.089003
0.907715 0.063721 -0.395142 -0.116297 -0.084018 -0.072863
0.908325 0.065186 -0.387573 -0.134572 -0.041297 -0.060047
0.911011 0.063354 -0.381226 -0.142404 -0.014478 -0.043196
0.918579 0.065186 -0.371460 -0.140031 -0.012104 -0.031566
0.928345 0.064941 -0.363037 -0.120806 -0.043196 -0.028481
0.944214 0.068970 -0.374756 -0.089240 -0.097547 -0.031092
0.948364 0.075317 -0.379028 -0.054826 -0.156882 -0.044145
0.956543 0.087280 -0.400635 -0.024209 -0.231881 -0.070015
0.975098 0.095825 -0.412354 -0.003323 -0.298811 -0.104192
0.981323 0.096680 -0.426025 -0.004035 -0.322071 -0.140505
0.986816 0.105347 -0.438721 -0.031804 -0.299761 -0.165664
0.989258 0.112183 -0.453857 -0.074762 -0.248970 -0.182040
0.991333 0.114258 -0.478394 -0.128876 -0.193195 -0.192246
0.978271 0.114136 -0.486450 -0.190110 -0.164477 -0.205299
0.963013 0.115234 -0.493896 -0.249919 -0.159255 -0.220252
0.938721 0.111816 -0.488770 -0.293827 -0.176344 -0.225236
0.918579 0.116821 -0.475708 -0.321596 -0.197704 -0.220726
0.910400 0.116577 -0.451538 -0.335599 -0.177056 -0.206961
0.903687 0.114746 -0.432617 -0.323020 -0.139556 -0.189160
0.898804 0.133057 -0.421265 -0.270805 -0.158069 -0.179429
0.883423 0.130493 -0.435669 -0.206486 -0.160442 -0.179904
0.874634 0.138672 -0.442017 -0.165189 -0.155458 -0.182989
0.863525 0.141968 -0.457153 -0.152372 -0.135521 -0.178480
0.857178 0.132568 -0.459351 -0.153559 -0.061708 -0.159255
0.850464 0.132446 -0.478882 -0.161154 0.019699 -0.125316
0.852661 0.135620 -0.488770 -0.168986 0.096597 -0.085443
0.846558 0.135620 -0.496826 -0.179429 0.148575 -0.052690
0.851074 0.140503 -0.496704 -0.195568 0.156882 -0.027769
0.848389 0.137817 -0.497925 -0.216454 0.136233 -0.006408
0.847168 0.144531 -0.479858 -0.235916 0.105379 0.009494
0.849487 0.145142 -0.480957 -0.247546 0.075712 0.024683
0.859375 0.142944 -0.471924 -0.248258 0.028481 0.041060
0.868774 0.141846 -0.469727 -0.238052 -0.004984 0.054351
0.890503 0.149170 -0.460205 -0.221201 -0.017089 0.064319
0.901001 0.149902 -0.460449 -0.199603 -0.011630 0.065743
0.909058 0.156494 -0.458740 -0.176819 0.018750 0.051266
0.917480 0.161743 -0.467896 -0.165901 0.061234 0.031329
0.909058 0.161011 -0.478149 -0.172072 0.081170 0.009494
0.908936 0.159424 -0.485474 -0.192008 0.079746 -0.010918
0.920654 0.162964 -0.488770 -0.222625 0.057199 -0.027531
0.934082 0.156494 -0.490967 -0.262024 0.022073 -0.042247
0.942383 0.164307 -0.482910 -0.304508 0.000949 -0.061471
0.943359 0.148315 -0.472656 -0.348178 0.005459 -0.076424
0.946899 0.145142 -0.441162 -0.380931 0.036313 -0.070015
0.949463 0.151978 -0.416382 -0.386865 0.094936 -0.049604
0.945313 0.147949 -0.394653 -0.369539 0.151423 -0.027769
0.936646 0.157104 -0.377686 -0.332276 0.199366 -0.016851
0.933350 0.155518 -0.373413 -0.279587 0.232119 -0.020649
0.902222 0.153564 -0.370239 -0.222151 0.223812 -0.029668
0.883423 0.158447 -0.377441 -0.167088 0.194382 -0.035126
0.871704 0.159424 -0.377075 -0.114161 0.139319 -0.026819
0.861816 0.164185 -0.383057 -0.068354 0.066455 -0.006408
0.873901 0.166870 -0.393677 -0.037500 -0.014715 0.013054
0.885986 0.169800 -0.396851 -0.028956 -0.084493 0.022073
0.894531 0.168457 -0.391357 -0.037737 -0.108227 0.022785
