0.658203 0.388428 -0.687622 -0.783935 -0.491294 -0.602607
0.558472 0.317139 -0.752808 -0.787495 -0.469222 -0.566294
0.553101 0.335449 -0.566772 -0.783223 0.198179 -0.414871
0.460327 0.310303 -0.545654 -0.752369 -0.250157 -0.190822
0.529785 0.331665 -0.450806 -0.697068 -0.133385 0.112737
0.624146 0.327759 -0.390869 -0.535202 -0.133385 0.339871
0.719604 0.337891 -0.419067 -0.304982 -0.209334 0.428874
0.792969 0.355835 -0.486084 -0.100870 -0.227135 0.408937
0.792603 0.383301 -0.566162 0.035601 -0.075949 0.316849
0.749390 0.410278 -0.682373 0.087341 0.102768 0.210521
0.694458 0.440796 -0.827393 0.031329 0.169224 0.145964
0.631226 0.451538 -0.941284 -0.143828 0.151898 0.145015
0.636230 0.478271 -0.968994 -0.425551 0.171834 0.243986
0.700195 0.463257 -0.971924 -0.740976 0.247071 0.346992
0.738281 0.420166 -0.928589 -1.036940 0.340109 0.358146
0.772827 0.419189 -0.867920 -1.248647 0.417482 0.294065
0.801880 0.474243 -0.873657 -1.381795 0.335599 0.195568
0.779541 0.559082 -0.950684 -1.531082 0.041297 0.082832
0.680664 0.737793 -0.897095 -1.716920 -0.938206 0.490108
0.751587 0.570068 -0.953491 -1.938595 -2.832419 1.595401
0.613159 0.507813 -1.510498 -2.019766 -3.217148 2.245714
0.729980 0.691772 -1.621460 -2.520317 -2.872530 2.193499
0.628418 0.572754 -1.705200 -3.333444 -2.649904 1.910589
0.676025 0.431396 -1.868286 -4.167458 -1.931713 1.588281
0.769775 0.302246 -1.787476 -5.008592 -0.820485 1.054503
0.789795 0.359131 -1.582153 -5.963649 -0.381643 0.318273
0.805908 0.173584 -1.559692 -7.080335 -0.804346 -0.165426
0.733398 0.033081 -1.394287 -7.777166 -1.405054 -0.467323
0.684326 -0.148560 -1.264160 -7.777166 -1.721666 -0.692796
0.724731 -0.219727 -1.045288 -7.777166 -1.745875 -0.853476
0.789551 -0.106323 -0.768188 -7.777166 -1.741128 -0.984250
0.905640 -0.077637 -0.507324 -7.777166 -1.827995 -0.873412
1.027710 -0.069580 -0.229126 -7.777166 -1.849118 -0.682591
1.151978 -0.044189 0.169434 -7.707863 -1.677284 -0.665265
1.066895 0.007324 0.550659 -6.869577 -1.481953 -1.001813
0.941162 0.053345 0.818604 -5.989757 -1.337175 -1.533456
0.727539 0.138306 0.988525 -5.203448 -0.701103 -1.783612
0.457886 0.189819 1.141113 -4.469118 -0.205299 -1.700781
0.260864 0.312378 0.975708 -3.558680 -0.409649 -1.351416
0.130981 0.336670 0.704346 -2.804650 -0.078085 -0.864631
0.107788 0.348877 0.477417 -2.478545 -0.065269 -0.335124
0.150024 0.520508 0.610352 -2.366283 -0.172309 0.095885
0.227539 0.554810 0.529053 -2.314780 0.302372 0.311628
0.266113 0.620605 0.612061 -2.105446 0.132436 0.445013
0.396729 0.504883 0.585083 -1.868343 -0.153322 0.627765
0.387451 0.545410 0.635986 -1.566921 -0.024209 0.598572
0.424316 0.581299 0.684204 -1.258853 0.031566 0.498177
0.397949 0.588379 0.645874 -1.020089 -0.221201 0.401580
0.366333 0.594238 0.557007 -0.821435 -0.486548 0.342482
0.310425 0.512573 0.531982 -0.697306 -0.603319 0.399918
0.242432 0.520752 0.538086 -0.633224 -0.725075 0.575550
0.262451 0.510132 0.549072 -0.562971 -0.901418 0.796514
0.274170 0.606689 0.592896 -0.361707 -0.939393 1.060674
0.221802 0.589355 0.515503 -0.160917 -0.687575 1.339074
0.241821 0.578857 0.442993 0.050553 -0.463051 1.646904
0.288818 0.559448 0.396973 0.193670 -0.351976 1.928864
0.372803 0.582153 0.446899 0.306644 -0.275552 2.193024
0.486450 0.572266 0.500732 0.423178 -0.177768 2.401884
0.514404 0.479004 0.519287 0.624917 -0.063845 2.520317
0.449097 0.354980 0.450684 0.895248 0.064082 2.701170
0.432861 0.403198 0.341431 1.110753 0.194382 3.016832
0.476196 0.462402 0.200928 1.281400 0.276264 3.460659
0.525391 0.460693 0.178711 1.458219 0.182277 3.767777
0.542236 0.356567 0.227905 1.554579 -0.200790 3.743331
0.422729 -0.003906 0.413696 1.671588 -0.863444 3.531861
0.640991 0.231079 0.323853 1.939782 -0.841609 3.730515
0.719727 0.193604 0.227783 2.155762 -0.772780 4.117854
0.816162 0.130859 0.191162 2.329970 -0.478478 4.462472
0.894897 -0.011230 0.273560 2.349669 -0.138607 4.643325
0.987671 0.050293 0.066528 2.336140 0.296913 4.723072
1.114258 0.155762 -0.059448 2.229100 0.382593 4.818720
1.130371 0.104614 -0.043701 2.007424 0.434095 4.773388
1.376587 -0.045410 0.002075 2.035668 0.479665 4.262394
1.466187 0.308960 -0.406128 2.133926 0.227847 3.853457
1.514893 0.282349 -0.283936 1.732109 -0.132199 3.562952
1.480469 0.215332 -0.153320 1.275941 0.534965 3.236609
1.534790 0.168457 -0.077148 1.014392 0.939393 2.906469
1.540527 0.189697 -0.108032 0.881244 1.406241 2.461219
1.477905 0.067871 -0.050293 0.879346 2.398324 2.056791
1.368286 -0.049316 0.055664 0.778713 3.265090 1.706239
1.311890 -0.146606 0.191162 0.541611 3.961921 1.347143
1.314453 -0.198975 0.272705 0.316849 4.572361 1.031956
1.310425 -0.180298 0.417603 0.228559 4.693167 0.833539
1.272949 -0.108398 0.497314 0.225236 4.348311 0.850153
1.204712 -0.064453 0.558594 0.204113 3.432890 0.990421
1.170898 -0.057617 0.618286 0.125790 2.247612 1.038838
1.174194 -0.042480 0.628296 0.052690 1.101022 0.907589
1.147461 -0.017700 0.561157 0.036550 0.271992 0.661230
1.092896 -0.015015 0.435669 0.029668 -0.051740 0.377608
1.029053 -0.073730 0.377563 -0.064557 -0.090189 0.122705
0.956665 -0.137451 0.385132 -0.236628 0.152847 -0.076186
0.922485 -0.127930 0.515991 -0.325868 0.415345 -0.220014
0.932129 -0.105347 0.608032 -0.196518 0.585993 -0.293353
0.890625 -0.084961 0.638184 -0.037025 0.633461 -0.319223
0.832642 -0.083374 0.600098 0.045569 0.551579 -0.327530
0.797241 -0.070679 0.557739 0.016376 0.334412 -0.310441
0.768433 -0.078491 0.528809 -0.077136 0.085680 -0.273653
0.768066 -0.088257 0.505005 -0.134335 0.057436 -0.193907
0.774170 -0.091431 0.531860 -0.114161 0.117721 -0.098971
0.804688 -0.070923 0.525757 -0.030380 0.172072 -0.014952
0.838501 -0.050903 0.533936 0.015902 0.143591 0.061708
0.897949 -0.029175 0.571167 0.004984 0.034889 0.128876
0.924683 -0.032837 0.595703 -0.006883 -0.025870 0.161154
0.925659 -0.035034 0.562378 0.054351 -0.075237 0.120806
0.926514 -0.037964 0.503296 0.148575 -0.137420 0.033465
0.901489 -0.032227 0.447754 0.182277 -0.157119 -0.064794
0.906128 -0.028076 0.448730 0.113449 -0.145252 -0.116534
0.899536 -0.034180 0.449219 -0.020649 -0.139556 -0.108227
0.896362 -0.035156 0.453247 -0.149287 -0.121518 -0.066693
0.922485 -0.027222 0.485474 -0.208859 -0.084968 -0.034177
0.940186 -0.028076 0.522705 -0.173496 -0.076661 -0.034177
0.944336 -0.024170 0.535278 -0.079034 -0.087104 -0.059098
0.915771 -0.026245 0.528076 -0.005696 -0.098734 -0.086867
0.889160 -0.026978 0.508789 0.027294 -0.119382 -0.108939
0.861816 -0.042725 0.490601 0.036313 -0.130300 -0.111075
0.857178 -0.043823 0.474609 0.074762 -0.167088 -0.107040
0.841309 -0.038086 0.462769 0.124604 -0.164952 -0.107278
0.858276 -0.025024 0.469727 0.128164 -0.141929 -0.089477
0.852539 -0.031860 0.475830 0.061234 -0.094936 -0.054351
0.846191 -0.022583 0.468994 -0.017089 -0.026819 0.009019
0.866455 -0.020264 0.465454 -0.053876 0.030854 0.081170
0.889404 -0.001587 0.461548 -0.037025 0.051028 0.116534
0.900879 0.003784 0.458008 -0.017089 0.044857 0.103243
0.904175 0.001221 0.443604 -0.024209 0.015664 0.063370
0.918579 -0.006836 0.463013 -0.033940 -0.010680 0.014003
0.908447 -0.019897 0.479370 0.005696 -0.026107 -0.033940
0.893066 -0.025391 0.485229 0.068829 -0.046519 -0.064557
0.892456 -0.026123 0.483398 0.110363 -0.085205 -0.073338
0.900513 -0.010498 0.482788 0.099446 -0.110363 -0.067879
0.891602 -0.005371 0.457764 0.017089 -0.055063 -0.041297
0.888184 -0.023804 0.454956 -0.098971 0.042959 -0.009494
0.897827 -0.024292 0.478394 -0.151660 0.164477 0.007358
0.886841 -0.042603 0.503662 -0.125790 0.210283 -0.003323
0.884399 -0.035645 0.504395 -0.050791 0.178480 -0.011155
0.888428 -0.019653 0.512207 0.017801 0.097547 -0.007595
0.894043 -0.000610 0.514038 0.042484 -0.002848 -0.002611
0.892944 -0.005859 0.511108 0.034652 -0.084730 -0.013054
0.882202 -0.018921 0.498901 0.024683 -0.134572 -0.042484
0.866455 -0.037720 0.462524 0.021835 -0.139793 -0.060522
0.853882 -0.040161 0.446777 0.008070 -0.117721 -0.050791
0.881592 -0.036499 0.471558 -0.021123 -0.068591 -0.016376
0.901978 -0.028076 0.489868 -0.037025 -0.053402 0.014715
0.905762 -0.019043 0.493652 -0.043196 -0.058860 0.018750
0.889160 -0.027466 0.493408 -0.042009 -0.060284 0.007832
0.878540 -0.030640 0.482788 -0.028243 -0.059335 -0.015427
0.883179 -0.025269 0.479004 -0.005696 -0.062658 -0.042009
0.888428 -0.012695 0.474976 0.002136 -0.072626 -0.047705
0.903442 -0.010620 0.489990 -0.032753 -0.094224 -0.024921
0.910034 -0.015503 0.490845 -0.069541 -0.126502 0.002848
0.915405 -0.021362 0.476196 -0.082594 -0.118195 0.025158
