1.069336 0.144409 -0.956055 -0.332397 -0.025879 0.324097
0.981445 0.256470 -1.039063 -0.320801 -0.143555 0.235229
0.898804 0.410889 -1.292480 -0.335571 -0.201904 0.211182
0.989746 0.251587 -1.455811 -0.470947 -0.015503 0.290649
0.999512 0.102905 -1.410034 -0.735596 0.258179 0.311523
1.002686 0.092773 -1.303467 -0.963257 0.287598 0.300049
1.078247 0.130737 -1.298950 -1.058350 0.131470 0.286255
1.157471 0.163940 -1.384521 -1.111328 -0.013306 0.246460
1.183228 0.201294 -1.475464 -1.257202 -0.024292 0.180420
1.154785 0.223877 -1.481689 -1.535034 0.075195 0.104736
1.159424 0.227783 -1.432617 -1.900635 0.200439 0.053223
1.145264 0.198364 -1.316528 -2.289307 0.312012 0.025879
1.143799 0.165894 -1.152466 -2.637085 0.410767 -0.001587
1.140625 0.155884 -1.021118 -2.910278 0.434570 -0.062378
1.097534 0.094482 -0.873169 -3.140991 0.361450 -0.151123
1.118164 0.033569 -0.643311 -3.350830 0.216919 -0.248169
1.093384 -0.042236 -0.332031 -3.513428 0.043457 -0.375122
1.050415 -0.095459 0.036011 -3.581177 -0.137451 -0.499268
1.011841 -0.095215 0.372925 -3.518921 -0.307495 -0.573975
1.011353 -0.054443 0.642822 -3.332397 -0.455078 -0.602539
0.953735 -0.022339 0.844727 -3.059570 -0.546509 -0.625000
0.897827 0.023926 1.020752 -2.730591 -0.565674 -0.632446
0.836060 0.086548 1.144043 -2.349854 -0.490723 -0.624634
0.782104 0.148193 1.186279 -1.920532 -0.391113 -0.608643
0.746826 0.197021 1.115723 -1.479614 -0.324219 -0.580200
0.700073 0.223022 0.952148 -1.087036 -0.291504 -0.534058
0.648071 0.240234 0.752930 -0.785889 -0.240479 -0.473145
0.616211 0.261230 0.577637 -0.583374 -0.202393 -0.396729
0.604370 0.281372 0.478027 -0.467285 -0.178467 -0.294800
0.605225 0.306885 0.444824 -0.395142 -0.141479 -0.193359
0.591064 0.332886 0.421509 -0.329956 -0.107910 -0.120728
0.557617 0.354736 0.387573 -0.261597 -0.094604 -0.070557
0.549927 0.368774 0.342529 -0.196167 -0.089233 -0.020020
0.540527 0.379272 0.294556 -0.140381 -0.084961 0.018433
0.513794 0.380127 0.248047 -0.100220 -0.080933 0.037720
0.475342 0.377441 0.233765 -0.069336 -0.065308 0.046387
0.442749 0.379517 0.223999 -0.032104 -0.060547 0.056274
0.407227 0.373291 0.181763 0.017334 -0.080933 0.069092
0.381714 0.368164 0.139160 0.063843 -0.096924 0.088623
0.349365 0.351929 0.088501 0.093262 -0.084839 0.119263
0.322754 0.322876 0.047852 0.102173 -0.063965 0.168335
0.305298 0.295654 0.016479 0.097290 -0.042236 0.241333
0.296143 0.268066 0.007202 0.084961 -0.018677 0.342773
0.288574 0.248535 0.011597 0.070557 0.026245 0.465576
0.294312 0.228149 0.011230 0.061401 0.085815 0.590576
0.295410 0.215454 0.013794 0.065186 0.122559 0.697876
0.296997 0.198364 0.012329 0.083984 0.120728 0.784424
0.310791 0.169312 0.007813 0.123291 0.087769 0.853027
0.328857 0.133667 0.000366 0.183960 -0.004028 0.908936
0.354858 0.112427 -0.003174 0.256104 -0.136719 0.957275
0.381348 0.061523 -0.006714 0.333496 -0.277710 1.001587
0.448853 -0.002319 -0.013916 0.399170 -0.430542 1.084351
0.525391 -0.008789 -0.005371 0.437012 -0.509277 1.207886
0.596191 -0.016968 -0.006104 0.449585 -0.465088 1.336426
0.673950 -0.049927 -0.003540 0.442017 -0.383911 1.464966
0.753784 -0.089722 0.011353 0.437378 -0.308838 1.589966
0.844238 -0.118408 0.008301 0.461548 -0.252930 1.701904
0.965576 -0.117554 -0.036499 0.499268 -0.245361 1.795654
1.139404 -0.102051 -0.116699 0.522827 -0.281128 1.864136
1.306030 -0.052246 -0.182739 0.520874 -0.315552 1.888184
1.391357 -0.008301 -0.209229 0.506104 -0.306519 1.838989
1.411987 -0.019653 -0.223145 0.491333 -0.305664 1.747681
1.425903 -0.100220 -0.220093 0.479980 -0.349609 1.687866
1.472290 -0.187256 -0.228882 0.468262 -0.415894 1.700317
1.551025 -0.295166 -0.251343 0.449585 -0.473633 1.763794
1.746460 -0.404419 -0.324219 0.402588 -0.547119 1.866821
1.952515 -0.378906 -0.380371 0.302612 -0.551636 1.950073
2.050293 -0.261108 -0.333984 0.139771 -0.346802 1.920532
2.036743 -0.137207 -0.182739 -0.080200 -0.022095 1.770020
1.983276 -0.085938 -0.011475 -0.271851 0.260010 1.544800
1.905151 -0.081543 0.114990 -0.318481 0.412842 1.282837
1.795044 -0.120483 0.133667 -0.187500 0.420166 1.003662
1.667969 -0.147095 0.013062 0.048828 0.264282 0.744507
1.548706 -0.153320 -0.147095 0.270874 0.030151 0.531006
1.444580 -0.170532 -0.284790 0.401855 -0.200317 0.368896
1.399658 -0.192505 -0.356689 0.416016 -0.375732 0.278076
1.417603 -0.191650 -0.361694 0.336060 -0.448120 0.237549
1.422974 -0.183472 -0.334229 0.210938 -0.408813 0.199219
1.401978 -0.186523 -0.269043 0.085938 -0.333496 0.145264
1.350708 -0.209595 -0.198730 -0.006104 -0.251465 0.081665
1.295898 -0.242065 -0.140015 -0.041504 -0.204834 0.021118
1.239624 -0.277588 -0.112305 -0.027710 -0.203857 -0.026123
1.198364 -0.294678 -0.111938 0.015503 -0.217407 -0.050293
1.162354 -0.309326 -0.131958 0.065063 -0.220703 -0.055908
1.142822 -0.299683 -0.159790 0.103516 -0.205078 -0.045654
1.125488 -0.283447 -0.185425 0.124023 -0.162720 -0.030396
1.109009 -0.272583 -0.210083 0.127075 -0.109619 -0.019531
1.089966 -0.271729 -0.224487 0.116577 -0.065552 -0.016602
1.074097 -0.276733 -0.230103 0.100952 -0.034668 -0.013428
1.070190 -0.278809 -0.230347 0.088623 -0.023560 -0.003174
1.079956 -0.281738 -0.228394 0.082275 -0.027954 0.006714
1.093628 -0.281372 -0.223145 0.077026 -0.029785 0.008423
1.104004 -0.282349 -0.215454 0.068237 -0.018188 0.001099
1.094971 -0.293213 -0.205322 0.058594 0.009644 -0.010620
1.082031 -0.290283 -0.182861 0.050293 0.042969 -0.017090
1.071533 -0.286255 -0.165894 0.049561 0.061401 -0.019043
1.063232 -0.281006 -0.156006 0.062256 0.062988 -0.026001
1.054199 -0.277344 -0.153931 0.083374 0.057617 -0.032959
1.049438 -0.271484 -0.162842 0.105225 0.051025 -0.039917
1.038940 -0.261963 -0.173218 0.119629 0.047241 -0.047363
1.022339 -0.264771 -0.184204 0.119263 0.050903 -0.051880
1.010498 -0.266357 -0.187988 0.109985 0.057495 -0.048706
1.007080 -0.264526 -0.187012 0.104126 0.060059 -0.038574
1.012573 -0.265503 -0.181763 0.102173 0.057129 -0.025146
1.022461 -0.258911 -0.183960 0.101685 0.057129 -0.014526
1.030884 -0.252808 -0.180420 0.097412 0.057617 -0.009888
1.038940 -0.258057 -0.171875 0.086182 0.063599 -0.008667
1.043701 -0.262451 -0.156494 0.075684 0.072021 -0.009644
1.040039 -0.258911 -0.145508 0.070557 0.078613 -0.014038
1.039429 -0.265503 -0.142578 0.070923 0.081665 -0.020752
1.031738 -0.269165 -0.132813 0.074585 0.084961 -0.026245
1.026733 -0.274780 -0.129150 0.083130 0.086060 -0.031250
1.024170 -0.272827 -0.128418 0.094604 0.082031 -0.033081
1.022217 -0.267456 -0.139038 0.104004 0.083374 -0.032959
1.012695 -0.261597 -0.147339 0.109253 0.085693 -0.035767
1.005493 -0.259888 -0.163574 0.109131 0.083862 -0.039917
1.001953 -0.257813 -0.169556 0.101807 0.076050 -0.042236
1.001587 -0.258301 -0.172363 0.090454 0.067871 -0.044434
1.001099 -0.257080 -0.166992 0.076904 0.063843 -0.047241
0.997803 -0.266479 -0.158325 0.062500 0.064087 -0.048706
0.998657 -0.278931 -0.152222 0.050781 0.059082 -0.046143
0.997681 -0.282104 -0.129761 0.042969 0.052979 -0.041748
0.999146 -0.284790 -0.121094 0.043457 0.050903 -0.040283
1.005005 -0.284546 -0.114990 0.047119 0.043213 -0.039795
1.007813 -0.284180 -0.117432 0.053345 0.034302 -0.038330
1.006348 -0.279053 -0.114136 0.059326 0.040771 -0.037231
1.007324 -0.276001 -0.121826 0.064331 0.058350 -0.035034
1.011108 -0.273438 -0.122681 0.063721 0.070435 -0.033691
1.009521 -0.273804 -0.123779 0.059204 0.074951 -0.035645
1.014771 -0.283691 -0.128174 0.053589 0.072510 -0.038452
1.025879 -0.293457 -0.122070 0.047607 0.068115 -0.038086
1.031250 -0.287720 -0.101807 0.045044 0.060669 -0.039063
1.036255 -0.292236 -0.088867 0.050171 0.048340 -0.044434
1.049561 -0.292114 -0.076782 0.061890 0.028687 -0.048584
1.067139 -0.283325 -0.070190 0.073975 0.015991 -0.052734
1.081177 -0.276978 -0.059326 0.084106 0.016357 -0.061768
1.084473 -0.265747 -0.060303 0.092773 0.030029 -0.073608
1.076782 -0.260864 -0.067383 0.101074 0.047607 -0.085449
1.065063 -0.253540 -0.078613 0.108398 0.058960 -0.094849
1.053833 -0.240356 -0.087891 0.112183 0.062622 -0.102661
1.054688 -0.234985 -0.093018 0.110352 0.063599 -0.109375
1.052368 -0.230713 -0.090942 0.103149 0.057495 -0.117676
1.043945 -0.230713 -0.088501 0.094727 0.050537 -0.129150
1.040527 -0.241699 -0.084717 0.090454 0.044067 -0.137451
1.043457 -0.248169 -0.086426 0.085693 0.035889 -0.136108
1.044800 -0.244995 -0.071655 0.080322 0.033081 -0.131348
1.041138 -0.234985 -0.066772 0.076172 0.030518 -0.128296
1.034302 -0.236450 -0.058472 0.068970 0.026123 -0.125610
1.029419 -0.229614 -0.047241 0.062256 0.023315 -0.121948
1.034668 -0.226807 -0.044800 0.066406 0.020386 -0.115356
