0.969604 0.128662 -0.206177 0.501975 -0.309966 -0.107752
0.930298 0.091553 -0.240234 0.501263 -0.524997 -0.099683
0.986694 0.124023 -0.277100 0.444064 -0.510756 -0.057911
0.970947 0.119263 -0.294800 0.331327 -0.411073 -0.043196
0.860229 0.085327 -0.451538 0.222625 -0.311153 -0.012579
0.923096 0.070435 -0.333740 0.035601 0.280774 0.076661
0.839355 0.110962 -0.353149 -0.176344 0.249207 0.260125
0.936157 0.120605 -0.308960 -0.316612 0.293827 0.430061
1.001099 0.104614 -0.291016 -0.291691 0.192720 0.515740
1.064575 0.099854 -0.341553 -0.196518 -0.001661 0.482275
1.113281 0.090942 -0.347046 -0.096123 -0.175394 0.331090
1.145996 0.102661 -0.390991 0.013766 -0.350552 0.126740
1.147583 0.095947 -0.456665 0.087816 -0.423890 -0.072389
1.116577 0.069214 -0.470093 0.103955 -0.430773 -0.238290
1.098022 0.062500 -0.505981 0.059572 -0.295251 -0.337973
1.051392 0.087402 -0.527344 -0.039636 -0.103480 -0.352213
1.035889 0.081909 -0.550171 -0.156882 0.048892 -0.291454
1.031006 0.062622 -0.616943 -0.257040 0.101107 -0.200078
1.037231 0.079712 -0.644409 -0.330615 -0.009968 -0.112737
1.061523 0.090088 -0.658325 -0.393036 -0.175394 -0.064794
1.110718 0.065552 -0.704712 -0.449522 -0.335836 -0.066218
1.123657 0.081421 -0.747314 -0.482038 -0.465187 -0.114161
1.110962 0.084351 -0.769287 -0.531642 -0.616373 -0.194619
1.105591 0.071655 -0.823486 -0.619695 -0.789868 -0.268432
1.072510 0.070435 -0.888184 -0.720328 -0.915421 -0.305932
1.056274 0.079468 -0.949707 -0.840897 -0.996829 -0.296438
1.066162 0.078369 -0.994019 -1.021275 -0.995642 -0.259888
1.056641 0.067749 -0.976807 -1.278077 -0.929425 -0.217166
1.026978 0.070435 -0.923218 -1.606794 -0.712258 -0.196280
1.016602 0.027710 -0.827026 -1.987488 -0.414871 -0.192008
1.022949 -0.015747 -0.662964 -2.366520 -0.201977 -0.184176
1.041138 -0.062256 -0.447266 -2.668654 -0.095885 -0.184651
1.056885 -0.108643 -0.213257 -2.851169 -0.093275 -0.221438
1.072876 -0.140625 0.040039 -2.894127 -0.231644 -0.298574
1.084351 -0.128906 0.270630 -2.783764 -0.536152 -0.394222
1.059204 -0.125244 0.468140 -2.541203 -0.861783 -0.476817
1.033813 -0.126343 0.584961 -2.245951 -1.010358 -0.499127
0.995239 -0.100952 0.650391 -1.976570 -1.001813 -0.441216
0.962036 -0.070801 0.696167 -1.751334 -0.871988 -0.330378
0.942627 -0.031738 0.710571 -1.540338 -0.733144 -0.227135
0.927612 -0.000854 0.704102 -1.318188 -0.648414 -0.159493
0.884644 0.013184 0.669800 -1.082272 -0.607828 -0.134809
0.841431 0.021606 0.611450 -0.845169 -0.622069 -0.135521
0.785278 0.028809 0.539185 -0.611151 -0.679031 -0.123892
0.729492 0.040405 0.451172 -0.387814 -0.778239 -0.090901
0.711914 0.050537 0.379150 -0.185837 -0.894298 -0.043196
0.717041 0.045410 0.296997 -0.033465 -0.977605 0.021598
0.714355 0.043213 0.222778 0.053402 -0.998965 0.083306
0.696533 0.036255 0.177734 0.079984 -0.969298 0.122942
0.661987 0.029785 0.153931 0.075000 -0.906403 0.152372
0.615479 0.004272 0.145874 0.063370 -0.856798 0.179429
0.553223 -0.029297 0.148560 0.053639 -0.837337 0.195331
0.479126 -0.062744 0.166260 0.056012 -0.870564 0.208147
0.396606 -0.097534 0.177612 0.085443 -0.958380 0.243748
0.340698 -0.136597 0.174194 0.149999 -1.066607 0.313764
0.296387 -0.169922 0.157227 0.257752 -1.159170 0.423178
0.287964 -0.192017 0.158936 0.401342 -1.182429 0.575313
0.305664 -0.182983 0.149170 0.552528 -1.001339 0.783698
0.337891 -0.190186 0.116699 0.669300 -0.575076 1.033380
0.366577 -0.187622 0.064819 0.739078 0.015902 1.272856
0.418579 -0.171021 -0.030396 0.798175 0.566531 1.463915
0.487915 -0.156128 -0.148071 0.881482 0.865580 1.609404
0.555664 -0.146240 -0.282959 0.979029 0.825707 1.675622
0.653320 -0.130859 -0.413696 1.056164 0.555614 1.674910
0.752075 -0.113892 -0.536499 1.085832 0.157119 1.661619
0.923340 -0.089600 -0.646118 1.057826 -0.239239 1.659009
1.148071 -0.056152 -0.745361 0.969772 -0.529981 1.648803
1.345581 -0.041748 -0.815674 0.811941 -0.671673 1.600860
1.530640 -0.032471 -0.849731 0.597860 -0.644379 1.477443
1.642944 -0.002441 -0.857788 0.376896 -0.482038 1.293030
1.696899 0.024170 -0.861572 0.204350 -0.276264 1.082272
1.730835 0.035400 -0.857056 0.088053 -0.127689 0.860359
1.704346 0.020508 -0.850708 0.004509 -0.020649 0.651736
1.685303 0.031982 -0.815308 -0.069303 0.104192 0.494142
1.654541 0.026123 -0.788452 -0.145964 0.232119 0.404428
1.616943 0.025635 -0.752441 -0.217878 0.352925 0.349128
1.565430 0.057739 -0.718262 -0.269619 0.428637 0.288843
1.524414 0.062134 -0.689697 -0.302134 0.431722 0.206723
1.469360 0.059937 -0.639893 -0.320409 0.360995 0.094699
1.414551 0.048218 -0.588379 -0.321596 0.284334 -0.029905
1.339233 0.028564 -0.552002 -0.296913 0.231169 -0.141217
1.265137 0.002563 -0.524414 -0.255141 0.215980 -0.210758
1.208008 -0.009399 -0.531860 -0.221201 0.254666 -0.230932
1.137939 -0.029907 -0.541016 -0.213132 0.311628 -0.220726
1.081055 -0.026489 -0.529541 -0.231644 0.348653 -0.194856
1.049316 -0.031372 -0.510620 -0.268195 0.356010 -0.163053
1.019165 -0.035645 -0.488281 -0.312577 0.328716 -0.144540
0.989136 -0.043579 -0.457520 -0.353400 0.282435 -0.154983
0.949097 -0.053467 -0.420288 -0.374998 0.230932 -0.185837
0.911377 -0.069336 -0.383789 -0.368589 0.157831 -0.211708
0.885498 -0.070313 -0.355957 -0.331090 0.087579 -0.215505
0.870361 -0.078491 -0.336914 -0.275077 0.030380 -0.194856
0.852417 -0.081909 -0.323730 -0.216929 -0.024446 -0.165426
0.852905 -0.085083 -0.317627 -0.167800 -0.050553 -0.141455
0.867920 -0.085083 -0.311646 -0.131012 -0.068829 -0.121281
0.869263 -0.092896 -0.301270 -0.099446 -0.105616 -0.105142
0.879517 -0.094849 -0.309814 -0.066455 -0.120806 -0.097547
0.889526 -0.083008 -0.314697 -0.036076 -0.126977 -0.087104
0.898438 -0.086548 -0.340210 -0.025158 -0.125790 -0.068354
0.928833 -0.079834 -0.347412 -0.043196 -0.107752 -0.053402
0.944824 -0.073242 -0.349487 -0.084968 -0.066693 -0.046756
0.959229 -0.072266 -0.346924 -0.125316 -0.014003 -0.053876
0.968140 -0.072754 -0.331421 -0.149762 0.015427 -0.071677
0.971436 -0.069580 -0.321045 -0.150474 0.018275 -0.095885
0.971436 -0.080688 -0.312866 -0.127689 0.009256 -0.113211
0.981445 -0.080200 -0.318115 -0.092325 0.000712 -0.115822
0.984375 -0.060059 -0.317017 -0.058386 -0.020649 -0.107515
0.997559 -0.056763 -0.324219 -0.037500 -0.051503 -0.102056
1.005737 -0.060913 -0.322144 -0.029430 -0.054351 -0.110363
1.002808 -0.052490 -0.329834 -0.030380 -0.021361 -0.119382
1.004517 -0.039673 -0.333374 -0.031566 0.000000 -0.121756
1.000122 -0.044189 -0.336670 -0.028956 0.002136 -0.118433
0.999512 -0.037598 -0.339233 -0.023259 -0.001187 -0.117958
0.998291 -0.026123 -0.340454 -0.016851 -0.000712 -0.123654
0.961304 -0.040894 -0.307617 -0.013528 0.000712 -0.133385
0.942993 -0.013672 -0.332764 0.006408 -0.057911 -0.135521
0.954590 -0.015381 -0.357422 0.034177 0.004509 -0.126028
0.921753 -0.015991 -0.364746 0.039636 0.040823 -0.108939
0.924561 -0.016724 -0.390137 0.034177 0.090664 -0.088765
0.917236 -0.011230 -0.387817 0.017089 0.079746 -0.077373
0.921997 -0.005005 -0.381226 0.014003 0.001661 -0.066218
0.943604 -0.004028 -0.386963 0.023734 -0.074525 -0.060047
0.957153 -0.001587 -0.395996 0.034177 -0.114873 -0.052452
0.968262 -0.007202 -0.403687 0.030854 -0.134809 -0.048417
0.983154 -0.006226 -0.405518 0.009494 -0.133623 -0.057674
0.992554 -0.009521 -0.401245 -0.017563 -0.109414 -0.075474
0.982178 -0.009033 -0.407104 -0.037974 -0.065743 -0.099683
0.969360 -0.008545 -0.404175 -0.052927 -0.034177 -0.125316
0.955322 -0.009155 -0.407227 -0.065506 -0.029193 -0.147151
0.934937 -0.003174 -0.400269 -0.070490 -0.017089 -0.159493
0.929810 -0.002319 -0.400146 -0.068829 -0.013528 -0.158543
0.920776 -0.004639 -0.394897 -0.063370 -0.025395 -0.146914
0.911865 -0.004639 -0.392700 -0.061946 -0.027294 -0.130774
0.912598 0.004517 -0.399048 -0.067167 -0.026107 -0.114873
0.919922 0.002197 -0.401489 -0.080933 -0.034414 -0.102531
0.916016 -0.004272 -0.396729 -0.096835 -0.048417 -0.096835
0.918579 -0.001709 -0.393555 -0.112974 -0.050316 -0.097547
0.913696 0.000732 -0.388794 -0.125553 -0.057674 -0.101344
0.913696 -0.001099 -0.371582 -0.133148 -0.057436 -0.099683
0.916626 -0.002441 -0.371826 -0.134097 -0.031329 -0.090664
0.916870 -0.003540 -0.361084 -0.129825 -0.010206 -0.078560
0.910645 -0.015137 -0.361328 -0.118670 0.012579 -0.064557
0.909790 -0.009277 -0.355347 -0.102056 0.045569 -0.045569
0.909180 -0.010742 -0.355225 -0.082357 0.057911 -0.018987
0.918457 -0.011230 -0.362305 -0.066455 0.051740 0.010206
0.929688 -0.009277 -0.364624 -0.058860 0.046281 0.030380
0.937134 -0.010254 -0.363525 -0.061946 0.037025 0.035364
0.950073 -0.005371 -0.361328 -0.067879 0.024921 0.026582
0.954712 -0.006592 -0.354248 -0.072626 0.021598 0.010443
0.953247 -0.009277 -0.357544 -0.072389 0.027057 -0.009494
