0.745239 0.408203 -0.310059 -0.118164 0.264282 0.084961
0.827881 0.361450 -0.331055 -0.071045 0.363159 0.147705
0.857544 0.367554 -0.336182 -0.027588 0.445068 0.169312
0.984375 0.439453 -0.383789 0.026733 0.477295 0.180786
1.092651 0.530151 -0.436523 0.102051 0.419067 0.146362
1.139404 0.543213 -0.598877 0.159790 0.315674 0.054565
1.107544 0.460449 -0.854858 0.141113 0.301636 -0.067627
1.103760 0.446411 -0.890747 0.032227 0.454346 -0.158325
1.118408 0.432495 -0.919922 -0.033325 0.469727 -0.175049
1.144165 0.368652 -1.059814 -0.040649 0.310181 -0.142334
1.157593 0.332642 -1.210938 -0.071411 0.137207 -0.123047
1.182251 0.352539 -1.321533 -0.147095 0.027710 -0.124023
1.234253 0.386597 -1.405640 -0.262085 -0.083252 -0.133301
1.278320 0.408569 -1.467529 -0.411011 -0.219238 -0.170532
1.269043 0.396973 -1.467773 -0.599487 -0.297729 -0.239990
1.259155 0.348877 -1.471680 -0.813721 -0.228516 -0.301270
1.256836 0.317749 -1.364624 -1.040771 -0.167603 -0.323242
1.254150 0.276489 -1.263550 -1.269775 -0.104858 -0.326050
1.256836 0.233032 -1.137451 -1.496582 -0.110229 -0.309814
1.258057 0.184326 -1.031616 -1.709229 -0.110229 -0.286621
1.250977 0.153076 -0.897095 -1.907593 -0.198242 -0.259277
1.262573 0.137695 -0.699829 -2.098755 -0.332153 -0.221069
1.290405 0.162354 -0.487061 -2.260986 -0.402100 -0.185425
1.319214 0.178345 -0.267822 -2.386597 -0.420532 -0.181152
1.325684 0.168579 -0.033325 -2.471924 -0.429321 -0.231445
1.309937 0.147461 0.185669 -2.513306 -0.474243 -0.336914
1.254639 0.117920 0.394409 -2.510620 -0.560059 -0.483032
1.152954 0.083496 0.566772 -2.459839 -0.667236 -0.635376
1.048950 0.052490 0.705444 -2.390747 -0.776367 -0.767090
0.947510 0.029175 0.832886 -2.328979 -0.860107 -0.888550
0.859131 -0.003906 0.952637 -2.272217 -0.933472 -0.989014
0.786133 -0.039185 1.043579 -2.194458 -1.002319 -1.060913
0.718384 -0.086426 1.114136 -2.077393 -1.045044 -1.102539
0.637207 -0.121460 1.165771 -1.915649 -1.037109 -1.115112
0.549805 -0.123291 1.170044 -1.713379 -0.999268 -1.095459
0.464478 -0.108154 1.138916 -1.482422 -0.934326 -1.055664
0.389526 -0.082764 1.087280 -1.237061 -0.881470 -1.007080
0.324829 -0.038086 1.021973 -0.989868 -0.867432 -0.957031
0.251343 0.001709 0.951050 -0.751343 -0.901489 -0.905640
0.171509 0.037842 0.845093 -0.528564 -0.875977 -0.856445
0.087402 0.067017 0.719482 -0.335815 -0.851440 -0.812378
0.044434 0.094482 0.631226 -0.164185 -0.885132 -0.779541
0.011475 0.117676 0.567139 0.007568 -0.990356 -0.763794
-0.036133 0.115601 0.494873 0.179321 -1.130005 -0.751953
-0.088867 0.088135 0.414917 0.334717 -1.272217 -0.713867
-0.109741 0.061401 0.355225 0.465942 -1.397095 -0.621704
-0.097534 0.043213 0.332520 0.587646 -1.505127 -0.480347
-0.076538 0.027222 0.309204 0.712646 -1.574707 -0.305908
-0.036743 0.014771 0.287231 0.830933 -1.594360 -0.098145
0.017944 0.025146 0.262939 0.936890 -1.535767 0.132324
0.077148 0.031860 0.229980 1.037720 -1.391357 0.349609
0.117798 0.017578 0.192017 1.129883 -1.164795 0.527100
0.100708 0.023071 0.139404 1.212524 -0.954956 0.680542
0.105957 -0.034180 0.076538 1.294678 -0.813232 0.808838
0.148193 -0.082886 0.030640 1.377075 -0.684692 0.947388
0.203735 -0.128052 -0.026489 1.483887 -0.579834 1.106934
0.293823 -0.187134 -0.124878 1.625000 -0.547485 1.271362
0.457031 -0.229004 -0.274414 1.783569 -0.662476 1.460327
0.682983 -0.185059 -0.513794 1.923462 -0.873413 1.648438
0.908936 -0.118774 -0.744385 2.013184 -1.026855 1.772705
1.085083 -0.037231 -0.918335 2.020264 -0.886841 1.811646
1.182861 0.009888 -1.056030 1.930908 -0.497925 1.788696
1.126099 0.063354 -1.063721 1.718018 -0.065308 1.737183
1.050537 0.064087 -1.040283 1.393066 0.256592 1.692749
0.977417 0.055542 -0.921997 1.034180 0.512573 1.642334
0.898926 0.053467 -0.779663 0.784180 0.603149 1.588867
0.872559 -0.059570 -0.700928 0.706299 0.486328 1.563232
1.023560 -0.222900 -0.771118 0.793335 0.137695 1.588135
1.298584 -0.274902 -0.942749 0.979248 -0.316772 1.654297
1.586914 -0.194946 -1.175903 1.164795 -0.708008 1.738525
1.780640 -0.094238 -1.379395 1.262695 -0.782959 1.829712
2.022339 -0.066162 -1.455933 1.203735 -0.552490 1.905151
2.159790 0.054932 -1.426147 0.976807 -0.258301 1.834229
2.010254 0.111450 -1.321777 0.626099 0.001587 1.560059
1.746704 0.102539 -1.144775 0.220093 0.434082 1.260132
1.577148 0.054443 -0.940796 -0.092773 0.881958 1.069214
1.511108 0.005005 -0.729736 -0.214355 1.016724 0.948242
1.463379 -0.107666 -0.633911 -0.123291 0.777344 0.827881
1.529053 -0.143677 -0.637329 0.100464 0.179932 0.736084
1.635620 -0.134277 -0.794434 0.359009 -0.463989 0.655029
1.635498 -0.066650 -1.000977 0.552734 -0.865356 0.581299
1.638306 0.009155 -1.159180 0.590576 -0.948730 0.567505
1.661865 0.064819 -1.167480 0.459229 -0.840698 0.585083
1.661621 0.069092 -1.069458 0.275635 -0.722290 0.559204
1.595581 0.056641 -1.008057 0.125488 -0.702026 0.483643
1.534668 0.001099 -0.958740 0.005493 -0.692261 0.409790
1.462646 -0.045166 -0.876465 -0.073364 -0.573364 0.344238
1.360352 -0.087891 -0.790649 -0.086182 -0.393555 0.274658
1.268066 -0.097412 -0.720215 -0.032471 -0.232056 0.203613
1.195435 -0.098389 -0.673462 0.064209 -0.154907 0.136353
1.140625 -0.117432 -0.682617 0.180542 -0.164185 0.075562
1.091431 -0.146973 -0.721558 0.297852 -0.199707 0.020142
1.053223 -0.161865 -0.782715 0.395874 -0.227417 -0.026123
1.031982 -0.166382 -0.850952 0.445435 -0.229492 -0.058960
1.002686 -0.182861 -0.896118 0.429443 -0.196289 -0.078735
0.947144 -0.216431 -0.924561 0.359863 -0.144287 -0.079834
0.921021 -0.232788 -0.920288 0.263062 -0.075562 -0.058350
0.921265 -0.233154 -0.881714 0.154785 0.011230 -0.019775
0.926025 -0.242798 -0.824585 0.048340 0.091675 0.017456
0.923706 -0.270386 -0.761963 -0.046753 0.159302 0.036377
0.915894 -0.292480 -0.690552 -0.114746 0.226929 0.040527
0.905884 -0.304443 -0.624512 -0.146851 0.300415 0.040527
0.907104 -0.310669 -0.591431 -0.145386 0.357056 0.039917
0.915405 -0.315186 -0.569214 -0.123291 0.383545 0.032349
0.912842 -0.309082 -0.568848 -0.093262 0.391113 0.018555
0.911011 -0.306396 -0.589355 -0.059937 0.387451 -0.000244
0.894897 -0.314087 -0.619507 -0.028198 0.374146 -0.024780
0.871094 -0.322998 -0.648315 -0.004150 0.348755 -0.049438
0.848999 -0.338257 -0.651245 0.011475 0.312500 -0.066895
0.840088 -0.349487 -0.649414 0.023560 0.257690 -0.072754
0.854980 -0.336548 -0.645630 0.035400 0.189819 -0.073242
0.870117 -0.321045 -0.636963 0.037598 0.141235 -0.069458
0.884888 -0.313477 -0.621948 0.028442 0.112305 -0.062622
0.892700 -0.308716 -0.611084 0.004395 0.096558 -0.055542
0.905151 -0.308960 -0.592163 -0.033691 0.092407 -0.050537
0.920654 -0.304565 -0.588745 -0.072510 0.097656 -0.046143
0.931763 -0.303101 -0.572144 -0.103394 0.107788 -0.042114
0.926880 -0.300293 -0.562256 -0.119263 0.107422 -0.043213
0.920044 -0.304321 -0.569092 -0.122437 0.085815 -0.050659
0.919678 -0.306885 -0.593018 -0.123657 0.059814 -0.060181
0.907349 -0.304810 -0.615112 -0.131104 0.047607 -0.070190
0.890747 -0.312378 -0.617188 -0.145752 0.064575 -0.078369
0.874268 -0.313599 -0.612061 -0.156128 0.086914 -0.080811
0.863770 -0.307007 -0.603760 -0.152588 0.084351 -0.082520
0.858276 -0.294556 -0.606445 -0.143188 0.057373 -0.086304
0.860962 -0.294678 -0.604492 -0.134888 0.025635 -0.088013
0.861572 -0.296265 -0.607422 -0.129517 0.000488 -0.086548
0.862793 -0.296265 -0.596558 -0.125488 -0.002075 -0.080566
0.869507 -0.297607 -0.578979 -0.122803 0.006714 -0.072144
0.885498 -0.299561 -0.567017 -0.116211 0.008545 -0.059082
0.899902 -0.289185 -0.567017 -0.107544 0.005371 -0.043457
0.916992 -0.280518 -0.562744 -0.104980 0.004639 -0.028076
0.924438 -0.275024 -0.556641 -0.106934 0.010986 -0.018311
0.930420 -0.271973 -0.560669 -0.112671 0.032959 -0.016113
0.921753 -0.273926 -0.567993 -0.116821 0.067749 -0.016602
0.914917 -0.272339 -0.577637 -0.120239 0.101685 -0.013916
0.902954 -0.263794 -0.577393 -0.121704 0.119995 -0.011475
0.894775 -0.262207 -0.576782 -0.116455 0.118896 -0.013184
0.885376 -0.257080 -0.591431 -0.109375 0.102295 -0.017944
0.881958 -0.254150 -0.598389 -0.107178 0.081787 -0.020874
0.881836 -0.260254 -0.595703 -0.110107 0.065796 -0.021851
0.884155 -0.261841 -0.587036 -0.111816 0.046021 -0.022217
0.888062 -0.262573 -0.576904 -0.111084 0.024414 -0.023926
0.892822 -0.268433 -0.559082 -0.106201 0.006836 -0.024414
0.895996 -0.270020 -0.549683 -0.097534 -0.002563 -0.022339
0.892090 -0.268066 -0.546021 -0.089111 -0.005005 -0.018311
0.894897 -0.266479 -0.540527 -0.086792 -0.001221 -0.013306
0.904419 -0.259277 -0.543213 -0.089111 -0.000244 -0.007935
0.903320 -0.258545 -0.547852 -0.093384 0.004272 -0.004272
0.898315 -0.258301 -0.534302 -0.094727 0.015381 -0.002319
