0.214111 0.412476 0.317627 -0.198242 -0.225342 -0.279053
0.109131 0.372192 0.320679 -0.237305 -0.151733 -0.212524
0.173828 0.371582 0.372192 -0.274414 -0.043701 -0.136719
0.122803 0.420898 0.402466 -0.277344 -0.039429 -0.089355
0.128540 0.402466 0.349487 -0.245117 -0.111572 -0.035278
0.077393 0.280396 0.130615 -0.273315 -0.093506 -0.007202
0.075562 0.252441 0.119995 -0.397583 0.073486 0.034302
0.117554 0.379883 0.378662 -0.526245 -0.012939 0.113037
0.089722 0.362061 0.538086 -0.561768 -0.105347 0.146851
0.126221 0.256470 0.563599 -0.524902 -0.184448 0.196899
0.148682 0.156982 0.557495 -0.490234 -0.204712 0.229858
0.138794 0.107178 0.561523 -0.486816 -0.175293 0.218018
0.100342 0.044189 0.594116 -0.520996 -0.135254 0.186890
0.026855 -0.042358 0.633545 -0.573486 -0.085571 0.163086
-0.028076 -0.121216 0.651489 -0.625000 -0.058960 0.163818
-0.046631 -0.173096 0.619751 -0.673096 -0.138550 0.178101
0.003296 -0.213989 0.545288 -0.734863 -0.364014 0.194824
0.151978 -0.238159 0.466431 -0.830811 -0.741455 0.191406
0.285278 -0.305908 0.462036 -0.952881 -1.203369 0.136963
0.382813 -0.392456 0.595459 -1.073608 -1.602173 0.068970
0.494629 -0.474243 0.786865 -1.125244 -1.792969 0.056274
0.523071 -0.519043 1.032715 -1.036255 -1.731445 0.125854
0.456909 -0.504883 1.337036 -0.806763 -1.370728 0.276123
0.428345 -0.425781 1.603760 -0.430298 -0.961792 0.492432
0.394165 -0.390625 1.580566 0.115845 -0.789673 0.709839
0.469238 -0.402222 1.260010 0.748291 -0.847534 0.887695
0.542847 -0.385132 0.907593 1.302368 -1.011597 0.983643
0.563965 -0.342773 0.534058 1.720215 -1.128296 1.024780
0.573975 -0.297974 0.201172 1.973267 -1.140259 1.094604
0.586060 -0.300171 -0.003540 2.074463 -1.004395 1.213379
0.593384 -0.337036 -0.088867 2.089355 -0.821533 1.374756
0.651367 -0.368896 -0.119019 2.091187 -0.697998 1.606201
0.792603 -0.368530 -0.066406 2.109497 -0.632324 1.906738
1.032471 -0.367432 0.037964 2.187012 -0.599487 2.199829
1.246338 -0.373535 0.126465 2.383545 -0.617310 2.393677
1.446045 -0.386230 0.114990 2.707397 -0.664795 2.455688
1.580078 -0.413696 -0.058960 3.098267 -0.729858 2.392456
1.696289 -0.444946 -0.408691 3.449951 -0.784546 2.242310
1.713501 -0.415039 -0.795410 3.652344 -0.645630 2.083130
1.747437 -0.347290 -1.233887 3.661133 -0.138794 2.011841
1.560791 -0.260132 -1.684326 3.433960 0.411499 2.052856
1.972900 -0.220947 -2.281250 2.906860 0.881470 2.198853
2.402466 -0.237549 -1.935547 1.996216 0.456665 1.978149
2.027954 -0.157593 -0.813232 1.214722 0.040039 1.309692
1.836548 -0.173218 -0.544556 1.102661 -0.007935 0.937378
1.806519 -0.137207 -0.326294 1.258545 -0.230347 0.949829
1.831299 -0.136230 -0.180054 1.487915 -0.340698 0.997314
1.844604 -0.127563 -0.260620 1.782104 -0.477173 0.960693
1.956055 -0.079468 -0.642944 2.039063 -0.568604 0.901733
1.962280 0.010620 -1.118164 2.081177 -0.517090 0.806152
1.935669 0.053955 -1.438477 1.842407 -0.308838 0.649048
1.855835 0.054810 -1.492065 1.422119 -0.144897 0.459839
1.700195 0.026611 -1.324097 0.977417 -0.057983 0.303833
1.574219 -0.015991 -1.078735 0.621460 -0.013794 0.235962
1.535522 -0.083374 -0.890747 0.388306 0.029541 0.247559
1.533813 -0.130493 -0.775146 0.264160 0.095215 0.285767
1.507568 -0.151489 -0.715454 0.204468 0.168823 0.323730
1.468750 -0.148193 -0.690796 0.155640 0.252197 0.349731
1.407959 -0.154541 -0.682373 0.091919 0.331543 0.357056
1.412964 -0.169434 -0.726929 0.013428 0.386108 0.338013
1.407593 -0.156006 -0.783447 -0.077637 0.347900 0.279663
1.390015 -0.153931 -0.835571 -0.188354 0.338623 0.176880
1.362549 -0.149536 -0.843628 -0.313477 0.367188 0.054932
1.310181 -0.157593 -0.824951 -0.440186 0.362305 -0.076050
1.231812 -0.203369 -0.798218 -0.562378 0.324463 -0.214233
1.123047 -0.253296 -0.772217 -0.669312 0.289551 -0.332520
1.027832 -0.301636 -0.750000 -0.762207 0.270508 -0.410400
0.951416 -0.335938 -0.727051 -0.850830 0.290527 -0.445557
0.884277 -0.368164 -0.703369 -0.947388 0.352417 -0.438354
0.843750 -0.381104 -0.691284 -1.057007 0.436035 -0.406494
0.836304 -0.383301 -0.718140 -1.182495 0.577515 -0.371948
0.829102 -0.422241 -0.710449 -1.328125 0.666260 -0.331543
0.851807 -0.444580 -0.697754 -1.489746 0.800537 -0.273193
0.883545 -0.458862 -0.662842 -1.650146 0.927490 -0.220093
0.896851 -0.483154 -0.620117 -1.793579 1.003174 -0.194946
0.900146 -0.518311 -0.579956 -1.912598 1.036377 -0.188721
0.920044 -0.569336 -0.523560 -2.010132 1.009644 -0.184937
0.930542 -0.603516 -0.417114 -2.076660 0.928833 -0.167236
0.943726 -0.597778 -0.327515 -2.113159 0.879639 -0.144775
0.949341 -0.598877 -0.272461 -2.139160 0.869873 -0.149780
0.949341 -0.617432 -0.229004 -2.177490 0.880981 -0.175537
0.946045 -0.652710 -0.162109 -2.240845 0.925171 -0.202148
0.934692 -0.673950 -0.076416 -2.316528 0.990601 -0.226807
0.900269 -0.678833 0.032104 -2.380859 1.060913 -0.255859
0.872803 -0.684570 0.166138 -2.407471 1.105835 -0.289063
0.856201 -0.707031 0.258545 -2.378296 1.111328 -0.317749
0.822998 -0.725098 0.327759 -2.300171 1.084351 -0.348267
0.795654 -0.741577 0.395752 -2.192505 0.988403 -0.376831
0.790405 -0.749634 0.476685 -2.073364 0.834229 -0.391357
0.795410 -0.762207 0.543701 -1.949707 0.668701 -0.393311
0.784180 -0.751831 0.601563 -1.829224 0.563110 -0.386108
0.748901 -0.729736 0.655273 -1.713867 0.513916 -0.368286
0.729370 -0.727417 0.696167 -1.607544 0.505493 -0.329346
0.743164 -0.719604 0.728516 -1.500122 0.526123 -0.275757
0.737671 -0.704956 0.763062 -1.387817 0.543701 -0.233276
0.716064 -0.688965 0.778931 -1.265259 0.525391 -0.207764
0.699829 -0.675171 0.766357 -1.129517 0.461670 -0.185547
0.696655 -0.641235 0.770020 -0.979004 0.348145 -0.158936
0.709473 -0.617798 0.742554 -0.824951 0.229980 -0.138672
0.731323 -0.597046 0.701416 -0.688354 0.110962 -0.127686
0.785400 -0.572998 0.660278 -0.589844 -0.001831 -0.115967
0.807983 -0.543701 0.617188 -0.534058 -0.061523 -0.114380
0.805908 -0.525879 0.612061 -0.503906 -0.077637 -0.122437
0.819580 -0.524414 0.621094 -0.467529 -0.112915 -0.122314
0.843506 -0.518555 0.580078 -0.409424 -0.140991 -0.113892
0.856934 -0.505859 0.514282 -0.348389 -0.163452 -0.098022
0.903320 -0.488525 0.485229 -0.310059 -0.191162 -0.069214
0.958496 -0.458740 0.480957 -0.288330 -0.218018 -0.049561
0.997559 -0.438721 0.475220 -0.268799 -0.223022 -0.044800
1.009888 -0.412354 0.451782 -0.248291 -0.183838 -0.045776
1.030396 -0.391846 0.425171 -0.226318 -0.124146 -0.040283
1.037354 -0.378174 0.392334 -0.199463 -0.064941 -0.045410
1.016113 -0.366699 0.346313 -0.175293 -0.022217 -0.056641
1.000610 -0.351440 0.303223 -0.161621 0.038330 -0.061890
0.971802 -0.337036 0.275391 -0.165649 0.112671 -0.067383
0.942871 -0.336670 0.262207 -0.179443 0.152344 -0.072754
0.926636 -0.326538 0.262329 -0.189819 0.155762 -0.076904
0.926270 -0.322266 0.283203 -0.190674 0.147583 -0.085449
0.916992 -0.313232 0.304810 -0.179810 0.130249 -0.101074
0.903198 -0.317505 0.314087 -0.157349 0.104370 -0.120605
0.879639 -0.312500 0.318359 -0.126587 0.078735 -0.124634
0.900146 -0.291870 0.270264 -0.098022 0.082642 -0.106689
0.865479 -0.310913 0.269897 -0.081543 0.118042 -0.067505
0.934082 -0.272095 0.255371 -0.076538 0.188599 -0.002686
0.970947 -0.248291 0.247314 -0.073364 0.158569 -0.010376
0.973022 -0.259521 0.202271 -0.074585 0.111206 -0.062500
0.956299 -0.270142 0.190308 -0.096558 0.105469 -0.086670
0.939087 -0.291504 0.213501 -0.133789 0.090576 -0.090698
0.927246 -0.299683 0.245728 -0.164551 0.064087 -0.085205
0.924072 -0.303101 0.295044 -0.175171 0.061646 -0.065918
0.929077 -0.306641 0.322632 -0.163452 0.085571 -0.042480
0.945801 -0.293091 0.331787 -0.136475 0.106934 -0.027954
0.950439 -0.288086 0.319946 -0.102173 0.136230 -0.027710
0.933350 -0.290161 0.291504 -0.069458 0.151733 -0.035645
0.921387 -0.295166 0.266479 -0.047974 0.153687 -0.044922
0.898438 -0.295654 0.250977 -0.040771 0.138550 -0.050415
0.882690 -0.302979 0.236450 -0.049805 0.128662 -0.042725
0.891724 -0.310181 0.247681 -0.070190 0.133911 -0.026001
0.891602 -0.316895 0.273560 -0.088501 0.146851 -0.013428
0.873535 -0.324463 0.304321 -0.097046 0.157593 -0.002686
0.866211 -0.329712 0.326416 -0.085449 0.153320 0.011841
0.874512 -0.333984 0.334229 -0.053711 0.137817 0.025757
0.876343 -0.330566 0.331665 -0.018433 0.125854 0.036987
0.894531 -0.324219 0.324097 0.010376 0.120117 0.051880
0.910645 -0.319946 0.308350 0.035522 0.119873 0.068481
0.931519 -0.321655 0.289429 0.051392 0.117920 0.084229
0.950317 -0.326904 0.279663 0.053101 0.118530 0.097412
0.959961 -0.330811 0.281250 0.049438 0.127930 0.101196
0.955566 -0.330933 0.289185 0.049927 0.129272 0.095215
0.949951 -0.336548 0.298706 0.054077 0.119507 0.085327
