0.389526 0.463867 0.191040 -0.233643 -0.052612 0.109131
0.408447 0.426270 0.149658 -0.133545 -0.102295 0.157593
0.405518 0.370117 0.209595 -0.055298 -0.158325 0.175171
0.341187 0.372192 0.177368 0.015381 -0.231812 0.179321
0.225952 0.374268 0.083862 0.056274 -0.183594 0.231201
0.226318 0.316772 0.086548 0.029663 0.046997 0.355957
0.262573 0.246094 0.208496 -0.039307 0.225220 0.493896
0.303223 0.200928 0.345581 -0.072998 0.229614 0.602173
0.340454 0.166382 0.418823 -0.052124 0.151245 0.671021
0.373535 0.130615 0.459351 -0.012329 0.090332 0.712402
0.382080 0.075439 0.509277 0.027710 0.039551 0.762817
0.403809 0.014771 0.567017 0.078979 0.029907 0.844360
0.448364 -0.046509 0.622070 0.165649 0.047363 0.947021
0.504761 -0.095093 0.657837 0.305786 0.031982 1.051025
0.552979 -0.141968 0.660645 0.499023 -0.014526 1.145508
0.595337 -0.178955 0.630127 0.732178 -0.069824 1.233398
0.664795 -0.214722 0.568115 0.988770 -0.117554 1.320679
0.758179 -0.257080 0.497803 1.255981 -0.138794 1.397705
0.872925 -0.276978 0.411499 1.519287 -0.135620 1.447144
0.980591 -0.291382 0.314209 1.765991 -0.124146 1.466797
1.078613 -0.320679 0.173950 1.993408 -0.108276 1.457031
1.137329 -0.357910 0.008301 2.186523 -0.070313 1.418213
1.204834 -0.388672 -0.185547 2.336914 -0.022461 1.382202
1.288086 -0.390869 -0.390869 2.453369 0.016846 1.371460
1.372803 -0.372925 -0.582275 2.555664 0.062378 1.364990
1.447144 -0.361206 -0.777710 2.657349 0.100708 1.354614
1.500977 -0.349365 -0.963989 2.754517 0.111084 1.356445
1.533203 -0.358643 -1.108032 2.842896 0.115112 1.351318
1.607910 -0.371460 -1.217163 2.918213 0.079468 1.317017
1.723877 -0.345581 -1.367798 2.953125 0.008301 1.230103
1.755493 -0.280518 -1.497070 2.890625 0.050903 1.081909
1.693237 -0.206665 -1.539673 2.678467 0.332153 0.931274
1.571655 -0.163208 -1.490723 2.312622 0.739380 0.844482
1.460449 -0.154419 -1.377686 1.882080 0.986816 0.838501
1.409546 -0.165771 -1.289551 1.526855 0.994873 0.875732
1.402588 -0.226440 -1.227783 1.314819 0.915039 0.916138
1.416260 -0.295044 -1.190674 1.242188 0.806030 0.938110
1.460571 -0.350220 -1.174805 1.235352 0.632080 0.934082
1.510986 -0.370605 -1.180542 1.225830 0.416992 0.910889
1.602417 -0.345093 -1.232544 1.199463 0.204102 0.861816
1.677734 -0.287231 -1.277954 1.138794 0.045044 0.755127
1.679443 -0.251831 -1.295654 1.016479 -0.043701 0.582520
1.596924 -0.268555 -1.287231 0.825317 -0.072388 0.394409
1.493530 -0.290649 -1.244141 0.594360 -0.048828 0.262207
1.427124 -0.296265 -1.201050 0.395874 -0.015625 0.201416
1.405884 -0.281860 -1.194214 0.278809 0.008301 0.172119
1.378174 -0.261719 -1.200195 0.230835 0.047119 0.135620
1.338623 -0.242188 -1.206665 0.199219 0.118896 0.085327
1.279785 -0.214111 -1.203369 0.139771 0.210449 0.032471
1.202515 -0.196167 -1.181030 0.040039 0.323975 -0.007690
1.123901 -0.209839 -1.125488 -0.094360 0.458984 -0.022217
1.060181 -0.236328 -1.057251 -0.240601 0.535645 0.000488
1.009766 -0.263184 -0.992065 -0.376587 0.586548 0.040161
0.981689 -0.277588 -0.913330 -0.486694 0.617065 0.079224
0.955933 -0.281006 -0.848022 -0.572632 0.605225 0.117432
0.953491 -0.286865 -0.798706 -0.645020 0.568359 0.145752
0.955933 -0.289673 -0.756836 -0.706055 0.481079 0.158447
0.960205 -0.301758 -0.742676 -0.756958 0.380127 0.155396
0.951538 -0.317505 -0.730347 -0.811523 0.314697 0.138672
0.946899 -0.328125 -0.694458 -0.879639 0.271484 0.117188
0.942627 -0.350220 -0.669312 -0.952393 0.236206 0.104004
0.929199 -0.376221 -0.640137 -1.019897 0.216553 0.102661
0.925537 -0.404175 -0.614014 -1.074341 0.213379 0.113403
0.924194 -0.419189 -0.581299 -1.106567 0.235962 0.127319
0.925659 -0.432617 -0.555420 -1.122192 0.270264 0.138916
0.924927 -0.428711 -0.537109 -1.138184 0.283447 0.142334
0.914429 -0.428101 -0.512817 -1.165527 0.271484 0.140869
0.913208 -0.429077 -0.488281 -1.203857 0.262207 0.145874
0.909180 -0.433838 -0.458618 -1.246582 0.274536 0.153687
0.897827 -0.443115 -0.435059 -1.292114 0.302734 0.164795
0.880737 -0.449341 -0.414551 -1.337280 0.332153 0.181274
0.862915 -0.460693 -0.407837 -1.381592 0.351074 0.200562
0.855103 -0.477295 -0.410889 -1.425415 0.342163 0.225098
0.859375 -0.493286 -0.408691 -1.475708 0.350098 0.252075
0.882202 -0.498901 -0.368530 -1.530029 0.364380 0.278809
0.895874 -0.503662 -0.325928 -1.572998 0.369629 0.287720
0.892212 -0.506104 -0.285522 -1.602051 0.360718 0.272339
0.881592 -0.523926 -0.248047 -1.624390 0.342285 0.251587
0.885864 -0.542480 -0.203369 -1.651001 0.336304 0.248901
0.888672 -0.561279 -0.162964 -1.683838 0.354614 0.261353
0.892822 -0.570435 -0.112549 -1.716309 0.375732 0.274780
0.898193 -0.580322 -0.070435 -1.747681 0.383911 0.292236
0.905396 -0.585693 -0.025269 -1.768921 0.386597 0.308350
0.907715 -0.581787 0.015137 -1.765747 0.396729 0.314575
0.900879 -0.575195 0.050903 -1.733887 0.407227 0.315552
0.893433 -0.565552 0.087280 -1.678833 0.395630 0.310425
0.899048 -0.564941 0.101685 -1.604980 0.330566 0.303223
0.913330 -0.585571 0.101929 -1.517456 0.215942 0.296631
0.938721 -0.602173 0.107666 -1.442627 0.092529 0.311279
0.987183 -0.592773 0.135864 -1.383057 0.011841 0.346924
1.024414 -0.570923 0.158569 -1.323486 -0.013672 0.373413
1.048950 -0.547363 0.188843 -1.256592 0.000732 0.378418
1.065063 -0.510132 0.215454 -1.179199 0.030151 0.362549
1.055420 -0.487793 0.222900 -1.086548 0.054565 0.321167
1.036133 -0.474487 0.219482 -0.976440 0.068970 0.264893
0.998901 -0.475464 0.183228 -0.858032 0.057373 0.209595
0.959839 -0.483765 0.137573 -0.755493 0.026489 0.173218
0.935791 -0.489136 0.094482 -0.679932 0.006226 0.164795
0.924927 -0.501831 0.045898 -0.626831 0.000366 0.181885
0.947021 -0.515747 0.019287 -0.596069 -0.005493 0.222412
1.000244 -0.497192 0.015381 -0.570068 0.002075 0.265625
1.044189 -0.475464 0.010376 -0.532593 0.014038 0.281616
1.072021 -0.456421 -0.005493 -0.485718 -0.002319 0.269775
1.092529 -0.445190 -0.016235 -0.440308 -0.035889 0.237915
1.105103 -0.435913 -0.029053 -0.405640 -0.050903 0.199463
1.099731 -0.429810 -0.020996 -0.382568 -0.037842 0.159912
1.091187 -0.429199 -0.024658 -0.362915 0.014404 0.130127
1.083008 -0.425659 -0.021362 -0.336182 0.068604 0.112427
1.080078 -0.425049 -0.033203 -0.299805 0.105469 0.100952
1.076538 -0.420410 -0.054443 -0.258179 0.133301 0.092285
1.066650 -0.406006 -0.079346 -0.214478 0.161499 0.079956
1.076416 -0.401245 -0.130249 -0.172852 0.197144 0.065063
1.045044 -0.403076 -0.140503 -0.140747 0.177124 0.044312
1.024292 -0.397949 -0.185547 -0.111328 0.184082 0.041748
1.058105 -0.332642 -0.153442 -0.107910 0.329590 0.041016
1.045898 -0.333374 -0.156372 -0.094360 0.286499 -0.023926
1.028931 -0.360840 -0.184570 -0.078857 0.160522 -0.070313
1.019409 -0.376953 -0.182861 -0.070923 0.100464 -0.066772
1.014648 -0.373413 -0.164917 -0.062378 0.130981 -0.049805
0.988037 -0.383911 -0.134521 -0.048340 0.136230 -0.038696
0.980469 -0.392822 -0.130859 -0.021606 0.110962 -0.011841
0.999146 -0.399902 -0.123901 0.009521 0.175171 0.016602
1.002808 -0.390137 -0.111084 0.043091 0.243042 0.038940
1.014404 -0.374268 -0.119385 0.080811 0.243164 0.057617
1.034546 -0.367188 -0.148560 0.123657 0.212891 0.066650
1.053833 -0.361938 -0.185181 0.167603 0.184326 0.057495
1.059692 -0.355103 -0.228394 0.198608 0.151489 0.036011
1.056152 -0.352539 -0.254395 0.208862 0.118652 0.014771
1.047363 -0.347656 -0.273438 0.198242 0.108887 -0.005493
1.032715 -0.355469 -0.281738 0.174438 0.104614 -0.023315
1.015503 -0.360840 -0.278320 0.143677 0.072632 -0.033691
1.004761 -0.359375 -0.262695 0.109131 0.043335 -0.033936
0.994263 -0.355713 -0.233398 0.079834 0.031860 -0.030396
0.999634 -0.360718 -0.188354 0.062744 0.014038 -0.026855
1.003784 -0.361450 -0.147095 0.062012 -0.007324 -0.028809
0.995605 -0.361572 -0.113525 0.078003 -0.018188 -0.037598
0.978882 -0.363770 -0.096436 0.105103 -0.015259 -0.047241
0.956543 -0.369141 -0.086060 0.137817 -0.002930 -0.050903
0.943481 -0.377563 -0.092407 0.172852 0.007080 -0.042725
0.942139 -0.387085 -0.105957 0.204346 0.023193 -0.023315
0.950928 -0.386719 -0.124390 0.226563 0.044922 0.001343
0.966309 -0.383301 -0.131226 0.235474 0.056763 0.020020
0.977417 -0.378662 -0.133423 0.238525 0.052979 0.027222
0.975098 -0.372314 -0.138672 0.247803 0.040161 0.023560
0.970337 -0.374512 -0.144043 0.256470 0.027832 0.019409
0.968750 -0.375488 -0.149536 0.260254 0.013062 0.017578
0.973389 -0.375000 -0.146851 0.257446 -0.003418 0.017090
0.979248 -0.379150 -0.136475 0.253418 -0.016724 0.017212
0.986816 -0.381592 -0.133301 0.253540 -0.022095 0.018433
0.998535 -0.382690 -0.127441 0.260620 -0.023804 0.017822
