0.432007 0.298218 0.157104 -0.561768 -0.501465 -0.000366
0.469727 0.249756 0.164673 -0.524292 -0.471802 0.081421
0.498169 0.165649 0.310181 -0.492554 -0.397583 0.158325
0.429932 0.238892 0.302979 -0.411377 -0.408081 0.204834
0.380127 0.234497 0.216187 -0.336548 -0.280762 0.281250
0.348267 0.180298 0.254639 -0.313843 -0.123901 0.385864
0.369751 0.125000 0.344482 -0.305542 -0.098755 0.480957
0.431030 0.075439 0.407227 -0.261597 -0.226196 0.542358
0.487183 0.023071 0.447510 -0.190552 -0.359863 0.575562
0.514404 -0.026855 0.501343 -0.119873 -0.404785 0.614624
0.522217 -0.080444 0.571899 -0.057983 -0.342407 0.678467
0.529419 -0.119629 0.665039 0.015869 -0.207642 0.765259
0.550049 -0.155518 0.737915 0.134644 -0.110352 0.861816
0.585815 -0.185425 0.778076 0.323486 -0.091431 0.951416
0.632935 -0.242798 0.769531 0.578003 -0.137939 1.030396
0.682495 -0.304810 0.704102 0.873047 -0.218262 1.104370
0.733276 -0.368774 0.617065 1.183228 -0.275024 1.182373
0.808105 -0.421631 0.520752 1.492554 -0.307007 1.269897
0.895508 -0.485229 0.407837 1.786377 -0.335938 1.356934
0.998535 -0.551514 0.274658 2.053833 -0.354370 1.431396
1.128418 -0.608032 0.132935 2.294922 -0.362183 1.483521
1.256348 -0.638306 -0.023193 2.511230 -0.369141 1.495117
1.371094 -0.680054 -0.187988 2.713867 -0.365601 1.454224
1.483398 -0.708008 -0.361328 2.918457 -0.332275 1.361572
1.586426 -0.710449 -0.565063 3.121948 -0.293335 1.222168
1.631958 -0.681885 -0.807007 3.293335 -0.258667 1.045776
1.640137 -0.625000 -1.045410 3.383057 -0.179321 0.864014
1.663696 -0.563477 -1.250488 3.366211 -0.048340 0.710693
1.673584 -0.514771 -1.382446 3.247681 0.079712 0.586792
1.630249 -0.476196 -1.458618 3.054443 0.225830 0.479248
1.529663 -0.423462 -1.448242 2.802612 0.353271 0.398804
1.467896 -0.399902 -1.402222 2.513306 0.516602 0.376587
1.464111 -0.392334 -1.336304 2.238281 0.688721 0.425781
1.471802 -0.391602 -1.262817 2.027100 0.740967 0.489014
1.463013 -0.409058 -1.221191 1.884399 0.758911 0.506592
1.447266 -0.416382 -1.193359 1.792725 0.711548 0.485229
1.426025 -0.412354 -1.161987 1.729370 0.622559 0.444336
1.422363 -0.402222 -1.164795 1.670166 0.510254 0.392944
1.426880 -0.382568 -1.207153 1.595093 0.381226 0.327637
1.414673 -0.354248 -1.263550 1.495728 0.257324 0.249634
1.391968 -0.335083 -1.309204 1.381104 0.158813 0.172241
1.344482 -0.317749 -1.337769 1.255127 0.071655 0.097900
1.273560 -0.303833 -1.340088 1.112427 -0.007324 0.037720
1.207886 -0.296753 -1.328979 0.951050 -0.060913 0.004639
1.171143 -0.312622 -1.302612 0.782837 -0.082397 0.005493
1.149902 -0.336060 -1.272827 0.626343 -0.063599 0.027344
1.119263 -0.331299 -1.222412 0.495972 -0.013062 0.055664
1.102783 -0.324219 -1.187988 0.380737 0.080200 0.083862
1.090698 -0.315308 -1.153076 0.259033 0.168823 0.115967
1.106079 -0.299316 -1.151611 0.131226 0.215698 0.158569
1.129028 -0.281616 -1.162354 -0.008057 0.314941 0.187134
1.130493 -0.256226 -1.175659 -0.165283 0.432251 0.193237
1.105469 -0.234619 -1.181152 -0.347046 0.493530 0.176514
1.052612 -0.223877 -1.152222 -0.549438 0.504395 0.139526
0.992065 -0.235352 -1.103882 -0.751587 0.498169 0.101196
0.937012 -0.280151 -1.050781 -0.939575 0.480591 0.073608
0.884888 -0.311035 -0.987061 -1.102783 0.457397 0.053955
0.840576 -0.345581 -0.920044 -1.239258 0.438354 0.038574
0.800659 -0.368286 -0.861450 -1.355957 0.415283 0.034668
0.773804 -0.394897 -0.803589 -1.470215 0.392334 0.054199
0.755249 -0.417358 -0.734619 -1.587646 0.381714 0.096802
0.758789 -0.443481 -0.670044 -1.706909 0.397461 0.156250
0.765137 -0.467529 -0.607300 -1.826172 0.454346 0.226685
0.772949 -0.486206 -0.543579 -1.952881 0.519775 0.299561
0.786743 -0.500977 -0.473755 -2.077881 0.585938 0.357788
0.794189 -0.527832 -0.411499 -2.178101 0.648682 0.384399
0.785156 -0.557129 -0.349609 -2.241943 0.657837 0.389771
0.780884 -0.595215 -0.301636 -2.274414 0.654419 0.384277
0.777710 -0.632690 -0.249878 -2.289917 0.650391 0.386230
0.771973 -0.677490 -0.206787 -2.309448 0.648193 0.422485
0.776489 -0.723999 -0.159546 -2.354370 0.670044 0.495483
0.804199 -0.769775 -0.099731 -2.403320 0.731567 0.586060
0.836182 -0.785767 -0.019287 -2.423218 0.820190 0.668335
0.880127 -0.782349 0.066040 -2.395996 0.880493 0.725464
0.931030 -0.765381 0.135986 -2.323730 0.867920 0.741821
0.975830 -0.734253 0.210815 -2.206909 0.787109 0.703613
0.993164 -0.702881 0.260254 -2.045410 0.655029 0.623413
0.999268 -0.693726 0.281128 -1.871094 0.516357 0.540161
0.984131 -0.707275 0.289795 -1.724121 0.445679 0.478394
0.974487 -0.722290 0.288696 -1.609009 0.456543 0.445801
0.978149 -0.736084 0.295410 -1.505859 0.520752 0.437012
0.982544 -0.731445 0.317261 -1.389160 0.605957 0.431641
0.978760 -0.698120 0.325073 -1.246948 0.655762 0.410767
0.973511 -0.669922 0.312012 -1.092651 0.618774 0.369385
0.970215 -0.667114 0.286133 -0.954224 0.515625 0.320190
0.964233 -0.676636 0.255127 -0.855225 0.418701 0.287598
0.957031 -0.667114 0.243164 -0.797729 0.387573 0.282471
0.974121 -0.656738 0.249756 -0.753052 0.389282 0.295898
1.004517 -0.651367 0.247437 -0.696899 0.385742 0.304077
1.015381 -0.629395 0.236450 -0.624268 0.372925 0.288940
1.017456 -0.600342 0.220825 -0.542236 0.335449 0.256714
1.018555 -0.578735 0.192871 -0.458252 0.253662 0.219482
1.017456 -0.567871 0.158813 -0.382935 0.163818 0.178467
1.016968 -0.568970 0.130005 -0.334839 0.100220 0.143555
1.017212 -0.559814 0.118164 -0.313232 0.081177 0.122681
1.018799 -0.547852 0.121826 -0.301147 0.094116 0.108154
1.018921 -0.538696 0.118774 -0.280151 0.109497 0.092529
1.002808 -0.521606 0.120850 -0.246338 0.099976 0.071899
0.987305 -0.520630 0.104370 -0.200562 0.070435 0.048950
0.976929 -0.526367 0.084717 -0.150513 0.037598 0.035889
0.978027 -0.520142 0.061035 -0.103882 0.013916 0.038086
0.983643 -0.508911 0.041260 -0.066162 0.005737 0.040894
0.991821 -0.500366 0.017822 -0.037720 0.003418 0.042480
0.994141 -0.493042 0.000488 -0.017578 0.005737 0.042847
1.005737 -0.486206 -0.006348 -0.002563 0.010864 0.035767
0.996216 -0.482056 -0.020264 0.010254 0.007446 0.019897
0.991455 -0.474365 -0.036621 0.024170 -0.004761 0.010376
0.999268 -0.461792 -0.042480 0.042480 -0.005615 0.000366
0.994263 -0.465088 -0.065308 0.061035 -0.018433 -0.016235
0.992554 -0.465088 -0.081909 0.074463 -0.046753 -0.025146
0.993774 -0.460938 -0.095093 0.079102 -0.058228 -0.030762
0.987793 -0.459961 -0.097656 0.077393 -0.051758 -0.038940
0.974609 -0.456421 -0.090454 0.066772 -0.049072 -0.047974
0.960205 -0.462158 -0.087280 0.050049 -0.056274 -0.052002
0.949829 -0.465942 -0.072266 0.034302 -0.068237 -0.050537
0.953247 -0.468750 -0.060791 0.028687 -0.088013 -0.045166
0.963135 -0.463745 -0.048828 0.040771 -0.114868 -0.038574
0.976318 -0.459351 -0.054443 0.067017 -0.141602 -0.032837
0.981812 -0.447754 -0.055420 0.096191 -0.173584 -0.028320
0.998047 -0.447388 -0.081665 0.117798 -0.207275 -0.023804
1.010254 -0.442383 -0.096069 0.122070 -0.206421 -0.025757
1.013916 -0.433105 -0.107910 0.114136 -0.177124 -0.029907
1.004761 -0.428589 -0.112915 0.099854 -0.129639 -0.038818
0.995605 -0.436768 -0.109253 0.086182 -0.090332 -0.049561
0.986572 -0.444336 -0.107056 0.078491 -0.071411 -0.059448
0.977539 -0.448486 -0.104126 0.075073 -0.064575 -0.069092
0.971436 -0.463135 -0.098755 0.072388 -0.057739 -0.075317
0.957275 -0.462158 -0.078613 0.071289 -0.038818 -0.080811
0.946533 -0.456909 -0.063721 0.079956 -0.027222 -0.085449
0.943726 -0.455566 -0.064331 0.098633 -0.034180 -0.088989
0.936646 -0.452637 -0.067261 0.120728 -0.037231 -0.091309
0.929321 -0.445923 -0.070557 0.137329 -0.028320 -0.091797
0.913086 -0.442139 -0.068604 0.142090 -0.017090 -0.088745
0.905640 -0.438599 -0.068848 0.138550 -0.003662 -0.078247
0.906982 -0.438354 -0.058105 0.135620 0.018433 -0.063354
0.914307 -0.429443 -0.055908 0.135864 0.044678 -0.047974
0.913696 -0.421753 -0.059082 0.140503 0.062866 -0.036133
0.914917 -0.422363 -0.062256 0.144653 0.071533 -0.028198
0.916504 -0.419189 -0.065430 0.143921 0.081909 -0.021240
0.921997 -0.420898 -0.067383 0.140747 0.088623 -0.014404
0.931274 -0.419189 -0.061646 0.136475 0.086060 -0.011108
0.939941 -0.421387 -0.050781 0.132690 0.076904 -0.011719
0.951660 -0.428223 -0.043335 0.131348 0.063477 -0.016846
0.962280 -0.427856 -0.032104 0.133789 0.046753 -0.026733
0.969482 -0.431030 -0.026489 0.140625 0.028320 -0.040894
0.978149 -0.433105 -0.012695 0.151733 0.009521 -0.058960
0.978027 -0.441650 0.002319 0.163818 -0.004883 -0.081055
0.971558 -0.447266 0.003418 0.176758 -0.014893 -0.105103
0.965088 -0.464966 0.003662 0.191650 -0.022339 -0.126099
0.954346 -0.485107 -0.012817 0.208252 -0.023560 -0.136475
