0.952271 0.338867 -0.189453 -0.177768 -0.279350 -0.039161
0.954712 0.331787 -0.212280 -0.159255 -0.241850 -0.034177
0.986572 0.326294 -0.195557 -0.144778 -0.082594 -0.017801
0.949341 0.342529 -0.206909 -0.125790 -0.163053 -0.019937
0.938110 0.144897 -0.304443 -0.079509 -0.211470 -0.018750
0.953125 0.363892 -0.164795 -0.047943 0.406327 -0.124604
0.959229 0.403564 -0.164673 -0.111075 0.369539 -0.208622
0.924316 0.356201 -0.223877 -0.184888 0.050791 -0.217166
0.928223 0.351807 -0.168213 -0.190110 0.061708 -0.168274
0.923950 0.362549 -0.179199 -0.175394 0.048892 -0.107990
0.931763 0.356445 -0.200317 -0.182277 0.053639 -0.072151
0.938110 0.348877 -0.218262 -0.177293 0.057199 -0.063845
0.938232 0.346680 -0.228027 -0.197942 0.046519 -0.084493
0.945923 0.351196 -0.219482 -0.252055 0.056724 -0.123892
0.942627 0.351074 -0.203857 -0.307118 0.051978 -0.176106
0.935303 0.360229 -0.190674 -0.365979 0.053164 -0.231407
0.941162 0.367676 -0.148560 -0.427687 0.055063 -0.274603
0.936523 0.370728 -0.132568 -0.462576 0.117246 -0.283859
0.924927 0.371704 -0.124512 -0.453083 0.154034 -0.249919
0.918823 0.364136 -0.105591 -0.417482 0.176106 -0.204825
0.910156 0.361816 -0.107300 -0.377608 0.194856 -0.172784
0.909668 0.366699 -0.121094 -0.361944 0.187736 -0.183701
0.893433 0.364990 -0.130615 -0.374286 0.148812 -0.241138
0.880005 0.361328 -0.119507 -0.421991 0.078322 -0.331327
0.868530 0.382690 -0.107178 -0.492481 0.002373 -0.406801
0.831787 0.368042 -0.094238 -0.556326 -0.069778 -0.442402
0.824341 0.368164 -0.068481 -0.608066 -0.126265 -0.440029
0.801880 0.364502 -0.052734 -0.636072 -0.146914 -0.409175
0.783447 0.358521 -0.018066 -0.641293 -0.177531 -0.358146
0.773804 0.358032 0.014404 -0.628477 -0.191059 -0.290267
0.741577 0.340088 0.037476 -0.605455 -0.197942 -0.212657
0.718018 0.324585 0.060425 -0.589791 -0.212657 -0.131961
0.705688 0.304199 0.086548 -0.572227 -0.240426 -0.052452
0.692993 0.289917 0.106812 -0.525471 -0.259413 0.007358
0.668579 0.267700 0.131470 -0.437655 -0.289555 0.056724
0.663696 0.243408 0.151245 -0.309729 -0.345567 0.114161
0.653320 0.211426 0.174194 -0.155933 -0.443352 0.186075
0.657593 0.180908 0.193481 0.014715 -0.513842 0.276264
0.670776 0.143311 0.220215 0.194619 -0.514079 0.385203
0.675903 0.115356 0.244141 0.388289 -0.470646 0.524285
0.692871 0.083984 0.249146 0.612813 -0.416532 0.676657
0.710083 0.075195 0.245117 0.887178 -0.396358 0.817637
0.741699 0.058960 0.192505 1.211859 -0.427213 0.924915
0.790649 0.052856 0.127808 1.562411 -0.508858 1.003237
0.825562 0.051025 0.068726 1.898010 -0.589316 1.053316
0.855225 0.024658 0.036255 2.194923 -0.650787 1.076338
0.888184 0.006836 -0.014526 2.461694 -0.710359 1.092952
0.960938 0.038208 -0.081909 2.702119 -0.789631 1.107430
0.972534 0.031250 -0.156616 2.886770 -0.770644 1.088917
0.971191 0.088257 -0.229370 2.956311 -0.691610 1.028870
0.939819 0.086426 -0.333008 2.927355 -0.599759 0.979741
0.918213 0.079590 -0.407104 2.856153 -0.476105 0.999915
0.918579 0.067627 -0.473022 2.792546 -0.381406 1.086069
0.913574 0.036377 -0.489136 2.737483 -0.335836 1.194771
0.931152 0.022461 -0.505737 2.671265 -0.352925 1.278789
0.952271 -0.010254 -0.469482 2.604810 -0.421516 1.317476
1.020996 -0.009033 -0.458984 2.559240 -0.529506 1.294691
1.073486 -0.032104 -0.458008 2.533845 -0.601658 1.210910
1.104370 -0.044434 -0.478271 2.508924 -0.577449 1.076813
1.104736 -0.043579 -0.540039 2.463592 -0.502212 0.925627
1.072266 -0.061768 -0.582031 2.394289 -0.409412 0.802210
1.032349 -0.064209 -0.634521 2.284638 -0.351738 0.725787
1.007080 -0.084106 -0.646118 2.135588 -0.336549 0.697068
0.991089 -0.096191 -0.625854 1.961617 -0.359333 0.688524
1.011597 -0.113525 -0.575439 1.806160 -0.410124 0.667401
1.040771 -0.133789 -0.524414 1.722616 -0.454032 0.624680
1.069092 -0.137695 -0.511108 1.719530 -0.446437 0.567243
1.069580 -0.144165 -0.525146 1.769372 -0.358146 0.496041
1.055176 -0.115112 -0.584106 1.816603 -0.242087 0.425076
1.038940 -0.126953 -0.653198 1.804973 -0.127926 0.375235
1.015869 -0.126343 -0.703247 1.700068 -0.029430 0.360757
0.997559 -0.123901 -0.728149 1.516604 0.002136 0.378083
1.016357 -0.130615 -0.715454 1.299913 -0.050553 0.395646
1.036011 -0.128906 -0.708496 1.096749 -0.139081 0.379744
1.057739 -0.156372 -0.672974 0.926814 -0.174445 0.329903
1.064087 -0.167847 -0.656494 0.786783 -0.139319 0.274128
1.052856 -0.174683 -0.652344 0.695882 -0.052215 0.237103
1.038086 -0.180054 -0.650024 0.653635 0.055063 0.217641
1.023193 -0.170654 -0.670776 0.622069 0.149524 0.200078
1.003784 -0.159790 -0.689819 0.570803 0.202214 0.174208
0.986450 -0.157227 -0.715088 0.484174 0.209097 0.137895
0.970947 -0.156006 -0.720947 0.359096 0.177768 0.102056
0.952759 -0.162720 -0.714233 0.213369 0.132673 0.075237
0.943359 -0.180786 -0.697632 0.066455 0.106566 0.065269
0.936646 -0.197998 -0.670532 -0.064319 0.103480 0.070253
0.931030 -0.211304 -0.653198 -0.164239 0.132436 0.080221
0.938477 -0.214111 -0.647705 -0.228084 0.188686 0.081882
0.934692 -0.217529 -0.651611 -0.270331 0.264397 0.064319
0.909668 -0.226685 -0.661011 -0.315663 0.346279 0.031092
0.865723 -0.245483 -0.663818 -0.378320 0.412735 0.006646
0.813721 -0.244995 -0.672119 -0.458541 0.435045 0.015427
0.774658 -0.247314 -0.679810 -0.554427 0.403953 0.058148
0.760376 -0.253662 -0.668945 -0.670961 0.348416 0.112262
0.756226 -0.258179 -0.665161 -0.799599 0.310441 0.159493
0.770874 -0.275513 -0.658081 -0.909251 0.319697 0.204350
0.796631 -0.288696 -0.673096 -0.991608 0.378795 0.247309
0.808472 -0.302002 -0.700684 -1.058300 0.464475 0.274840
0.806274 -0.296387 -0.727051 -1.121433 0.545171 0.279587
0.799072 -0.289551 -0.749756 -1.198806 0.578636 0.279587
0.780396 -0.289917 -0.744263 -1.307982 0.575313 0.298337
0.784058 -0.284668 -0.717529 -1.453709 0.572939 0.346042
0.800171 -0.282715 -0.690308 -1.617474 0.578636 0.403241
0.808350 -0.294434 -0.661377 -1.761065 0.595961 0.438605
0.810303 -0.304199 -0.651001 -1.854814 0.608778 0.446200
0.802124 -0.294067 -0.654541 -1.898722 0.564633 0.451421
0.804932 -0.292847 -0.653076 -1.920795 0.477291 0.466611
0.817749 -0.275024 -0.644897 -1.965178 0.395884 0.489633
0.835205 -0.262329 -0.624390 -2.039702 0.365504 0.524997
0.854980 -0.256714 -0.597534 -2.138199 0.386865 0.571515
0.886353 -0.266602 -0.560669 -2.258768 0.418194 0.613762
0.922729 -0.285034 -0.523071 -2.379811 0.401580 0.640344
0.958252 -0.299438 -0.473999 -2.466915 0.340821 0.648888
0.997437 -0.306641 -0.423340 -2.507263 0.268907 0.636072
1.021851 -0.307495 -0.392822 -2.508687 0.210283 0.611151
1.023315 -0.300293 -0.358032 -2.486377 0.192483 0.573889
1.017334 -0.294067 -0.328003 -2.453149 0.197230 0.526183
1.007568 -0.285522 -0.316040 -2.409716 0.197942 0.480377
1.009766 -0.273071 -0.321289 -2.353703 0.193670 0.434807
0.996460 -0.256714 -0.345703 -2.290808 0.183227 0.383542
0.987183 -0.251099 -0.353394 -2.252834 0.166613 0.341295
0.986816 -0.241821 -0.349731 -2.268498 0.130300 0.328479
0.992188 -0.251709 -0.322510 -2.343498 0.110601 0.340583
0.999268 -0.262573 -0.264404 -2.449352 0.095648 0.363843
1.015381 -0.281982 -0.203491 -2.534557 0.070253 0.389713
1.029785 -0.299316 -0.160645 -2.543576 0.046756 0.403478
1.039795 -0.286011 -0.150269 -2.434162 0.047231 0.392086
1.041016 -0.274170 -0.136475 -2.231711 0.075712 0.360045
1.026245 -0.256104 -0.138916 -2.025462 0.112262 0.326818
1.020142 -0.239380 -0.136719 -1.888754 0.140031 0.307356
1.028809 -0.236572 -0.104248 -1.837726 0.145727 0.292878
1.043091 -0.237793 -0.064819 -1.832504 0.128401 0.280062
1.055298 -0.245483 -0.029175 -1.815179 0.110838 0.262498
1.054932 -0.255737 0.013306 -1.751809 0.095648 0.228559
1.049438 -0.249390 0.018311 -1.617949 0.087104 0.180616
1.036255 -0.234497 0.026001 -1.405766 0.073813 0.135047
1.018799 -0.213013 0.007202 -1.171749 0.055063 0.098971
1.002808 -0.195801 -0.004272 -0.984487 0.036788 0.074525
0.996826 -0.190063 -0.016479 -0.868903 0.019699 0.064794
0.993286 -0.188843 -0.014404 -0.806245 -0.000949 0.068354
1.000610 -0.192749 -0.007568 -0.754742 -0.022547 0.077848
1.006592 -0.187256 -0.010620 -0.682828 -0.024921 0.077848
0.996826 -0.178345 -0.033081 -0.574838 -0.006646 0.064319
0.983765 -0.162964 -0.068115 -0.442877 0.013054 0.047943
0.974731 -0.144043 -0.110962 -0.323020 0.028481 0.036788
0.955811 -0.127563 -0.138306 -0.245173 0.038449 0.027057
0.945679 -0.113281 -0.156982 -0.216929 0.042959 0.023259
0.955566 -0.118042 -0.166626 -0.216217 0.037025 0.028481
0.957031 -0.110596 -0.170532 -0.223812 0.027531 0.031804
0.962646 -0.110474 -0.175659 -0.209097 0.034889 0.024209
0.956177 -0.106689 -0.193848 -0.154983 0.050791 0.010680
