1.004761 0.314331 -0.020752 0.198891 -0.392561 0.068829
1.003540 0.309082 -0.040039 0.257277 -0.428874 0.036313
1.009033 0.304810 -0.068359 0.290505 -0.440029 0.024683
1.013306 0.305542 -0.080688 0.291929 -0.388526 0.039161
1.017456 0.317993 -0.095337 0.275315 -0.283622 0.051740
1.003540 0.330444 -0.105957 0.259888 -0.171597 0.042484
0.981201 0.336914 -0.120972 0.248021 -0.101819 0.017326
0.949951 0.373657 -0.101685 0.219540 0.035126 0.005696
0.893677 0.340210 -0.129028 0.173021 -0.056487 0.005459
0.889893 0.327148 -0.155518 0.128638 -0.063370 0.022547
0.821045 0.302490 -0.056152 0.047943 0.225948 0.081408
0.792969 0.287720 0.002563 -0.045332 0.267245 0.237103
0.840210 0.254883 0.079834 -0.064794 0.286707 0.395172
0.836914 0.203491 0.129883 -0.016614 0.420330 0.501737
0.791016 0.134155 0.161255 0.029905 0.609965 0.536626
0.719116 0.087524 0.210571 0.064794 0.721989 0.514791
0.697021 0.045166 0.277466 0.100870 0.688999 0.473969
0.662842 -0.053711 0.351807 0.143354 0.598098 0.432434
0.644287 -0.134888 0.425903 0.200553 0.566294 0.399206
0.607178 -0.190552 0.498291 0.297150 0.522861 0.404665
0.617432 -0.238403 0.562012 0.472545 0.501500 0.495092
0.621338 -0.279297 0.580933 0.724600 0.487972 0.640107
0.655518 -0.301025 0.569946 1.020089 0.411548 0.762574
0.686646 -0.299438 0.502808 1.314153 0.275077 0.820011
0.702271 -0.281738 0.423340 1.567870 0.185363 0.822859
0.701660 -0.257813 0.317139 1.742315 0.106091 0.787970
0.734863 -0.271484 0.246582 1.827283 0.055775 0.746435
0.782715 -0.298462 0.216919 1.832030 -0.006646 0.693508
0.835938 -0.345581 0.194458 1.809957 0.002848 0.645566
0.855591 -0.346924 0.196411 1.841998 0.148100 0.626816
0.859863 -0.363037 0.162598 1.930289 0.234018 0.660281
0.865845 -0.391846 0.139893 2.040889 0.317324 0.722938
0.886719 -0.399780 0.070679 2.149828 0.421279 0.838049
0.877197 -0.402344 0.036987 2.274432 0.646040 1.033617
0.920776 -0.362549 -0.027100 2.436061 0.764473 1.252445
1.026611 -0.263062 -0.135742 2.620474 0.691847 1.398646
1.131836 -0.165771 -0.266357 2.776407 0.537338 1.420244
1.206787 -0.094604 -0.430786 2.821976 0.427450 1.350466
1.243408 -0.055176 -0.571411 2.715410 0.445488 1.277840
1.299927 0.031982 -0.668091 2.488038 0.532592 1.235119
1.356689 0.115967 -0.701050 2.246901 0.629189 1.223014
1.397217 0.186035 -0.757813 2.062962 0.701341 1.227761
1.456543 0.267456 -0.831055 1.923168 0.718429 1.229897
1.520264 0.323120 -0.910400 1.776967 0.687575 1.208774
1.577271 0.412720 -0.979736 1.601810 0.663841 1.148252
1.620728 0.481201 -1.033936 1.374675 0.648888 1.047620
1.643311 0.511230 -1.048584 1.099360 0.658145 0.906640
1.612061 0.494629 -1.046265 0.764948 0.738366 0.738366
1.546387 0.473877 -1.003174 0.401105 0.813365 0.552054
1.482910 0.430542 -0.916992 0.066930 0.761625 0.378795
1.445557 0.360107 -0.805420 -0.200315 0.655534 0.246834
1.391968 0.270142 -0.696533 -0.415345 0.582196 0.155458
1.354004 0.175293 -0.572754 -0.586231 0.535914 0.116059
1.331055 0.083740 -0.453491 -0.701815 0.500313 0.139319
1.337158 -0.005981 -0.341797 -0.771593 0.497465 0.183464
1.325562 -0.079346 -0.235474 -0.831166 0.515266 0.192483
1.323120 -0.131348 -0.125854 -0.897621 0.471120 0.142404
1.302002 -0.177002 -0.024170 -0.936545 0.409649 0.053402
1.268555 -0.198853 0.064819 -0.931323 0.359096 -0.035126
1.205688 -0.224365 0.110840 -0.887415 0.349840 -0.091376
1.134155 -0.234619 0.140137 -0.819299 0.348890 -0.111787
1.091187 -0.231079 0.155029 -0.743587 0.299998 -0.117721
1.044189 -0.218262 0.151855 -0.672385 0.243986 -0.150236
0.993652 -0.202759 0.142822 -0.603556 0.169224 -0.213369
0.917480 -0.185303 0.106812 -0.542797 0.083544 -0.257752
0.872314 -0.161865 0.056152 -0.498415 0.050316 -0.253717
0.846313 -0.127930 -0.019897 -0.478478 0.027531 -0.220014
0.842407 -0.095337 -0.126343 -0.491294 0.027057 -0.171122
0.856445 -0.052490 -0.240845 -0.534728 0.070727 -0.112499
0.873535 -0.003418 -0.369385 -0.584332 0.143116 -0.046756
0.880615 0.025757 -0.517090 -0.618271 0.196518 0.003560
0.882690 0.053223 -0.691162 -0.662891 0.253479 0.027769
0.875000 0.057373 -0.878784 -0.758302 0.269381 0.037737
0.905151 0.067261 -1.046875 -0.924915 0.237340 0.030380
0.932617 0.066162 -1.187622 -1.180768 0.133860 -0.031804
0.967407 0.038330 -1.246948 -1.523250 0.011630 -0.148812
0.943359 -0.016602 -1.246826 -1.910827 -0.000237 -0.247546
0.897217 -0.059448 -1.188232 -2.287723 0.115110 -0.236154
0.872925 -0.099365 -1.126465 -2.605284 0.257040 -0.120569
0.877563 -0.131592 -1.054688 -2.856865 0.358384 0.005221
0.868408 -0.173218 -0.963623 -3.066911 0.369301 0.073575
0.854736 -0.207764 -0.875000 -3.280280 0.349128 0.111787
0.864868 -0.285034 -0.759521 -3.519994 0.264872 0.149762
0.882568 -0.393677 -0.600220 -3.765878 0.209809 0.188686
0.916138 -0.471680 -0.410889 -3.995624 0.227609 0.247071
0.972900 -0.539185 -0.194458 -4.170306 0.248021 0.307118
1.056396 -0.607300 0.041016 -4.250052 0.199841 0.295014
1.120239 -0.711670 0.245728 -4.225606 0.069778 0.186312
1.164673 -0.792603 0.455200 -4.128772 -0.115822 0.022073
1.191528 -0.874146 0.651123 -3.978773 -0.290030 -0.133623
1.197754 -0.935303 0.846924 -3.779407 -0.351501 -0.207910
1.190918 -0.966553 1.022583 -3.520231 -0.307830 -0.178955
1.185059 -0.946045 1.148071 -3.182259 -0.223575 -0.084256
1.178833 -0.885010 1.207886 -2.763116 -0.211470 -0.010918
1.149658 -0.853516 1.214233 -2.316204 -0.297150 -0.006646
1.094360 -0.797607 1.195679 -1.910115 -0.385678 -0.023259
1.055664 -0.697388 1.135864 -1.558614 -0.442877 0.000475
1.075439 -0.587646 1.056152 -1.257903 -0.536626 0.016851
1.091309 -0.496338 0.967407 -1.025073 -0.670012 -0.046756
1.081543 -0.429565 0.900635 -0.865343 -0.754505 -0.152372
1.068237 -0.373413 0.851440 -0.725312 -0.846355 -0.234967
1.076660 -0.322998 0.813599 -0.554902 -0.943428 -0.277213
1.073120 -0.282349 0.762085 -0.350789 -1.058775 -0.306644
1.089233 -0.228516 0.707642 -0.135284 -1.177445 -0.319935
1.085815 -0.191528 0.650146 0.071439 -1.249359 -0.306169
1.119751 -0.166382 0.633911 0.253954 -1.284960 -0.253242
1.137939 -0.170898 0.632202 0.429349 -1.275229 -0.145490
1.192993 -0.156128 0.636353 0.642480 -1.207350 0.021361
1.343384 -0.087280 0.548706 0.897858 -1.194296 0.191059
1.517456 -0.048706 0.442261 1.085594 -1.131639 0.257752
1.715576 0.038574 0.332764 1.139708 -1.130214 0.159730
1.936401 0.083984 0.293579 1.100072 -1.176496 -0.036313
2.099731 0.062134 0.249878 1.029107 -1.081085 -0.278637
2.202637 0.041870 0.231689 0.956481 -0.908301 -0.576974
2.234009 0.029297 0.234375 0.937731 -0.795565 -0.936782
2.190308 -0.010010 0.234619 0.966212 -0.734806 -1.330767
2.098267 -0.061279 0.232544 1.016766 -0.721752 -1.708375
1.982910 -0.138916 0.244385 1.082034 -0.707037 -1.997931
1.847900 -0.242432 0.256592 1.164866 -0.598335 -2.161458
1.696533 -0.309570 0.257324 1.299201 -0.360757 -2.197771
1.553711 -0.347778 0.234497 1.500465 -0.109889 -2.141759
1.461914 -0.362183 0.138794 1.722853 0.025395 -2.069845
1.366333 -0.397705 0.046753 1.862172 0.105379 -2.060351
1.250244 -0.436157 -0.022461 1.887567 0.135996 -2.125620
1.171143 -0.444458 -0.048340 1.872852 0.048892 -2.211537
1.117065 -0.436646 -0.098022 1.893026 -0.065031 -2.269211
1.059448 -0.434692 -0.178589 1.908216 -0.094461 -2.308134
0.940552 -0.386963 -0.312500 1.871903 0.009731 -2.325697
0.827393 -0.295166 -0.421021 1.787410 0.093512 -2.305524
0.718628 -0.215698 -0.515015 1.671113 0.110363 -2.262802
0.592896 -0.163574 -0.582642 1.549120 0.196518 -2.199670
0.467163 -0.122437 -0.638916 1.408615 0.271755 -2.093341
0.369751 -0.104004 -0.644531 1.256242 0.366453 -1.921270
0.274536 -0.108276 -0.639526 1.118347 0.517402 -1.689863
0.199097 -0.105835 -0.626221 1.023886 0.643904 -1.435434
0.142456 -0.090088 -0.630249 0.973333 0.656721 -1.194771
0.106201 -0.069824 -0.619873 0.917320 0.600946 -0.988048
0.081299 -0.049683 -0.606201 0.828555 0.547069 -0.811941
0.061768 -0.009521 -0.600464 0.707037 0.469459 -0.654585
0.070923 0.066040 -0.619751 0.579110 0.318985 -0.526183
0.075073 0.128784 -0.637817 0.458541 0.113923 -0.443114
0.072021 0.173340 -0.640503 0.330615 -0.138369 -0.392323
0.093506 0.225342 -0.649048 0.219540 -0.367403 -0.323020
0.142700 0.208374 -0.652954 0.135521 -0.519775 -0.195806
0.216797 0.221924 -0.663330 0.046756 -0.589079 -0.037974
0.320190 0.205566 -0.644531 -0.058148 -0.604743 0.101107
0.416138 0.189087 -0.616333 -0.158543 -0.545645 0.202451
0.512573 0.181641 -0.576660 -0.246597 -0.497465 0.259176
0.602173 0.159546 -0.518921 -0.307830 -0.444064 0.268432
0.647583 0.129883 -0.474121 -0.354349 -0.348416 0.229983
