0.877075 0.020630 -0.136963 1.975383 0.506009 1.020563
0.935425 0.133545 -0.327026 2.072693 0.340583 1.007272
1.000488 0.248779 -0.503052 2.052994 0.174920 0.987810
1.091064 0.353027 -0.647461 1.924118 0.090664 0.953871
1.174194 0.397827 -0.736206 1.725227 0.056487 0.899757
1.267578 0.432495 -0.787720 1.505449 0.052452 0.839235
1.340332 0.433960 -0.813477 1.289232 0.067167 0.772068
1.388062 0.424316 -0.816162 1.107430 0.058386 0.672385
1.413086 0.397461 -0.816284 0.947225 0.095411 0.548493
1.397461 0.393433 -0.783081 0.788919 0.207198 0.423652
1.375000 0.366821 -0.739624 0.623256 0.319935 0.317324
1.362793 0.329712 -0.680420 0.460915 0.421754 0.216692
1.336914 0.304077 -0.638306 0.303558 0.517164 0.085680
1.304932 0.243774 -0.603394 0.149999 0.520487 -0.090427
1.321655 0.213135 -0.521240 0.014478 0.390425 -0.313289
1.332153 0.152344 -0.423706 -0.099208 0.181803 -0.606879
1.264648 0.090454 -0.320068 -0.177768 0.007595 -0.922067
1.138794 0.018799 -0.216553 -0.218590 -0.117009 -1.104819
1.074463 -0.060181 -0.106689 -0.227135 -0.165189 -1.074677
0.946777 -0.091797 0.003296 -0.196518 0.163765 -0.885279
0.802368 -0.122925 0.132690 -0.086867 0.379982 -0.614949
0.714355 -0.047363 -0.087524 0.072389 0.431959 -0.293827
0.533325 -0.309326 0.170044 0.100395 1.374200 0.184888
0.712036 -0.179443 0.225586 -0.013528 1.138047 0.593588
0.780273 -0.199829 0.345825 0.144778 1.017715 0.914472
0.754395 -0.223511 0.284546 0.494142 1.077525 1.115974
0.800659 -0.145508 0.254028 0.821197 0.873412 1.119771
0.849854 -0.145508 0.239868 1.085120 0.494854 1.016766
0.885498 -0.158691 0.236816 1.271669 0.339871 0.873175
0.863159 -0.162231 0.234863 1.387491 0.348178 0.708935
0.785400 -0.151123 0.216675 1.459405 0.358146 0.555139
0.676392 -0.169678 0.147217 1.497143 0.375235 0.492244
0.601929 -0.149170 0.086792 1.499279 0.380694 0.565819
0.625854 -0.137939 0.024780 1.459880 0.391611 0.768983
0.742188 -0.121582 -0.017090 1.395561 0.484412 1.010832
0.860229 -0.130249 -0.023560 1.335514 0.628477 1.177208
0.938721 -0.135010 -0.027832 1.304185 0.758777 1.240340
0.938110 -0.141724 -0.060303 1.341685 0.865343 1.250546
0.821533 -0.157104 -0.158569 1.422618 0.808144 1.268346
0.831909 -0.125366 -0.088013 1.455608 0.555376 1.338125
0.896484 -0.199585 -0.156738 1.406241 0.235916 1.474358
0.993164 -0.215698 -0.111938 1.323884 0.390187 1.645005
1.043213 -0.226929 -0.131104 1.246986 0.477291 1.745163
1.158447 -0.244507 -0.140015 1.206163 0.529981 1.760353
1.258423 -0.223511 -0.134399 1.207825 0.522861 1.691761
1.338745 -0.194946 -0.189209 1.211385 0.555376 1.538677
1.378540 -0.146851 -0.230835 1.206875 0.546832 1.319137
1.379761 -0.104614 -0.271851 1.172461 0.463288 1.062335
1.374390 -0.082153 -0.304321 1.090104 0.408463 0.854900
1.342773 -0.079712 -0.339355 0.944852 0.472307 0.736467
1.314087 -0.089966 -0.365723 0.771119 0.578398 0.659331
1.307617 -0.099976 -0.341309 0.626578 0.606642 0.570803
1.320679 -0.111572 -0.333618 0.543035 0.528557 0.468510
1.325684 -0.112183 -0.325562 0.511468 0.448336 0.363368
1.311401 -0.113037 -0.331055 0.505297 0.380694 0.262498
1.277344 -0.116455 -0.354126 0.503161 0.351976 0.207673
1.252319 -0.123413 -0.400024 0.491532 0.388526 0.221438
1.246338 -0.150391 -0.463867 0.440978 0.439792 0.280062
1.304688 -0.160889 -0.520386 0.331802 0.468035 0.318511
1.353271 -0.168701 -0.578979 0.163527 0.459728 0.275789
1.393311 -0.198120 -0.626709 -0.068117 0.460915 0.146202
1.392578 -0.232788 -0.631348 -0.347941 0.498177 -0.024209
1.384521 -0.276123 -0.618042 -0.629189 0.555851 -0.172072
1.358765 -0.323486 -0.593140 -0.871039 0.572702 -0.279350
1.352661 -0.352051 -0.598633 -1.049756 0.553478 -0.365979
1.353882 -0.381348 -0.604980 -1.190261 0.492956 -0.467086
1.357056 -0.400024 -0.625610 -1.331954 0.400630 -0.614949
1.336548 -0.423218 -0.630371 -1.484563 0.334887 -0.797463
1.293335 -0.437134 -0.646851 -1.616050 0.285995 -0.962178
1.254517 -0.432251 -0.679565 -1.721666 0.262498 -1.064946
1.226563 -0.426880 -0.715454 -1.841761 0.254666 -1.117161
1.192017 -0.420776 -0.760132 -2.014782 0.287419 -1.143268
1.160522 -0.428345 -0.759766 -2.259005 0.398969 -1.151812
1.142578 -0.422974 -0.738281 -2.526250 0.538288 -1.162018
1.128784 -0.439209 -0.710327 -2.743179 0.594537 -1.186464
1.115356 -0.448608 -0.682373 -2.884397 0.518826 -1.250783
1.090088 -0.461304 -0.649780 -2.993098 0.408463 -1.336938
1.021851 -0.471313 -0.640625 -3.107734 0.449997 -1.376336
0.914063 -0.467041 -0.626587 -3.242543 0.569854 -1.333852
0.837402 -0.473511 -0.591431 -3.396339 0.636309 -1.244612
0.776978 -0.479370 -0.545288 -3.540880 0.636547 -1.158221
0.723145 -0.503296 -0.490845 -3.655752 0.576262 -1.095563
0.660400 -0.543945 -0.412842 -3.740008 0.489158 -1.038126
0.648071 -0.592407 -0.320190 -3.794359 0.392323 -0.946038
0.660156 -0.629517 -0.227905 -3.800055 0.290979 -0.796514
0.687012 -0.628296 -0.136597 -3.747603 0.122230 -0.633699
0.751465 -0.636230 -0.065186 -3.672604 -0.012579 -0.514791
0.815796 -0.638184 -0.019897 -3.633680 -0.150474 -0.431959
0.857300 -0.656494 0.050781 -3.663585 -0.137657 -0.348416
0.880737 -0.651489 0.133789 -3.734787 -0.062420 -0.271043
0.920288 -0.637817 0.267822 -3.796258 -0.013054 -0.218116
0.914307 -0.624023 0.384033 -3.794834 0.034652 -0.210996
0.885132 -0.570679 0.506836 -3.709629 -0.014478 -0.271043
0.859863 -0.529541 0.610596 -3.546339 -0.229033 -0.375947
0.856689 -0.479126 0.703857 -3.355992 -0.505297 -0.480139
0.859009 -0.461304 0.775024 -3.158762 -0.747147 -0.542085
0.854492 -0.482422 0.833130 -2.952513 -0.886229 -0.502687
0.861938 -0.530029 0.897949 -2.773559 -0.861783 -0.313052
0.921021 -0.557007 0.971802 -2.620237 -0.737891 -0.035601
1.002075 -0.568481 1.063232 -2.427279 -0.627290 0.198416
1.061523 -0.571655 1.128296 -2.152202 -0.599284 0.307593
1.111938 -0.566284 1.177002 -1.808296 -0.689948 0.302846
1.157349 -0.536865 1.185181 -1.418346 -0.824045 0.249919
1.204956 -0.497681 1.152832 -1.021750 -0.956481 0.190347
1.229614 -0.448730 1.087158 -0.649126 -1.048807 0.124366
1.237061 -0.389893 1.017334 -0.315425 -1.095325 0.070015
1.240601 -0.321411 0.939087 -0.013766 -1.124993 0.039636
1.272095 -0.236328 0.833862 0.255853 -1.126417 0.024446
1.284546 -0.215698 0.728149 0.466374 -1.072303 -0.002848
1.287476 -0.110107 0.659058 0.628002 -1.052604 -0.071677
1.307129 -0.084351 0.592163 0.781324 -1.055690 -0.134097
1.346680 -0.008057 0.532227 0.959092 -1.066845 -0.172072
1.386841 0.045166 0.463623 1.121196 -1.004899 -0.179192
1.476318 0.160034 0.391968 1.250546 -0.948412 -0.179429
1.631592 0.204468 0.296021 1.340973 -0.939630 -0.212420
1.807251 0.281860 0.213989 1.368979 -0.908064 -0.354349
1.941528 0.332642 0.138306 1.342159 -0.889314 -0.588604
2.011597 0.298218 0.096436 1.314153 -0.830691 -0.834726
2.010376 0.270752 0.086914 1.288283 -0.756641 -1.087731
1.971924 0.205078 0.112183 1.258378 -0.648888 -1.312254
1.899658 0.152832 0.137329 1.288046 -0.552766 -1.463915
1.808105 0.051514 0.176270 1.378710 -0.450472 -1.541525
1.694946 -0.045044 0.197632 1.513519 -0.310678 -1.576651
1.608521 -0.110962 0.180908 1.692711 -0.225711 -1.579025
1.541992 -0.201050 0.125488 1.851729 -0.133148 -1.585433
1.519409 -0.267578 0.023682 1.887805 -0.018038 -1.630528
1.550171 -0.282715 -0.091675 1.764388 0.138844 -1.724989
1.530762 -0.330566 -0.186401 1.486462 0.363368 -1.923643
1.466675 -0.392334 -0.220703 1.113838 0.486073 -2.251647
1.369141 -0.473755 -0.148315 0.801735 0.495567 -2.587959
1.277832 -0.553345 -0.087402 0.686151 0.439080 -2.822688
1.199585 -0.565674 -0.036743 0.790106 0.330615 -2.958921
1.075806 -0.564209 -0.076904 1.048095 0.284571 -3.027513
0.925781 -0.528442 -0.177124 1.338837 0.340346 -3.015408
0.749512 -0.498047 -0.303345 1.547933 0.511468 -2.882735
0.607666 -0.433838 -0.399292 1.649515 0.671198 -2.652278
0.508545 -0.328613 -0.502197 1.651176 0.793903 -2.379574
0.402954 -0.211670 -0.599487 1.559563 0.909488 -2.130366
0.310913 -0.103882 -0.687622 1.374200 0.896909 -1.961855
0.217407 -0.005615 -0.724854 1.111702 0.747622 -1.865969
0.118286 0.068970 -0.721924 0.836387 0.589316 -1.768897
0.043091 0.118042 -0.688721 0.603319 0.490582 -1.604420
-0.025513 0.123047 -0.653564 0.412023 0.529743 -1.354976
-0.026611 0.142090 -0.593384 0.269856 0.559174 -1.071829
0.007324 0.176636 -0.534912 0.214081 0.479902 -0.830928
0.044556 0.209106 -0.505859 0.231881 0.295014 -0.690660
0.058105 0.240601 -0.500000 0.257752 0.035838 -0.620645
0.090454 0.269531 -0.502441 0.246834 -0.196280 -0.539237
0.142334 0.300293 -0.496216 0.186787 -0.384254 -0.418431
0.213135 0.308228 -0.484253 0.077610 -0.435282 -0.267245
