0.926636 0.333252 0.142700 -0.238052 -0.035364 -0.289080
0.922363 0.329834 0.140015 -0.314951 -0.075237 -0.172072
0.968872 0.287109 0.169800 -0.357672 -0.085205 -0.093512
0.859863 0.300171 0.167236 -0.345093 -0.068591 0.008070
0.820679 0.284668 0.165283 -0.324919 0.035126 0.051266
0.788208 0.243652 0.161255 -0.346042 0.125316 0.119620
0.761108 0.207886 0.267090 -0.423890 0.352925 0.156407
0.710815 0.165771 0.207764 -0.629664 0.488921 0.133623
0.639282 0.131226 0.315918 -0.837574 0.638683 0.112974
0.539307 0.086426 0.418091 -0.820248 0.739552 0.049604
0.383301 0.110229 0.529541 -0.587892 0.828792 -0.055300
0.227905 0.129883 0.613159 -0.384491 0.728397 -0.097310
0.119873 0.114502 0.701050 -0.311390 0.447861 -0.080696
0.020264 0.113403 0.792603 -0.321596 0.087579 -0.040823
-0.074463 0.119873 0.879272 -0.312815 -0.296675 -0.007595
-0.145264 0.111816 0.947144 -0.182515 -0.700154 0.080221
-0.164429 0.106567 0.936523 0.064319 -1.054503 0.312340
-0.109985 0.124878 0.940063 0.362656 -1.180768 0.809330
0.127808 0.064087 0.866699 0.767796 -0.921355 1.580449
0.446289 -0.053589 0.771118 1.331242 -0.378558 2.397374
0.802490 -0.188354 0.526123 1.858374 0.007358 3.113904
1.256104 -0.318848 0.246948 2.302201 0.259888 3.665483
1.693848 -0.423950 -0.082275 2.642547 0.326580 3.865087
2.028931 -0.448242 -0.407104 2.833131 0.274603 3.631544
2.243164 -0.411987 -0.643433 2.799429 0.157119 3.058842
2.290039 -0.322632 -0.757690 2.493260 -0.084968 2.216758
2.222412 -0.262451 -0.767456 1.993184 -0.403716 1.363995
2.126221 -0.212280 -0.733032 1.503551 -0.720802 0.708223
2.066650 -0.176514 -0.710938 1.176258 -0.857036 0.308305
1.969116 -0.162109 -0.754761 1.021513 -0.960754 0.079984
1.878296 -0.145996 -0.818848 0.958380 -0.882668 -0.051740
1.811646 -0.131714 -0.905884 0.926102 -0.634411 -0.054826
1.750854 -0.132324 -0.994873 0.885517 -0.345093 0.031329
1.705811 -0.153809 -1.055176 0.783223 -0.051028 0.143354
1.646729 -0.172974 -1.103638 0.648651 0.177056 0.205062
1.568237 -0.183838 -1.155884 0.496753 0.252767 0.174920
1.486938 -0.183228 -1.139038 0.286707 0.210521 0.086155
1.392944 -0.184814 -1.104004 -0.008544 0.065743 -0.027057
1.305176 -0.189087 -1.040039 -0.328954 -0.089003 -0.129825
1.232300 -0.199341 -0.985718 -0.581009 -0.202451 -0.159018
1.166504 -0.187500 -0.958008 -0.768033 -0.253954 -0.156407
1.115234 -0.190186 -0.933716 -0.946276 -0.226423 -0.132673
1.056152 -0.179077 -0.922241 -1.135911 -0.153084 -0.071914
1.025024 -0.172485 -0.897827 -1.413599 -0.027057 0.042009
1.023193 -0.177490 -0.824341 -1.765100 0.171597 0.177531
1.023682 -0.174316 -0.731445 -2.067234 0.358146 0.277213
1.043701 -0.174683 -0.674072 -2.294369 0.496041 0.358858
1.081177 -0.202271 -0.539673 -2.496820 0.632037 0.418431
1.125244 -0.211670 -0.398682 -2.660585 0.644379 0.410836
1.156006 -0.214600 -0.253296 -2.725853 0.663366 0.364555
1.156494 -0.228760 -0.114136 -2.740093 0.702765 0.280299
1.140381 -0.230469 -0.012207 -2.690727 0.804584 0.170173
1.129761 -0.222046 0.176880 -2.582737 0.973807 0.086867
1.087158 -0.206177 0.322144 -2.496820 1.004424 -0.002136
1.048462 -0.193359 0.447998 -2.377675 0.988760 -0.056012
1.007324 -0.187134 0.544922 -2.240255 0.892399 -0.065981
0.969604 -0.178955 0.630005 -2.132503 0.760676 -0.056012
0.966919 -0.151001 0.734741 -2.060114 0.703477 -0.014715
0.966064 -0.128540 0.827026 -1.996032 0.710359 0.000000
0.966919 -0.094482 0.906738 -1.892789 0.735992 -0.002611
0.947510 -0.065796 0.963379 -1.766998 0.786546 -0.006646
0.937622 -0.023926 1.005127 -1.634800 0.768270 -0.017801
0.941772 0.000488 1.020142 -1.479342 0.624917 -0.003323
0.950806 0.019531 1.020996 -1.303473 0.403478 -0.020174
0.950439 0.021851 1.018555 -1.130214 0.187736 -0.057199
0.951904 0.035034 1.022827 -0.967162 0.041060 -0.054588
0.968506 0.041504 1.029297 -0.774916 -0.070965 -0.029668
0.991455 0.050415 1.020508 -0.549205 -0.163527 0.021361
1.030151 0.054565 1.014648 -0.326818 -0.239951 0.090189
1.081909 0.057983 0.999634 -0.111075 -0.311865 0.164239
1.139038 0.050659 0.972046 0.099208 -0.406089 0.219302
1.210571 0.033325 0.927734 0.303558 -0.478003 0.227135
1.289307 0.002075 0.893677 0.478003 -0.529269 0.217878
1.381958 -0.045776 0.858521 0.628240 -0.540661 0.182515
1.460327 -0.088135 0.821167 0.774441 -0.524522 0.090189
1.522217 -0.125610 0.755859 0.902130 -0.511231 -0.042009
1.563477 -0.170898 0.703613 0.968586 -0.519063 -0.220014
1.617798 -0.204834 0.669434 1.032193 -0.542085 -0.432671
1.651489 -0.222656 0.646362 1.138521 -0.565582 -0.711309
1.626221 -0.256348 0.620483 1.285672 -0.560123 -1.046908
1.548584 -0.300903 0.554688 1.495481 -0.540186 -1.342871
1.462769 -0.283203 0.460938 1.742552 -0.516215 -1.565734
1.379272 -0.249146 0.342285 1.867393 -0.573414 -1.733533
1.266357 -0.217529 0.250122 1.823248 -0.664553 -1.874276
1.175049 -0.186768 0.176025 1.760590 -0.670961 -2.031395
1.076782 -0.166748 0.097534 1.749435 -0.619458 -2.141521
0.983276 -0.116577 0.021973 1.786223 -0.586705 -2.194686
0.891479 -0.060303 -0.058960 1.820637 -0.548731 -2.175698
0.816162 0.027466 -0.164429 1.875700 -0.514791 -2.077202
0.751343 0.108032 -0.281860 1.943342 -0.493430 -1.936222
0.701904 0.184082 -0.418823 1.999592 -0.452845 -1.775780
0.623535 0.217896 -0.538574 1.974434 -0.366691 -1.651414
0.535156 0.228638 -0.626099 1.827995 -0.229033 -1.544611
0.493164 0.249512 -0.631836 1.566921 -0.095411 -1.362096
0.503052 0.255127 -0.595581 1.272144 -0.015664 -1.122145
0.551147 0.240967 -0.541870 1.006560 0.019225 -0.852289
0.632935 0.209351 -0.473022 0.820723 0.019699 -0.616847
0.709351 0.189819 -0.422852 0.719853 -0.021123 -0.489158
0.750000 0.182007 -0.397705 0.679505 -0.087341 -0.421516
0.785889 0.164063 -0.393433 0.640107 -0.161391 -0.379744
0.809326 0.149902 -0.397583 0.578398 -0.209334 -0.335599
0.814697 0.144287 -0.408203 0.505060 -0.193670 -0.287894
0.813721 0.157104 -0.405640 0.430535 -0.146439 -0.253954
0.800659 0.162109 -0.396240 0.328716 -0.127689 -0.195568
0.811279 0.169312 -0.359741 0.196755 -0.159967 -0.108939
0.830200 0.175781 -0.328613 0.075474 -0.149999 -0.037974
0.843872 0.186646 -0.298340 0.027531 -0.126740 0.019699
0.855591 0.190186 -0.262939 0.006883 -0.073575 0.063133
0.858032 0.200684 -0.237427 -0.009019 -0.033465 0.100632
0.869629 0.202515 -0.208984 -0.029430 -0.020411 0.153322
0.887329 0.201904 -0.188232 -0.049604 -0.028481 0.194144
0.910400 0.199951 -0.172241 -0.065981 -0.044383 0.241850
0.934448 0.197510 -0.160522 -0.079272 -0.061708 0.274128
0.967163 0.203979 -0.154663 -0.075949 -0.087579 0.283859
0.985352 0.208252 -0.153442 -0.074525 -0.121993 0.283859
1.003174 0.212158 -0.147339 -0.084968 -0.141692 0.268432
1.029419 0.222778 -0.146484 -0.086867 -0.138844 0.261074
1.046631 0.223877 -0.147827 -0.084493 -0.122705 0.245885
1.067383 0.229004 -0.157837 -0.071439 -0.090427 0.222863
1.073486 0.230225 -0.164307 -0.069778 -0.053164 0.199366
1.080811 0.233032 -0.168945 -0.086629 -0.027057 0.163527
1.079346 0.235107 -0.164307 -0.110126 -0.004984 0.143116
1.090210 0.238159 -0.154297 -0.132199 0.012816 0.118433
1.085815 0.239746 -0.136841 -0.151898 0.027057 0.076424
1.074585 0.236206 -0.114624 -0.169461 0.034889 0.051266
1.052368 0.237793 -0.096680 -0.184651 0.039636 0.025395
1.031982 0.247681 -0.092773 -0.190584 0.050791 0.013291
1.017700 0.259399 -0.076660 -0.200315 0.067167 0.016851
1.010742 0.261963 -0.062134 -0.200790 0.074288 0.017801
1.005859 0.269775 -0.060791 -0.186549 0.085443 0.036076
1.010742 0.277710 -0.074219 -0.169461 0.148338 0.056962
1.006836 0.272217 -0.067261 -0.176819 0.231407 0.069303
1.000488 0.268677 -0.053589 -0.162341 0.261786 0.089952
0.993896 0.260620 -0.060791 -0.111313 0.227609 0.106803
1.043335 0.273560 -0.055298 -0.071914 0.158543 0.127689
1.049805 0.254272 -0.057861 -0.073101 0.123180 0.136945
1.065063 0.250122 -0.060181 -0.074050 0.085205 0.129113
1.075806 0.247803 -0.064941 -0.076424 0.055775 0.119382
1.073486 0.249390 -0.055542 -0.088765 0.030142 0.089477
1.074829 0.244019 -0.046753 -0.087579 -0.011392 0.072151
1.071411 0.247681 -0.046021 -0.067167 -0.058860 0.055300
1.076294 0.243164 -0.043457 -0.048655 -0.093275 0.037025
1.077271 0.242432 -0.051025 -0.031092 -0.105142 0.039398
1.081177 0.243164 -0.066528 -0.017801 -0.088291 0.032041
1.080566 0.245117 -0.067871 -0.023971 -0.061708 0.026819
1.071777 0.244019 -0.068970 -0.034889 -0.028006 0.017563
1.068237 0.244995 -0.060181 -0.043433 0.001899 0.003797
1.062988 0.253906 -0.057739 -0.048892 0.019462 0.010918
1.062378 0.250244 -0.059570 -0.057911 0.016139 0.012104
1.067627 0.242065 -0.060913 -0.069541 0.004984 0.011867
