0.374756 0.314819 0.434570 -0.232056 -0.007080 0.211792
0.525269 0.114624 0.366333 -0.150757 -0.022705 0.280884
0.504028 0.123291 0.466919 -0.124512 0.170044 0.292969
0.470459 0.103760 0.564819 -0.079468 0.175049 0.348267
0.414063 0.060181 0.685547 -0.022583 0.050781 0.395630
0.403931 -0.031006 0.707764 0.065308 -0.092041 0.449219
0.451538 -0.106689 0.683228 0.158813 -0.203125 0.499268
0.495728 -0.169556 0.742676 0.237305 -0.289673 0.534790
0.511108 -0.232300 0.784424 0.345947 -0.342651 0.583984
0.551758 -0.301758 0.829224 0.504272 -0.372803 0.659668
0.628052 -0.380005 0.833862 0.740845 -0.399780 0.749634
0.744141 -0.468140 0.770630 1.055542 -0.443970 0.854248
0.885376 -0.551147 0.592651 1.415283 -0.477905 0.953735
1.015625 -0.603882 0.375488 1.760742 -0.482056 1.016113
1.125610 -0.607056 0.126221 2.073486 -0.440674 1.030396
1.219116 -0.542603 -0.158325 2.337769 -0.352905 1.013428
1.317017 -0.438721 -0.451782 2.544189 -0.223267 0.965210
1.437378 -0.328613 -0.787109 2.680786 -0.078247 0.876831
1.517334 -0.199951 -1.161865 2.720215 0.074097 0.734741
1.500854 -0.041992 -1.476929 2.640869 0.278320 0.564087
1.385986 0.097046 -1.658691 2.454834 0.527954 0.420288
1.259888 0.197021 -1.682495 2.196655 0.764160 0.332031
1.185181 0.262573 -1.666138 1.933960 0.948975 0.311768
1.169800 0.279541 -1.683105 1.713989 1.031982 0.345703
1.174316 0.300415 -1.717896 1.530884 0.942993 0.425537
1.303955 0.321289 -1.659668 1.353027 0.664307 0.498047
1.326782 0.291992 -1.655273 1.194458 0.380127 0.503052
1.312256 0.247314 -1.663574 1.044312 0.288208 0.538208
1.352173 0.238525 -1.722900 0.868408 0.525146 0.628906
1.391479 0.225464 -1.661011 0.688965 0.792725 0.715454
1.390137 0.208496 -1.603760 0.525146 0.922119 0.767944
1.368896 0.193604 -1.573853 0.361450 0.985840 0.776245
1.327393 0.190796 -1.541504 0.204468 1.010010 0.741333
1.258911 0.170166 -1.540405 0.060791 0.956177 0.682617
1.192139 0.132690 -1.508545 -0.086426 0.877686 0.617065
1.146240 0.105957 -1.460205 -0.238159 0.760010 0.554077
1.090942 0.078735 -1.409790 -0.390991 0.607666 0.492065
1.042358 0.027100 -1.353516 -0.540161 0.452515 0.434570
1.005127 -0.025146 -1.282959 -0.685669 0.318237 0.394409
0.985474 -0.081787 -1.204956 -0.828735 0.207642 0.379150
0.977417 -0.136719 -1.134766 -0.965088 0.125977 0.384399
0.969971 -0.178467 -1.061523 -1.089600 0.081177 0.411987
0.974854 -0.201050 -0.987427 -1.198120 0.083618 0.451294
0.975220 -0.219482 -0.929199 -1.293091 0.145386 0.488647
0.962891 -0.223267 -0.885620 -1.382324 0.265381 0.525879
0.947632 -0.228516 -0.853027 -1.473145 0.422363 0.556519
0.945190 -0.250977 -0.830200 -1.567261 0.564087 0.575073
0.947754 -0.292480 -0.796143 -1.667114 0.665039 0.582642
0.957520 -0.339478 -0.755859 -1.772217 0.745850 0.582397
0.990479 -0.401855 -0.681763 -1.878784 0.814941 0.584961
1.028198 -0.472412 -0.585815 -1.989258 0.862915 0.600464
1.066895 -0.545654 -0.483643 -2.104370 0.886475 0.628418
1.105225 -0.600342 -0.363281 -2.215942 0.865967 0.653076
1.154175 -0.630615 -0.212402 -2.308350 0.807495 0.659302
1.160522 -0.618408 -0.097290 -2.373291 0.788086 0.635864
1.197876 -0.654663 0.067993 -2.408325 0.816040 0.596680
1.209229 -0.669922 0.224365 -2.391479 0.796753 0.522339
1.212036 -0.684326 0.360474 -2.319214 0.736572 0.409424
1.195923 -0.664429 0.472534 -2.197998 0.635742 0.282349
1.186890 -0.669922 0.595215 -2.038208 0.531006 0.166382
1.169556 -0.660400 0.649048 -1.850342 0.408325 0.057495
1.118164 -0.644653 0.689575 -1.666992 0.312988 -0.036987
1.054321 -0.639526 0.710571 -1.500244 0.207642 -0.084717
1.011841 -0.629639 0.730103 -1.350220 0.131470 -0.088867
0.994995 -0.614624 0.738647 -1.206665 0.075806 -0.066162
1.002075 -0.596924 0.740356 -1.064941 0.020142 -0.027100
1.028442 -0.567383 0.738281 -0.929077 -0.032104 0.015625
1.053345 -0.531494 0.721924 -0.802734 -0.083130 0.053833
1.102539 -0.545044 0.686523 -0.688965 -0.131714 0.079956
1.116455 -0.516113 0.660400 -0.591675 -0.131104 0.081665
1.133179 -0.481567 0.635742 -0.511841 -0.125732 0.086182
1.133423 -0.443970 0.632080 -0.453735 -0.142944 0.087036
1.173096 -0.482056 0.627563 -0.413818 -0.207886 0.090088
1.200928 -0.499756 0.645386 -0.373535 -0.260742 0.074585
1.228882 -0.495605 0.670532 -0.309326 -0.293823 0.045654
1.242798 -0.473389 0.701538 -0.225098 -0.329224 0.016968
1.262207 -0.443970 0.713257 -0.127563 -0.381226 0.000000
1.291504 -0.442505 0.712891 -0.018555 -0.416382 -0.016479
1.310059 -0.443115 0.690918 0.101074 -0.411499 -0.043213
1.313843 -0.434204 0.657837 0.229370 -0.367676 -0.072144
1.306274 -0.400757 0.622803 0.355103 -0.312988 -0.099487
1.305542 -0.389160 0.560181 0.465698 -0.288940 -0.127197
1.291016 -0.373169 0.509277 0.548828 -0.259399 -0.164185
1.272461 -0.359131 0.482788 0.617554 -0.234009 -0.193115
1.272461 -0.378540 0.456665 0.681030 -0.201904 -0.205322
1.252441 -0.388062 0.467529 0.740723 -0.154907 -0.207642
1.241211 -0.422974 0.479492 0.799194 -0.121704 -0.183594
1.245117 -0.480835 0.489868 0.866455 -0.059570 -0.130249
1.262939 -0.514160 0.480347 0.952515 -0.020142 -0.063721
1.292236 -0.517090 0.468506 1.057495 -0.087036 -0.020996
1.311768 -0.494629 0.409058 1.178345 -0.280884 -0.033569
1.299683 -0.476807 0.307007 1.298218 -0.534790 -0.111450
1.260498 -0.461792 0.182495 1.392456 -0.765747 -0.226074
1.211914 -0.440552 0.082031 1.438354 -0.943726 -0.337891
1.198364 -0.427612 -0.001099 1.428955 -1.024780 -0.414185
1.217041 -0.422241 -0.064575 1.387939 -1.010864 -0.457764
1.237671 -0.423340 -0.120972 1.347656 -0.984009 -0.501587
1.292847 -0.417725 -0.238770 1.325439 -1.002686 -0.566895
1.217041 -0.377075 -0.259888 1.313110 -1.255249 -0.657959
1.158936 -0.391479 -0.430420 1.288452 -1.393311 -0.753662
1.116455 -0.362061 -0.570435 1.234131 -1.425781 -0.801147
1.098389 -0.336548 -0.749146 1.161499 -1.525513 -0.819092
1.031250 -0.267578 -0.804199 1.041504 -1.556274 -0.838501
1.031372 -0.196899 -0.809937 0.922852 -1.347534 -0.822266
1.079468 -0.246338 -0.927368 0.872070 -1.092285 -0.750000
1.128662 -0.303101 -0.986206 0.780396 -0.771606 -0.713501
1.152710 -0.335449 -0.997559 0.646973 -0.439209 -0.759277
1.119263 -0.340210 -1.005005 0.508057 -0.165527 -0.875122
1.041504 -0.249023 -0.972168 0.378540 0.026733 -0.989258
0.988159 -0.218262 -0.959106 0.280273 0.081909 -1.032349
0.923096 -0.205688 -0.936646 0.195923 0.037109 -1.035889
0.857666 -0.183594 -0.898315 0.115356 -0.028442 -1.037109
0.794434 -0.173706 -0.878174 0.043335 -0.110352 -1.047607
0.739502 -0.160889 -0.847290 -0.030640 -0.170898 -1.047485
0.708496 -0.141846 -0.794678 -0.113647 -0.167236 -1.015991
0.687866 -0.118286 -0.729492 -0.182373 -0.122314 -0.972656
0.643799 -0.106812 -0.673584 -0.223267 -0.067383 -0.934448
0.584351 -0.124268 -0.673218 -0.236572 -0.011108 -0.889404
0.523438 -0.111816 -0.616577 -0.250366 0.170776 -0.826660
0.490723 -0.017090 -0.516968 -0.233521 0.344116 -0.745117
0.505127 0.038086 -0.485229 -0.167358 0.296753 -0.646484
0.511108 0.024048 -0.514282 -0.114502 0.154907 -0.567017
0.519287 0.040405 -0.520508 -0.096069 0.100342 -0.507568
0.541626 0.081055 -0.511353 -0.082397 0.114746 -0.449585
0.558716 0.103760 -0.509766 -0.062500 0.107300 -0.410522
0.567993 0.117920 -0.522583 -0.051147 0.048340 -0.389038
0.570313 0.132202 -0.526245 -0.051880 -0.003784 -0.368774
0.573364 0.156860 -0.536499 -0.058594 -0.018921 -0.335693
0.572632 0.179810 -0.528931 -0.077637 -0.021973 -0.284302
0.563721 0.176636 -0.522827 -0.107666 -0.038086 -0.234619
0.564575 0.177979 -0.514526 -0.131226 -0.066284 -0.191162
0.585815 0.181152 -0.492310 -0.141113 -0.104126 -0.148682
0.619507 0.180420 -0.467163 -0.142822 -0.133789 -0.101318
0.654297 0.184082 -0.452759 -0.130615 -0.144165 -0.059448
0.688477 0.187988 -0.468628 -0.108032 -0.130371 -0.022217
0.707764 0.168579 -0.520752 -0.102173 -0.023315 0.011108
0.719604 0.252808 -0.419922 -0.107300 0.117188 0.036011
0.778198 0.240234 -0.487061 -0.074707 0.011963 0.082764
0.782593 0.226929 -0.508911 -0.086670 -0.059326 0.100098
0.805420 0.230835 -0.506104 -0.110718 -0.059082 0.111572
0.814331 0.229126 -0.502441 -0.124512 -0.042358 0.121826
0.815308 0.220947 -0.514771 -0.135254 -0.074341 0.121460
0.836182 0.224487 -0.505371 -0.152344 -0.113770 0.122681
0.862793 0.227661 -0.519165 -0.164795 -0.128784 0.131714
0.879517 0.237549 -0.521362 -0.179077 -0.114258 0.148804
0.898682 0.231445 -0.502075 -0.198120 -0.089966 0.164795
0.916016 0.224243 -0.481812 -0.210938 -0.069336 0.178955
0.934204 0.221802 -0.465210 -0.209229 -0.070190 0.186523
0.930908 0.215210 -0.455078 -0.202026 -0.073364 0.189819
0.932373 0.208374 -0.441650 -0.193604 -0.067261 0.196289
