0.157715 0.118164 0.676880 -0.014160 -0.393311 0.155518
0.108032 0.060425 0.716675 0.047241 -0.400269 0.239746
0.158081 0.023804 0.729736 0.115234 -0.406006 0.356079
0.089722 -0.003540 0.789673 0.187866 -0.463745 0.470459
0.158936 -0.128052 0.594604 0.278076 -0.568848 0.585449
0.100586 -0.108276 0.731812 0.296631 -0.670044 0.673706
0.079956 -0.140015 0.829590 0.349854 -0.573608 0.811157
0.167847 -0.175903 0.895142 0.483276 -0.543701 1.005127
0.298584 -0.226440 0.878784 0.680420 -0.597778 1.166992
0.437500 -0.262085 0.808350 0.909302 -0.701172 1.271973
0.555786 -0.301636 0.735229 1.130981 -0.822144 1.329102
0.658325 -0.282349 0.640625 1.340576 -0.951294 1.351074
0.788818 -0.333984 0.515503 1.531738 -1.067627 1.338745
0.879395 -0.312622 0.385986 1.708252 -1.007324 1.325928
0.947510 -0.313965 0.240967 1.847778 -0.880615 1.276245
0.979370 -0.317505 0.112427 1.954712 -0.731934 1.200562
1.006958 -0.313721 -0.005981 2.031372 -0.598267 1.129517
1.045898 -0.336060 -0.147217 2.094360 -0.523315 1.076782
1.134277 -0.372070 -0.317749 2.159058 -0.523071 1.056885
1.284668 -0.350098 -0.546997 2.232788 -0.542847 1.046265
1.420044 -0.283447 -0.794678 2.288696 -0.524536 0.986572
1.523560 -0.205811 -1.015869 2.308716 -0.440430 0.884155
1.280396 -0.124878 -1.166260 2.292847 -0.331787 0.756958
1.430176 0.047607 -1.330078 2.261963 -0.519531 0.722778
1.417603 0.011108 -1.519409 2.142334 -0.510742 0.641968
1.288452 0.005981 -1.537964 1.922241 -0.487549 0.513306
1.195190 0.010254 -1.686646 1.681396 -0.276733 0.478638
1.107788 0.002686 -1.686401 1.463013 -0.192139 0.520386
1.013672 -0.021851 -1.671265 1.242065 -0.291870 0.585815
0.948608 -0.048828 -1.659302 0.996826 -0.362061 0.644897
0.918091 -0.112305 -1.630249 0.742798 -0.383301 0.709106
0.954224 -0.191406 -1.576050 0.505005 -0.385620 0.802246
1.041260 -0.247559 -1.502563 0.302246 -0.358276 0.910645
1.110229 -0.288452 -1.451660 0.147949 -0.311401 1.002808
1.158691 -0.295288 -1.464478 0.025391 -0.234253 1.076172
1.188599 -0.258179 -1.469482 -0.093262 -0.129150 1.126465
1.182617 -0.247437 -1.480713 -0.215332 -0.037720 1.130493
1.134521 -0.246216 -1.487061 -0.344238 0.006470 1.078735
1.048828 -0.257324 -1.489258 -0.481323 -0.001587 0.998169
0.946411 -0.303467 -1.482666 -0.624512 -0.032471 0.924683
0.888916 -0.387329 -1.437500 -0.781006 -0.067505 0.893188
0.870850 -0.449097 -1.358276 -0.938721 -0.097168 0.903320
0.864868 -0.498169 -1.275024 -1.084595 -0.115234 0.928345
0.854858 -0.535522 -1.186157 -1.219971 -0.109009 0.958496
0.864746 -0.573486 -1.099609 -1.348389 -0.080566 0.997314
0.883667 -0.605591 -1.013550 -1.463257 -0.044678 1.034302
0.899780 -0.625732 -0.937256 -1.560791 -0.010620 1.058716
0.903687 -0.639160 -0.866455 -1.638306 0.016479 1.062988
0.890259 -0.650269 -0.805908 -1.699097 0.032959 1.054077
0.855835 -0.677612 -0.751343 -1.741943 0.020386 1.046265
0.842529 -0.707031 -0.693726 -1.765015 -0.017944 1.055664
0.863037 -0.735474 -0.636597 -1.769043 -0.100830 1.079468
0.935303 -0.752075 -0.612061 -1.758789 -0.177002 1.114990
1.056152 -0.736572 -0.587524 -1.752686 -0.198853 1.153320
1.145874 -0.724487 -0.539185 -1.761353 -0.166626 1.176025
1.211060 -0.733521 -0.484375 -1.770996 -0.093750 1.173950
1.271973 -0.742676 -0.431396 -1.758545 -0.025879 1.142578
1.317749 -0.745361 -0.387695 -1.714478 -0.015503 1.081665
1.353760 -0.766846 -0.353149 -1.642822 -0.061401 1.007568
1.389160 -0.785278 -0.317627 -1.565186 -0.130005 0.941772
1.430176 -0.801880 -0.266968 -1.499756 -0.180176 0.899536
1.475464 -0.816284 -0.206299 -1.452393 -0.179077 0.876709
1.511475 -0.813965 -0.126587 -1.407227 -0.124268 0.862549
1.550049 -0.802979 -0.031128 -1.346924 -0.046875 0.832764
1.569702 -0.774902 0.071411 -1.259033 0.011597 0.772095
1.578125 -0.743408 0.148315 -1.134888 0.030151 0.671143
1.566162 -0.717285 0.200928 -0.977295 0.007324 0.538330
1.549316 -0.698364 0.217041 -0.791382 -0.043579 0.398438
1.526733 -0.675171 0.194336 -0.587524 -0.084595 0.273682
1.494873 -0.642578 0.119385 -0.382324 -0.082153 0.172852
1.457397 -0.592285 0.003662 -0.205933 -0.035278 0.101440
1.425537 -0.533936 -0.109253 -0.085938 0.040771 0.047363
1.388306 -0.487183 -0.208984 -0.022705 0.117188 -0.003906
1.358154 -0.460571 -0.287109 0.002808 0.163940 -0.059082
1.328369 -0.458984 -0.330322 0.011108 0.153076 -0.113892
1.350464 -0.442749 -0.348999 0.018066 0.069580 -0.158325
1.401245 -0.422607 -0.357910 0.031494 -0.043701 -0.198120
1.439697 -0.430908 -0.388916 0.042480 -0.128174 -0.236816
1.502197 -0.450928 -0.416138 0.046753 -0.154053 -0.261963
1.579590 -0.464478 -0.422729 0.048584 -0.133423 -0.286377
1.645874 -0.475586 -0.439941 0.059326 -0.082642 -0.323853
1.700806 -0.475464 -0.452515 0.074829 -0.017944 -0.378174
1.726196 -0.470947 -0.467285 0.088623 0.026855 -0.463501
1.652710 -0.342041 -0.514893 0.093872 0.025269 -0.568481
1.694336 -0.465088 -0.550659 0.070923 -0.082153 -0.625366
1.687866 -0.526733 -0.521729 0.032227 -0.191406 -0.724365
1.696777 -0.537109 -0.503418 0.027222 -0.170898 -0.901367
1.549316 -0.556274 -0.487549 0.085571 -0.229980 -1.105469
1.400635 -0.545776 -0.532959 0.173218 -0.293823 -1.257568
1.268188 -0.539185 -0.572876 0.242065 -0.390625 -1.356079
1.120239 -0.537964 -0.620483 0.283325 -0.594238 -1.391235
1.045532 -0.478271 -0.679932 0.295532 -0.682129 -1.360352
1.037598 -0.392822 -0.702271 0.281860 -0.540161 -1.310059
1.035889 -0.370728 -0.675293 0.257813 -0.283203 -1.277100
1.015747 -0.372803 -0.680298 0.247803 0.007935 -1.267212
0.988525 -0.375122 -0.658203 0.226563 0.323975 -1.284790
0.919434 -0.367676 -0.602295 0.210815 0.532715 -1.329590
0.799805 -0.357300 -0.557373 0.227661 0.529663 -1.380005
0.691162 -0.343628 -0.548584 0.272461 0.364258 -1.406982
0.564941 -0.292969 -0.563965 0.327271 0.203369 -1.407471
0.473877 -0.239258 -0.585693 0.378418 0.109253 -1.367188
0.443359 -0.199707 -0.599121 0.428101 -0.002075 -1.294312
0.407593 -0.157715 -0.633911 0.470947 -0.120483 -1.221802
0.385376 -0.125854 -0.683228 0.492920 -0.221191 -1.163574
0.378174 -0.087158 -0.740356 0.487427 -0.256714 -1.106445
0.370117 -0.046265 -0.773315 0.447998 -0.223267 -1.040283
0.358643 -0.026123 -0.796387 0.381958 -0.156006 -0.963135
0.356812 -0.013550 -0.804199 0.303711 -0.088013 -0.872559
0.352051 -0.000854 -0.805054 0.226929 -0.036621 -0.781860
0.345093 0.022705 -0.800659 0.172852 -0.054932 -0.700562
0.330566 0.037720 -0.795166 0.143555 -0.113892 -0.637939
0.330322 0.049316 -0.788086 0.126953 -0.152832 -0.596436
0.335693 0.063354 -0.771729 0.109741 -0.156738 -0.583374
0.351807 0.069092 -0.755127 0.093628 -0.127075 -0.578979
0.357422 0.078491 -0.727539 0.077271 -0.098267 -0.564697
0.377808 0.084106 -0.718018 0.059082 -0.096680 -0.529541
0.406616 0.089478 -0.704590 0.047363 -0.098877 -0.483643
0.427734 0.096436 -0.684448 0.047119 -0.088257 -0.430664
0.446777 0.101807 -0.673096 0.055420 -0.061646 -0.372559
0.450317 0.100708 -0.673828 0.067017 -0.023438 -0.315063
0.470947 0.120361 -0.683472 0.078247 0.011597 -0.257202
0.489868 0.143677 -0.701050 0.083374 0.039795 -0.197876
0.512573 0.158325 -0.698364 0.079468 0.067261 -0.148193
0.537842 0.158203 -0.691650 0.072266 0.092407 -0.111694
0.560913 0.153809 -0.691895 0.069214 0.105957 -0.083374
0.592529 0.165283 -0.680420 0.070923 0.102173 -0.056885
0.600708 0.170044 -0.683960 0.075439 0.093262 -0.033813
0.617065 0.164307 -0.679077 0.080322 0.089111 -0.007935
0.655640 0.167358 -0.666138 0.079834 0.092163 0.019043
0.697144 0.163452 -0.657715 0.082886 0.103882 0.036621
0.731689 0.148315 -0.665405 0.094604 0.113037 0.040039
0.769287 0.152588 -0.666870 0.110107 0.113525 0.039307
0.808716 0.156128 -0.687622 0.122314 0.118286 0.037964
0.859131 0.079712 -0.753296 0.119263 0.218262 0.023193
0.817139 0.176147 -0.671875 0.114014 0.439941 -0.013306
0.831543 0.215576 -0.665039 0.132813 0.485107 -0.004150
0.878906 0.187134 -0.671875 0.122559 0.395752 0.038696
0.885864 0.194824 -0.659668 0.091797 0.255249 0.048218
0.877319 0.182373 -0.673462 0.088989 0.139893 0.022583
0.863281 0.177856 -0.686279 0.099121 0.095581 0.003174
0.864746 0.188354 -0.703003 0.097046 0.077393 0.001343
0.884399 0.205811 -0.712646 0.082520 0.072998 0.004272
0.910278 0.202393 -0.716309 0.054688 0.071533 0.013306
0.916016 0.193604 -0.716797 0.021118 0.070557 0.022461
0.918457 0.186890 -0.708008 -0.001343 0.071777 0.021484
0.922119 0.190186 -0.703125 -0.013184 0.070435 0.016724
0.913330 0.180054 -0.701904 -0.024170 0.056641 0.007568
0.893188 0.155151 -0.694092 -0.027466 0.028931 -0.001709
0.904663 0.159424 -0.691895 -0.024902 0.007568 0.003906
0.928833 0.166260 -0.677490 -0.020142 0.000732 0.015259
