-0.107666 0.492554 0.687866 0.087579 -0.576500 -0.094936
-0.066406 0.259644 0.498535 0.230695 -0.563209 0.225711
-0.268066 0.446289 0.623413 0.157831 -0.675470 0.508146
-0.431519 0.305664 0.709229 0.147863 0.194144 1.017715
-0.390625 0.262085 0.777344 0.220489 0.627290 1.637648
-0.359253 0.287109 0.731079 0.185125 0.792242 2.122297
-0.327759 0.268188 0.808960 0.362181 0.280062 2.497294
-0.352661 0.096924 0.986450 0.684252 -0.289080 2.879175
-0.244751 0.028442 1.027100 1.211385 -0.523335 3.342700
0.026367 -0.029419 0.907959 1.872378 -0.670724 3.796970
0.200439 -0.066895 0.804077 2.514146 -0.684015 4.066351
0.331665 -0.099854 0.693970 3.092781 -0.653635 4.309150
0.462402 -0.108276 0.510498 3.498870 -0.541373 4.575921
0.599365 -0.113037 0.398804 3.687319 -0.338447 4.803055
0.781372 -0.283203 0.364014 3.715800 -0.020649 5.020696
0.942749 -0.205811 0.401733 3.704644 0.227372 5.127737
0.982300 -0.101685 0.438843 3.796495 0.355061 5.081930
1.033936 -0.117554 0.387085 4.010101 0.108939 4.955428
1.042480 -0.136597 0.295410 4.288027 -0.250394 4.828688
1.104980 -0.193481 0.166016 4.582091 -0.548968 4.772913
1.199951 -0.219849 0.036743 4.841267 -0.965975 4.706695
1.229614 -0.186523 -0.106934 5.056060 -1.443266 4.551000
1.229004 -0.260010 -0.287842 5.211518 -1.985114 4.402900
1.289917 -0.366821 -0.452637 5.319508 -2.569683 4.253375
1.415283 -0.390503 -0.657227 5.387387 -2.970551 4.100765
1.626343 -0.370605 -0.937500 5.393558 -3.135028 3.907333
2.027710 -0.197510 -1.531860 5.118006 -3.009949 3.570547
2.293457 -0.166504 -2.058228 4.223233 -2.588908 2.831470
2.021362 -0.099976 -1.993042 2.708053 -1.263125 1.788596
1.835938 -0.067749 -1.735718 1.197144 0.019225 1.131876
1.738892 -0.144775 -1.531128 0.084018 0.848491 0.808618
1.667847 -0.250244 -1.329346 -0.734331 1.283299 0.543509
1.562988 -0.271606 -1.111206 -1.327919 1.492396 0.300710
1.315430 -0.323608 -0.886353 -1.672537 1.218505 0.168037
1.524902 -0.366699 -0.876221 -1.780290 0.978791 0.206723
1.357788 -0.328247 -0.939575 -1.984877 0.979978 0.038924
1.306030 -0.285767 -0.851318 -2.339463 1.134012 -0.052215
1.277588 -0.246826 -0.859375 -2.673638 1.178395 -0.155221
1.275879 -0.202637 -0.926880 -3.074269 1.043585 -0.291217
1.276611 -0.179321 -0.992554 -3.564614 1.017715 -0.407751
1.258057 -0.204590 -1.034302 -4.212553 1.368029 -0.508620
1.185425 -0.301758 -0.961792 -4.999573 2.125857 -0.622781
1.052490 -0.400879 -0.854736 -5.719189 2.773321 -0.772068
0.951416 -0.432007 -0.812256 -6.274565 3.091832 -0.856086
0.873657 -0.510986 -0.679932 -6.813328 3.230439 -0.906877
0.844116 -0.539429 -0.530273 -7.315777 3.360501 -1.010832
0.803467 -0.559692 -0.346924 -7.670838 3.115329 -1.166528
0.763184 -0.670898 -0.208130 -7.777166 2.610743 -1.314628
0.764648 -0.716309 -0.010132 -7.777166 2.374827 -1.421668
0.750977 -0.726685 0.104858 -7.777166 2.573718 -1.460829
0.643921 -0.804443 0.322021 -7.777166 2.762166 -1.470560
0.626099 -0.740234 0.553345 -7.555965 2.574905 -1.441605
0.626099 -0.695068 0.728027 -7.039988 2.264226 -1.387966
0.622559 -0.674927 0.885254 -6.511193 2.085509 -1.364944
0.611450 -0.641602 1.010498 -5.907875 1.808296 -1.326257
0.572510 -0.728760 1.074829 -5.279872 1.452997 -1.245324
0.567993 -0.683838 1.149048 -4.722597 1.203315 -1.054740
0.537598 -0.677368 1.216309 -4.216588 1.087968 -0.764948
0.578125 -0.635864 1.229614 -3.721258 0.885042 -0.469222
0.692261 -0.597534 1.266846 -3.281229 0.603794 -0.254191
0.831787 -0.583984 1.304810 -2.838827 0.339871 -0.180379
0.932373 -0.619995 1.312256 -2.382422 0.176344 -0.215980
1.004272 -0.632813 1.305908 -1.918184 0.189398 -0.332039
1.022949 -0.630371 1.291016 -1.482665 0.377134 -0.474918
1.028809 -0.642334 1.300293 -1.089867 0.060047 -0.664315
1.052734 -0.685669 1.289551 -0.755217 -0.180141 -0.861071
1.007935 -0.772705 1.329590 -0.460678 0.055063 -1.000389
0.961304 -0.784302 1.463867 -0.078085 0.317799 -0.993269
0.923096 -0.750488 1.582642 0.464712 0.248970 -0.925627
0.877197 -0.739502 1.645874 1.118585 0.029430 -0.861308
0.832886 -0.745239 1.665894 1.856950 -0.311865 -0.782274
0.844482 -0.725708 1.650513 2.688353 -0.813840 -0.687337
0.883057 -0.726440 1.587769 3.583601 -1.302286 -0.585993
0.963745 -0.718750 1.432373 4.472678 -1.698407 -0.480377
1.040894 -0.696045 1.257446 5.264207 -1.868580 -0.398732
1.070923 -0.691284 1.045654 5.925675 -1.945004 -0.406564
1.121948 -0.669800 0.856689 6.407950 -2.001253 -0.477766
1.161865 -0.646484 0.664307 6.736192 -2.087645 -0.599522
1.187622 -0.565308 0.480103 6.903754 -2.099987 -0.750470
1.217407 -0.441895 0.266968 6.887615 -1.944054 -0.923016
1.290527 -0.277710 0.057129 6.673771 -1.654737 -1.161781
1.326660 -0.110474 -0.170898 6.287382 -1.378947 -1.508060
1.292236 0.047974 -0.382446 5.727021 -1.118110 -1.931001
1.203735 0.137085 -0.573364 5.000048 -0.836625 -2.357976
0.999512 0.192139 -0.677124 4.171730 -0.609727 -2.715647
0.815552 0.213501 -0.695923 3.344837 -0.402766 -2.917624
0.599121 0.210083 -0.667114 2.615490 -0.276976 -2.946105
0.398438 0.168457 -0.631348 2.040414 -0.347229 -2.823875
0.342651 0.229980 -0.520874 1.644768 -0.507671 -2.553069
0.344604 0.300781 -0.433960 1.375624 -0.753793 -2.170952
0.371338 0.353027 -0.355103 1.256717 -1.046196 -1.837014
0.429810 0.399048 -0.304077 1.225388 -1.270957 -1.616999
0.465576 0.412964 -0.322510 1.239866 -1.330055 -1.493582
0.474609 0.399902 -0.374023 1.222540 -1.139708 -1.367555
0.478027 0.428101 -0.454956 1.122857 -0.675945 -1.183379
0.473877 0.442505 -0.510498 0.965975 -0.174208 -0.995642
0.476318 0.455688 -0.539551 0.761862 0.315900 -0.801498
0.472412 0.469971 -0.530640 0.581484 0.612575 -0.650550
0.478882 0.498169 -0.526855 0.449760 0.636309 -0.549443
0.498413 0.523071 -0.487305 0.341295 0.492244 -0.495092
0.503296 0.529297 -0.443848 0.253717 0.222151 -0.492481
0.518066 0.520630 -0.401123 0.189160 -0.101582 -0.506959
0.529541 0.510254 -0.354858 0.144778 -0.333463 -0.493193
0.545654 0.512207 -0.314331 0.113686 -0.440741 -0.450235
0.556763 0.523071 -0.287598 0.106328 -0.510044 -0.398020
0.573120 0.547729 -0.287231 0.119857 -0.555376 -0.354349
0.585815 0.573364 -0.302246 0.128164 -0.611863 -0.323257
0.603271 0.597046 -0.317993 0.103955 -0.662891 -0.292403
0.617310 0.608398 -0.316406 0.042484 -0.638920 -0.257514
0.631714 0.605713 -0.304932 -0.045332 -0.511706 -0.212420
0.649536 0.601685 -0.268433 -0.135284 -0.312577 -0.156407
0.658203 0.607910 -0.233032 -0.196043 -0.102531 -0.098971
0.665527 0.617310 -0.201538 -0.217641 0.076898 -0.049367
0.671143 0.627197 -0.185303 -0.201027 0.177293 -0.018275
0.689697 0.645264 -0.196777 -0.152610 0.208859 -0.009494
0.701294 0.650391 -0.210327 -0.114873 0.193670 -0.014715
0.705566 0.648804 -0.219238 -0.110601 0.159493 -0.018750
0.718750 0.648560 -0.209961 -0.126977 0.127452 -0.026345
0.711060 0.651855 -0.205200 -0.151898 0.083781 -0.034889
0.705933 0.652832 -0.195923 -0.184413 0.076661 -0.031566
0.686890 0.657715 -0.184326 -0.215742 0.083306 -0.016614
0.690918 0.665405 -0.180786 -0.229983 0.052927 0.007832
0.689209 0.676758 -0.177490 -0.238290 0.014478 0.034414
0.697754 0.682129 -0.163330 -0.247783 -0.016376 0.050791
0.688843 0.682495 -0.142456 -0.248970 -0.020886 0.060047
0.681396 0.679688 -0.122437 -0.240188 0.005459 0.078797
0.681641 0.681030 -0.100708 -0.218353 0.017801 0.111313
0.689819 0.690552 -0.089233 -0.180141 -0.002848 0.145490
0.702148 0.697510 -0.093384 -0.145015 -0.017089 0.178243
0.713135 0.698730 -0.101318 -0.129350 -0.001187 0.204113
0.743652 0.702393 -0.096313 -0.122705 0.023971 0.221676
0.770508 0.713867 -0.102905 -0.117009 0.022547 0.231407
0.794312 0.719971 -0.118408 -0.125316 0.024921 0.230932
0.803955 0.714600 -0.116943 -0.168749 0.134572 0.236866
0.817993 0.705200 -0.101440 -0.226660 0.282198 0.248970
0.827515 0.699585 -0.075562 -0.264397 0.375235 0.254666
0.838135 0.693481 -0.062744 -0.290030 0.366216 0.237815
0.849365 0.682861 -0.043579 -0.304270 0.281960 0.206249
0.847290 0.668213 -0.031250 -0.304508 0.216929 0.169698
0.857056 0.663452 -0.021118 -0.296438 0.193432 0.131724
0.844482 0.652344 -0.014160 -0.287656 0.184176 0.097310
0.839478 0.645508 -0.009033 -0.275077 0.168512 0.069303
0.828979 0.640625 0.000244 -0.261074 0.144540 0.040823
0.821899 0.638062 0.006226 -0.243986 0.109889 0.011155
0.805908 0.633667 0.016846 -0.224049 0.073813 -0.018275
0.791138 0.626831 0.028198 -0.202689 0.032753 -0.042009
0.784180 0.625122 0.034058 -0.173970 -0.008307 -0.052215
0.767822 0.622437 0.043945 -0.137420 -0.033940 -0.055063
0.763672 0.619995 0.048340 -0.089240 -0.057436 -0.053876
0.765747 0.625732 0.031982 -0.032990 -0.051028 -0.040348
