1.336792 -0.068726 0.252075 -1.105294 -0.155221 0.439554
1.442261 -0.092896 0.269165 -0.898333 -0.353400 0.286707
1.584839 -0.145996 0.220215 -0.642480 -0.514791 0.080221
1.682495 -0.085571 0.166016 -0.502449 -0.597860 -0.016851
1.832520 0.190063 -0.270020 -0.576737 -0.187499 0.155221
1.920654 -0.681519 0.184570 -1.441842 0.493430 0.404665
2.211792 -0.480835 0.477417 -1.394611 -0.160205 -0.061946
2.278442 -0.495483 0.388062 -0.143828 -0.600946 -0.552054
2.286499 -0.412964 0.160889 0.870327 -0.844931 -0.961940
2.304443 -0.444336 0.104980 0.862495 -0.793191 -1.279264
2.293945 -0.497681 0.184326 0.447861 -0.638683 -1.675148
2.163330 -0.481689 0.229126 0.359808 -0.560598 -2.158610
1.996216 -0.479736 0.188354 0.420330 -0.638920 -2.550933
1.818359 -0.470459 0.119629 0.475867 -0.779663 -2.723480
1.713135 -0.391479 0.059937 0.500313 -0.982114 -2.746976
1.648804 -0.369751 0.023315 0.449997 -1.191686 -2.818179
1.516357 -0.351685 -0.026978 0.372150 -1.322223 -3.002829
1.354736 -0.287231 -0.103760 0.271517 -1.446352 -3.192227
1.229248 -0.261597 -0.206543 0.101582 -1.598249 -3.269362
1.123047 -0.239136 -0.262817 -0.092800 -1.699831 -3.323001
0.980225 -0.189697 -0.270142 -0.261549 -1.715021 -3.407732
0.791504 -0.125610 -0.257935 -0.360757 -1.660670 -3.478222
0.589233 -0.055420 -0.260132 -0.425788 -1.549120 -3.497921
0.382324 0.006348 -0.252075 -0.523098 -1.431162 -3.439061
0.255615 0.105591 -0.236206 -0.639157 -1.350466 -3.246103
0.222656 0.164063 -0.208130 -0.751894 -1.309169 -2.979807
0.222046 0.192505 -0.175781 -0.830454 -1.271907 -2.735584
0.198730 0.227783 -0.125977 -0.876260 -1.161543 -2.554256
0.139404 0.263184 -0.086426 -0.902130 -1.033380 -2.396425
0.064819 0.294067 -0.054565 -0.861783 -0.930374 -2.233609
-0.030884 0.357056 -0.048096 -0.760913 -0.763286 -2.040177
-0.105225 0.410522 -0.031250 -0.699442 -0.521911 -1.771745
-0.124512 0.450806 0.007080 -0.680929 -0.294302 -1.428551
-0.080078 0.485596 0.050171 -0.614711 -0.152847 -1.081560
-0.048828 0.495239 0.061401 -0.454507 -0.076661 -0.818824
-0.057251 0.512451 0.048584 -0.290979 -0.019699 -0.648414
-0.081421 0.521484 0.015747 -0.151660 0.039161 -0.495804
-0.101318 0.518921 -0.028076 -0.024683 0.157594 -0.313289
-0.112183 0.520508 -0.071167 0.046993 0.301897 -0.126028
-0.123413 0.503906 -0.089355 0.046756 0.480139 0.050316
-0.154297 0.504150 -0.063354 -0.009494 0.685201 0.190110
-0.202271 0.508667 0.007690 -0.090664 0.861308 0.317324
-0.236450 0.515381 0.079956 -0.140268 0.903554 0.475155
-0.241943 0.522827 0.130737 -0.127214 0.837811 0.631325
-0.263550 0.491333 0.172852 -0.101344 0.839235 0.777527
-0.292358 0.469849 0.247314 -0.102294 0.938206 0.945564
-0.283691 0.461670 0.305298 -0.030380 1.006797 1.171986
-0.270874 0.417236 0.308350 0.187024 1.017478 1.437333
-0.296753 0.364868 0.263428 0.428637 0.931561 1.709562
-0.306641 0.345337 0.172241 0.605455 0.669537 2.057740
-0.244263 0.299561 0.063721 0.687812 0.264397 2.577278
-0.091553 0.267212 -0.020752 0.660993 -0.127926 3.157338
0.160278 0.150635 -0.050049 0.493668 -0.311390 3.721258
0.417358 0.006226 -0.056519 0.305932 -0.269381 4.205670
0.686157 -0.126587 -0.071289 0.262024 -0.135284 4.532250
0.970459 -0.255493 -0.102661 0.376659 -0.054351 4.743483
1.344849 -0.405273 -0.173950 0.582196 -0.064557 4.891583
1.680176 -0.570313 -0.261597 0.822621 -0.034414 4.856220
2.014526 -0.660767 -0.343506 0.951023 0.164952 4.550763
2.193848 -0.669678 -0.360840 0.886229 0.351264 4.045465
2.282593 -0.671387 -0.310791 0.701578 0.418431 3.493174
2.313843 -0.665649 -0.241211 0.491532 0.329191 2.971975
2.381592 -0.588135 -0.178345 0.392798 0.125078 2.462643
2.355225 -0.562988 -0.161255 0.389238 -0.124604 1.913912
2.220093 -0.480103 -0.184570 0.364317 -0.245647 1.355925
1.994263 -0.466797 -0.155884 0.355061 -0.363843 0.910912
1.888672 -0.375854 -0.172119 0.454744 -0.321359 0.644142
1.734009 -0.279785 -0.161621 0.400630 -0.074050 0.490820
1.633423 -0.243286 -0.158813 0.353162 0.096597 0.426500
1.543213 -0.191895 -0.148804 0.382593 0.158543 0.350077
1.473145 -0.162964 -0.167725 0.418906 0.115347 0.269144
1.411865 -0.149170 -0.170410 0.393985 0.037500 0.200078
1.327881 -0.144409 -0.158325 0.340821 -0.018987 0.112499
1.256470 -0.121460 -0.136719 0.317087 -0.061946 0.042247
1.184692 -0.110229 -0.145874 0.300710 -0.131724 0.023259
1.158813 -0.109619 -0.165405 0.247071 -0.221438 0.039873
1.155029 -0.122314 -0.174194 0.160679 -0.266058 0.087104
1.162598 -0.129150 -0.169067 0.039398 -0.257277 0.120569
1.167725 -0.136597 -0.137329 -0.052690 -0.204587 0.124841
1.151855 -0.143433 -0.119019 -0.049841 -0.143828 0.110126
1.123901 -0.143677 -0.122070 0.011155 -0.096123 0.089477
1.100342 -0.156372 -0.142456 0.051266 -0.074288 0.093037
1.096802 -0.151611 -0.153809 0.057199 -0.072151 0.124841
1.104736 -0.167358 -0.165161 0.037737 -0.098022 0.140505
1.109985 -0.168579 -0.166138 0.022785 -0.119145 0.140980
1.116699 -0.176270 -0.167847 0.026107 -0.138369 0.126265
1.119263 -0.173706 -0.170044 0.044620 -0.134097 0.095648
1.118164 -0.163696 -0.172852 0.046044 -0.104430 0.065743
1.110840 -0.162231 -0.162354 0.015190 -0.078797 0.020886
1.096436 -0.154053 -0.148560 0.000949 -0.075712 -0.021598
1.088989 -0.155640 -0.140625 -0.000712 -0.072151 -0.033228
1.091919 -0.148315 -0.119507 0.008307 -0.045807 -0.040348
1.089478 -0.154419 -0.115356 0.042009 -0.025870 -0.040585
1.081543 -0.153687 -0.130493 0.098734 -0.005221 -0.043908
1.082764 -0.150391 -0.141602 0.126502 0.018750 -0.044145
1.090698 -0.147949 -0.144409 0.126265 0.044383 -0.030380
1.084717 -0.152344 -0.157593 0.116297 0.062658 -0.043671
1.083618 -0.150635 -0.155273 0.080696 0.090189 -0.057436
1.076538 -0.147461 -0.136719 0.036788 0.132911 -0.061234
1.062500 -0.145020 -0.116455 0.007120 0.156407 -0.075237
1.046509 -0.141235 -0.107910 0.004035 0.130774 -0.073338
1.047241 -0.140015 -0.108398 0.007120 0.078560 -0.059335
1.061890 -0.145508 -0.102783 -0.001899 0.036076 -0.051503
1.056152 -0.144897 -0.100952 -0.009019 0.007120 -0.052215
1.057373 -0.152100 -0.111572 -0.005696 -0.021835 -0.061471
1.051880 -0.156006 -0.110229 0.013054 -0.031329 -0.054588
1.052002 -0.155640 -0.111450 0.025870 -0.018513 -0.048892
1.054932 -0.158936 -0.121338 0.036550 0.003797 -0.046281
1.062988 -0.160767 -0.130127 0.039398 0.020886 -0.030380
1.069336 -0.157837 -0.131348 0.015190 0.026107 -0.030380
1.081909 -0.151001 -0.128540 -0.028481 0.018275 -0.046756
1.080933 -0.155762 -0.107544 -0.053402 0.005696 -0.069541
1.073242 -0.151611 -0.115479 -0.047231 -0.003560 -0.109177
1.081909 -0.151489 -0.121826 -0.022785 0.010206 -0.113211
1.079102 -0.153076 -0.117554 -0.008307 0.055300 -0.121993
1.083862 -0.150635 -0.118408 -0.000949 0.100395 -0.133385
1.090088 -0.153076 -0.119141 0.015664 0.115347 -0.131724
1.099121 -0.144531 -0.114746 0.028481 0.112737 -0.135521
1.098633 -0.145020 -0.105713 0.026582 0.100158 -0.151898
1.085815 -0.139771 -0.099121 0.043908 0.083781 -0.181091
1.062378 -0.136108 -0.117676 0.064557 0.066693 -0.206486
1.042480 -0.140747 -0.132202 0.057674 0.060759 -0.195094
1.042603 -0.132324 -0.131714 0.036550 0.066693 -0.168037
1.040405 -0.125122 -0.125366 0.012104 0.070965 -0.154271
1.038086 -0.112427 -0.116211 -0.014240 0.049367 -0.143591
1.030029 -0.103516 -0.110962 -0.031566 0.007595 -0.140268
1.028076 -0.095337 -0.100342 -0.039636 -0.033465 -0.131012
1.027588 -0.094971 -0.097534 -0.040823 -0.064082 -0.114161
1.021851 -0.094849 -0.104980 -0.029430 -0.082357 -0.114398
1.022949 -0.095947 -0.107788 -0.017326 -0.065031 -0.091139
1.032349 -0.104980 -0.104248 -0.009968 -0.027531 -0.076661
1.026123 -0.104614 -0.098389 0.017801 0.018275 -0.092800
1.015259 -0.101196 -0.096558 0.041535 0.050791 -0.088053
1.020752 -0.107300 -0.107178 0.064319 0.056012 -0.074762
1.040283 -0.110596 -0.115356 0.061234 0.079034 -0.038212
1.066650 -0.122559 -0.099854 0.033465 0.104430 -0.003560
1.097168 -0.123169 -0.088501 0.027531 0.107278 0.006646
1.120972 -0.128052 -0.082520 0.021598 0.073813 0.004509
1.126099 -0.130859 -0.078125 0.008782 0.026345 -0.020411
1.118286 -0.130127 -0.078613 -0.004747 -0.013291 -0.059572
1.105591 -0.129150 -0.075073 -0.017563 -0.046044 -0.078797
1.098511 -0.125732 -0.070190 -0.013528 -0.071914 -0.100395
1.097656 -0.123535 -0.077881 0.003085 -0.098971 -0.110363
1.087036 -0.123535 -0.081421 0.018750 -0.114161 -0.121993
1.067139 -0.115356 -0.088135 0.027057 -0.109414 -0.141217
1.058228 -0.118530 -0.086792 0.028481 -0.094936 -0.134097
1.063110 -0.119873 -0.087402 0.025633 -0.080221 -0.130774
1.071533 -0.122437 -0.076172 0.024683 -0.069541 -0.137657
1.066772 -0.116211 -0.075684 0.026582 -0.065743 -0.132911
1.061890 -0.098267 -0.082397 0.018038 -0.075237 -0.142167
