2.314209 -0.504272 -0.332031 -0.151611 -0.228638 -0.791748
2.349854 -0.565430 -0.348999 -0.166016 -0.166504 -0.944946
2.248047 -0.498535 -0.411865 -0.166870 -0.149292 -1.123535
2.161255 -0.528687 -0.527466 -0.191528 -0.086548 -1.252441
2.186646 -0.561279 -0.489380 -0.279175 -0.078735 -1.334351
2.268066 -0.585815 -0.508057 -0.350586 -0.164673 -1.436646
2.304077 -0.592285 -0.530029 -0.402466 -0.263794 -1.581177
2.299927 -0.592651 -0.512817 -0.463501 -0.309937 -1.758057
2.242310 -0.623047 -0.465576 -0.532227 -0.340576 -1.943848
2.192505 -0.654419 -0.407959 -0.583008 -0.393799 -2.108765
2.119141 -0.656738 -0.367920 -0.604858 -0.429810 -2.268555
1.979614 -0.663086 -0.329590 -0.606201 -0.439209 -2.426880
1.816650 -0.675049 -0.295776 -0.594360 -0.428711 -2.555542
1.663330 -0.694946 -0.277588 -0.572510 -0.403076 -2.637695
1.520508 -0.678101 -0.252197 -0.545654 -0.357300 -2.677002
1.359741 -0.627808 -0.232544 -0.509277 -0.266968 -2.710693
1.171631 -0.598511 -0.237183 -0.466431 -0.193848 -2.749023
0.996338 -0.570557 -0.259888 -0.444092 -0.160645 -2.760620
0.850708 -0.532104 -0.252686 -0.453369 -0.132568 -2.735474
0.729858 -0.476196 -0.231079 -0.478149 -0.094849 -2.694580
0.607910 -0.432007 -0.183228 -0.507568 -0.043823 -2.657227
0.484619 -0.408936 -0.150146 -0.534424 0.006592 -2.622559
0.384033 -0.381348 -0.107666 -0.552612 0.021118 -2.568848
0.287720 -0.344604 -0.073364 -0.544922 0.012695 -2.495117
0.220581 -0.315063 -0.060059 -0.514648 0.003418 -2.393311
0.170898 -0.258911 -0.046143 -0.483887 0.011230 -2.265991
0.129517 -0.187134 -0.030762 -0.466064 0.060181 -2.143311
0.077393 -0.117554 -0.010254 -0.462402 0.118774 -2.043335
0.011841 -0.063110 0.014893 -0.468628 0.171509 -1.965698
-0.057251 -0.038208 0.030029 -0.476807 0.212891 -1.898560
-0.283936 -0.025757 0.059082 -0.480347 0.216553 -1.810547
-0.216064 0.005127 0.056641 -0.462158 0.134277 -1.647705
-0.253662 0.035278 0.104126 -0.429199 0.125366 -1.493286
-0.288574 0.071045 0.104370 -0.376953 0.125000 -1.334595
-0.327271 0.119141 0.096924 -0.329712 0.143799 -1.163574
-0.372803 0.163818 0.110596 -0.287354 0.159058 -0.988525
-0.401733 0.197266 0.124512 -0.243042 0.154541 -0.809814
-0.405396 0.214722 0.119873 -0.195068 0.105225 -0.627319
-0.396973 0.220581 0.105835 -0.151367 0.053589 -0.433594
-0.376831 0.237305 0.101074 -0.114868 0.040894 -0.235352
-0.351318 0.253418 0.097290 -0.086182 0.058472 -0.038452
-0.327759 0.267700 0.098267 -0.062988 0.089355 0.144531
-0.305054 0.269165 0.096313 -0.040649 0.127075 0.306274
-0.282593 0.263062 0.102661 -0.011597 0.157104 0.449585
-0.264771 0.256104 0.091064 0.029785 0.169189 0.582031
-0.245972 0.245850 0.084961 0.085327 0.161987 0.706299
-0.223267 0.234009 0.073608 0.155396 0.132446 0.821411
-0.189697 0.210449 0.053345 0.237793 0.079712 0.932251
-0.143555 0.178955 0.023926 0.323364 0.013062 1.051147
-0.067871 0.146973 -0.003906 0.404663 -0.054565 1.189575
0.001343 0.144287 -0.039795 0.479248 -0.112427 1.347656
0.105591 0.127930 -0.078247 0.540649 -0.146851 1.525391
0.215332 0.115112 -0.105347 0.582275 -0.143311 1.685669
0.297241 0.110474 -0.122192 0.603882 -0.103394 1.799805
0.362549 0.101929 -0.144409 0.612305 -0.050049 1.877563
0.424805 0.090576 -0.158203 0.609863 -0.001709 1.936157
0.467651 0.058105 -0.172852 0.600098 0.043701 1.985962
0.487793 0.005981 -0.175903 0.587158 0.085083 2.035034
0.528809 -0.076782 -0.173096 0.588867 0.106079 2.120239
0.601318 -0.173584 -0.169678 0.624390 0.099487 2.268921
0.710938 -0.235718 -0.181030 0.700317 0.098145 2.451416
0.810059 -0.308716 -0.205078 0.799316 0.120605 2.621948
0.969482 -0.364624 -0.256470 0.897095 0.116699 2.769531
1.153809 -0.359497 -0.333862 0.970581 0.100586 2.850830
1.286743 -0.354370 -0.416870 0.997437 0.126343 2.806885
1.349609 -0.352783 -0.493042 0.964966 0.170288 2.654297
1.276978 -0.395508 -0.537598 0.876953 0.223022 2.454102
1.129883 -0.516724 -0.547607 0.764526 0.286743 2.305664
1.008545 -0.708496 -0.534424 0.650024 0.411133 2.318970
0.995239 -0.930420 -0.495850 0.533325 0.589844 2.573486
1.141846 -1.041626 -0.402344 0.430420 0.793091 2.997070
1.408813 -1.017090 -0.280273 0.385010 1.005737 3.364502
1.725220 -0.921509 -0.178467 0.419922 1.089722 3.505127
1.977051 -0.791016 -0.186035 0.521973 0.978271 3.367920
2.097412 -0.728271 -0.290771 0.629395 0.848755 3.006348
2.113403 -0.726563 -0.429443 0.658569 0.796997 2.600464
2.073730 -0.749756 -0.541260 0.561768 0.839966 2.267456
2.017944 -0.750366 -0.562256 0.330322 0.965088 2.015381
1.953735 -0.702515 -0.473145 0.018433 1.103394 1.792236
1.892334 -0.656006 -0.355835 -0.261108 1.116211 1.542358
1.815308 -0.706421 -0.252075 -0.438110 0.871826 1.251099
1.741577 -0.753784 -0.183716 -0.510498 0.474243 0.953857
1.663452 -0.784058 -0.121948 -0.483765 0.011108 0.684448
1.591797 -0.797363 -0.100952 -0.390259 -0.359009 0.474243
1.541382 -0.759277 -0.089722 -0.289063 -0.565186 0.337769
1.497925 -0.725708 -0.096069 -0.205933 -0.613892 0.249756
1.447754 -0.702515 -0.115845 -0.163086 -0.547241 0.199097
1.390015 -0.686279 -0.143799 -0.168457 -0.410034 0.181152
1.336304 -0.683594 -0.171143 -0.206421 -0.255005 0.181152
1.306763 -0.687134 -0.179932 -0.258301 -0.104126 0.182007
1.279175 -0.697021 -0.172119 -0.311279 0.030273 0.169800
1.257080 -0.697266 -0.140137 -0.359253 0.126221 0.147095
1.238037 -0.694580 -0.105713 -0.392944 0.197144 0.117676
1.208984 -0.695557 -0.060181 -0.404175 0.244751 0.068481
1.160889 -0.693481 -0.011963 -0.387085 0.236694 -0.005371
1.108154 -0.683960 0.006958 -0.337646 0.220215 -0.075928
1.054688 -0.684082 -0.009766 -0.272095 0.214722 -0.124756
1.009521 -0.682007 -0.034424 -0.216431 0.195679 -0.151733
0.977173 -0.684204 -0.050903 -0.181763 0.174194 -0.158936
0.955200 -0.682007 -0.074341 -0.163696 0.177612 -0.145508
0.948975 -0.664429 -0.077759 -0.153564 0.208374 -0.127930
0.947876 -0.652954 -0.080078 -0.146240 0.218872 -0.120728
0.936157 -0.638306 -0.071167 -0.133423 0.191406 -0.123779
0.925537 -0.634521 -0.074219 -0.115479 0.154175 -0.132080
0.913452 -0.633667 -0.077271 -0.093384 0.112671 -0.141724
0.896851 -0.623901 -0.081177 -0.070557 0.066772 -0.152710
0.883057 -0.624878 -0.086426 -0.050049 0.026123 -0.161377
0.872192 -0.623901 -0.097046 -0.029297 -0.006104 -0.164185
0.863159 -0.622559 -0.103271 -0.012329 -0.027222 -0.161133
0.849243 -0.616943 -0.103149 -0.003296 -0.030273 -0.150513
0.841797 -0.615234 -0.108887 0.000122 -0.024902 -0.134888
0.834961 -0.621338 -0.122192 -0.000488 -0.025024 -0.114868
0.839966 -0.615356 -0.129395 -0.001343 -0.025146 -0.094971
0.846802 -0.604614 -0.124268 -0.003540 -0.021851 -0.083862
0.851318 -0.596924 -0.122559 -0.006104 -0.017700 -0.082153
0.844116 -0.601563 -0.123291 -0.008667 -0.017700 -0.086304
0.835083 -0.604492 -0.124023 -0.008789 -0.027222 -0.092773
0.828003 -0.604248 -0.122437 -0.004883 -0.041504 -0.097656
0.825195 -0.602783 -0.122681 -0.002319 -0.050171 -0.100220
0.825073 -0.609375 -0.125732 -0.000366 -0.054688 -0.098267
0.830444 -0.618896 -0.129517 0.002686 -0.056274 -0.092407
0.836792 -0.613403 -0.126831 0.006714 -0.052002 -0.083740
0.845581 -0.609619 -0.119141 0.010864 -0.053589 -0.075684
0.851807 -0.613403 -0.110840 0.014282 -0.060303 -0.071289
0.856445 -0.623047 -0.108887 0.018311 -0.062988 -0.068970
0.853271 -0.630737 -0.113647 0.023193 -0.059937 -0.066406
0.850220 -0.635132 -0.114380 0.027344 -0.056396 -0.061523
0.847412 -0.634766 -0.112427 0.030273 -0.054932 -0.054688
0.849121 -0.636475 -0.103516 0.033936 -0.049316 -0.044434
0.849121 -0.635986 -0.092041 0.040527 -0.040039 -0.034058
0.847290 -0.634277 -0.085083 0.047241 -0.030762 -0.022461
0.848267 -0.631104 -0.078369 0.054077 -0.026367 -0.010132
0.850952 -0.623535 -0.072998 0.063232 -0.026489 -0.000610
0.854248 -0.615723 -0.066895 0.075317 -0.032227 0.003662
0.858154 -0.612427 -0.064453 0.087524 -0.041016 0.005249
0.855591 -0.605225 -0.063354 0.099487 -0.052246 0.004639
0.858398 -0.602905 -0.052002 0.110596 -0.067017 0.000366
0.857910 -0.598511 -0.051147 0.124512 -0.085693 -0.005981
0.854248 -0.598022 -0.050537 0.142212 -0.106201 -0.013794
0.854858 -0.588013 -0.053101 0.160645 -0.124634 -0.019165
0.859863 -0.582031 -0.062866 0.181274 -0.138184 -0.020386
0.865601 -0.585327 -0.082642 0.196045 -0.142334 -0.020996
0.876953 -0.580688 -0.084106 0.190186 -0.144165 -0.029053
0.882324 -0.571777 -0.069702 0.177490 -0.140259 -0.038452
0.881592 -0.573975 -0.066772 0.179443 -0.121216 -0.042236
0.875488 -0.575317 -0.072388 0.189453 -0.094604 -0.045898
0.869385 -0.564819 -0.078491 0.194580 -0.083496 -0.052490
0.869873 -0.561401 -0.085327 0.198120 -0.090576 -0.058594
0.879639 -0.555176 -0.098999 0.198730 -0.096069 -0.063477
0.884399 -0.546021 -0.097534 0.192627 -0.097412 -0.073608
