2.397339 -0.405518 -0.477173 -0.255249 -0.080322 -0.687866
2.506470 -0.476318 -0.590088 -0.297363 0.015381 -0.816040
2.544189 -0.524414 -0.412354 -0.391479 0.048584 -1.032959
2.548828 -0.553345 -0.362793 -0.387085 -0.181030 -1.286987
2.480225 -0.580444 -0.406494 -0.336914 -0.373169 -1.547607
2.416504 -0.592773 -0.466431 -0.322998 -0.369385 -1.716797
2.389160 -0.600952 -0.463135 -0.364746 -0.198608 -1.810669
2.373169 -0.602417 -0.428101 -0.416260 -0.018188 -1.907837
2.319702 -0.618530 -0.427490 -0.435303 0.093506 -2.034912
2.245605 -0.642578 -0.435547 -0.427002 0.151001 -2.170288
2.156128 -0.644043 -0.447754 -0.402710 0.199341 -2.309326
2.018188 -0.629517 -0.437866 -0.368042 0.229370 -2.465820
1.827393 -0.607178 -0.412720 -0.319946 0.226318 -2.637817
1.596802 -0.606934 -0.399170 -0.264526 0.178711 -2.803589
1.372925 -0.610962 -0.394531 -0.218628 0.103760 -2.930664
1.180542 -0.610840 -0.397217 -0.191528 0.031128 -3.002563
1.015015 -0.598877 -0.372070 -0.189209 -0.023071 -3.013794
0.877197 -0.563354 -0.328979 -0.203613 -0.030518 -2.979004
0.744385 -0.520874 -0.279907 -0.219116 -0.006958 -2.933838
0.620361 -0.496460 -0.245239 -0.230103 0.023438 -2.886719
0.502441 -0.466064 -0.219604 -0.242432 0.055298 -2.819092
0.379639 -0.435181 -0.216919 -0.255981 0.104126 -2.739746
0.260376 -0.400146 -0.200928 -0.271973 0.160156 -2.650879
0.147705 -0.351563 -0.189087 -0.295044 0.202759 -2.534790
0.067017 -0.299805 -0.159668 -0.330811 0.246338 -2.389404
0.000610 -0.254028 -0.121826 -0.376099 0.286011 -2.230957
-0.062378 -0.206787 -0.081787 -0.414307 0.335083 -2.067261
-0.104248 -0.155640 -0.029541 -0.429688 0.392334 -1.902954
-0.159790 -0.100708 -0.003296 -0.416992 0.435913 -1.756226
-0.220459 -0.054443 0.009277 -0.384033 0.451050 -1.632690
-0.381592 0.026367 0.041870 -0.342041 0.411865 -1.504883
-0.383789 0.041504 0.027344 -0.293091 0.350464 -1.349243
-0.409180 0.049072 0.030151 -0.251587 0.300049 -1.223511
-0.450195 0.061890 0.029541 -0.222168 0.272461 -1.082520
-0.494995 0.090576 0.037109 -0.196167 0.253174 -0.908203
-0.517822 0.127319 0.047241 -0.165771 0.238159 -0.713867
-0.542603 0.146851 0.068481 -0.130005 0.208130 -0.527588
-0.551880 0.178101 0.095581 -0.093140 0.140381 -0.335449
-0.515259 0.199463 0.074463 -0.055176 0.066162 -0.135254
-0.479492 0.206055 0.062744 -0.035767 0.052979 0.043701
-0.462036 0.202026 0.070190 -0.025146 0.060669 0.204102
-0.443604 0.193359 0.062866 -0.006104 0.074585 0.358765
-0.418457 0.192139 0.063232 0.025024 0.072876 0.512207
-0.393433 0.194092 0.057495 0.067505 0.057007 0.662720
-0.347168 0.184570 0.048706 0.120728 0.025146 0.810791
-0.286011 0.193359 0.035156 0.181763 -0.019897 0.956909
-0.217529 0.204712 0.016724 0.242798 -0.058838 1.095703
-0.161255 0.205811 -0.010376 0.300537 -0.089722 1.221558
-0.113037 0.194336 -0.049072 0.342163 -0.115234 1.350708
-0.017578 0.134399 -0.064819 0.361450 -0.151978 1.506592
0.100830 0.083618 -0.066528 0.372070 -0.199585 1.686890
0.263916 0.076538 -0.062378 0.393677 -0.225342 1.887573
0.424561 0.103760 -0.059937 0.439087 -0.202759 2.067017
0.558228 0.159058 -0.060181 0.496460 -0.119141 2.177368
0.642456 0.227295 -0.077637 0.548218 0.003174 2.190796
0.659790 0.240845 -0.116455 0.578125 0.103882 2.117065
0.662231 0.175781 -0.181274 0.578369 0.097778 2.026367
0.696289 0.122803 -0.251221 0.544312 0.013794 2.004028
0.726807 0.059326 -0.301514 0.480469 0.021851 2.031006
0.779907 -0.049927 -0.295166 0.389404 0.147583 2.114502
0.880737 -0.120483 -0.249268 0.282227 0.289063 2.275757
0.969971 -0.185181 -0.219482 0.197144 0.438599 2.431885
1.079102 -0.254883 -0.197754 0.150269 0.527710 2.561890
1.209595 -0.255005 -0.171387 0.137329 0.539063 2.662109
1.328491 -0.256592 -0.144531 0.182739 0.514160 2.658569
1.471802 -0.306152 -0.183716 0.292236 0.346436 2.573242
1.597046 -0.291626 -0.226074 0.429443 0.015137 2.446411
1.607666 -0.224854 -0.205933 0.578369 -0.192017 2.244873
1.496460 -0.226685 -0.170654 0.734009 -0.210327 2.010742
1.415405 -0.280273 -0.220093 0.880981 -0.037109 1.817993
1.418335 -0.339844 -0.269775 0.974609 0.295654 1.707886
1.382446 -0.360596 -0.350098 0.971191 0.483398 1.651123
1.306030 -0.462524 -0.466309 0.849731 0.657959 1.627563
1.372803 -0.613525 -0.555786 0.612061 0.805908 1.734131
1.577515 -0.715454 -0.580322 0.316406 0.790527 1.934692
1.842285 -0.704956 -0.488159 0.011353 0.610718 2.078247
2.054932 -0.577271 -0.279785 -0.234741 0.342651 2.033447
2.148438 -0.441895 -0.094604 -0.344604 -0.011230 1.781494
2.116211 -0.372314 -0.049194 -0.301880 -0.398560 1.396118
1.925781 -0.361450 -0.107422 -0.182495 -0.673584 0.974976
1.674438 -0.380615 -0.176514 -0.067261 -0.795532 0.629272
1.458618 -0.423096 -0.286255 -0.005371 -0.756836 0.432739
1.309814 -0.453857 -0.349121 -0.026489 -0.565552 0.396362
1.223999 -0.500488 -0.370850 -0.125122 -0.270874 0.476196
1.193848 -0.534058 -0.363281 -0.262939 -0.018921 0.608276
1.218994 -0.557495 -0.331543 -0.375610 0.087280 0.728516
1.274536 -0.576782 -0.352051 -0.434326 0.081299 0.806885
1.328247 -0.576294 -0.365723 -0.450439 0.047852 0.837769
1.358276 -0.556396 -0.371216 -0.445190 0.024414 0.816040
1.373047 -0.548462 -0.362549 -0.436890 -0.009888 0.743774
1.377686 -0.549438 -0.336060 -0.436890 -0.050293 0.640381
1.364258 -0.547119 -0.311279 -0.445435 -0.080078 0.522827
1.333252 -0.557861 -0.272095 -0.454956 -0.087036 0.407959
1.299561 -0.584106 -0.242554 -0.460205 -0.062256 0.311401
1.257813 -0.616211 -0.225830 -0.456665 -0.000854 0.237061
1.206909 -0.644409 -0.213623 -0.443970 0.040771 0.188843
1.170288 -0.650269 -0.205933 -0.423340 0.049194 0.166016
1.149414 -0.643799 -0.201904 -0.389038 0.058838 0.150024
1.134155 -0.634766 -0.202393 -0.343262 0.080566 0.126953
1.117432 -0.623779 -0.215210 -0.295166 0.101685 0.090454
1.101196 -0.606445 -0.223022 -0.249756 0.107422 0.044312
1.069458 -0.588745 -0.241577 -0.209351 0.088867 0.001343
1.044434 -0.579468 -0.255615 -0.176270 0.066528 -0.032349
1.016968 -0.568359 -0.267700 -0.154785 0.047485 -0.058105
0.988647 -0.555420 -0.272583 -0.142212 0.037720 -0.073120
0.965332 -0.552246 -0.275879 -0.135742 0.052368 -0.078979
0.940552 -0.552612 -0.284912 -0.130493 0.087646 -0.077393
0.922974 -0.553101 -0.287598 -0.133301 0.122192 -0.068237
0.910034 -0.550903 -0.285767 -0.144897 0.137817 -0.053345
0.909180 -0.548584 -0.282837 -0.159790 0.140015 -0.036621
0.918823 -0.550171 -0.272461 -0.171387 0.144409 -0.028320
0.922974 -0.552612 -0.256836 -0.177979 0.152100 -0.028687
0.928223 -0.550537 -0.239990 -0.181030 0.160522 -0.035156
0.931396 -0.550171 -0.220337 -0.179565 0.173096 -0.047607
0.918701 -0.556274 -0.204224 -0.176147 0.193604 -0.060791
0.909180 -0.553589 -0.185913 -0.175293 0.215698 -0.065063
0.901855 -0.554810 -0.178589 -0.171631 0.240356 -0.064697
0.891479 -0.549927 -0.179321 -0.159668 0.262085 -0.066162
0.876343 -0.550781 -0.180542 -0.143066 0.270508 -0.069092
0.859619 -0.541992 -0.189575 -0.131470 0.263550 -0.069824
0.850586 -0.537964 -0.197266 -0.124390 0.244263 -0.066895
0.849609 -0.536133 -0.206421 -0.121826 0.215088 -0.060669
0.853516 -0.535278 -0.205811 -0.122314 0.184082 -0.051636
0.864502 -0.528320 -0.200806 -0.121582 0.158447 -0.046021
0.874390 -0.527344 -0.196411 -0.118896 0.129639 -0.042847
0.887329 -0.528198 -0.193481 -0.117065 0.101807 -0.038696
0.907227 -0.525391 -0.186279 -0.117920 0.088745 -0.035522
0.913818 -0.530029 -0.175659 -0.121216 0.089478 -0.031860
0.923096 -0.527588 -0.167480 -0.124268 0.097046 -0.025879
0.924438 -0.524536 -0.157104 -0.124146 0.113525 -0.022217
0.925049 -0.522217 -0.148804 -0.119263 0.125366 -0.023926
0.921997 -0.518066 -0.142822 -0.108887 0.126709 -0.027954
0.920410 -0.516968 -0.142334 -0.096924 0.123779 -0.030518
0.917603 -0.512939 -0.143555 -0.085327 0.120728 -0.030029
0.917114 -0.510498 -0.144287 -0.075562 0.120483 -0.029053
0.915894 -0.505371 -0.144531 -0.066040 0.114990 -0.030396
0.910645 -0.501343 -0.139038 -0.054443 0.102295 -0.033203
0.911743 -0.501953 -0.140869 -0.040527 0.090698 -0.034302
0.906494 -0.496826 -0.147217 -0.027710 0.084961 -0.034790
0.907471 -0.493408 -0.157837 -0.018555 0.084351 -0.032959
0.910522 -0.490112 -0.165161 -0.015015 0.091064 -0.025024
0.917847 -0.486694 -0.156738 -0.019775 0.098877 -0.013184
0.931030 -0.484375 -0.148193 -0.026123 0.110107 -0.003906
0.934326 -0.480835 -0.133301 -0.029419 0.121582 0.001221
0.932007 -0.482056 -0.116943 -0.025635 0.127197 0.001709
0.926636 -0.483154 -0.119385 -0.017212 0.124634 -0.001587
0.919678 -0.488892 -0.124634 -0.008911 0.122803 -0.002075
0.910889 -0.490845 -0.125488 -0.006104 0.126221 0.004517
0.911011 -0.494263 -0.121582 -0.008423 0.133911 0.015625
0.917969 -0.492798 -0.113403 -0.013184 0.139526 0.026733
