1.662354 -0.510376 -0.401489 -0.266479 -0.066406 -0.062744
1.884033 -0.601685 -0.545288 -0.223022 -0.117188 -0.056641
2.060547 -0.636719 -0.612915 -0.231323 -0.019531 -0.075928
2.255859 -0.640869 -0.626465 -0.243408 0.076538 -0.094971
2.433838 -0.719360 -0.667725 -0.282593 0.132568 -0.209473
2.517334 -0.729126 -0.654297 -0.343994 0.205444 -0.449829
2.546265 -0.722778 -0.646973 -0.354248 0.251831 -0.765259
2.478149 -0.761108 -0.650635 -0.326904 0.254395 -1.129639
2.334717 -0.804810 -0.638428 -0.307129 0.208496 -1.474365
2.200806 -0.866455 -0.664917 -0.307373 0.128174 -1.742310
2.089600 -0.915527 -0.648193 -0.323242 0.071777 -1.929321
2.009033 -0.934570 -0.608643 -0.339844 0.061523 -2.051147
1.924316 -0.910522 -0.555542 -0.339111 0.102783 -2.147949
1.853027 -0.911987 -0.563965 -0.316650 0.136597 -2.229004
1.786133 -0.914185 -0.585815 -0.305298 0.136353 -2.313354
1.730347 -0.897217 -0.588257 -0.326416 0.133789 -2.397827
1.643799 -0.895874 -0.579834 -0.369263 0.191406 -2.490234
1.527832 -0.882568 -0.550903 -0.421021 0.258545 -2.563354
1.391235 -0.847900 -0.471436 -0.468018 0.358765 -2.615723
1.260498 -0.788696 -0.372559 -0.478882 0.451904 -2.666992
1.116821 -0.744629 -0.311768 -0.444092 0.491577 -2.743286
0.967529 -0.736328 -0.282349 -0.384644 0.452393 -2.827026
0.832153 -0.691895 -0.259277 -0.321899 0.358154 -2.874268
0.712402 -0.616577 -0.239868 -0.265259 0.298584 -2.892700
0.584595 -0.556519 -0.233398 -0.213989 0.260498 -2.891724
0.465332 -0.480957 -0.214111 -0.175293 0.217285 -2.869263
0.342773 -0.411987 -0.204590 -0.156128 0.187012 -2.839844
0.222168 -0.354736 -0.189209 -0.157837 0.145386 -2.788818
0.125244 -0.298828 -0.172485 -0.178955 0.071655 -2.688477
0.064819 -0.240112 -0.156006 -0.212158 0.013306 -2.552490
0.015137 -0.179443 -0.137451 -0.246948 -0.013916 -2.404175
-0.031006 -0.127808 -0.108276 -0.274170 -0.019043 -2.253784
-0.076294 -0.076172 -0.081787 -0.297485 -0.013306 -2.094482
-0.110718 -0.045044 -0.058594 -0.320557 -0.011719 -1.929443
-0.149536 -0.041260 -0.047485 -0.344727 -0.019897 -1.759033
-0.159424 -0.033936 -0.034912 -0.370361 -0.020386 -1.569580
-0.162964 -0.003662 -0.009766 -0.384155 0.021240 -1.372070
-0.173218 0.035645 0.020264 -0.379028 0.102539 -1.190918
-0.189819 0.069092 0.040039 -0.361206 0.177246 -1.037109
-0.207397 0.093994 0.050903 -0.336304 0.211914 -0.904907
-0.226074 0.118774 0.049683 -0.301270 0.214600 -0.790771
-0.255127 0.141113 0.038818 -0.257813 0.198364 -0.694824
-0.283936 0.147095 0.031128 -0.217041 0.157227 -0.614380
-0.309692 0.147949 0.021240 -0.180298 0.090088 -0.528442
-0.349976 0.142578 0.005737 -0.144653 0.014160 -0.435669
-0.361694 0.144653 -0.004395 -0.113281 -0.058960 -0.327026
-0.370239 0.155518 -0.006836 -0.092407 -0.125610 -0.203125
-0.377563 0.153809 0.012939 -0.079346 -0.175903 -0.059937
-0.359863 0.158325 0.031738 -0.065674 -0.219116 0.117920
-0.318726 0.163452 0.039551 -0.045410 -0.246338 0.325684
-0.266968 0.152832 0.055664 -0.015991 -0.223877 0.533813
-0.197388 0.135376 0.072998 0.031860 -0.178223 0.729492
-0.120728 0.125488 0.069092 0.102173 -0.146484 0.920044
-0.041748 0.130005 0.051880 0.180420 -0.116821 1.100464
0.036621 0.136108 0.016968 0.245605 -0.075073 1.265015
0.114624 0.122437 -0.023315 0.293091 -0.035889 1.408813
0.198364 0.111328 -0.068970 0.324219 -0.024170 1.540039
0.267090 0.113525 -0.091919 0.343140 -0.017700 1.656006
0.320435 0.128052 -0.109009 0.356567 0.002197 1.749023
0.351074 0.131836 -0.115356 0.372925 0.018555 1.814575
0.354004 0.127808 -0.122559 0.405029 0.000000 1.855591
0.358643 0.098267 -0.152832 0.458252 -0.061401 1.893066
0.388672 0.060547 -0.184937 0.520996 -0.151123 1.962524
0.413452 0.039795 -0.228027 0.588867 -0.244385 2.066284
0.518433 -0.070435 -0.290771 0.644653 -0.329224 2.237305
0.716187 -0.155640 -0.372925 0.660156 -0.385010 2.468018
0.937134 -0.186890 -0.428345 0.630615 -0.332520 2.683594
1.138184 -0.169678 -0.471191 0.567505 -0.149048 2.830322
1.237183 -0.144775 -0.472656 0.473877 0.113892 2.879028
1.312988 -0.141968 -0.445923 0.377319 0.323364 2.880371
1.377197 -0.109863 -0.397827 0.328003 0.408325 2.841064
1.378540 -0.124146 -0.367920 0.354492 0.397705 2.713623
1.316162 -0.179443 -0.383179 0.430298 0.250610 2.540405
1.232666 -0.272827 -0.434814 0.516479 0.035034 2.398560
1.138306 -0.436401 -0.503174 0.576538 -0.089966 2.338135
1.101685 -0.606812 -0.515869 0.592529 -0.130493 2.428589
1.196045 -0.754761 -0.491821 0.579834 0.000488 2.624023
1.450317 -0.838135 -0.452148 0.550171 0.144897 2.827637
1.717651 -0.768921 -0.395630 0.501587 0.143066 2.920288
1.830688 -0.653320 -0.380981 0.426392 0.115967 2.811401
1.806763 -0.545410 -0.375977 0.325439 0.230103 2.568970
1.731201 -0.503662 -0.362549 0.235474 0.443726 2.303345
1.621704 -0.541260 -0.365112 0.191040 0.593628 2.053345
1.525513 -0.635132 -0.412354 0.178711 0.564941 1.821411
1.456543 -0.712402 -0.474365 0.162231 0.350220 1.627319
1.422485 -0.760986 -0.553223 0.132324 0.036743 1.492798
1.424072 -0.811035 -0.606812 0.084961 -0.207642 1.389404
1.447266 -0.881592 -0.640869 0.011719 -0.395752 1.314331
1.503906 -0.906738 -0.618774 -0.093018 -0.572876 1.259766
1.580933 -0.893066 -0.582642 -0.200928 -0.672363 1.174316
1.625244 -0.866333 -0.519287 -0.272095 -0.723755 1.033081
1.636963 -0.844727 -0.454224 -0.296143 -0.759277 0.848633
1.610962 -0.853271 -0.414795 -0.281250 -0.775879 0.650391
1.547607 -0.864502 -0.383789 -0.248413 -0.752441 0.480835
1.478882 -0.860107 -0.350830 -0.212646 -0.640503 0.354126
1.389526 -0.852417 -0.324219 -0.175171 -0.466064 0.271118
1.308716 -0.844604 -0.326416 -0.138184 -0.292358 0.235596
1.247559 -0.827271 -0.342285 -0.107788 -0.126221 0.221680
1.198364 -0.803345 -0.364502 -0.077026 -0.018188 0.207031
1.151367 -0.791504 -0.391846 -0.044189 0.066895 0.181519
1.120728 -0.790039 -0.435425 -0.016724 0.116821 0.149170
1.093506 -0.783569 -0.462158 -0.003906 0.133545 0.111084
1.067505 -0.769653 -0.474731 -0.012207 0.121582 0.069824
1.046265 -0.751343 -0.474609 -0.036621 0.074829 0.033325
1.030273 -0.744873 -0.465576 -0.070557 0.037964 -0.001831
1.022705 -0.732300 -0.430908 -0.103271 0.042603 -0.043945
1.013428 -0.712402 -0.382935 -0.121338 0.060547 -0.095459
0.993530 -0.700195 -0.352539 -0.122070 0.053467 -0.149658
0.966187 -0.691406 -0.327515 -0.112671 0.046631 -0.201172
0.926636 -0.692627 -0.310913 -0.098022 0.048706 -0.246582
0.889404 -0.701904 -0.317749 -0.080322 0.048828 -0.276367
0.855713 -0.705811 -0.314453 -0.068115 0.048584 -0.285400
0.832886 -0.707642 -0.319214 -0.060059 0.047241 -0.276245
0.814453 -0.709595 -0.311157 -0.053223 0.041504 -0.257690
0.810303 -0.706909 -0.306274 -0.045654 0.033447 -0.233887
0.814331 -0.713135 -0.302490 -0.034180 0.024170 -0.209961
0.826904 -0.702515 -0.304199 -0.021851 0.003052 -0.187134
0.837891 -0.688354 -0.297241 -0.010620 -0.022583 -0.171387
0.845947 -0.674561 -0.292114 0.002075 -0.033569 -0.168701
0.853027 -0.670410 -0.288452 0.015259 -0.030640 -0.175293
0.846069 -0.661377 -0.281006 0.024048 -0.021240 -0.185181
0.830444 -0.655518 -0.281372 0.029297 -0.006592 -0.193848
0.818115 -0.653198 -0.277954 0.033447 0.011108 -0.196899
0.807251 -0.650635 -0.276611 0.038452 0.026733 -0.194824
0.798950 -0.644653 -0.276978 0.044800 0.038696 -0.188843
0.804932 -0.633789 -0.271606 0.053467 0.042969 -0.181152
0.813477 -0.619751 -0.280396 0.063599 0.043213 -0.176880
0.816650 -0.611938 -0.284302 0.071899 0.038696 -0.177246
0.813232 -0.597046 -0.287720 0.075684 0.034912 -0.176392
0.806519 -0.592651 -0.283569 0.075073 0.035156 -0.176025
0.803711 -0.587891 -0.286865 0.072021 0.035889 -0.175415
0.808594 -0.585327 -0.285400 0.068481 0.032837 -0.174561
0.811768 -0.582153 -0.281982 0.064575 0.022705 -0.174561
0.819580 -0.577271 -0.272705 0.060913 0.010620 -0.175537
0.829834 -0.573120 -0.260864 0.058716 0.003662 -0.179199
0.832520 -0.574219 -0.247314 0.059448 0.003052 -0.186401
0.826416 -0.577515 -0.239746 0.063232 0.006836 -0.192017
0.816284 -0.581055 -0.228027 0.069946 0.017212 -0.190674
0.811035 -0.582764 -0.230103 0.078857 0.032104 -0.182983
0.812378 -0.579834 -0.230469 0.087646 0.047607 -0.170654
0.818604 -0.580078 -0.230957 0.096558 0.056030 -0.159912
0.822632 -0.579834 -0.226196 0.103882 0.049194 -0.152588
0.837524 -0.573853 -0.223389 0.110962 0.037109 -0.151367
0.849854 -0.573486 -0.224365 0.120361 0.027588 -0.156982
0.857056 -0.578247 -0.223145 0.130371 0.017700 -0.166626
0.866333 -0.580444 -0.223877 0.138062 0.007080 -0.173950
0.875854 -0.575439 -0.217773 0.147461 0.000122 -0.181396
0.877686 -0.578125 -0.224976 0.161499 -0.001221 -0.191162
0.874023 -0.580200 -0.236328 0.176636 0.001343 -0.196411
0.872314 -0.578613 -0.250977 0.184692 0.006836 -0.194946
