1.533447 -0.513550 -0.452148 0.195557 -0.470337 -0.460449
1.549194 -0.562256 -0.596802 0.223389 -0.431763 -0.422241
1.563843 -0.605103 -0.642822 0.178223 -0.200684 -0.440918
1.514771 -0.589722 -0.413696 0.157715 -0.108276 -0.408203
1.679077 -0.624878 -0.446289 0.259155 -0.375244 -0.315796
1.873901 -0.629883 -0.631104 0.363403 -0.630981 -0.326416
2.034058 -0.593262 -0.850952 0.383667 -0.664673 -0.421021
2.081299 -0.545532 -0.979736 0.278809 -0.502563 -0.578979
2.027344 -0.531982 -1.023438 0.091309 -0.268311 -0.797607
1.910889 -0.550781 -1.029419 -0.113892 -0.083862 -1.016357
1.811035 -0.575684 -1.007202 -0.298218 0.034668 -1.191528
1.727661 -0.580688 -0.992920 -0.444824 0.083618 -1.334351
1.653076 -0.596436 -0.976074 -0.570801 0.078003 -1.463013
1.613647 -0.581421 -0.978149 -0.708008 0.023071 -1.589355
1.566895 -0.540283 -0.984253 -0.868408 -0.052612 -1.732788
1.479492 -0.516235 -0.999023 -1.044922 -0.095581 -1.897705
1.341919 -0.524536 -0.989624 -1.236816 -0.110229 -2.058960
1.195801 -0.548096 -0.947388 -1.439575 -0.100342 -2.187012
1.058350 -0.573120 -0.862427 -1.633667 -0.098022 -2.266724
0.921265 -0.604736 -0.760986 -1.794800 -0.092529 -2.302124
0.800049 -0.612061 -0.650757 -1.907959 -0.092773 -2.297241
0.637207 -0.623169 -0.572510 -1.968140 -0.083252 -2.276001
0.513306 -0.579224 -0.518066 -1.998169 -0.093628 -2.226440
0.450317 -0.558350 -0.461304 -2.040039 -0.054077 -2.140747
0.349731 -0.523438 -0.391724 -2.084595 0.012817 -2.045410
0.239380 -0.492920 -0.317627 -2.117920 0.049683 -1.926147
0.163818 -0.484131 -0.238770 -2.134033 0.048950 -1.785767
0.125000 -0.441528 -0.153564 -2.119995 0.009155 -1.648804
0.073730 -0.385742 -0.081177 -2.073730 -0.036621 -1.532959
0.019043 -0.338745 -0.014648 -2.010010 -0.067993 -1.434692
-0.021851 -0.315186 0.045288 -1.934814 -0.104248 -1.341675
-0.066284 -0.295532 0.101807 -1.847168 -0.174683 -1.243286
-0.105103 -0.264282 0.141357 -1.745850 -0.268188 -1.124634
-0.132202 -0.215332 0.174683 -1.642700 -0.352051 -0.984375
-0.148438 -0.171265 0.186646 -1.545654 -0.415405 -0.836548
-0.162598 -0.132568 0.180054 -1.468628 -0.459351 -0.693604
-0.171265 -0.096191 0.177612 -1.418701 -0.480713 -0.545654
-0.194702 -0.078247 0.207764 -1.388794 -0.477661 -0.399902
-0.212402 -0.072510 0.249634 -1.357666 -0.487061 -0.253784
-0.229736 -0.077637 0.293579 -1.311890 -0.512695 -0.103394
-0.238525 -0.075562 0.340698 -1.237793 -0.543701 0.060669
-0.239746 -0.080200 0.369141 -1.139526 -0.573853 0.241089
-0.215698 -0.095337 0.400513 -1.028442 -0.613281 0.434692
-0.169800 -0.099121 0.437988 -0.900269 -0.650391 0.639526
-0.099365 -0.105347 0.445923 -0.748779 -0.669800 0.851440
-0.031616 -0.127319 0.435913 -0.584717 -0.685547 1.067383
0.056885 -0.144653 0.419556 -0.417236 -0.701904 1.284546
0.178345 -0.164063 0.385010 -0.246094 -0.729248 1.493774
0.305176 -0.158813 0.363281 -0.077881 -0.774048 1.686279
0.408813 -0.142700 0.354614 0.082397 -0.753784 1.850952
0.467529 -0.153809 0.334229 0.250244 -0.684448 1.980591
0.504517 -0.183716 0.281616 0.424072 -0.625732 2.095215
0.520752 -0.217529 0.198364 0.598389 -0.605713 2.210571
0.555054 -0.263428 0.111206 0.766113 -0.625610 2.332764
0.616577 -0.299194 0.041382 0.930176 -0.663452 2.458252
0.696777 -0.396606 -0.041748 1.097656 -0.691406 2.586670
0.798218 -0.421509 -0.115967 1.263428 -0.736694 2.760742
1.071411 -0.473877 -0.198486 1.401245 -0.780640 2.962646
1.315430 -0.504395 -0.243896 1.473511 -0.677734 3.013306
1.485474 -0.475830 -0.264648 1.488281 -0.504883 2.914063
1.561890 -0.410278 -0.297241 1.473145 -0.324341 2.741577
1.531738 -0.384888 -0.396118 1.423218 -0.108398 2.551270
1.417847 -0.396484 -0.488525 1.286133 0.166626 2.384277
1.316895 -0.499878 -0.510254 1.061279 0.444092 2.289551
1.288452 -0.606079 -0.468628 0.817017 0.630615 2.275269
1.322998 -0.683838 -0.405518 0.667725 0.694702 2.270020
1.394897 -0.741089 -0.328125 0.631470 0.641846 2.226318
1.535400 -0.808228 -0.312500 0.624634 0.660034 2.145020
1.683472 -0.970947 -0.300171 0.605469 0.659302 2.053101
1.875854 -1.087524 -0.297974 0.549316 0.469971 1.991943
2.086548 -1.114624 -0.250488 0.440796 0.204102 1.882568
2.238525 -1.078491 -0.161499 0.342773 -0.006348 1.655029
2.315918 -1.018066 -0.112671 0.309692 -0.158081 1.349487
2.313599 -1.017090 -0.123901 0.307617 -0.295898 1.004395
2.288696 -1.058228 -0.157959 0.271240 -0.411499 0.679443
2.273315 -1.091064 -0.154297 0.192261 -0.473877 0.415039
2.250488 -1.115967 -0.147217 0.140869 -0.523438 0.194336
2.251343 -1.115967 -0.198120 0.139771 -0.605347 -0.012085
2.293335 -1.065308 -0.294556 0.154907 -0.745850 -0.227173
2.347290 -1.007080 -0.433594 0.152344 -0.922241 -0.469116
2.344238 -0.973389 -0.566406 0.096802 -1.042969 -0.741577
2.240234 -1.015625 -0.654419 -0.000732 -1.031494 -1.014648
2.078125 -1.103638 -0.689331 -0.105591 -1.016846 -1.240356
1.928101 -1.174438 -0.718018 -0.186157 -1.073364 -1.399536
1.819580 -1.189331 -0.706055 -0.231323 -1.180054 -1.505249
1.748657 -1.193970 -0.696045 -0.257446 -1.268677 -1.574219
1.701904 -1.155518 -0.661987 -0.278442 -1.336792 -1.614624
1.693604 -1.096802 -0.610107 -0.295044 -1.385132 -1.632935
1.662476 -1.003174 -0.561035 -0.294434 -1.339844 -1.677368
1.589355 -0.907959 -0.532471 -0.286499 -1.219238 -1.749512
1.505371 -0.836182 -0.543579 -0.294067 -1.111816 -1.806885
1.414673 -0.791382 -0.566772 -0.329468 -0.958252 -1.850830
1.317383 -0.752441 -0.592773 -0.388794 -0.768677 -1.880249
1.233887 -0.692505 -0.620728 -0.454956 -0.602173 -1.907593
1.143066 -0.623413 -0.642700 -0.532593 -0.473267 -1.941284
1.059448 -0.554810 -0.681274 -0.634644 -0.385620 -1.977417
0.971069 -0.502075 -0.685547 -0.767578 -0.329346 -2.012695
0.875366 -0.429321 -0.666382 -0.915039 -0.290283 -2.038696
0.777466 -0.374756 -0.635742 -1.055908 -0.261963 -2.064941
0.675903 -0.353516 -0.596069 -1.191528 -0.260498 -2.089111
0.569580 -0.336548 -0.535156 -1.332031 -0.285522 -2.083862
0.463257 -0.290161 -0.448486 -1.456787 -0.322388 -2.032471
0.410522 -0.251709 -0.360229 -1.541748 -0.378052 -1.949707
0.367676 -0.224731 -0.278320 -1.586548 -0.401611 -1.875488
0.308960 -0.192139 -0.207031 -1.604736 -0.404419 -1.810303
0.244995 -0.160645 -0.157593 -1.601440 -0.399414 -1.730469
0.178467 -0.119385 -0.112671 -1.589233 -0.365479 -1.632813
0.138062 -0.090820 -0.084229 -1.571411 -0.308716 -1.516113
0.083618 -0.062500 -0.063232 -1.550171 -0.232666 -1.390991
0.047119 -0.031372 -0.035645 -1.527344 -0.170532 -1.247437
0.032593 0.013428 -0.007202 -1.500732 -0.117065 -1.097412
0.018921 0.053345 0.000854 -1.466309 -0.075317 -0.963257
0.015137 0.088989 0.008545 -1.432861 -0.061768 -0.843750
0.002563 0.117798 0.004272 -1.406860 -0.071533 -0.740479
-0.015991 0.125977 0.004395 -1.393066 -0.094971 -0.650635
-0.031250 0.129883 0.005127 -1.393433 -0.119873 -0.555298
-0.033325 0.137695 0.015991 -1.404785 -0.144897 -0.446533
-0.039429 0.146484 0.045898 -1.424683 -0.154541 -0.327881
-0.043945 0.161255 0.082153 -1.434326 -0.147095 -0.209351
-0.042603 0.164063 0.107666 -1.418579 -0.138916 -0.100098
-0.048462 0.154785 0.113892 -1.390381 -0.145264 0.001465
-0.063110 0.141235 0.133667 -1.370239 -0.142456 0.106201
-0.088257 0.120728 0.144653 -1.361084 -0.105713 0.220703
-0.120239 0.085449 0.173218 -1.357910 -0.066284 0.359375
-0.145630 0.030273 0.203247 -1.342163 -0.060425 0.532593
-0.155273 -0.025513 0.218750 -1.298462 -0.074585 0.739624
-0.123291 -0.057983 0.230469 -1.220703 -0.112427 0.973999
-0.064941 -0.079712 0.257568 -1.114746 -0.186646 1.222778
0.043335 -0.106689 0.277954 -0.979858 -0.307251 1.466431
0.177734 -0.111816 0.286499 -0.837402 -0.421753 1.687378
0.330688 -0.117310 0.280029 -0.699951 -0.492188 1.884766
0.471924 -0.105347 0.269287 -0.568237 -0.493408 2.036865
0.567017 -0.098145 0.259399 -0.443726 -0.432251 2.116577
0.593628 -0.163696 0.180420 -0.318970 -0.389282 2.146484
0.626831 -0.241211 0.086548 -0.222534 -0.412720 2.220703
0.747925 -0.235229 0.029785 -0.161865 -0.447998 2.358521
0.881348 -0.199707 0.007324 -0.119507 -0.409302 2.462646
0.972290 -0.160400 -0.001709 -0.092163 -0.343018 2.478638
1.000000 -0.125977 -0.013062 -0.066040 -0.302979 2.422729
0.948242 -0.159790 -0.090332 -0.015869 -0.319580 2.317749
0.923706 -0.286133 -0.179199 0.021484 -0.471436 2.243530
1.020874 -0.361572 -0.186646 0.011230 -0.679565 2.263428
1.224854 -0.456543 -0.179443 0.006470 -0.734619 2.297241
1.290405 -0.472656 -0.112061 0.020508 -0.748901 2.297974
1.514038 -0.448730 -0.142456 0.071167 -0.542236 2.219482
1.483643 -0.452393 -0.084351 0.141235 -0.575195 2.045410
1.383057 -0.485352 -0.263062 0.234863 -0.508057 1.885132
1.434692 -0.608765 -0.371338 0.250610 0.485596 1.748413
1.450195 -0.744873 -0.253540 0.212524 0.805420 1.741699
1.440918 -0.798706 -0.219604 0.130127 0.286255 1.836426
