1.139526 -0.101563 0.189453 -0.006883 -0.188923 -0.306881
1.135010 -0.091064 0.171509 -0.035838 -0.045569 -0.368115
1.130249 -0.081543 0.161255 -0.078085 0.112025 -0.370726
1.120605 -0.072632 0.151855 -0.120569 0.211233 -0.322783
1.030762 -0.069824 0.072754 -0.167562 0.402766 -0.256565
0.931885 -0.045288 0.176880 -0.277213 0.574838 -0.109889
1.012329 -0.079956 0.246338 -0.264160 0.336549 0.119857
1.130615 -0.122070 0.249878 -0.135759 0.027769 0.252530
1.181885 -0.100952 0.252319 -0.013528 -0.095885 0.292878
1.207275 -0.102295 0.238403 0.080933 -0.112737 0.280774
1.219727 -0.075684 0.205078 0.198891 -0.002373 0.194856
1.200073 -0.077271 0.165894 0.242324 -0.030380 0.131487
1.208374 -0.075928 0.137817 0.255378 -0.089477 0.054351
1.218506 -0.078857 0.118896 0.239714 -0.160442 -0.030142
1.267212 -0.108643 0.133423 0.203163 -0.245410 -0.081170
1.328735 -0.114136 0.167847 0.182989 -0.355536 -0.125316
1.425415 -0.129761 0.208984 0.216692 -0.487734 -0.183701
1.519287 -0.158813 0.231079 0.300947 -0.601895 -0.277451
1.613281 -0.192627 0.233398 0.423178 -0.649363 -0.368115
1.722534 -0.207764 0.205933 0.569617 -0.633936 -0.449522
1.865234 -0.213989 0.155518 0.717005 -0.636309 -0.556800
1.994629 -0.208740 0.048584 0.834251 -0.553003 -0.741926
2.116333 -0.148926 0.003540 0.904029 -0.378795 -1.028395
2.166138 -0.116943 -0.142578 0.805296 -0.547781 -1.412649
2.158203 -0.106079 -0.238647 0.600708 -0.508620 -1.861697
2.109009 -0.111572 -0.295166 0.317799 -0.398020 -2.331868
2.017578 -0.123779 -0.300781 0.012342 -0.270093 -2.784002
1.879272 -0.124268 -0.297607 -0.280299 -0.153322 -3.200059
1.723755 -0.134277 -0.282349 -0.551104 -0.076661 -3.574582
1.537720 -0.149414 -0.276245 -0.800074 -0.034414 -3.893805
1.349121 -0.159180 -0.263672 -1.015579 -0.029193 -4.132569
1.170410 -0.151123 -0.238770 -1.211385 -0.052690 -4.260021
1.015381 -0.141113 -0.208130 -1.406241 -0.056012 -4.287077
0.881348 -0.108032 -0.160156 -1.566208 -0.082832 -4.260496
0.759644 -0.086914 -0.105713 -1.677046 -0.106566 -4.223708
0.625610 -0.089844 -0.052368 -1.745875 -0.039636 -4.182411
0.491699 -0.087646 -0.016602 -1.768660 0.100870 -4.105275
0.366821 -0.072388 0.038330 -1.758217 0.369301 -3.970228
0.179932 -0.030518 0.115723 -1.723802 0.669774 -3.805514
-0.022095 0.023560 0.179688 -1.630528 0.763761 -3.584313
-0.120850 0.050171 0.207153 -1.479579 0.705138 -3.288350
-0.223022 0.072266 0.260132 -1.316052 0.583620 -3.013747
-0.282837 0.112915 0.299683 -1.137097 0.369539 -2.691439
-0.333008 0.135620 0.318726 -0.959567 0.203875 -2.351093
-0.383667 0.150879 0.333008 -0.776577 0.122705 -2.008611
-0.424194 0.187866 0.335815 -0.589316 0.056487 -1.649990
-0.453369 0.217896 0.338257 -0.425314 -0.016614 -1.285198
-0.470093 0.233276 0.333374 -0.290979 -0.105854 -0.903554
-0.460571 0.271240 0.318359 -0.169698 -0.181565 -0.515740
-0.430786 0.314331 0.312622 -0.066455 -0.237578 -0.147863
-0.405273 0.348267 0.295532 0.020174 -0.307118 0.190110
-0.354858 0.369385 0.290039 0.113686 -0.381881 0.519301
-0.309814 0.368652 0.271484 0.218828 -0.445962 0.836862
-0.278564 0.360840 0.243896 0.316375 -0.474206 1.122620
-0.254272 0.339111 0.246094 0.394222 -0.473731 1.402444
-0.225220 0.312378 0.229370 0.482275 -0.478953 1.706477
-0.167603 0.278198 0.204224 0.569617 -0.446200 2.043262
-0.102539 0.228149 0.240356 0.654347 -0.382830 2.416361
-0.009644 0.193359 0.241089 0.800786 -0.425551 2.788036
0.080078 0.146973 0.225220 0.996355 -0.487734 3.148556
0.216797 0.098511 0.171997 1.217556 -0.671673 3.473238
0.302979 0.063477 0.123169 1.431637 -0.823333 3.750214
0.419678 0.003174 0.079224 1.624594 -0.960516 4.002269
0.524048 -0.019653 0.033936 1.807821 -1.228236 4.193803
0.711670 -0.056152 -0.001709 1.949276 -1.330292 4.337631
0.816772 -0.120361 -0.057373 1.950462 -0.723888 4.450367
0.921997 -0.152588 -0.113525 1.867868 -0.707274 4.582804
1.098511 -0.189697 -0.179688 1.795479 -0.951023 4.698626
1.302246 -0.228638 -0.265015 1.718818 -1.101496 4.748467
1.559937 -0.214478 -0.317505 1.584246 -1.278552 4.693642
1.814697 -0.151001 -0.333740 1.396036 -1.394374 4.473390
1.914185 -0.037231 -0.364746 1.197382 -1.387254 4.075370
1.910645 -0.001953 -0.446533 0.954345 -1.363045 3.594519
1.927490 -0.050903 -0.438599 0.617085 -1.181480 3.147370
1.854248 -0.085205 -0.405273 0.260362 -0.914235 2.707815
1.682495 -0.111084 -0.345337 -0.035601 -0.616610 2.377200
1.799561 -0.208984 -0.349731 -0.229271 -0.299523 2.210825
1.694336 -0.261475 -0.175903 -0.369539 -0.139081 2.052281
1.855835 -0.301392 -0.198853 -0.299523 -0.465424 1.936222
1.943115 -0.267212 -0.186035 -0.173496 -0.567955 1.802599
2.038086 -0.232788 -0.209961 -0.044620 -0.923254 1.584721
2.135864 -0.206055 -0.299683 0.107515 -1.339786 1.274280
2.168945 -0.199341 -0.392700 0.193907 -1.401020 0.886229
2.122681 -0.197388 -0.503174 0.135759 -1.174597 0.490582
2.038452 -0.199829 -0.556274 -0.060522 -0.835912 0.144066
1.963501 -0.200806 -0.552124 -0.303558 -0.564158 -0.148100
1.871338 -0.218018 -0.556641 -0.510756 -0.434570 -0.389475
1.791626 -0.225708 -0.558472 -0.678556 -0.438842 -0.583382
1.769287 -0.234619 -0.548828 -0.823096 -0.485361 -0.743824
1.739014 -0.235474 -0.532837 -0.934409 -0.527133 -0.909251
1.723145 -0.216309 -0.517212 -1.042161 -0.533066 -1.073965
1.706787 -0.208740 -0.504150 -1.171512 -0.472782 -1.246037
1.706055 -0.190552 -0.487183 -1.305846 -0.332276 -1.451810
1.656372 -0.184570 -0.481201 -1.439469 -0.117009 -1.716682
1.558228 -0.181396 -0.473877 -1.572617 0.093275 -2.004339
1.456787 -0.214355 -0.450684 -1.701018 0.215980 -2.248325
1.368408 -0.236938 -0.445557 -1.817315 0.297387 -2.411852
1.269165 -0.229248 -0.420288 -1.914149 0.309017 -2.522690
1.192749 -0.203247 -0.393433 -1.988437 0.290979 -2.622848
1.136719 -0.176880 -0.362671 -2.041126 0.162578 -2.716122
1.075195 -0.159302 -0.358154 -2.078626 -0.061946 -2.826248
1.059692 -0.124023 -0.290161 -2.147455 -0.282672 -2.935662
1.036011 -0.117310 -0.207886 -2.258055 -0.280299 -3.032734
0.938354 -0.118652 -0.141357 -2.367232 -0.088053 -3.136452
0.837646 -0.110718 -0.092651 -2.426330 0.163527 -3.226878
0.734009 -0.087646 -0.056152 -2.432026 0.414159 -3.278381
0.632690 -0.069458 -0.039917 -2.403545 0.601420 -3.314694
0.523071 -0.040283 -0.019897 -2.355365 0.690186 -3.335106
0.404297 -0.010620 -0.003418 -2.285112 0.654110 -3.332970
0.293091 0.005249 0.000000 -2.194448 0.487022 -3.295233
0.203857 0.036377 -0.011841 -2.092629 0.189635 -3.208129
0.179688 0.087769 0.033447 -2.027361 -0.086155 -3.065724
0.152466 0.106079 0.098755 -2.019291 -0.175157 -2.881074
0.088989 0.121094 0.191650 -2.024038 -0.061471 -2.664382
0.057251 0.146851 0.274780 -1.977994 0.224761 -2.402358
0.011841 0.184082 0.267334 -1.840099 0.473019 -2.155287
-0.030151 0.223022 0.261353 -1.679183 0.647464 -1.940019
-0.068115 0.229858 0.244263 -1.504500 0.605218 -1.747062
-0.119629 0.327271 0.223511 -1.293742 0.429823 -1.609404
-0.157104 0.324341 0.205200 -1.152287 0.133623 -1.445877
-0.141357 0.343994 0.196045 -1.038838 -0.209809 -1.276179
-0.155762 0.360229 0.188110 -0.965738 -0.398257 -1.109803
-0.166626 0.342285 0.214600 -0.946988 -0.460678 -0.916846
-0.164429 0.316895 0.245728 -0.935121 -0.468035 -0.681167
-0.155640 0.294067 0.279907 -0.907115 -0.402766 -0.429586
-0.164917 0.279907 0.298950 -0.849441 -0.300710 -0.182040
-0.170166 0.266968 0.303467 -0.756404 -0.227135 0.065743
-0.173462 0.271729 0.303223 -0.634885 -0.196518 0.304982
-0.180664 0.262329 0.301758 -0.496041 -0.210996 0.544459
-0.164429 0.265015 0.306396 -0.333700 -0.248733 0.815264
-0.117676 0.242798 0.312988 -0.130537 -0.337498 1.133300
-0.059448 0.223389 0.290649 0.099446 -0.465424 1.458693
0.002441 0.221680 0.260010 0.307356 -0.562496 1.790020
0.103149 0.224609 0.221191 0.471120 -0.539712 2.134876
0.205566 0.211426 0.247192 0.621357 -0.593588 2.462168
0.282104 0.221680 0.224365 0.805058 -0.576974 2.711138
0.384521 0.230957 0.225708 0.989234 -0.309966 2.937086
0.488403 0.191162 0.215454 1.160831 0.098259 3.177512
0.623657 0.118896 0.357178 1.272619 0.774679 3.444520
0.764648 0.130249 0.117065 1.428077 1.738992 3.740008
0.929810 0.091919 0.094482 1.402444 1.570243 3.998946
1.058228 0.097534 0.104126 1.385830 1.181955 4.174816
1.197754 0.145874 0.026611 1.481953 0.609727 4.233913
1.379395 0.228271 -0.084106 1.556003 0.117958 4.166271
1.531006 0.288818 -0.194092 1.484563 -0.183464 3.947206
1.668945 0.296387 -0.307739 1.272144 -0.367877 3.573870
1.750244 0.260986 -0.377197 0.935358 -0.505772 3.135028
1.757446 0.180176 -0.356689 0.538525 -0.516690 2.742704
1.790527 0.088013 -0.258179 0.211708 -0.595487 2.467627
1.911011 0.134766 -0.262207 0.081408 -0.644142 2.271109
