1.417480 -0.389648 -0.238770 0.465210 -0.526245 0.138062
1.335449 -0.501831 -0.354614 0.560425 -0.435059 0.263184
1.497559 -0.617798 -0.628784 0.575562 -0.341309 0.373413
1.472290 -0.640503 -0.449585 0.504761 -0.082153 0.393066
1.640625 -0.629028 -0.363770 0.556885 -0.193481 0.475342
1.807983 -0.660400 -0.474365 0.693237 -0.490112 0.480469
1.923096 -0.692139 -0.588989 0.787231 -0.697632 0.397827
1.998901 -0.726074 -0.647827 0.828979 -0.700317 0.269653
2.066772 -0.733887 -0.684692 0.845215 -0.627808 0.108032
2.111328 -0.743408 -0.731567 0.825928 -0.610840 -0.089233
2.026611 -0.776123 -0.677734 0.764893 -0.576782 -0.318604
1.940918 -0.785522 -0.701050 0.721069 -0.522339 -0.520752
1.854004 -0.749268 -0.721680 0.642578 -0.488037 -0.693359
1.769165 -0.727295 -0.721558 0.542358 -0.484253 -0.841431
1.731934 -0.708618 -0.742432 0.450073 -0.526978 -0.973511
1.753784 -0.660034 -0.794312 0.353394 -0.594727 -1.117432
1.763672 -0.585083 -0.867065 0.216919 -0.632568 -1.296509
1.694580 -0.515625 -0.912598 0.027466 -0.603882 -1.517822
1.582275 -0.477173 -0.938721 -0.212891 -0.535522 -1.750366
1.423828 -0.440063 -0.920166 -0.496094 -0.448242 -1.954102
1.257690 -0.448730 -0.854736 -0.790039 -0.329346 -2.114868
1.119019 -0.513794 -0.779419 -1.057129 -0.241333 -2.233398
1.001221 -0.577515 -0.704956 -1.286499 -0.215454 -2.306152
0.885132 -0.603027 -0.612671 -1.481812 -0.177246 -2.333618
0.772095 -0.609619 -0.520264 -1.629150 -0.078613 -2.325439
0.655762 -0.612671 -0.436279 -1.728149 0.021851 -2.287598
0.562500 -0.595581 -0.381348 -1.785400 0.095093 -2.221558
0.512695 -0.538940 -0.354004 -1.809448 0.132324 -2.144287
0.411133 -0.473267 -0.381348 -1.815308 0.169067 -2.080933
0.291138 -0.397583 -0.399780 -1.835327 0.224365 -2.016479
0.231812 -0.365356 -0.358765 -1.897949 0.281006 -1.919800
0.172852 -0.371582 -0.299194 -1.971313 0.301514 -1.809937
0.116821 -0.380493 -0.220703 -2.028687 0.299561 -1.691772
0.069824 -0.365845 -0.127808 -2.042725 0.289307 -1.562378
0.045410 -0.342041 -0.065796 -2.001343 0.302979 -1.434448
0.017944 -0.294922 -0.027466 -1.930542 0.315430 -1.321899
0.020996 -0.230103 -0.004761 -1.871460 0.269775 -1.214355
0.020264 -0.184692 0.041626 -1.826782 0.223877 -1.125244
-0.022583 -0.148193 0.078247 -1.776001 0.201416 -1.057495
-0.080078 -0.107178 0.089722 -1.718628 0.162720 -0.991699
-0.134888 -0.108887 0.113770 -1.661865 0.089966 -0.910645
-0.182129 -0.109741 0.175659 -1.595093 -0.003174 -0.797974
-0.195801 -0.104858 0.229858 -1.495483 -0.160156 -0.649170
-0.203247 -0.099731 0.239624 -1.367065 -0.308838 -0.482178
-0.212280 -0.087036 0.247437 -1.245728 -0.411255 -0.307495
-0.213013 -0.082031 0.256348 -1.144653 -0.491089 -0.116333
-0.196411 -0.091919 0.260986 -1.056030 -0.554199 0.094116
-0.164795 -0.096436 0.278320 -0.974243 -0.591675 0.322388
-0.138428 -0.115723 0.269897 -0.896729 -0.582031 0.563477
-0.101929 -0.152588 0.246216 -0.828125 -0.564331 0.821045
-0.030029 -0.168823 0.261353 -0.765991 -0.577637 1.087646
0.075317 -0.160645 0.304810 -0.693848 -0.598755 1.341797
0.185913 -0.152832 0.343140 -0.593506 -0.597046 1.566284
0.285645 -0.147705 0.366577 -0.457275 -0.583008 1.753174
0.348145 -0.157959 0.367676 -0.290649 -0.566040 1.906616
0.387817 -0.175537 0.373413 -0.092407 -0.567993 2.044312
0.427124 -0.224121 0.336548 0.137451 -0.616455 2.184082
0.493408 -0.247559 0.270752 0.373047 -0.703125 2.346802
0.541504 -0.307739 0.230957 0.599854 -0.812134 2.545654
0.670166 -0.465698 0.146240 0.824829 -0.909302 2.781250
0.907227 -0.579468 0.062256 1.030029 -0.960571 3.018188
1.166870 -0.620483 0.000488 1.210938 -0.893311 3.209473
1.401489 -0.622559 -0.087036 1.364624 -0.717041 3.294800
1.647339 -0.534180 -0.228149 1.475586 -0.489014 3.246338
1.683472 -0.354126 -0.372681 1.508667 -0.235718 3.054443
1.591431 -0.293091 -0.505371 1.448120 -0.032837 2.808228
1.473022 -0.361328 -0.589478 1.290161 0.145386 2.593506
1.370850 -0.447266 -0.613159 1.049316 0.333618 2.434814
1.242188 -0.513306 -0.604614 0.765503 0.512451 2.320435
1.145020 -0.618530 -0.579224 0.495850 0.604980 2.248901
1.262085 -0.897583 -0.538208 0.249268 0.664795 2.238403
1.449097 -0.985840 -0.437988 0.013428 0.749512 2.301514
1.698730 -1.203735 -0.252930 -0.207642 0.714600 2.249268
1.995239 -1.352905 -0.063721 -0.316040 0.502075 2.054565
2.173828 -1.391479 0.084961 -0.259155 0.150757 1.830566
2.311157 -1.360352 0.139771 -0.063232 -0.302734 1.595581
2.375732 -1.321899 0.121216 0.195801 -0.697754 1.336060
2.403564 -1.255737 0.050903 0.425659 -0.876465 1.089355
2.375977 -1.193970 -0.059082 0.559692 -0.811768 0.869019
2.382813 -1.131226 -0.172852 0.564697 -0.570068 0.678467
2.328247 -1.059204 -0.236816 0.455688 -0.256714 0.468506
2.259277 -1.026123 -0.304443 0.280396 0.020508 0.229736
2.112061 -1.018188 -0.290039 0.095337 0.037964 -0.020996
1.941772 -1.032227 -0.272705 -0.023560 -0.029541 -0.272705
1.764648 -1.073730 -0.271484 -0.059082 -0.188354 -0.491211
1.614990 -1.107422 -0.293335 -0.041382 -0.366211 -0.649902
1.525269 -1.121948 -0.298096 -0.017090 -0.519897 -0.753662
1.508057 -1.121338 -0.280396 -0.022827 -0.598511 -0.829346
1.528198 -1.093018 -0.219116 -0.063965 -0.598389 -0.900024
1.541626 -1.045898 -0.121338 -0.105835 -0.562012 -0.977295
1.547729 -1.015625 -0.051758 -0.108887 -0.474609 -1.065796
1.510742 -0.983032 -0.024536 -0.079956 -0.321899 -1.169067
1.454956 -0.951782 -0.035278 -0.039429 -0.136108 -1.266357
1.367676 -0.931519 -0.057373 -0.003418 0.052734 -1.343506
1.291138 -0.886108 -0.093750 0.023560 0.201904 -1.401245
1.223389 -0.817139 -0.133667 0.049561 0.275146 -1.454468
1.180420 -0.769897 -0.187866 0.070435 0.276001 -1.510864
1.153931 -0.710327 -0.249878 0.067017 0.221436 -1.574707
1.127075 -0.642456 -0.298584 0.030762 0.115601 -1.650269
1.080078 -0.604614 -0.321411 -0.042603 -0.028564 -1.732300
1.092407 -0.527710 -0.343994 -0.147461 -0.199097 -1.817383
1.055786 -0.480957 -0.337524 -0.280884 -0.239502 -1.919189
0.957397 -0.488892 -0.301270 -0.430298 -0.253540 -2.014038
0.869873 -0.489380 -0.238892 -0.574097 -0.246582 -2.074829
0.765991 -0.488037 -0.168701 -0.681885 -0.204346 -2.118042
0.669678 -0.476685 -0.119019 -0.737793 -0.183350 -2.130615
0.590698 -0.466064 -0.098633 -0.749146 -0.185791 -2.112305
0.540039 -0.439575 -0.083008 -0.744141 -0.196167 -2.068604
0.488281 -0.382324 -0.098877 -0.723389 -0.188354 -2.017212
0.461426 -0.349976 -0.123169 -0.714966 -0.187256 -1.950562
0.449585 -0.271484 -0.129028 -0.741943 -0.183228 -1.864258
0.428711 -0.183838 -0.113159 -0.782593 -0.139526 -1.787842
0.398193 -0.106201 -0.114014 -0.813110 -0.076904 -1.741699
0.341919 -0.061279 -0.115479 -0.844116 -0.026489 -1.719360
0.262451 -0.025513 -0.105469 -0.883667 0.022827 -1.700684
0.186279 -0.008301 -0.087036 -0.923096 0.066162 -1.661865
0.104858 0.002441 -0.070435 -0.956177 0.103516 -1.600830
0.028076 0.003540 -0.048462 -0.979126 0.120972 -1.515625
-0.044678 0.018188 -0.032593 -0.985962 0.111084 -1.409302
-0.096436 0.027954 -0.012573 -0.982910 0.059082 -1.281860
-0.122314 0.020386 0.000366 -0.978516 -0.038208 -1.131592
-0.121948 0.032837 0.028809 -0.985840 -0.157715 -0.956299
-0.109619 0.053101 0.079102 -0.999146 -0.251221 -0.769531
-0.088501 0.070679 0.138306 -0.998169 -0.301270 -0.591675
-0.063232 0.093750 0.180176 -0.969116 -0.334106 -0.435059
-0.065186 0.098999 0.204468 -0.914429 -0.358765 -0.299194
-0.051880 0.099243 0.207031 -0.848999 -0.370972 -0.165161
-0.040039 0.104980 0.199219 -0.785400 -0.366821 -0.028320
-0.032715 0.100098 0.183594 -0.720581 -0.360596 0.105591
-0.027344 0.064453 0.158936 -0.661133 -0.363647 0.245972
0.009888 0.031860 0.142822 -0.615845 -0.383423 0.413452
0.075317 -0.002930 0.142944 -0.585571 -0.409912 0.610107
0.177368 -0.019897 0.149902 -0.569580 -0.424805 0.818970
0.273804 -0.025024 0.174683 -0.563965 -0.414063 1.015503
0.359619 -0.022339 0.202759 -0.553101 -0.371826 1.176758
0.426636 -0.001221 0.241821 -0.529297 -0.308716 1.295898
0.471802 0.029175 0.275757 -0.473755 -0.237549 1.370117
0.492676 0.040894 0.281616 -0.363770 -0.188477 1.401489
0.508057 -0.023193 0.210815 -0.198486 -0.206665 1.414185
0.577515 -0.121826 0.104736 -0.024292 -0.325317 1.459717
0.706665 -0.196655 -0.005249 0.102783 -0.480591 1.569458
0.874390 -0.312744 -0.113892 0.143311 -0.600464 1.739990
1.067383 -0.390869 -0.137817 0.092163 -0.599487 1.949951
1.249268 -0.374756 -0.074341 -0.002319 -0.491089 2.154175
1.383301 -0.286621 0.000488 -0.091675 -0.290649 2.282227
1.413330 -0.217773 0.088745 -0.174683 -0.044067 2.281616
1.369873 -0.171631 0.171631 -0.207642 0.156982 2.147949
1.283813 -0.186646 0.190430 -0.140625 0.237549 1.948120
1.170776 -0.246948 0.097656 0.025391 0.138672 1.750244
1.100586 -0.411743 -0.098755 0.235229 -0.124023 1.603516
