0.936279 0.100708 -0.295166 -0.309017 -0.445013 -0.395409
0.933960 0.051758 -0.245483 -0.236866 -0.530930 -0.438605
0.920166 0.041748 -0.248779 -0.102056 -0.714394 -0.476579
0.915283 0.051880 -0.243530 0.076186 -0.774916 -0.497228
0.904541 0.064209 -0.255493 0.254191 -0.735280 -0.483700
0.890869 0.068481 -0.281006 0.402766 -0.609727 -0.432671
0.893311 0.118164 -0.285034 0.503161 -0.358858 -0.358384
0.885498 0.148926 -0.325806 0.564395 -0.196755 -0.250869
0.847900 0.184814 -0.338623 0.591927 -0.030380 -0.124129
0.763550 0.103271 -0.317383 0.595012 0.079746 0.036788
0.781616 0.139160 -0.319458 0.586943 -0.030142 0.202451
0.820435 0.222412 -0.394043 0.614949 -0.092563 0.408700
0.844360 0.227295 -0.419067 0.684727 -0.018513 0.640344
0.895508 0.198608 -0.427490 0.721752 0.154271 0.856561
0.961182 0.182007 -0.441162 0.685439 0.306644 0.975943
1.026611 0.168335 -0.459961 0.605930 0.370726 0.989709
1.047119 0.154053 -0.476929 0.524759 0.401817 0.920643
1.060303 0.138428 -0.477783 0.461152 0.414159 0.799125
1.055054 0.129028 -0.469604 0.423890 0.349365 0.656483
1.062012 0.122681 -0.463135 0.422703 0.230695 0.539474
1.073364 0.129883 -0.449341 0.460203 0.079272 0.476817
1.124512 0.149536 -0.459473 0.522386 -0.090189 0.478715
1.181396 0.184326 -0.482788 0.583857 -0.237103 0.514791
1.256592 0.199951 -0.517700 0.630138 -0.341770 0.546357
1.352539 0.199219 -0.576050 0.659806 -0.480851 0.544221
1.455322 0.191650 -0.651611 0.696831 -0.667876 0.505535
1.567017 0.167969 -0.737915 0.762337 -0.891687 0.414396
1.727661 0.182373 -0.852905 0.837574 -1.160357 0.253005
1.856323 0.231201 -0.979736 0.862020 -1.415260 -0.017801
1.911011 0.225342 -1.090820 0.761625 -1.511146 -0.433146
1.847046 0.166992 -1.205078 0.498889 -1.434959 -0.960279
1.774902 0.192017 -1.219238 0.121993 -1.251970 -1.477443
1.659668 0.195190 -1.231323 -0.296201 -1.066133 -1.848643
1.527588 0.138672 -1.202515 -0.676420 -0.758302 -2.040414
1.398071 0.105347 -1.143311 -0.998728 -0.345093 -2.131790
1.264038 0.124146 -1.066772 -1.283774 -0.051978 -2.193499
1.198608 0.122192 -1.007813 -1.546984 0.021835 -2.245714
1.107056 0.049683 -0.949463 -1.789071 0.112262 -2.268024
1.001587 -0.007080 -0.860718 -2.027123 0.297387 -2.261378
0.903320 -0.034790 -0.779297 -2.242154 0.438842 -2.229575
0.828979 -0.050659 -0.718018 -2.373403 0.476105 -2.149828
0.776489 -0.051392 -0.654785 -2.417311 0.424839 -2.041126
0.745117 -0.036621 -0.616943 -2.444605 0.346279 -1.939545
0.688843 -0.026123 -0.569824 -2.507500 0.340821 -1.868105
0.622070 -0.031738 -0.525879 -2.594367 0.440266 -1.817552
0.534912 -0.058594 -0.483521 -2.666993 0.536864 -1.757030
0.467529 -0.046143 -0.431519 -2.704493 0.569617 -1.663518
0.411011 -0.052612 -0.363403 -2.703780 0.587180 -1.530845
0.376587 -0.046265 -0.307983 -2.654651 0.599284 -1.372064
0.321411 -0.030029 -0.272949 -2.540016 0.564870 -1.219929
0.277222 -0.007813 -0.284302 -2.388118 0.447624 -1.081560
0.225708 0.030518 -0.278931 -2.268261 0.307830 -0.943428
0.179688 0.065430 -0.254028 -2.226489 0.250869 -0.789156
0.127319 0.063110 -0.218140 -2.222217 0.220726 -0.632512
0.094116 0.053345 -0.182495 -2.188515 0.153322 -0.484412
0.064331 0.056519 -0.130371 -2.102123 0.041297 -0.336074
0.043335 0.053711 -0.081787 -1.976807 -0.072389 -0.181803
0.030762 0.071289 -0.027588 -1.820637 -0.169224 -0.012104
0.018311 0.079956 -0.002319 -1.643344 -0.227847 0.176106
0.033203 0.098145 0.023071 -1.455845 -0.243511 0.380219
0.058472 0.139038 0.011353 -1.295166 -0.238290 0.585993
0.073120 0.183105 -0.016602 -1.191211 -0.214556 0.767084
0.094360 0.212646 -0.023193 -1.162018 -0.187024 0.919219
0.108398 0.213623 -0.007568 -1.175546 -0.127926 1.045959
0.117554 0.207153 0.015015 -1.183616 -0.143116 1.133537
0.136230 0.199219 0.036743 -1.157034 -0.256090 1.192398
0.167969 0.192993 0.066162 -1.086069 -0.428874 1.256005
0.223145 0.183228 0.097656 -0.967874 -0.628240 1.323647
0.278320 0.167847 0.103027 -0.812416 -0.821909 1.389390
0.349487 0.170776 0.087036 -0.637733 -1.025073 1.444928
0.445923 0.174561 0.053345 -0.477529 -1.172224 1.527522
0.525635 0.158936 -0.001587 -0.351264 -1.180056 1.617949
0.607056 0.149536 -0.046143 -0.247071 -1.119534 1.685828
0.677246 0.165527 -0.097412 -0.169461 -1.058300 1.728549
0.735596 0.167603 -0.134521 -0.120332 -0.964551 1.760828
0.785767 0.179688 -0.148438 -0.091613 -0.891687 1.774356
0.849121 0.185547 -0.152466 -0.079272 -0.834014 1.780527
0.911743 0.156982 -0.134644 -0.079272 -0.747859 1.780764
0.971680 0.147461 -0.100220 -0.075000 -0.681404 1.752046
1.018921 0.120239 -0.070068 -0.033228 -0.692796 1.683217
1.076172 0.113892 -0.039429 0.059810 -0.759964 1.583060
1.126587 0.120972 -0.019531 0.185125 -0.845881 1.476257
1.152100 0.107300 -0.028809 0.333226 -0.901893 1.367792
1.162598 0.078003 -0.076904 0.492481 -0.950785 1.287334
1.194458 0.097778 -0.135010 0.631088 -0.984962 1.261938
1.248047 0.133667 -0.192505 0.728635 -0.958143 1.275704
1.295898 0.166748 -0.242920 0.760676 -0.846593 1.277128
1.307373 0.202026 -0.261597 0.734568 -0.675233 1.250309
1.301514 0.222168 -0.264160 0.709647 -0.544933 1.203315
1.319946 0.222412 -0.262817 0.729109 -0.542797 1.141132
1.342651 0.233765 -0.280640 0.789156 -0.607354 1.065421
1.359863 0.231445 -0.307861 0.864868 -0.660043 0.985200
1.364380 0.250488 -0.355957 0.933222 -0.675233 0.924440
1.377808 0.265381 -0.417847 0.975943 -0.651024 0.910200
1.384644 0.281372 -0.486450 0.981402 -0.599047 0.918032
1.402344 0.300049 -0.548706 0.942478 -0.529981 0.913997
1.410400 0.316528 -0.609009 0.872226 -0.482275 0.895960
1.435791 0.325439 -0.649048 0.798175 -0.464238 0.876260
1.471069 0.327881 -0.685547 0.726973 -0.447861 0.849916
1.513550 0.328003 -0.705933 0.668350 -0.434095 0.798887
1.553467 0.320068 -0.737183 0.644142 -0.433383 0.719378
1.570801 0.302979 -0.770630 0.664315 -0.493905 0.612338
1.625732 0.300415 -0.832764 0.707037 -0.599522 0.483462
1.658081 0.305664 -0.918579 0.721277 -0.680692 0.343906
1.676270 0.303345 -1.019043 0.657907 -0.679031 0.200553
1.700317 0.315186 -1.106323 0.519063 -0.690660 0.057911
1.729980 0.318481 -1.147217 0.345567 -0.704663 -0.101582
1.749878 0.313965 -1.188354 0.164477 -0.742163 -0.304270
1.757935 0.314453 -1.222168 -0.017326 -0.781087 -0.537338
1.740601 0.310913 -1.240234 -0.214081 -0.780612 -0.780850
1.698608 0.300293 -1.246094 -0.443826 -0.739315 -1.028633
1.609619 0.280029 -1.216187 -0.693983 -0.658619 -1.252919
1.513306 0.252441 -1.157593 -0.936545 -0.552291 -1.427602
1.396729 0.222656 -1.081543 -1.144455 -0.436231 -1.557427
1.291260 0.199463 -1.003906 -1.310593 -0.336549 -1.649040
1.173706 0.175903 -0.936157 -1.448013 -0.252530 -1.701730
1.090454 0.157593 -0.870972 -1.573091 -0.185125 -1.725939
1.014404 0.144043 -0.805054 -1.685591 -0.132436 -1.736856
0.951050 0.137573 -0.738892 -1.789546 -0.063370 -1.740179
0.859619 0.113403 -0.675903 -1.878548 0.022310 -1.732821
0.750854 0.092529 -0.628296 -1.946902 0.069778 -1.697220
0.670654 0.087280 -0.578735 -1.998643 0.064082 -1.604183
0.606812 0.093140 -0.523071 -2.046111 0.095885 -1.465102
0.556763 0.097656 -0.472412 -2.088832 0.175394 -1.325783
0.497559 0.100586 -0.442993 -2.103784 0.243986 -1.207113
0.441162 0.115479 -0.427368 -2.082661 0.279350 -1.091765
0.374878 0.136719 -0.415405 -2.043737 0.283384 -0.979266
0.326172 0.141602 -0.419678 -2.015494 0.267957 -0.872700
0.268799 0.147461 -0.420410 -2.010035 0.224287 -0.769932
0.243652 0.145752 -0.409302 -2.032820 0.133860 -0.666689
0.208740 0.139526 -0.373047 -2.066047 0.052215 -0.563920
0.197388 0.132690 -0.321411 -2.084085 0.008307 -0.455693
0.164063 0.133057 -0.285889 -2.062724 -0.007832 -0.343906
0.138428 0.133911 -0.262939 -2.006475 -0.023259 -0.228321
0.117676 0.136230 -0.237305 -1.938358 -0.066455 -0.115347
0.123413 0.130981 -0.195068 -1.874039 -0.105616 -0.005221
0.134521 0.117188 -0.151489 -1.796903 -0.131012 0.093275
0.140503 0.105103 -0.108398 -1.692711 -0.164714 0.171122
0.135620 0.095215 -0.089111 -1.553867 -0.231644 0.238764
0.124146 0.096680 -0.081665 -1.408852 -0.311390 0.318985
0.126587 0.105225 -0.091553 -1.297302 -0.371912 0.424839
0.132446 0.114868 -0.089600 -1.236068 -0.385678 0.546832
0.161621 0.129395 -0.065796 -1.205689 -0.376659 0.670249
0.186768 0.129517 -0.037231 -1.173648 -0.366691 0.775391
0.214355 0.133179 -0.006104 -1.119297 -0.357197 0.868665
0.240479 0.134155 -0.002563 -1.048095 -0.322071 0.974282
0.291382 0.140381 0.006226 -0.983538 -0.258464 1.109329
0.343872 0.153442 0.011963 -0.926814 -0.186312 1.239628
0.417480 0.174072 0.021240 -0.867004 -0.138132 1.341685
0.479004 0.177734 0.026367 -0.796277 -0.087816 1.409327
