1.531982 -0.621338 -0.143066 0.342041 -0.483154 -0.223999
1.565308 -0.625977 -0.215454 0.407959 -0.466675 -0.252686
1.562378 -0.529053 -0.258789 0.462524 -0.503784 -0.260864
1.586670 -0.626221 -0.489624 0.493774 -0.573120 -0.241699
1.569214 -0.697144 -0.523315 0.405884 -0.392700 -0.267944
1.670288 -0.689941 -0.383057 0.326294 -0.277832 -0.252319
1.845337 -0.702759 -0.368286 0.339844 -0.396973 -0.271362
1.938232 -0.714966 -0.409790 0.367432 -0.537476 -0.374146
1.983276 -0.702515 -0.438110 0.359863 -0.518433 -0.511963
1.979980 -0.690063 -0.450928 0.325195 -0.419312 -0.677612
1.901123 -0.688843 -0.456299 0.288696 -0.342407 -0.876953
1.818726 -0.667358 -0.480347 0.264526 -0.318359 -1.090332
1.696289 -0.628906 -0.520996 0.244141 -0.327026 -1.303345
1.586548 -0.577881 -0.563721 0.202026 -0.325195 -1.498657
1.536621 -0.514526 -0.621948 0.129883 -0.313354 -1.684692
1.517700 -0.450562 -0.708984 0.023315 -0.301392 -1.884399
1.443481 -0.407471 -0.800171 -0.138184 -0.266846 -2.098877
1.325928 -0.414429 -0.839966 -0.368042 -0.196655 -2.298706
1.164917 -0.427856 -0.821045 -0.641968 -0.116577 -2.458008
0.988770 -0.456543 -0.759399 -0.903320 -0.039917 -2.557617
0.804443 -0.507935 -0.739502 -1.129272 -0.008789 -2.587158
0.696411 -0.506836 -0.668335 -1.331909 -0.022827 -2.543457
0.613770 -0.505737 -0.572510 -1.494385 -0.032471 -2.455688
0.559692 -0.488892 -0.503296 -1.609131 -0.016479 -2.343018
0.539551 -0.416748 -0.480225 -1.694580 0.024902 -2.227783
0.481934 -0.338623 -0.475342 -1.784424 0.091187 -2.133423
0.427002 -0.296387 -0.433228 -1.897705 0.200562 -2.050415
0.317749 -0.299805 -0.358276 -2.008179 0.330811 -1.973999
0.192383 -0.330200 -0.268066 -2.070923 0.412476 -1.881348
0.103149 -0.350952 -0.165039 -2.072754 0.435059 -1.753174
0.031738 -0.340332 -0.072754 -2.013062 0.426392 -1.597168
-0.020996 -0.311401 0.013916 -1.904419 0.392212 -1.421021
-0.069336 -0.288452 0.087891 -1.773926 0.360474 -1.239746
-0.108032 -0.251221 0.153564 -1.636108 0.308960 -1.052612
-0.147583 -0.188965 0.221069 -1.502930 0.241089 -0.856323
-0.146484 -0.134033 0.251221 -1.371948 0.159058 -0.648315
-0.144165 -0.110229 0.264526 -1.253784 0.134155 -0.450439
-0.152344 -0.093018 0.292603 -1.151367 0.160522 -0.272827
-0.168091 -0.061157 0.329224 -1.056152 0.172485 -0.092896
-0.189087 -0.042114 0.354248 -0.952515 0.166382 0.077759
-0.215088 -0.062134 0.374268 -0.836792 0.144165 0.250366
-0.222290 -0.090332 0.389160 -0.720703 0.123657 0.459229
-0.204590 -0.094849 0.404053 -0.606567 0.115601 0.709595
-0.171997 -0.104248 0.413086 -0.485718 0.120361 0.979858
-0.119507 -0.131348 0.398804 -0.351807 0.114868 1.259521
-0.060913 -0.175171 0.370239 -0.213867 0.068237 1.549072
0.017334 -0.218384 0.330444 -0.065796 -0.015015 1.844238
0.134766 -0.250732 0.296509 0.087769 -0.119141 2.133179
0.258789 -0.296387 0.257446 0.244507 -0.210449 2.388672
0.382446 -0.296143 0.200073 0.394775 -0.296875 2.598755
0.509888 -0.283936 0.137451 0.512573 -0.397217 2.752686
0.653442 -0.298218 0.068604 0.599365 -0.468506 2.856567
0.794067 -0.304443 0.044678 0.665771 -0.545410 2.895264
0.900269 -0.312988 0.020508 0.744751 -0.662842 2.860474
0.947876 -0.365112 -0.071655 0.833984 -0.775391 2.793579
0.992310 -0.357422 -0.123291 0.884644 -0.815796 2.746948
1.083984 -0.387329 -0.114380 0.870972 -0.763916 2.742554
1.222412 -0.432617 -0.084839 0.824951 -0.644409 2.743896
1.351318 -0.492920 -0.061646 0.789063 -0.490601 2.694336
1.383179 -0.542969 -0.052979 0.768799 -0.358765 2.588501
1.361816 -0.607178 -0.067383 0.767700 -0.284302 2.471436
1.392456 -0.675049 -0.071289 0.767456 -0.272949 2.376221
1.487549 -0.874268 -0.083984 0.753662 -0.270630 2.306519
1.592896 -0.933472 -0.082153 0.745972 -0.304321 2.238892
1.720093 -0.975220 -0.111328 0.706909 -0.399414 2.146240
1.943970 -1.015259 -0.122803 0.617310 -0.526489 2.040405
2.164307 -1.015381 -0.121826 0.513184 -0.670288 1.856079
2.298828 -1.004272 -0.156494 0.410400 -0.859741 1.580200
2.388794 -1.020752 -0.223511 0.321533 -1.068237 1.266235
2.461060 -1.051514 -0.313599 0.223389 -1.260498 0.955688
2.542480 -1.056641 -0.377197 0.093994 -1.371338 0.660645
2.623413 -1.011353 -0.414307 -0.063477 -1.382324 0.352661
2.667114 -0.983398 -0.423218 -0.229126 -1.370483 0.017700
2.611572 -0.953613 -0.429932 -0.379761 -1.293945 -0.344604
2.542480 -0.966553 -0.449097 -0.508057 -1.193726 -0.698853
2.421021 -0.993286 -0.469238 -0.612305 -1.046509 -1.043213
2.245483 -0.978882 -0.496948 -0.687622 -0.843262 -1.355713
2.094482 -0.966919 -0.540283 -0.734009 -0.690796 -1.616211
1.938354 -0.965576 -0.608154 -0.778809 -0.613892 -1.832031
1.770264 -0.952393 -0.661377 -0.844971 -0.587158 -1.998169
1.672119 -0.954468 -0.715942 -0.938965 -0.611938 -2.099609
1.601929 -0.900635 -0.743042 -1.038452 -0.625244 -2.182373
1.510742 -0.853027 -0.741821 -1.139893 -0.634644 -2.256348
1.426392 -0.810547 -0.710693 -1.235962 -0.645996 -2.313110
1.361694 -0.754517 -0.692993 -1.313843 -0.660889 -2.361938
1.309937 -0.696777 -0.671631 -1.376221 -0.673096 -2.411133
1.255981 -0.636353 -0.664673 -1.427124 -0.659058 -2.460938
1.176636 -0.631226 -0.644165 -1.475830 -0.611694 -2.497559
1.046997 -0.597290 -0.606445 -1.521606 -0.470459 -2.511841
0.913818 -0.554565 -0.544922 -1.558960 -0.304688 -2.480957
0.818726 -0.503906 -0.495117 -1.593384 -0.236450 -2.386353
0.758789 -0.441284 -0.453491 -1.638428 -0.235962 -2.257446
0.709473 -0.352539 -0.396362 -1.683594 -0.215942 -2.129761
0.634155 -0.264893 -0.334229 -1.704346 -0.166870 -2.028809
0.528320 -0.171753 -0.270630 -1.699219 -0.119629 -1.950562
0.403442 -0.130249 -0.207153 -1.672241 -0.089355 -1.875366
0.325684 -0.107056 -0.182007 -1.629150 -0.093506 -1.787109
0.262695 -0.077393 -0.163940 -1.577026 -0.102051 -1.696045
0.193604 -0.044678 -0.144043 -1.518799 -0.102661 -1.601563
0.130859 -0.017090 -0.122559 -1.457397 -0.097046 -1.494629
0.083740 0.002808 -0.086426 -1.399780 -0.081543 -1.374146
0.051636 0.019409 -0.056641 -1.338013 -0.082520 -1.241699
0.027588 0.044678 -0.033325 -1.270142 -0.112793 -1.098755
0.022095 0.082031 0.008057 -1.194824 -0.154785 -0.952393
0.013672 0.122925 0.033691 -1.110107 -0.167603 -0.816772
0.009644 0.146484 0.040405 -1.024658 -0.169556 -0.699585
0.009521 0.171143 0.033691 -0.955444 -0.190918 -0.584839
-0.000977 0.183960 0.029419 -0.912231 -0.210815 -0.474365
-0.008789 0.185181 0.033691 -0.882935 -0.213867 -0.358521
-0.005127 0.186035 0.041748 -0.861206 -0.197632 -0.225586
-0.012451 0.206177 0.064209 -0.838379 -0.158569 -0.093384
-0.033936 0.218018 0.091431 -0.810791 -0.095337 0.024902
-0.078979 0.222534 0.102905 -0.779175 -0.025146 0.135010
-0.127319 0.205078 0.108887 -0.740723 0.042358 0.254517
-0.155151 0.169189 0.105469 -0.689819 0.073975 0.392334
-0.159912 0.133301 0.105103 -0.627808 0.052856 0.553711
-0.133911 0.104492 0.094482 -0.556152 -0.002075 0.736084
-0.092041 0.068726 0.087036 -0.481445 -0.064209 0.938354
-0.037476 0.033569 0.071045 -0.406860 -0.125977 1.156982
0.018188 -0.001709 0.050781 -0.340576 -0.180054 1.388306
0.105469 -0.012817 0.045898 -0.282715 -0.219238 1.620850
0.206055 -0.027832 0.039551 -0.241577 -0.232422 1.831665
0.322998 -0.047974 0.024414 -0.220093 -0.226807 2.018066
0.442871 -0.038452 0.036865 -0.205811 -0.195190 2.172363
0.556396 -0.055786 0.035645 -0.197021 -0.139038 2.276123
0.636597 -0.121094 0.030884 -0.201172 -0.090332 2.338867
0.687988 -0.167969 0.034546 -0.204468 -0.052612 2.394531
0.741455 -0.210449 0.059448 -0.194336 -0.002686 2.460327
0.813110 -0.296509 0.087891 -0.170410 0.030396 2.530151
0.901978 -0.346436 0.116089 -0.117310 0.015625 2.595093
0.986938 -0.446899 0.113892 -0.009521 -0.067993 2.640747
1.105713 -0.490967 0.126099 0.132446 -0.217773 2.694458
1.286133 -0.495728 0.101318 0.296753 -0.421387 2.737061
1.532104 -0.524292 0.018677 0.446289 -0.593994 2.704102
1.677490 -0.442871 -0.073120 0.533936 -0.620239 2.571045
1.673462 -0.347900 -0.175049 0.556763 -0.462891 2.348877
1.564575 -0.355835 -0.294800 0.494751 -0.279297 2.118164
1.464844 -0.347412 -0.362183 0.361694 -0.187500 1.962891
1.421387 -0.447998 -0.390137 0.223999 -0.104004 1.852661
1.410645 -0.571411 -0.352905 0.090454 0.087036 1.756592
1.464722 -0.565674 -0.247803 0.006104 0.282471 1.692139
1.531250 -0.653076 -0.197021 -0.009155 0.386963 1.609375
1.602417 -0.709595 -0.155151 -0.000488 0.337280 1.514526
1.657104 -0.666626 -0.104492 0.034058 0.250854 1.412231
1.667480 -0.664917 -0.126343 0.098022 0.148560 1.267212
1.641602 -0.681641 -0.169434 0.139893 0.005493 1.100952
1.615356 -0.667114 -0.204102 0.123901 -0.062500 0.966431
1.571167 -0.696777 -0.229614 0.057495 -0.010620 0.858154
1.486084 -0.714600 -0.229126 -0.042236 0.080933 0.772705
1.394531 -0.713501 -0.223877 -0.130737 0.140991 0.713989
