1.219360 -0.308105 -0.127686 -0.054077 -0.235718 -0.083496
1.286987 -0.307861 -0.020386 -0.009277 -0.173950 -0.043335
1.378418 -0.309692 -0.114380 0.098145 -0.360474 0.016479
1.300781 -0.397827 -0.275879 0.177246 -0.344238 0.063843
1.400024 -0.376099 -0.235107 0.201660 -0.115723 0.172852
1.673584 -0.346191 -0.330688 0.277710 -0.094604 0.295166
1.902832 -0.327271 -0.488037 0.328003 -0.180786 0.305298
2.089844 -0.302612 -0.586792 0.309082 -0.167847 0.229492
2.216064 -0.297363 -0.634399 0.252075 -0.078979 0.088013
2.267334 -0.337646 -0.679565 0.199585 -0.011353 -0.102417
2.265625 -0.385986 -0.704102 0.151978 0.020020 -0.304321
2.231445 -0.408813 -0.687500 0.101196 0.070801 -0.501709
2.187744 -0.411377 -0.667236 0.048462 0.124390 -0.702393
2.108154 -0.407715 -0.670776 -0.004517 0.136719 -0.910522
1.990356 -0.399292 -0.706177 -0.058594 0.112671 -1.120972
1.868530 -0.389404 -0.761230 -0.116699 0.087646 -1.310425
1.753662 -0.367188 -0.817505 -0.189209 0.085083 -1.475342
1.622192 -0.351318 -0.858398 -0.291382 0.119751 -1.619141
1.506226 -0.345093 -0.908936 -0.422485 0.162109 -1.733154
1.384155 -0.330322 -0.937256 -0.580688 0.213013 -1.824829
1.253052 -0.322754 -0.941406 -0.765015 0.307007 -1.898193
1.102417 -0.328857 -0.908813 -0.968872 0.433472 -1.947510
0.956421 -0.361572 -0.866577 -1.173218 0.565430 -1.972534
0.733765 -0.393433 -0.831665 -1.362915 0.673218 -1.974731
0.591797 -0.373047 -0.695068 -1.534180 0.757568 -1.928589
0.488892 -0.441284 -0.571167 -1.661377 0.806030 -1.844727
0.386719 -0.480103 -0.432739 -1.734985 0.838989 -1.766968
0.309814 -0.495972 -0.299683 -1.758667 0.795410 -1.664795
0.235596 -0.480713 -0.152100 -1.734497 0.706787 -1.552368
0.193848 -0.464600 -0.021729 -1.662964 0.621460 -1.455322
0.128418 -0.437500 0.090088 -1.567871 0.558960 -1.373047
0.053833 -0.412598 0.179443 -1.461426 0.505859 -1.279053
-0.001831 -0.381714 0.264893 -1.347534 0.464722 -1.158691
-0.058350 -0.355957 0.319824 -1.216187 0.429077 -1.027344
-0.101929 -0.338013 0.360474 -1.073364 0.388062 -0.883423
-0.127441 -0.315430 0.383423 -0.932007 0.338501 -0.728760
-0.144653 -0.280884 0.414063 -0.790894 0.295166 -0.559814
-0.152710 -0.241455 0.433350 -0.649170 0.259155 -0.388672
-0.153687 -0.209473 0.443237 -0.511963 0.215698 -0.225830
-0.141479 -0.182129 0.448975 -0.379150 0.152588 -0.072998
-0.127075 -0.160522 0.441528 -0.244629 0.079346 0.067017
-0.104492 -0.151733 0.437744 -0.114014 0.007324 0.197510
-0.083008 -0.153320 0.428467 0.012451 -0.062744 0.321167
-0.069580 -0.167725 0.412476 0.148560 -0.144043 0.445190
-0.054688 -0.183350 0.382568 0.293579 -0.236206 0.577515
-0.020630 -0.219116 0.336914 0.427612 -0.340332 0.725952
0.038940 -0.252686 0.292603 0.536377 -0.434082 0.899658
0.115112 -0.282104 0.250732 0.620483 -0.485962 1.105591
0.203735 -0.305542 0.202881 0.696167 -0.484009 1.325928
0.294800 -0.330444 0.166992 0.766724 -0.448975 1.534546
0.387451 -0.329346 0.136841 0.828979 -0.413696 1.716553
0.449585 -0.330444 0.105103 0.895264 -0.406372 1.865479
0.508667 -0.317627 0.062256 0.977051 -0.439575 1.976563
0.563721 -0.298706 0.003418 1.078857 -0.526978 2.033936
0.594482 -0.306641 -0.066040 1.182617 -0.653198 2.048950
0.612793 -0.347900 -0.146851 1.291138 -0.788452 2.058472
0.644409 -0.418213 -0.248535 1.400513 -0.927124 2.097290
0.730103 -0.525391 -0.359985 1.492798 -1.017822 2.175659
0.870605 -0.627075 -0.471558 1.522949 -1.021606 2.307007
1.067383 -0.687012 -0.561523 1.463745 -0.907104 2.479004
1.266846 -0.674683 -0.602051 1.336182 -0.713257 2.632813
1.447021 -0.645142 -0.596069 1.177246 -0.524658 2.706299
1.566650 -0.634888 -0.575928 1.034790 -0.455200 2.668213
1.663940 -0.676636 -0.600708 0.950439 -0.565674 2.532837
1.807373 -0.815430 -0.655029 0.925537 -0.788818 2.361206
2.013184 -0.877563 -0.716553 0.912231 -1.042114 2.226807
2.273682 -0.892700 -0.807373 0.862061 -1.135986 2.087158
2.520264 -0.859741 -0.877075 0.713135 -1.014893 1.861816
2.769897 -0.770996 -0.925537 0.460449 -0.899658 1.558960
2.905151 -0.714355 -0.935669 0.174561 -0.819458 1.189209
2.908569 -0.759521 -0.908447 -0.104492 -0.713379 0.790283
2.839722 -0.855347 -0.840088 -0.342163 -0.634155 0.423218
2.733398 -0.943726 -0.765747 -0.487183 -0.575317 0.106445
2.618286 -1.006958 -0.712891 -0.535522 -0.496582 -0.163452
2.501221 -1.008423 -0.714478 -0.522339 -0.446289 -0.387939
2.412842 -0.958496 -0.741089 -0.484375 -0.385010 -0.584229
2.346802 -0.892456 -0.793335 -0.456055 -0.282837 -0.785400
2.256104 -0.834351 -0.856689 -0.464722 -0.165527 -0.999268
2.152222 -0.812988 -0.917603 -0.526611 -0.029297 -1.203369
2.067017 -0.826538 -0.941162 -0.639282 0.099243 -1.380615
1.983887 -0.834229 -0.911499 -0.780273 0.211548 -1.530273
1.878052 -0.850830 -0.854248 -0.933594 0.355957 -1.642212
1.771484 -0.867188 -0.777466 -1.073242 0.532104 -1.724487
1.645752 -0.874512 -0.707153 -1.173828 0.685181 -1.796753
1.512573 -0.869873 -0.651001 -1.220093 0.767212 -1.870483
1.382446 -0.845215 -0.614136 -1.225586 0.736328 -1.947876
1.279907 -0.809082 -0.595459 -1.212524 0.599609 -2.022339
1.198608 -0.760376 -0.591797 -1.206055 0.396484 -2.085938
1.139893 -0.707275 -0.556396 -1.232422 0.160889 -2.136841
1.086060 -0.680176 -0.546265 -1.294312 -0.083374 -2.179810
1.027466 -0.652954 -0.542603 -1.403564 -0.204712 -2.213501
0.976807 -0.618652 -0.451172 -1.542969 -0.236206 -2.215454
0.952759 -0.574707 -0.370972 -1.658203 -0.277466 -2.199951
0.898071 -0.545776 -0.296265 -1.736206 -0.265503 -2.220093
0.808105 -0.529297 -0.223633 -1.771851 -0.245239 -2.261475
0.699585 -0.510742 -0.159668 -1.768677 -0.215332 -2.290649
0.577759 -0.485840 -0.112549 -1.740356 -0.160889 -2.290771
0.452393 -0.446289 -0.067505 -1.701294 -0.085083 -2.251953
0.348877 -0.411011 -0.024292 -1.650757 -0.009033 -2.178345
0.255127 -0.362915 0.015625 -1.589966 0.041870 -2.085327
0.172852 -0.307739 0.041138 -1.524414 0.067139 -1.975342
0.104492 -0.247925 0.063232 -1.449341 0.095703 -1.851563
0.058472 -0.203491 0.073120 -1.365479 0.105713 -1.715332
0.057251 -0.165161 0.077148 -1.287964 0.110840 -1.572876
0.014038 -0.070435 0.083008 -1.226196 0.137207 -1.457886
-0.028809 0.009644 0.097168 -1.182861 0.111328 -1.341064
-0.059448 0.051514 0.107422 -1.171265 0.061401 -1.215698
-0.085083 0.078125 0.138794 -1.175171 0.042725 -1.104980
-0.125366 0.105225 0.169189 -1.171509 0.053345 -1.001831
-0.169189 0.130737 0.199341 -1.146362 0.060425 -0.896973
-0.208740 0.151123 0.220093 -1.095215 0.039185 -0.785156
-0.253174 0.165771 0.222656 -1.026855 -0.014526 -0.669434
-0.283203 0.169678 0.222534 -0.960083 -0.095459 -0.540894
-0.313232 0.171387 0.238647 -0.908203 -0.190918 -0.382202
-0.323242 0.177002 0.252441 -0.866577 -0.255127 -0.191406
-0.323486 0.186279 0.270874 -0.829346 -0.268921 0.010498
-0.311523 0.183472 0.296631 -0.789917 -0.256470 0.207397
-0.280884 0.167358 0.309937 -0.742676 -0.235107 0.395874
-0.244995 0.142700 0.306030 -0.681030 -0.212646 0.579346
-0.194092 0.128662 0.301147 -0.604492 -0.198242 0.754761
-0.128662 0.107666 0.278076 -0.518066 -0.212524 0.914673
-0.058350 0.092773 0.250977 -0.432007 -0.271118 1.062012
0.026245 0.080566 0.218384 -0.353149 -0.354736 1.202393
0.127808 0.072754 0.186768 -0.283569 -0.436768 1.338623
0.232544 0.045044 0.160156 -0.228394 -0.510620 1.463989
0.332153 0.027588 0.141968 -0.195313 -0.553589 1.582642
0.425537 0.035645 0.144897 -0.171997 -0.545654 1.691895
0.496338 0.034912 0.148071 -0.141846 -0.504761 1.774902
0.546265 0.035034 0.147827 -0.104614 -0.461060 1.826782
0.577637 0.015625 0.126465 -0.056152 -0.440308 1.847290
0.615112 -0.040649 0.085571 0.004761 -0.475342 1.860596
0.693237 -0.094238 0.046509 0.068481 -0.556519 1.892090
0.775635 -0.157837 -0.015381 0.130493 -0.650513 1.941162
0.901855 -0.224121 -0.064697 0.174683 -0.733521 2.019287
1.038574 -0.247192 -0.091064 0.192993 -0.771973 2.117065
1.163086 -0.243896 -0.106079 0.196655 -0.720825 2.202271
1.289429 -0.214966 -0.133423 0.183960 -0.625000 2.237305
1.345825 -0.172974 -0.135010 0.134888 -0.543091 2.195557
1.357300 -0.195557 -0.135742 0.062988 -0.485107 2.101929
1.344238 -0.244019 -0.128296 0.007446 -0.459717 1.987183
1.317993 -0.307617 -0.132935 0.006104 -0.499878 1.885132
1.307739 -0.410156 -0.171265 0.069214 -0.639648 1.821655
1.379761 -0.521851 -0.259888 0.149292 -0.890991 1.820313
1.546997 -0.536133 -0.322754 0.200684 -1.118774 1.871460
1.694580 -0.499512 -0.393799 0.235840 -1.063599 1.859741
1.755371 -0.427246 -0.411987 0.223755 -0.713745 1.747314
1.746216 -0.368164 -0.408081 0.157837 -0.242798 1.579224
1.723755 -0.422241 -0.428101 0.084595 0.032349 1.403320
1.691040 -0.475342 -0.432251 0.016846 0.029297 1.247681
1.643433 -0.517334 -0.432251 -0.020874 -0.084839 1.108521
