0.936646 0.046753 -0.298340 0.251343 -0.372150 0.370488
0.884521 -0.002930 -0.254272 0.322545 -0.331327 0.421516
0.909302 0.036621 -0.285767 0.369539 -0.350552 0.459016
0.912354 0.047363 -0.317505 0.412023 -0.304982 0.446674
0.892456 0.023071 -0.343628 0.401817 -0.352450 0.433146
0.885254 0.010742 -0.359985 0.390899 -0.567955 0.412260
0.890991 -0.004028 -0.367920 0.394697 -0.829979 0.369064
0.917969 -0.026855 -0.337280 0.424839 -1.099835 0.335836
0.927124 -0.054443 -0.336548 0.484174 -1.206875 0.352925
0.944824 -0.052124 -0.379517 0.560123 -1.117635 0.443589
0.972900 -0.017212 -0.393799 0.605692 -0.835912 0.577924
0.967041 -0.019897 -0.425171 0.589316 -0.583145 0.696119
0.948120 -0.029053 -0.449951 0.551816 -0.407513 0.741926
0.952393 -0.034180 -0.440796 0.531880 -0.320409 0.721040
0.948853 -0.056152 -0.449707 0.546120 -0.381406 0.665502
0.959717 -0.074585 -0.442261 0.605218 -0.631088 0.597386
1.001343 -0.092773 -0.449341 0.707274 -1.017003 0.521437
1.078003 -0.092407 -0.478638 0.834251 -1.460829 0.438605
1.177856 -0.060059 -0.517334 0.927526 -1.713122 0.345567
1.224854 -0.055176 -0.567749 0.928238 -1.606319 0.246359
1.231201 -0.054443 -0.648804 0.833302 -1.226812 0.131724
1.256104 -0.028320 -0.731079 0.696356 -0.840185 0.004509
1.284790 -0.007813 -0.824341 0.551816 -0.600471 -0.140505
1.297363 -0.000488 -0.917236 0.400393 -0.539237 -0.325868
1.356689 0.021484 -1.003784 0.220489 -0.666689 -0.585518
1.413696 0.041748 -1.072876 -0.003085 -1.014155 -0.926576
1.437622 0.062134 -1.104736 -0.280536 -1.429263 -1.329818
1.433716 0.074585 -1.091919 -0.615898 -1.632901 -1.741840
1.387451 0.083740 -1.069214 -0.985674 -1.544136 -2.084322
1.276611 0.060913 -1.032227 -1.354026 -1.267397 -2.296267
1.147217 0.042358 -0.979614 -1.687015 -0.893349 -2.379574
1.029419 0.030396 -0.935791 -1.959481 -0.551816 -2.362723
0.936890 0.054321 -0.908569 -2.169053 -0.384729 -2.293657
0.854614 0.073120 -0.879272 -2.327359 -0.439792 -2.223166
0.773193 0.076416 -0.841187 -2.459795 -0.618509 -2.179496
0.714478 0.084595 -0.785767 -2.569921 -0.802447 -2.159796
0.647583 0.079102 -0.711792 -2.648955 -0.966212 -2.134876
0.602051 0.077759 -0.659668 -2.684793 -1.099360 -2.074829
0.543579 0.079468 -0.604980 -2.675300 -1.158458 -1.957583
0.469238 0.081909 -0.552612 -2.633291 -1.115025 -1.794530
0.412231 0.088379 -0.502808 -2.566598 -1.021275 -1.602284
0.363647 0.106567 -0.458130 -2.473560 -0.943902 -1.381083
0.325439 0.116699 -0.421265 -2.363909 -0.859409 -1.142556
0.296143 0.123901 -0.376465 -2.258293 -0.796039 -0.898570
0.270386 0.137207 -0.327759 -2.155999 -0.717717 -0.656009
0.244507 0.139771 -0.286743 -2.035193 -0.624917 -0.420567
0.234619 0.142334 -0.265991 -1.884482 -0.535202 -0.190347
0.218262 0.135010 -0.241455 -1.706239 -0.484412 0.039161
0.192871 0.131714 -0.220337 -1.509247 -0.512180 0.271992
0.194458 0.117920 -0.196045 -1.302761 -0.600234 0.513367
0.188721 0.074463 -0.153931 -1.073965 -0.681167 0.775865
0.236816 0.041382 -0.160156 -0.797463 -0.750945 1.064708
0.267822 0.023071 -0.205322 -0.443352 -0.819536 1.377998
0.331543 0.037109 -0.247192 -0.031329 -0.915659 1.681793
0.427368 0.056885 -0.263672 0.356010 -0.954108 1.952361
0.500244 0.062622 -0.278442 0.650075 -0.941292 2.165018
0.520020 0.047852 -0.284546 0.862495 -0.894298 2.308134
0.537598 0.027710 -0.303589 1.057351 -0.779663 2.381235
0.579102 0.007080 -0.310791 1.278077 -0.687100 2.407342
0.629395 -0.023315 -0.328979 1.546272 -0.731720 2.411852
0.697266 -0.016846 -0.372559 1.832504 -0.863919 2.415412
0.768921 -0.021729 -0.420532 2.104496 -0.905453 2.397612
0.839844 0.016724 -0.503784 2.291283 -0.844457 2.329020
0.857910 0.016846 -0.571289 2.367469 -0.774441 2.214148
0.822144 -0.022583 -0.646484 2.341125 -0.771356 2.071031
0.780273 -0.065430 -0.708130 2.287723 -0.848966 1.941444
0.763916 -0.096313 -0.753296 2.280365 -0.974994 1.862647
0.797607 -0.102783 -0.798828 2.316204 -1.098648 1.856713
0.836426 -0.081909 -0.835327 2.343735 -1.146591 1.907266
0.914429 -0.036011 -0.926636 2.312406 -1.067557 1.937409
0.987061 0.027710 -1.042358 2.174274 -0.876260 1.892551
0.977051 0.029785 -1.130005 1.898960 -0.647464 1.774593
0.929443 0.001709 -1.197998 1.523487 -0.440266 1.633851
0.900879 -0.051758 -1.250366 1.119534 -0.348416 1.548645
0.883301 -0.100464 -1.264160 0.752606 -0.448336 1.535592
0.912964 -0.120239 -1.256836 0.442877 -0.630376 1.549595
0.953003 -0.116089 -1.236694 0.191771 -0.772068 1.552917
0.990479 -0.125122 -1.191406 -0.018513 -0.791292 1.516604
1.039917 -0.123413 -1.166626 -0.189160 -0.671673 1.444453
1.078979 -0.097168 -1.172119 -0.314951 -0.510519 1.325546
1.106445 -0.080322 -1.197510 -0.427925 -0.400156 1.166765
1.127930 -0.068726 -1.222290 -0.576737 -0.358621 0.965738
1.140869 -0.068970 -1.247925 -0.782986 -0.389950 0.742163
1.164551 -0.062866 -1.259888 -1.036465 -0.456880 0.515028
1.180908 -0.069214 -1.250854 -1.313204 -0.510282 0.279350
1.203613 -0.078125 -1.215942 -1.573091 -0.563209 0.016851
1.217773 -0.077393 -1.183105 -1.778391 -0.613050 -0.274840
1.203247 -0.073853 -1.130249 -1.920320 -0.634648 -0.570803
1.144287 -0.079590 -1.072021 -2.013358 -0.587655 -0.843507
1.090088 -0.069336 -1.037964 -2.073167 -0.441453 -1.051892
1.033813 -0.055054 -1.009155 -2.110667 -0.319697 -1.176733
0.988647 -0.014038 -0.990112 -2.144132 -0.268432 -1.269296
0.942993 0.017822 -0.971924 -2.170714 -0.271043 -1.386542
0.897583 0.050293 -0.961426 -2.200382 -0.325156 -1.539389
0.855591 0.061035 -0.944824 -2.239543 -0.388051 -1.698644
0.797119 0.071533 -0.925537 -2.298166 -0.453557 -1.836539
0.718994 0.062134 -0.892212 -2.374115 -0.488209 -1.925067
0.642822 0.044556 -0.859863 -2.447928 -0.452845 -1.945953
0.550781 0.049561 -0.824585 -2.483291 -0.389950 -1.894213
0.460938 0.059082 -0.787964 -2.454573 -0.350552 -1.798802
0.368042 0.088989 -0.743286 -2.362960 -0.302372 -1.674910
0.305420 0.109741 -0.705566 -2.238594 -0.320647 -1.530133
0.260864 0.128296 -0.666504 -2.116363 -0.417719 -1.377760
0.240479 0.147705 -0.636719 -2.018342 -0.512892 -1.222777
0.221436 0.172119 -0.613770 -1.937171 -0.565819 -1.073490
0.188477 0.181519 -0.594727 -1.861697 -0.583857 -0.941766
0.125244 0.172729 -0.569336 -1.790258 -0.571515 -0.820011
0.070923 0.163330 -0.548828 -1.711223 -0.561547 -0.680929
0.026855 0.150024 -0.527466 -1.600860 -0.597148 -0.493430
0.000732 0.143188 -0.507568 -1.456557 -0.675233 -0.264634
-0.026978 0.151978 -0.475708 -1.290656 -0.748571 -0.001661
-0.058350 0.160156 -0.449097 -1.137572 -0.790343 0.266533
-0.117432 0.151489 -0.413696 -0.996355 -0.804584 0.520250
-0.149170 0.141968 -0.381592 -0.854662 -0.762574 0.762812
-0.146240 0.164917 -0.361694 -0.687812 -0.688762 1.019851
-0.146118 0.158936 -0.366577 -0.501500 -0.711309 1.279501
-0.167114 0.144043 -0.372070 -0.317087 -0.755929 1.513044
-0.168823 0.118164 -0.379883 -0.150948 -0.792479 1.720242
-0.158325 0.102173 -0.382568 -0.008070 -0.872700 1.920558
-0.131470 0.065186 -0.363159 0.139081 -0.995168 2.120398
-0.091675 0.009644 -0.357422 0.310678 -1.091765 2.304337
-0.010986 -0.047729 -0.372192 0.517639 -1.158458 2.474747
0.093018 -0.117310 -0.395020 0.768508 -1.165815 2.638987
0.189941 -0.163574 -0.447876 1.039788 -1.130214 2.805125
0.279907 -0.195435 -0.497070 1.289707 -1.070405 2.961532
0.345459 -0.208008 -0.540894 1.491209 -0.992082 3.084474
0.373901 -0.205444 -0.568115 1.635987 -0.926339 3.150455
0.390869 -0.194824 -0.583740 1.762014 -0.911624 3.150218
0.392090 -0.189941 -0.616455 1.883295 -0.929899 3.096816
0.434937 -0.227905 -0.635010 2.005525 -1.006797 3.024665
0.499878 -0.265015 -0.661987 2.105683 -1.068031 2.962956
0.542969 -0.267944 -0.702759 2.165730 -1.065658 2.905045
0.569702 -0.267334 -0.739502 2.215097 -0.915421 2.863985
0.556030 -0.286865 -0.753784 2.236932 -0.714869 2.842387
0.524780 -0.312744 -0.761108 2.222929 -0.589791 2.806549
0.507446 -0.346436 -0.759399 2.200856 -0.557038 2.745552
0.509155 -0.385132 -0.757568 2.212961 -0.637971 2.668180
0.524536 -0.463745 -0.765869 2.290571 -0.804821 2.570158
0.552124 -0.559082 -0.799927 2.440808 -0.958380 2.463117
0.579956 -0.594238 -0.835083 2.646107 -1.007747 2.373640
0.601563 -0.611084 -0.878662 2.853542 -0.955057 2.313593
0.632324 -0.608643 -0.933960 2.999744 -0.772068 2.267787
0.644775 -0.543091 -0.999390 3.035108 -0.511231 2.216046
0.652222 -0.518921 -1.068481 2.933051 -0.251581 2.137961
0.634521 -0.522949 -1.088257 2.700458 -0.043196 2.011934
0.622559 -0.585327 -1.132935 2.405681 0.030142 1.852204
0.614990 -0.623047 -1.146240 2.151015 0.006646 1.690100
0.617188 -0.657837 -1.152954 1.994608 -0.076424 1.560750
0.617310 -0.689453 -1.144531 1.902994 -0.127214 1.465339
0.623901 -0.697510 -1.143311 1.809008 -0.080221 1.386542
