1.383301 -0.546875 -0.268066 0.325439 -0.377075 -0.107422
1.364624 -0.525146 -0.288208 0.360596 -0.365601 -0.094604
1.375000 -0.539795 -0.471802 0.396484 -0.286743 -0.052368
1.403809 -0.586792 -0.413086 0.374878 -0.134277 0.044678
1.601196 -0.624390 -0.385010 0.394165 -0.173462 0.135864
1.801880 -0.643433 -0.473145 0.469482 -0.376709 0.119263
1.904663 -0.649902 -0.582642 0.530151 -0.556641 0.019531
2.006348 -0.642212 -0.705444 0.529907 -0.614014 -0.108521
2.047852 -0.653442 -0.760742 0.452148 -0.608887 -0.265747
2.033081 -0.679077 -0.759033 0.336060 -0.563232 -0.440674
1.999023 -0.690796 -0.736938 0.220337 -0.505249 -0.608276
1.930786 -0.695313 -0.705933 0.123413 -0.457642 -0.784912
1.850464 -0.695801 -0.691528 0.057861 -0.444458 -0.963989
1.787476 -0.692139 -0.724121 0.015137 -0.473389 -1.130615
1.750977 -0.671875 -0.798096 -0.026367 -0.525513 -1.296753
1.720581 -0.629639 -0.890747 -0.095337 -0.569458 -1.480835
1.659546 -0.572876 -0.969116 -0.218262 -0.570313 -1.686279
1.544067 -0.524780 -1.025391 -0.412598 -0.497192 -1.891357
1.420898 -0.492676 -1.039307 -0.677612 -0.343994 -2.066650
1.265015 -0.502319 -0.992554 -0.974731 -0.171143 -2.206421
1.117554 -0.535767 -0.928833 -1.250732 -0.039063 -2.303711
1.004761 -0.569092 -0.872559 -1.480225 0.013794 -2.363770
0.895752 -0.595581 -0.815918 -1.665161 0.031006 -2.407715
0.692627 -0.641968 -0.770508 -1.819092 0.056763 -2.429688
0.546265 -0.590820 -0.701904 -1.947510 0.060425 -2.386597
0.481567 -0.593750 -0.610107 -2.060547 0.099243 -2.282349
0.391602 -0.581299 -0.521606 -2.149902 0.143066 -2.166992
0.296265 -0.531860 -0.444336 -2.219971 0.174927 -2.036499
0.200928 -0.503906 -0.369995 -2.273193 0.219482 -1.895630
0.139893 -0.493652 -0.275513 -2.302612 0.270996 -1.756470
0.087158 -0.484985 -0.177002 -2.299683 0.303101 -1.621948
0.044922 -0.457520 -0.064575 -2.261841 0.312988 -1.484863
0.001343 -0.401733 0.036743 -2.190552 0.289551 -1.345825
-0.031738 -0.347778 0.121948 -2.094116 0.236572 -1.214355
-0.058594 -0.296509 0.195313 -1.979614 0.168457 -1.094238
-0.096924 -0.246582 0.260254 -1.844360 0.115723 -0.987061
-0.130615 -0.207275 0.304199 -1.693481 0.057983 -0.876465
-0.157593 -0.161255 0.340210 -1.535645 -0.002563 -0.746948
-0.177246 -0.110962 0.374390 -1.370605 -0.057007 -0.609375
-0.204590 -0.074097 0.395752 -1.202515 -0.113281 -0.467407
-0.226563 -0.048584 0.396606 -1.041870 -0.169067 -0.316162
-0.252441 -0.037842 0.385254 -0.899536 -0.207275 -0.143066
-0.246948 -0.044189 0.386719 -0.778931 -0.244995 0.065186
-0.211548 -0.047119 0.397583 -0.662476 -0.281982 0.300415
-0.159912 -0.043823 0.399170 -0.541138 -0.299927 0.540039
-0.097168 -0.044067 0.395630 -0.417236 -0.303589 0.774658
-0.023315 -0.062744 0.382446 -0.293945 -0.301147 1.011353
0.052124 -0.090820 0.364014 -0.169556 -0.282593 1.257935
0.149170 -0.094482 0.334229 -0.043091 -0.244995 1.508179
0.239990 -0.085815 0.324829 0.081543 -0.260498 1.730591
0.327148 -0.080322 0.310181 0.205444 -0.290405 1.903931
0.411011 -0.083252 0.298828 0.335938 -0.301025 2.026367
0.485840 -0.105591 0.279419 0.480225 -0.317139 2.119385
0.562134 -0.116577 0.248535 0.636108 -0.319092 2.203491
0.642944 -0.125854 0.211670 0.801270 -0.313843 2.273560
0.726563 -0.153442 0.169434 0.982178 -0.309814 2.308105
0.789429 -0.211182 0.100586 1.166992 -0.341553 2.311523
0.848267 -0.291138 -0.001465 1.331909 -0.390991 2.316040
0.913452 -0.387939 -0.130615 1.456665 -0.424805 2.352295
1.007324 -0.476318 -0.232910 1.519043 -0.412231 2.437134
1.093506 -0.524658 -0.301514 1.525757 -0.357788 2.539551
1.187622 -0.513428 -0.338989 1.512939 -0.299561 2.614258
1.295898 -0.505493 -0.375000 1.517944 -0.307373 2.629517
1.372070 -0.512451 -0.428223 1.537964 -0.432861 2.564087
1.436523 -0.524170 -0.510254 1.520142 -0.582031 2.453125
1.464722 -0.541626 -0.581787 1.431519 -0.632568 2.348267
1.497070 -0.605713 -0.633667 1.266968 -0.523438 2.281372
1.703857 -0.756226 -0.602173 1.010254 -0.345947 2.279663
2.059937 -0.920532 -0.462769 0.696655 -0.141968 2.359009
2.386719 -0.813232 -0.315063 0.440063 0.256592 2.286499
2.513672 -0.708618 -0.200317 0.276855 0.410156 1.955444
2.563599 -0.735840 -0.190308 0.214355 0.166138 1.493896
2.463257 -0.863525 -0.238037 0.222168 -0.297363 0.985962
2.282715 -0.996094 -0.319946 0.236572 -0.787109 0.561401
2.165161 -1.084229 -0.385376 0.217529 -1.179199 0.307129
2.108276 -1.092529 -0.430786 0.169922 -1.444458 0.182739
2.107300 -1.037720 -0.451050 0.125366 -1.585571 0.108887
2.119751 -0.952637 -0.473145 0.113281 -1.640259 0.004761
2.141724 -0.872070 -0.558105 0.121582 -1.708008 -0.154785
2.161621 -0.791748 -0.685181 0.110596 -1.769653 -0.356812
2.116211 -0.749756 -0.837036 0.049072 -1.756836 -0.597046
1.992188 -0.771729 -0.962524 -0.079956 -1.617554 -0.842163
1.876465 -0.819336 -1.071411 -0.265137 -1.382080 -1.048706
1.774414 -0.855225 -1.128906 -0.494263 -1.212524 -1.193848
1.682007 -0.862427 -1.134155 -0.739136 -1.111450 -1.300293
1.596802 -0.864624 -1.110229 -0.977051 -1.074219 -1.379639
1.523560 -0.850220 -1.051147 -1.184692 -1.097290 -1.443970
1.464478 -0.834229 -0.989014 -1.351563 -1.103027 -1.499878
1.429199 -0.826660 -0.932495 -1.478638 -1.074585 -1.554321
1.395264 -0.787109 -0.865845 -1.572998 -1.015137 -1.608154
1.352661 -0.731934 -0.818726 -1.633667 -0.897705 -1.665039
1.297485 -0.675781 -0.795410 -1.684692 -0.763062 -1.725220
1.210815 -0.619507 -0.769043 -1.749146 -0.593140 -1.788330
1.095459 -0.589355 -0.715332 -1.821045 -0.408569 -1.843384
0.995605 -0.563843 -0.672119 -1.881714 -0.235352 -1.874756
0.909180 -0.519409 -0.641602 -1.926636 -0.088989 -1.885254
0.809814 -0.472656 -0.617188 -1.957642 0.015991 -1.885742
0.723022 -0.416382 -0.590454 -1.985718 0.081787 -1.863647
0.635254 -0.374268 -0.536743 -2.014038 0.135986 -1.826050
0.566650 -0.321777 -0.473999 -2.027588 0.158447 -1.788208
0.486084 -0.250610 -0.419067 -2.022583 0.111084 -1.753540
0.393433 -0.195557 -0.357666 -2.003296 0.008301 -1.711792
0.306152 -0.156738 -0.313599 -1.970825 -0.090332 -1.654053
0.242432 -0.126465 -0.286011 -1.929932 -0.167725 -1.581787
0.179443 -0.083618 -0.250854 -1.891357 -0.217651 -1.489990
0.132690 -0.037964 -0.200928 -1.850830 -0.243896 -1.371704
0.104370 0.005127 -0.163574 -1.797241 -0.256470 -1.234131
0.099609 0.048584 -0.139404 -1.732666 -0.264282 -1.104492
0.084839 0.079834 -0.114624 -1.662598 -0.260010 -0.998657
0.079712 0.109863 -0.087646 -1.587891 -0.254150 -0.903442
0.071777 0.156494 -0.065918 -1.513062 -0.243652 -0.810669
0.042969 0.189575 -0.047852 -1.443726 -0.239502 -0.716187
0.022461 0.210815 -0.034058 -1.383545 -0.222656 -0.616333
0.007080 0.231689 -0.009888 -1.333374 -0.187500 -0.511597
-0.012573 0.254028 0.013306 -1.286621 -0.140259 -0.409546
-0.046143 0.267700 0.031250 -1.237427 -0.094482 -0.310181
-0.075439 0.276489 0.027710 -1.191284 -0.054688 -0.202393
-0.082275 0.275635 0.029419 -1.153320 -0.024414 -0.076660
-0.074585 0.258911 0.024292 -1.116455 -0.009888 0.063721
-0.054443 0.249512 0.042114 -1.077393 -0.022583 0.210327
-0.024658 0.248657 0.063965 -1.029053 -0.052002 0.353271
0.007568 0.243896 0.069946 -0.975464 -0.080200 0.489014
0.038086 0.228271 0.080322 -0.921509 -0.105469 0.620605
0.073608 0.208984 0.098022 -0.865723 -0.120483 0.748535
0.110962 0.207642 0.095825 -0.805908 -0.120483 0.868896
0.135620 0.202026 0.084839 -0.752441 -0.103882 0.979492
0.164185 0.165771 0.065552 -0.713867 -0.083984 1.091309
0.213135 0.125244 0.065430 -0.684937 -0.073608 1.218018
0.275024 0.117798 0.093872 -0.654175 -0.067261 1.353638
0.330444 0.088135 0.105103 -0.616211 -0.057739 1.475952
0.390015 0.037720 0.123657 -0.581665 -0.049561 1.590454
0.451904 0.018188 0.142578 -0.555298 -0.026611 1.711182
0.494263 0.016724 0.155151 -0.516968 0.024414 1.817749
0.544922 0.009644 0.147339 -0.456055 0.082520 1.903687
0.591553 -0.027832 0.112793 -0.373779 0.099854 1.971924
0.648804 -0.101929 0.053223 -0.281372 0.049927 2.035278
0.713989 -0.155640 -0.002319 -0.207031 -0.028564 2.125732
0.813232 -0.142822 -0.017822 -0.153809 -0.071411 2.235352
0.895386 -0.126831 -0.033447 -0.121094 -0.042847 2.312500
0.971191 -0.127563 -0.041382 -0.123291 0.008911 2.345459
0.977539 -0.181519 -0.064209 -0.156738 0.090088 2.328247
0.955200 -0.295044 -0.072754 -0.202026 0.103516 2.293701
1.033203 -0.441528 -0.055664 -0.252686 -0.032837 2.339111
1.165161 -0.529663 0.002686 -0.278809 -0.151489 2.409912
1.269775 -0.578491 0.082886 -0.269043 -0.161865 2.448120
1.388550 -0.555908 0.168945 -0.219604 -0.132935 2.468994
1.494385 -0.492432 0.195068 -0.099243 -0.074341 2.426758
1.550171 -0.422119 0.135254 0.062500 -0.024658 2.293213
1.523804 -0.388672 -0.018311 0.206177 0.029663 2.092407
1.461914 -0.489868 -0.227051 0.275269 0.087646 1.896851
