1.443604 -0.683228 -0.250854 0.195679 -0.454346 0.063599
1.358398 -0.587158 -0.163818 0.228027 -0.271973 0.087036
1.297485 -0.714355 -0.341064 0.304810 -0.253174 0.151855
1.326050 -0.814331 -0.345215 0.320068 -0.148682 0.233887
1.580811 -0.828247 -0.381348 0.355347 -0.158569 0.327026
1.848145 -0.810669 -0.523438 0.407227 -0.279419 0.321899
2.046387 -0.771606 -0.672729 0.396118 -0.341919 0.197388
2.121704 -0.742065 -0.740479 0.309082 -0.272339 -0.025024
2.103027 -0.735107 -0.775513 0.198120 -0.183594 -0.280151
2.053467 -0.759277 -0.791260 0.090454 -0.149292 -0.517212
2.016724 -0.799072 -0.776245 -0.014526 -0.164063 -0.721313
2.000244 -0.806274 -0.732056 -0.109009 -0.203613 -0.902100
1.988770 -0.797729 -0.690918 -0.174683 -0.238892 -1.086060
1.954102 -0.802002 -0.680298 -0.208130 -0.272949 -1.284546
1.897461 -0.805664 -0.709961 -0.233765 -0.322388 -1.495850
1.812622 -0.782349 -0.748657 -0.269897 -0.359009 -1.706055
1.735352 -0.760864 -0.810059 -0.317871 -0.371460 -1.890625
1.657959 -0.745361 -0.845947 -0.395874 -0.362183 -2.041748
1.594482 -0.738159 -0.883789 -0.502075 -0.333252 -2.177490
1.497070 -0.734619 -0.896606 -0.627319 -0.285278 -2.305664
1.384277 -0.728271 -0.889282 -0.764404 -0.198853 -2.414917
1.243408 -0.740356 -0.880249 -0.909912 -0.085815 -2.501221
1.095703 -0.741211 -0.843018 -1.062378 0.027710 -2.551147
0.941284 -0.723633 -0.771240 -1.209717 0.148315 -2.562012
0.796509 -0.719482 -0.712524 -1.330200 0.257813 -2.547363
0.671387 -0.707764 -0.644165 -1.433716 0.318481 -2.506470
0.585449 -0.670044 -0.579102 -1.523315 0.341553 -2.441284
0.419556 -0.620117 -0.552002 -1.590820 0.353882 -2.370972
0.353760 -0.531494 -0.446289 -1.640137 0.300293 -2.263672
0.350098 -0.515503 -0.390747 -1.682007 0.247314 -2.140747
0.254272 -0.467651 -0.327881 -1.720947 0.265503 -2.075562
0.136475 -0.429199 -0.246338 -1.750488 0.279053 -2.002319
0.041992 -0.407959 -0.159912 -1.765747 0.279297 -1.888184
-0.029541 -0.387939 -0.063354 -1.754272 0.254395 -1.753662
-0.082886 -0.344727 0.026855 -1.713257 0.212891 -1.608887
-0.134521 -0.288208 0.090210 -1.651001 0.167358 -1.461060
-0.188477 -0.234375 0.142822 -1.578369 0.145996 -1.313477
-0.226685 -0.204712 0.189575 -1.503784 0.159058 -1.161865
-0.269287 -0.184570 0.226318 -1.423218 0.174316 -1.000000
-0.314697 -0.150146 0.252563 -1.335449 0.183472 -0.817749
-0.331055 -0.122803 0.269409 -1.245117 0.190796 -0.621338
-0.343872 -0.101196 0.291992 -1.161499 0.173828 -0.417236
-0.347290 -0.080444 0.324463 -1.082886 0.148560 -0.214355
-0.350098 -0.060791 0.355469 -1.005127 0.116943 -0.004028
-0.337891 -0.048096 0.384155 -0.922241 0.104614 0.211670
-0.325073 -0.045044 0.401978 -0.830811 0.095093 0.420410
-0.294556 -0.036621 0.416260 -0.727295 0.054443 0.630127
-0.252686 -0.032104 0.420654 -0.609863 0.020508 0.832275
-0.201660 -0.033081 0.412598 -0.488892 -0.020508 1.024048
-0.140259 -0.037476 0.390991 -0.376343 -0.064575 1.212280
-0.077515 -0.055054 0.375610 -0.279053 -0.089966 1.400635
-0.018066 -0.056519 0.363892 -0.187622 -0.094971 1.581421
0.033813 -0.065063 0.338867 -0.104858 -0.090210 1.746094
0.076538 -0.100342 0.320679 -0.035156 -0.097168 1.902222
0.141724 -0.168335 0.298828 0.036499 -0.119019 2.068604
0.239380 -0.245361 0.280762 0.116333 -0.161133 2.263794
0.366089 -0.316772 0.253784 0.192993 -0.183472 2.482178
0.515625 -0.364624 0.235352 0.263428 -0.176758 2.695923
0.682495 -0.379395 0.218384 0.331665 -0.165527 2.869141
0.774414 -0.352051 0.195679 0.399902 -0.177002 2.979126
0.953613 -0.458008 0.132813 0.450439 -0.250000 3.051880
1.089233 -0.546997 0.110352 0.453491 -0.275146 3.036255
1.223145 -0.578613 0.125366 0.431030 -0.306152 2.970337
1.352295 -0.561768 0.128296 0.436035 -0.356689 2.850708
1.462891 -0.516846 0.119385 0.484741 -0.431396 2.660645
1.543823 -0.453369 0.082031 0.567993 -0.555542 2.391846
1.599365 -0.400879 -0.026367 0.661987 -0.722778 2.069336
1.592407 -0.386841 -0.179688 0.718506 -0.889893 1.726318
1.478760 -0.490234 -0.297119 0.647949 -0.900391 1.443359
1.370239 -0.672852 -0.346680 0.465576 -0.666382 1.335815
1.333374 -0.854980 -0.268799 0.289917 -0.346069 1.398560
1.377197 -0.920044 -0.145020 0.188599 -0.049316 1.571533
1.479370 -0.905640 -0.078247 0.179077 0.111206 1.729126
1.586792 -0.934570 -0.094849 0.233398 -0.015381 1.782471
1.713379 -1.020630 -0.134277 0.292358 -0.258667 1.755615
1.902466 -1.092163 -0.156372 0.314697 -0.460327 1.710815
2.155640 -1.068604 -0.162109 0.287476 -0.580078 1.638794
2.437134 -0.958862 -0.191895 0.232788 -0.660034 1.455200
2.586426 -0.852783 -0.220337 0.149048 -0.730347 1.108765
2.597168 -0.833130 -0.207764 0.057373 -0.777344 0.669434
2.482056 -0.888062 -0.214600 -0.003540 -0.826050 0.235962
2.302246 -0.977417 -0.224976 -0.033691 -0.879150 -0.121460
2.158325 -1.036377 -0.211548 -0.046875 -0.923950 -0.364990
2.059937 -1.061890 -0.210449 -0.030640 -0.927124 -0.509399
1.997437 -1.058350 -0.238525 0.020874 -0.870361 -0.607666
1.949097 -1.027344 -0.290894 0.087280 -0.819092 -0.698486
1.897827 -1.003296 -0.338989 0.132446 -0.797974 -0.802002
1.850098 -0.982300 -0.400757 0.145996 -0.799561 -0.927856
1.785645 -1.007690 -0.463989 0.139160 -0.706421 -1.057251
1.733154 -1.046143 -0.515869 0.105835 -0.649536 -1.155762
1.701416 -1.026123 -0.531006 0.050049 -0.629517 -1.218384
1.682007 -0.998047 -0.519897 -0.010254 -0.582275 -1.275879
1.674561 -0.976318 -0.510498 -0.062378 -0.532593 -1.345825
1.623047 -0.941162 -0.508667 -0.104736 -0.518433 -1.440186
1.533447 -0.920776 -0.512207 -0.145020 -0.490601 -1.543579
1.454590 -0.905151 -0.522217 -0.189819 -0.465332 -1.616333
1.381470 -0.871338 -0.548950 -0.242432 -0.449219 -1.655884
1.319702 -0.820923 -0.575195 -0.305908 -0.436768 -1.674438
1.271973 -0.768311 -0.588379 -0.373535 -0.403564 -1.704834
1.214722 -0.694092 -0.600586 -0.453491 -0.381958 -1.752930
1.126709 -0.639648 -0.597534 -0.557739 -0.372314 -1.800293
1.044556 -0.593750 -0.590210 -0.681641 -0.354004 -1.830078
0.970825 -0.585205 -0.573364 -0.812500 -0.324219 -1.836670
0.935913 -0.565430 -0.554565 -0.940552 -0.303833 -1.812500
0.923950 -0.501221 -0.541626 -1.058960 -0.290527 -1.775146
0.906982 -0.437012 -0.510498 -1.172974 -0.268921 -1.760498
0.858154 -0.375244 -0.479614 -1.286377 -0.248901 -1.774536
0.777222 -0.337524 -0.422729 -1.396240 -0.228149 -1.805420
0.669312 -0.324951 -0.345581 -1.498657 -0.196411 -1.834839
0.563232 -0.313843 -0.266968 -1.584839 -0.160522 -1.844849
0.454102 -0.302734 -0.204712 -1.645386 -0.135376 -1.835571
0.346436 -0.290161 -0.129883 -1.686035 -0.111938 -1.803467
0.235718 -0.281616 -0.079468 -1.699219 -0.080322 -1.745972
0.135254 -0.272461 -0.036011 -1.682251 -0.067139 -1.664307
0.053711 -0.229980 0.005737 -1.655884 -0.081787 -1.558716
-0.002563 -0.156738 0.050659 -1.634277 -0.105835 -1.439453
-0.051270 -0.088379 0.081055 -1.614136 -0.131836 -1.328857
-0.106567 -0.038330 0.092529 -1.600830 -0.165161 -1.230347
-0.147095 -0.009888 0.122192 -1.605957 -0.188354 -1.127686
-0.188232 0.012939 0.154297 -1.620605 -0.191772 -1.007813
-0.228149 0.022339 0.188232 -1.629761 -0.175781 -0.883545
-0.264893 0.023193 0.218628 -1.627930 -0.147339 -0.757202
-0.297852 0.029175 0.260254 -1.617065 -0.119629 -0.623535
-0.336792 0.020386 0.293457 -1.590576 -0.090576 -0.483643
-0.373657 -0.004639 0.324463 -1.550537 -0.072510 -0.327515
-0.398315 -0.021118 0.355347 -1.493652 -0.068970 -0.142334
-0.407104 -0.031494 0.369629 -1.407837 -0.076904 0.064575
-0.400879 -0.046021 0.379395 -1.296387 -0.115479 0.280884
-0.340088 -0.073853 0.374756 -1.176392 -0.196655 0.508667
-0.242676 -0.083984 0.353516 -1.059937 -0.294678 0.739014
-0.137939 -0.100464 0.338135 -0.958130 -0.368896 0.951294
-0.030640 -0.161011 0.309937 -0.881714 -0.406128 1.146118
0.100586 -0.222778 0.302124 -0.841064 -0.422363 1.345825
0.230103 -0.227661 0.312988 -0.820923 -0.393677 1.543091
0.340332 -0.200073 0.339233 -0.791626 -0.320557 1.691772
0.436523 -0.198486 0.355835 -0.744629 -0.262695 1.781982
0.524780 -0.177368 0.362793 -0.669434 -0.239258 1.837036
0.586304 -0.182617 0.309814 -0.550293 -0.261230 1.859985
0.670898 -0.228271 0.229614 -0.424683 -0.348999 1.881592
0.800171 -0.220337 0.163086 -0.321167 -0.472290 1.915649
0.941284 -0.233398 0.069946 -0.224365 -0.602905 1.933472
1.124512 -0.278931 -0.015137 -0.173950 -0.748169 1.955811
1.320435 -0.228638 -0.048706 -0.184937 -0.819214 1.990967
1.464478 -0.137207 -0.083374 -0.200073 -0.752197 1.984009
1.527832 -0.063599 -0.107056 -0.211914 -0.602905 1.905396
1.572632 -0.066284 -0.158936 -0.227905 -0.485596 1.759644
1.394653 -0.115845 -0.207520 -0.217529 -0.633179 1.595825
1.528564 -0.152710 -0.282593 -0.211914 -0.627808 1.442017
1.527222 -0.161743 -0.293457 -0.181763 -1.082397 1.328125
1.579224 -0.314819 -0.377686 -0.195679 -0.764893 1.231812
