2.073486 -0.243286 -0.064697 1.095800 -0.138607 -0.588367
2.057129 -0.267700 -0.191284 1.198568 -0.423890 -0.814315
2.080811 -0.331909 -0.299927 0.987810 -0.517639 -1.044535
2.041138 -0.363770 -0.428345 0.565345 -0.585044 -1.273568
1.960815 -0.382935 -0.570190 0.036076 -0.718192 -1.395798
1.867920 -0.330566 -0.718750 -0.593588 -0.865580 -1.439469
1.786499 -0.316650 -0.762817 -1.251733 -0.626578 -1.269058
1.674927 -0.431519 -0.749512 -1.864783 -0.453557 -1.018664
1.583984 -0.495361 -0.687256 -2.301014 -0.369539 -1.031956
1.515625 -0.435669 -0.609253 -2.583212 -0.473257 -1.233695
1.375610 -0.419922 -0.607788 -2.723005 -0.785359 -1.458219
1.229004 -0.406738 -0.634644 -2.526250 -0.923016 -1.858849
1.006714 -0.360596 -0.708252 -2.002203 -0.904979 -2.333530
0.784302 -0.246826 -0.747803 -1.438757 -0.728397 -2.678385
0.617676 -0.162964 -0.725586 -1.108616 -0.521437 -2.765014
0.473145 -0.136963 -0.653198 -1.184091 -0.463051 -2.656075
0.364868 -0.120728 -0.586060 -1.401257 -0.484886 -2.507500
0.230225 -0.103271 -0.490967 -1.541288 -0.386627 -2.364384
0.098267 -0.062134 -0.375366 -1.626256 -0.177768 -2.181869
0.001465 0.003540 -0.256470 -1.712410 -0.047943 -1.905843
-0.044434 0.075928 -0.167603 -1.834878 -0.116059 -1.528471
-0.037598 0.117798 -0.117065 -1.981554 -0.334650 -1.120484
-0.045410 0.102783 -0.094849 -2.060826 -0.532117 -0.744062
-0.043457 0.136597 -0.103760 -2.073167 -0.604268 -0.417719
-0.022461 0.145020 -0.094849 -2.070319 -0.524522 -0.096835
-0.016724 0.123901 -0.072876 -2.036854 -0.336311 0.233543
-0.029175 0.103882 -0.053955 -1.973485 -0.142404 0.518351
-0.000732 0.135864 -0.053589 -1.821349 -0.000712 0.767796
0.038208 0.136108 0.049805 -1.630053 0.123180 0.996592
0.091309 0.160767 0.067383 -1.735907 -0.004035 1.165815
0.104858 0.175171 0.160889 -1.902757 -0.100395 1.251495
0.111084 0.224609 0.281982 -1.999592 -0.196992 1.285910
0.099731 0.267578 0.391724 -2.000779 -0.378795 1.359722
0.093140 0.289673 0.475220 -1.887805 -0.576974 1.504500
0.107544 0.295776 0.529663 -1.763438 -0.716293 1.709087
0.119263 0.303711 0.610596 -1.613914 -0.708698 1.961380
0.131592 0.284058 0.692139 -1.472696 -0.538288 2.310508
0.186157 0.302612 0.784668 -1.327444 -0.293353 2.758369
0.239990 0.220825 0.921997 -1.173885 -0.056724 3.238271
0.431396 0.204834 0.977539 -0.918032 0.065269 3.721496
0.577148 0.011353 0.983643 -0.591452 0.114398 4.197125
0.778198 -0.191528 0.999512 -0.276027 0.240900 4.591585
0.996460 -0.369385 1.031738 0.014952 0.361232 4.746094
1.197876 -0.500854 1.064697 0.311153 0.339397 4.698388
1.381836 -0.599609 1.082397 0.622306 0.018038 4.522757
1.582886 -0.653442 1.066772 0.905453 -0.448336 4.161525
1.764404 -0.689819 1.011597 1.097461 -0.866292 3.717461
1.930054 -0.719971 0.922607 1.185989 -1.241052 3.212163
1.965820 -0.773926 0.847168 1.248885 -1.553867 2.664619
2.052856 -0.681396 0.705078 1.371827 -1.690575 2.163357
1.990845 -0.727661 0.634766 1.676809 -1.995082 1.624120
1.917480 -0.684692 0.482056 1.870241 -1.977994 1.237255
1.898926 -0.610474 0.380371 1.866681 -1.799039 0.964551
1.838745 -0.642334 0.276978 2.018579 -1.632901 0.810992
1.791870 -0.652588 0.134399 2.209638 -1.448250 0.730771
1.784668 -0.659546 -0.016113 2.352754 -1.275229 0.650550
1.765381 -0.641235 -0.157837 2.426804 -1.086069 0.549443
1.728271 -0.647339 -0.256348 2.401409 -0.806720 0.435994
1.728271 -0.654907 -0.300781 2.309321 -0.568667 0.288606
1.761230 -0.668579 -0.409424 2.268736 -0.511231 0.087816
1.776245 -0.674805 -0.545044 2.223878 -0.482750 -0.184888
1.760986 -0.705933 -0.610107 1.928864 -0.428874 -0.531405
1.649780 -0.797241 -0.621094 1.417871 -0.504111 -0.810992
1.542114 -0.794067 -0.701660 0.889551 -0.702527 -1.061148
1.476685 -0.706299 -0.844482 0.670486 -0.962415 -1.299913
1.435425 -0.713013 -0.879150 0.605692 -0.944377 -1.435671
1.436890 -0.723755 -0.798950 0.529506 -0.772305 -1.586383
1.419800 -0.698242 -0.812988 0.425314 -0.788919 -1.796191
1.399536 -0.686401 -0.882324 0.286944 -0.821435 -2.008611
1.358398 -0.662964 -0.907349 0.148100 -0.618983 -2.221030
1.282837 -0.626831 -0.898438 0.016139 -0.279824 -2.392390
1.182251 -0.570190 -0.881226 -0.054826 0.014952 -2.540965
1.110474 -0.519409 -0.893311 -0.143116 0.140031 -2.616202
1.040527 -0.484253 -0.883057 -0.248733 0.227847 -2.602674
0.953491 -0.474487 -0.884521 -0.351026 0.289080 -2.623559
0.849243 -0.419922 -0.895386 -0.407988 0.310441 -2.620474
0.822388 -0.322876 -0.917358 -0.471120 0.313527 -2.480206
0.857178 -0.280396 -0.893311 -0.575550 0.406801 -2.244764
0.894287 -0.280029 -0.838745 -0.706325 0.608303 -2.061063
0.884766 -0.250244 -0.767822 -0.821435 0.830216 -2.008848
0.872559 -0.210205 -0.696655 -0.929899 0.998965 -1.984402
0.848511 -0.187988 -0.624512 -1.053316 1.057114 -1.920320
0.840088 -0.155151 -0.574463 -1.157034 0.997779 -1.875700
0.809937 -0.121826 -0.510742 -1.245324 0.928475 -1.839387
0.757568 -0.108887 -0.443481 -1.341685 0.876972 -1.793106
0.677612 -0.079102 -0.381470 -1.382745 0.858697 -1.726413
0.625488 -0.036255 -0.302612 -1.343109 0.897858 -1.593028
0.614136 -0.003418 -0.235352 -1.248647 0.966450 -1.434247
0.618408 0.026245 -0.186035 -1.178395 1.042636 -1.260040
0.623901 0.070435 -0.132324 -1.140183 1.117161 -1.097461
0.638672 0.099243 -0.059448 -1.111939 1.192160 -0.952209
0.668579 0.088257 0.024292 -1.099123 1.229423 -0.796751
0.700439 0.102905 0.100952 -1.030532 1.215894 -0.684489
0.727051 0.133789 0.170654 -0.937494 1.178157 -0.618271
0.749756 0.153564 0.227905 -0.928238 1.071829 -0.533541
0.778931 0.156494 0.291382 -1.032430 0.865343 -0.430061
0.796997 0.156982 0.276489 -1.178157 0.604268 -0.315900
0.814087 0.143921 0.300415 -1.150151 0.520725 -0.248021
0.812134 0.143555 0.323242 -1.054265 0.490582 -0.226660
0.820190 0.160645 0.342407 -0.956244 0.447149 -0.191296
0.831665 0.173096 0.372070 -0.898570 0.400630 -0.162341
0.838989 0.190674 0.400879 -0.874836 0.361232 -0.150948
0.851929 0.212646 0.434814 -0.832590 0.301422 -0.138132
0.855713 0.222290 0.460815 -0.773017 0.223337 -0.147626
0.847290 0.229004 0.469360 -0.684727 0.133860 -0.148338
0.838867 0.256958 0.471191 -0.582670 0.058148 -0.134572
0.841675 0.276611 0.429443 -0.482750 -0.011155 -0.105142
0.833984 0.276733 0.385010 -0.428399 -0.058386 -0.051978
0.832520 0.271118 0.379028 -0.422940 -0.062183 -0.000712
0.853271 0.273071 0.373047 -0.388289 -0.028481 0.084256
0.874756 0.303101 0.383911 -0.316375 0.001899 0.175632
0.912354 0.306030 0.358032 -0.233305 -0.018987 0.237340
0.943604 0.306396 0.311646 -0.150236 -0.053639 0.268907
0.979736 0.305298 0.259155 -0.097784 -0.099446 0.272229
0.999878 0.293823 0.206421 -0.093037 -0.149287 0.257989
1.022461 0.281616 0.187134 -0.135521 -0.180853 0.258938
1.057861 0.258911 0.180664 -0.192008 -0.195331 0.249919
1.079224 0.241333 0.175049 -0.213606 -0.186312 0.220252
1.087769 0.220581 0.171387 -0.224999 -0.134809 0.201502
1.096436 0.205322 0.194336 -0.255378 -0.026819 0.187736
1.105835 0.190063 0.239990 -0.272467 0.082357 0.182277
1.118042 0.174683 0.257324 -0.231881 0.141929 0.159967
1.119629 0.174805 0.253052 -0.156882 0.154271 0.110601
1.115356 0.167725 0.255737 -0.130774 0.173021 0.074288
1.108154 0.160889 0.266724 -0.130774 0.170885 0.034414
1.099121 0.168091 0.255859 -0.107990 0.131961 -0.003085
1.089966 0.174316 0.241455 -0.096360 0.088291 -0.041060
1.078613 0.169678 0.243164 -0.119620 0.065506 -0.083544
1.056763 0.176880 0.251709 -0.114161 0.043433 -0.117246
1.029419 0.194458 0.247437 -0.084256 0.018750 -0.140268
1.020142 0.200806 0.231689 -0.064319 0.009731 -0.139081
1.015625 0.193604 0.227051 -0.051740 0.021835 -0.115822
1.001221 0.201904 0.221313 -0.028006 0.023734 -0.121756
0.973267 0.211792 0.196045 0.005696 0.016376 -0.124841
0.962158 0.218872 0.182129 -0.001187 0.027769 -0.093987
0.962524 0.218994 0.199829 -0.026345 0.028243 -0.067879
0.975708 0.220215 0.208496 -0.009968 0.000712 -0.037737
0.977295 0.226074 0.195801 0.023734 -0.025158 -0.027531
0.973267 0.226440 0.180420 0.043671 -0.053639 -0.016614
0.982300 0.231812 0.169556 0.058860 -0.091613 0.009731
0.987305 0.226318 0.149048 0.061708 -0.138607 0.015190
0.990967 0.231812 0.125977 0.063133 -0.154746 0.023971
0.997803 0.221558 0.126831 0.032516 -0.131961 0.043671
1.007446 0.213989 0.130493 0.004509 -0.097784 0.044145
1.007324 0.218994 0.131958 0.000712 -0.054826 0.056012
1.003296 0.219116 0.134644 -0.004509 -0.015664 0.068117
1.010132 0.218384 0.142090 -0.020411 0.005934 0.079746
1.016235 0.212646 0.140381 -0.024683 0.015902 0.092563
1.015869 0.205933 0.150024 -0.037974 0.013528 0.087816
1.019287 0.208252 0.158081 -0.043196 0.013528 0.083069
