1.616455 -0.115845 -0.020142 -0.112025 0.016376 -0.158306
1.801147 -0.249634 0.007568 -0.352688 -0.371438 -0.172072
1.913086 -0.301025 -0.054565 -0.343194 -0.593825 -0.266296
1.944458 -0.312500 -0.208008 -0.289555 -0.493668 -0.551104
1.960449 -0.445557 -0.414185 -0.721752 0.095885 -0.750945
1.934814 -0.399536 -0.147705 -1.622933 0.119857 -1.045247
1.973145 -0.377686 -0.024780 -1.637648 -0.263210 -1.127366
1.876099 -0.372681 -0.171875 -1.152050 -0.417482 -1.439706
1.801758 -0.351074 -0.309692 -1.043823 -0.374760 -1.760353
1.763550 -0.362183 -0.339600 -1.342159 -0.318036 -1.877599
1.640869 -0.460693 -0.375244 -1.619847 -0.431010 -1.927203
1.493408 -0.514526 -0.507690 -1.628154 -0.722464 -2.085272
1.429810 -0.407715 -0.650513 -1.410751 -0.928475 -2.254258
1.367065 -0.366211 -0.717041 -1.218268 -0.854900 -2.447690
1.260376 -0.337280 -0.685669 -1.244850 -0.668113 -2.664857
1.096924 -0.296143 -0.657227 -1.407428 -0.586231 -2.884871
0.911743 -0.234253 -0.637207 -1.495244 -0.502449 -3.083762
0.715332 -0.176270 -0.593384 -1.503788 -0.312577 -3.173714
0.535522 -0.142456 -0.538086 -1.537728 -0.044145 -3.141911
0.377441 -0.109497 -0.489746 -1.673012 0.169698 -3.017782
0.227539 -0.065918 -0.389038 -1.975858 0.298337 -2.817229
0.128906 -0.039063 -0.317383 -2.068658 0.336074 -2.599113
0.045288 -0.044189 -0.227783 -1.910115 0.439317 -2.396662
-0.074463 -0.028442 -0.169922 -1.751334 0.684489 -2.203230
-0.159424 0.054565 -0.123413 -1.731160 0.951023 -1.954260
-0.213623 0.110962 -0.080078 -1.776017 1.193584 -1.600623
-0.251343 0.122314 -0.016235 -1.832742 1.379184 -1.187651
-0.250732 0.195557 0.051392 -1.952124 1.405766 -0.810517
-0.245850 0.238281 0.142944 -2.144844 1.258615 -0.492718
-0.229004 0.216675 0.243530 -2.172850 0.974282 -0.199366
-0.209351 0.244263 0.338623 -2.136775 0.664790 0.046519
-0.175903 0.302490 0.436401 -2.095240 0.377608 0.290742
-0.146973 0.327271 0.497681 -2.067234 0.136708 0.555851
-0.100708 0.337769 0.542969 -1.929814 -0.013291 0.848966
-0.064209 0.335938 0.522705 -1.673486 -0.161154 1.157034
-0.016479 0.308350 0.493286 -1.424516 -0.300710 1.469848
0.054199 0.313354 0.457275 -1.316289 -0.451421 1.780290
0.150635 0.279053 0.505493 -1.401732 -0.505535 2.082186
0.226440 0.239136 0.603271 -1.530133 -0.460678 2.355365
0.321045 0.207764 0.712036 -1.576889 -0.379270 2.649430
0.473267 0.169800 0.808350 -1.527285 -0.301897 2.953700
0.596313 0.090088 0.967407 -1.474120 -0.200553 3.207654
0.759155 0.135376 1.063721 -1.336700 -0.283622 3.393492
0.870239 -0.019653 1.113037 -0.989946 -0.437893 3.522130
0.951172 -0.084717 1.101196 -0.697543 -0.682116 3.510500
1.024292 -0.110962 1.125977 -0.489158 -0.926814 3.252986
1.090576 -0.083374 1.136353 -0.168749 -1.233457 3.025377
1.204224 -0.094116 1.133545 0.138132 -1.502601 2.999506
1.331421 -0.166504 1.105591 0.374998 -1.715258 2.957023
1.428101 -0.230957 1.041016 0.589316 -1.895874 2.780679
1.456177 -0.306763 0.952759 0.825707 -2.015019 2.533607
1.465332 -0.380981 0.847656 1.026497 -2.118025 2.314543
1.651733 -0.288696 0.721680 1.129977 -2.168103 2.163594
1.814087 -0.430176 0.667725 1.338599 -2.121110 2.108056
1.885986 -0.544312 0.621948 1.384169 -1.670164 1.955447
1.949829 -0.494751 0.519287 1.556952 -1.467950 1.571667
1.941284 -0.533203 0.329956 1.892789 -1.485513 1.279739
1.951538 -0.564209 0.104370 2.176648 -1.557902 1.046908
1.953979 -0.583618 -0.157593 2.380286 -1.604895 0.784410
1.979004 -0.577759 -0.374634 2.411140 -1.495956 0.537101
1.974121 -0.558350 -0.486938 2.251647 -1.253869 0.255378
1.904541 -0.525146 -0.529785 2.001965 -0.946038 -0.107515
1.843506 -0.495117 -0.535522 1.751809 -0.770407 -0.387102
1.842529 -0.494263 -0.560669 1.444216 -0.791767 -0.547781
1.824463 -0.509399 -0.618896 1.149914 -0.853238 -0.723888
1.797485 -0.506348 -0.673462 0.996117 -0.788682 -0.958855
1.728760 -0.505615 -0.732300 0.871039 -0.720328 -1.220878
1.646606 -0.525513 -0.799927 0.633461 -0.724363 -1.456083
1.534302 -0.545410 -0.905762 0.469696 -0.739552 -1.668265
1.415527 -0.503296 -1.001343 0.430061 -0.713682 -1.893738
1.323975 -0.433105 -1.064453 0.391374 -0.608303 -2.059164
1.220825 -0.408447 -1.086548 0.290267 -0.394460 -2.102597
1.145630 -0.373047 -1.066528 0.131012 -0.129113 -2.074591
1.056152 -0.334473 -1.031494 0.019937 0.174445 -2.027361
1.023560 -0.296143 -0.958984 -0.044857 0.496279 -1.954497
1.014526 -0.279175 -0.902222 -0.129350 0.701341 -1.899672
0.969971 -0.280273 -0.810913 -0.261786 0.814789 -1.880922
0.918579 -0.254639 -0.719360 -0.389238 0.837811 -1.909403
0.881104 -0.214966 -0.642212 -0.503161 0.763998 -1.902282
0.822998 -0.170532 -0.583984 -0.620645 0.647227 -1.866681
0.759888 -0.126587 -0.557007 -0.765422 0.495804 -1.786460
0.727173 -0.079956 -0.529053 -0.877210 0.346517 -1.639072
0.719482 -0.047729 -0.470337 -0.957668 0.241375 -1.481241
0.715210 -0.025269 -0.391602 -1.005373 0.227609 -1.325783
0.696533 0.000854 -0.308960 -1.004187 0.267957 -1.214945
0.642334 0.038940 -0.229614 -0.969298 0.385915 -1.142081
0.601440 0.092407 -0.147217 -0.887890 0.550392 -1.003712
0.604980 0.129272 -0.065674 -0.811466 0.637021 -0.813128
0.661377 0.139404 -0.017700 -0.768983 0.543747 -0.610439
0.707031 0.139404 -0.025757 -0.762337 0.371912 -0.441216
0.739502 0.130981 -0.027588 -0.797701 0.271992 -0.333700
0.772827 0.140869 -0.008057 -0.789631 0.262261 -0.272941
0.790161 0.151489 0.022583 -0.733619 0.295489 -0.237340
0.802124 0.145142 0.066040 -0.706325 0.332276 -0.212894
0.814697 0.144409 0.109497 -0.680217 0.348416 -0.172784
0.833862 0.140869 0.146729 -0.631325 0.357672 -0.143828
0.847412 0.140015 0.201538 -0.550155 0.397308 -0.142642
0.859619 0.150024 0.263916 -0.468035 0.415108 -0.161866
0.871704 0.156738 0.314575 -0.408700 0.349840 -0.175394
0.871704 0.167358 0.345459 -0.371675 0.248258 -0.171834
0.880127 0.181763 0.399414 -0.344143 0.135759 -0.144303
0.882324 0.198730 0.334839 -0.397308 -0.092325 -0.081170
0.899048 0.187378 0.278687 -0.331327 -0.204113 -0.008782
0.925293 0.212158 0.254272 -0.209571 -0.208385 0.031092
0.954102 0.213989 0.219116 -0.168037 -0.230695 0.088053
0.984131 0.205200 0.179932 -0.146202 -0.241612 0.128164
1.003906 0.195801 0.139526 -0.106091 -0.222863 0.122705
1.015015 0.206421 0.116089 -0.090427 -0.209097 0.082357
1.008057 0.246216 0.075073 -0.143828 -0.248495 0.032753
0.994141 0.234619 0.083496 -0.198654 -0.274365 -0.005459
0.984985 0.239258 0.066772 -0.136945 -0.307118 -0.011867
0.987671 0.259644 0.047852 -0.110838 -0.319460 -0.002848
0.994263 0.253296 0.042114 -0.121044 -0.295251 0.019225
0.994385 0.251343 0.035767 -0.117009 -0.222151 0.049367
0.992310 0.250000 0.045532 -0.093275 -0.144540 0.063370
1.002441 0.244751 0.044434 -0.079984 -0.109414 0.093749
1.018433 0.232178 0.034058 -0.068354 -0.097784 0.112737
1.022095 0.230103 0.034546 -0.056962 -0.064082 0.105616
1.023438 0.224976 0.041870 -0.059572 -0.025870 0.110126
1.024048 0.210449 0.063843 -0.067642 -0.011155 0.112262
1.023071 0.212402 0.064697 -0.056962 -0.020886 0.115110
1.026123 0.212891 0.063965 -0.042009 -0.051028 0.124841
1.026001 0.207642 0.048584 -0.046756 -0.104192 0.110601
1.037476 0.202515 0.034302 -0.050316 -0.131012 0.116771
1.051514 0.198608 0.036255 -0.046519 -0.099683 0.132436
1.060913 0.195313 0.037109 -0.030617 -0.053402 0.139556
1.061279 0.195679 0.050903 -0.014240 -0.024683 0.135521
1.071533 0.198730 0.046753 -0.003560 -0.040348 0.125790
1.073975 0.196045 0.026245 0.012816 -0.048655 0.116534
1.075928 0.195801 0.017944 0.016851 -0.013766 0.109651
1.071777 0.194214 0.025635 0.010443 0.005696 0.094699
1.071899 0.197388 0.037354 0.001424 -0.009256 0.085205
1.070801 0.200439 0.038940 0.000712 -0.025633 0.072389
1.065552 0.199951 0.038574 0.004272 -0.026819 0.057199
1.064331 0.199951 0.047241 0.005459 -0.026582 0.061708
1.068481 0.197266 0.050537 0.020886 -0.046281 0.063370
1.071533 0.191284 0.044922 0.033228 -0.065506 0.077610
1.076782 0.186646 0.048584 0.049841 -0.073338 0.082832
1.073853 0.183350 0.042847 0.072151 -0.082832 0.071439
1.081787 0.178589 0.030396 0.111075 -0.102531 0.084256
1.088623 0.178101 0.004028 0.149287 -0.121756 0.084018
1.093628 0.171753 -0.016846 0.154746 -0.134809 0.081170
1.106445 0.165161 -0.040161 0.138369 -0.123654 0.085680
1.106445 0.155884 -0.041748 0.117009 -0.083306 0.054588
1.093018 0.161011 -0.038208 0.079034 -0.046044 0.018275
1.087036 0.169434 -0.041016 0.058623 -0.014003 -0.002373
1.078857 0.169800 -0.039307 0.029905 0.000712 -0.023022
1.075806 0.170410 -0.029175 0.005696 0.006408 -0.027769
1.070923 0.179321 -0.031006 0.006646 0.011867 -0.041535
1.061401 0.179932 -0.027832 0.014952 0.016139 -0.050791
