1.054077 0.005615 -0.080322 -0.063370 -0.047705 -0.264634
1.005249 -0.007568 -0.139404 -0.074762 0.092325 -0.317087
1.007446 0.015747 -0.136475 -0.145964 0.319697 -0.304508
1.015869 0.044800 -0.091675 -0.206011 0.490345 -0.269144
1.009766 0.058960 -0.053345 -0.205537 0.523098 -0.238052
0.995972 0.047241 -0.037354 -0.147626 0.453083 -0.202689
0.937622 0.058838 -0.159790 -0.077610 0.471358 -0.126502
0.920776 0.011353 -0.047729 -0.060047 0.658857 0.059572
1.063599 0.036011 -0.046509 -0.205537 0.505772 0.167088
0.963013 0.097168 0.121216 -0.206011 0.612575 0.151186
1.108765 0.083740 -0.033203 -0.016139 0.294777 0.240426
1.120605 0.016846 -0.081787 0.044620 0.142404 0.172309
1.054565 0.072754 -0.089966 0.037737 0.110838 0.054826
1.011963 0.059692 -0.075684 0.009968 0.118195 0.037262
1.020142 0.047607 -0.066528 0.008782 0.058623 0.048180
1.004150 0.062866 -0.037109 0.012342 0.028718 0.042959
0.983643 0.071655 -0.010254 0.022785 0.019937 0.049604
0.973511 0.079468 0.011597 0.063607 -0.034177 0.074050
0.968628 0.089600 0.038452 0.134809 -0.121281 0.123654
0.973267 0.086792 0.061157 0.235916 -0.211945 0.194144
0.989746 0.094971 0.094360 0.365741 -0.322545 0.285046
1.041870 0.091675 0.121704 0.511231 -0.427687 0.401580
1.107788 0.052246 0.125977 0.683065 -0.512180 0.529981
1.187744 0.042603 0.129517 0.874599 -0.587180 0.634173
1.267700 0.040039 0.082886 1.073015 -0.716768 0.682591
1.386475 0.046265 0.000244 1.246274 -0.891213 0.675233
1.521484 0.054932 -0.108521 1.357112 -1.063047 0.597148
1.648560 0.052734 -0.225342 1.361621 -1.210910 0.428637
1.781250 0.052734 -0.337036 1.250071 -1.286622 0.219540
1.918945 0.039673 -0.445923 1.034566 -1.285198 -0.034889
1.988647 0.001221 -0.527344 0.739790 -1.175309 -0.387577
1.996460 -0.022095 -0.546021 0.385915 -0.916371 -0.778951
2.010498 -0.061768 -0.550293 0.051978 -0.609965 -1.119059
1.992798 -0.094116 -0.538818 -0.210996 -0.362419 -1.433535
1.934326 -0.125488 -0.524536 -0.402054 -0.196280 -1.743739
1.890747 -0.136841 -0.509155 -0.521674 -0.164477 -2.035668
1.822021 -0.142578 -0.511841 -0.581958 -0.209097 -2.334479
1.754639 -0.146484 -0.535645 -0.632037 -0.271992 -2.637800
1.556030 -0.146240 -0.624146 -0.737179 -0.308305 -2.855916
1.482422 -0.158447 -0.604858 -0.939868 -0.215980 -2.957735
1.372437 -0.175415 -0.607544 -1.131401 -0.167800 -3.132892
1.202026 -0.230469 -0.637817 -1.287808 -0.120569 -3.234711
1.012451 -0.246216 -0.619995 -1.405292 -0.123417 -3.292384
0.835205 -0.247070 -0.635742 -1.464390 -0.204350 -3.276957
0.670898 -0.274658 -0.650635 -1.476257 -0.406327 -3.167781
0.553223 -0.198120 -0.625000 -1.472459 -0.628714 -2.978858
0.495361 -0.133057 -0.594116 -1.533456 -0.632512 -2.738670
0.430420 -0.096069 -0.560547 -1.673486 -0.487260 -2.511772
0.362671 -0.061157 -0.539551 -1.827283 -0.365029 -2.326884
0.302856 -0.058960 -0.490234 -1.968738 -0.255853 -2.169528
0.221191 -0.063354 -0.435425 -2.052519 -0.263448 -2.051095
0.157104 -0.043701 -0.378174 -2.044687 -0.420804 -1.946902
0.090942 -0.019409 -0.328857 -1.993896 -0.645803 -1.809008
0.007446 -0.015015 -0.311279 -1.950700 -0.922067 -1.643107
-0.049805 0.000122 -0.310059 -1.926728 -1.121907 -1.419770
-0.062012 0.031494 -0.299194 -1.918422 -1.198806 -1.134487
-0.061768 0.070557 -0.277466 -1.914149 -1.183141 -0.857273
-0.042847 0.111938 -0.254395 -1.890415 -1.163917 -0.639157
-0.041138 0.131348 -0.247314 -1.862884 -1.251970 -0.478715
-0.006958 0.166016 -0.224854 -1.818264 -1.528946 -0.356960
0.036255 0.187500 -0.157471 -1.772932 -1.827283 -0.241138
0.047852 0.193604 -0.093018 -1.784324 -1.865020 -0.100632
0.033203 0.206421 -0.061646 -1.848406 -1.540576 0.056250
-0.008789 0.206909 -0.009521 -1.912725 -1.201179 0.212894
-0.045654 0.217041 0.022339 -1.926728 -1.039313 0.380219
-0.050537 0.244507 0.045288 -1.919608 -0.886703 0.573651
-0.028076 0.239868 0.079956 -1.926728 -0.701578 0.782748
0.028687 0.218628 0.134766 -1.922694 -0.599996 1.024598
0.120117 0.244263 0.219360 -1.854577 -0.536389 1.276653
0.244507 0.275513 0.299805 -1.724752 -0.447861 1.474595
0.351440 0.304321 0.369751 -1.572617 -0.296675 1.629341
0.422119 0.324219 0.412109 -1.417159 -0.123654 1.743264
0.461426 0.320068 0.460205 -1.262176 0.083306 1.843185
0.444946 0.317017 0.474731 -1.121670 0.369776 1.979893
0.467163 0.364624 0.524658 -1.031956 0.702053 2.136300
0.512085 0.380249 0.621582 -1.010120 0.943428 2.244290
0.499390 0.406372 0.684448 -1.017240 1.070167 2.292944
0.531738 0.401855 0.778687 -0.988048 1.034329 2.294131
0.536499 0.363159 0.897827 -0.871988 0.726261 2.291758
0.613403 0.346191 0.930298 -0.616135 0.357434 2.329257
0.690308 0.296631 0.950684 -0.309729 0.371438 2.408055
0.795410 0.307495 0.986206 -0.011392 0.391374 2.511297
0.904419 0.323730 0.984619 0.271280 0.352450 2.613117
0.998291 0.317383 0.945313 0.505535 0.365267 2.679809
1.063843 0.281372 0.920776 0.609490 0.641531 2.678148
1.065186 0.278809 0.910522 0.631800 0.997779 2.598402
1.059937 0.258057 0.923096 0.669774 1.269533 2.496108
1.039185 0.181885 0.914795 0.758777 1.211622 2.364384
1.096191 0.098389 1.005859 0.941054 0.630850 2.287248
1.152222 0.073853 0.986328 1.203790 0.665502 2.267549
1.222534 0.028198 0.934937 1.490260 0.669062 2.262090
1.307007 -0.004761 0.898315 1.750385 0.075712 2.289147
1.379761 -0.004272 0.778320 1.961143 -0.358858 2.283688
1.366455 -0.082397 0.710327 2.133926 -0.617322 2.211299
1.395996 -0.127686 0.563477 2.368656 -1.124518 2.133214
1.575195 -0.126221 0.395874 2.595791 -1.179107 2.083136
1.675049 -0.164185 0.216187 2.779729 -1.299675 1.968738
1.796997 -0.197510 0.049561 2.905045 -1.494532 1.902757
1.870361 -0.166748 -0.168213 2.918336 -1.582110 1.808296
1.974854 -0.108032 -0.167480 2.873479 -2.669366 1.634562
2.107422 -0.108765 -0.391479 2.913589 -2.993573 1.305372
2.135498 -0.093140 -0.528687 2.761454 -2.340175 0.886941
2.134399 -0.124756 -0.625854 2.472136 -1.663993 0.501975
2.110352 -0.172974 -0.658203 2.135588 -1.081322 0.140743
2.061401 -0.225952 -0.628052 1.838438 -0.446912 -0.150711
2.026489 -0.250732 -0.599609 1.668977 0.145015 -0.353874
2.015259 -0.271362 -0.605957 1.587806 0.585993 -0.525471
1.984253 -0.260376 -0.628906 1.535354 0.899520 -0.709410
1.950439 -0.252686 -0.637939 1.452048 1.131639 -0.911387
1.893555 -0.270508 -0.634521 1.335276 1.310118 -1.123806
1.827271 -0.270752 -0.665283 1.197619 1.370640 -1.328868
1.766846 -0.272583 -0.669800 1.029107 1.349992 -1.524437
1.720093 -0.314941 -0.657104 0.864156 1.269296 -1.726888
1.640259 -0.311646 -0.642456 0.725787 1.221828 -1.935035
1.553711 -0.292725 -0.627319 0.601895 1.135436 -2.136537
1.468262 -0.294312 -0.605713 0.474206 1.017478 -2.323087
1.380005 -0.292480 -0.570313 0.332751 0.940580 -2.463117
1.270996 -0.282715 -0.542725 0.185600 0.961465 -2.536693
1.166504 -0.274780 -0.516113 0.060284 1.001576 -2.562800
1.083618 -0.258179 -0.498657 -0.043196 1.002051 -2.535269
1.022217 -0.270630 -0.492798 -0.131487 0.983301 -2.475697
0.900024 -0.237793 -0.486694 -0.207910 1.015342 -2.397137
0.792969 -0.170410 -0.462524 -0.300235 1.001576 -2.274669
0.734863 -0.124390 -0.418335 -0.401105 0.913523 -2.109955
0.720093 -0.109131 -0.369629 -0.501263 0.773255 -1.940494
0.717529 -0.081787 -0.312622 -0.583145 0.647464 -1.787172
0.673706 -0.034180 -0.247925 -0.642955 0.571515 -1.652600
0.641846 0.022217 -0.209351 -0.676182 0.515266 -1.525386
0.609741 0.062622 -0.184326 -0.692559 0.439080 -1.446352
0.577515 0.087891 -0.144409 -0.709410 0.292641 -1.387966
0.561401 0.098022 -0.106323 -0.717954 0.112974 -1.285435
0.575806 0.127563 -0.066528 -0.719616 -0.053876 -1.148490
0.595947 0.161499 -0.027588 -0.726736 -0.189160 -1.034092
0.606934 0.185669 0.006836 -0.737179 -0.300947 -0.943190
0.629272 0.214111 0.026978 -0.747385 -0.362419 -0.861545
0.623169 0.238159 0.041992 -0.756641 -0.351976 -0.795802
0.606323 0.277100 0.063721 -0.773967 -0.302134 -0.744774
0.592773 0.303101 0.086914 -0.790818 -0.225473 -0.692322
0.582886 0.319214 0.117188 -0.810992 -0.144066 -0.631800
0.581421 0.336426 0.156372 -0.834726 -0.110126 -0.559174
0.599976 0.357056 0.202759 -0.845643 -0.139556 -0.476105
0.621216 0.383423 0.241333 -0.840185 -0.184176 -0.407039
0.622437 0.401367 0.279663 -0.828080 -0.240426 -0.359096
0.645142 0.417480 0.311523 -0.808144 -0.300473 -0.315663
0.654785 0.423950 0.339478 -0.778001 -0.327530 -0.290742
0.652466 0.434326 0.357178 -0.743350 -0.318748 -0.276739
0.645142 0.442993 0.380371 -0.713682 -0.268195 -0.247546
0.657837 0.451904 0.413452 -0.676657 -0.206961 -0.199128
0.666748 0.463501 0.424316 -0.610914 -0.152847 -0.160442
0.657715 0.467651 0.431030 -0.523573 -0.132199 -0.146914
