0.760010 0.033447 -0.971191 0.130300 -0.335124 -0.457117
0.703369 0.041382 -0.982910 0.162103 -0.561784 -0.448810
0.725098 0.071167 -1.009033 0.174445 -0.669300 -0.443352
0.751465 0.104858 -1.062256 0.166138 -0.721989 -0.471832
0.751221 0.104126 -1.107422 0.111787 -0.690186 -0.532829
0.722900 0.100830 -1.124146 0.016139 -0.565819 -0.609490
0.680298 0.095581 -1.176758 -0.099920 -0.407039 -0.675233
0.639648 0.087524 -1.207031 -0.210046 -0.344855 -0.722227
0.596436 0.073608 -1.220215 -0.306169 -0.276976 -0.757828
0.540405 0.064209 -1.252686 -0.383067 -0.270093 -0.786071
0.500488 0.051636 -1.272949 -0.460678 -0.289318 -0.791055
0.455078 0.042603 -1.282471 -0.551816 -0.282435 -0.758065
0.409912 0.054321 -1.278931 -0.662179 -0.243036 -0.694695
0.374756 0.070923 -1.267700 -0.796514 -0.204113 -0.628002
0.323364 0.067017 -1.250610 -0.941766 -0.201502 -0.569854
0.265259 0.067505 -1.226685 -1.089155 -0.214793 -0.517402
0.197021 0.049927 -1.206787 -1.224201 -0.227609 -0.453795
0.121948 0.027588 -1.183594 -1.349042 -0.225236 -0.363605
0.061890 0.013550 -1.155029 -1.469136 -0.220964 -0.238764
0.007202 0.002808 -1.118042 -1.584484 -0.196280 -0.080696
-0.026733 0.005859 -1.065063 -1.698170 -0.142167 0.095885
-0.057129 0.011719 -1.004150 -1.812330 -0.085680 0.269856
-0.075317 0.007935 -0.937134 -1.917947 -0.031566 0.441216
-0.089722 -0.010742 -0.867432 -2.011222 0.017089 0.620645
-0.098633 -0.036377 -0.780884 -2.094291 0.048180 0.809330
-0.087646 -0.059448 -0.693359 -2.159559 0.053402 1.004187
-0.064819 -0.080444 -0.591309 -2.194211 0.032753 1.201416
-0.043579 -0.098511 -0.508667 -2.194211 -0.042009 1.388441
0.005859 -0.104736 -0.415161 -2.149591 -0.150236 1.547459
0.053589 -0.114624 -0.327759 -2.067234 -0.239476 1.699594
0.112915 -0.131226 -0.245972 -1.957583 -0.316137 1.846270
0.160645 -0.147949 -0.166260 -1.822773 -0.357909 1.970399
0.197388 -0.155029 -0.096924 -1.659246 -0.384966 2.065573
0.225952 -0.165405 -0.023804 -1.459880 -0.402292 2.138911
0.248169 -0.179199 0.043213 -1.226337 -0.426738 2.207977
0.262451 -0.187744 0.094849 -0.961465 -0.472070 2.274669
0.284546 -0.195679 0.130005 -0.665739 -0.534490 2.340650
0.305908 -0.218018 0.145996 -0.333700 -0.652923 2.412564
0.337402 -0.257568 0.125488 0.018987 -0.842083 2.493022
0.389404 -0.286743 0.088623 0.369301 -1.075626 2.570633
0.451538 -0.291504 0.052856 0.696831 -1.311305 2.635664
0.529663 -0.293091 -0.001953 0.982589 -1.531794 2.666044
0.602661 -0.334961 -0.055420 1.207113 -1.698644 2.654176
0.682129 -0.370483 -0.098755 1.376099 -1.790495 2.619525
0.770020 -0.392212 -0.130981 1.519690 -1.855052 2.571107
0.845581 -0.413208 -0.158936 1.671350 -1.909640 2.487326
0.948730 -0.444092 -0.196655 1.840574 -1.973010 2.354890
1.042358 -0.475708 -0.221436 2.044212 -2.005525 2.181157
1.125122 -0.526001 -0.269653 2.288435 -1.948326 1.989149
1.208862 -0.598389 -0.357300 2.578702 -1.826096 1.789071
1.296143 -0.620605 -0.459595 2.892703 -1.726888 1.577838
1.380005 -0.647339 -0.591919 3.170392 -1.618661 1.326970
1.463013 -0.690430 -0.757568 3.362400 -1.463440 1.035278
1.547607 -0.721802 -0.940552 3.458760 -1.305134 0.722227
1.630493 -0.744751 -1.129639 3.471576 -1.182904 0.379507
1.680176 -0.725342 -1.282837 3.408919 -1.049756 0.005221
1.693970 -0.702271 -1.430542 3.272211 -0.817637 -0.370251
1.677124 -0.688477 -1.566528 3.065487 -0.533066 -0.717717
1.637451 -0.677124 -1.659424 2.801802 -0.281723 -1.040025
1.587646 -0.643677 -1.711060 2.504652 -0.077848 -1.346431
1.510376 -0.612061 -1.744873 2.208451 0.036788 -1.631952
1.395020 -0.573486 -1.777954 1.947377 0.018987 -1.909403
1.275879 -0.538330 -1.809204 1.731160 -0.073575 -2.162170
1.135254 -0.522705 -1.857300 1.549595 -0.175394 -2.342311
1.037231 -0.494263 -1.905273 1.360197 -0.175869 -2.421583
0.957520 -0.465942 -1.962646 1.143031 -0.086867 -2.437959
0.899658 -0.432129 -2.008789 0.894061 0.023971 -2.469526
0.835449 -0.419434 -2.035278 0.625629 0.103718 -2.550933
0.746460 -0.424438 -2.043335 0.346992 0.197230 -2.653939
0.664551 -0.444336 -2.023682 0.060759 0.358621 -2.723717
0.578979 -0.465210 -1.970459 -0.228321 0.585044 -2.730363
0.493530 -0.489258 -1.902344 -0.502212 0.808381 -2.693337
0.419067 -0.504883 -1.848267 -0.721277 0.944614 -2.635189
0.349609 -0.518677 -1.792236 -0.879820 0.999203 -2.562088
0.292603 -0.513672 -1.754395 -1.006086 0.990184 -2.491836
0.247070 -0.525513 -1.722046 -1.133300 0.933934 -2.431551
0.213013 -0.533936 -1.693848 -1.275941 0.835675 -2.359637
0.192871 -0.540527 -1.651978 -1.441842 0.742875 -2.259717
0.170166 -0.547607 -1.587769 -1.626493 0.694695 -2.144132
0.167969 -0.533325 -1.513062 -1.806634 0.659569 -2.031633
0.165894 -0.513672 -1.409546 -1.966839 0.621594 -1.930051
0.150391 -0.498901 -1.312622 -2.095003 0.595012 -1.846982
0.151489 -0.477173 -1.210693 -2.181632 0.590503 -1.766286
0.147095 -0.459961 -1.108032 -2.226727 0.588367 -1.670164
0.149048 -0.407593 -1.012695 -2.242154 0.566294 -1.565259
0.159668 -0.360229 -0.925903 -2.231711 0.545408 -1.464390
0.160889 -0.308228 -0.845703 -2.203230 0.514791 -1.373726
0.151978 -0.255249 -0.756958 -2.167392 0.469696 -1.284248
0.133301 -0.202271 -0.676270 -2.130366 0.449048 -1.186701
0.125854 -0.154785 -0.599609 -2.089544 0.457829 -1.060674
0.121216 -0.108643 -0.524536 -2.041126 0.451896 -0.904741
0.114746 -0.063721 -0.447510 -1.982029 0.433146 -0.732669
0.120239 -0.051880 -0.386719 -1.919846 0.386390 -0.557512
0.135376 -0.043701 -0.328369 -1.855526 0.288368 -0.382593
0.164063 -0.046021 -0.274902 -1.777204 0.161629 -0.208147
0.218262 -0.053223 -0.235840 -1.678945 -0.014240 -0.044145
0.285767 -0.045898 -0.200806 -1.561462 -0.203163 0.099683
0.363647 -0.026733 -0.161987 -1.427602 -0.332514 0.218353
0.446777 0.003784 -0.141479 -1.281875 -0.380931 0.317799
0.512085 0.047974 -0.120361 -1.134487 -0.348653 0.384966
0.563843 0.080322 -0.109863 -0.995405 -0.256328 0.408937
0.593262 0.083008 -0.119263 -0.862495 -0.142404 0.409887
0.611206 0.099487 -0.124512 -0.730533 -0.066930 0.406089
0.622314 0.096558 -0.152588 -0.594537 -0.023497 0.401342
0.655273 0.111328 -0.183594 -0.447861 0.002848 0.407276
0.701416 0.146362 -0.234131 -0.295726 -0.008307 0.428399
0.743530 0.181763 -0.305786 -0.157357 -0.049604 0.431247
0.774292 0.206177 -0.376831 -0.057199 -0.079984 0.387102
0.778809 0.216309 -0.436401 0.002136 -0.096123 0.316849
0.765015 0.226074 -0.496948 0.044145 -0.125078 0.257752
0.770874 0.228760 -0.553589 0.071439 -0.138844 0.237103
0.790405 0.235962 -0.616699 0.079272 -0.169224 0.243748
0.818726 0.260498 -0.658081 0.062895 -0.186075 0.243036
0.842773 0.268921 -0.688477 0.022547 -0.141217 0.219065
0.843994 0.269409 -0.705688 -0.035601 -0.043433 0.187024
0.844604 0.270752 -0.706177 -0.092563 0.074050 0.158306
0.836670 0.264771 -0.695313 -0.131487 0.163765 0.133623
0.824707 0.258057 -0.683594 -0.152610 0.244223 0.113211
0.816772 0.256226 -0.660522 -0.151898 0.324919 0.105616
0.806885 0.260132 -0.634033 -0.127689 0.358858 0.096835
0.790649 0.267090 -0.623657 -0.085205 0.341533 0.076661
0.769653 0.278076 -0.619019 -0.040111 0.271517 0.046044
0.735352 0.275757 -0.617798 0.000949 0.179667 0.020649
0.721436 0.283325 -0.617310 0.031566 0.121518 0.008070
0.702515 0.288208 -0.627197 0.052927 0.038449 0.003323
0.692993 0.284790 -0.630371 0.068591 -0.046044 0.003797
0.692017 0.278198 -0.643311 0.077373 -0.063607 0.005221
0.690186 0.265015 -0.657837 0.083069 -0.116771 0.002373
0.690308 0.258789 -0.679321 0.093275 -0.187499 -0.010443
0.683472 0.250488 -0.700073 0.098022 -0.228796 -0.021598
0.691650 0.247192 -0.731812 0.098734 -0.261312 -0.019699
0.698242 0.245605 -0.757202 0.102768 -0.293353 -0.015427
0.701538 0.248047 -0.774536 0.095173 -0.291454 -0.015427
0.715454 0.252686 -0.789429 0.073338 -0.239239 -0.012104
0.714844 0.256958 -0.788208 0.040585 -0.176106 -0.007595
0.714233 0.256348 -0.782959 0.005221 -0.099683 -0.011392
0.706665 0.248047 -0.773926 -0.024921 -0.027294 -0.018038
0.697876 0.247559 -0.761841 -0.045569 0.015664 -0.018513
0.689209 0.254517 -0.743774 -0.053164 0.033702 -0.013291
0.684448 0.251343 -0.728882 -0.054826 0.029193 -0.008307
0.688477 0.261230 -0.718506 -0.058860 -0.004984 -0.001661
0.689331 0.249634 -0.701416 -0.068117 -0.033228 0.005459
0.695679 0.248657 -0.686523 -0.079984 -0.002373 0.016851
0.704834 0.251587 -0.677612 -0.082832 0.007358 0.025158
0.712036 0.250244 -0.673340 -0.067879 -0.008307 0.020649
0.714111 0.246826 -0.668213 -0.044145 -0.022310 0.004509
0.726440 0.241699 -0.670166 -0.023259 -0.019225 -0.011392
0.725708 0.243774 -0.673828 -0.005221 -0.000237 -0.020886
0.725952 0.252441 -0.671997 0.008307 0.020411 -0.028481
0.722046 0.253296 -0.669434 0.014478 0.045569 -0.038449
