1.177490 0.127197 0.697632 -0.393748 0.735755 -0.928475
1.121338 0.136108 0.746704 -0.343906 0.780138 -0.948174
1.084717 0.142822 0.743774 -0.289318 0.755454 -0.899757
1.012817 0.223022 0.936768 -0.234492 1.155847 -0.780612
1.003906 0.097534 0.860474 -0.123180 0.399681 -0.619458
1.036987 0.090698 0.927368 -0.012342 0.123417 -0.565345
1.104980 0.128418 0.953735 0.124604 -0.047943 -0.565345
1.135132 0.148438 0.977661 0.266533 -0.164002 -0.650550
1.154541 0.156860 0.989990 0.389713 -0.403004 -0.782511
1.148438 0.166748 1.009521 0.516452 -0.652923 -0.960041
1.109131 0.163818 1.014648 0.671436 -0.903554 -1.159882
1.054565 0.150024 0.985718 0.836625 -1.125230 -1.348805
0.989258 0.125854 0.947998 0.981877 -1.259802 -1.496905
0.911255 0.095825 0.918091 1.102920 -1.277840 -1.582585
0.838379 0.083130 0.894653 1.217081 -1.218742 -1.603471
0.761475 0.075562 0.871704 1.334090 -1.114787 -1.584246
0.679443 0.058838 0.842285 1.471747 -0.983301 -1.539152
0.590454 0.053223 0.808960 1.632664 -0.858222 -1.470560
0.511963 0.047729 0.766479 1.811381 -0.784884 -1.351890
0.440918 0.026855 0.713379 1.989624 -0.765660 -1.227999
0.368042 0.027832 0.674438 2.150066 -0.778239 -1.101496
0.315918 0.017090 0.640991 2.289384 -0.856324 -0.968111
0.251221 -0.019043 0.608276 2.430127 -0.979741 -0.828792
0.192871 -0.019653 0.575684 2.581788 -1.104344 -0.679505
0.135254 -0.032715 0.532227 2.755758 -1.280926 -0.522386
0.169312 -0.015381 0.477539 2.950852 -1.467000 -0.346279
-0.082520 -0.093872 0.493164 3.168967 -1.901808 -0.109889
0.000488 -0.103638 0.419678 3.447368 -2.127044 0.177768
-0.034790 -0.185059 0.448242 3.721733 -1.987250 0.436469
-0.001587 -0.254883 0.388184 4.099579 -2.061300 0.781087
0.023804 -0.312866 0.328369 4.532250 -2.002677 1.151100
0.072876 -0.388916 0.214966 4.977975 -1.926254 1.551493
0.158447 -0.467529 0.099976 5.392371 -1.766524 1.987013
0.258057 -0.512573 0.005371 5.745059 -1.526810 2.441282
0.387939 -0.533325 -0.130493 6.074962 -1.475782 2.858289
0.610962 -0.579834 -0.345093 6.366653 -1.578313 3.154490
0.853394 -0.549561 -0.589722 6.525197 -1.708850 3.271261
1.066650 -0.444214 -0.816772 6.463488 -1.753233 3.130518
1.254761 -0.351318 -1.031616 6.184613 -1.794055 2.765489
1.343262 -0.316650 -1.205200 5.696879 -1.809957 2.254733
1.355225 -0.327026 -1.324463 5.048228 -1.823248 1.718344
1.388916 -0.344360 -1.343994 4.299182 -1.728549 1.274992
1.372437 -0.344604 -1.326050 3.515959 -1.507348 0.992082
1.388428 -0.359253 -1.219727 2.790172 -1.249359 0.815501
1.430420 -0.443848 -1.089600 2.209875 -1.044772 0.663603
1.464844 -0.556396 -0.988647 1.867156 -0.939630 0.529981
1.512207 -0.611206 -0.969238 1.743502 -0.918744 0.421042
1.553345 -0.635132 -1.032227 1.748249 -0.977130 0.299523
1.593384 -0.632935 -1.141724 1.773881 -1.018427 0.121044
1.594482 -0.609253 -1.266602 1.709087 -0.968586 -0.115585
1.596436 -0.568726 -1.346802 1.508772 -0.850153 -0.372150
1.558716 -0.568726 -1.410278 1.191686 -0.628714 -0.644616
1.490234 -0.550659 -1.465820 0.788919 -0.322783 -0.908301
1.396851 -0.533813 -1.448730 0.312102 -0.050079 -1.129265
1.299561 -0.537109 -1.393311 -0.166850 0.172784 -1.281638
1.250122 -0.565674 -1.296265 -0.608778 0.376896 -1.371590
1.203369 -0.576538 -1.181519 -0.965738 0.592164 -1.431399
1.192017 -0.585327 -1.079590 -1.216844 0.731245 -1.493108
1.198120 -0.574585 -1.023804 -1.375150 0.745011 -1.569057
1.191650 -0.550415 -0.979248 -1.498567 0.671436 -1.673724
1.187866 -0.522095 -0.946045 -1.623645 0.594775 -1.800226
1.177979 -0.482910 -0.920776 -1.776017 0.574126 -1.938833
1.177368 -0.432739 -0.919922 -1.972298 0.591689 -2.094528
1.174438 -0.405029 -0.921387 -2.225065 0.654585 -2.279416
1.142822 -0.370117 -0.903198 -2.526487 0.788919 -2.505127
1.073242 -0.351196 -0.844971 -2.849982 0.976418 -2.761454
0.985596 -0.402954 -0.760376 -3.152828 1.189075 -3.001168
0.896851 -0.446655 -0.666504 -3.384710 1.435671 -3.186056
0.767944 -0.433716 -0.584473 -3.517620 1.646904 -3.291910
0.661987 -0.407593 -0.503052 -3.598553 1.740416 -3.335106
0.584473 -0.371216 -0.416138 -3.636053 1.710274 -3.307100
0.540771 -0.314087 -0.352295 -3.625610 1.556715 -3.242543
0.489746 -0.243774 -0.305542 -3.625610 1.330530 -3.175138
0.439575 -0.187012 -0.272461 -3.679487 1.166528 -3.104174
0.372070 -0.112671 -0.192749 -3.807413 1.071354 -3.000931
0.365845 -0.151978 -0.172241 -3.942697 1.005848 -2.884397
0.331421 -0.116089 -0.075806 -3.984231 1.190499 -2.810584
0.264648 -0.075195 0.001343 -3.994674 1.326732 -2.721818
0.205933 -0.030640 0.107178 -3.984943 1.426415 -2.627832
0.143799 0.020630 0.204834 -3.923947 1.422855 -2.519130
0.105957 0.068115 0.296631 -3.791036 1.261938 -2.383609
0.084839 0.102051 0.363525 -3.596417 0.969060 -2.228388
0.079468 0.136841 0.418213 -3.377115 0.658145 -2.048484
0.072510 0.193970 0.484619 -3.183445 0.430061 -1.870716
0.061890 0.247925 0.564575 -3.022054 0.271517 -1.704578
0.072266 0.308105 0.617188 -2.878463 0.149050 -1.532981
0.073364 0.344360 0.671875 -2.743891 0.084018 -1.378235
0.081787 0.384399 0.716919 -2.610031 0.031566 -1.249597
0.083740 0.418335 0.740234 -2.485427 -0.009968 -1.137097
0.075928 0.431641 0.765259 -2.368656 -0.008307 -1.018664
0.083130 0.463745 0.788696 -2.247850 0.033465 -0.869615
0.084839 0.504028 0.807739 -2.113040 0.102531 -0.701103
0.114502 0.519775 0.831177 -1.953548 0.144066 -0.542323
0.134033 0.529053 0.852783 -1.753233 0.138844 -0.410124
0.153809 0.565674 0.857056 -1.544373 0.075237 -0.278875
0.198853 0.591309 0.845337 -1.345482 -0.026345 -0.118907
0.273438 0.616699 0.858521 -1.169613 -0.085917 0.047231
0.341919 0.651489 0.823242 -1.012019 -0.094699 0.156170
0.404053 0.681641 0.799927 -0.898570 0.014003 0.214793
0.438354 0.708008 0.782593 -0.806482 0.146202 0.256328
0.448486 0.711792 0.769775 -0.732195 0.241138 0.289080
0.474487 0.698242 0.748657 -0.651024 0.243748 0.328004
0.499512 0.697144 0.719727 -0.553952 0.209334 0.379744
0.530151 0.699341 0.681152 -0.464475 0.169461 0.421279
0.565430 0.709717 0.635864 -0.406564 0.131487 0.450472
0.590820 0.717896 0.601196 -0.392798 0.128401 0.454981
0.625610 0.721436 0.588501 -0.416058 0.126740 0.428162
0.647095 0.734741 0.591431 -0.449760 0.118907 0.367877
0.642700 0.727539 0.593872 -0.475155 0.093512 0.281486
0.628296 0.716064 0.595215 -0.490345 0.000712 0.214318
0.619385 0.720947 0.610352 -0.507434 -0.018987 0.190110
0.621338 0.716309 0.632080 -0.514791 -0.014478 0.181091
0.617676 0.684326 0.655151 -0.494617 -0.008307 0.172784
0.608276 0.677368 0.665405 -0.449997 0.009731 0.177768
0.599121 0.677368 0.670288 -0.392561 0.017801 0.192958
0.609253 0.654541 0.664795 -0.325156 0.006408 0.206961
0.609741 0.639282 0.647827 -0.259176 0.005696 0.234730
0.618286 0.637695 0.617798 -0.210758 0.024446 0.278637
0.634766 0.632202 0.603516 -0.185837 0.052927 0.318036
0.648804 0.638184 0.586060 -0.169936 0.048892 0.340109
0.662231 0.641968 0.574707 -0.162578 0.024209 0.345330
0.670654 0.640259 0.568726 -0.160205 -0.006171 0.332751
0.698486 0.637329 0.555298 -0.158781 -0.020886 0.309729
0.697388 0.641235 0.547729 -0.171597 -0.016376 0.268195
0.687012 0.627686 0.542969 -0.202451 0.006883 0.220489
0.677734 0.613770 0.552612 -0.230695 0.040823 0.192483
0.679810 0.603638 0.564819 -0.232831 0.041535 0.184176
0.692017 0.591553 0.563354 -0.220252 0.020174 0.185837
0.696289 0.583862 0.561646 -0.213369 0.004035 0.187736
0.708740 0.581055 0.562378 -0.217166 0.007595 0.186787
0.709106 0.580444 0.574829 -0.222625 0.026819 0.177768
0.713623 0.591919 0.589355 -0.226423 0.042959 0.155933
0.706299 0.586670 0.598877 -0.220964 0.043671 0.122230
0.695313 0.574341 0.601440 -0.206723 0.038924 0.091613
0.686646 0.571899 0.592407 -0.185837 0.029668 0.065981
0.668945 0.564209 0.587280 -0.163290 0.011155 0.039636
0.651245 0.563354 0.579468 -0.147626 -0.024921 0.022785
0.635498 0.562378 0.580322 -0.139793 -0.062895 0.018750
0.635254 0.561035 0.582397 -0.130062 -0.098022 0.028243
0.635742 0.554443 0.578247 -0.113449 -0.132436 0.047705
0.642456 0.553223 0.572021 -0.100632 -0.141929 0.077848
0.665405 0.554077 0.576294 -0.096835 -0.118433 0.110363
0.688232 0.555908 0.584351 -0.093037 -0.076424 0.118433
0.697388 0.546509 0.593018 -0.084493 -0.043196 0.109889
0.695557 0.545288 0.589722 -0.069066 -0.017801 0.100870
0.691406 0.549316 0.585938 -0.059098 0.017801 0.090189
0.683472 0.544678 0.581665 -0.055300 0.049604 0.075712
0.675049 0.545776 0.576660 -0.047231 0.045807 0.057911
0.662720 0.545654 0.572144 -0.036550 0.024683 0.044857
0.647705 0.540283 0.571045 -0.017326 -0.019225 0.036550
