0.784180 0.270874 -0.240112 -0.261786 0.082594 -0.605692
0.729736 0.281250 -0.265991 -0.323495 -0.003797 -0.533541
0.664063 0.247192 -0.277954 -0.447386 -0.031804 -0.398969
0.570557 0.190308 -0.271240 -0.611151 0.114161 -0.224524
0.433228 0.102295 -0.207886 -0.753555 0.342007 -0.019225
0.386475 0.137451 -0.052734 -0.782036 0.712970 0.242324
0.346436 0.100220 0.063965 -0.599284 0.993981 0.527845
0.266724 0.117554 0.113403 -0.202214 1.069218 0.728397
0.203125 0.130127 0.050415 0.262024 0.869140 0.792717
0.133423 0.175293 -0.068115 0.623730 0.511231 0.768745
0.088013 0.196411 -0.185913 0.759014 0.077848 0.684727
0.027588 0.203979 -0.268555 0.677369 -0.295963 0.571041
-0.030273 0.179077 -0.268921 0.457117 -0.619695 0.497465
-0.059692 0.125854 -0.215576 0.215030 -0.891450 0.503636
-0.016479 0.083984 -0.108276 0.046993 -1.120009 0.590265
0.039795 -0.001587 -0.016479 -0.005459 -1.171274 0.748334
0.113892 -0.069946 0.040161 0.067167 -1.120721 0.925390
0.208252 -0.100098 0.071411 0.233305 -1.071829 1.100547
0.323486 -0.121948 0.058594 0.406801 -0.949361 1.298963
0.391479 -0.126343 0.019043 0.535677 -0.692796 1.522775
0.474731 -0.122803 -0.010132 0.632275 -0.498415 1.731872
0.558350 -0.119141 -0.041626 0.702527 -0.404191 1.885431
0.612183 -0.131348 -0.069458 0.720090 -0.301659 1.982741
0.634033 -0.140625 -0.095703 0.687100 -0.180379 2.072218
0.645386 -0.153931 -0.094604 0.633461 -0.076898 2.165730
0.673584 -0.132202 -0.086914 0.598098 -0.084730 2.222217
0.727539 -0.107788 -0.055420 0.609490 -0.211708 2.224828
0.839233 -0.032715 -0.097778 0.710122 -0.399444 2.200619
0.973633 0.003906 -0.139404 0.840897 -0.631325 2.144132
1.065063 0.049805 -0.240723 0.944140 -0.682353 2.043975
1.143066 0.082397 -0.349365 0.970959 -0.618983 1.934323
1.170044 0.085938 -0.423706 0.926339 -0.477766 1.835590
1.240112 0.088257 -0.492920 0.801973 -0.277925 1.797615
1.369019 0.098511 -0.537354 0.627290 -0.074288 1.853628
1.523682 0.105835 -0.542236 0.435757 0.173258 1.934086
1.692505 0.107300 -0.524048 0.253954 0.409649 1.911301
1.814819 0.124146 -0.510864 0.109414 0.565107 1.757030
1.922729 0.139404 -0.493408 0.003560 0.585518 1.521589
1.997803 0.156982 -0.470459 -0.075949 0.537101 1.219454
2.024780 0.156128 -0.471802 -0.139556 0.454507 0.844694
1.979126 0.115356 -0.447510 -0.207910 0.342957 0.424602
1.868652 0.054077 -0.407715 -0.300947 0.259176 0.049129
1.710815 -0.021484 -0.340576 -0.402766 0.294302 -0.163053
1.527832 -0.093994 -0.273438 -0.480851 0.562022 -0.129113
1.360718 -0.146973 -0.193604 -0.528082 0.846355 0.097784
1.295288 -0.167847 -0.105469 -0.545883 1.083221 0.376659
1.236328 -0.172974 -0.033691 -0.509332 1.218268 0.558224
1.181274 -0.181274 0.014160 -0.412260 1.212334 0.609727
1.108032 -0.195190 0.026611 -0.272229 1.023174 0.575788
1.059814 -0.202148 0.019775 -0.125316 0.729347 0.508858
1.064941 -0.200684 0.000244 -0.017563 0.423652 0.421754
1.050293 -0.197144 -0.030151 0.045095 0.217641 0.327292
1.060791 -0.184448 -0.048096 0.086867 0.003797 0.227135
1.075562 -0.168945 -0.060913 0.133385 -0.187736 0.143591
1.086426 -0.157227 -0.072754 0.183701 -0.254191 0.092088
1.086182 -0.129517 -0.084839 0.229271 -0.225236 0.072626
1.084106 -0.117676 -0.090088 0.271755 -0.136708 0.090427
1.048218 -0.107422 -0.120728 0.309729 -0.017801 0.148100
1.030884 -0.093140 -0.168213 0.324207 0.114873 0.242087
1.011597 -0.078125 -0.187866 0.291217 0.195806 0.328479
1.029541 -0.072021 -0.190674 0.221201 0.154509 0.358858
1.034424 -0.087158 -0.178955 0.140743 0.083306 0.333700
1.088013 -0.124756 -0.218628 0.075237 0.000712 0.276976
1.136963 -0.123169 -0.165771 0.009731 0.056487 0.174920
1.154053 -0.131348 -0.219238 -0.065981 -0.007358 -0.004035
1.086548 -0.130249 -0.217773 -0.124604 0.002611 -0.199841
1.031006 -0.180420 -0.171143 -0.173021 -0.057199 -0.328004
1.034912 -0.185425 -0.171143 -0.186787 -0.257989 -0.336311
1.065430 -0.201050 -0.138306 -0.158069 -0.246834 -0.270805
1.063354 -0.213867 -0.110962 -0.115110 -0.014240 -0.199128
1.055786 -0.209961 -0.082764 -0.055063 0.224049 -0.156645
1.069946 -0.197388 -0.063599 0.038686 0.326106 -0.146202
1.037720 -0.185913 -0.097168 0.143354 0.312815 -0.173733
0.995483 -0.184082 -0.119019 0.210996 0.255378 -0.225711
0.974243 -0.162842 -0.167114 0.204350 0.122942 -0.238764
0.984009 -0.160400 -0.209351 0.142879 0.053164 -0.187499
0.881836 -0.183350 -0.123901 0.044383 0.046044 -0.130062
0.919678 -0.112061 -0.175537 -0.037974 -0.097310 -0.082120
1.046143 -0.167114 -0.199829 -0.082594 -0.153559 0.003560
1.086548 -0.064575 -0.153320 -0.168512 0.121281 0.098734
1.199585 -0.074097 -0.150146 -0.253005 0.308068 0.192720
1.284790 -0.078735 -0.115479 -0.248733 0.223812 0.238290
1.343018 -0.107178 -0.110229 -0.157357 0.159967 0.212182
1.395752 -0.105591 -0.118896 -0.050553 0.124129 0.128401
1.394165 -0.116821 -0.159790 0.035601 0.112262 0.006646
1.391846 -0.119507 -0.193359 0.058148 0.111550 -0.109651
1.437378 -0.100586 -0.193726 0.002611 0.144066 -0.189872
1.475708 -0.054932 -0.165649 -0.086392 0.252767 -0.238290
1.532593 -0.051025 -0.135376 -0.162578 0.268907 -0.258701
1.661621 -0.005005 -0.074707 -0.163053 0.145727 -0.303084
1.802612 0.026855 -0.083374 -0.062420 0.009968 -0.388051
1.894409 0.058228 -0.111450 0.073101 -0.084256 -0.514554
1.930786 0.070801 -0.197510 0.141217 -0.027531 -0.629426
1.885010 0.061768 -0.262451 0.078322 0.201739 -0.685913
1.852661 0.056396 -0.273315 -0.083544 0.389713 -0.719141
1.804688 0.022583 -0.230103 -0.271280 0.447149 -0.817163
1.785645 0.000732 -0.166382 -0.402292 0.370014 -0.998253
1.745728 -0.034180 -0.121460 -0.475393 0.268432 -1.189075
1.742554 -0.054565 -0.096436 -0.530930 0.198654 -1.326970
1.791260 -0.038330 -0.053711 -0.572939 0.151186 -1.418108
1.900391 -0.010498 -0.013550 -0.577212 0.073575 -1.501415
2.057373 -0.019165 0.002930 -0.536389 -0.060522 -1.610354
2.240601 -0.051270 -0.005493 -0.457355 -0.255615 -1.777441
2.387451 -0.125244 -0.065674 -0.372387 -0.374048 -2.016680
2.450562 -0.211060 -0.132690 -0.330615 -0.369301 -2.322375
2.423950 -0.331787 -0.157959 -0.350789 -0.238052 -2.663907
2.295776 -0.447998 -0.141602 -0.390425 -0.026345 -3.019681
2.051147 -0.560791 -0.117432 -0.411311 0.244698 -3.359789
1.770020 -0.630981 -0.122314 -0.415345 0.437655 -3.634629
1.494385 -0.684082 -0.113159 -0.433858 0.510756 -3.827349
1.225342 -0.716309 -0.117188 -0.473257 0.534728 -3.980671
0.974365 -0.728516 -0.079468 -0.528319 0.529981 -4.108123
0.715820 -0.734497 -0.026367 -0.566057 0.539949 -4.179325
0.421265 -0.690430 0.031494 -0.549205 0.557038 -4.190955
0.119629 -0.643799 0.051636 -0.462102 0.447386 -4.120939
-0.136597 -0.542603 0.091675 -0.351501 0.312340 -3.907570
-0.399048 -0.454834 0.123169 -0.267482 0.317324 -3.524503
-0.574097 -0.380859 0.126343 -0.196755 0.375235 -2.995472
-0.664307 -0.275146 0.132080 -0.074288 0.299761 -2.414937
-0.652832 -0.152222 0.147461 0.116534 0.056724 -1.909165
-0.628784 -0.053833 0.064087 0.337973 -0.262498 -1.527759
-0.566772 0.084595 0.071411 0.506721 -0.488921 -1.273331
-0.466309 0.181885 -0.066284 0.619933 -1.100072 -1.128316
-0.379028 0.260742 -0.191528 0.668113 -1.677996 -1.078237
-0.258057 0.358398 -0.276001 0.607828 -2.122297 -1.106006
-0.155640 0.391479 -0.274170 0.470408 -2.530522 -1.202129
0.021973 0.426880 -0.457031 0.328716 -2.735584 -1.319849
0.156982 0.494629 -0.386719 0.152610 -2.524826 -1.398646
0.175537 0.441406 -0.276611 -0.107752 -2.209401 -1.375150
0.130859 0.374634 -0.260864 -0.327055 -1.521351 -1.201179
0.027710 0.389160 -0.200928 -0.424602 -0.578398 -0.839947
-0.019775 0.409546 -0.225830 -0.450235 0.198654 -0.380219
0.007080 0.463501 -0.251221 -0.491769 0.666926 0.015902
0.049561 0.515137 -0.233521 -0.571278 0.898808 0.248021
0.082520 0.552856 -0.208740 -0.676182 0.926339 0.324919
0.064575 0.556396 -0.168701 -0.756404 0.810042 0.298811
0.063843 0.553467 -0.156738 -0.764710 0.585518 0.251818
0.064575 0.543091 -0.114136 -0.722701 0.229745 0.245647
0.090942 0.544678 -0.164551 -0.663129 0.012816 0.296438
0.050415 0.528442 -0.129517 -0.621119 -0.128638 0.381643
0.031128 0.501831 -0.166504 -0.576025 -0.162103 0.505297
0.040039 0.505859 -0.165283 -0.519063 -0.174682 0.670486
0.081177 0.529297 -0.139038 -0.460203 -0.305932 0.879583
0.140503 0.479126 -0.141479 -0.393748 -0.435282 1.114787
0.239258 0.473877 -0.115356 -0.309729 -0.480377 1.337175
0.352539 0.500000 -0.080688 -0.222388 -0.438368 1.547221
0.477295 0.503784 -0.056763 -0.108227 -0.357672 1.745163
0.625488 0.480591 -0.050171 0.046519 -0.311390 1.887805
0.780029 0.449707 -0.064087 0.215030 -0.308542 1.939307
0.937012 0.421875 -0.095459 0.357909 -0.316849 1.884007
