0.396118 0.364014 0.250977 0.046519 0.320647 0.087104
0.383179 0.360962 0.323853 0.159255 0.343194 0.275552
0.310425 0.343262 0.300781 0.416532 0.182989 0.424602
0.133789 0.511230 0.215088 0.597623 0.109414 0.597860
0.031616 0.363403 0.288574 0.523573 -0.062183 1.363995
0.318604 -0.018677 0.169556 0.559174 -0.417007 1.990336
0.390625 0.137451 0.102905 0.614711 -0.193907 1.837489
0.438477 0.078003 0.021362 0.609965 -0.074762 1.988912
0.575562 -0.045166 -0.070557 0.533541 -0.146676 2.314543
0.671387 -0.149170 -0.125000 0.581958 -0.297150 2.474035
0.745605 -0.184082 -0.243164 0.759489 -0.569379 2.487801
0.828857 -0.214111 -0.361084 0.926102 -0.966924 2.502041
0.897095 -0.252686 -0.429321 0.947462 -1.237967 2.545475
1.024780 -0.228149 -0.493408 0.839235 -1.157746 2.620474
1.176270 -0.273438 -0.590698 0.654110 -1.095800 2.768574
1.328369 -0.324951 -0.684570 0.459253 -1.095325 2.974586
1.493652 -0.439697 -0.864258 0.274840 -0.988522 3.170866
1.625854 -0.513672 -1.032104 0.169698 -0.907827 3.276483
1.765015 -0.655518 -1.147461 0.056724 -0.907589 3.341514
1.882690 -0.680298 -1.187866 0.148575 -0.682116 3.040566
1.876587 -0.605225 -1.178833 0.209571 -0.363605 2.443893
1.812988 -0.476685 -1.197510 0.059335 -0.155933 1.896586
1.818481 -0.377075 -1.159058 -0.298099 0.093275 1.590417
1.852417 -0.360229 -1.030640 -0.688762 0.217878 1.394374
1.877319 -0.318237 -0.890869 -1.004899 0.495804 1.157983
1.903687 -0.250000 -0.791992 -1.232745 0.678081 0.962652
1.966553 -0.192871 -0.698853 -1.463440 0.834963 0.818112
2.029663 -0.166138 -0.551758 -1.793106 1.099360 0.672385
2.061035 -0.174927 -0.351318 -2.127518 1.466051 0.495804
2.096558 -0.176392 -0.127441 -2.413988 1.767948 0.283622
2.158325 -0.212646 0.078369 -2.644208 1.962804 0.118670
2.217896 -0.262573 0.314575 -2.873716 2.152914 -0.083781
2.219360 -0.312134 0.573608 -2.933526 2.300777 -0.400156
2.193481 -0.336426 0.836060 -2.898400 2.316441 -0.777289
2.135742 -0.354370 1.066040 -2.746502 2.209163 -1.183853
2.039429 -0.368164 1.229126 -2.475934 1.980842 -1.586145
1.892212 -0.339111 1.335449 -2.135588 1.702679 -2.010272
1.704590 -0.278809 1.383911 -1.776017 1.362571 -2.398798
1.521240 -0.217407 1.380737 -1.417871 0.988048 -2.692626
1.348633 -0.162476 1.344238 -1.074202 0.669774 -2.906469
1.204956 -0.131836 1.287598 -0.793903 0.417956 -3.016595
1.068604 -0.084595 1.210327 -0.519301 0.255615 -3.077117
0.923218 -0.048828 1.140137 -0.277688 0.188923 -3.127196
0.782593 0.009155 1.065552 -0.061946 0.116534 -3.130993
0.673096 0.075684 0.973633 0.145727 0.006883 -3.063588
0.590942 0.130615 0.861572 0.341058 -0.103480 -2.972924
0.516357 0.163208 0.757324 0.512418 -0.149524 -2.845947
0.471680 0.187134 0.664429 0.681879 -0.131249 -2.701170
0.433228 0.197144 0.587646 0.873650 -0.068354 -2.581076
0.374878 0.212402 0.515381 1.105056 0.023259 -2.503465
0.273315 0.241943 0.429688 1.339786 0.128876 -2.493972
0.134033 0.286377 0.341431 1.554579 0.191059 -2.443893
0.010132 0.325317 0.202393 1.709562 0.104192 -2.273720
-0.050293 0.372437 0.061157 1.757742 -0.059335 -1.989624
-0.076294 0.375732 -0.039185 1.590417 -0.117246 -1.659721
-0.152588 0.370483 -0.071289 1.303948 -0.032278 -1.407903
-0.217163 0.396362 -0.058472 1.004899 0.103718 -1.155135
-0.258301 0.424683 -0.035034 0.758302 0.200553 -0.852052
-0.275269 0.408691 -0.007813 0.628477 0.265109 -0.531168
-0.270142 0.394043 0.030396 0.578161 0.260362 -0.200315
-0.235474 0.350586 0.037598 0.621594 0.179429 0.115585
-0.197021 0.309814 -0.001953 0.757115 0.075000 0.376659
-0.195679 0.263062 -0.049805 0.892637 0.000000 0.595012
-0.172363 0.245361 -0.099487 0.978079 -0.074525 0.820485
-0.168701 0.193604 -0.149780 1.031244 -0.173258 1.096987
-0.115479 0.184692 -0.227661 1.050943 -0.351264 1.426890
-0.001831 0.163330 -0.279175 0.975706 -0.530218 1.791682
0.083130 0.101807 -0.294067 0.820960 -0.614711 2.104259
0.132446 0.061279 -0.263428 0.690660 -0.568667 2.294843
0.197388 0.051392 -0.230713 0.649838 -0.535202 2.484715
0.302368 0.003662 -0.231201 0.679505 -0.550629 2.764777
0.473511 -0.083618 -0.268799 0.651262 -0.552291 3.083525
0.666626 -0.203735 -0.267700 0.602607 -0.439080 3.355992
0.870605 -0.284790 -0.230347 0.551579 -0.289080 3.477747
1.053101 -0.326904 -0.203857 0.527845 -0.210046 3.471339
1.238892 -0.356201 -0.163696 0.614711 -0.171122 3.401324
1.392700 -0.345215 -0.171753 0.671436 -0.227135 3.263904
1.615601 -0.444824 -0.225830 0.697543 -0.118907 3.144521
1.777588 -0.463135 -0.225586 0.769695 0.196043 2.975060
1.899170 -0.379761 -0.175415 0.734806 0.543984 2.703543
1.925049 -0.386353 -0.118652 0.528557 0.696356 2.488513
1.938843 -0.437256 -0.079468 0.380456 0.701578 2.266362
2.005615 -0.340210 -0.090942 0.324682 0.652686 1.904656
2.015503 -0.306641 -0.041382 0.341533 0.597386 1.583060
1.974731 -0.303589 0.005249 0.188211 0.654110 1.302998
1.940918 -0.271484 0.042358 0.125790 0.675708 1.025785
1.880493 -0.229858 0.042114 0.147151 0.602844 0.800549
1.810181 -0.203491 0.028076 0.122705 0.483225 0.590265
1.740723 -0.180542 0.019409 0.044857 0.348178 0.383779
1.644531 -0.150269 0.025146 -0.067642 0.245173 0.198179
1.568970 -0.107056 0.066406 -0.182989 0.147626 0.097547
1.531738 -0.102539 0.078735 -0.229271 0.053876 0.060522
1.484863 -0.113403 0.100220 -0.217878 0.060284 0.050316
1.432495 -0.068359 0.115723 -0.181091 0.091139 -0.020411
1.373291 -0.055786 0.076416 -0.084256 0.068829 -0.042009
1.320068 -0.063477 0.047607 -0.084256 0.068829 -0.065981
1.278442 -0.069092 0.056030 -0.140031 0.094224 -0.078797
1.236938 -0.064697 0.080322 -0.186549 0.104430 -0.104667
1.198120 -0.061890 0.102417 -0.210758 0.069066 -0.145015
1.168823 -0.056152 0.114380 -0.226185 0.013054 -0.151186
1.150024 -0.072266 0.127686 -0.241850 -0.027769 -0.150236
1.132568 -0.095215 0.127808 -0.240188 -0.057436 -0.148575
1.103394 -0.094360 0.136963 -0.204587 -0.042959 -0.153322
1.077148 -0.082031 0.146851 -0.156170 -0.023734 -0.153084
1.065186 -0.079956 0.148071 -0.115347 -0.046993 -0.136233
1.061401 -0.082764 0.139893 -0.087816 -0.094936 -0.131249
1.065918 -0.082764 0.131470 -0.082594 -0.127926 -0.132673
1.064819 -0.091431 0.132568 -0.094936 -0.139319 -0.131724
1.049072 -0.096436 0.133545 -0.086155 -0.144066 -0.158543
1.036865 -0.092407 0.112671 -0.039636 -0.140980 -0.168274
1.035156 -0.086914 0.101196 -0.004984 -0.122230 -0.146202
1.023438 -0.078613 0.091064 -0.017089 -0.120806 -0.139793
1.018433 -0.079834 0.091553 -0.032753 -0.135521 -0.119620
1.022095 -0.074219 0.079956 -0.023497 -0.155933 -0.107278
1.023682 -0.067993 0.066162 -0.005696 -0.172072 -0.107990
1.012207 -0.062012 0.068237 -0.005696 -0.161154 -0.104667
0.992188 -0.051880 0.072754 -0.012104 -0.153084 -0.116771
0.986694 -0.052246 0.058228 0.018750 -0.146439 -0.089240
0.996582 -0.049438 0.040527 0.046756 -0.105379 -0.039398
1.012329 -0.056519 0.048096 0.056250 -0.049841 -0.008544
1.020386 -0.059082 0.048218 0.056487 -0.014952 0.016376
1.031494 -0.069092 0.055054 0.064082 -0.004984 0.028718
1.041870 -0.071533 0.050659 0.080696 -0.000712 0.033228
1.053833 -0.078369 0.026978 0.084256 -0.003797 0.046756
1.077515 -0.086182 0.030029 0.029193 -0.011867 0.043908
1.086914 -0.086548 0.049561 -0.030617 -0.018513 0.028006
1.091675 -0.087158 0.056274 -0.037500 -0.013766 0.010206
1.090210 -0.087280 0.036621 -0.025870 -0.005696 0.005696
1.102295 -0.087280 0.029541 -0.052690 0.004272 0.009731
1.101196 -0.091553 0.037720 -0.101819 0.006646 -0.008544
1.096558 -0.095093 0.049438 -0.141217 -0.002611 -0.031329
1.111450 -0.096313 0.057739 -0.150474 -0.028243 -0.034414
1.107666 -0.106567 0.061401 -0.131961 -0.025158 -0.065031
1.088501 -0.091309 0.078125 -0.098971 0.038686 -0.078797
1.079224 -0.086304 0.089966 -0.086155 0.065743 -0.059335
1.096924 -0.092651 0.093262 -0.075474 0.039398 -0.037737
1.110596 -0.096436 0.094482 -0.052215 0.010206 -0.029668
1.106323 -0.095215 0.100342 -0.024921 -0.003085 -0.053402
1.102051 -0.103271 0.093384 0.007832 -0.024683 -0.066693
1.099976 -0.102539 0.076660 0.045095 -0.038686 -0.071439
1.096191 -0.103271 0.057129 0.056250 -0.027769 -0.090664
1.090210 -0.096436 0.051025 0.056724 -0.014240 -0.100395
1.075317 -0.086548 0.053955 0.050553 -0.015427 -0.123417
1.059814 -0.073975 0.049805 0.043908 -0.024683 -0.139319
1.046143 -0.069336 0.041504 0.047943 -0.026345 -0.135521
1.044067 -0.064575 0.031128 0.033228 -0.008307 -0.135759
1.032593 -0.070679 0.042358 0.009494 0.024921 -0.135284
1.022339 -0.065186 0.059570 -0.015664 0.050791 -0.126028
1.018921 -0.064453 0.073120 -0.012342 0.062658 -0.119857
1.024292 -0.063721 0.072510 -0.009968 0.073813 -0.091376
