0.332031 0.547363 0.470337 0.307118 -0.560360 0.675470
0.304077 0.521729 0.483765 0.501737 -0.332751 0.798413
0.267090 0.471558 0.453125 0.810754 0.043671 0.932035
0.157349 0.444214 0.422241 1.155610 0.396358 1.087731
0.036133 0.384766 0.329346 1.564785 0.628002 1.412412
-0.017578 0.321411 0.091309 1.779815 0.554427 1.831318
0.174927 0.154297 -0.296509 1.717394 0.364317 2.145319
0.160034 0.129028 -0.394653 1.306558 0.599522 2.515332
0.268311 0.177979 -0.218140 0.449997 0.455931 3.246815
0.521484 -0.140991 -0.135376 -0.344381 -0.290742 4.093171
0.773438 -0.422974 -0.223877 -0.571278 -0.971434 4.318407
0.950195 -0.515747 -0.603638 0.025158 -1.547459 3.995386
1.041748 -0.438110 -0.872192 0.619221 -1.375387 3.552272
1.108887 -0.465210 -0.922485 0.798650 -0.866055 3.350058
1.202637 -0.514526 -0.882568 0.536626 -0.567718 3.443095
1.458862 -0.574219 -0.857422 0.224287 -0.411548 3.567225
1.612671 -0.639038 -0.859131 0.141455 -0.116771 3.501956
1.806885 -0.578003 -0.827637 0.284571 0.374998 3.259869
2.016846 -0.640381 -0.610474 0.234255 0.676420 3.153066
2.129272 -0.636475 -0.719971 -0.639632 0.024209 3.143335
2.232910 -0.842041 -0.792358 -1.180768 -0.031329 3.032259
2.407227 -0.890015 -0.687866 -1.164866 0.513367 2.576566
2.414551 -0.834351 -0.627197 -1.414073 0.832827 1.932662
2.339722 -0.722534 -0.460449 -1.538202 1.209961 1.319375
2.229126 -0.636230 -0.288574 -1.704103 1.426890 0.846830
2.137695 -0.561157 -0.112061 -1.819925 1.530133 0.494854
2.033081 -0.507935 0.015625 -1.882820 1.529658 0.204350
1.969727 -0.401611 0.116943 -1.930526 1.418108 -0.006646
1.932983 -0.323608 0.235840 -2.041838 1.320561 -0.178243
1.878174 -0.264038 0.334717 -2.145793 1.244138 -0.404665
1.848755 -0.243286 0.430542 -2.284875 1.188363 -0.621594
1.827271 -0.267944 0.551147 -2.448640 1.195008 -0.824045
1.782104 -0.300415 0.691406 -2.566123 1.286384 -1.089155
1.735107 -0.288940 0.835205 -2.596977 1.378472 -1.366843
1.684082 -0.277588 0.969116 -2.539304 1.403630 -1.605370
1.623169 -0.279297 1.094482 -2.430602 1.378947 -1.851729
1.530640 -0.262207 1.203979 -2.296742 1.284248 -2.078389
1.447266 -0.224609 1.271240 -2.121347 1.093664 -2.280365
1.375366 -0.188232 1.283569 -1.885906 0.848966 -2.484715
1.286743 -0.172607 1.266724 -1.592791 0.644142 -2.680047
1.146240 -0.153320 1.211304 -1.310593 0.466136 -2.892941
0.997437 -0.126465 1.148193 -1.062098 0.275315 -3.048636
0.890747 -0.081543 1.082520 -0.895010 0.069066 -3.108920
0.805786 -0.026611 1.009888 -0.757590 -0.123654 -3.163983
0.738525 0.012573 0.967773 -0.681641 -0.242087 -3.231625
0.673218 0.039673 0.932373 -0.585756 -0.270805 -3.330122
0.569458 0.066162 0.887695 -0.406327 -0.187736 -3.441671
0.403198 0.080322 0.819458 -0.148575 -0.097547 -3.473712
0.237305 0.136475 0.717651 0.177768 -0.051978 -3.369757
0.162231 0.226196 0.619141 0.436469 -0.040823 -3.153303
0.103760 0.304565 0.560181 0.676420 0.080933 -2.864460
0.033936 0.307739 0.550049 0.909963 0.240663 -2.566123
-0.028442 0.331177 0.500000 1.095325 0.306406 -2.296267
-0.074341 0.372681 0.437622 1.310356 0.327530 -2.050620
-0.112549 0.394775 0.361938 1.484563 0.360045 -1.801175
-0.154419 0.416138 0.311035 1.541525 0.395884 -1.555528
-0.171875 0.430542 0.270020 1.528234 0.371438 -1.313204
-0.202148 0.414307 0.225220 1.476494 0.341533 -1.069930
-0.214844 0.389404 0.185913 1.433535 0.262498 -0.831878
-0.260132 0.369141 0.140015 1.435671 0.093987 -0.620882
-0.292603 0.347656 0.104004 1.383456 -0.200078 -0.347704
-0.357300 0.290894 0.007324 1.186227 -0.635360 -0.075000
-0.414795 0.250854 -0.125488 0.941766 -0.985437 0.177768
-0.475586 0.214355 -0.172852 0.926814 -1.003949 0.492244
-0.488281 0.234741 -0.142822 1.100310 -0.903554 0.896197
-0.443970 0.217896 -0.147095 1.206875 -0.948412 1.479105
-0.313599 0.151855 -0.207520 1.197382 -1.064234 2.206315
-0.110474 0.062012 -0.263672 1.155373 -1.053079 2.885821
0.076172 -0.084839 -0.278564 1.161781 -0.889314 3.421498
0.304932 -0.188721 -0.308960 1.240340 -0.740502 3.791274
0.577026 -0.284424 -0.367554 1.357586 -0.636547 4.101715
0.858154 -0.372803 -0.439819 1.462253 -0.502449 4.326001
1.138062 -0.470093 -0.443359 1.486937 -0.277213 4.355669
1.447510 -0.564697 -0.396973 1.348805 -0.152847 4.225132
1.661133 -0.562134 -0.430054 1.091765 -0.156882 4.053298
1.933472 -0.512573 -0.428223 1.117635 -0.149762 3.879327
2.120483 -0.573486 -0.445801 1.092477 -0.167088 3.684945
2.304565 -0.491699 -0.452637 0.834014 -0.149524 3.274821
2.362915 -0.475586 -0.402344 0.611389 -0.060522 2.730363
2.373413 -0.388184 -0.288940 0.349365 0.064082 2.192075
2.274536 -0.335571 -0.201172 0.217878 0.096597 1.668265
2.163086 -0.264038 -0.193481 0.215030 0.066693 1.224439
2.087646 -0.237061 -0.150024 0.226185 0.208622 0.956244
1.962646 -0.118408 -0.083862 0.105616 0.381406 0.649838
1.851318 -0.080322 -0.050293 0.053639 0.457829 0.441453
1.754028 -0.049194 0.006714 -0.045332 0.480377 0.302609
1.669067 -0.040283 0.044922 -0.086629 0.499601 0.181328
1.580322 -0.032471 0.110352 -0.093037 0.567718 0.104904
1.519775 -0.007690 0.184692 -0.099920 0.655534 0.107990
1.479614 0.005493 0.233643 -0.103718 0.647939 0.091613
1.436401 -0.002319 0.251953 -0.031804 0.521911 0.037500
1.386597 -0.010742 0.203003 0.107278 0.315900 -0.037025
1.327393 -0.011719 0.142700 0.168274 0.131961 -0.129350
1.245972 -0.029419 0.106201 0.114161 0.008070 -0.242799
1.148804 -0.034912 0.083252 0.037974 -0.077373 -0.341295
1.063232 -0.028931 0.066650 -0.022073 -0.163765 -0.381406
1.007202 0.002319 0.072266 -0.068354 -0.203875 -0.361707
0.976196 0.000732 0.081055 -0.093275 -0.198891 -0.310916
0.956421 0.003296 0.083008 -0.101819 -0.171834 -0.296675
0.938721 -0.018433 0.063354 -0.064794 -0.128638 -0.298811
0.934326 -0.019165 0.039429 -0.014003 -0.104430 -0.290267
0.937134 -0.025513 0.020508 -0.009256 -0.092088 -0.291217
0.933594 -0.029907 0.028320 -0.012342 -0.054351 -0.308305
0.903687 -0.016235 0.043945 0.003085 0.006408 -0.315663
0.885010 -0.000122 0.056885 0.015190 0.073813 -0.282672
0.903809 -0.003418 0.068970 0.000712 0.125790 -0.181803
0.935059 0.002441 0.078735 -0.009731 0.145964 -0.093037
0.972656 0.012207 0.111206 -0.021361 0.146202 -0.029430
0.997192 0.002930 0.139648 -0.028481 0.158543 0.041297
1.026978 -0.006592 0.147583 0.008070 0.162341 0.085443
1.055176 -0.022705 0.131958 0.070490 0.161391 0.123180
1.080444 -0.016479 0.130127 0.107040 0.169936 0.164477
1.102173 -0.032349 0.147949 0.084730 0.165426 0.197704
1.127563 -0.035889 0.147827 0.082120 0.114161 0.219540
1.180786 -0.050781 0.140381 0.084493 0.017089 0.227372
1.201904 -0.075439 0.137451 0.067879 -0.046993 0.205537
1.191650 -0.062134 0.133911 0.080221 -0.061234 0.141217
1.179932 -0.050781 0.123779 0.084493 -0.077610 0.087816
1.183105 -0.060547 0.123901 0.046756 -0.073101 0.064794
1.163818 -0.060059 0.127563 0.069541 -0.058860 0.019699
1.155273 -0.058350 0.117798 0.112025 -0.075949 -0.015664
1.146973 -0.058838 0.094360 0.153322 -0.074288 -0.031804
1.123047 -0.059570 0.090332 0.173496 -0.055775 -0.048655
1.101807 -0.053345 0.086548 0.204825 -0.057674 -0.063845
1.094604 -0.049194 0.063721 0.242799 -0.102056 -0.064794
1.073242 -0.051514 0.053101 0.260837 -0.149999 -0.068829
1.051514 -0.033081 0.038452 0.259888 -0.215980 -0.069303
1.053711 -0.024658 0.023682 0.280299 -0.274603 -0.038686
1.069702 -0.034912 0.019531 0.290505 -0.260125 -0.035838
1.082520 -0.034912 0.023071 0.294539 -0.197230 -0.063845
1.071045 -0.044067 0.018188 0.321833 -0.117721 -0.114161
1.061646 -0.035400 0.001831 0.341533 -0.055538 -0.140505
1.057129 -0.042236 -0.029053 0.298574 -0.009494 -0.125078
1.053955 -0.050049 -0.018921 0.181328 0.025395 -0.109414
1.058960 -0.048828 0.019531 0.037974 0.011630 -0.091139
1.068115 -0.051758 0.047485 -0.037737 -0.063607 -0.079272
1.067139 -0.049316 0.053711 -0.040585 -0.137420 -0.089715
1.053345 -0.042480 0.055542 -0.030617 -0.162815 -0.085205
1.049072 -0.036377 0.055054 -0.012342 -0.145490 -0.073338
1.057739 -0.035522 0.042114 0.000000 -0.102056 -0.060047
1.062134 -0.037598 0.044189 0.006646 -0.018275 -0.076898
1.054565 -0.043579 0.059570 0.001424 0.056487 -0.119145
1.055542 -0.041748 0.045532 0.015427 0.086392 -0.131249
1.068237 -0.036377 0.027954 0.032753 0.068829 -0.141455
1.082886 -0.041260 0.041260 0.015427 0.049841 -0.161866
1.074463 -0.041748 0.060791 -0.008544 0.019937 -0.180379
1.053955 -0.018677 0.057251 0.025870 -0.050316 -0.199603
1.056274 -0.008667 0.040527 0.070965 -0.118907 -0.181091
1.043823 -0.006836 0.033203 0.087341 -0.131249 -0.138844
1.042358 0.007446 0.022339 0.101344 -0.112737 -0.111313
