0.262695 0.256104 -0.025391 -0.863444 0.903792 0.191771
0.243042 0.308472 0.022461 -0.651974 0.700629 0.519775
0.272705 0.309448 -0.016724 -0.412735 0.645566 0.677132
0.165771 0.255127 -0.029297 -0.323969 0.524759 0.835438
-0.006470 0.247681 -0.324585 -0.259650 0.663603 1.043823
-0.041504 0.171387 -0.150391 -0.548968 1.180768 1.494532
0.067871 0.240967 -0.061890 -0.989709 0.852289 2.045636
0.265991 0.103394 -0.066162 -0.864631 0.587892 2.562563
0.445313 -0.016479 -0.133057 -0.557987 0.344381 2.842862
0.590210 -0.105957 -0.185181 -0.362419 0.291454 2.926406
0.830933 -0.155518 -0.184082 -0.315425 0.292403 2.948004
0.946045 -0.237549 -0.236694 -0.357197 0.445488 3.063351
1.165405 -0.360718 -0.216064 -0.161391 0.768270 2.992624
1.291626 -0.417358 -0.168091 0.048892 1.237255 2.559003
1.395630 -0.313354 -0.126465 -0.076661 1.622933 2.097851
1.514038 -0.255127 -0.013184 -0.447624 1.643107 1.979418
1.728149 -0.194946 0.134277 -0.877684 1.101971 2.024275
1.924194 -0.284424 0.202148 -0.994693 1.155135 2.111142
2.063599 -0.265137 0.333252 -1.118585 1.241290 1.938121
2.199707 -0.248047 0.447510 -1.047857 1.094613 1.723328
2.339355 -0.239380 0.496948 -0.875311 0.874836 1.553867
2.494507 -0.236938 0.536743 -0.696594 0.724363 1.383694
2.639771 -0.247314 0.541260 -0.509570 0.702765 1.136623
2.715332 -0.282837 0.536377 -0.276501 0.690423 0.749046
2.730225 -0.278320 0.528320 -0.052215 0.618509 0.256802
2.682861 -0.263062 0.503052 0.182277 0.455456 -0.247071
2.618530 -0.237549 0.458374 0.337023 0.211708 -0.710597
2.516479 -0.204468 0.391968 0.421042 -0.089240 -1.119297
2.364746 -0.206909 0.333740 0.421991 -0.400156 -1.494532
2.233521 -0.164307 0.249878 0.402529 -0.679268 -1.815416
2.057251 -0.194458 0.187134 0.429111 -0.863681 -2.040414
1.910522 -0.174927 0.085083 0.361469 -0.978791 -2.268736
1.771240 -0.163818 -0.012329 0.280774 -0.885279 -2.440570
1.661987 -0.179565 0.032715 0.248970 -0.676420 -2.492073
1.521973 -0.138672 -0.001343 0.073575 -0.670012 -2.546187
1.356323 -0.147705 0.008911 0.018750 -0.608066 -2.650616
1.184326 -0.138306 -0.007690 -0.097784 -0.590977 -2.904570
1.024780 -0.087158 -0.008301 -0.322783 -0.585281 -3.245391
0.859375 -0.031860 -0.024902 -0.478241 -0.605455 -3.466592
0.707031 0.005737 -0.037720 -0.558936 -0.621832 -3.526165
0.546997 0.044556 -0.056763 -0.630376 -0.638208 -3.480833
0.370850 0.073364 -0.089722 -0.648651 -0.600946 -3.359077
0.239746 0.113159 -0.096069 -0.605930 -0.530218 -3.195787
0.143433 0.155273 -0.088867 -0.496753 -0.423652 -2.986215
0.077759 0.188965 -0.054688 -0.326818 -0.288131 -2.761454
0.032837 0.246094 -0.029907 -0.161629 -0.190347 -2.549272
-0.014404 0.269165 -0.021118 -0.047943 -0.126265 -2.319052
-0.044067 0.284668 -0.002930 -0.009494 -0.045569 -2.090256
-0.053589 0.300903 0.038208 -0.038924 -0.020886 -1.888042
-0.056274 0.312012 0.058105 -0.140268 -0.109414 -1.720005
-0.083130 0.320068 0.080811 -0.192483 -0.174208 -1.627680
-0.153320 0.344604 0.118164 -0.165189 -0.198416 -1.554104
-0.250610 0.391968 0.126343 -0.129113 -0.297150 -1.395798
-0.340576 0.400879 0.093628 -0.086867 -0.425788 -1.078712
-0.392822 0.409790 0.046265 -0.055775 -0.556326 -0.589079
-0.393677 0.399170 -0.016846 -0.017089 -0.626341 -0.015664
-0.354248 0.371582 -0.089355 0.032753 -0.569617 0.559648
-0.214844 0.392456 -0.140259 0.044383 -0.414159 1.148252
-0.068359 0.343872 -0.114624 0.034652 -0.120569 1.684404
0.037842 0.304565 -0.067139 -0.024921 0.174445 2.088594
0.130859 0.308105 -0.084473 -0.159967 0.320409 2.339938
0.236938 0.301636 -0.049316 -0.220014 0.465899 2.583924
0.356323 0.246460 -0.053833 -0.224524 0.594300 2.863273
0.488159 0.182983 -0.013794 -0.234730 0.779426 3.075693
0.573730 0.177490 0.005981 -0.334650 0.903792 3.171578
0.703125 0.184692 0.013306 -0.433383 0.980927 3.310185
0.825684 0.063354 0.024780 -0.526658 0.988048 3.598791
1.041382 -0.029053 0.022217 -0.436706 1.021750 3.699898
1.220581 -0.084717 0.008545 -0.440741 1.394849 3.463981
1.323975 -0.099731 0.026611 -0.688524 1.779815 3.306387
1.514404 -0.061035 0.172119 -1.071117 1.552680 3.606860
1.714233 -0.132202 0.305908 -1.164866 1.240103 3.711765
1.811279 -0.178833 0.347656 -0.999915 1.120721 3.438823
1.983154 -0.196045 0.337891 -0.787258 1.087731 3.152828
1.999756 -0.215698 0.255127 -0.653872 1.001813 2.960820
2.067627 -0.188477 0.327271 -0.812890 0.988997 2.781391
2.073120 -0.193237 0.413696 -0.984487 0.778951 2.529098
2.081055 -0.207886 0.457520 -0.975231 0.569379 2.312881
2.171143 -0.224365 0.467407 -0.896434 0.417244 2.145556
2.247681 -0.255249 0.512939 -0.843507 0.389475 1.828707
2.231812 -0.301025 0.558960 -0.773967 0.429111 1.362571
2.181030 -0.331909 0.527222 -0.580060 0.396121 0.910912
2.124878 -0.320801 0.463867 -0.386865 0.272704 0.506247
2.069092 -0.319458 0.438232 -0.396833 0.071202 0.166613
2.028809 -0.326172 0.460571 -0.530693 -0.186075 -0.147626
1.979736 -0.338013 0.470337 -0.608540 -0.465899 -0.483937
1.935303 -0.335815 0.455933 -0.618034 -0.720328 -0.792005
1.863647 -0.339966 0.436279 -0.610439 -0.878871 -1.058300
1.795654 -0.315918 0.412354 -0.575076 -0.947462 -1.273093
1.702393 -0.305908 0.354126 -0.456405 -0.904266 -1.458456
1.592651 -0.292114 0.282837 -0.314239 -0.754979 -1.649515
1.477417 -0.258301 0.231934 -0.246597 -0.594775 -1.719768
1.387085 -0.224487 0.187988 -0.224049 -0.525709 -1.747774
1.306274 -0.198242 0.156128 -0.244698 -0.584332 -1.781951
1.220337 -0.162964 0.127197 -0.299049 -0.681167 -1.833691
1.129395 -0.131348 0.115601 -0.376184 -0.759252 -1.902757
1.029175 -0.103760 0.102417 -0.449048 -0.812653 -1.948326
0.930420 -0.091797 0.078613 -0.508383 -0.844219 -1.979181
0.836914 -0.040894 0.073975 -0.609015 -0.815501 -2.036142
0.733521 -0.011719 0.082520 -0.693983 -0.647464 -2.055130
0.619751 0.018799 0.127930 -0.725075 -0.414871 -2.046348
0.527954 0.080933 0.163696 -0.723651 -0.284096 -1.956159
0.498291 0.128296 0.183716 -0.692322 -0.254666 -1.799514
0.455322 0.154663 0.193481 -0.636309 -0.282198 -1.638123
0.424194 0.182861 0.187622 -0.483462 -0.300947 -1.476731
0.420776 0.214111 0.176758 -0.347466 -0.316849 -1.294217
0.421631 0.219727 0.161621 -0.280536 -0.327767 -1.110990
0.429688 0.230225 0.162109 -0.235679 -0.335836 -0.938681
0.446045 0.242554 0.154663 -0.188448 -0.336786 -0.790581
0.462524 0.252930 0.157471 -0.154271 -0.303084 -0.639395
0.489380 0.262451 0.152832 -0.146439 -0.260125 -0.478241
0.519897 0.265503 0.150269 -0.146676 -0.253717 -0.341058
0.551147 0.264404 0.143066 -0.148338 -0.286944 -0.229033
0.571411 0.268677 0.135742 -0.126265 -0.323732 -0.141929
0.589722 0.270874 0.124023 -0.107278 -0.369539 -0.052690
0.618652 0.274048 0.119751 -0.086392 -0.418668 0.060284
0.665405 0.266235 0.092163 -0.054588 -0.444776 0.170885
0.720825 0.256470 0.070068 -0.008782 -0.417719 0.278637
0.777710 0.253418 0.065918 0.004509 -0.354112 0.356960
0.830322 0.242920 0.068237 0.039873 -0.288606 0.395884
0.890625 0.237793 0.048340 0.095173 -0.229033 0.435045
0.942505 0.231201 0.032227 0.147626 -0.170410 0.446200
0.998901 0.227905 0.013550 0.167325 -0.118195 0.432671
1.037720 0.217041 0.001709 0.173733 -0.084256 0.409887
1.058960 0.217896 -0.013428 0.181091 -0.082120 0.354824
1.082275 0.215088 -0.028687 0.175869 -0.098496 0.310678
1.099365 0.219116 -0.039063 0.159967 -0.114161 0.276501
1.118042 0.218140 -0.047852 0.147863 -0.128401 0.244935
1.140991 0.223755 -0.070923 0.142879 -0.139793 0.241612
1.163330 0.225830 -0.098022 0.118907 -0.137183 0.213844
1.161987 0.223022 -0.100586 0.075712 -0.070490 0.162341
1.158203 0.231079 -0.091919 0.018987 0.022785 0.131961
1.154297 0.234009 -0.065430 -0.029668 0.082832 0.093749
1.146851 0.232788 -0.049561 -0.062895 0.103006 0.056962
1.144287 0.223267 -0.031250 -0.083069 0.113686 0.034177
1.140381 0.219727 -0.011475 -0.098259 0.109651 0.015902
1.149658 0.213501 -0.000366 -0.105616 0.076186 0.011392
1.147583 0.201172 0.008057 -0.107515 0.029430 -0.007358
1.131714 0.197632 0.009033 -0.113211 -0.001899 -0.033465
1.120605 0.192749 0.013428 -0.116059 -0.007595 -0.042009
1.110229 0.192993 0.020874 -0.119382 -0.005459 -0.051503
1.101318 0.184814 0.030640 -0.121281 -0.009968 -0.055775
1.094849 0.183105 0.035034 -0.110601 -0.012816 -0.062895
1.085327 0.182007 0.038574 -0.110601 -0.007595 -0.072626
1.081421 0.180786 0.053589 -0.112737 0.012104 -0.066455
1.071899 0.181641 0.061035 -0.105379 0.027057 -0.071677
1.069458 0.179688 0.047241 -0.086867 0.026582 -0.068591
1.054443 0.182007 0.047363 -0.089477 0.028243 -0.051978
1.051514 0.186401 0.063843 -0.111075 0.024446 -0.047705
1.049072 0.185913 0.075439 -0.124366 -0.002848 -0.040585
