0.808960 0.351074 -0.307861 -0.321596 0.380456 -0.534490
0.778442 0.387573 -0.282227 -0.431247 0.490345 -0.502924
0.788452 0.400024 -0.208496 -0.527133 0.548019 -0.413921
0.780151 0.384644 -0.161499 -0.576974 0.565819 -0.330852
0.660889 0.461792 -0.146240 -0.544459 0.623493 -0.233305
0.631226 0.331299 -0.087280 -0.436469 0.848966 0.005696
0.695435 0.342529 -0.077393 -0.424364 0.749283 0.226897
0.764648 0.382690 -0.043579 -0.358621 0.590265 0.355061
0.801636 0.410278 -0.077515 -0.195331 0.430298 0.370963
0.800171 0.427612 -0.137939 -0.080221 0.381168 0.332988
0.790161 0.432861 -0.164429 -0.046044 0.385915 0.295489
0.798828 0.431641 -0.161987 -0.045807 0.349365 0.263210
0.779175 0.423218 -0.161377 -0.040111 0.260600 0.218353
0.770996 0.420410 -0.164551 -0.022785 0.142642 0.172072
0.753906 0.410767 -0.186768 -0.019699 0.035364 0.139319
0.710083 0.372925 -0.210693 -0.051028 -0.017563 0.135521
0.663574 0.333008 -0.234253 -0.098022 -0.025158 0.184651
0.643066 0.321655 -0.225586 -0.160442 0.005221 0.281960
0.634033 0.289429 -0.202637 -0.217878 0.043433 0.370251
0.588867 0.241943 -0.185059 -0.253242 0.074050 0.414871
0.513306 0.207031 -0.163086 -0.264872 0.089715 0.446674
0.435425 0.183960 -0.152344 -0.269619 0.076186 0.492956
0.366943 0.154053 -0.119873 -0.285758 0.063370 0.552528
0.288696 0.131348 -0.092529 -0.310678 0.074288 0.629426
0.213135 0.105835 -0.052612 -0.332039 0.109177 0.719616
0.109741 0.056396 -0.033813 -0.323732 0.116059 0.807669
-0.017578 0.027100 -0.023560 -0.281011 -0.004035 0.932985
-0.095093 -0.005737 -0.001465 -0.222151 -0.196755 1.162730
-0.087769 -0.051514 0.011841 -0.125553 -0.440504 1.468187
-0.084595 -0.120850 0.017090 0.010680 -0.651499 1.782426
-0.042603 -0.160034 0.016602 0.162341 -0.793191 2.109718
0.041260 -0.201294 -0.016602 0.302846 -0.874599 2.470950
0.187134 -0.278198 -0.018555 0.430773 -1.088917 2.877988
0.383789 -0.317139 -0.078003 0.599996 -1.074677 3.364061
0.754761 -0.285034 -0.147949 0.781562 -1.083458 3.858441
1.106689 -0.282593 -0.265869 0.938918 -0.857510 4.134705
1.401855 -0.276245 -0.360718 1.035278 -0.784884 4.187157
1.694214 -0.215942 -0.502197 1.079898 -0.958380 4.100528
1.976685 -0.132690 -0.612061 1.025785 -1.104107 3.864374
2.198608 -0.120605 -0.686401 0.863444 -1.153948 3.503380
2.414795 -0.083496 -0.710327 0.670012 -1.352840 3.052671
2.536011 -0.045288 -0.745361 0.485124 -1.378710 2.519604
2.569458 -0.052368 -0.704346 0.246122 -1.060436 1.978706
2.518433 -0.023804 -0.630249 0.000000 -0.541848 1.468662
2.448120 -0.046875 -0.555176 -0.200553 -0.119857 1.019377
2.289917 -0.061768 -0.515625 -0.329428 0.277213 0.689711
2.276245 -0.068115 -0.498169 -0.368589 0.232119 0.405140
2.282227 -0.104492 -0.503174 -0.385915 0.336074 0.183464
2.313354 -0.114990 -0.493164 -0.449997 0.549205 -0.020886
2.331177 -0.096313 -0.476196 -0.517402 0.669062 -0.259650
2.287231 -0.088257 -0.454346 -0.550155 0.661942 -0.593825
2.203247 -0.088501 -0.474121 -0.554190 0.516215 -0.976655
2.141724 -0.118408 -0.502563 -0.580297 0.310204 -1.318425
2.067505 -0.133911 -0.522461 -0.642955 0.224524 -1.608692
1.985840 -0.145142 -0.521118 -0.731957 0.292166 -1.883295
1.905029 -0.145630 -0.507202 -0.818587 0.322783 -2.122297
1.811768 -0.141357 -0.499512 -0.901418 0.344855 -2.355602
1.677734 -0.150757 -0.482056 -0.994456 0.399681 -2.588908
1.522949 -0.162476 -0.459106 -1.105056 0.503636 -2.788986
1.365356 -0.130249 -0.438232 -1.248647 0.706087 -2.923795
1.229980 -0.131836 -0.386841 -1.390339 0.868428 -3.022054
1.106689 -0.137695 -0.329102 -1.489073 0.954583 -3.108920
0.982056 -0.136475 -0.276001 -1.529895 0.951735 -3.172290
0.870117 -0.113892 -0.230347 -1.527047 0.868665 -3.211926
0.757568 -0.105957 -0.198120 -1.506399 0.754505 -3.229015
0.649658 -0.088745 -0.157715 -1.484326 0.675945 -3.225455
0.542725 -0.070068 -0.104126 -1.465576 0.627528 -3.201008
0.424316 -0.060181 -0.049438 -1.426652 0.589079 -3.132654
0.311279 -0.045410 -0.024536 -1.368979 0.552291 -2.999506
0.227661 -0.011841 -0.004761 -1.292793 0.504348 -2.779729
0.189331 0.037964 0.012329 -1.212334 0.494380 -2.492548
0.163330 0.083008 0.049683 -1.132113 0.520725 -2.202281
0.155396 0.143921 0.083374 -1.037889 0.514079 -1.956633
0.137207 0.179443 0.110596 -0.940105 0.466136 -1.755843
0.108032 0.195679 0.110229 -0.850153 0.435282 -1.583772
0.057129 0.211548 0.097168 -0.767321 0.430298 -1.426652
0.000732 0.233521 0.102295 -0.689948 0.342482 -1.255530
-0.017212 0.253662 0.101074 -0.609015 0.162103 -1.059724
-0.040283 0.277588 0.101929 -0.537338 0.004747 -0.865105
-0.068115 0.293701 0.097168 -0.494380 -0.078797 -0.688524
-0.125610 0.303833 0.107544 -0.468510 -0.112499 -0.522623
-0.154175 0.313843 0.119629 -0.442640 -0.132911 -0.328716
-0.174194 0.317261 0.130249 -0.407276 -0.166376 -0.097310
-0.181519 0.310669 0.130127 -0.363368 -0.146439 0.157831
-0.177490 0.300171 0.136353 -0.299998 -0.158543 0.435045
-0.132568 0.288208 0.114380 -0.209809 -0.191771 0.731957
-0.057983 0.274780 0.076782 -0.113211 -0.212182 1.000864
0.008545 0.253052 0.026978 -0.039161 -0.191059 1.233220
0.079956 0.228516 -0.021606 -0.011630 -0.152610 1.444453
0.153076 0.212036 -0.037964 -0.012579 -0.128876 1.640733
0.215942 0.199585 -0.045288 -0.023971 -0.108227 1.790258
0.257324 0.181641 -0.038696 -0.043671 -0.078797 1.885669
0.261353 0.154175 -0.023926 -0.064082 -0.062658 1.961143
0.288574 0.117065 -0.012085 -0.076661 -0.070965 2.095477
0.338745 0.082642 -0.006470 -0.068117 -0.101819 2.291995
0.408691 0.049683 -0.000122 -0.044857 -0.071439 2.507975
0.492432 0.041870 -0.022705 -0.013291 -0.062895 2.710189
0.585693 0.001099 -0.061279 0.003323 -0.112737 2.873479
0.737061 -0.024414 -0.063477 -0.000475 -0.226423 3.034395
0.916504 -0.024048 -0.131226 -0.106566 0.457592 3.174664
1.039917 -0.032227 -0.008545 -0.352925 1.290894 3.237559
1.161255 -0.033203 0.068604 -0.525946 1.209961 3.244679
1.264893 -0.046387 0.105835 -0.559174 0.687575 3.168967
1.329956 -0.090576 0.079712 -0.514316 0.153797 3.057180
1.396851 -0.081421 0.065918 -0.479665 -0.163290 2.977196
1.483398 -0.104614 0.062378 -0.467323 -0.344618 2.910504
1.599854 -0.124146 0.070190 -0.451896 -0.468747 2.910029
1.768311 -0.107178 0.058105 -0.445488 -0.545883 2.969602
1.994263 -0.063477 0.041016 -0.447386 -0.539237 2.965092
2.186768 -0.053955 0.030151 -0.448336 -0.397782 2.804650
2.307739 -0.034912 0.017090 -0.458779 -0.233068 2.490886
2.336792 -0.003296 -0.029297 -0.449048 -0.162341 2.061538
2.279175 -0.000122 -0.099854 -0.454032 -0.198891 1.574990
2.187988 -0.012695 -0.169678 -0.506484 -0.288606 1.133775
2.127808 -0.066528 -0.201294 -0.624917 -0.353162 0.819773
2.091553 -0.089478 -0.180298 -0.749046 -0.351264 0.619221
2.102417 -0.100830 -0.150879 -0.818587 -0.385915 0.471595
2.167358 -0.123535 -0.134033 -0.815264 -0.395172 0.290267
2.178101 -0.104492 -0.121704 -0.772543 -0.284096 0.009019
2.136841 -0.109009 -0.155273 -0.716293 -0.185837 -0.300473
2.077881 -0.109131 -0.214111 -0.682828 -0.078085 -0.604506
2.014404 -0.109741 -0.273438 -0.707749 0.034414 -0.890738
1.951660 -0.115356 -0.300049 -0.807906 0.212657 -1.151100
1.878784 -0.118286 -0.274902 -0.951023 0.407988 -1.396510
1.781982 -0.134766 -0.241333 -1.066607 0.473257 -1.645480
1.667480 -0.147583 -0.210449 -1.142556 0.483225 -1.873090
1.526001 -0.157837 -0.203979 -1.205926 0.500551 -2.042551
1.447144 -0.144531 -0.183472 -1.280688 0.564633 -2.121110
1.342773 -0.147461 -0.141724 -1.378235 0.682353 -2.148167
1.286133 -0.128174 -0.086670 -1.461067 0.734331 -2.154575
1.234863 -0.105835 -0.053955 -1.491446 0.727923 -2.199907
1.171997 -0.078857 -0.038574 -1.495006 0.730533 -2.280128
1.069946 -0.067505 -0.016113 -1.510671 0.769457 -2.360112
0.966064 -0.058228 0.013306 -1.517791 0.774441 -2.418498
0.859253 -0.057495 0.044556 -1.504263 0.740502 -2.445554
0.752563 -0.049805 0.092773 -1.474358 0.703714 -2.427042
0.675171 -0.039185 0.129883 -1.433773 0.651262 -2.358450
0.606689 -0.045166 0.171265 -1.383456 0.621832 -2.239543
0.553589 -0.035522 0.208618 -1.306084 0.626816 -2.070557
0.521484 -0.017944 0.246704 -1.194771 0.623018 -1.881634
0.501221 0.007568 0.285522 -1.057114 0.575076 -1.696746
0.482056 0.025513 0.329468 -0.901418 0.494380 -1.527522
0.465088 0.047974 0.350464 -0.720090 0.375472 -1.364707
0.461548 0.080688 0.345581 -0.527133 0.226185 -1.204977
0.451660 0.093140 0.335449 -0.344618 0.089003 -1.062098
0.462646 0.113892 0.306396 -0.178243 -0.069303 -0.927051
0.487549 0.147949 0.286011 -0.047705 -0.212657 -0.803634
0.497925 0.164063 0.278198 0.038449 -0.291691 -0.720565
0.508057 0.178711 0.261353 0.098022 -0.308068 -0.643192
0.520264 0.199219 0.246582 0.133860 -0.248021 -0.555851
