0.805786 0.567505 0.346191 -0.264160 0.134097 -0.269144
0.782471 0.597412 0.320923 -0.232356 0.312577 -0.240426
0.753174 0.618896 0.308838 -0.234255 0.546595 -0.165664
0.747070 0.597778 0.326172 -0.267245 0.722227 -0.097547
0.623779 0.653564 0.299561 -0.242562 0.912336 -0.019937
0.649780 0.562622 0.288818 -0.238290 1.342397 0.165426
0.631836 0.543457 0.408936 -0.344143 1.462965 0.337023
0.702393 0.585938 0.462891 -0.329903 1.090816 0.459016
0.750366 0.582764 0.449341 -0.189635 0.644616 0.463526
0.803467 0.591797 0.385254 -0.084493 0.330378 0.423178
0.801270 0.593018 0.377563 -0.069303 0.292641 0.339871
0.792603 0.591675 0.387573 -0.077848 0.319460 0.239476
0.783569 0.581787 0.406006 -0.062420 0.258701 0.128164
0.739380 0.608276 0.408081 -0.048655 0.119382 0.051978
0.731201 0.572754 0.394043 -0.050791 0.017801 0.042009
0.700684 0.564819 0.403442 -0.065031 0.041297 0.018987
0.661133 0.556274 0.408081 -0.074525 0.104192 0.006171
0.633301 0.528076 0.425293 -0.085443 0.150236 0.001899
0.568726 0.505249 0.453247 -0.094461 0.236391 0.006646
0.494995 0.491455 0.476440 -0.087579 0.315188 0.018038
0.430176 0.455444 0.498657 -0.056724 0.363843 0.035601
0.339600 0.432739 0.510254 0.013291 0.363843 0.044383
0.246704 0.401978 0.512329 0.116297 0.305694 0.064557
0.131348 0.347534 0.491333 0.241850 0.195806 0.124129
0.049683 0.299194 0.452026 0.379507 0.002136 0.274128
0.065796 0.269409 0.416626 0.489870 -0.220489 0.575788
0.148560 0.249512 0.408203 0.565819 -0.384729 0.918032
0.232300 0.236938 0.393677 0.647939 -0.458067 1.201416
0.266602 0.206787 0.362549 0.760201 -0.503399 1.404342
0.292847 0.173218 0.316040 0.887415 -0.577449 1.550307
0.280029 0.134888 0.272095 1.022225 -0.704901 1.676334
0.307739 0.111206 0.225830 1.161781 -0.901418 1.847694
0.354614 0.059204 0.170410 1.305609 -1.134012 2.048247
0.427002 -0.010010 0.109497 1.445402 -1.337650 2.243578
0.486328 -0.075439 0.035767 1.567395 -1.486700 2.403070
0.503906 -0.138062 -0.066284 1.641208 -1.515180 2.558291
0.560059 -0.202393 -0.154663 1.661857 -1.514943 2.755758
0.610840 -0.303223 -0.154785 1.665179 -1.484563 2.946580
0.789917 -0.339722 -0.160400 1.718106 -1.532506 3.191515
0.884766 -0.354004 -0.302979 1.829182 -1.615575 3.411055
1.050415 -0.344116 -0.420166 1.900146 -1.943342 3.557731
1.227173 -0.337891 -0.546509 1.891839 -2.224116 3.629170
1.369507 -0.331055 -0.679688 1.779103 -2.331394 3.654566
1.600342 -0.293701 -0.790771 1.561224 -2.165018 3.578142
1.795166 -0.233398 -0.892700 1.234407 -1.730685 3.300929
1.921509 -0.211670 -0.911011 0.826419 -1.125942 2.885346
1.899170 -0.156860 -0.873413 0.407513 -0.566769 2.400934
1.789185 -0.138428 -0.849854 0.067879 -0.162103 1.949988
1.717163 -0.152954 -0.835449 -0.195094 0.068829 1.639784
1.704346 -0.126831 -0.841919 -0.416532 0.169698 1.444690
1.719482 -0.090210 -0.850464 -0.655771 0.239002 1.272619
1.733276 -0.074585 -0.835938 -0.932273 0.347941 1.062810
1.721191 -0.046875 -0.784180 -1.224676 0.496516 0.794141
1.640137 -0.054077 -0.721924 -1.489310 0.601420 0.494854
1.565186 -0.069214 -0.654541 -1.713359 0.646752 0.248258
1.526978 -0.067139 -0.587280 -1.928152 0.713208 0.103243
1.533325 -0.071777 -0.585449 -2.159085 0.887890 0.033228
1.548950 -0.071045 -0.562988 -2.436298 1.213996 -0.004035
1.558228 -0.069336 -0.387695 -2.766438 1.576177 -0.044145
1.601929 -0.070557 -0.259521 -2.984554 1.609642 -0.100870
1.690918 -0.060669 -0.210938 -3.110107 1.508772 -0.162578
1.761353 -0.028931 -0.107666 -3.256783 1.582822 -0.301897
1.793701 -0.018066 0.001099 -3.391593 1.658534 -0.509332
1.797363 -0.029785 0.118164 -3.509551 1.715970 -0.756878
1.771484 -0.045898 0.229736 -3.606623 1.776255 -1.012256
1.729614 -0.073486 0.332275 -3.665009 1.811618 -1.253869
1.704224 -0.076050 0.455322 -3.691116 1.826096 -1.477206
1.659790 -0.091797 0.583618 -3.677588 1.843422 -1.705765
1.562866 -0.162476 0.729858 -3.614455 1.821824 -1.907979
1.512451 -0.152954 0.838867 -3.486291 1.678233 -2.039702
1.437866 -0.171875 0.931030 -3.310185 1.643582 -2.211062
1.337646 -0.204834 0.988281 -3.107734 1.653550 -2.376488
1.249023 -0.203369 1.048340 -2.882735 1.666366 -2.493022
1.163330 -0.192993 1.095825 -2.620949 1.620085 -2.596977
1.102173 -0.168335 1.126587 -2.330207 1.571430 -2.699983
1.027222 -0.207886 1.130005 -2.064386 1.651414 -2.777593
0.935913 -0.192261 1.160400 -1.803786 1.773644 -2.849745
0.823242 -0.154785 1.171265 -1.484563 1.658534 -2.934000
0.730347 -0.153687 1.123535 -1.126417 1.308932 -3.006389
0.642212 -0.147461 1.057373 -0.814552 1.021750 -3.068810
0.529175 -0.159546 1.004272 -0.582433 1.043585 -3.116515
0.378052 -0.144897 0.968384 -0.388289 1.026497 -3.121262
0.238770 -0.105225 0.931030 -0.191534 0.799362 -3.062876
0.147095 -0.080200 0.901123 -0.033228 0.580772 -2.923795
0.101807 -0.051758 0.915771 0.096123 0.381881 -2.717784
0.051392 -0.026611 0.915283 0.233068 0.288606 -2.492073
0.002808 -0.003540 0.917114 0.403716 0.167800 -2.246663
-0.020508 0.033691 0.885620 0.621832 -0.047943 -1.975383
-0.024170 0.072754 0.826294 0.836862 -0.106328 -1.712885
-0.022583 0.104370 0.754883 0.991608 -0.001187 -1.454659
-0.032104 0.122803 0.701782 1.086544 0.155933 -1.212809
-0.042847 0.144165 0.665649 1.184565 0.206011 -0.995642
-0.037720 0.155518 0.631470 1.313679 0.115585 -0.792717
-0.008057 0.184326 0.576782 1.450387 -0.073101 -0.616610
0.024780 0.199341 0.541260 1.581398 -0.176344 -0.469459
0.028931 0.203857 0.505371 1.673961 -0.180379 -0.331802
0.037476 0.219604 0.458252 1.765574 -0.153322 -0.168037
0.053955 0.221069 0.415039 1.850780 -0.120569 0.025395
0.067993 0.234375 0.384399 1.942868 -0.110838 0.216454
0.071777 0.238892 0.338013 2.032345 -0.146914 0.407751
0.107300 0.237793 0.286621 2.120398 -0.222625 0.619458
0.151611 0.223999 0.238770 2.200145 -0.295251 0.839235
0.205811 0.224854 0.184326 2.285112 -0.333938 1.043585
0.272583 0.218262 0.130005 2.361773 -0.357197 1.226575
0.341675 0.218140 0.064087 2.418023 -0.299523 1.391051
0.417603 0.234131 -0.009033 2.445554 -0.220964 1.537253
0.506714 0.256836 -0.067749 2.425618 -0.145727 1.637885
0.579102 0.279053 -0.129639 2.357738 -0.112262 1.680369
0.634155 0.290283 -0.178589 2.248799 -0.114873 1.689151
0.673218 0.297119 -0.206665 2.112329 -0.147151 1.659246
0.704712 0.305298 -0.232300 1.972060 -0.256090 1.626968
0.757935 0.326416 -0.263062 1.841286 -0.338447 1.611303
0.798462 0.317993 -0.263794 1.696983 -0.380456 1.584246
0.836670 0.301025 -0.249756 1.557427 -0.417007 1.557902
0.878906 0.304810 -0.318237 1.406479 -0.126502 1.547221
0.864380 0.293457 -0.259155 1.202841 0.213606 1.540101
0.895874 0.287476 -0.246582 1.072778 -0.079746 1.551256
0.946899 0.292969 -0.275635 1.035278 -0.361707 1.553630
1.013062 0.303467 -0.297485 0.990896 -0.435994 1.550781
1.054199 0.315430 -0.317627 0.903080 -0.427687 1.516130
1.058228 0.312744 -0.311523 0.775865 -0.377371 1.446114
1.032959 0.297607 -0.307373 0.618271 -0.306169 1.367792
1.007080 0.269531 -0.277100 0.446200 -0.248970 1.315340
1.001953 0.231445 -0.221313 0.303558 -0.233543 1.316764
1.009399 0.203125 -0.181274 0.230220 -0.193670 1.354976
1.026978 0.174072 -0.163086 0.210758 -0.145727 1.395086
1.072144 0.156250 -0.139526 0.212420 -0.092563 1.443741
1.120972 0.148682 -0.126953 0.228084 -0.000475 1.501889
1.124878 0.131958 -0.123779 0.222863 0.121044 1.528946
1.145752 0.127563 -0.104492 0.189872 0.180379 1.546984
1.130493 0.114868 -0.105469 0.134809 0.356722 1.564072
1.128784 0.082520 -0.076782 0.105142 0.397782 1.580686
1.125488 0.071167 -0.017700 0.135759 -0.003323 1.595164
1.180664 0.077881 -0.096436 0.289318 -0.667876 1.584484
1.224609 0.063110 -0.130615 0.375947 -0.761625 1.557190
1.259521 0.048462 -0.143066 0.378083 -0.764236 1.539864
1.305786 0.042847 -0.162476 0.369064 -0.800074 1.522538
1.355957 0.046631 -0.178345 0.347466 -0.783935 1.505212
1.422729 0.057251 -0.194336 0.310678 -0.766134 1.461067
1.468994 0.054077 -0.239380 0.267008 -0.737416 1.359722
1.501465 0.071045 -0.274658 0.206486 -0.659094 1.213046
1.503662 0.098999 -0.301270 0.118670 -0.541373 1.045959
1.477295 0.100952 -0.307861 0.008782 -0.421042 0.871276
1.448730 0.106201 -0.299683 -0.105854 -0.292641 0.711309
1.416138 0.096558 -0.275391 -0.213606 -0.203638 0.580060
1.397827 0.087036 -0.249268 -0.314001 -0.158543 0.478241
1.370361 0.078369 -0.205322 -0.411073 -0.112737 0.396121
1.342896 0.058472 -0.162109 -0.483700 -0.052927 0.320884
1.303955 0.049561 -0.120605 -0.516452 0.015664 0.257989
1.258057 0.039551 -0.090454 -0.518589 0.057436 0.205537
