0.927856 0.259644 0.095947 0.346042 -0.238527 -0.218353
0.918335 0.283081 0.088013 0.558936 -0.129825 0.046281
0.836304 0.348877 0.047852 0.722701 -0.111787 0.259413
0.922485 0.287231 0.004761 0.822384 0.019462 0.417482
0.852905 0.308350 -0.180542 0.828318 -0.061708 0.480614
0.935669 0.446411 -0.222656 0.679268 -0.025870 0.476105
0.989624 0.436646 -0.274170 0.411548 -0.196755 0.409412
0.990845 0.403320 -0.221436 0.107040 -0.115585 0.247783
0.963135 0.426880 -0.178223 -0.159018 0.011155 0.083781
0.902832 0.422729 -0.135742 -0.305457 0.155458 -0.025395
0.876221 0.410156 -0.107178 -0.346279 0.195568 -0.063133
0.847168 0.380615 -0.107300 -0.329903 0.202926 -0.061471
0.829712 0.379150 -0.097168 -0.291691 0.204350 -0.043671
0.829346 0.383057 -0.106689 -0.274603 0.172309 -0.026819
0.791748 0.358765 -0.150391 -0.290505 0.173733 -0.025870
0.743164 0.336060 -0.166260 -0.314713 0.205774 -0.045095
0.709106 0.337769 -0.186646 -0.342957 0.118907 -0.049129
0.674072 0.331177 -0.205688 -0.392561 -0.014715 -0.005934
0.639160 0.287354 -0.208740 -0.472307 -0.026819 0.084018
0.614746 0.229980 -0.177979 -0.554427 0.080933 0.192483
0.618286 0.192627 -0.130005 -0.591215 0.143591 0.298337
0.624512 0.175049 -0.069702 -0.552766 0.185837 0.398732
0.646606 0.152344 -0.032837 -0.434570 0.199603 0.481326
0.664795 0.121094 -0.022095 -0.253242 0.158306 0.530693
0.664429 0.085938 -0.044800 -0.036313 0.113923 0.547307
0.684448 0.063110 -0.048340 0.169698 0.161629 0.543272
0.637817 0.055176 -0.092041 0.320647 0.197467 0.529269
0.613037 0.041748 -0.126465 0.388051 0.225711 0.499839
0.571655 0.028442 -0.154419 0.364080 0.231407 0.473731
0.514404 0.009521 -0.151855 0.277925 0.274603 0.468984
0.423462 -0.008423 -0.140259 0.165664 0.294302 0.490108
0.300659 -0.023438 -0.112305 0.054588 0.123892 0.553003
0.286743 -0.076660 -0.091431 -0.023022 -0.192958 0.693508
0.267334 -0.127319 -0.042236 -0.064082 -0.246834 0.924915
0.230347 -0.153076 -0.006958 -0.073101 -0.143354 1.179344
0.261597 -0.132202 0.024536 -0.004035 -0.201027 1.425228
0.333130 -0.127441 0.049194 0.151898 -0.353162 1.659958
0.429321 -0.128418 0.029785 0.340583 -0.522861 1.815179
0.518555 -0.114868 0.003174 0.503636 -0.694220 1.861697
0.572510 -0.144531 -0.063232 0.597386 -0.788682 1.859086
0.624390 -0.142456 -0.121948 0.623730 -0.832590 1.855052
0.729248 -0.128296 -0.167847 0.595961 -0.891213 1.875700
0.867554 -0.132813 -0.202515 0.519063 -0.856086 1.907504
1.021240 -0.113647 -0.213623 0.439554 -0.764236 1.894688
1.159912 -0.095215 -0.212158 0.449997 -0.759014 1.794055
1.298462 -0.062134 -0.237915 0.570091 -0.871988 1.639547
1.372681 -0.048462 -0.305542 0.727685 -0.967399 1.467475
1.409180 0.011475 -0.387695 0.834726 -0.978079 1.331004
1.407959 0.019165 -0.453857 0.842795 -0.805058 1.277128
1.406982 0.033203 -0.502319 0.728635 -0.467798 1.319375
1.411865 0.042725 -0.504517 0.528319 -0.103243 1.404342
1.453369 0.070679 -0.482910 0.323495 0.067405 1.430212
1.491089 0.079468 -0.438965 0.170410 0.051266 1.334090
1.477051 0.049683 -0.410278 0.069541 0.000475 1.191448
1.415039 0.015747 -0.372681 -0.002848 0.067405 1.101259
1.317871 -0.029785 -0.345825 -0.056012 0.203163 1.108616
1.208008 -0.059692 -0.313843 -0.107515 0.429111 1.211147
1.116211 -0.053345 -0.291260 -0.152847 0.610677 1.354501
1.054932 -0.042725 -0.250488 -0.167800 0.627765 1.459643
1.021606 -0.050049 -0.234619 -0.154509 0.486073 1.501889
1.002686 -0.070679 -0.224365 -0.139556 0.257277 1.493345
1.044556 -0.079468 -0.230103 -0.117958 -0.032516 1.468424
1.123535 -0.097900 -0.235352 -0.093987 -0.318273 1.443504
1.202148 -0.116455 -0.227417 -0.072151 -0.484649 1.413124
1.235962 -0.146118 -0.235840 -0.041535 -0.535914 1.368979
1.261597 -0.182373 -0.256470 -0.010680 -0.514079 1.363757
1.335449 -0.243652 -0.277710 -0.013528 -0.492718 1.397934
1.475342 -0.274292 -0.292969 -0.061471 -0.412735 1.429738
1.637695 -0.289917 -0.293213 -0.124129 -0.325631 1.393899
1.800049 -0.294922 -0.281494 -0.149762 -0.318511 1.218980
1.879761 -0.304077 -0.272461 -0.114873 -0.397782 0.914947
1.921021 -0.305176 -0.292603 -0.044620 -0.563920 0.553952
1.917236 -0.286865 -0.336792 0.024921 -0.719616 0.224761
1.919800 -0.234985 -0.388428 0.079509 -0.833776 -0.033940
1.878784 -0.186890 -0.476807 0.107278 -0.773492 -0.204113
1.820313 -0.131714 -0.609375 0.058148 -0.573651 -0.301659
1.731812 -0.077271 -0.735962 -0.118195 -0.322783 -0.398020
1.662842 -0.026855 -0.807861 -0.398494 -0.222151 -0.544221
1.618408 -0.013428 -0.827026 -0.696356 -0.273891 -0.723176
1.641724 0.012817 -0.836060 -0.923016 -0.421754 -0.881719
1.686890 0.027954 -0.864990 -1.070167 -0.557512 -1.016054
1.739258 0.037476 -0.915649 -1.199281 -0.663129 -1.160119
1.749634 0.037231 -0.942139 -1.354501 -0.693983 -1.323884
1.742676 0.002930 -0.952759 -1.528709 -0.642243 -1.469848
1.725586 -0.056030 -0.943237 -1.723565 -0.535677 -1.582822
1.690796 -0.108398 -0.910645 -1.940969 -0.386627 -1.677996
1.626587 -0.157471 -0.832031 -2.150778 -0.258226 -1.792394
1.532227 -0.218628 -0.741455 -2.331631 -0.171360 -1.920558
1.420898 -0.296021 -0.624512 -2.487089 -0.055538 -2.032108
1.276367 -0.357300 -0.492188 -2.591044 0.093037 -2.094528
1.161133 -0.379028 -0.346191 -2.596265 0.193432 -2.104734
1.054932 -0.392944 -0.231079 -2.480443 0.199841 -2.107344
0.955933 -0.390503 -0.167725 -2.285350 0.101107 -2.126332
0.858032 -0.390503 -0.125610 -2.071031 -0.068354 -2.134876
0.766235 -0.369507 -0.083618 -1.883295 -0.207198 -2.106395
0.690552 -0.330322 -0.025269 -1.708613 -0.334412 -2.054180
0.597168 -0.310913 0.047607 -1.508535 -0.484649 -1.993184
0.514160 -0.276123 0.079590 -1.272381 -0.592639 -1.872140
0.425415 -0.254639 0.084351 -1.039788 -0.553003 -1.621509
0.378540 -0.204468 0.069946 -0.859884 -0.380694 -1.261701
0.369263 -0.149292 0.072754 -0.723176 -0.207198 -0.918982
0.377686 -0.108521 0.081421 -0.585756 -0.140031 -0.690660
0.397827 -0.060059 0.072876 -0.449997 -0.187499 -0.591452
0.400757 -0.033569 0.056274 -0.342007 -0.268907 -0.570803
0.399780 -0.006714 -0.007080 -0.262498 -0.368115 -0.579585
0.380615 -0.005127 -0.079224 -0.253717 -0.468984 -0.577449
0.376465 0.023804 -0.139771 -0.355298 -0.526421 -0.542323
0.377075 0.048096 -0.131714 -0.537813 -0.504585 -0.500551
0.348389 0.054688 -0.092773 -0.676420 -0.460915 -0.478715
0.312988 0.047485 -0.052368 -0.708223 -0.519063 -0.479190
0.263428 0.022461 -0.019653 -0.645566 -0.596199 -0.461864
0.223999 0.012573 -0.006470 -0.524759 -0.648888 -0.389475
0.206055 0.009766 -0.010010 -0.375472 -0.639869 -0.248258
0.194458 0.024414 -0.039551 -0.213369 -0.551341 -0.072389
0.187500 0.056152 -0.067627 -0.053164 -0.462339 0.089715
0.182007 0.077637 -0.095947 0.106803 -0.417482 0.217641
0.181396 0.081421 -0.125244 0.253717 -0.393036 0.322545
0.187744 0.069580 -0.144287 0.383067 -0.370251 0.417007
0.189087 0.064087 -0.157349 0.507908 -0.343669 0.504823
0.188232 0.050781 -0.183228 0.657670 -0.355773 0.575788
0.213501 0.032837 -0.230103 0.818112 -0.417244 0.633936
0.262451 0.000610 -0.280518 0.934883 -0.444301 0.694220
0.319336 -0.020752 -0.302734 0.972620 -0.404665 0.738840
0.324097 -0.066284 -0.319336 0.956956 -0.310204 0.738840
0.308350 -0.112061 -0.326660 0.934171 -0.303321 0.714394
0.306519 -0.162598 -0.314453 0.924915 -0.378795 0.733381
0.332520 -0.210083 -0.302734 0.932985 -0.389713 0.807669
0.344604 -0.243530 -0.298218 0.965500 -0.322783 0.908539
0.336914 -0.237427 -0.311279 1.036465 -0.263210 1.013680
0.324097 -0.201782 -0.359009 1.132825 -0.243748 1.134249
0.316528 -0.143311 -0.433594 1.228236 -0.233068 1.280451
0.340088 -0.076050 -0.527710 1.287334 -0.189635 1.460355
0.356201 -0.056152 -0.614258 1.259090 -0.065743 1.644768
0.379761 -0.041748 -0.694702 1.122382 0.040585 1.784799
0.403442 -0.067017 -0.725952 0.896909 0.096597 1.896586
0.450317 -0.133789 -0.712891 0.628002 0.115822 2.009085
0.515747 -0.171753 -0.648193 0.401580 0.092563 2.125145
0.613770 -0.207031 -0.601563 0.303084 0.032990 2.262328
0.753906 -0.223633 -0.593628 0.330378 -0.045807 2.416124
0.888306 -0.237305 -0.619385 0.403478 -0.054826 2.540965
1.013062 -0.254395 -0.661133 0.428162 -0.008544 2.614303
1.111694 -0.275757 -0.675903 0.352450 0.130300 2.663433
1.200684 -0.328247 -0.647095 0.197704 0.349128 2.688591
1.299683 -0.342773 -0.583130 0.028243 0.555614 2.674825
1.340332 -0.354004 -0.519165 -0.087816 0.694458 2.601249
1.357178 -0.366821 -0.461426 -0.117958 0.712021 2.466203
1.335449 -0.385376 -0.426880 -0.095173 0.646752 2.330919
1.383911 -0.388062 -0.426880 -0.051978 0.507434 2.263277
1.528442 -0.357056 -0.440552 0.018987 0.293827 2.235271
1.714233 -0.336426 -0.475708 0.121993 0.128638 2.159796
