1.069336 0.213989 -0.008423 -0.324919 0.777527 -0.108939
1.026367 0.172485 -0.168823 -0.040111 0.532829 -0.076661
0.985107 0.079468 -0.217041 -0.037025 0.500551 -0.151660
0.947876 0.068604 -0.191528 -0.106803 0.437655 -0.126502
0.895264 0.073975 -0.172729 -0.138132 0.374286 -0.149050
0.822754 -0.044434 -0.144043 -0.164714 0.254429 -0.183464
0.764160 0.129028 -0.107056 -0.061946 0.114635 -0.301185
0.690308 0.138672 -0.171021 0.083069 0.038924 -0.096835
0.632446 0.021851 -0.189941 -0.043908 -0.012342 0.170885
0.521973 0.033447 -0.170044 -0.107040 -0.021835 0.268669
0.456909 0.055664 -0.187378 -0.031804 0.001661 0.376896
0.395020 0.042603 -0.256714 -0.031566 0.083544 0.601420
0.388184 0.031616 -0.196045 -0.273891 0.187736 0.825469
0.368530 0.034668 -0.148804 -0.246597 0.216454 0.937257
0.369507 0.327515 -0.201660 0.038924 0.233068 1.090816
0.382324 -0.000122 -0.203369 0.289555 0.261074 1.727600
0.478027 -0.139648 -0.204956 0.242324 0.227135 1.965890
0.516235 -0.088623 -0.150513 -0.019225 0.241375 1.878074
0.526123 -0.093262 -0.099365 -0.070727 0.290979 1.836302
0.595093 -0.065308 -0.071899 -0.098496 0.338210 1.924592
0.740234 -0.118164 -0.064453 -0.104904 0.459016 2.170477
0.921265 -0.183472 -0.084595 -0.123654 0.507908 2.418735
1.083008 -0.290283 0.023438 -0.042009 0.766372 2.544288
1.244751 -0.266968 0.007202 -0.094936 0.803160 2.450301
1.321045 -0.272339 0.096802 -0.056250 0.797226 2.324036
1.505859 -0.060303 -0.170288 0.108939 1.256480 2.455760
1.619629 -0.395142 0.083496 0.282435 3.539930 2.765252
1.832886 -0.404541 0.189697 -0.618509 3.121262 2.352992
1.944214 -0.377319 0.452881 -1.308457 1.948801 1.946902
2.130371 -0.495483 0.494751 -1.049993 0.838761 1.720717
2.354126 -0.527832 0.451538 -0.473731 0.404903 1.328394
2.505859 -0.504395 0.333496 -0.023971 0.233780 0.893349
2.588989 -0.502563 0.268066 0.055063 0.187973 0.459016
2.599976 -0.511230 0.273804 -0.067879 0.150948 0.021835
2.518555 -0.512573 0.252441 -0.107515 0.106803 -0.447861
2.410645 -0.495483 0.207642 -0.032516 0.019462 -0.910437
2.286499 -0.458984 0.186768 -0.044145 -0.103006 -1.296590
2.140625 -0.411011 0.187256 -0.212420 -0.220489 -1.616050
1.980103 -0.383179 0.195923 -0.361232 -0.356485 -1.913437
1.814575 -0.360474 0.203125 -0.439317 -0.513604 -2.140097
1.715698 -0.330200 0.221191 -0.412023 -0.640107 -2.249274
1.565186 -0.308472 0.189697 -0.308305 -0.716768 -2.313118
1.423828 -0.264526 0.125977 -0.219065 -0.719616 -2.362485
1.253052 -0.207153 0.082153 -0.189635 -0.668588 -2.411615
1.086792 -0.164185 0.018677 -0.150711 -0.572227 -2.461931
0.994751 -0.134277 -0.007690 -0.133385 -0.453083 -2.470475
0.893433 -0.127563 0.009521 -0.191296 -0.314001 -2.437485
0.786133 -0.061523 0.012207 -0.258701 -0.186549 -2.373640
0.687134 -0.004883 -0.005249 -0.240900 -0.147626 -2.310508
0.577637 0.023193 -0.015503 -0.227372 -0.178480 -2.269211
0.474976 0.061523 -0.035889 -0.212657 -0.234967 -2.199195
0.365479 0.103638 -0.066040 -0.183464 -0.252530 -2.104734
0.257080 0.146484 -0.076050 -0.172784 -0.235679 -1.989386
0.148193 0.194336 -0.085327 -0.147388 -0.247071 -1.830131
0.062378 0.222900 -0.096313 -0.141692 -0.249682 -1.622221
-0.026855 0.254639 -0.071899 -0.202926 -0.180853 -1.399358
-0.101196 0.295044 -0.047485 -0.235442 -0.084968 -1.116449
-0.145874 0.315552 -0.014893 -0.240663 0.002611 -0.820485
-0.170166 0.324097 0.021973 -0.267008 0.030380 -0.508383
-0.184326 0.316895 0.034668 -0.272229 -0.000949 -0.170410
-0.211670 0.300659 0.035522 -0.234967 -0.046756 0.142642
-0.229370 0.296997 0.016357 -0.208147 -0.079984 0.445488
-0.221191 0.274048 -0.002686 -0.211708 -0.110363 0.750470
-0.198364 0.237427 0.013184 -0.214556 -0.125316 1.032193
-0.158447 0.220093 0.022339 -0.153322 -0.145964 1.334090
-0.101074 0.176636 -0.002319 -0.065269 -0.178005 1.645243
-0.025757 0.125244 -0.020630 -0.026819 -0.175632 1.960193
0.096313 -0.106689 -0.039551 -0.006646 -0.176106 2.291046
0.178345 0.070435 -0.072021 -0.079746 -0.118195 2.551883
0.308350 -0.070068 -0.064697 -0.145490 0.050553 2.822925
0.464355 -0.192749 -0.066528 -0.073575 0.244935 3.097291
0.656250 -0.262573 -0.077759 -0.015190 0.414396 3.302590
0.920288 -0.319946 -0.091553 -0.049129 0.555614 3.452589
1.106689 -0.375244 0.005737 -0.162103 0.648888 3.535183
1.310913 -0.460693 0.021362 -0.228321 0.683777 3.501481
1.576782 -0.521851 0.028198 -0.261786 0.735043 3.469203
1.818115 -0.567627 0.036743 -0.346279 0.794853 3.324900
2.058350 -0.630127 0.060059 -0.461390 0.837337 3.097765
2.264648 -0.688110 0.151367 -0.559886 0.837574 2.781628
2.547852 -0.759033 0.179077 -0.537576 0.769457 2.395475
2.904541 -0.769531 0.156006 -0.530218 0.715106 1.932662
2.912476 -0.891113 0.156982 -0.413209 0.605455 1.428314
2.968750 -0.862671 0.155273 -0.462576 0.671436 0.838523
2.904053 -0.827515 0.234375 -0.598572 0.768745 0.107278
2.758667 -0.777710 0.285522 -0.636072 0.646752 -0.610439
2.605347 -0.719849 0.275269 -0.651499 0.402766 -1.219692
2.424194 -0.676758 0.262817 -0.655059 0.218828 -1.766998
2.243408 -0.643677 0.242065 -0.672385 0.103955 -2.189227
2.066772 -0.601563 0.213623 -0.619221 0.086867 -2.451962
1.902588 -0.548462 0.209961 -0.602607 0.183701 -2.616914
1.731323 -0.495605 0.210205 -0.585518 0.311153 -2.749350
1.548096 -0.445068 0.221436 -0.548256 0.408225 -2.844761
1.388428 -0.401367 0.222778 -0.483700 0.418668 -2.924982
1.228760 -0.355469 0.214966 -0.386390 0.398494 -2.979807
1.053101 -0.292969 0.195190 -0.275077 0.367403 -3.032734
0.880005 -0.223145 0.179321 -0.201977 0.321121 -3.042465
0.696777 -0.160522 0.153320 -0.170173 0.320409 -2.994048
0.539795 -0.089844 0.150269 -0.170885 0.365741 -2.893178
0.403687 -0.020020 0.164551 -0.186312 0.393036 -2.748400
0.297485 0.047363 0.185181 -0.185837 0.379270 -2.565649
0.210571 0.115723 0.201660 -0.167800 0.351501 -2.361061
0.170288 0.148071 0.225220 -0.163765 0.360045 -2.145793
0.133545 0.182129 0.250244 -0.189398 0.417956 -1.871191
0.146729 0.210205 0.256348 -0.126977 0.389713 -1.600860
0.139404 0.227661 0.275024 -0.074050 0.325394 -1.341210
0.161743 0.252563 0.262817 0.006646 0.252530 -1.110515
0.194824 0.275024 0.253052 0.097547 0.137420 -0.912099
0.224854 0.285889 0.243896 0.135996 0.027294 -0.724837
0.246704 0.293213 0.216797 0.137895 -0.048655 -0.525471
0.294922 0.295166 0.196411 0.128401 -0.079272 -0.299286
0.336060 0.305054 0.167725 0.131487 -0.050553 -0.096597
0.399658 0.311646 0.162842 0.131487 0.016376 0.087816
0.482788 0.295654 0.177002 0.119382 0.072389 0.282198
0.595947 0.289673 0.183716 0.148100 0.140980 0.445488
0.718384 0.258911 0.162842 0.190110 0.223337 0.571990
0.809814 0.246826 0.139771 0.201265 0.297150 0.641768
0.908569 0.223633 0.129761 0.164239 0.296438 0.692322
1.014282 0.188110 0.122925 0.111075 0.245173 0.714157
1.090454 0.152466 0.124878 0.055300 0.199366 0.685676
1.176392 0.126465 0.130737 0.019699 0.153797 0.658619
1.241211 0.104858 0.142944 -0.021361 0.118433 0.601183
1.271729 0.100830 0.160156 -0.062183 0.077848 0.497465
1.285400 0.093384 0.177002 -0.071439 0.021361 0.408937
1.270996 0.102783 0.183350 -0.064319 -0.049841 0.320647
1.243408 0.120239 0.184082 -0.058386 -0.110601 0.237815
1.226196 0.134521 0.196777 -0.058860 -0.108465 0.198654
1.216187 0.146851 0.207886 -0.052215 -0.085205 0.173258
1.209229 0.157471 0.195557 -0.034414 -0.067642 0.165189
1.208008 0.165283 0.191284 -0.024446 -0.074525 0.172072
1.207397 0.170044 0.186279 -0.034177 -0.113449 0.152135
1.186768 0.165649 0.177368 -0.044620 -0.159730 0.113211
1.150757 0.169678 0.170898 -0.061946 -0.173970 0.078322
1.136230 0.171875 0.169678 -0.063607 -0.160917 0.067405
1.120117 0.179810 0.173706 -0.022547 -0.121993 0.065269
1.106812 0.187744 0.165771 -0.001187 -0.101344 0.040348
1.090942 0.183228 0.161377 -0.032278 -0.120094 0.012816
1.074829 0.189209 0.165405 -0.069541 -0.146202 -0.014240
1.041260 0.190186 0.162354 -0.085205 -0.148575 -0.056487
1.014526 0.189453 0.171753 -0.094699 -0.131961 -0.074050
0.994995 0.183838 0.183716 -0.098971 -0.101344 -0.071439
0.981079 0.186890 0.204224 -0.093749 -0.076424 -0.057199
0.963379 0.172241 0.197998 -0.069303 -0.062420 -0.023497
0.952393 0.185791 0.193726 -0.042484 -0.037262 0.021123
0.968506 0.162720 0.209229 -0.029193 -0.015902 0.088053
0.983521 0.134521 0.226440 -0.043671 -0.062420 0.134572
1.004761 0.131470 0.212158 0.003085 -0.100632 0.112262
0.988281 0.174072 0.166992 0.066693 -0.039636 0.087816
1.013306 0.135132 0.173462 0.061946 0.063370 0.119145
1.014404 0.150146 0.211548 -0.010918 0.214793 0.111075
1.035400 0.151367 0.202393 -0.037737 0.277451 0.121044
