0.923584 0.274414 -0.172363 0.048892 0.354112 -0.033465
0.912842 0.271729 -0.160278 0.143591 0.284571 -0.065269
0.893677 0.275757 -0.155518 0.239476 0.233543 -0.091139
0.870850 0.275391 -0.175659 0.304982 0.159018 -0.107278
0.883789 0.302246 -0.138184 0.323257 0.229271 -0.112974
0.900513 0.315430 -0.193359 0.318748 0.104667 -0.126028
0.904907 0.319458 -0.177734 0.275552 0.071914 -0.176819
0.860962 0.275269 -0.225830 0.191296 0.060284 -0.240188
0.833740 0.316528 -0.161743 0.068117 0.248021 -0.234967
0.811646 0.323975 -0.112427 -0.046044 0.105854 -0.164477
0.855957 0.271484 -0.071899 -0.093512 -0.067879 -0.062895
0.895874 0.237183 -0.063354 -0.104667 -0.253954 0.000237
0.946167 0.203735 -0.042480 -0.114161 -0.327292 -0.001661
0.970459 0.184082 -0.015869 -0.108702 -0.265821 -0.050791
0.979858 0.166626 0.016846 -0.067642 -0.107990 -0.132911
0.954712 0.129272 0.051025 0.018513 0.110363 -0.224524
0.909790 0.082886 0.090088 0.159493 0.378795 -0.304033
0.822754 0.049316 0.105591 0.358146 0.501025 -0.378795
0.739624 0.043335 0.118652 0.599284 0.400393 -0.455931
0.649292 0.029907 0.089111 0.851577 0.182515 -0.509570
0.561401 0.028809 0.049927 1.068981 -0.089477 -0.504348
0.479492 0.048706 0.019531 1.214945 -0.291217 -0.417244
0.424927 0.050781 -0.010132 1.298251 -0.337023 -0.257514
0.395508 0.052246 -0.035767 1.343821 -0.299523 -0.055063
0.385132 0.061646 -0.044189 1.377286 -0.247783 0.159018
0.396606 0.059082 -0.049316 1.424754 -0.252767 0.374286
0.436523 0.043823 -0.053345 1.513519 -0.297862 0.573889
0.516724 0.026001 -0.075195 1.646904 -0.385441 0.739078
0.580566 -0.019775 -0.131226 1.807584 -0.474681 0.872226
0.635864 -0.044189 -0.188477 1.948564 -0.537576 0.965500
0.676758 -0.045654 -0.259521 2.045398 -0.498652 1.014867
0.731934 0.009521 -0.329712 2.087170 -0.484174 1.035278
0.765747 0.005615 -0.412964 2.070557 -0.436706 1.055215
0.755127 -0.006226 -0.501343 2.002915 -0.294539 1.074914
0.745728 0.042603 -0.535645 1.889466 -0.240900 1.091765
0.768188 0.055542 -0.598511 1.754894 -0.318273 1.127366
0.766113 0.039185 -0.644775 1.610354 -0.274365 1.207825
0.774902 0.029175 -0.685791 1.429026 -0.174445 1.310830
0.756348 0.003784 -0.690674 1.213284 -0.003560 1.439232
0.763062 -0.026489 -0.704834 1.005373 0.101819 1.585433
0.784668 -0.063843 -0.708984 0.830454 0.153797 1.744688
0.829956 -0.083862 -0.708984 0.695882 0.089477 1.880922
0.914429 -0.120117 -0.699097 0.595487 -0.064794 1.970874
1.002686 -0.160645 -0.679565 0.515740 -0.127926 2.021665
1.075562 -0.181396 -0.675781 0.458541 -0.041297 2.042313
1.134766 -0.179321 -0.700562 0.447386 0.093987 2.023801
1.163208 -0.182373 -0.715820 0.467798 0.129113 1.970874
1.234375 -0.146118 -0.802856 0.501975 -0.037025 1.894213
1.302368 -0.107056 -0.854004 0.501025 -0.152372 1.793106
1.344727 -0.065063 -0.909790 0.427925 -0.225473 1.649040
1.340332 -0.046631 -0.954102 0.268669 -0.219540 1.487886
1.305054 -0.060181 -0.978638 0.030854 -0.144303 1.347618
1.265503 -0.071533 -0.981201 -0.274365 0.004747 1.273568
1.229248 -0.091675 -0.955811 -0.598098 0.211233 1.270245
1.224365 -0.098877 -0.906738 -0.879346 0.360283 1.291131
1.238281 -0.104980 -0.852905 -1.093427 0.424839 1.293742
1.273438 -0.111206 -0.805176 -1.245799 0.431959 1.260989
1.292847 -0.131470 -0.768555 -1.359248 0.401342 1.189312
1.310181 -0.153931 -0.732422 -1.456083 0.367165 1.088205
1.304443 -0.184937 -0.683960 -1.544373 0.372150 0.987336
1.273315 -0.211548 -0.641479 -1.628629 0.397070 0.900469
1.242554 -0.228271 -0.588501 -1.702917 0.431485 0.843507
1.207642 -0.239502 -0.535889 -1.767236 0.511943 0.826894
1.187866 -0.236328 -0.477417 -1.823011 0.603319 0.832590
1.161011 -0.241699 -0.434814 -1.863833 0.656721 0.830454
1.143799 -0.250244 -0.390015 -1.888517 0.653160 0.817163
1.127075 -0.244141 -0.345703 -1.895874 0.609727 0.809568
1.119141 -0.255615 -0.321167 -1.891365 0.546832 0.820960
1.120850 -0.243896 -0.302979 -1.887093 0.489633 0.842795
1.145264 -0.218262 -0.298706 -1.897061 0.421516 0.847305
1.168335 -0.197510 -0.301270 -1.928864 0.334650 0.807432
1.194946 -0.180908 -0.298706 -1.989861 0.218353 0.710834
1.201538 -0.181885 -0.290527 -2.065098 0.082832 0.585044
1.210693 -0.179443 -0.276123 -2.121585 -0.040823 0.458067
1.219482 -0.193359 -0.249390 -2.161458 -0.125790 0.356010
1.233643 -0.199951 -0.220093 -2.179733 -0.161629 0.288131
1.274780 -0.189209 -0.197388 -2.156711 -0.195806 0.245410
1.326416 -0.175781 -0.200928 -2.098563 -0.241138 0.199128
1.372437 -0.162476 -0.215332 -2.042551 -0.285995 0.125316
1.409546 -0.149780 -0.232422 -2.012883 -0.330615 0.021361
1.441162 -0.144897 -0.255127 -2.016680 -0.383305 -0.109651
1.464966 -0.156372 -0.267578 -2.065335 -0.445250 -0.271517
1.477539 -0.162231 -0.250732 -2.139623 -0.524759 -0.463051
1.466797 -0.182739 -0.219604 -2.191363 -0.633699 -0.671673
1.453857 -0.205811 -0.190918 -2.201094 -0.776103 -0.877447
1.429199 -0.209839 -0.169922 -2.157423 -0.952209 -1.072778
1.420288 -0.192017 -0.171143 -2.063437 -1.131401 -1.249122
1.394897 -0.167847 -0.187622 -1.953073 -1.239154 -1.396748
1.366455 -0.137695 -0.221313 -1.871903 -1.265973 -1.523250
1.323120 -0.109131 -0.258911 -1.832979 -1.233695 -1.643344
1.306030 -0.105713 -0.249023 -1.838438 -1.159882 -1.753945
1.267822 -0.116333 -0.219238 -1.853628 -0.930374 -1.826096
1.217407 -0.112061 -0.181641 -1.828470 -0.586705 -1.855526
1.141479 -0.134155 -0.155640 -1.742552 -0.243986 -1.851492
1.082397 -0.127930 -0.134033 -1.604895 0.007595 -1.828232
1.037720 -0.112305 -0.113037 -1.437807 0.163527 -1.797853
1.017334 -0.076050 -0.104370 -1.248173 0.218116 -1.786698
1.007324 -0.034180 -0.096802 -1.048332 0.202926 -1.817077
0.999390 -0.007446 -0.095215 -0.860833 0.161866 -1.904181
0.977661 0.007813 -0.099487 -0.696119 0.134572 -2.039940
0.939941 0.010498 -0.090332 -0.543509 0.118907 -2.190651
0.898315 0.004639 -0.076904 -0.392561 0.101819 -2.331156
0.825562 -0.009277 -0.085449 -0.240188 0.074050 -2.435111
0.724854 -0.029785 -0.113037 -0.074525 -0.008782 -2.479494
0.661499 -0.007080 -0.118530 0.093037 -0.207910 -2.441994
0.656860 0.020508 -0.114746 0.241612 -0.425076 -2.345634
0.675659 0.065430 -0.114868 0.374286 -0.564870 -2.263514
0.677734 0.092041 -0.132813 0.510519 -0.631562 -2.238356
0.635376 0.095093 -0.170410 0.657907 -0.661942 -2.248562
0.596558 0.115967 -0.222168 0.783460 -0.699442 -2.240018
0.549683 0.132202 -0.287598 0.864156 -0.716530 -2.184480
0.522217 0.152100 -0.337402 0.874599 -0.708223 -2.091680
0.469482 0.157959 -0.379272 0.815739 -0.652448 -1.973722
0.422119 0.156006 -0.392334 0.727448 -0.580534 -1.832979
0.378906 0.155273 -0.391479 0.652923 -0.523810 -1.673486
0.321777 0.130859 -0.397339 0.614949 -0.473257 -1.507348
0.277954 0.135864 -0.376709 0.614949 -0.415583 -1.315577
0.196899 0.108765 -0.396973 0.626578 -0.222625 -1.059724
0.111450 0.088623 -0.437134 0.628952 0.035838 -0.724837
0.062012 0.104370 -0.451172 0.618034 0.218353 -0.336786
0.061279 0.097534 -0.460327 0.598335 0.343431 0.044383
0.120605 0.120239 -0.442383 0.597860 0.390187 0.327055
0.170288 0.131592 -0.428711 0.654585 0.396358 0.450947
0.198242 0.132080 -0.421387 0.771119 0.318273 0.431485
0.197021 0.115723 -0.447632 0.912573 0.188923 0.339159
0.197144 0.101563 -0.463989 1.030294 0.083306 0.261312
0.199585 0.085083 -0.478027 1.101259 0.066218 0.227609
0.196167 0.066895 -0.467041 1.144455 0.110126 0.232119
0.192261 0.051514 -0.459229 1.186701 0.159493 0.245647
0.167480 0.028076 -0.467773 1.237018 0.169936 0.266770
0.121094 0.002441 -0.482422 1.296115 0.104904 0.307593
0.130005 -0.013062 -0.485107 1.336938 -0.020411 0.405852
0.177490 -0.019653 -0.488525 1.352365 -0.084730 0.560123
0.245850 -0.011475 -0.486084 1.359248 -0.028006 0.719616
0.295044 -0.015747 -0.488281 1.355688 0.145490 0.842321
0.314453 -0.015015 -0.482788 1.340973 0.350789 0.913285
0.318970 -0.011963 -0.466309 1.338362 0.481089 0.939630
0.297607 -0.033447 -0.475220 1.363995 0.519538 0.947937
0.295288 -0.048828 -0.490356 1.406479 0.431485 0.979741
0.323730 -0.057129 -0.499390 1.449437 0.331802 1.074202
0.370239 -0.061890 -0.511841 1.479342 0.309254 1.214233
0.451294 -0.055908 -0.526001 1.514231 0.326818 1.345957
0.526001 -0.046265 -0.565918 1.577838 0.332988 1.429975
0.617188 -0.037598 -0.609131 1.647379 0.337498 1.449912
0.661133 -0.038574 -0.662720 1.688676 0.386153 1.406241
0.669800 -0.040894 -0.711548 1.659483 0.459253 1.356400
0.663940 -0.054443 -0.750488 1.560275 0.537576 1.346194
0.700684 -0.057495 -0.765625 1.406241 0.618746 1.403156
0.730469 -0.072998 -0.769043 1.229897 0.756166 1.498567
0.769897 -0.090210 -0.764526 1.052367 0.909013 1.600386
