0.599976 0.492310 -0.165527 -0.219302 0.759964 -0.409175
0.576172 0.509521 -0.167725 -0.242799 0.686625 -0.334887
0.552612 0.487549 -0.042969 -0.224761 0.602844 -0.241138
0.495483 0.465820 -0.005981 -0.089003 0.590028 -0.118433
0.360718 0.406250 -0.003174 0.055063 0.680929 0.051503
0.267212 0.429810 0.060913 0.187973 0.747622 0.349365
0.340210 0.400513 0.094971 0.364555 0.539712 0.715106
0.416260 0.372681 0.097046 0.573414 0.307356 0.934883
0.470947 0.355591 0.026367 0.735518 0.078560 1.074914
0.473755 0.356934 -0.052002 0.818112 0.070965 1.124044
0.479858 0.366455 -0.139648 0.806245 0.075474 1.115025
0.447144 0.365723 -0.195557 0.686388 0.089477 1.071354
0.378662 0.319336 -0.223999 0.488209 0.225236 1.007984
0.276489 0.260132 -0.196777 0.284571 0.089240 1.008696
0.211426 0.201660 -0.132080 0.091376 0.015427 1.114550
0.174927 0.157959 -0.052246 -0.040111 -0.041297 1.270720
0.150635 0.110474 0.009033 -0.075474 -0.088528 1.449912
0.159302 0.052246 0.028687 0.004509 -0.196518 1.668740
0.237427 0.010498 0.017700 0.183701 -0.396121 1.921744
0.337646 -0.006226 -0.014282 0.393510 -0.612101 2.144607
0.421631 -0.020264 -0.048096 0.559648 -0.662179 2.312406
0.442627 -0.041992 -0.078613 0.659094 -0.597386 2.435823
0.444092 -0.066040 -0.099121 0.714157 -0.573651 2.531471
0.475342 -0.105469 -0.117798 0.742400 -0.613287 2.651803
0.543213 -0.180054 -0.124268 0.725075 -0.554190 2.856628
0.694092 -0.242676 -0.118164 0.718429 -0.411073 3.156389
0.926636 -0.262573 -0.089844 0.778951 -0.297862 3.468728
1.142822 -0.264771 -0.123413 0.894536 -0.209334 3.661448
1.356323 -0.248047 -0.151978 1.017003 -0.258226 3.731227
1.562866 -0.176880 -0.203491 1.150388 -0.459728 3.682572
1.720581 -0.140625 -0.277100 1.241527 -0.572465 3.480833
1.832520 -0.104248 -0.371216 1.266922 -0.677132 3.211451
1.898438 -0.064087 -0.457397 1.204502 -0.737654 2.907181
1.949707 -0.058228 -0.506226 1.032905 -0.756166 2.613829
1.985229 -0.057007 -0.461182 0.831640 -0.920880 2.349432
2.035645 -0.049927 -0.489868 0.715344 -1.284960 2.073167
2.056763 -0.091919 -0.491577 0.628477 -1.161781 1.769609
2.117432 -0.151001 -0.491943 0.572939 -1.045484 1.520402
2.189697 -0.177612 -0.520264 0.607591 -1.022225 1.297065
2.246948 -0.181274 -0.566284 0.705138 -0.942004 1.032430
2.278809 -0.190674 -0.638428 0.806482 -0.842321 0.715581
2.291016 -0.200073 -0.715210 0.862495 -0.662654 0.379270
2.258667 -0.217163 -0.779785 0.855612 -0.421279 0.036076
2.208740 -0.227173 -0.833008 0.796277 -0.146914 -0.301185
2.154663 -0.243164 -0.880127 0.680929 0.087104 -0.624680
2.143921 -0.265137 -0.919434 0.524522 0.177768 -0.911149
2.188110 -0.307129 -0.953247 0.352688 0.210046 -1.187413
2.266235 -0.388550 -0.991821 0.207673 0.268907 -1.483139
2.389648 -0.468872 -1.042358 0.111787 0.362181 -1.790970
2.478394 -0.505981 -1.095459 0.039873 0.486785 -2.152914
2.386597 -0.462646 -1.124634 -0.056724 0.684964 -2.667705
2.088745 -0.406250 -1.144775 -0.277688 0.863681 -3.317543
1.688232 -0.411743 -1.136841 -0.632987 1.013918 -3.921574
1.279297 -0.437500 -1.107544 -1.078000 1.283774 -4.324340
0.884888 -0.439331 -1.010986 -1.598249 1.582110 -4.487630
0.566650 -0.446167 -0.853394 -2.114227 1.767473 -4.466507
0.347534 -0.379395 -0.660400 -2.509399 1.743027 -4.374419
0.197632 -0.315796 -0.460571 -2.781866 1.501652 -4.178613
0.139404 -0.295166 -0.274780 -2.880362 1.132588 -3.893093
0.130859 -0.249634 -0.154541 -2.807973 0.849204 -3.593332
0.098267 -0.194336 -0.055542 -2.619287 0.547544 -3.324425
0.072754 -0.125732 -0.021729 -2.391203 0.286470 -3.055519
0.055054 -0.065552 0.003662 -2.215097 0.257040 -2.769286
0.032593 -0.014893 0.020020 -2.114465 0.394934 -2.470712
0.039063 0.034058 0.043945 -2.059876 0.592639 -2.173800
0.042480 0.073975 0.078247 -2.028548 0.792005 -1.899197
0.034424 0.101685 0.093140 -1.989386 0.930849 -1.671825
0.015015 0.129028 0.119507 -1.921982 0.949598 -1.485276
0.005981 0.169678 0.133789 -1.833928 0.793903 -1.319612
0.014893 0.199097 0.162598 -1.747062 0.556563 -1.155610
0.023193 0.210083 0.178589 -1.654262 0.317087 -0.986386
0.035278 0.212280 0.203491 -1.553630 0.116771 -0.817875
0.051758 0.228027 0.217285 -1.444453 -0.046044 -0.658382
0.060303 0.232788 0.228027 -1.335989 -0.180853 -0.509095
0.068359 0.213135 0.218872 -1.248647 -0.275077 -0.363605
0.080322 0.191895 0.218140 -1.204265 -0.298099 -0.225473
0.087280 0.164917 0.220947 -1.215894 -0.211470 -0.083306
0.075806 0.153076 0.249023 -1.263362 -0.025395 0.063133
0.053101 0.165039 0.278076 -1.315577 0.203163 0.193432
0.011719 0.146851 0.307251 -1.343109 0.334175 0.307118
-0.014893 0.136963 0.325806 -1.332666 0.319697 0.433621
-0.026733 0.142944 0.352173 -1.296353 0.224524 0.596436
-0.018188 0.153809 0.383667 -1.238442 0.105854 0.784647
0.007690 0.166504 0.409668 -1.165578 -0.017326 0.981877
0.047363 0.140869 0.428223 -1.090816 -0.088765 1.187176
0.091553 0.145874 0.472778 -0.988522 -0.273416 1.419058
0.157349 0.156738 0.472290 -0.835200 -0.399918 1.643107
0.243042 0.154419 0.483032 -0.691847 -0.349365 1.853153
0.329590 0.148071 0.486572 -0.549917 -0.287894 2.070082
0.419312 0.140625 0.477905 -0.417244 -0.239714 2.285587
0.513550 0.125244 0.482300 -0.310678 -0.115822 2.529098
0.639282 0.117798 0.507202 -0.216217 0.088053 2.796106
0.775146 0.109497 0.510620 -0.109414 0.299049 3.052671
0.945679 0.093018 0.512939 0.024209 0.445250 3.266989
1.157227 0.088135 0.499878 0.144778 0.425314 3.410105
1.373779 0.061646 0.476685 0.220489 0.276027 3.429567
1.622559 0.064941 0.436035 0.269144 0.033702 3.346735
1.827026 0.098267 0.370361 0.299286 -0.180141 3.124110
2.010010 0.177979 0.282471 0.287894 -0.292641 2.742230
2.053711 0.160889 0.230957 0.208147 -0.283384 2.230999
2.039673 0.174194 0.197754 0.095173 -0.220964 1.745875
1.966553 0.165527 0.203003 -0.006646 -0.129350 1.368029
1.900513 0.143188 0.203247 -0.072863 -0.100632 1.102920
1.886475 0.144043 0.190186 -0.093512 -0.105616 0.918032
1.881470 0.146362 0.171387 -0.089003 -0.103243 0.771593
1.877563 0.162109 0.152832 -0.091139 0.026582 0.628952
1.826416 0.176270 0.152100 -0.116059 0.304033 0.471832
1.758789 0.183838 0.154297 -0.140743 0.517639 0.305932
1.671265 0.184326 0.137939 -0.151186 0.585756 0.142642
1.596436 0.174072 0.113037 -0.168274 0.607591 0.002611
1.531982 0.158569 0.101318 -0.212894 0.664078 -0.115822
1.468140 0.137817 0.108276 -0.284096 0.744062 -0.217404
1.407959 0.114868 0.133545 -0.362893 0.796989 -0.303558
1.351685 0.089966 0.166016 -0.426263 0.790343 -0.375710
1.297119 0.072876 0.196777 -0.461152 0.736230 -0.434333
1.237793 0.069336 0.232666 -0.475393 0.650787 -0.483462
1.192017 0.052002 0.260376 -0.474206 0.506959 -0.523098
1.136841 0.034912 0.273438 -0.457829 0.322545 -0.557750
1.091797 0.030396 0.285278 -0.436943 0.135521 -0.579822
1.061157 0.024292 0.293945 -0.420092 0.006171 -0.585281
1.026367 0.021362 0.300781 -0.408937 -0.037500 -0.584332
0.997192 0.015625 0.314575 -0.392561 -0.013766 -0.584806
0.956787 0.014038 0.323242 -0.363843 0.009256 -0.587655
0.920654 0.012695 0.325806 -0.322308 0.003323 -0.581009
0.885376 0.020264 0.327637 -0.266533 -0.003085 -0.552528
0.867432 0.039307 0.318237 -0.204350 -0.000475 -0.516927
0.850342 0.048096 0.303711 -0.147863 0.001424 -0.482987
0.835083 0.043091 0.290039 -0.111550 0.019699 -0.441216
0.827148 0.047363 0.276123 -0.096123 0.071677 -0.382118
0.817871 0.058960 0.271606 -0.097072 0.147388 -0.314951
0.828613 0.075562 0.274292 -0.101582 0.220252 -0.247783
0.837158 0.084473 0.269409 -0.103243 0.270331 -0.187024
0.854614 0.101074 0.276978 -0.099920 0.307593 -0.140505
0.856323 0.112793 0.282837 -0.094461 0.330140 -0.108465
0.860718 0.116699 0.282715 -0.084018 0.317799 -0.089477
0.861084 0.128052 0.280640 -0.068591 0.289080 -0.070965
0.863647 0.143921 0.287964 -0.055300 0.256328 -0.044620
0.881592 0.156006 0.289063 -0.045095 0.220726 -0.014952
0.903198 0.165283 0.285767 -0.035601 0.191296 0.010680
0.928589 0.172485 0.293823 -0.027531 0.169698 0.029193
0.956177 0.170288 0.287842 -0.032041 0.160679 0.037262
0.982544 0.171875 0.286011 -0.049367 0.184176 0.037262
0.993286 0.173096 0.284058 -0.076424 0.237578 0.031092
1.000977 0.184448 0.293945 -0.112025 0.291691 0.018750
1.003662 0.189087 0.299316 -0.156170 0.326106 -0.005934
1.003784 0.187134 0.307495 -0.198416 0.354112 -0.037025
0.999268 0.178101 0.310791 -0.233780 0.394460 -0.067642
0.988281 0.180054 0.319824 -0.259176 0.442402 -0.086629
0.985840 0.178711 0.333130 -0.277213 0.469459 -0.099683
0.985962 0.160645 0.343140 -0.296675 0.474206 -0.115585
