-0.152954 0.654785 0.764893 0.270093 -0.199128 0.120569
-0.167114 0.601563 0.783813 0.356010 -0.208622 0.373336
-0.111938 0.599976 0.772705 0.438842 -0.230695 0.624917
-0.122437 0.520996 0.795044 0.517402 -0.250631 0.812178
0.033569 0.136353 0.853638 0.653872 -0.191534 0.948174
-0.176392 0.630005 0.904663 0.891925 0.021361 1.017952
-0.178223 0.400879 0.930420 1.169138 0.008782 1.327444
-0.203369 0.269409 1.015259 1.489548 -0.303796 1.529895
-0.233032 0.196045 1.246948 1.993896 -0.486073 1.832742
-0.242065 0.144897 1.243896 2.694287 -0.783698 2.249037
-0.134888 0.105591 1.242676 3.561766 -1.155373 2.717784
0.075928 0.092285 1.134399 4.510178 -1.363995 3.158050
0.302246 0.052246 0.882324 5.382640 -1.272381 3.472288
0.419067 0.014893 0.634521 6.005896 -0.726736 3.650056
0.575073 0.017700 0.439087 6.375197 -0.136471 3.799581
0.749023 0.077759 0.175537 6.602332 0.381168 3.906858
0.777466 0.087524 -0.152588 6.610639 1.098173 3.905197
0.752808 0.120361 -0.321533 6.327255 1.743502 3.867935
0.715332 0.100830 -0.391968 5.995215 1.905131 3.841115
0.688477 0.051758 -0.424683 5.831925 1.535354 3.855356
0.838623 0.095337 -0.532104 5.904077 0.496991 3.857254
1.074951 0.194580 -0.565796 6.093474 -0.893586 3.667857
1.215698 0.294312 -1.012329 6.266733 -1.282350 3.205755
1.202881 0.315674 -1.205322 6.067130 -1.533456 2.547611
1.239258 0.321533 -1.393677 5.645376 -2.299115 1.941918
1.258789 0.363892 -1.629028 5.081218 -2.562088 1.517079
1.208374 0.286011 -1.812988 4.267853 -1.842473 1.281875
1.156006 0.243042 -1.845093 3.306387 -0.877447 1.117161
1.115845 0.194702 -1.832764 2.454098 -0.224524 1.098411
1.119629 0.206787 -1.813721 1.817552 -0.056487 1.076101
1.122070 0.227051 -1.864014 1.293979 -0.277925 0.975231
1.099121 0.261230 -1.889282 0.766846 -0.645803 0.788207
1.039429 0.277954 -1.873901 0.153322 -0.873175 0.568430
0.984619 0.273560 -1.793823 -0.554427 -0.815501 0.391137
0.932617 0.260986 -1.676514 -1.273805 -0.512180 0.296913
0.880371 0.255859 -1.543701 -1.934086 -0.074050 0.242324
0.812134 0.254272 -1.450684 -2.503465 0.206249 0.167800
0.731567 0.243896 -1.378052 -3.000693 0.267008 0.090427
0.657715 0.236328 -1.304565 -3.489377 0.210758 0.050791
0.618286 0.223877 -1.212524 -3.981383 0.153559 0.053402
0.610474 0.230957 -1.113159 -4.438975 0.138132 0.067167
0.614502 0.217896 -1.033569 -4.860254 0.054351 0.052452
0.624878 0.205078 -0.927002 -5.278923 -0.068829 0.013528
0.666870 0.171387 -0.800049 -5.668398 -0.128876 -0.016139
0.724731 0.174805 -0.637207 -5.936593 -0.172784 -0.083069
0.748535 0.188721 -0.502441 -6.070690 -0.355536 -0.189398
0.766479 0.158203 -0.352905 -6.139044 -0.498889 -0.304745
0.738159 0.116699 -0.161743 -6.128364 -0.469222 -0.353162
0.711182 0.158936 -0.027588 -6.013016 -0.486785 -0.353637
0.682739 0.165039 0.094727 -5.886514 -0.381881 -0.344143
0.652588 0.187744 0.234497 -5.723461 -0.105379 -0.279587
0.603149 0.199219 0.313965 -5.486595 0.131961 -0.167562
0.581299 0.210327 0.378784 -5.242135 0.309729 -0.060284
0.563599 0.197021 0.483398 -5.007405 0.485836 0.029430
0.568481 0.217163 0.590454 -4.681775 0.556563 0.098734
0.550537 0.226074 0.695557 -4.291824 0.492481 0.164477
0.541138 0.224365 0.795410 -3.873868 0.363131 0.227135
0.569824 0.259277 0.872559 -3.402748 0.207198 0.293353
0.585571 0.266846 0.945801 -2.937798 0.113211 0.359096
0.583496 0.278687 1.007690 -2.478545 0.118907 0.401580
0.565918 0.263672 1.051514 -2.004101 0.122705 0.455693
0.531738 0.331543 1.049805 -1.508535 0.046993 0.527845
0.567749 0.191406 1.074219 -1.009408 -0.073101 0.615661
0.523560 0.221069 1.110596 -0.501737 -0.234255 0.637971
0.484497 0.181274 1.140137 0.062183 -0.338447 0.704426
0.450317 0.167236 1.106323 0.719378 -0.495092 0.828792
0.420044 0.203857 1.016846 1.395561 -0.635835 1.007984
0.438599 0.072021 0.998047 1.995320 -0.660993 1.231559
0.501953 0.049561 0.936279 2.604335 -0.559411 1.458456
0.551758 0.006958 0.883545 3.227828 -0.521199 1.764388
0.616333 -0.040161 0.841309 3.902349 -0.546595 2.125857
0.715820 -0.087036 0.801025 4.565715 -0.670724 2.414463
0.829102 -0.093750 0.697144 5.200126 -0.836625 2.560190
0.944092 -0.217651 0.536743 5.815549 -1.129977 2.591993
0.996948 -0.197632 0.353882 6.414833 -1.362571 2.489937
1.001831 -0.266479 0.232910 6.902567 -1.577601 2.266362
1.021851 -0.360718 0.029541 7.289907 -1.784799 2.086933
1.084717 -0.271851 -0.195435 7.540301 -2.016443 1.958769
1.217407 -0.169922 -0.547241 7.561661 -2.576092 1.689863
1.309570 -0.048096 -0.795410 7.196395 -3.426007 1.393662
1.333130 -0.123047 -1.058594 6.612300 -3.407969 1.025073
1.198853 0.013306 -1.155640 5.861118 -2.172850 0.719616
1.080444 -0.099731 -1.195068 5.064130 -0.488921 0.659094
1.023438 -0.098389 -1.209595 4.454877 0.234730 0.770881
0.997070 -0.111694 -1.256226 4.037633 0.030142 0.884805
0.966187 -0.145020 -1.237427 3.693490 -0.654585 0.931086
0.952148 -0.194336 -1.149414 3.392305 -1.343346 0.922779
0.987061 -0.229980 -1.207031 3.176325 -1.926966 0.914235
0.974854 -0.218384 -1.108276 3.008051 -3.178224 0.847067
1.070923 -0.153809 -1.189331 2.897687 -3.383998 0.766372
1.097778 -0.104370 -1.287598 2.556392 -2.807498 0.718429
1.108276 -0.052002 -1.273438 2.017867 -2.017392 0.632275
1.094849 -0.031372 -1.248901 1.464864 -1.237967 0.501975
1.072144 -0.005737 -1.189819 0.957668 -0.517639 0.344143
0.978271 -0.001709 -1.215698 0.504111 0.042721 0.141692
0.890381 -0.048950 -1.072510 0.147863 0.206011 -0.090901
0.790527 -0.086182 -1.017822 -0.113923 0.490345 -0.242087
0.711304 -0.103394 -0.938110 -0.335124 0.703239 -0.298099
0.668945 -0.107056 -0.868408 -0.483937 0.743112 -0.314001
0.643311 -0.101440 -0.813843 -0.547307 0.548019 -0.324919
0.627441 -0.110474 -0.736206 -0.555851 0.196043 -0.327055
0.631348 -0.099609 -0.677246 -0.517164 -0.021361 -0.293353
0.658691 -0.073853 -0.645630 -0.453795 -0.110601 -0.248021
0.691650 -0.045776 -0.633545 -0.393985 -0.185600 -0.225711
0.719604 -0.029053 -0.618652 -0.347466 -0.248021 -0.215030
0.728394 -0.007690 -0.628906 -0.311628 -0.248970 -0.215980
0.752319 0.004150 -0.641113 -0.310204 -0.164714 -0.222151
0.766235 0.012573 -0.621582 -0.334650 -0.048655 -0.239951
0.767700 0.004639 -0.623657 -0.341770 0.109651 -0.241375
0.770386 0.007568 -0.594849 -0.351026 0.273179 -0.223100
0.773682 0.023560 -0.588623 -0.338922 0.422466 -0.203401
0.773071 0.033813 -0.584961 -0.304982 0.421042 -0.199366
0.772339 0.037964 -0.595703 -0.275077 0.343906 -0.200315
0.772217 0.045532 -0.590820 -0.269381 0.247783 -0.192483
0.779785 0.044922 -0.574707 -0.267008 0.147863 -0.183939
0.776855 0.049072 -0.576538 -0.260837 0.090189 -0.163765
0.797241 0.058594 -0.574707 -0.264397 0.044383 -0.150948
0.804077 0.066284 -0.567749 -0.267245 -0.039873 -0.158069
0.815063 0.072510 -0.582397 -0.251343 -0.158069 -0.172784
0.796753 0.049438 -0.588013 -0.248970 -0.208859 -0.178243
0.793213 0.045288 -0.570923 -0.267245 -0.122468 -0.144303
0.806641 0.052368 -0.567993 -0.269381 -0.053402 -0.106091
0.805176 0.056030 -0.571533 -0.238764 -0.073575 -0.092325
0.800415 0.060181 -0.579590 -0.205774 -0.123654 -0.097784
0.798706 0.062866 -0.576904 -0.190584 -0.171360 -0.106328
0.789673 0.054932 -0.599121 -0.184413 -0.228796 -0.109651
0.788086 0.047852 -0.607544 -0.191059 -0.187024 -0.088291
0.802734 0.049561 -0.577026 -0.200315 -0.076424 -0.041772
0.801880 0.045166 -0.579956 -0.180616 0.030142 -0.016139
0.808594 0.051270 -0.568604 -0.151186 0.118670 -0.000949
0.816040 0.058228 -0.556763 -0.114398 0.138369 0.002136
0.814453 0.062378 -0.578125 -0.060996 0.097310 -0.012579
0.808594 0.067261 -0.586304 -0.026345 0.053164 -0.029668
0.798584 0.061890 -0.589111 -0.012342 0.026345 -0.035126
0.798828 0.063232 -0.596069 -0.001661 0.005696 -0.034889
0.790771 0.053589 -0.607300 0.012579 -0.052215 -0.028006
0.795044 0.054565 -0.612061 0.026582 -0.095173 -0.010680
0.807617 0.060181 -0.603760 0.029193 -0.118195 0.000000
0.813110 0.062012 -0.614624 0.038449 -0.144066 -0.007595
0.822998 0.063599 -0.618408 0.036313 -0.154034 -0.020174
0.807129 0.058838 -0.617676 0.025870 -0.145727 -0.036076
0.809692 0.057739 -0.616699 0.018513 -0.124604 -0.044145
0.800659 0.059570 -0.630005 0.014003 -0.121281 -0.048892
0.796753 0.063599 -0.635620 0.003085 -0.098022 -0.049129
0.790649 0.061646 -0.636108 -0.020649 -0.046756 -0.049367
0.791260 0.066406 -0.619263 -0.034414 -0.018750 -0.057674
0.779541 0.063110 -0.623901 -0.026345 -0.047468 -0.060047
0.776245 0.063477 -0.633423 -0.023259 -0.087816 -0.059572
0.779785 0.062500 -0.627319 -0.028006 -0.104667 -0.061471
0.766235 0.052002 -0.623779 -0.018275 -0.101819 -0.047705
