0.979858 0.214355 -0.201904 0.081882 -0.145252 0.079509
1.052979 0.185547 -0.135254 0.091376 0.006646 0.083069
1.009399 0.226196 -0.174438 0.120806 -0.004035 0.056962
0.998413 0.185791 -0.181885 0.157357 -0.034889 0.024446
0.997070 0.092407 -0.227539 0.254429 0.053639 -0.000712
0.993896 0.253540 -0.186035 0.292403 0.414159 -0.055063
0.983643 0.260010 -0.167358 0.228559 0.314951 -0.076186
0.966919 0.238281 -0.238159 0.185837 0.125316 -0.067405
0.975708 0.259399 -0.168945 0.147388 0.112262 -0.037737
0.980957 0.249023 -0.189819 0.149287 0.033702 0.001187
1.006104 0.238403 -0.188965 0.153559 -0.043671 0.029905
1.010498 0.231567 -0.191162 0.173021 -0.046993 0.030142
1.015625 0.225708 -0.184692 0.202689 -0.053876 -0.004035
1.004150 0.212036 -0.196655 0.222388 -0.024446 -0.051740
0.968506 0.209473 -0.185547 0.267482 -0.028006 -0.082832
0.948364 0.207886 -0.176025 0.306881 -0.060284 -0.085680
0.942383 0.205811 -0.165161 0.343194 -0.128164 -0.070015
0.947510 0.194092 -0.172974 0.381881 -0.183227 -0.052690
0.947266 0.183716 -0.172974 0.417482 -0.203638 -0.033940
0.939453 0.178345 -0.186646 0.449760 -0.201502 -0.011155
0.937378 0.184937 -0.201416 0.462576 -0.190584 0.018750
0.914551 0.177002 -0.209473 0.454507 -0.187736 0.046281
0.916260 0.173340 -0.203735 0.438130 -0.193907 0.064319
0.918091 0.174927 -0.207764 0.429111 -0.206486 0.076898
0.926758 0.161011 -0.214966 0.436469 -0.243986 0.079984
0.929321 0.143555 -0.236328 0.459728 -0.261549 0.070965
0.942505 0.127197 -0.243286 0.488684 -0.257514 0.054114
0.947388 0.140259 -0.259399 0.515740 -0.258701 0.032753
0.943726 0.129761 -0.295898 0.534253 -0.289555 0.022785
0.960083 0.137695 -0.319824 0.545645 -0.328242 0.016851
0.970215 0.134155 -0.353149 0.550629 -0.354586 0.017563
0.963257 0.116211 -0.427246 0.549680 -0.358146 0.002848
0.974854 0.125366 -0.459473 0.532117 -0.354586 -0.016376
0.983887 0.140503 -0.539185 0.496991 -0.342719 -0.040585
0.971924 0.148315 -0.612915 0.398969 -0.309017 -0.050079
0.969238 0.143311 -0.671997 0.243986 -0.256565 -0.065269
0.974121 0.141602 -0.719360 0.052452 -0.223812 -0.081408
0.975464 0.133789 -0.744507 -0.130537 -0.211945 -0.088528
0.978394 0.119873 -0.774048 -0.271043 -0.201265 -0.097547
0.981445 0.111328 -0.776855 -0.389950 -0.165901 -0.110601
0.968262 0.112427 -0.801514 -0.500076 -0.133148 -0.138844
0.976807 0.115845 -0.797974 -0.617322 -0.134335 -0.172072
0.955933 0.099365 -0.814209 -0.733619 -0.179904 -0.210283
0.971191 0.103394 -0.835083 -0.846830 -0.260837 -0.242799
0.972290 0.099121 -0.890991 -0.938206 -0.381881 -0.260837
0.984375 0.103760 -0.936035 -1.013680 -0.503873 -0.271517
0.989136 0.121338 -0.962891 -1.128790 -0.610202 -0.275315
0.977539 0.139893 -0.986816 -1.285672 -0.619695 -0.286707
0.978027 0.161133 -0.954712 -1.504500 -0.588604 -0.265821
0.970459 0.169678 -0.916626 -1.755369 -0.510519 -0.225473
0.974609 0.162109 -0.850464 -2.029971 -0.432909 -0.171597
0.982422 0.132080 -0.782715 -2.283451 -0.389475 -0.131012
0.992310 0.121216 -0.724976 -2.482579 -0.403241 -0.117721
1.021973 0.126831 -0.714966 -2.621423 -0.507196 -0.144540
1.032227 0.101563 -0.683350 -2.707578 -0.726973 -0.220014
1.041138 0.094360 -0.648071 -2.782815 -0.962652 -0.321359
1.033813 0.116211 -0.592773 -2.859476 -1.086781 -0.396596
1.012939 0.121216 -0.539063 -2.934000 -1.050468 -0.405140
1.000244 0.111206 -0.459839 -3.032734 -0.960279 -0.356485
1.004883 0.116333 -0.400757 -3.159711 -0.851814 -0.289318
1.009277 0.099609 -0.345581 -3.266040 -0.773255 -0.247309
1.009888 0.089600 -0.264282 -3.323239 -0.768033 -0.250631
1.006958 0.080688 -0.152466 -3.341751 -0.846355 -0.296675
0.998413 0.092896 -0.094604 -3.306625 -1.026497 -0.372624
1.000488 0.095215 0.030029 -3.233761 -1.282350 -0.472070
0.995728 0.085449 0.101196 -3.122211 -1.470323 -0.576974
0.984863 0.073364 0.212158 -2.990250 -1.562648 -0.632512
0.997314 0.083252 0.265869 -2.829334 -1.492870 -0.619458
0.996582 0.094482 0.288696 -2.605759 -1.322460 -0.554664
0.991333 0.124146 0.291626 -2.360824 -1.100547 -0.479427
0.975952 0.136475 0.285889 -2.149354 -0.891925 -0.426500
0.934204 0.173828 0.274170 -1.981317 -0.759014 -0.406801
0.893311 0.193848 0.277344 -1.843659 -0.787495 -0.424364
0.853394 0.218018 0.273315 -1.707901 -0.918744 -0.467086
0.819458 0.248413 0.245483 -1.536778 -1.034804 -0.502449
0.791382 0.266968 0.234741 -1.332903 -1.102446 -0.503161
0.760986 0.296021 0.208984 -1.126892 -1.084170 -0.449522
0.722412 0.308716 0.166016 -0.946513 -0.981877 -0.341770
0.690674 0.338013 0.125977 -0.791292 -0.854900 -0.220252
0.666870 0.348267 0.074829 -0.647464 -0.773492 -0.112025
0.640503 0.365234 0.019043 -0.514554 -0.755217 -0.035838
0.603149 0.382202 -0.025635 -0.402766 -0.789156 0.012816
0.569458 0.390259 -0.062256 -0.317087 -0.842795 0.060522
0.527832 0.383057 -0.077515 -0.272704 -0.892162 0.132436
0.521118 0.383911 -0.084595 -0.280536 -0.897384 0.251818
0.505737 0.367065 -0.070801 -0.327530 -0.854662 0.413447
0.483643 0.356812 -0.056763 -0.372387 -0.789868 0.589791
0.465332 0.358887 -0.041382 -0.365267 -0.706325 0.749995
0.404541 0.329590 -0.031250 -0.288606 -0.644616 0.885754
0.313354 0.299194 -0.042969 -0.149762 -0.679031 1.025785
0.267578 0.248413 -0.033936 0.042721 -0.815264 1.223964
0.252441 0.149292 -0.030396 0.280062 -0.970959 1.529895
0.288452 0.076782 -0.035522 0.547307 -1.064471 1.932425
0.421387 -0.007324 -0.031128 0.838523 -1.087018 2.408767
0.554688 -0.063599 -0.028931 1.143980 -0.986149 2.902909
0.704468 -0.082275 -0.080933 1.441130 -0.759964 3.300454
0.760864 -0.145020 -0.125000 1.732821 -0.478953 3.554171
0.744141 -0.161621 -0.177979 2.028548 -0.324919 3.681623
0.674805 -0.223999 -0.276611 2.324273 -0.345093 3.811448
0.678955 -0.249512 -0.348511 2.583212 -0.452845 4.066588
0.855835 -0.213867 -0.412109 2.721106 -0.590740 4.401713
1.089355 -0.175903 -0.474609 2.685743 -0.543984 4.598468
1.287842 -0.117065 -0.532593 2.526250 -0.295014 4.438975
1.439209 -0.063843 -0.588745 2.315017 -0.125316 3.941036
1.530640 -0.033447 -0.674683 2.104971 -0.173733 3.200296
1.525757 -0.073242 -0.730103 1.861460 -0.233068 2.384558
1.406860 -0.177368 -0.753784 1.532744 -0.075474 1.745875
1.284790 -0.235840 -0.775269 1.142319 0.238764 1.457744
1.235718 -0.231689 -0.771973 0.787020 0.529032 1.438757
1.271484 -0.197754 -0.736572 0.512655 0.577449 1.451098
1.334351 -0.154419 -0.701172 0.311153 0.390187 1.298014
1.391479 -0.158813 -0.649292 0.167800 0.132673 1.010120
1.435791 -0.183594 -0.603149 0.057674 0.004984 0.715581
1.451660 -0.215698 -0.559937 -0.027057 0.107752 0.467086
1.394775 -0.263794 -0.533203 -0.060284 0.367165 0.270805
1.290405 -0.292603 -0.526367 -0.033228 0.625866 0.149762
1.203369 -0.289185 -0.529297 0.022310 0.746673 0.124604
1.150635 -0.260132 -0.531494 0.072863 0.717954 0.138132
1.111084 -0.223755 -0.545654 0.089952 0.573651 0.137895
1.101440 -0.186646 -0.546143 0.061234 0.368589 0.105854
1.106934 -0.173950 -0.546509 -0.002373 0.176344 0.050079
1.113525 -0.177979 -0.526245 -0.082594 0.073813 -0.011630
1.115356 -0.188110 -0.500366 -0.159967 0.094224 -0.070015
1.093384 -0.201904 -0.478760 -0.210758 0.192483 -0.128401
1.056030 -0.231567 -0.467407 -0.225236 0.281248 -0.178243
1.026978 -0.231567 -0.453735 -0.209571 0.319935 -0.210996
1.017578 -0.229248 -0.444824 -0.189160 0.328242 -0.229508
1.019409 -0.226685 -0.435669 -0.179904 0.322545 -0.265109
1.026855 -0.223389 -0.428711 -0.193432 0.297862 -0.322783
1.029297 -0.223877 -0.416260 -0.225236 0.262736 -0.403953
1.070557 -0.216919 -0.402100 -0.266058 0.251343 -0.508383
1.088745 -0.223145 -0.385132 -0.307356 0.288843 -0.638445
1.099976 -0.220825 -0.372314 -0.352925 0.367640 -0.791292
1.092651 -0.245239 -0.355591 -0.392086 0.462339 -0.948649
1.094849 -0.236938 -0.339478 -0.418668 0.549680 -1.089629
1.068359 -0.267944 -0.314575 -0.438842 0.605692 -1.201654
1.086670 -0.245239 -0.312378 -0.454744 0.664553 -1.301574
1.136841 -0.200928 -0.297974 -0.472307 0.710834 -1.406004
1.173462 -0.160156 -0.284668 -0.483700 0.780612 -1.569294
1.165039 -0.172974 -0.263428 -0.503636 0.824520 -1.793581
1.120972 -0.169189 -0.241577 -0.505772 0.858697 -2.037804
1.086426 -0.168213 -0.237183 -0.472782 0.825707 -2.206315
1.042969 -0.131226 -0.212402 -0.406327 0.750470 -2.279654
0.994751 -0.105835 -0.188843 -0.338685 0.651736 -2.285350
0.933228 -0.087036 -0.165527 -0.294302 0.552528 -2.274669
0.894531 -0.052979 -0.142822 -0.258701 0.461627 -2.216521
0.852783 -0.025513 -0.135010 -0.200315 0.386865 -2.091205
0.818604 0.010010 -0.134033 -0.106803 0.382593 -1.922931
0.829834 0.041870 -0.147339 0.013054 0.426263 -1.722616
0.841431 0.061890 -0.158569 0.131724 0.395409 -1.467238
