1.078735 0.419189 -0.053101 -0.187261 -0.192008 -0.791767
1.047729 0.425537 -0.091919 -0.222863 -0.369301 -0.902605
1.035889 0.436401 -0.091797 -0.283147 -0.553003 -0.965263
1.017578 0.453369 -0.081421 -0.341533 -0.705375 -0.984487
1.001831 0.463501 -0.059937 -0.365741 -0.832352 -0.964076
0.989136 0.393311 -0.077026 -0.356722 -0.834488 -0.918032
0.967407 0.444580 -0.117554 -0.335124 -0.604743 -0.831878
0.870850 0.428467 -0.045532 -0.371912 -0.369539 -0.702527
0.863892 0.456909 -0.182251 -0.388763 -0.695170 -0.548256
0.966187 0.435303 -0.262085 -0.395172 -0.269619 -0.385678
0.885742 0.388428 -0.335205 -0.512892 0.365029 -0.282198
0.826782 0.367065 -0.497803 -0.737416 0.674521 -0.235679
0.789307 0.476074 -0.479126 -0.998965 0.567718 -0.243036
0.760986 0.420532 -0.520264 -1.299201 0.500788 -0.205299
0.745117 0.349854 -0.510620 -1.602047 0.545883 -0.149762
0.724854 0.333252 -0.481812 -1.885906 0.619933 -0.078797
0.683594 0.304199 -0.441162 -2.156949 0.736704 0.026819
0.652466 0.288818 -0.384155 -2.420634 0.857273 0.153559
0.648560 0.282104 -0.324951 -2.652278 0.973333 0.295963
0.690063 0.281128 -0.242432 -2.807261 1.148964 0.447386
0.764160 0.276733 -0.194336 -2.854492 1.234407 0.595012
0.866943 0.229004 -0.125732 -2.807024 1.179107 0.712496
0.931763 0.205688 -0.061523 -2.727515 1.131164 0.769457
0.961182 0.200684 0.004272 -2.661059 1.137097 0.741926
0.958252 0.170654 0.053101 -2.622848 1.183616 0.600708
0.941650 0.162109 0.120361 -2.593655 1.120009 0.388763
0.895142 0.134766 0.179688 -2.547611 1.044772 0.167562
0.807739 0.094116 0.254883 -2.469051 0.957431 -0.029430
0.726196 0.082886 0.330322 -2.364859 0.809093 -0.188211
0.661987 0.089233 0.418701 -2.253071 0.595012 -0.299998
0.613281 0.070679 0.505249 -2.125620 0.368827 -0.358621
0.561523 0.061401 0.598999 -1.956159 0.201739 -0.362419
0.529907 0.073608 0.686157 -1.740179 0.085443 -0.310204
0.506104 0.071777 0.750977 -1.484326 -0.037262 -0.206961
0.518921 0.058838 0.791992 -1.216132 -0.140505 -0.050791
0.528931 0.039673 0.803833 -0.969772 -0.185363 0.162815
0.578735 0.016846 0.818237 -0.758777 -0.193195 0.418194
0.654297 0.014771 0.835449 -0.555851 -0.259413 0.658857
0.747070 0.012451 0.860229 -0.344618 -0.362656 0.808856
0.823486 0.012085 0.883423 -0.126028 -0.470171 0.830691
0.873169 0.030518 0.886108 0.098971 -0.579822 0.759014
0.901733 0.061157 0.867554 0.330615 -0.704663 0.657195
0.924683 0.068848 0.825928 0.551341 -0.886466 0.558936
0.962769 0.083618 0.786377 0.745486 -1.128316 0.455219
1.016357 0.105835 0.763062 0.917083 -1.401732 0.323257
1.074463 0.131470 0.731812 1.087256 -1.617474 0.161391
1.111084 0.109009 0.690430 1.251733 -1.688676 -0.004747
1.116211 0.112427 0.660034 1.400308 -1.610354 -0.158306
1.047974 0.087524 0.598511 1.550781 -1.446589 -0.278163
0.952759 0.096191 0.541626 1.732347 -1.271669 -0.333226
0.845093 0.092285 0.463135 1.907741 -1.152762 -0.279824
0.743164 0.070557 0.355591 2.006475 -1.038601 -0.117958
0.652344 0.043091 0.236572 1.993421 -0.906403 0.103718
0.607422 0.025024 0.121704 1.874514 -0.814315 0.351501
0.602661 0.005127 0.021606 1.681793 -0.720090 0.600708
0.620117 0.014893 -0.052002 1.438757 -0.576737 0.802685
0.629395 0.029175 -0.094849 1.164154 -0.484886 0.904029
0.659790 0.058716 -0.099487 0.885517 -0.526183 0.918507
0.714478 0.127197 -0.079468 0.667876 -0.586705 0.914709
0.784546 0.158081 -0.052002 0.549443 -0.628002 0.916608
0.880005 0.178345 -0.039307 0.508146 -0.687100 0.911624
0.933105 0.195313 -0.044556 0.502449 -0.684727 0.879583
0.970581 0.242554 -0.059082 0.489158 -0.620170 0.831403
0.986450 0.230591 -0.083252 0.423890 -0.544459 0.800311
1.019653 0.223511 -0.105591 0.296201 -0.425076 0.816925
1.051880 0.253418 -0.101196 0.142879 -0.253717 0.867004
1.110718 0.297241 -0.080566 0.005459 -0.122705 0.917558
1.191284 0.343018 -0.068115 -0.079984 -0.042721 0.931798
1.250854 0.372681 -0.050415 -0.112499 0.019699 0.884805
1.288696 0.394165 -0.042480 -0.122705 0.058148 0.769695
1.302124 0.415283 -0.042969 -0.138369 0.043908 0.620170
1.302246 0.417480 -0.047363 -0.170648 0.031566 0.482038
1.285889 0.413818 -0.047485 -0.221676 0.035601 0.380219
1.291260 0.402466 -0.039185 -0.282435 0.044145 0.323732
1.302979 0.383789 -0.034058 -0.346279 0.056250 0.308542
1.351440 0.356812 -0.025513 -0.408937 0.103480 0.311628
1.378540 0.327026 -0.001099 -0.464238 0.184413 0.300235
1.391357 0.304565 0.024780 -0.504585 0.310916 0.255615
1.376221 0.283447 0.050293 -0.518826 0.397308 0.177531
1.359985 0.261108 0.070190 -0.492956 0.390662 0.081408
1.334961 0.238403 0.082764 -0.431485 0.320647 -0.022785
1.312012 0.223145 0.088379 -0.357197 0.250869 -0.121044
1.276978 0.200806 0.093018 -0.289318 0.203163 -0.207198
1.239624 0.184326 0.088867 -0.236154 0.165189 -0.282910
1.204224 0.175659 0.088989 -0.192008 0.123654 -0.348890
1.171387 0.159546 0.090332 -0.153797 0.072151 -0.405140
1.132813 0.150635 0.098267 -0.112025 0.028243 -0.452371
1.088623 0.150513 0.099854 -0.059572 0.004272 -0.489158
1.051392 0.154175 0.099976 -0.002136 -0.024921 -0.513604
1.013550 0.150757 0.083618 0.044383 -0.063607 -0.524522
0.983154 0.152710 0.068604 0.071677 -0.094224 -0.519775
0.959839 0.151123 0.061890 0.078560 -0.098734 -0.500313
0.937744 0.146484 0.055542 0.066930 -0.087104 -0.469934
0.917114 0.138550 0.052246 0.049604 -0.057911 -0.431722
0.902832 0.135864 0.056519 0.035364 -0.043671 -0.393748
0.899536 0.133789 0.060425 0.026107 -0.038686 -0.353637
0.892090 0.128906 0.060913 0.021835 -0.016376 -0.312577
0.893799 0.127808 0.067505 0.018513 0.011392 -0.278400
0.887207 0.129395 0.077881 0.018038 0.038924 -0.246122
0.882568 0.134155 0.084473 0.023971 0.058386 -0.214081
0.885742 0.135864 0.090332 0.030854 0.044145 -0.181565
0.903320 0.135010 0.095825 0.036788 0.025870 -0.154271
0.907593 0.136719 0.100220 0.041060 0.021361 -0.135047
0.921021 0.148315 0.103638 0.043671 0.016851 -0.122468
0.929443 0.148804 0.106689 0.041535 0.010443 -0.114873
0.954102 0.147827 0.107666 0.036550 -0.001899 -0.108939
0.970337 0.150757 0.117798 0.030617 -0.002136 -0.106328
0.983643 0.152832 0.123901 0.028243 0.017563 -0.110838
0.991333 0.162964 0.128784 0.032753 0.032753 -0.126028
0.994141 0.170654 0.130981 0.047231 0.032041 -0.146676
0.995605 0.175537 0.129517 0.075237 0.008307 -0.174208
1.002808 0.188477 0.140381 0.109651 -0.041772 -0.208859
1.009766 0.196045 0.130981 0.141217 -0.103480 -0.250869
1.014893 0.205444 0.132080 0.169224 -0.144303 -0.298337
1.012085 0.212402 0.129150 0.188686 -0.167088 -0.343194
1.006470 0.220703 0.128296 0.200553 -0.175632 -0.370251
1.015137 0.227051 0.120728 0.201977 -0.155695 -0.372150
1.007568 0.234375 0.118896 0.193907 -0.094224 -0.355061
0.996216 0.238770 0.110840 0.184413 -0.019699 -0.334412
0.985352 0.257446 0.113892 0.183464 0.021598 -0.315663
0.985474 0.275635 0.113892 0.191771 0.032753 -0.295963
0.984253 0.273682 0.100708 0.202214 0.034414 -0.279350
0.985474 0.283447 0.094116 0.212420 0.036550 -0.271517
0.986816 0.289795 0.088135 0.218828 0.046281 -0.268432
0.986328 0.287476 0.079102 0.217404 0.050316 -0.265584
0.981445 0.281128 0.078003 0.208147 0.058148 -0.263210
0.980469 0.279053 0.077026 0.195331 0.067167 -0.258938
0.985840 0.282227 0.081299 0.182515 0.074525 -0.248495
0.982788 0.279297 0.088135 0.169224 0.100395 -0.230220
0.987671 0.270142 0.085205 0.156645 0.134809 -0.212182
0.975342 0.268921 0.086182 0.151660 0.163527 -0.198654
0.971558 0.272705 0.082642 0.157119 0.173970 -0.186075
0.970459 0.265991 0.077148 0.169224 0.155221 -0.174920
0.973267 0.280273 0.080933 0.181803 0.124129 -0.173733
0.973511 0.276001 0.081421 0.192720 0.107752 -0.182752
0.974243 0.275024 0.074463 0.201502 0.083544 -0.201739
0.973267 0.269653 0.075684 0.210046 0.069303 -0.217878
0.968018 0.269653 0.072021 0.219302 0.062658 -0.224524
0.958740 0.268921 0.072021 0.229508 0.066693 -0.223100
0.951172 0.274048 0.068970 0.236628 0.057199 -0.216692
0.948730 0.276733 0.072510 0.238052 0.044145 -0.206486
0.947266 0.278687 0.065063 0.234255 0.040823 -0.197942
0.947754 0.276855 0.069824 0.226423 0.039161 -0.189872
0.944824 0.284546 0.066895 0.221676 0.037737 -0.180853
0.952515 0.283325 0.065674 0.217641 0.036788 -0.172072
0.947021 0.277222 0.059937 0.213606 0.033228 -0.167088
0.958130 0.281494 0.054810 0.210996 0.029668 -0.170648
0.954346 0.278076 0.056763 0.207198 0.014478 -0.178005
0.956909 0.283936 0.057983 0.206486 -0.001661 -0.192246
0.946411 0.287109 0.057373 0.205299 -0.013766 -0.206961
