0.297241 0.812866 0.323853 -0.451659 0.573414 -0.446912
0.260132 0.795532 0.350098 -0.452371 0.601895 -0.405615
0.214111 0.793091 0.335327 -0.419380 0.578873 -0.329191
0.242554 0.830933 0.408081 -0.359333 0.881957 -0.229033
0.219238 0.737183 0.337158 -0.310916 0.708223 -0.122230
0.109497 0.892700 0.423828 -0.307830 0.801023 -0.030142
0.200684 0.854736 0.443848 -0.220964 0.454744 0.217641
0.268555 0.838867 0.430542 -0.099683 0.100870 0.323969
0.315674 0.831299 0.385864 -0.011867 -0.130300 0.358858
0.321655 0.831909 0.347290 0.020174 -0.084493 0.395172
0.309570 0.835449 0.339233 -0.005459 0.097072 0.407276
0.268066 0.827515 0.344604 -0.055538 0.230220 0.404191
0.238647 0.815918 0.357666 -0.101107 0.257040 0.425788
0.232910 0.804199 0.384399 -0.120094 0.233780 0.464238
0.225952 0.783447 0.416992 -0.102294 0.188923 0.505060
0.179565 0.760010 0.433838 -0.058386 0.168512 0.542560
0.119751 0.752808 0.457886 -0.012104 0.132911 0.584332
0.023560 0.707031 0.493530 0.017801 0.079984 0.642955
-0.082275 0.656128 0.518066 0.039873 -0.001187 0.740739
-0.203735 0.610107 0.558105 0.024209 -0.050553 0.922542
-0.249512 0.550537 0.614014 0.029193 -0.071677 1.208062
-0.285400 0.457397 0.697021 0.131487 -0.085205 1.572617
-0.282959 0.412109 0.761108 0.342007 -0.056012 2.020241
-0.224731 0.368408 0.784424 0.652923 -0.103955 2.491598
0.003784 0.285400 0.666260 0.998965 -0.277213 2.932339
0.206299 0.426392 0.710327 1.209011 -0.584094 3.125297
0.041382 0.417480 0.757202 1.419770 -0.297625 3.226166
0.114990 0.323730 0.744629 1.674198 -0.196043 3.606386
0.281738 0.245728 0.737915 1.941681 -0.156407 4.027427
0.426270 0.185425 0.729126 2.257344 -0.180616 4.334308
0.495361 0.137207 0.688477 2.642784 -0.276264 4.541506
0.615601 0.059937 0.529297 3.070471 -0.451184 4.750603
0.743530 0.119873 0.627930 3.612319 -0.729109 4.937390
0.951050 0.045166 0.496216 3.814296 -0.654585 5.017611
1.105957 -0.114380 0.356567 4.121177 -0.594300 4.999336
1.227539 -0.239868 0.223389 4.430431 -0.535914 4.974415
1.371216 -0.266235 0.068726 4.726632 -0.511706 4.920776
1.483521 -0.258057 -0.148315 4.993639 -0.563209 4.784780
1.622192 -0.258179 -0.338745 5.160490 -0.862969 4.558358
1.700195 -0.165405 -0.505737 5.162626 -1.038364 4.214451
1.716675 -0.101196 -0.623535 4.958038 -1.147778 3.759470
1.701172 -0.058105 -0.694458 4.593009 -1.140420 3.257495
1.696533 -0.121704 -0.723267 4.145860 -1.060199 2.755521
1.628540 -0.133301 -0.699707 3.693490 -0.941766 2.271347
1.824219 -0.135620 -0.201294 3.282416 -0.895248 1.858374
1.936768 -0.146973 -0.564453 2.855916 -0.824995 1.478630
1.450562 -0.140503 -0.585571 2.806549 -2.104734 0.697543
1.033936 -0.157471 -0.686890 2.732736 -2.959396 0.298811
1.022705 -0.080200 -0.798706 2.582974 -2.238831 0.520962
1.130005 -0.238159 -0.964355 2.257818 -1.706951 0.796751
1.268799 -0.116577 -1.025757 1.921507 -1.505924 0.743587
1.303223 -0.144531 -1.112183 1.430212 -0.959567 0.529981
1.287476 -0.139526 -1.148193 0.915896 -0.344618 0.170173
1.169556 -0.091064 -1.149414 0.340583 0.267008 -0.188211
1.070435 -0.126709 -1.117554 -0.237815 0.790581 -0.474206
1.064087 -0.146729 -1.014404 -0.754030 1.243663 -0.661705
0.958252 -0.191528 -0.983032 -1.206638 1.667078 -0.822384
0.798340 -0.202515 -0.883789 -1.594927 1.371115 -0.904504
0.767456 -0.193237 -0.807861 -1.917472 1.251258 -0.763049
0.878174 -0.179199 -0.763062 -2.171189 1.216132 -0.586705
1.018921 -0.160889 -0.711914 -2.385032 0.986386 -0.550155
1.096069 -0.196899 -0.655396 -2.652278 0.958143 -0.645328
1.095215 -0.143066 -0.565430 -2.985029 1.052367 -0.874124
1.020996 -0.097900 -0.488403 -3.264141 1.215894 -1.154186
0.917358 -0.041382 -0.446411 -3.434077 1.251021 -1.365181
0.859497 0.027710 -0.444214 -3.529250 1.144692 -1.483614
0.833618 0.077759 -0.427368 -3.646021 0.892874 -1.539152
0.808228 0.030518 -0.412598 -3.838742 1.232508 -1.551731
0.794189 0.012939 -0.448730 -4.088186 1.654262 -1.502127
0.809570 -0.076416 -0.433472 -4.492852 1.483377 -1.417396
0.859619 -0.127197 -0.400635 -4.864764 1.522538 -1.345482
0.853882 -0.110474 -0.326660 -5.248306 1.846507 -1.317713
0.800049 -0.090942 -0.233154 -5.672433 2.274907 -1.347618
0.731323 -0.076660 -0.125000 -6.067842 2.698796 -1.387254
0.686157 -0.086914 -0.014526 -6.402254 3.053145 -1.400070
0.684570 -0.139648 0.140503 -6.650750 3.213113 -1.394849
0.882935 -0.228516 0.769043 -6.692759 3.014934 -1.461304
0.784546 -0.194214 0.580444 -6.125041 2.214385 -1.696271
0.763672 -0.127441 0.570190 -5.731531 1.578076 -1.800938
0.678711 -0.114990 0.603760 -5.495852 1.021750 -1.866919
0.678589 -0.112183 0.585693 -5.425362 0.559648 -1.841523
0.792236 -0.255981 0.683105 -5.464523 0.361232 -1.726413
0.819580 -0.370972 0.813354 -5.361992 0.225948 -1.663043
0.761475 -0.346924 0.931030 -5.077895 0.193907 -1.578313
0.681396 -0.280273 1.036865 -4.768167 0.198654 -1.418108
0.625000 -0.231445 1.163330 -4.426634 0.158306 -1.233695
0.719482 -0.108765 1.365479 -3.948630 -0.108227 -1.064708
0.731079 -0.274048 1.311523 -3.340564 -0.641531 -0.910200
0.860840 -0.138062 1.341919 -2.590332 -0.641768 -0.766372
0.871948 -0.074585 1.247192 -1.960905 -0.211470 -0.781087
0.759644 -0.109741 1.204468 -1.549595 0.479427 -0.863681
0.653809 -0.085571 1.129761 -1.223964 0.776340 -0.781324
0.629272 -0.010498 1.063843 -1.049993 0.568193 -0.612338
0.652710 0.069214 1.055542 -0.904504 0.362181 -0.451896
0.727173 0.066406 1.036621 -0.754505 0.205774 -0.332276
0.763672 0.059937 1.006592 -0.590503 0.167088 -0.289555
0.750732 0.025146 0.948608 -0.399681 0.182277 -0.276739
0.791016 -0.008911 0.896362 -0.185363 0.191296 -0.226660
0.771973 0.067871 0.862915 0.009494 0.248970 -0.164002
0.740356 0.130371 0.813843 0.156882 0.230457 -0.157831
0.729370 0.170532 0.758057 0.250631 0.049367 -0.190347
0.733154 0.163818 0.716797 0.287894 -0.191771 -0.215030
0.731812 0.165894 0.677368 0.296201 -0.349128 -0.222863
0.737061 0.161133 0.633423 0.300710 -0.424602 -0.207435
0.754761 0.180054 0.607544 0.298099 -0.475630 -0.174445
0.762207 0.192749 0.584961 0.279824 -0.525234 -0.151660
0.769409 0.201050 0.581055 0.258701 -0.575076 -0.141455
0.795044 0.181030 0.576050 0.241375 -0.596436 -0.117958
0.827148 0.178223 0.562988 0.249682 -0.558699 -0.085680
0.838501 0.173218 0.541504 0.278875 -0.475155 -0.059335
0.845337 0.193726 0.515869 0.317087 -0.370014 -0.040823
0.844116 0.217896 0.491455 0.350077 -0.283147 -0.030854
0.847168 0.222656 0.469482 0.364555 -0.229745 -0.029193
0.850098 0.223877 0.457764 0.364317 -0.177293 -0.034652
0.842651 0.249512 0.442261 0.350314 -0.106091 -0.045807
0.840454 0.254028 0.432251 0.317324 -0.052452 -0.060759
0.838623 0.244751 0.430786 0.273653 -0.027057 -0.074050
0.831665 0.247437 0.431763 0.230220 -0.005934 -0.093512
0.821045 0.234619 0.426880 0.194144 0.012104 -0.112737
0.852051 0.218018 0.436279 0.162815 0.018750 -0.107040
0.860840 0.255859 0.458862 0.131724 0.069066 -0.102056
0.821899 0.293213 0.482544 0.090901 0.147863 -0.139556
0.769043 0.297363 0.487793 0.043908 0.160917 -0.191296
0.724243 0.274170 0.479492 0.002611 0.088291 -0.195331
0.703613 0.259521 0.467773 -0.036550 -0.005459 -0.127452
0.724609 0.265869 0.466064 -0.088528 -0.117721 -0.021123
0.776123 0.264648 0.485962 -0.152847 -0.194382 0.059572
0.788330 0.256104 0.513184 -0.211233 -0.211470 0.084018
0.819336 0.232178 0.532959 -0.242324 -0.214556 0.086155
0.854248 0.207275 0.559937 -0.235442 -0.202451 0.086629
0.858887 0.206177 0.580322 -0.190822 -0.143591 0.075949
0.856567 0.210449 0.582764 -0.129350 -0.089477 0.056250
0.859131 0.198975 0.586304 -0.062183 -0.062895 0.037025
0.869873 0.174438 0.592773 0.013766 -0.028006 0.028243
0.848267 0.199097 0.571533 0.091613 0.038212 0.023497
0.822998 0.230957 0.535645 0.127452 0.098022 0.029905
0.808350 0.249390 0.498779 0.122705 0.091139 0.038449
0.816406 0.253174 0.484863 0.080696 0.042009 0.061471
0.833740 0.243530 0.496338 0.019937 0.001424 0.085680
0.883057 0.218506 0.535400 -0.028718 -0.017801 0.097310
0.917480 0.207886 0.575195 -0.030142 0.016376 0.081408
0.888794 0.212036 0.579956 0.020411 0.075000 0.031329
0.857178 0.217896 0.554565 0.093749 0.074050 -0.013766
0.840454 0.229248 0.513184 0.132673 0.033465 -0.012816
0.844604 0.239502 0.490723 0.108227 0.011630 0.013766
0.851685 0.250977 0.484619 0.046519 0.028718 0.027531
0.854736 0.246826 0.498901 -0.017801 0.054588 0.019225
0.855591 0.226929 0.523682 -0.061708 0.048417 -0.004272
0.855347 0.209839 0.553345 -0.071677 0.021361 -0.028243
0.845947 0.216675 0.575073 -0.047231 0.025158 -0.048180
