0.731689 0.423096 0.233765 -0.409412 -0.192483 -0.129825
0.874878 0.397705 0.228760 -0.386390 -0.048180 -0.024446
0.935181 0.511230 0.168091 -0.305694 0.134809 0.085680
0.861938 0.500366 0.215454 -0.232831 0.389950 0.177531
0.851318 0.426758 0.214722 -0.177056 0.297625 0.289555
0.869019 0.387207 0.141846 -0.147151 0.078322 0.323257
0.880981 0.408447 0.151611 -0.124366 -0.105142 0.295489
0.902466 0.435791 0.160522 -0.081170 -0.237815 0.263922
0.913208 0.434814 0.159058 -0.052215 -0.357197 0.230695
0.915771 0.418823 0.159790 -0.046281 -0.432909 0.190347
0.920532 0.412354 0.152588 -0.053876 -0.450472 0.142642
0.917236 0.419800 0.146240 -0.070490 -0.443352 0.098971
0.911987 0.430298 0.144409 -0.083069 -0.440504 0.075949
0.914185 0.425903 0.145630 -0.095411 -0.433383 0.073575
0.907104 0.404541 0.151001 -0.114635 -0.402292 0.082120
0.911255 0.367065 0.142822 -0.125316 -0.341058 0.095411
0.910156 0.347778 0.137817 -0.110838 -0.259413 0.116059
0.904785 0.351929 0.142212 -0.058148 -0.152372 0.144778
0.906860 0.365356 0.165894 0.019225 -0.056250 0.178955
0.917847 0.385864 0.193970 0.097547 -0.008070 0.215268
0.926514 0.419556 0.218384 0.171834 -0.018750 0.249919
0.971924 0.453369 0.226318 0.253479 -0.090189 0.276264
1.041138 0.484131 0.171631 0.353874 -0.259888 0.287182
1.101318 0.528931 0.098267 0.468510 -0.483937 0.262736
1.174438 0.596802 0.013550 0.568193 -0.649363 0.188686
1.264893 0.698364 -0.069214 0.627765 -0.753555 0.080221
1.313232 0.832397 -0.154907 0.648651 -0.734568 -0.029193
1.318359 0.962402 -0.197754 0.648176 -0.512655 -0.118195
1.359619 1.115356 -0.181030 0.642717 -0.217641 -0.187024
1.425415 1.190918 -0.163940 0.655534 -0.012579 -0.224524
1.618408 1.279053 -0.173584 0.708935 -0.129113 -0.229271
1.986572 1.425415 -0.344849 0.823571 -0.797701 -0.152372
2.088745 1.431396 -0.432251 0.898333 -2.227913 -0.117721
2.093018 1.250610 -0.562988 0.974282 -3.229727 -0.149524
2.010010 1.121460 -0.671021 1.058300 -3.274821 -0.339871
1.732422 0.977417 -0.637695 1.106955 -3.225217 -0.631088
1.636230 0.944702 -0.728271 1.103870 -2.262565 -1.023174
1.559937 0.898926 -0.754028 1.024598 -0.810517 -1.457269
1.468018 0.770142 -0.682617 0.836387 0.208385 -1.908928
1.380859 0.622314 -0.549438 0.477291 0.551816 -2.314068
1.336670 0.425659 -0.456543 -0.133148 0.516452 -2.687879
1.229370 0.276367 -0.382813 -0.942004 0.077373 -3.034870
1.088379 0.193604 -0.252075 -1.789308 -0.495092 -3.318017
0.927856 0.071045 -0.110840 -2.470475 -0.485124 -3.479409
0.776123 -0.103760 0.053589 -2.876564 0.004509 -3.495310
0.630737 -0.274292 0.241089 -3.048161 0.646040 -3.381624
0.519165 -0.398071 0.347290 -3.079728 1.195483 -3.202670
0.393677 -0.461426 0.595947 -3.032971 0.992082 -2.995946
0.274292 -0.539551 0.732178 -2.992386 0.313289 -2.770710
0.269409 -0.709473 1.078857 -2.960583 -0.331327 -2.524351
0.157837 -0.834473 1.210571 -2.743654 0.303321 -2.314543
0.092651 -0.907715 1.143066 -2.363909 0.959092 -2.158847
-0.005249 -0.818481 1.149536 -1.744688 0.774441 -2.015731
-0.139038 -0.845581 1.094238 -1.033617 0.971671 -1.853153
-0.211060 -0.838623 1.100708 -0.235916 1.220641 -1.646192
-0.267456 -0.842163 1.049194 0.561310 1.335751 -1.372776
-0.334229 -0.812256 1.001831 1.238916 1.288758 -1.005136
-0.419556 -0.750610 0.912842 1.776017 1.147778 -0.559411
-0.462891 -0.664673 0.793945 2.142233 0.964314 -0.037974
-0.452515 -0.598389 0.681641 2.364621 0.641531 0.553478
-0.401733 -0.583984 0.551514 2.495158 0.356010 1.181717
-0.326416 -0.573120 0.439697 2.592705 0.295963 1.787172
-0.241699 -0.537964 0.345093 2.690964 0.422940 2.330919
-0.164185 -0.528931 0.255493 2.775932 0.610914 2.837878
-0.069702 -0.537720 0.176880 2.815331 0.772780 3.341514
0.040283 -0.580078 0.102661 2.794207 0.964551 3.872444
0.185425 -0.605225 0.045776 2.743891 1.240578 4.453691
0.327637 -0.599976 -0.006958 2.708527 1.579025 5.085490
0.458252 -0.607666 -0.062988 2.723954 1.926254 5.718952
0.641724 -0.616943 -0.161621 2.823400 2.194923 6.303995
1.014893 -0.618042 -0.370117 3.008051 2.066759 6.795290
1.325195 -0.571655 -0.568970 3.225455 1.605607 7.126854
1.556885 -0.540894 -0.717163 3.301878 1.483377 7.206126
1.825195 -0.555664 -0.776001 3.069522 1.443741 7.051380
2.116699 -0.498413 -0.721191 2.557579 1.088205 6.762300
2.439697 -0.415894 -0.696045 2.022851 0.537576 6.401067
2.759399 -0.290161 -0.640503 1.789071 -0.018038 5.953444
3.036011 -0.219849 -0.585449 1.945241 -0.266770 5.389760
3.262207 -0.185059 -0.618652 2.356552 -0.307830 4.719749
3.454834 -0.134766 -0.779663 2.833843 -0.301185 4.000133
3.578247 -0.004517 -1.028931 3.162559 -0.187024 3.205992
3.510010 0.170776 -1.270996 3.142623 0.027057 2.288198
3.243164 0.285522 -1.421631 2.674825 0.320409 1.255293
2.870117 0.311035 -1.451904 1.841998 0.511231 0.213132
2.486938 0.261597 -1.343750 0.877210 0.420567 -0.676420
2.160889 0.163330 -1.174683 0.032753 0.037737 -1.302523
1.874268 0.083374 -1.001221 -0.556563 -0.445250 -1.656873
1.668335 0.024658 -0.866333 -0.876023 -0.743824 -1.809245
1.528687 -0.031860 -0.791016 -1.020089 -0.874836 -1.858849
1.435059 -0.082153 -0.776001 -1.098411 -0.842321 -1.861460
1.386353 -0.113525 -0.803101 -1.177920 -0.695170 -1.836064
1.360352 -0.113525 -0.860718 -1.296590 -0.422940 -1.810906
1.340210 -0.093750 -0.916016 -1.479105 -0.104192 -1.843897
1.294678 -0.120361 -0.937500 -1.768660 0.238290 -1.974434
1.228760 -0.173584 -0.947632 -2.153389 0.513842 -2.181632
1.110718 -0.269287 -0.914307 -2.583924 0.599047 -2.376963
0.943359 -0.378662 -0.876587 -2.977196 0.536864 -2.474984
0.790161 -0.448975 -0.831543 -3.282179 0.362893 -2.432975
0.695801 -0.455688 -0.768555 -3.500057 0.144066 -2.238356
0.663330 -0.480835 -0.703125 -3.686369 0.115585 -1.943580
0.669678 -0.540039 -0.606445 -3.877903 0.172072 -1.659246
0.632568 -0.348022 -0.588623 -4.067775 0.191771 -1.449912
0.654175 -0.366089 -0.536011 -4.211129 0.307356 -1.308932
0.641113 -0.413086 -0.386353 -4.319118 0.160205 -1.187888
0.593018 -0.475708 -0.267822 -4.371096 -0.070490 -1.169376
0.552612 -0.450439 -0.169556 -4.355906 -0.638920 -1.235119
0.480835 -0.416504 -0.111328 -4.257885 -1.212334 -1.337887
0.413086 -0.403076 -0.042480 -4.114057 -1.432111 -1.394374
0.258057 -0.400513 0.074829 -4.006067 -1.487649 -1.345719
-0.122192 -0.444702 0.299072 -3.965482 -1.462253 -1.144930
-0.012939 -0.546265 0.635986 -3.971890 -1.922931 -0.768508
0.202393 -0.581421 0.901855 -3.957412 -2.461456 -0.263685
0.433472 -0.610474 1.191528 -3.831859 -3.155676 0.094461
0.801025 -0.555542 1.391968 -3.499583 -3.506465 0.378320
1.251953 -0.445923 1.516602 -3.002117 -3.121737 0.620408
1.646484 -0.327148 1.598022 -2.424906 -2.063674 0.900232
1.808350 -0.187378 1.631714 -1.887093 -0.492244 1.255767
1.723999 -0.121216 1.564697 -1.502127 1.298963 1.589943
1.626709 -0.100464 1.372192 -1.257666 2.598402 1.731160
1.539063 -0.016357 1.301025 -1.007272 2.714698 1.666366
1.489624 0.083740 1.143799 -0.653635 2.554256 1.476731
1.422485 0.136719 0.965698 -0.197704 2.047772 1.236068
1.375854 0.186035 0.790527 0.265346 1.251021 0.968823
1.348511 0.244995 0.586670 0.648414 0.384966 0.666926
1.319092 0.286499 0.400635 0.936782 -0.394697 0.340583
1.281006 0.314941 0.245605 1.126417 -0.941054 0.018038
1.233887 0.348999 0.112915 1.224913 -1.314628 -0.299761
1.184937 0.372437 -0.009155 1.230609 -1.561936 -0.599284
1.137451 0.357910 -0.110474 1.157509 -1.648328 -0.859172
1.071289 0.315796 -0.204346 1.024123 -1.450624 -1.050943
0.982422 0.304565 -0.246704 0.848254 -1.066370 -1.143505
0.857056 0.325317 -0.220947 0.658619 -0.598335 -1.126180
0.819092 0.317993 -0.223633 0.501975 -0.309492 -0.996592
0.801147 0.298706 -0.226929 0.404665 -0.340109 -0.811704
0.793091 0.300171 -0.234741 0.375472 -0.305220 -0.623256
0.799194 0.280396 -0.227783 0.349128 -0.205299 -0.472782
0.827515 0.270020 -0.226929 0.294777 -0.119857 -0.368827
0.877686 0.255005 -0.243652 0.219065 -0.070015 -0.293827
0.921021 0.270142 -0.250244 0.121756 0.026819 -0.265109
0.931885 0.230225 -0.226196 0.004509 0.228796 -0.285046
0.922363 0.186035 -0.201538 -0.128876 0.320172 -0.323020
0.914795 0.168823 -0.192505 -0.227135 0.341295 -0.325156
0.900879 0.170776 -0.157715 -0.263448 0.385441 -0.284334
0.901611 0.192017 -0.119141 -0.264160 0.483462 -0.223337
0.889526 0.217896 -0.092651 -0.254903 0.520250 -0.153322
0.889648 0.223999 -0.061279 -0.235442 0.463288 -0.083781
0.901855 0.228638 -0.043579 -0.184888 0.404665 -0.016139
0.932861 0.227417 -0.069092 -0.103243 0.248733 0.033465
0.980713 0.206787 -0.095581 -0.010443 -0.004984 0.058148
1.001099 0.177734 -0.124146 0.058148 -0.102294 0.046281
