1.059814 0.290039 -0.215820 -0.229983 0.546120 -0.343194
1.035522 0.302002 -0.207031 -0.280299 0.495092 -0.446200
1.005859 0.316406 -0.180298 -0.294065 0.273179 -0.568193
0.979126 0.318848 -0.165527 -0.257514 -0.076661 -0.673809
0.980103 0.328369 -0.169067 -0.199603 -0.446437 -0.750233
0.952026 0.313599 -0.169189 -0.145252 -0.730771 -0.810042
0.904175 0.289307 -0.178101 -0.113449 -0.900944 -0.828080
0.859009 0.268311 -0.181763 -0.106566 -0.912573 -0.761862
0.806274 0.239990 -0.211304 -0.107752 -0.780850 -0.597623
0.842285 0.255005 -0.126465 -0.139319 -0.285046 -0.375947
0.717896 0.222290 -0.272217 -0.131724 -0.194619 -0.173021
0.793945 0.214722 -0.120605 -0.137183 0.550155 0.048180
0.682617 0.247070 -0.088379 -0.179904 0.811704 0.328716
0.816162 0.257080 -0.026611 -0.163053 0.730059 0.604980
0.893555 0.210449 0.001831 -0.027057 0.599996 0.796039
1.008057 0.203247 -0.001709 0.089477 0.631800 0.873412
1.084106 0.226685 0.007935 0.173258 0.787495 0.817875
1.150513 0.231934 0.030396 0.249207 0.920406 0.647464
1.161987 0.215942 0.044800 0.340821 0.994218 0.390187
1.124023 0.180420 0.045776 0.451184 0.972146 0.076661
1.028076 0.160156 0.043701 0.560835 0.772068 -0.230220
0.924927 0.182739 0.036865 0.634648 0.450709 -0.448098
0.861938 0.200562 0.030762 0.646040 0.179667 -0.525946
0.796509 0.195557 0.039551 0.594775 0.033702 -0.461152
0.767822 0.186646 0.055664 0.505297 0.022310 -0.314001
0.751587 0.195190 0.092041 0.416532 0.035601 -0.139081
0.767944 0.210815 0.108154 0.371675 0.038924 0.035838
0.795288 0.218994 0.121948 0.379744 0.068829 0.204350
0.838623 0.208618 0.113037 0.429111 0.070965 0.350552
0.878296 0.197754 0.103027 0.487260 0.090189 0.464712
0.935791 0.209839 0.104614 0.522386 0.131961 0.537338
0.991821 0.210083 0.101929 0.521199 0.219777 0.566531
1.045044 0.221924 0.111938 0.503636 0.330378 0.538050
1.080444 0.224976 0.123779 0.498652 0.395172 0.451421
1.101685 0.222656 0.128540 0.540424 0.404665 0.316375
1.066040 0.202026 0.128540 0.642005 0.369539 0.153322
1.009277 0.213745 0.114624 0.765185 0.234492 0.022785
0.980469 0.227783 0.073975 0.859884 0.028956 -0.016851
0.968994 0.221680 0.050903 0.883381 -0.078560 0.029905
0.968994 0.191895 0.023315 0.811229 -0.056962 0.098022
0.985107 0.154175 0.004883 0.683303 0.135284 0.148100
0.926392 0.148560 0.033569 0.528557 0.402766 0.204587
0.942261 0.139893 0.036743 0.386627 0.430061 0.291929
0.942017 0.079346 0.035889 0.305694 0.528794 0.433383
0.934692 0.046631 0.055420 0.258701 0.687337 0.568905
0.967651 0.058594 0.092407 0.219302 0.835912 0.623730
0.934326 0.047119 0.127563 0.250157 0.915659 0.576500
0.908569 0.000732 0.146851 0.357909 0.789394 0.446912
0.844360 -0.051514 0.137695 0.506484 0.540424 0.313527
0.808105 -0.083008 0.115723 0.660755 0.277688 0.230220
0.777344 -0.123657 0.095337 0.773255 0.040111 0.186787
0.780884 -0.150757 0.058838 0.810992 -0.081408 0.182989
0.775146 -0.160522 0.044800 0.786308 -0.082357 0.208385
0.764282 -0.174805 0.063110 0.728397 -0.056962 0.236628
0.770386 -0.218628 0.104492 0.665027 -0.034889 0.252767
0.798828 -0.215820 0.184692 0.679743 -0.031092 0.267957
0.825195 -0.240845 0.233521 0.839710 0.014240 0.299998
0.813843 -0.252075 0.214111 1.113838 0.076661 0.340821
0.798950 -0.247192 0.134399 1.399358 0.078797 0.383067
0.802124 -0.223877 0.024780 1.615338 0.026107 0.425788
0.840698 -0.167969 -0.085938 1.728549 -0.054826 0.453320
0.886841 -0.127563 -0.182495 1.758217 -0.131961 0.449285
0.932251 -0.074585 -0.250732 1.756793 -0.152372 0.421042
0.956421 -0.020020 -0.327148 1.756081 -0.136945 0.392086
0.979980 0.028320 -0.398315 1.763913 -0.107278 0.367403
0.971558 0.045776 -0.478394 1.762252 -0.036313 0.330140
0.943481 0.080688 -0.562500 1.718106 0.095885 0.331090
0.913818 0.092651 -0.630127 1.632901 0.268907 0.408937
0.933228 0.079590 -0.679932 1.512807 0.410124 0.527133
0.990723 0.069458 -0.706421 1.360197 0.550392 0.644616
1.047729 0.074219 -0.724976 1.194771 0.774679 0.761150
1.085815 0.094727 -0.721069 1.043111 1.013443 0.854188
1.075439 0.173706 -0.703125 0.922542 1.116449 0.877684
1.060669 0.213501 -0.694824 0.838049 0.989472 0.811704
1.048950 0.231934 -0.681519 0.775628 0.634173 0.671673
1.060669 0.224243 -0.673218 0.698492 0.250631 0.540661
1.059082 0.197998 -0.657471 0.577212 0.040823 0.493193
1.106079 0.208740 -0.647583 0.442165 -0.083781 0.517877
1.153564 0.201904 -0.622681 0.311865 -0.124129 0.561784
1.176270 0.178711 -0.596558 0.175869 -0.049841 0.590265
1.149048 0.152344 -0.567017 0.015427 0.102531 0.614237
1.149048 0.137695 -0.500488 -0.162103 0.182515 0.640344
1.155762 0.123901 -0.407227 -0.340346 0.205062 0.646278
1.141846 0.102417 -0.301636 -0.492956 0.235916 0.613287
1.132813 0.067505 -0.200684 -0.600234 0.238527 0.569617
1.163818 0.052490 -0.111694 -0.643192 0.189872 0.531405
1.228271 0.021240 -0.055054 -0.603794 0.083781 0.473969
1.279053 -0.003906 -0.051758 -0.510994 -0.029668 0.401817
1.354736 -0.010864 -0.069458 -0.414396 -0.116297 0.353637
1.448975 -0.014648 -0.099243 -0.320409 -0.161629 0.317324
1.512573 0.004028 -0.157227 -0.240663 -0.131249 0.258464
1.566040 0.008179 -0.235229 -0.222388 -0.061946 0.178243
1.605103 -0.003784 -0.304565 -0.297625 0.032990 0.091851
1.618530 0.003906 -0.352539 -0.436469 0.137895 -0.004272
1.605347 -0.024048 -0.373413 -0.594063 0.232831 -0.122468
1.565186 -0.053101 -0.399536 -0.732432 0.294302 -0.253954
1.543945 -0.084839 -0.425781 -0.822621 0.296201 -0.375472
1.489502 -0.115967 -0.474365 -0.855849 0.314001 -0.477054
1.410522 -0.145386 -0.554321 -0.868428 0.341533 -0.573177
1.302612 -0.152344 -0.657349 -0.879346 0.345805 -0.665265
1.191040 -0.160156 -0.760376 -0.902130 0.289792 -0.741688
1.099243 -0.132935 -0.861816 -0.954583 0.203163 -0.806008
0.981323 -0.107544 -0.962402 -1.050468 0.138844 -0.858934
0.873779 -0.084961 -1.048462 -1.178632 0.068354 -0.875786
0.802002 -0.052368 -1.128174 -1.331242 0.000237 -0.841609
0.754517 -0.038940 -1.211548 -1.526335 0.021123 -0.756166
0.699219 -0.050659 -1.251343 -1.801650 0.157831 -0.654585
0.644409 -0.062622 -1.230835 -2.130841 0.290267 -0.562022
0.576904 -0.085938 -1.134644 -2.438434 0.353874 -0.490582
0.518555 -0.103760 -1.036987 -2.678385 0.317799 -0.434333
0.488647 -0.136108 -0.933960 -2.832182 0.143828 -0.361707
0.522827 -0.170288 -0.846558 -2.914776 -0.087341 -0.253005
0.597168 -0.220703 -0.773926 -2.971975 -0.296913 -0.133148
0.719604 -0.276245 -0.719727 -3.026563 -0.436706 -0.010443
0.836182 -0.330566 -0.661621 -3.110344 -0.420330 0.117009
0.944336 -0.392090 -0.586426 -3.254885 -0.248021 0.222625
1.020752 -0.447510 -0.496826 -3.414377 -0.052690 0.274365
1.054443 -0.510376 -0.376587 -3.540880 0.084493 0.263210
1.060913 -0.569702 -0.239868 -3.639139 0.123892 0.206249
1.064331 -0.609985 -0.069092 -3.703695 0.034414 0.123180
1.065674 -0.634644 0.107788 -3.710103 -0.098734 0.038686
1.031250 -0.643311 0.280518 -3.659075 -0.168037 -0.019699
0.974365 -0.651611 0.429077 -3.578379 -0.163290 -0.020886
0.935791 -0.653076 0.580322 -3.484630 -0.110601 0.052927
0.912598 -0.675903 0.710449 -3.386134 -0.013054 0.168274
0.883789 -0.679810 0.851685 -3.289299 0.075237 0.268907
0.890869 -0.688843 0.982300 -3.174426 0.057911 0.323732
0.936279 -0.714355 1.102783 -3.030598 -0.026582 0.355298
0.991211 -0.746582 1.212402 -2.867783 -0.064794 0.382118
1.066772 -0.748169 1.306885 -2.668654 -0.090664 0.398969
1.140503 -0.712158 1.383911 -2.386931 -0.123417 0.387339
1.186523 -0.641846 1.399414 -2.017630 -0.164239 0.330852
1.196045 -0.556396 1.367798 -1.604895 -0.224999 0.237578
1.174927 -0.481323 1.281860 -1.219217 -0.279587 0.140743
1.153076 -0.407837 1.198975 -0.909725 -0.308305 0.069541
1.148315 -0.330688 1.103882 -0.664078 -0.313527 0.020174
1.151855 -0.257202 1.011230 -0.456643 -0.323732 -0.032278
1.142944 -0.185547 0.904297 -0.266296 -0.336311 -0.100632
1.129395 -0.129639 0.795532 -0.082357 -0.362181 -0.169224
1.121582 -0.091064 0.675293 0.083544 -0.366216 -0.215980
1.095825 -0.052368 0.560791 0.209097 -0.345330 -0.241850
1.086792 -0.014526 0.466553 0.299761 -0.307593 -0.261312
1.059570 0.015747 0.371338 0.371200 -0.252293 -0.283859
1.031128 0.033813 0.289673 0.426026 -0.215505 -0.299286
1.011841 0.046997 0.205566 0.455219 -0.191296 -0.304982
1.007813 0.055786 0.155151 0.444538 -0.153559 -0.297387
0.991821 0.055298 0.119751 0.411073 -0.083069 -0.282672
0.987305 0.044067 0.114380 0.385678 -0.011155 -0.264872
0.992310 0.044922 0.091553 0.387102 0.067405 -0.234255
1.001465 0.036011 0.077759 0.407751 0.132911 -0.195331
