1.148193 0.151611 -0.230103 0.131961 -0.549917 0.133860
1.156250 0.163940 -0.280762 0.178005 -0.980690 0.113923
1.099854 -0.123291 -0.532837 0.235442 -0.741688 0.064557
1.261230 0.142822 -0.402588 0.212182 0.528794 -0.076424
1.218628 0.273926 -0.352295 -0.107278 0.787495 -0.205537
1.175049 0.278564 -0.367310 -0.388289 0.351026 -0.288368
1.279541 0.247681 -0.419678 -0.568430 0.107515 -0.376184
1.296631 0.249756 -0.371704 -0.582433 -0.187973 -0.435994
1.305786 0.238281 -0.363403 -0.502687 -0.257752 -0.476105
1.313477 0.232788 -0.326904 -0.430535 -0.236154 -0.526658
1.335571 0.257690 -0.325562 -0.317561 -0.271517 -0.593351
1.374756 0.272339 -0.367920 -0.199841 -0.305932 -0.687100
1.428467 0.299927 -0.415771 -0.088053 -0.396833 -0.791767
1.474121 0.309692 -0.486206 -0.004035 -0.453795 -0.899282
1.486450 0.296265 -0.512573 -0.028481 -0.405140 -1.029582
1.479858 0.310547 -0.524292 -0.174920 -0.314001 -1.194296
1.461304 0.346680 -0.535645 -0.412972 -0.197942 -1.373251
1.400757 0.390869 -0.541870 -0.681404 -0.051740 -1.536541
1.323853 0.419800 -0.534912 -0.911149 0.050316 -1.677758
1.254150 0.455200 -0.526001 -1.095563 0.072389 -1.793818
1.187256 0.458374 -0.502319 -1.249122 -0.014240 -1.884007
1.139282 0.445068 -0.486816 -1.408852 -0.177531 -1.949988
1.087036 0.410156 -0.459839 -1.603471 -0.350314 -1.997456
1.033447 0.355103 -0.408325 -1.831555 -0.469696 -2.023801
0.999390 0.347046 -0.354370 -2.051332 -0.465187 -2.019528
0.948975 0.329346 -0.290405 -2.226252 -0.388289 -1.997456
0.893311 0.303955 -0.223511 -2.353466 -0.309254 -1.966127
0.833252 0.266724 -0.159302 -2.441757 -0.228321 -1.922456
0.768433 0.267700 -0.109009 -2.485902 -0.164002 -1.870716
0.706299 0.246094 -0.043945 -2.489225 -0.187024 -1.813042
0.666016 0.245972 0.021973 -2.460507 -0.254666 -1.756793
0.603027 0.229248 0.076782 -2.403070 -0.338922 -1.696508
0.532104 0.201050 0.136719 -2.336853 -0.384966 -1.632901
0.461548 0.169312 0.192139 -2.261853 -0.430535 -1.550781
0.395630 0.143311 0.247314 -2.160271 -0.459016 -1.444453
0.341064 0.119629 0.314453 -2.015019 -0.502449 -1.333140
0.290527 0.109375 0.372803 -1.832030 -0.597148 -1.227999
0.238892 0.083008 0.428589 -1.621034 -0.705375 -1.121907
0.190186 0.056885 0.466675 -1.385118 -0.799599 -1.006086
0.134766 0.022705 0.498779 -1.120009 -0.884093 -0.865105
0.094116 -0.022461 0.529053 -0.834251 -0.971434 -0.697306
0.086060 -0.076660 0.573242 -0.516452 -1.058063 -0.511943
0.081299 -0.142456 0.638672 -0.157594 -1.141132 -0.311153
0.096436 -0.210938 0.669922 0.249919 -1.199281 -0.070253
0.139282 -0.266235 0.671021 0.704426 -1.190974 0.224524
0.195557 -0.312500 0.654785 1.184565 -1.161543 0.549443
0.266479 -0.357666 0.645020 1.685828 -1.130214 0.846118
0.347778 -0.391846 0.614502 2.207739 -1.139708 1.058775
0.419800 -0.442383 0.548828 2.772135 -1.145167 1.178632
0.475220 -0.481445 0.456177 3.364773 -1.136148 1.245087
0.526733 -0.498413 0.335327 3.941510 -1.094851 1.302286
0.563477 -0.527100 0.207275 4.463896 -0.965738 1.377760
0.584106 -0.533936 0.081787 4.920776 -0.799599 1.478867
0.614014 -0.561890 -0.059814 5.364365 -0.603794 1.644531
0.717896 -0.550537 -0.270020 5.855185 -0.423178 1.834403
0.876343 -0.394653 -0.557251 6.331764 -0.276739 1.971586
0.962036 -0.301758 -0.774536 6.624879 -0.116771 1.974671
1.028687 -0.275269 -0.975220 6.560560 0.008307 1.828707
1.084106 -0.217407 -1.132568 6.172984 0.079034 1.605844
1.142822 -0.181030 -1.209229 5.610961 0.141929 1.412649
1.188354 -0.133423 -1.262939 5.010728 0.222625 1.269771
1.215210 -0.146973 -1.248047 4.467456 0.397070 1.172936
1.222656 -0.131226 -1.253906 4.013661 0.624680 1.106006
1.215820 -0.126587 -1.280884 3.668806 0.868191 1.051892
1.187744 -0.125000 -1.287354 3.416751 1.081322 1.005373
1.161011 -0.117065 -1.324585 3.192464 1.199755 0.985200
1.150269 -0.101074 -1.325684 2.962481 1.191923 0.981402
1.165894 -0.111572 -1.302856 2.705679 1.016291 0.959092
1.191895 -0.114258 -1.254150 2.433450 0.780138 0.886229
1.224243 -0.115723 -1.179810 2.170002 0.576500 0.765660
1.233765 -0.141846 -1.132446 1.932187 0.476342 0.609015
1.229736 -0.160522 -1.100952 1.735669 0.564870 0.439792
1.214478 -0.167236 -1.076904 1.575940 0.799599 0.292403
1.186523 -0.178467 -1.064209 1.452285 1.030769 0.173970
1.142700 -0.183228 -1.075562 1.349992 1.202603 0.077848
1.087891 -0.180176 -1.084961 1.229897 1.294929 0.023734
1.044189 -0.169922 -1.085205 1.057588 1.246749 0.018513
1.022217 -0.169189 -1.090576 0.829979 1.105056 0.040585
1.014038 -0.186646 -1.076904 0.581484 0.977367 0.068354
1.022095 -0.195313 -1.056641 0.324682 0.899045 0.102768
1.026245 -0.211182 -1.039185 0.071439 0.905453 0.128401
1.012329 -0.228882 -0.999268 -0.174920 1.002288 0.130774
0.993774 -0.256592 -0.966675 -0.420330 1.108379 0.119382
0.945435 -0.288818 -0.932129 -0.645566 1.183141 0.104904
0.894775 -0.324219 -0.906006 -0.845406 1.204502 0.103718
0.861816 -0.341187 -0.896118 -1.020326 1.147066 0.138844
0.847290 -0.361450 -0.907715 -1.179819 1.075626 0.196992
0.847412 -0.369385 -0.928955 -1.334802 1.067794 0.256090
0.845459 -0.379395 -0.955078 -1.513519 1.142556 0.320647
0.841431 -0.373291 -0.975098 -1.739230 1.257666 0.400868
0.848022 -0.364868 -0.968872 -2.016680 1.351416 0.470408
0.851196 -0.378906 -0.940918 -2.342549 1.416209 0.499839
0.841797 -0.382935 -0.893066 -2.688591 1.471272 0.500551
0.819946 -0.388306 -0.841309 -3.016832 1.470323 0.503399
0.804077 -0.402100 -0.769897 -3.301878 1.395798 0.528082
0.796143 -0.423218 -0.705811 -3.546339 1.239866 0.560123
0.804565 -0.430054 -0.651001 -3.751875 1.059724 0.602370
0.831299 -0.441772 -0.623535 -3.932017 0.915896 0.667638
0.883545 -0.444214 -0.591675 -4.127110 0.862732 0.752606
0.935059 -0.441528 -0.553711 -4.375368 0.918744 0.832352
0.968628 -0.466553 -0.504028 -4.673942 1.050468 0.867241
0.966797 -0.524902 -0.414673 -4.996963 1.262650 0.849916
0.943848 -0.575684 -0.304688 -5.292926 1.393188 0.807906
0.922241 -0.632935 -0.180054 -5.509855 1.391051 0.775865
0.901733 -0.658203 -0.037842 -5.593873 1.337887 0.765422
0.903809 -0.668213 0.092163 -5.544269 1.251258 0.769220
0.890259 -0.655640 0.192139 -5.373621 1.183141 0.792717
0.888794 -0.637817 0.286743 -5.126550 1.188600 0.838998
0.885986 -0.639160 0.333740 -4.866663 1.256717 0.897621
0.877930 -0.652466 0.384521 -4.639528 1.318900 0.954108
0.893188 -0.650269 0.412109 -4.438975 1.267872 0.979978
0.907837 -0.659302 0.435059 -4.231065 1.088443 0.963839
0.914063 -0.662476 0.471069 -3.981621 0.783223 0.889551
0.952515 -0.644531 0.507080 -3.679487 0.308780 0.774204
1.011841 -0.648926 0.577759 -3.326324 -0.179667 0.651974
1.072144 -0.635254 0.654785 -2.917861 -0.441216 0.541136
1.118652 -0.625366 0.703125 -2.466440 -0.431722 0.464475
1.135864 -0.620850 0.715454 -1.983215 -0.245173 0.431959
1.137939 -0.610840 0.685303 -1.491921 -0.058860 0.419618
1.150635 -0.568115 0.625732 -1.008934 -0.017563 0.400156
1.192627 -0.512085 0.579102 -0.566531 -0.120332 0.360757
1.258301 -0.472412 0.538330 -0.214081 -0.278400 0.280536
1.310059 -0.454834 0.485352 0.024683 -0.420804 0.137183
1.322632 -0.435669 0.458740 0.180141 -0.525471 -0.035364
1.339844 -0.444458 0.424805 0.298574 -0.645091 -0.191534
1.384888 -0.458740 0.396240 0.421516 -0.732195 -0.320884
1.433594 -0.463867 0.360107 0.593113 -0.679980 -0.453795
1.469849 -0.457886 0.350220 0.844931 -0.454032 -0.589316
1.542603 -0.458374 0.320801 1.136385 -0.259413 -0.719853
1.568481 -0.488159 0.312012 1.422618 -0.121281 -0.853001
1.580322 -0.501465 0.296387 1.662331 -0.054588 -1.030057
1.566406 -0.495361 0.266968 1.855526 -0.088765 -1.245799
1.532104 -0.500488 0.252686 2.037329 -0.239476 -1.486462
1.534180 -0.493042 0.222900 2.238594 -0.440504 -1.735669
1.543213 -0.517212 0.187378 2.503940 -0.586705 -1.978943
1.556519 -0.559448 0.137329 2.853068 -0.684015 -2.221980
1.568970 -0.574341 0.063110 3.236135 -0.570091 -2.456947
1.561157 -0.551147 -0.006348 3.577667 -0.318985 -2.670790
1.549316 -0.515137 -0.148071 3.796021 -0.083069 -2.909554
1.494507 -0.469604 -0.275757 3.875767 0.128638 -3.234711
1.378906 -0.419312 -0.387329 3.810498 0.137183 -3.653616
1.251953 -0.376343 -0.483398 3.648870 -0.081408 -4.113582
1.105835 -0.339233 -0.527222 3.447130 -0.462339 -4.541269
0.940308 -0.321411 -0.532715 3.216910 -0.833539 -4.868087
0.795776 -0.317383 -0.531250 2.986215 -0.932035 -4.996963
0.648315 -0.291138 -0.524292 2.795156 -0.630376 -4.852185
0.504028 -0.251953 -0.556641 2.669129 -0.100158 -4.466269
0.360352 -0.200562 -0.609375 2.582974 0.419143 -3.952428
0.229492 -0.124756 -0.664185 2.489462 0.701103 -3.426244
0.152710 -0.031128 -0.711426 2.345871 0.691135 -2.965329
