1.054810 -0.045166 -0.202759 -0.115110 0.100395 0.166138
1.042725 -0.081543 -0.197021 -0.100395 0.186075 0.213369
1.090332 -0.080933 -0.190430 -0.081170 0.208147 0.336074
1.134521 -0.030029 -0.173340 -0.043671 0.184888 0.465187
1.240845 -0.066895 -0.117676 0.017089 0.023022 0.539712
1.291748 -0.050537 -0.123413 0.167088 -0.275552 0.482513
1.426025 -0.137329 -0.151245 0.371675 -0.600708 0.421279
1.545654 -0.163330 -0.120605 0.627765 -0.544221 0.315188
1.629028 -0.147827 -0.327515 0.819061 -0.588841 0.218590
1.726685 -0.152100 -0.420166 0.954108 -0.214081 0.118433
1.757446 -0.085693 -0.504028 1.029107 0.222625 -0.086392
1.736084 -0.088623 -0.548950 0.962415 0.590265 -0.391374
1.664795 -0.130005 -0.566528 0.803160 0.756166 -0.668113
1.641235 -0.142212 -0.566162 0.668825 0.708461 -0.855374
1.631836 -0.124756 -0.568726 0.585281 0.501500 -1.006797
1.635620 -0.112915 -0.590576 0.503399 0.194144 -1.158221
1.626099 -0.116577 -0.615601 0.377134 -0.100158 -1.303473
1.617554 -0.125977 -0.659546 0.219540 -0.315425 -1.419058
1.655273 -0.091064 -0.698853 0.044620 -0.424127 -1.507348
1.690186 -0.055420 -0.752319 -0.168512 -0.462339 -1.638123
1.702393 -0.011230 -0.819458 -0.431722 -0.402529 -1.851492
1.654419 -0.014038 -0.836426 -0.764236 -0.285283 -2.136537
1.570557 -0.041504 -0.799438 -1.122620 -0.114873 -2.443655
1.458252 -0.081543 -0.741455 -1.434010 0.078560 -2.712562
1.322144 -0.104736 -0.685181 -1.678708 0.249207 -2.915488
1.220703 -0.097168 -0.666260 -1.868580 0.393985 -3.066674
1.110352 -0.071411 -0.648193 -2.056791 0.481326 -3.196262
0.991333 -0.073486 -0.592773 -2.285350 0.554664 -3.317068
0.857544 -0.076904 -0.507446 -2.512722 0.661942 -3.404409
0.718384 -0.098877 -0.427734 -2.683844 0.713208 -3.443333
0.598633 -0.119751 -0.345825 -2.783527 0.671198 -3.424108
0.474609 -0.131470 -0.246338 -2.825536 0.628002 -3.334868
0.372803 -0.107788 -0.153687 -2.805125 0.617559 -3.191752
0.295044 -0.065796 -0.070679 -2.737720 0.601420 -3.021105
0.239868 -0.033813 -0.004150 -2.639224 0.573414 -2.853780
0.184814 -0.009399 0.046387 -2.524589 0.557275 -2.700458
0.136597 0.042725 0.081909 -2.405206 0.508858 -2.540728
0.101074 0.082031 0.121338 -2.308609 0.439317 -2.373403
0.058838 0.109009 0.173096 -2.227676 0.393985 -2.218182
0.009155 0.135376 0.214478 -2.134876 0.371912 -2.068183
-0.045654 0.146362 0.274292 -2.019766 0.345093 -1.912963
-0.096436 0.145508 0.323730 -1.871191 0.325631 -1.735195
-0.157471 0.172607 0.364136 -1.682743 0.390662 -1.518028
-0.198486 0.203125 0.389282 -1.478155 0.428162 -1.258853
-0.215454 0.239624 0.412231 -1.266685 0.416295 -0.997779
-0.216797 0.280273 0.421143 -1.049993 0.390662 -0.747622
-0.225098 0.286377 0.429810 -0.852764 0.406327 -0.480139
-0.246094 0.292114 0.446533 -0.679031 0.510282 -0.201977
-0.247681 0.306763 0.464355 -0.510756 0.657433 0.088528
-0.249512 0.307617 0.471069 -0.329903 0.758540 0.386627
-0.234009 0.298828 0.474365 -0.112974 0.771356 0.674046
-0.204102 0.291504 0.465942 0.155458 0.701815 0.953396
-0.158569 0.280518 0.439697 0.445013 0.572939 1.235356
-0.109253 0.257202 0.396240 0.715818 0.455219 1.511383
-0.070190 0.236572 0.398193 0.978554 0.417956 1.797853
-0.039795 0.193237 0.397217 1.236068 0.393985 2.091917
-0.004517 0.175293 0.386963 1.535354 0.324444 2.419922
0.068481 0.111450 0.360596 1.845795 0.138132 2.786375
0.156494 0.084717 0.311401 2.174512 -0.033228 3.150692
0.264893 0.040527 0.244995 2.480681 -0.149287 3.517383
0.366333 0.006836 0.153564 2.748875 -0.273179 3.855593
0.468994 -0.024048 0.045288 2.975535 -0.474443 4.133044
0.655762 -0.054932 -0.041260 3.124347 -0.728160 4.358280
0.849731 -0.026978 -0.233276 3.201246 -0.588129 4.500446
0.994385 -0.025879 -0.334595 3.122686 -0.487972 4.513263
1.138184 0.060059 -0.451904 2.934713 -0.871276 4.415241
1.239624 0.086548 -0.536377 2.623559 -1.252445 4.224420
1.304565 0.081421 -0.629272 2.156711 -1.356874 4.033123
1.320068 0.036987 -0.678589 1.586620 -1.250783 3.910419
1.354980 -0.003784 -0.683960 1.006797 -1.010358 3.838504
1.392334 -0.061768 -0.641846 0.496991 -0.784884 3.757571
1.428101 -0.148682 -0.571045 0.117958 -0.685676 3.652667
1.506714 -0.225952 -0.516602 -0.081408 -0.832590 3.566038
1.641724 -0.249756 -0.496704 -0.113923 -1.133775 3.476561
1.774536 -0.239502 -0.529053 -0.046519 -1.423804 3.320628
1.910034 -0.200562 -0.593018 0.018987 -1.626493 3.089696
2.012207 -0.180664 -0.680786 0.006408 -1.721429 2.797530
2.080566 -0.202637 -0.794312 -0.103243 -1.637411 2.448640
2.117920 -0.233032 -0.889893 -0.325868 -1.249834 2.114939
2.134399 -0.246582 -0.935303 -0.623018 -0.816688 1.801175
2.156616 -0.264771 -0.945923 -0.917795 -0.687337 1.491446
2.173828 -0.291626 -0.929443 -1.186939 -0.613050 1.182667
2.197021 -0.323364 -0.856201 -1.426415 -0.507908 0.874836
2.209473 -0.326904 -0.784790 -1.604895 -0.444064 0.580534
2.236206 -0.319092 -0.727539 -1.727837 -0.371675 0.265821
2.241455 -0.300171 -0.672729 -1.831318 -0.183701 -0.084018
2.207886 -0.298096 -0.643921 -1.940257 0.014715 -0.464000
2.155762 -0.280029 -0.617920 -2.076490 0.192483 -0.848729
2.078735 -0.285889 -0.565063 -2.238594 0.441928 -1.232271
1.988037 -0.303955 -0.491211 -2.367707 0.616847 -1.609404
1.886597 -0.317627 -0.403442 -2.442469 0.743824 -1.951174
1.782837 -0.323486 -0.347046 -2.471662 1.059962 -2.248562
1.675781 -0.326294 -0.266479 -2.467627 1.354976 -2.503228
1.588135 -0.298340 -0.219727 -2.406393 1.260752 -2.744840
1.505127 -0.265869 -0.195435 -2.317628 1.074914 -2.995946
1.397949 -0.243530 -0.160034 -2.241916 1.017240 -3.249901
1.285400 -0.249756 -0.123901 -2.191600 0.988760 -3.480833
1.158813 -0.229248 -0.093994 -2.133689 0.930611 -3.655515
1.041748 -0.210083 -0.067261 -2.069370 0.824758 -3.782492
0.939209 -0.193359 -0.074707 -2.018816 0.727448 -3.868409
0.848267 -0.146240 -0.087036 -1.993421 0.650787 -3.894991
0.732056 -0.120483 -0.078369 -2.010984 0.647702 -3.906621
0.606567 -0.109619 -0.019531 -2.047297 0.743350 -3.901162
0.464722 -0.095947 0.037231 -2.052281 0.873175 -3.844675
0.310181 -0.088135 0.067383 -2.014307 1.002763 -3.728379
0.163818 -0.076172 0.091431 -1.935273 1.063285 -3.537320
0.042358 -0.036865 0.111694 -1.814466 1.018902 -3.258682
-0.018799 0.032715 0.135620 -1.669214 0.897146 -2.919760
-0.036865 0.097534 0.167969 -1.517316 0.778476 -2.569921
-0.043335 0.169922 0.177734 -1.357349 0.717242 -2.268973
-0.042114 0.214478 0.199341 -1.206875 0.699205 -2.020952
-0.057251 0.239258 0.220581 -1.077288 0.634173 -1.799514
-0.074219 0.265747 0.221436 -0.953633 0.474918 -1.589705
-0.104370 0.284424 0.202759 -0.847305 0.277213 -1.382270
-0.128418 0.305420 0.185059 -0.774441 0.163765 -1.177920
-0.152344 0.317993 0.172119 -0.720802 0.091139 -0.966687
-0.159180 0.326904 0.159302 -0.671436 -0.005221 -0.747622
-0.152100 0.338013 0.152710 -0.621119 -0.119857 -0.526421
-0.131470 0.347534 0.143066 -0.579110 -0.257277 -0.313764
-0.107300 0.345093 0.139526 -0.554190 -0.341770 -0.117483
-0.092163 0.342773 0.141357 -0.544696 -0.323257 0.066218
-0.099731 0.337891 0.152466 -0.536626 -0.266770 0.239239
-0.106323 0.328979 0.148193 -0.542323 -0.218590 0.404428
-0.087769 0.314453 0.168091 -0.567243 -0.179904 0.585281
-0.067017 0.290405 0.179565 -0.558936 -0.262973 0.773967
-0.031372 0.276245 0.187256 -0.507908 -0.425314 0.925864
0.002075 0.237549 0.174561 -0.467086 -0.484649 1.053791
0.033936 0.199707 0.185791 -0.455693 -0.467798 1.219454
0.064941 0.168945 0.181152 -0.442640 -0.466611 1.440655
0.108521 0.160034 0.164673 -0.425788 -0.484649 1.704341
0.182251 0.190796 0.171509 -0.416770 -0.477766 1.989149
0.257324 0.219238 0.175903 -0.398020 -0.418194 2.238356
0.358521 0.222046 0.211792 -0.373336 -0.342007 2.420396
0.418335 0.183228 0.226563 -0.355773 -0.375710 2.570633
0.478760 0.174072 0.203491 -0.303084 -0.586468 2.709951
0.563721 0.149414 0.207886 -0.274603 -0.364080 2.837641
0.662476 0.116333 0.240234 -0.287894 0.203875 3.031073
0.780273 0.113159 0.277710 -0.286707 0.795327 3.245391
0.928101 0.109131 0.312378 -0.236866 1.221353 3.414615
1.097900 0.110596 0.332520 -0.169461 1.443504 3.500057
1.244995 0.105957 0.334717 -0.101819 1.365893 3.475848
1.363281 0.098511 0.327515 -0.041772 1.054503 3.362875
1.493530 0.116455 0.280029 0.017563 0.813128 3.230439
1.610352 0.133179 0.238403 0.071677 0.800549 3.100614
1.709595 0.136719 0.211304 0.103243 0.809568 2.908605
1.772583 0.180908 0.165527 0.096360 0.721040 2.599825
1.828491 0.173584 0.135986 0.030380 0.576500 2.207265
1.858032 0.135864 0.148071 -0.090189 0.483462 1.838438
1.887817 0.118408 0.170898 -0.229745 0.336311 1.573803
1.914795 0.094238 0.197754 -0.343669 0.251818 1.339074
