0.175537 -0.107544 -0.280884 4.615082 0.646752 -1.198094
0.177368 -0.066772 -0.384399 5.053212 0.853950 -0.979503
0.148193 -0.050415 -0.459473 5.250442 1.025310 -0.803160
0.081787 -0.240845 -0.783325 5.251154 1.137572 -0.679743
0.150757 -0.131470 -0.769897 5.098307 2.058215 -0.498415
0.134644 -0.035522 -0.715576 4.863340 2.301251 -0.128164
0.253174 0.054077 -0.838623 4.759860 1.928390 0.366691
0.288086 0.087280 -0.898926 4.759147 1.588519 0.874599
0.393677 0.082520 -0.962158 4.865476 1.200942 1.272144
0.593872 0.066650 -1.086792 4.979874 0.601420 1.392475
0.697388 0.001587 -1.185791 5.014525 -0.082832 1.151100
0.611084 -0.079956 -1.333374 4.939526 -0.637733 0.589079
0.537354 -0.081909 -1.435791 4.723547 -0.913523 -0.105616
0.522827 -0.038696 -1.510254 4.413342 -1.044297 -0.640819
0.469238 -0.023926 -1.622559 4.089373 -1.270008 -0.859172
0.424194 -0.028564 -1.718140 3.792223 -1.419770 -0.794141
0.421387 -0.043579 -1.793945 3.514772 -1.331479 -0.550867
0.451172 -0.014526 -1.875977 3.230676 -1.039788 -0.245885
0.413086 -0.015137 -1.950684 2.889618 -0.670724 0.023022
0.377197 0.012451 -1.953247 2.441519 -0.360283 0.232119
0.407349 -0.014282 -1.999146 1.853390 -0.190584 0.405615
0.488281 -0.058594 -2.078613 1.175072 -0.016139 0.545408
0.523438 -0.059448 -2.161377 0.504823 0.067642 0.612338
0.517456 0.029419 -2.217773 -0.086629 -0.032753 0.599047
0.506470 0.063354 -2.207886 -0.623256 -0.190584 0.521199
0.471069 0.017944 -2.149658 -1.205451 -0.349602 0.423890
0.443970 -0.028931 -2.069702 -1.883295 -0.422466 0.369539
0.420410 -0.049927 -1.979736 -2.606234 -0.388051 0.380694
0.425903 -0.026001 -1.937134 -3.290011 -0.295489 0.449760
0.403320 0.013672 -1.883301 -3.895941 -0.240188 0.544933
0.403809 -0.050415 -1.817627 -4.457251 -0.269619 0.638208
0.414551 -0.115845 -1.781738 -5.012627 -0.427450 0.723651
0.413818 -0.170410 -1.708740 -5.544744 -0.546120 0.783460
0.433472 -0.227173 -1.582886 -6.037700 -0.493430 0.791292
0.455933 -0.266846 -1.429077 -6.480102 -0.357909 0.777527
0.450684 -0.305054 -1.267456 -6.845131 -0.192246 0.772305
0.437988 -0.334717 -1.102539 -7.096712 0.017563 0.792717
0.412231 -0.354736 -0.944824 -7.214433 0.277213 0.839710
0.384277 -0.352051 -0.785278 -7.204464 0.591452 0.906877
0.359619 -0.340332 -0.655273 -7.087218 0.918744 0.984013
0.316162 -0.328857 -0.540161 -6.883106 1.218742 1.061148
0.264038 -0.286133 -0.419067 -6.610639 1.490022 1.131164
0.233765 -0.248901 -0.327515 -6.285720 1.749910 1.179581
0.214600 -0.227539 -0.240479 -5.920928 1.807109 1.225625
0.201172 -0.232788 -0.130371 -5.518874 1.540576 1.295878
0.181152 -0.268433 -0.044678 -5.081218 1.059724 1.387254
0.159546 -0.293701 0.045532 -4.598468 0.585518 1.457744
0.146240 -0.273926 0.152588 -4.065402 0.202689 1.470086
0.148560 -0.244873 0.225952 -3.482257 -0.092088 1.417634
0.169922 -0.233643 0.275146 -2.851169 -0.374523 1.315103
0.212402 -0.220825 0.295288 -2.185429 -0.634411 1.187651
0.260376 -0.195801 0.318481 -1.508535 -0.784647 1.074440
0.310059 -0.159546 0.329712 -0.854425 -0.772543 1.000152
0.352417 -0.139282 0.326660 -0.252293 -0.652923 0.991370
0.407349 -0.123779 0.307373 0.282435 -0.507908 1.068743
0.472412 -0.109253 0.294556 0.740502 -0.392798 1.233932
0.553467 -0.086182 0.268555 1.125705 -0.376659 1.484563
0.643066 -0.049683 0.216064 1.447538 -0.518114 1.809957
0.724609 -0.006470 0.135986 1.735432 -0.674046 2.169528
0.796509 0.035156 0.035400 2.027598 -0.737654 2.502041
0.875488 0.075562 -0.045288 2.337327 -0.688524 2.750536
0.916138 0.077515 -0.092163 2.656075 -0.554902 2.899112
0.942749 0.054565 -0.166260 2.955124 -0.466611 2.947529
0.952271 0.079834 -0.219604 3.240407 -0.551816 2.912403
0.953369 0.108765 -0.280151 3.512399 -0.588604 2.815331
0.932861 0.091431 -0.368652 3.761606 -0.624205 2.689303
0.885132 0.051636 -0.487183 3.993488 -0.771119 2.554256
0.917358 0.036621 -0.617432 4.221334 -0.971671 2.413276
1.041138 0.072876 -0.759888 4.443247 -1.148727 2.299353
1.184570 0.178467 -0.854370 4.648547 -1.232033 2.210350
1.298950 0.270020 -0.912598 4.809701 -1.148964 2.098800
1.332520 0.303345 -0.962891 4.886837 -0.999203 1.912725
1.307617 0.225830 -1.024048 4.842216 -0.953396 1.617237
1.276001 0.182739 -1.073120 4.665398 -0.991370 1.259090
1.263916 0.152100 -1.127319 4.376080 -1.030057 0.925390
1.228882 0.161621 -1.165527 4.043092 -1.011544 0.685676
1.176636 0.139526 -1.206055 3.723394 -0.874836 0.551341
1.123413 0.113159 -1.237183 3.449741 -0.662417 0.484886
1.083496 0.075928 -1.266602 3.221657 -0.444301 0.450709
1.070679 0.041626 -1.305786 3.027750 -0.267482 0.419380
1.069336 0.034302 -1.335571 2.860662 -0.235204 0.367165
1.055298 0.030884 -1.354370 2.701882 -0.350552 0.274128
1.045288 0.023193 -1.359619 2.537642 -0.526183 0.132436
1.042236 0.020508 -1.355225 2.357501 -0.735043 -0.052452
1.017456 0.021606 -1.352905 2.164306 -0.968348 -0.279824
0.990845 -0.004150 -1.355591 1.956871 -1.135911 -0.543509
0.948608 -0.040894 -1.358032 1.727837 -1.247698 -0.794853
0.883789 -0.045532 -1.346924 1.455371 -1.263837 -0.969772
0.838135 -0.037964 -1.341919 1.132825 -1.088917 -1.043585
0.800781 -0.044067 -1.329956 0.758065 -0.834488 -1.042636
0.781372 -0.057983 -1.343262 0.342482 -0.590740 -1.013206
0.767212 -0.048828 -1.396973 -0.089240 -0.475630 -1.000627
0.750854 -0.020386 -1.473022 -0.511706 -0.500551 -1.025785
0.740112 -0.003296 -1.514771 -0.923728 -0.575076 -1.087731
0.763184 -0.011841 -1.554199 -1.348805 -0.577212 -1.165341
0.778076 0.015503 -1.596191 -1.793818 -0.686625 -1.240340
0.786011 0.010742 -1.578125 -2.254258 -0.823571 -1.311305
0.805054 -0.038452 -1.515259 -2.727752 -0.863919 -1.377523
0.835205 -0.077515 -1.442505 -3.200296 -0.877210 -1.424042
0.861084 -0.118530 -1.371216 -3.629645 -0.843982 -1.447538
0.869385 -0.149658 -1.308838 -3.979485 -0.745486 -1.435909
0.882935 -0.138916 -1.246582 -4.236762 -0.569617 -1.387491
0.867188 -0.102783 -1.184326 -4.405510 -0.317087 -1.322697
0.850098 -0.087769 -1.125854 -4.499260 -0.044620 -1.281875
0.838989 -0.057739 -1.090576 -4.541032 0.163765 -1.281163
0.791504 -0.026855 -1.036133 -4.547440 0.272704 -1.322935
0.769287 -0.004395 -1.005981 -4.538421 0.374998 -1.395561
0.731567 0.048340 -1.002930 -4.529402 0.353400 -1.479105
0.661621 0.049561 -0.954346 -4.540794 0.250869 -1.547933
0.600098 -0.012207 -0.880615 -4.598705 0.256565 -1.588044
0.557495 -0.061646 -0.784668 -4.698626 0.247309 -1.572617
0.512207 -0.077271 -0.685791 -4.806853 0.183464 -1.479579
0.474976 -0.069702 -0.608765 -4.872121 0.140980 -1.317476
0.423950 -0.041382 -0.525513 -4.858118 0.178955 -1.104344
0.395142 -0.040527 -0.455566 -4.760571 0.321833 -0.867716
0.380005 -0.053467 -0.382813 -4.595145 0.486785 -0.626104
0.373047 -0.041138 -0.320068 -4.373707 0.578161 -0.395884
0.355957 -0.019165 -0.260376 -4.100291 0.588841 -0.188923
0.329712 0.006592 -0.218628 -3.781068 0.576025 -0.010680
0.312744 0.030396 -0.187256 -3.429805 0.557512 0.147626
0.294922 0.027710 -0.161865 -3.068573 0.544933 0.289792
0.290161 0.032593 -0.127197 -2.716597 0.505772 0.418431
0.301758 0.042480 -0.098633 -2.391441 0.429111 0.530693
0.294434 0.043701 -0.081543 -2.094528 0.326106 0.628477
0.302856 0.044922 -0.050171 -1.831792 0.204587 0.710597
0.319824 0.052612 -0.030029 -1.607031 0.078085 0.779426
0.335938 0.063599 -0.008179 -1.420007 -0.027769 0.838049
0.354370 0.063721 0.009644 -1.256954 -0.126502 0.887890
0.375854 0.069336 0.015991 -1.099598 -0.231881 0.941529
0.393433 0.075562 0.025024 -0.935833 -0.310204 1.009171
0.407471 0.074585 0.027954 -0.761862 -0.332751 1.104819
0.416626 0.071045 0.034912 -0.581958 -0.311153 1.235356
0.426636 0.062622 0.038818 -0.403953 -0.278400 1.396985
0.433838 0.033936 0.038940 -0.228321 -0.269856 1.589943
0.440552 0.005493 0.011353 -0.047468 -0.322545 1.815179
0.468750 0.038696 -0.015869 0.161629 -0.457355 2.060588
0.533936 0.063721 -0.022827 0.406564 -0.511468 2.310745
0.613037 0.098267 -0.017578 0.675708 -0.483225 2.556867
0.681519 0.141968 -0.016479 0.939868 -0.441928 2.794919
0.756104 0.159180 -0.024048 1.177208 -0.363368 3.004253
0.816406 0.106201 -0.047363 1.364944 -0.272229 3.166831
0.845581 0.070557 -0.083130 1.500228 -0.267957 3.265328
0.896240 0.084473 -0.107178 1.608930 -0.270093 3.294520
0.956543 0.090210 -0.146851 1.697932 -0.205774 3.292384
1.007935 0.095093 -0.182373 1.765337 -0.123892 3.303777
1.075684 0.098267 -0.211060 1.778153 -0.023971 3.336292
1.116455 0.084961 -0.238403 1.717157 0.122705 3.366197
1.158936 0.102173 -0.252930 1.594927 0.302846 3.370469
1.208496 0.160400 -0.244995 1.446352 0.427213 3.323713
1.271118 0.181885 -0.247681 1.298014 0.501737 3.223793
