1.783813 -0.176147 -0.484131 0.073338 -0.033940 -1.740416
1.826294 -0.243164 -0.572144 -0.106328 0.352450 -1.832030
1.744385 -0.281616 -0.666382 -0.293115 0.759964 -1.976570
1.671997 -0.254517 -0.716064 -0.540424 1.075151 -2.144132
1.588013 -0.054810 -0.997070 -0.814789 1.330055 -2.228625
1.518677 -0.398193 -0.905762 -1.469848 1.956396 -2.136537
1.377930 -0.389038 -0.596680 -2.346346 2.051569 -2.435349
1.239624 -0.297363 -0.474731 -2.070319 2.005525 -2.866596
1.047485 -0.280762 -0.568359 -1.144692 1.965652 -3.054569
0.908203 -0.246460 -0.655396 -0.669537 2.059164 -3.111768
0.719116 -0.204590 -0.595825 -0.794378 2.337090 -3.179648
0.535522 -0.211426 -0.493164 -0.981877 2.571107 -3.151404
0.358765 -0.166260 -0.414185 -0.993032 2.683132 -3.084237
0.227173 -0.108398 -0.370605 -0.976418 2.730363 -2.930203
0.125488 -0.100830 -0.329834 -1.039313 2.708765 -2.727277
0.039673 -0.070068 -0.263428 -1.082272 2.643496 -2.489937
-0.057251 -0.043457 -0.209839 -1.102446 2.530997 -2.217945
-0.135376 0.003174 -0.125610 -1.133300 2.446978 -1.911776
-0.204468 0.019043 -0.016357 -1.137572 2.381947 -1.565971
-0.283325 0.068726 0.097534 -1.076338 2.255207 -1.180293
-0.346924 0.125244 0.194580 -0.964076 2.009323 -0.757828
-0.389771 0.161377 0.252319 -0.802210 1.667790 -0.281011
-0.366333 0.193604 0.296143 -0.599759 1.353552 0.245173
-0.346924 0.201538 0.366699 -0.357197 1.159170 0.773255
-0.314453 0.221313 0.411499 -0.058148 1.013206 1.290656
-0.252197 0.229126 0.363525 0.199603 0.772068 1.831318
-0.177490 0.214600 0.272583 0.220489 0.378320 2.363672
-0.005737 0.177979 0.219849 0.007595 -0.095173 2.874903
0.148926 0.040771 0.168213 -0.230457 -0.541848 3.272448
0.334229 -0.025024 0.121582 -0.363605 -0.937731 3.538269
0.505005 -0.108643 0.097534 -0.382355 -1.320799 3.661923
0.591675 -0.127441 0.096191 -0.315425 -1.576177 3.698948
0.678833 -0.134766 0.091675 -0.176819 -1.767473 3.791511
0.816650 -0.130615 0.015137 -0.078085 -2.006000 3.999659
1.069824 -0.183960 -0.077515 -0.192720 -2.182819 4.259071
1.375366 -0.289429 -0.178711 -0.495804 -2.120398 4.323865
1.548218 -0.442749 -0.203491 -0.934646 -1.782426 4.073471
1.644287 -0.470459 -0.137695 -1.198331 -1.392950 3.598791
1.654785 -0.390381 -0.081787 -1.223489 -1.069930 3.083762
1.580566 -0.361572 -0.044312 -1.221828 -0.965026 2.712325
1.657349 -0.288818 0.050659 -1.376811 -0.962178 2.621186
1.859619 -0.374634 0.182495 -1.531082 -0.979266 2.780679
2.049805 -0.449829 0.291992 -1.491921 -0.903554 2.790410
2.178345 -0.475464 0.325806 -1.224201 -0.760438 2.558053
2.232788 -0.497070 0.323608 -0.998016 -0.678319 2.221505
2.261719 -0.462524 0.280396 -0.962415 -0.718429 1.835115
2.303467 -0.508667 0.298340 -1.167240 -0.846830 1.443978
2.253662 -0.499268 0.358521 -1.397697 -0.941292 0.950785
2.151123 -0.486328 0.397095 -1.470323 -0.991133 0.478953
2.039551 -0.455078 0.435791 -1.455845 -1.063285 0.170885
2.000488 -0.431274 0.428955 -1.344295 -1.189550 0.024209
1.997559 -0.442627 0.375366 -1.204739 -1.328156 -0.118433
1.976929 -0.455078 0.296021 -1.082272 -1.416209 -0.342007
1.955078 -0.460449 0.248413 -1.030532 -1.418108 -0.585993
1.935181 -0.465942 0.218994 -0.957668 -1.377523 -0.877684
1.904785 -0.474731 0.178467 -0.856561 -1.331004 -1.216844
1.834961 -0.457764 0.154297 -0.763524 -1.271907 -1.568107
1.773193 -0.438965 0.123657 -0.670486 -1.194296 -1.887330
1.755737 -0.421997 0.091553 -0.588841 -1.111939 -2.148642
1.727295 -0.424927 0.069946 -0.558936 -1.032430 -2.439858
1.657227 -0.434937 0.043823 -0.552054 -0.995642 -2.768337
1.544434 -0.419312 -0.001465 -0.528319 -1.078000 -3.059079
1.435913 -0.415649 -0.083740 -0.531405 -1.332428 -3.294283
1.312866 -0.387329 -0.169067 -0.557512 -1.575940 -3.525215
1.156372 -0.335815 -0.239258 -0.589316 -1.553630 -3.742619
1.019653 -0.295288 -0.287842 -0.619695 -1.276891 -3.810261
0.901367 -0.266968 -0.335449 -0.635835 -0.875074 -3.755673
0.798218 -0.237671 -0.381958 -0.666926 -0.477529 -3.695151
0.709961 -0.213745 -0.380859 -0.807669 -0.191059 -3.635104
0.651245 -0.203613 -0.352173 -1.039076 -0.125316 -3.568411
0.553101 -0.191284 -0.325562 -1.179107 -0.179429 -3.545152
0.451172 -0.145630 -0.301270 -1.200942 -0.137420 -3.483918
0.354980 -0.066772 -0.300781 -1.205451 0.058623 -3.377590
0.262817 -0.036499 -0.310669 -1.260989 0.320409 -3.227591
0.176147 -0.022217 -0.281372 -1.343821 0.565582 -3.030835
0.082153 0.046387 -0.236694 -1.380608 0.694695 -2.846422
0.009644 0.107056 -0.194336 -1.420719 0.652211 -2.634240
-0.045654 0.173584 -0.166260 -1.490497 0.500551 -2.397612
-0.111694 0.215820 -0.139404 -1.552205 0.334650 -2.138199
-0.151367 0.257324 -0.111206 -1.571667 0.184888 -1.806160
-0.155029 0.312134 -0.082886 -1.562886 0.085205 -1.434485
-0.162354 0.354736 -0.052368 -1.527522 0.124604 -1.104344
-0.213623 0.371460 -0.007690 -1.498567 0.264634 -0.804584
-0.274292 0.399780 0.034546 -1.406716 0.456880 -0.488209
-0.328125 0.424805 0.090088 -1.282587 0.614949 -0.084968
-0.357300 0.473633 0.105103 -1.208537 0.634173 0.389001
-0.341797 0.489624 0.101074 -1.254581 0.477291 0.915896
-0.268311 0.458984 0.127441 -1.413599 0.267008 1.495481
-0.145874 0.409790 0.161499 -1.553630 0.080696 2.049908
-0.017822 0.360474 0.253784 -1.558376 0.038686 2.531946
0.052124 0.299683 0.297974 -1.384643 0.067167 2.925694
0.149048 0.256958 0.316284 -1.043823 0.087104 3.308998
0.270142 0.179321 0.274780 -0.550392 0.039873 3.720784
0.419067 0.132080 0.175415 -0.051028 -0.052690 4.049025
0.552612 0.085938 0.052246 0.164239 -0.152372 4.267378
0.737305 0.007324 -0.060547 0.056724 -0.206486 4.411681
0.918701 -0.173584 -0.091675 -0.159018 -0.286232 4.447757
1.111084 -0.313599 -0.105347 -0.253717 -0.204350 4.360653
1.337646 -0.369873 -0.109009 -0.177293 -0.118433 4.093883
1.449829 -0.375977 -0.063721 -0.084730 0.047231 3.636291
1.504517 -0.336304 -0.026367 -0.069541 0.120332 3.182259
1.536621 -0.329102 0.006714 -0.136471 0.003085 2.835504
1.585205 -0.330566 0.039917 -0.223337 -0.146202 2.546424
1.658203 -0.354248 0.059937 -0.257514 -0.231881 2.341837
1.750000 -0.382690 0.055542 -0.182040 -0.206249 2.146506
1.808716 -0.395996 0.026367 -0.033465 -0.043433 1.924592
1.822021 -0.400024 0.007935 0.106566 0.242562 1.714309
1.800659 -0.402222 0.011230 0.191771 0.497940 1.487649
1.787354 -0.375122 0.020020 0.251581 0.625866 1.291606
1.744385 -0.363525 0.016235 0.263685 0.585993 1.087731
1.677368 -0.325562 0.027588 0.198654 0.410124 0.843270
1.586426 -0.293579 0.028198 0.108465 0.182989 0.640819
1.492676 -0.248413 0.036255 0.034652 -0.012342 0.471595
1.424316 -0.222534 0.034668 -0.012104 -0.146202 0.369539
1.383789 -0.196167 0.026611 -0.030617 -0.175157 0.331327
1.348511 -0.194702 0.004150 -0.036550 -0.073575 0.306169
1.324463 -0.203247 -0.005127 -0.041535 0.101819 0.322071
1.336548 -0.218140 -0.018066 -0.029668 0.260600 0.334175
1.350952 -0.236938 -0.028687 -0.014003 0.340821 0.302846
1.378906 -0.245972 -0.026489 -0.034177 0.364792 0.251818
1.361816 -0.247437 -0.017090 -0.074288 0.358621 0.161154
1.336060 -0.248291 -0.015503 -0.112262 0.332276 0.088291
1.315308 -0.254272 -0.015991 -0.135759 0.269144 0.044620
1.290161 -0.247681 -0.018188 -0.164952 0.182040 -0.031804
1.258545 -0.239258 -0.016235 -0.218590 0.083069 -0.090901
1.239990 -0.235474 -0.000122 -0.273891 -0.008544 -0.141217
1.203369 -0.236206 0.021484 -0.283147 -0.066455 -0.201502
1.155029 -0.222534 0.034790 -0.239476 -0.069778 -0.232593
1.119019 -0.210449 0.054688 -0.179904 -0.049129 -0.239476
1.093628 -0.194458 0.053833 -0.094936 -0.045807 -0.219540
1.084839 -0.182129 0.046753 -0.014952 -0.047943 -0.184413
1.083008 -0.189087 0.029907 0.034652 -0.072863 -0.157831
1.090332 -0.189819 0.005371 0.067167 -0.111075 -0.148812
1.067871 -0.192749 -0.019165 0.069066 -0.091376 -0.174920
1.050781 -0.192627 -0.010498 0.034889 -0.017089 -0.164477
1.050171 -0.195435 0.013306 0.012104 0.028243 -0.136233
1.047729 -0.196289 0.025513 0.024921 0.025395 -0.135759
1.046143 -0.193115 0.039429 0.047943 0.007832 -0.130062
1.049927 -0.190918 0.034302 0.068117 -0.006408 -0.121281
1.048828 -0.201782 0.031128 0.082120 -0.011630 -0.137183
1.047241 -0.198608 0.039795 0.091376 -0.030380 -0.158069
1.035767 -0.204590 0.030640 0.112737 -0.086867 -0.185125
1.018555 -0.198730 0.010376 0.141692 -0.124604 -0.196043
1.015137 -0.184204 0.006348 0.145727 -0.157831 -0.174445
1.019409 -0.187988 0.008057 0.130774 -0.172072 -0.160679
1.030884 -0.183838 0.002441 0.131249 -0.162578 -0.134335
1.034058 -0.177734 -0.009888 0.140743 -0.104904 -0.096360
1.029907 -0.175049 -0.001099 0.120332 -0.046044 -0.065031
1.030640 -0.177490 0.006104 0.091613 -0.044383 -0.037500
1.035889 -0.178223 -0.006348 0.098971 -0.076661 -0.016139
