1.884521 -0.154663 -0.428467 0.458304 -0.681404 -0.321833
1.841187 -0.162964 -0.560547 0.559648 -0.492718 -0.433858
1.851807 -0.144531 -0.662842 0.618983 -0.558699 -0.816213
1.725098 -0.046753 -0.966064 0.544696 -0.828318 -1.373251
1.546143 -0.099854 -1.085083 0.006171 -0.568667 -1.696983
1.476440 -0.077148 -0.942993 -0.622781 -0.397070 -1.819451
1.269043 -0.182007 -0.990234 -0.988760 -0.416058 -1.959956
1.095459 -0.170044 -0.933838 -1.209486 0.183701 -2.126806
0.898560 -0.146606 -0.849731 -1.437807 0.640819 -2.170952
0.701904 -0.118286 -0.795166 -1.674436 0.538288 -2.091205
0.552734 -0.088379 -0.711426 -1.983453 0.473019 -1.960668
0.394897 -0.051514 -0.509888 -2.414225 0.656958 -1.804736
0.089478 -0.067017 -0.212769 -2.741755 0.810042 -1.559563
0.104004 -0.036011 -0.004639 -2.860662 0.543035 -1.079424
-0.001465 -0.004150 0.197388 -2.774745 -0.090189 -0.853713
-0.079712 0.056152 0.292603 -2.446978 -0.800549 -0.657907
-0.131714 0.103271 0.315796 -2.173800 -1.416209 -0.311865
-0.114014 0.103760 0.343140 -1.975146 -1.477206 0.267008
-0.051392 0.111572 0.392578 -1.794767 -1.105531 1.009646
-0.000244 0.094604 0.455200 -1.575702 -0.826656 1.617711
0.084106 0.078979 0.484497 -1.237255 -1.109091 2.122297
0.281860 0.071533 0.456055 -0.825707 -1.372539 2.685031
0.629150 0.063721 0.429932 -0.409649 -1.198094 3.227828
1.052734 -0.100952 0.503174 -0.094936 -0.628714 3.681860
1.556152 -0.319580 0.566040 0.390425 -0.412735 3.818568
1.954590 -0.477051 0.555786 0.732669 -0.357672 3.352432
2.130737 -0.532104 0.572021 1.103395 -0.421516 2.489937
1.967529 -0.510986 0.440918 1.626493 -0.890501 1.374200
1.542358 -0.414185 0.345825 1.856001 -1.330292 0.487260
1.274414 -0.387817 0.307129 1.936222 -1.981079 0.063133
1.246826 -0.392822 0.090332 2.349906 -2.428941 0.064319
1.250610 -0.319946 -0.404297 2.956548 -2.269211 0.199366
1.231567 -0.213867 -0.735840 3.010662 -1.145879 0.102056
1.257446 -0.170044 -0.878540 2.571582 -0.877447 -0.134572
1.434570 -0.112427 -1.116333 2.149354 -0.819773 -0.311390
1.539063 -0.119507 -1.256470 1.856713 -0.973807 -0.439317
1.675415 -0.100098 -1.468384 1.638123 -0.827843 -0.445725
1.661865 -0.116455 -1.608765 1.334090 0.191296 -0.637259
1.542847 -0.147827 -1.566895 0.778713 0.952684 -1.055452
1.413208 -0.188232 -1.395264 0.253954 1.145642 -1.363045
1.210205 -0.233765 -1.218872 -0.166138 0.952447 -1.730923
1.070068 -0.181519 -1.157837 -0.399444 -0.122705 -1.845558
1.028931 -0.276367 -1.175781 -0.745723 0.937969 -1.786223
0.923340 -0.206177 -1.081909 -0.932747 2.148879 -1.777916
0.744751 -0.194458 -0.974121 -1.026971 2.333292 -1.730448
0.626953 -0.186401 -0.812256 -1.243426 2.131316 -1.644531
0.581909 -0.159302 -0.604980 -1.527759 1.789071 -1.645718
0.550415 -0.139038 -0.346436 -1.783850 1.723565 -1.670164
0.575684 -0.128662 -0.201416 -1.921507 1.740179 -1.661382
0.493896 -0.141724 -0.053467 -1.736144 1.447776 -1.359960
0.426880 -0.033569 0.040405 -1.494769 1.466526 -1.001339
0.365479 -0.050903 0.202881 -1.426652 1.853153 -0.800549
0.467896 0.069702 0.263794 -1.378947 1.625781 -0.622544
0.458374 0.087891 0.352051 -1.333140 1.675385 -0.545645
0.466064 0.182495 0.450562 -1.205689 1.077525 -0.382830
0.624390 0.272339 0.540771 -1.125942 0.893586 -0.033228
0.745483 0.241089 0.629883 -1.027446 0.724125 0.137183
0.818970 0.254517 0.639038 -0.706087 0.445013 0.162815
0.878296 0.273926 0.583984 -0.353637 0.176819 0.227609
0.943115 0.304932 0.503052 -0.081882 0.058860 0.319697
1.019043 0.323242 0.424561 0.047231 0.060996 0.328004
1.060791 0.312378 0.369019 0.054588 0.087104 0.258701
1.059570 0.300659 0.344360 0.037737 -0.008307 0.162578
1.060547 0.304565 0.323853 0.044383 -0.013054 0.101344
1.063599 0.291382 0.285278 0.084968 -0.062895 0.067405
1.075562 0.278442 0.249023 0.088528 0.022785 0.049841
1.055176 0.276123 0.245972 0.041297 -0.075474 0.039636
1.065552 0.278442 0.240967 0.028956 -0.168986 -0.012816
1.047852 0.262573 0.235474 0.050553 0.043196 -0.070253
1.013672 0.290649 0.205322 0.113449 -0.078797 -0.092088
1.002930 0.298584 0.192749 0.068591 0.080221 -0.080221
0.997314 0.287842 0.204224 -0.004509 0.137895 -0.060047
1.001099 0.292114 0.227295 -0.043433 -0.009968 -0.084493
1.001709 0.295654 0.229370 -0.071677 0.122468 -0.124129
0.953369 0.295044 0.251465 -0.072863 0.199366 -0.120806
0.934937 0.290649 0.250977 -0.066930 0.132673 -0.056012
0.971680 0.298584 0.252075 -0.093987 0.087104 0.011392
0.975098 0.290527 0.277588 -0.098734 -0.036788 -0.001187
0.988281 0.296509 0.264771 -0.079509 -0.136945 -0.023734
0.991333 0.290649 0.260742 -0.089477 -0.174208 -0.027057
0.999390 0.278564 0.274048 -0.107990 -0.086629 -0.008070
1.021240 0.275269 0.290283 -0.077610 0.003085 0.006883
1.012939 0.281250 0.271362 -0.008307 0.040585 0.006171
1.004517 0.298584 0.245117 0.021361 -0.018750 -0.001899
1.009277 0.308105 0.229126 -0.003085 -0.033228 -0.022073
1.010498 0.303467 0.232666 -0.057436 0.021835 -0.038449
0.998047 0.291626 0.257324 -0.081170 -0.032990 -0.066218
0.991089 0.295532 0.240967 -0.079984 -0.130300 -0.078797
0.991333 0.283203 0.241577 -0.101819 0.003797 0.004272
1.017944 0.273193 0.280762 -0.082594 0.126265 0.049841
1.021606 0.268799 0.283447 -0.031092 0.007595 -0.013766
1.003296 0.275635 0.263550 0.029430 -0.091376 -0.050316
1.002808 0.291748 0.245605 0.053402 -0.054114 -0.038212
0.999634 0.300537 0.249023 0.058386 -0.068591 -0.038212
0.993286 0.300415 0.234741 0.070015 -0.111787 -0.035364
0.999146 0.308716 0.232422 0.064082 -0.098022 0.008070
0.989136 0.321777 0.234619 0.069541 -0.209097 0.016851
0.964355 0.317017 0.226807 0.067879 -0.421991 0.030380
0.975830 0.301758 0.219971 0.072863 -0.548968 0.098496
1.029785 0.278076 0.209595 0.113686 -0.643430 0.159255
1.120483 0.251831 0.172485 0.209097 -0.625866 0.219540
1.142578 0.274902 0.128662 0.313764 -0.577924 0.134572
1.101929 0.295288 0.068604 0.303796 -0.564395 0.017801
1.010986 0.283936 0.073853 0.165664 -0.568193 -0.060284
0.985474 0.291626 0.084351 0.089952 -0.681167 -0.031804
1.013184 0.257935 0.083862 0.054351 -0.665027 0.014952
1.021729 0.236938 0.090820 0.053164 -0.599047 0.006171
1.026855 0.249878 0.113281 0.093749 -0.614949 -0.051503
0.995972 0.261475 0.079346 0.181091 -0.660043 -0.090664
1.009766 0.270020 0.041016 0.227609 -0.602370 -0.052927
1.028687 0.284668 0.010986 0.244460 -0.604268 -0.055300
1.027466 0.274170 -0.012817 0.236628 -0.531168 -0.012816
1.059082 0.280029 -0.009277 0.232831 -0.409887 0.053164
1.073120 0.291992 0.004272 0.242799 -0.301422 0.065506
1.081665 0.275269 -0.000977 0.214793 -0.335836 0.033465
1.090332 0.265381 -0.007813 0.196280 -0.471358 -0.037025
1.083740 0.273682 -0.018677 0.211708 -0.586231 -0.101344
1.065063 0.264282 -0.011230 0.222625 -0.609727 -0.110838
1.039063 0.249756 -0.016602 0.302372 -0.533066 -0.098259
1.018433 0.248535 -0.039429 0.401817 -0.479665 -0.071677
1.008301 0.267944 -0.093018 0.441690 -0.633224 -0.112737
0.994141 0.279297 -0.122192 0.401105 -0.802210 -0.150711
0.963745 0.266846 -0.116577 0.369776 -0.825944 -0.134572
0.950195 0.268066 -0.147949 0.429823 -0.881957 -0.104192
0.932129 0.282471 -0.210938 0.469222 -1.022699 -0.072389
0.951538 0.299194 -0.242065 0.454269 -0.899757 0.021361
0.941528 0.264404 -0.220703 0.475867 -0.711784 0.107278
0.953735 0.277344 -0.269165 0.544221 -0.595012 0.184888
0.954712 0.280151 -0.331909 0.503399 -0.808144 0.159730
0.939331 0.262451 -0.332764 0.339871 -0.891925 0.164714
0.980591 0.214111 -0.278076 0.261312 -0.743112 0.300235
1.025269 0.229126 -0.306152 0.317324 -0.569617 0.428874
1.047852 0.233521 -0.324829 0.306406 -0.314001 0.518826
1.080811 0.228516 -0.343140 0.255378 -0.406801 0.410361
1.090332 0.208374 -0.398682 0.242562 -0.841134 0.110838
1.004639 0.196533 -0.441772 0.222625 -0.822621 -0.045569
0.937744 0.186646 -0.442627 0.208622 -0.455456 -0.057199
0.886597 0.173096 -0.447144 0.199366 -0.478715 -0.078797
0.874146 0.181274 -0.474121 0.189635 -0.449997 -0.084256
0.858276 0.190552 -0.502197 0.141692 -0.523335 -0.153084
0.821045 0.191040 -0.532715 0.069778 -0.646752 -0.220726
0.783447 0.181885 -0.496582 -0.005696 -0.445962 -0.157357
0.805908 0.180054 -0.492798 -0.013054 -0.256565 -0.035364
0.831177 0.199219 -0.504150 0.017801 -0.128164 -0.020886
0.817017 0.228271 -0.562744 0.012816 -0.199366 -0.069541
0.798828 0.216919 -0.570557 -0.098496 -0.222151 -0.086155
0.783325 0.207520 -0.528564 -0.210758 -0.175394 -0.080221
0.776855 0.175049 -0.472290 -0.241612 -0.103243 -0.047468
0.792114 0.180786 -0.475464 -0.154746 -0.041535 0.015190
0.835571 0.183472 -0.475830 -0.139793 -0.029193 0.018987
