1.213501 0.513672 -0.702759 0.086867 -0.599522 -0.753081
1.131836 0.410156 -0.896362 -0.142642 -0.254191 -0.758777
1.028809 0.407593 -0.891602 -0.639869 0.268432 -0.698018
0.896606 0.372314 -0.780273 -1.117873 0.382355 -0.739790
0.717285 0.334717 -0.658691 -1.408140 0.213132 -0.742400
0.529419 0.328735 -0.569458 -1.507586 -0.146439 -0.695644
0.392334 0.330200 -0.509766 -1.553630 -0.462814 -0.557038
0.294189 0.332886 -0.415039 -1.649278 -0.789631 -0.366691
0.203613 0.300171 -0.301025 -1.770558 -0.790818 -0.062420
0.201660 0.237793 -0.170044 -1.850542 -0.611863 0.442877
0.227783 0.180908 -0.054688 -1.811381 -0.592639 0.892874
0.269165 0.157959 0.025879 -1.645955 -0.576500 1.237967
0.311157 0.112427 0.103516 -1.503788 -0.619695 1.546984
0.422974 0.054199 0.194946 -1.380608 -0.795565 1.900858
0.584961 -0.011597 0.285278 -1.216844 -0.851814 2.180208
0.737549 -0.088867 0.369751 -0.976418 -0.720090 2.442944
0.843506 -0.134399 0.445801 -0.603556 -0.586943 2.673638
1.013306 -0.173462 0.443970 -0.173970 -0.601183 2.824824
1.205933 -0.203125 0.454712 0.174920 -0.486073 2.859238
1.408691 -0.268799 0.436890 0.472782 -0.446912 2.711613
1.619873 -0.287720 0.432251 0.829979 -0.648888 2.290571
1.642822 -0.310913 0.360840 1.247935 -1.310830 1.377048
1.443481 -0.321777 0.208130 1.669689 -1.618898 0.666452
1.314697 -0.305786 0.038208 2.106158 -1.562411 0.596673
1.346191 -0.209839 -0.235229 2.534320 -1.348330 0.748571
1.426758 -0.145996 -0.494385 2.726328 -1.152524 0.662179
1.457275 -0.167480 -0.639893 2.613117 -0.987810 0.260600
1.427979 -0.221191 -0.798340 2.510111 -1.096749 -0.082357
1.439941 -0.307007 -0.964600 2.414937 -0.957193 -0.116771
1.548340 -0.270020 -1.124268 2.387881 -0.133148 -0.011392
1.623535 -0.245483 -1.197510 2.267549 0.266058 -0.203163
1.730957 -0.194702 -1.347290 1.811144 0.127214 -0.664553
1.665161 -0.191895 -1.356812 1.305609 -0.428637 -1.245324
1.578979 -0.231934 -1.345459 0.801023 -0.508620 -1.648566
1.509399 -0.363892 -1.321411 0.480614 0.391611 -1.750147
1.320557 -0.356201 -1.232422 0.355061 0.659569 -1.775543
1.260254 -0.298706 -1.249390 0.107040 0.959567 -1.893738
1.184937 -0.334839 -1.132446 -0.143116 0.436231 -2.095952
1.031982 -0.340820 -1.051147 -0.468272 0.198654 -2.302201
0.811646 -0.348755 -0.953613 -0.634648 -0.010443 -2.366520
0.740234 -0.265869 -0.945679 -0.853476 0.542085 -2.322849
0.513428 -0.227783 -0.851440 -1.117873 0.529743 -2.310033
0.420166 -0.122192 -0.761719 -1.357824 0.663603 -2.042313
0.277710 -0.117188 -0.596558 -1.560512 0.555851 -1.640259
0.300903 -0.009277 -0.424194 -1.762489 0.369539 -1.364232
0.288330 -0.025391 -0.290405 -1.725464 0.505535 -1.082984
0.298462 0.021240 -0.227905 -1.621984 0.468747 -0.762812
0.323120 0.112915 -0.195679 -1.644768 0.272941 -0.636784
0.356079 0.137207 -0.121826 -1.817315 -0.037500 -0.453083
0.441528 0.124512 0.015747 -1.813754 0.119382 -0.134097
0.510864 0.170044 0.163452 -1.622221 0.487734 0.153084
0.569336 0.219238 0.253052 -1.440893 0.539474 0.411785
0.658447 0.224365 0.292725 -1.138047 0.530218 0.604506
0.794678 0.284302 0.270630 -0.890501 0.534965 0.634173
0.885498 0.314453 0.270996 -0.745248 0.541611 0.571753
0.921143 0.331421 0.278320 -0.581009 0.535914 0.484886
0.915161 0.368774 0.269165 -0.491057 0.431010 0.358621
0.887817 0.386230 0.241699 -0.392323 0.313764 0.314001
0.927124 0.401001 0.212769 -0.304982 0.226185 0.336074
1.010498 0.370483 0.198975 -0.231644 0.202926 0.327055
1.050293 0.355957 0.211792 -0.119620 0.215980 0.292641
1.073853 0.314453 0.142700 0.064319 0.260600 0.337023
1.142578 0.316650 0.018311 0.155221 0.397070 0.390899
1.199219 0.350098 -0.037964 0.053402 0.476342 0.224287
1.181152 0.349487 -0.061157 -0.054351 0.336311 0.023971
1.119873 0.361206 -0.082031 -0.135759 0.132673 -0.088528
1.105469 0.367920 -0.072876 -0.274603 0.233543 -0.092563
1.094238 0.336548 -0.014771 -0.341295 0.524522 -0.080696
1.075684 0.313599 0.024170 -0.237103 0.758302 -0.073101
1.027954 0.331909 0.021973 -0.184413 0.715818 -0.068354
1.035156 0.338013 0.026123 -0.230220 0.723888 -0.048892
1.028809 0.333862 0.040039 -0.262261 0.634173 -0.080933
1.021729 0.347412 0.068359 -0.284096 0.363368 -0.142404
1.025635 0.391235 0.087402 -0.301422 0.337261 -0.157831
1.009888 0.389771 0.115234 -0.280536 0.269619 -0.131961
1.040527 0.384521 0.091797 -0.215268 0.144066 -0.130062
1.011841 0.369263 0.081543 -0.197230 0.075949 -0.141692
1.019531 0.393921 0.108154 -0.178955 0.230695 -0.062183
1.026611 0.390259 0.109863 -0.184413 0.193907 -0.080458
0.990234 0.356567 0.094849 -0.207435 0.211470 -0.079746
0.994385 0.313599 0.128906 -0.289080 0.300473 -0.022073
1.021240 0.318604 0.155151 -0.285283 0.188923 -0.063607
1.016602 0.294556 0.171265 -0.270805 0.110363 -0.132673
1.007690 0.289307 0.169067 -0.218116 0.196755 -0.140743
1.004761 0.301025 0.160645 -0.164952 0.292403 -0.144066
0.985229 0.318359 0.162598 -0.117483 0.381168 -0.142404
0.932373 0.356445 0.157349 -0.085917 0.386153 -0.127926
0.937866 0.373779 0.156860 -0.150711 0.303796 -0.088291
0.969116 0.354980 0.162720 -0.224524 0.194856 -0.105379
0.987793 0.347290 0.174683 -0.242799 0.139556 -0.132199
0.955444 0.333862 0.191772 -0.222625 0.158069 -0.154509
0.957275 0.338623 0.175171 -0.170648 0.410836 -0.172072
0.967407 0.339233 0.183838 -0.175869 0.473731 -0.069778
0.959839 0.357056 0.193115 -0.136945 0.436706 -0.124129
0.935181 0.385498 0.214600 -0.139319 0.321596 -0.136708
0.927246 0.389526 0.230591 -0.157119 0.286470 -0.076661
0.974121 0.392090 0.240112 -0.129113 0.231881 -0.026582
0.977905 0.402344 0.248047 -0.091613 0.149287 -0.042484
0.981934 0.411377 0.237915 -0.051978 -0.059098 -0.074288
0.974365 0.408203 0.205078 -0.026345 -0.189872 -0.077136
0.985718 0.411377 0.177612 -0.041772 -0.152372 -0.006408
0.990723 0.376343 0.197021 -0.106566 -0.058623 0.033940
1.007080 0.360962 0.226196 -0.135047 -0.037737 0.022785
0.999634 0.332275 0.234863 -0.115347 -0.035126 -0.016376
0.983276 0.329102 0.242554 -0.096835 0.035601 -0.012579
1.002197 0.337891 0.244873 -0.107752 0.107990 -0.001899
0.987793 0.359009 0.284424 -0.103955 -0.047231 -0.041772
0.981323 0.345337 0.295166 -0.095885 0.082832 -0.063845
0.959106 0.354980 0.312744 -0.025158 -0.066930 -0.082357
0.964478 0.355713 0.272949 0.060759 -0.158781 -0.096360
0.937622 0.370605 0.246948 0.086867 -0.055538 -0.083306
0.913696 0.393188 0.255981 0.059098 0.044383 -0.036550
0.932129 0.392456 0.274048 0.042721 0.072626 0.005221
0.935669 0.397339 0.268799 0.056487 0.003323 0.016376
0.957764 0.396362 0.253052 0.065981 0.054351 0.079272
0.991089 0.388428 0.259277 0.060522 0.127452 0.111313
1.019653 0.384521 0.248047 0.087341 0.103718 0.099920
1.028687 0.388184 0.231445 0.113211 0.058623 0.043196
1.010742 0.396362 0.209595 0.108702 -0.057674 -0.010206
1.010986 0.399292 0.215698 0.101582 -0.045332 -0.022547
1.011475 0.399414 0.184448 0.102768 0.090664 -0.032516
1.011597 0.384888 0.168213 0.087579 0.055775 -0.036550
1.025879 0.387939 0.142334 0.051978 0.067405 -0.054351
0.995361 0.389648 0.182007 -0.009494 0.097310 -0.090901
0.975586 0.395020 0.171997 -0.015190 -0.049129 -0.121281
0.940430 0.391724 0.176270 -0.046993 -0.034652 -0.118433
0.953491 0.401245 0.187500 -0.092325 0.051266 -0.075712
0.940918 0.388062 0.214600 -0.133623 0.076186 -0.057436
0.941650 0.380249 0.237793 -0.141455 0.048892 -0.050316
0.946167 0.371826 0.251831 -0.126502 -0.016851 -0.045569
0.946533 0.371094 0.258179 -0.103718 0.003085 -0.028481
0.948975 0.378174 0.258667 -0.062895 -0.013766 -0.009256
0.949219 0.386719 0.245850 -0.050079 -0.039873 0.003560
0.958130 0.383911 0.259399 -0.059810 -0.015190 0.020174
0.963379 0.350342 0.244141 -0.028243 -0.058860 0.011630
0.958130 0.398315 0.238647 0.039398 -0.034177 0.009968
0.960449 0.394531 0.207886 0.032278 -0.025158 0.039636
0.990845 0.400879 0.209106 -0.001424 -0.054826 0.044620
1.018677 0.386230 0.220215 -0.042009 -0.086867 0.021598
1.016235 0.385010 0.232056 -0.034177 -0.087104 -0.018987
0.994019 0.380249 0.224365 -0.014003 -0.051740 -0.035126
0.981323 0.380005 0.230103 -0.011630 -0.005221 -0.032990
0.963745 0.376953 0.236206 0.007120 -0.014240 -0.042484
0.934204 0.372192 0.230713 0.023259 0.005696 -0.024209
0.935059 0.373413 0.250732 0.038686 0.008544 -0.016139
0.923950 0.381104 0.266846 0.059810 -0.033940 -0.025158
0.923096 0.335327 0.290527 0.085680 -0.023022 0.004272
0.962402 0.359497 0.328857 0.170410 0.059335 0.001187
0.961304 0.359985 0.322144 0.288368 -0.105854 -0.050079
0.958130 0.361938 0.295166 0.385678 -0.188686 -0.085205
