0.766479 0.133545 0.567383 0.848966 -2.041838 -2.155287
0.733887 0.097168 0.599976 1.056402 -2.208689 -2.074591
0.606567 0.124512 0.484863 1.299201 -2.086696 -1.826334
0.492310 0.072754 0.354492 1.346669 -0.908776 -1.233220
0.355957 0.116699 0.463623 1.512570 -0.319935 -0.683303
0.418457 0.137939 0.315186 1.951649 -0.772068 -0.366216
0.368530 0.101196 0.187988 2.234321 -1.022225 -0.285995
0.253784 0.058228 0.116943 2.491361 -1.014867 -0.198179
0.198486 0.003784 0.003296 2.729413 -1.045721 0.074762
0.183960 -0.025757 -0.120239 2.946105 -0.993269 0.450472
0.262573 -0.018311 -0.226807 3.131705 -0.991133 0.881244
0.453003 -0.037476 -0.356812 3.360501 -1.080136 1.180056
0.799927 -0.139282 -0.622803 3.535183 -1.202366 1.520402
1.227539 -0.141235 -0.932739 3.487478 -0.911861 1.678708
1.492920 -0.064819 -1.136719 3.230201 -0.618034 1.273805
1.609497 -0.043457 -1.309204 2.816992 -0.687812 0.720565
1.706543 -0.043579 -1.403687 2.330919 -0.517639 0.220252
1.763428 -0.001831 -1.528931 1.915336 -0.366928 -0.246597
1.734619 0.054810 -1.522949 1.376099 -0.015664 -0.756641
1.557007 0.034668 -1.422974 0.886229 0.428637 -1.204977
1.255981 0.010254 -1.392334 0.628714 0.724363 -1.488124
0.984131 0.060913 -1.402100 0.392798 0.939630 -1.520639
0.884766 0.106323 -1.367920 0.112262 1.246986 -1.341685
0.850220 -0.042236 -1.469604 -0.534490 0.584332 -1.242239
0.824585 -0.025391 -1.192383 -1.437333 1.046433 -1.133062
0.814209 -0.058105 -0.990112 -1.828232 1.482665 -1.105294
0.702637 -0.073120 -0.854370 -2.139385 1.386305 -1.232508
0.658203 -0.110474 -0.737915 -2.460032 1.332666 -1.178632
0.663452 -0.110840 -0.607788 -2.773796 1.252445 -1.082272
0.613525 -0.097168 -0.460815 -2.990250 1.233457 -1.108379
0.607178 -0.070190 -0.410400 -3.117465 1.100784 -1.026259
0.560425 -0.034302 -0.276489 -3.378302 1.144217 -0.931798
0.549927 0.011719 -0.164063 -3.596417 1.111702 -0.767796
0.472778 0.055420 0.021484 -3.817144 1.488124 -0.640819
0.433228 0.107422 0.219360 -3.941273 1.550069 -0.447624
0.393677 0.154419 0.375732 -3.835894 1.455845 -0.273179
0.392212 0.182617 0.474609 -3.645072 1.059724 0.020649
0.505737 0.427734 0.664185 -3.374504 0.991370 0.427925
0.722046 0.331299 0.948242 -3.001405 0.797938 0.897858
0.914795 0.266602 0.844971 -2.298878 -0.133385 0.868428
0.898682 0.226807 0.839233 -1.717394 -0.304508 0.630613
0.834595 0.197021 0.791748 -1.243663 -0.430535 0.522386
0.830933 0.248535 0.727295 -0.794141 -0.671436 0.528794
0.932373 0.276123 0.678589 -0.560598 -0.162815 0.626816
1.038940 0.269287 0.663574 -0.334175 -0.018275 0.604268
1.034790 0.232910 0.572388 -0.105379 0.307118 0.441928
1.015991 0.212646 0.499268 0.012816 0.240900 0.464475
1.059814 0.250244 0.486694 0.100870 0.222151 0.451659
1.099731 0.271362 0.439941 0.106803 0.220014 0.301659
1.056030 0.272583 0.406372 0.025395 0.153322 0.147626
1.045288 0.295044 0.390259 -0.081645 -0.209809 0.054351
1.034302 0.247925 0.424927 -0.191296 -0.078560 0.004035
0.985107 0.242676 0.461670 -0.127452 -0.010680 -0.020411
0.969238 0.243408 0.412720 -0.058860 0.316137 -0.019225
0.932739 0.259277 0.425537 -0.009731 0.355773 -0.036313
0.953735 0.276489 0.389038 0.042247 0.126502 -0.023259
0.975830 0.262329 0.377319 0.031566 0.205062 0.002848
0.989380 0.269043 0.379150 0.018513 0.135521 -0.019462
0.978394 0.271729 0.380981 -0.010918 0.042721 -0.085443
0.930542 0.264160 0.399780 -0.015190 -0.015190 -0.080696
0.948242 0.261963 0.386353 -0.018513 0.085917 -0.001424
0.945435 0.269165 0.411011 -0.029430 0.229508 0.012342
0.944214 0.262695 0.404419 -0.026582 0.211945 0.015427
0.946289 0.259521 0.428467 -0.029430 0.228796 0.003323
0.943359 0.250854 0.440430 -0.013291 0.086392 -0.029430
0.938965 0.247437 0.437988 0.051028 -0.047943 -0.057911
0.947876 0.262939 0.421387 0.082594 -0.066693 -0.063370
0.924805 0.276978 0.398315 0.131724 -0.068829 -0.048180
0.922485 0.286377 0.388916 0.130537 -0.077136 -0.006646
0.935425 0.289551 0.374756 0.098734 -0.137657 0.014952
0.958618 0.284546 0.366577 0.074288 -0.135521 0.018987
0.981079 0.294189 0.371948 0.070015 -0.186312 -0.030854
0.986572 0.286987 0.377563 0.084730 -0.129350 -0.041060
0.978638 0.277710 0.376953 0.140268 -0.093749 -0.029905
0.987427 0.298462 0.356445 0.158781 -0.071677 -0.023022
0.989014 0.308472 0.346924 0.117009 0.008544 -0.040585
0.963867 0.302368 0.349365 0.077848 -0.032753 -0.054826
0.963257 0.299438 0.344482 0.037974 -0.070965 -0.035364
0.965088 0.291382 0.359375 0.052215 -0.032516 -0.028481
0.967407 0.290771 0.358398 0.065031 -0.002848 -0.028956
0.961060 0.293213 0.358154 0.087341 -0.034652 -0.043671
0.949219 0.306396 0.335449 0.066930 -0.067405 -0.008782
0.970947 0.314941 0.329956 0.025870 -0.030617 -0.000237
0.979492 0.308960 0.334473 -0.020174 -0.034889 -0.022547
0.976074 0.295044 0.352661 -0.022547 -0.061471 -0.035838
0.981689 0.289307 0.358765 -0.005221 0.001661 -0.027057
0.981934 0.289551 0.360840 0.026582 0.013766 -0.035364
0.968994 0.304077 0.352539 0.041060 -0.001661 -0.053639
0.952271 0.309204 0.343750 0.031804 -0.015427 -0.047943
0.954224 0.311523 0.353271 0.004272 0.009256 -0.022073
0.956543 0.309570 0.345581 0.000949 -0.013528 -0.017089
0.965088 0.304443 0.344849 -0.014003 0.005934 -0.004035
0.972656 0.307373 0.352417 -0.022785 -0.027769 -0.025633
0.971924 0.299927 0.350586 -0.025633 -0.054826 -0.039873
0.976440 0.295410 0.371582 -0.003085 -0.043671 -0.048655
0.977173 0.297363 0.359009 0.020649 -0.050553 -0.058148
0.968750 0.307251 0.344727 -0.000237 -0.032753 -0.041297
0.959473 0.307251 0.349854 -0.011630 -0.008544 -0.037025
0.962402 0.312378 0.352905 0.017563 -0.049367 -0.051266
0.950439 0.322021 0.338379 0.023497 -0.038686 -0.040348
0.956055 0.326904 0.322144 -0.004984 -0.008544 -0.015190
0.958130 0.326416 0.326904 -0.038212 -0.006646 -0.006883
0.950928 0.310181 0.333130 -0.048417 0.001424 0.016376
0.967773 0.302979 0.340210 -0.047468 -0.034177 0.012342
0.975952 0.294556 0.341187 -0.048417 -0.031566 -0.012816
0.976196 0.290039 0.341919 -0.041060 -0.010918 0.003560
0.976563 0.293701 0.341431 -0.024446 -0.007120 -0.016376
0.969482 0.303467 0.343140 -0.017089 -0.073575 -0.037262
0.959961 0.300293 0.348877 -0.015664 -0.063370 -0.037500
0.953369 0.305054 0.348389 0.002611 -0.053402 -0.005696
0.963135 0.312378 0.333862 0.014715 -0.037500 0.018987
0.973022 0.308716 0.326904 0.009256 -0.055538 0.014478
0.976685 0.315430 0.321289 0.017089 -0.051266 0.012104
0.983765 0.318115 0.313477 0.012816 -0.052690 -0.000949
0.977051 0.316528 0.302856 -0.026582 -0.040348 -0.011630
0.982544 0.303711 0.321167 -0.042721 -0.065506 -0.019937
0.984009 0.299194 0.331909 -0.021835 -0.051266 -0.026582
0.983643 0.300781 0.326416 -0.003560 -0.014478 -0.024209
0.981567 0.304321 0.323120 0.012104 -0.005221 -0.034889
0.988892 0.310669 0.322876 0.028481 -0.022073 -0.058386
0.980591 0.306152 0.312988 0.031804 -0.012104 -0.064319
0.969116 0.314331 0.303955 0.021835 0.032516 -0.058148
0.958130 0.310791 0.300049 -0.006883 0.046756 -0.054351
0.955078 0.298584 0.316284 -0.034414 0.069778 -0.047943
0.962891 0.291992 0.328613 -0.036313 0.057911 -0.032278
0.967529 0.311890 0.340942 0.001187 0.054588 -0.036313
0.971802 0.322388 0.331909 0.036076 0.030380 -0.034652
0.976318 0.327393 0.328613 0.053639 0.064794 -0.023971
0.992310 0.324707 0.311646 0.044145 0.023734 -0.013054
0.993774 0.317261 0.314697 0.023259 -0.008070 -0.039636
0.986084 0.294800 0.307861 0.004272 0.003085 -0.054351
0.981812 0.298218 0.342773 -0.001661 0.120569 -0.046756
0.983276 0.308228 0.366333 0.022310 0.071202 -0.054588
0.974121 0.319092 0.354492 0.065506 -0.029905 -0.090427
0.964844 0.280518 0.310913 0.098971 -0.064319 -0.110601
0.935303 0.359253 0.330811 0.124366 -0.056487 -0.146202
0.946045 0.314575 0.314087 0.081408 -0.176344 -0.104904
0.958130 0.320801 0.307861 0.085680 -0.168986 -0.076898
0.975830 0.323120 0.298340 0.069303 -0.155221 -0.061946
0.979248 0.329956 0.310791 0.060522 -0.148812 -0.087816
0.986816 0.347046 0.316284 0.062183 -0.103480 -0.069541
0.989380 0.350464 0.303345 0.090189 -0.033465 -0.049129
0.981445 0.346924 0.278442 0.073813 -0.001187 -0.048655
0.981201 0.342773 0.280884 0.034652 0.027057 -0.042484
0.985229 0.327515 0.292114 0.013291 0.040111 -0.039398
0.977905 0.324219 0.306152 0.016851 0.037500 -0.056962
0.958374 0.329468 0.318359 0.045095 0.056250 -0.065269
0.947632 0.355835 0.319458 0.093275 0.072389 -0.060759
0.947998 0.361816 0.291260 0.117246 0.025158 -0.051028
0.952271 0.366577 0.269653 0.107278 0.003560 -0.037737
