1.211792 0.017090 -0.126465 0.004272 -0.836862 0.485361
1.423828 0.031982 -0.169922 0.203638 -0.306169 0.377134
1.495728 0.055176 -0.189453 0.457829 0.089477 0.405852
1.794922 0.149780 -0.215454 0.743350 -0.230220 0.029193
1.928467 0.141357 -0.395508 0.750945 0.073813 -0.327767
1.983643 0.172852 -0.451538 0.606879 0.449997 -0.726736
1.994141 0.174805 -0.446533 0.394460 0.411785 -1.298963
1.852539 0.141602 -0.398315 0.200790 0.183464 -1.908928
1.607910 0.114380 -0.366821 0.018275 -0.081408 -2.284638
1.435913 0.113403 -0.321411 -0.140031 -0.331802 -2.540965
1.281616 0.077515 -0.286987 -0.194619 -0.410361 -2.711138
1.050781 0.057373 -0.347168 -0.229508 -0.297862 -2.573481
0.904907 0.082642 -0.414185 -0.414633 -0.008070 -2.361773
0.775269 0.148193 -0.567993 -0.757828 0.031804 -2.303387
0.600464 0.155884 -0.576538 -1.240103 -0.085917 -2.381710
0.424438 0.128906 -0.472778 -1.619847 -0.481089 -2.405206
0.209961 0.099976 -0.323486 -1.898485 -0.839710 -2.061063
0.153442 0.047852 -0.180664 -1.896349 -0.648651 -1.484801
0.018799 -0.002441 -0.161133 -1.701730 -0.431722 -0.885754
0.041260 0.099487 -0.160889 -1.512570 -0.603556 -0.539237
0.064819 0.189819 -0.192261 -1.638360 -0.465899 -0.234967
0.056885 0.207886 -0.121338 -1.894688 -0.505772 -0.025633
0.051025 0.194458 -0.009521 -2.130841 -0.933934 0.239476
0.168945 0.234131 0.177002 -2.254970 -1.013443 0.686625
0.350952 0.279907 0.359253 -2.231236 -0.898808 1.022937
0.549561 0.268311 0.587036 -2.211062 -0.423890 1.370403
0.669189 0.177246 0.877319 -1.810194 -0.001187 1.678708
0.836548 0.107422 1.083862 -1.161781 0.278875 2.068183
1.121582 0.038818 1.305664 -0.097547 0.053402 1.841761
1.211914 0.065552 1.268188 0.901418 -0.015427 1.663043
1.340088 0.110596 1.090942 1.712885 0.262024 1.592791
1.468994 0.139282 0.866699 2.335191 0.518826 1.381795
1.557739 0.189697 0.565918 2.791122 0.572702 1.035753
1.529053 0.250977 0.206177 3.044364 0.607354 0.762574
1.519287 0.340942 -0.148438 2.923795 0.745248 0.546832
1.489380 0.426514 -0.422119 2.739856 0.755217 0.367165
1.375854 0.431152 -0.586060 2.129180 0.071439 -0.157357
1.229980 0.405396 -0.725952 1.882108 -0.255853 -0.361232
1.144775 0.528198 -0.887573 1.708138 -0.392323 -0.392561
0.987061 0.381592 -0.902466 1.152524 0.193432 -0.352688
0.837280 0.329224 -0.889160 0.814077 0.521911 -0.218116
0.732788 0.342163 -0.914307 0.512655 0.216929 -0.197942
0.636719 0.335693 -0.890259 -0.161391 -0.004272 -0.080458
0.527466 0.287964 -0.834839 -0.381406 -0.161154 0.019937
0.463623 0.244385 -0.710327 -0.718904 -0.328716 0.268669
0.425293 0.168213 -0.586182 -1.049281 -0.495567 0.562734
0.422852 0.133179 -0.464600 -1.267872 -0.624917 0.979503
0.492554 0.126221 -0.387817 -1.350941 -0.665502 1.384643
0.578735 0.110229 -0.296997 -1.476019 -0.321596 1.830131
0.744995 0.072510 -0.254517 -1.623882 -0.316137 2.184717
1.085693 0.013184 -0.181519 -1.847457 -0.342719 2.474035
1.456299 -0.078979 0.007324 -2.072218 -0.084493 2.486851
1.573975 -0.156738 0.240356 -2.082898 -0.006408 2.106870
1.603394 -0.188110 0.260864 -1.813992 -1.033380 1.494532
1.613525 -0.218140 0.376831 -1.649040 -0.214556 1.152524
1.576050 -0.233154 0.516479 -1.305846 0.121756 0.892162
1.535767 -0.156494 0.520630 -0.672622 0.028006 0.670724
1.481079 -0.078735 0.410156 -0.112262 -0.025158 0.480377
1.296387 0.015137 0.333374 0.311865 0.129588 0.175632
1.266479 0.049683 0.132446 0.524997 -0.238764 0.000712
1.290161 0.065308 0.014526 0.570803 0.050553 -0.115585
1.237549 0.080566 -0.086792 0.498177 -0.294777 -0.253005
1.179932 0.081665 -0.133057 0.297387 -0.247783 -0.306881
1.147339 0.060669 -0.117676 0.076661 -0.070490 -0.328242
1.108643 0.057129 -0.137207 -0.023971 -0.281486 -0.304033
1.059204 -0.006104 -0.131714 -0.080933 -0.186075 -0.239951
1.089111 -0.032104 -0.118530 -0.125790 0.248258 -0.136233
1.041016 -0.028687 -0.070679 -0.120806 0.271755 -0.204113
0.979370 -0.029785 -0.044434 -0.025395 0.020649 -0.290267
0.925537 0.006836 -0.050415 0.078560 -0.217641 -0.354112
0.905396 0.013550 -0.068237 0.137657 -0.308305 -0.332988
0.919312 0.036987 -0.078979 0.212657 -0.286470 -0.238527
0.980835 0.040161 -0.093018 0.302372 -0.204587 -0.107040
1.028198 0.053223 -0.141602 0.377846 -0.033465 0.012816
1.060181 0.075684 -0.183472 0.353162 0.142167 0.059098
1.070068 0.073975 -0.195679 0.252293 0.116059 0.015427
1.053833 0.054565 -0.169189 0.149999 0.109889 -0.044857
1.067871 0.043701 -0.154419 0.084018 -0.042009 -0.043196
1.067627 0.030151 -0.140625 0.063845 0.055538 -0.054826
1.075439 0.019165 -0.131714 0.101582 0.065981 -0.059335
1.070557 0.014160 -0.140869 0.159967 0.151186 -0.078085
1.056396 0.034180 -0.147461 0.193907 0.162341 -0.094936
1.048706 0.041626 -0.161377 0.183939 0.079034 -0.136945
1.024292 0.039307 -0.151489 0.136471 0.020649 -0.160205
1.022461 0.042847 -0.170288 0.117958 -0.045095 -0.135759
1.031128 0.049805 -0.165039 0.088528 -0.018513 -0.112737
1.028931 0.040771 -0.171265 0.055538 -0.048417 -0.095648
1.010986 0.039917 -0.158691 0.025395 -0.013766 -0.094461
1.010498 0.046997 -0.148804 0.003797 -0.023022 -0.073575
1.018555 0.046631 -0.143188 -0.006171 -0.044145 -0.064794
1.017334 0.043335 -0.136475 0.009494 -0.035838 -0.066455
1.026733 0.047363 -0.139648 0.021123 -0.019937 -0.050316
1.042725 0.044556 -0.141846 0.027057 -0.029430 -0.035601
1.064697 0.045898 -0.144043 0.038449 0.015427 -0.033702
1.059448 0.043213 -0.140503 0.028481 0.055063 -0.045569
1.062500 0.045044 -0.131226 0.009494 0.056250 -0.043908
1.072876 0.051025 -0.125977 0.027057 0.021835 -0.047943
1.066406 0.059082 -0.140503 0.052215 0.084018 -0.038924
1.058594 0.072388 -0.140991 0.042484 0.140268 -0.022310
1.058472 0.071533 -0.134888 0.026107 0.141692 -0.025633
1.056519 0.063843 -0.142212 0.008307 0.107040 -0.043908
1.061035 0.058838 -0.137451 0.001899 0.062183 -0.068354
1.068237 0.051270 -0.138062 -0.003797 0.020886 -0.079746
1.064575 0.055420 -0.142944 0.017089 0.024446 -0.092088
1.043579 0.065796 -0.149658 0.009256 0.047468 -0.112737
1.030029 0.067261 -0.149658 -0.026582 0.047943 -0.100158
1.036865 0.073853 -0.140869 -0.062658 0.013291 -0.092325
1.037354 0.066528 -0.115601 -0.087579 0.009019 -0.109889
1.029785 0.058228 -0.110718 -0.093987 -0.033702 -0.122468
1.035034 0.062622 -0.109985 -0.080458 -0.022310 -0.123417
1.030396 0.060181 -0.091919 -0.068354 0.016139 -0.133860
1.022339 0.058594 -0.095459 -0.033702 0.039636 -0.123417
1.024292 0.068481 -0.101807 -0.008070 0.088765 -0.096360
1.024414 0.077637 -0.100586 0.000237 0.127689 -0.078797
1.013672 0.082642 -0.104980 0.000237 0.093037 -0.082594
1.018677 0.086548 -0.110840 -0.007832 0.032516 -0.068354
1.026245 0.092896 -0.116089 -0.013291 0.065506 -0.039636
1.034790 0.088501 -0.120850 -0.039873 0.065743 0.004272
1.059814 0.072632 -0.105347 -0.069303 0.109177 0.036550
1.084961 0.070313 -0.095703 -0.079509 0.089952 0.037737
1.084106 0.063599 -0.087158 -0.059335 0.075474 -0.006883
1.072632 0.068359 -0.081055 -0.027294 0.056250 -0.031566
1.057617 0.067871 -0.083984 -0.003085 0.045095 -0.041535
1.044922 0.073853 -0.092529 0.013528 0.078322 -0.025158
1.039185 0.080078 -0.086182 0.029905 0.075237 -0.025158
1.028687 0.074707 -0.105957 0.044383 0.062658 -0.014715
1.050049 0.076904 -0.116211 0.040585 0.157831 0.041297
1.072266 0.091431 -0.101440 0.032990 0.212420 0.014478
1.024780 0.087769 -0.095703 0.029905 0.132436 -0.048417
1.003052 0.089111 -0.100098 0.008070 0.153559 -0.011155
1.005859 0.073608 -0.082642 -0.026582 0.173258 0.037025
1.015015 0.069214 -0.075073 -0.029668 0.233543 0.079746
1.008179 0.072388 -0.051147 -0.037025 0.235916 0.079509
1.009888 0.072876 -0.039307 -0.031566 0.122942 0.061946
1.019043 0.067993 -0.031982 0.000237 0.036076 0.036550
1.035034 0.055664 -0.037842 0.020886 0.004035 0.050791
1.051392 0.053833 -0.037720 0.039398 0.062658 0.075949
1.067993 0.044800 -0.054077 0.058860 0.015902 0.091613
1.106323 0.030640 -0.067139 0.040823 -0.046281 0.100395
1.142212 0.021729 -0.054688 0.021123 -0.064319 0.069066
1.153564 0.008179 -0.062988 0.026582 -0.099683 0.026345
1.146729 0.011719 -0.058960 0.055300 -0.033465 -0.022310
1.129883 0.020386 -0.059326 0.075949 -0.006646 -0.048180
1.134521 0.023438 -0.063843 0.102768 0.011155 -0.078322
1.116211 0.039063 -0.063965 0.129113 0.012816 -0.154983
1.073486 0.046021 -0.076904 0.135521 -0.007358 -0.191771
1.048828 0.064453 -0.091553 0.131724 -0.014952 -0.182752
1.045166 0.071533 -0.099854 0.101582 -0.009019 -0.177768
1.040894 0.071167 -0.094238 0.040348 -0.011155 -0.175632
1.021729 0.075806 -0.074829 0.010443 -0.023497 -0.209571
