0.634888 0.355957 0.180786 0.118907 -0.696119 -0.093037
0.658447 0.394653 0.062012 0.323495 -0.539237 0.060047
0.498657 0.365356 -0.056152 0.196992 -0.272467 0.359096
0.556274 0.284546 0.068970 -0.006171 -0.166850 0.236391
0.378906 0.245850 0.045410 -0.052690 -0.381406 0.292166
0.247192 0.109497 0.120605 -0.172072 -0.394697 0.578398
0.328003 0.049316 0.198853 -0.075000 -0.159967 1.093427
0.522949 0.078979 0.150757 0.215980 -0.140505 1.470086
0.649536 0.105103 0.088257 0.400156 -0.164714 1.617711
0.712524 0.159668 0.012817 0.407751 -0.168986 1.711936
0.716187 0.161011 0.029297 0.201739 -0.240188 1.723565
0.807007 0.008545 0.074707 0.112974 -0.454269 1.921744
1.069702 -0.051758 0.058960 0.262498 -0.200553 2.340413
1.250366 0.068848 -0.034790 0.474681 0.135047 2.378387
1.375000 0.088257 -0.089233 0.394934 0.008544 2.180208
1.598999 0.100342 -0.099854 0.248970 -0.196280 2.042076
1.756714 0.089111 -0.012207 0.114873 0.150236 1.737094
1.823853 0.042603 -0.053101 0.225473 -0.281960 1.499991
1.987305 0.019409 -0.153687 0.184176 -0.490582 1.312017
2.203979 -0.156250 -0.261230 0.319935 -2.302675 0.768983
2.489990 0.003906 -0.438599 -0.100158 0.080221 0.386627
2.195923 0.092651 -0.177856 -0.144778 1.158695 -0.072389
2.131226 0.064819 -0.348999 0.104904 0.088765 -0.796514
1.947876 0.044678 -0.345825 -0.135521 -0.082594 -1.290419
1.821533 -0.005371 -0.300781 -0.361944 -0.065031 -1.705053
1.590088 -0.017090 -0.157349 -0.490820 0.179192 -1.910352
1.437500 -0.054565 -0.222412 -0.460678 -0.002373 -2.120873
1.376099 0.020508 -0.304810 -0.536152 0.484174 -2.231948
1.161255 0.031250 -0.270386 -0.679743 0.426500 -2.313593
0.983643 0.120239 -0.261597 -0.866767 0.335124 -2.387881
0.776855 0.117065 -0.162964 -1.165578 0.400630 -2.404969
0.608765 0.116577 -0.062866 -1.271195 0.415820 -2.344685
0.454224 0.142090 -0.027466 -1.236780 0.497940 -2.150778
0.327881 0.171265 -0.002197 -1.197382 -0.035838 -1.905843
0.328125 0.192261 -0.015991 -1.305846 -0.014715 -1.515180
0.264648 0.196899 0.035034 -1.438282 -0.001899 -1.239866
0.183960 0.178955 0.116455 -1.524199 -0.066455 -0.983063
0.195923 0.104492 0.234009 -1.417159 0.068829 -0.625629
0.248413 0.189941 0.227905 -1.063047 0.024683 -0.301659
0.261475 0.177979 0.230469 -0.960279 -0.141929 -0.077136
0.323608 0.241699 0.233887 -0.888127 -0.194382 0.232119
0.375122 0.238281 0.238892 -0.846830 -0.464475 0.453795
0.451538 0.224121 0.228027 -0.747147 -0.736467 0.600234
0.528076 0.180420 0.243042 -0.694695 -0.772305 0.848966
0.686401 0.193970 0.237183 -0.541136 -0.803634 1.170800
0.840820 0.206055 0.199097 -0.367640 -0.678081 1.427839
0.913208 0.209595 0.140503 -0.244223 -0.660043 1.433535
1.002319 0.226929 0.153809 -0.296201 -0.667401 1.365181
1.049561 0.180908 0.259277 -0.432671 -0.488921 1.345482
1.156372 0.176514 0.221436 -0.213132 -0.624917 1.440655
1.325806 0.209473 0.149658 -0.058386 -0.193907 1.646904
1.381226 0.231079 0.145752 -0.133623 0.511468 1.687489
1.332642 0.229492 0.151978 -0.208147 0.428637 1.444690
1.398926 0.237671 0.141113 -0.188448 -0.064794 1.160357
1.423706 0.238770 0.111694 -0.136233 -0.237340 0.859884
1.375244 0.226074 0.062744 -0.183227 -0.304508 0.635597
1.312500 0.194702 0.092529 -0.330615 0.144303 0.637021
1.278320 0.171387 0.165894 -0.420567 0.389001 0.679743
1.270996 0.128052 0.151489 -0.365029 0.103955 0.577686
1.275391 0.128052 0.145630 -0.298574 0.070015 0.476342
1.274414 0.131592 0.146118 -0.237578 0.210996 0.406801
1.245117 0.127930 0.137817 -0.189398 0.270093 0.311628
1.209595 0.110840 0.117920 -0.150711 0.203638 0.201502
1.170654 0.103271 0.105957 -0.168037 0.165426 0.148100
1.174683 0.095703 0.115112 -0.207673 0.160442 0.126265
1.162354 0.093994 0.140137 -0.220489 0.127689 0.071677
1.124268 0.080811 0.145264 -0.179904 0.024446 0.021598
1.120117 0.075562 0.149902 -0.129350 -0.046519 0.004035
1.119873 0.082520 0.157471 -0.095885 -0.042484 -0.003560
1.115967 0.081421 0.154785 -0.026345 -0.087579 -0.038212
1.115356 0.062256 0.142334 -0.018275 -0.034889 -0.049604
1.114990 0.047607 0.143921 -0.042959 0.064319 -0.029193
1.131104 0.047729 0.159058 -0.041535 0.067167 -0.042721
1.130981 0.036011 0.162109 -0.021598 -0.000237 -0.090901
1.132813 0.045898 0.167847 0.041535 -0.000949 -0.151186
1.111206 0.041992 0.145996 0.133385 -0.104430 -0.220726
1.087036 0.066162 0.107910 0.136945 -0.100395 -0.252530
1.060303 0.071167 0.076782 0.060522 -0.095411 -0.225711
1.056396 0.065918 0.076904 0.009256 -0.050791 -0.182989
1.048340 0.070068 0.085449 -0.011630 0.042009 -0.153797
1.019287 0.078369 0.096558 -0.026819 0.135759 -0.118907
0.994507 0.092285 0.113647 -0.026345 0.154271 -0.059335
1.011963 0.108032 0.112305 0.003323 0.206961 -0.015902
1.019897 0.104004 0.115234 0.010918 0.259650 0.020886
0.994873 0.098145 0.096069 0.001661 0.306406 0.101819
1.022217 0.109009 0.104004 -0.062183 0.345567 0.134572
1.032959 0.104614 0.123047 -0.091613 0.252293 0.067642
1.032715 0.076416 0.149048 -0.092563 0.163290 0.002611
1.043335 0.065186 0.160156 -0.055538 0.123180 -0.015664
1.039673 0.054077 0.161011 -0.014240 0.156170 0.013766
1.027832 0.050415 0.145020 0.004984 0.203163 0.037737
1.036865 0.068237 0.142944 0.032516 0.133385 0.026819
1.038940 0.074829 0.126343 0.031092 0.095173 0.020649
1.050537 0.079590 0.114868 -0.003323 0.124129 0.028481
1.062744 0.085938 0.119385 -0.036313 0.090901 -0.004747
1.047974 0.076538 0.115479 -0.069303 0.102768 -0.004984
1.040039 0.061646 0.123169 -0.064557 0.047468 -0.010206
1.045288 0.079224 0.132202 -0.053639 0.003560 -0.023971
1.031372 0.085571 0.126099 -0.063845 -0.014003 -0.010206
1.035889 0.092651 0.135498 -0.109414 -0.002611 0.005696
1.052368 0.097656 0.147583 -0.154983 0.002611 0.010206
1.056763 0.088257 0.170044 -0.183939 -0.040348 -0.006646
1.063232 0.074219 0.187988 -0.187024 -0.085205 -0.035364
1.061035 0.058105 0.206543 -0.171360 -0.113449 -0.057199
1.068115 0.056885 0.214844 -0.114873 -0.107278 -0.055775
1.071899 0.061768 0.205933 -0.054114 -0.065743 -0.060522
1.060303 0.051025 0.182007 -0.032990 -0.005696 -0.035364
1.058594 0.055176 0.180542 -0.023734 0.042009 -0.010918
1.053223 0.057617 0.180054 -0.037737 0.011630 -0.011392
1.048828 0.049927 0.176758 -0.020174 -0.027531 -0.007832
1.057983 0.064087 0.173950 0.004509 -0.002848 -0.015902
1.037720 0.068359 0.162964 0.018038 0.030142 -0.004272
1.025635 0.074951 0.152466 0.013291 0.050079 0.013054
1.010864 0.075806 0.156494 -0.006646 0.074762 0.033702
1.021118 0.072998 0.165283 -0.010443 0.018275 0.052452
1.042725 0.063965 0.156006 -0.009494 -0.033465 0.068829
1.056763 0.065918 0.148193 -0.004035 0.055300 0.103243
1.076050 0.053223 0.164185 -0.024921 0.150236 0.135996
1.088501 0.054810 0.163086 -0.026107 0.177768 0.132436
1.076172 0.048584 0.179810 -0.023971 0.071202 0.064557
1.062500 0.053101 0.179199 -0.018275 -0.016376 -0.007120
1.064331 0.043213 0.179810 -0.023497 -0.058623 -0.025395
1.062744 0.042358 0.202637 -0.015664 0.011630 0.009494
1.048950 0.041260 0.184814 0.018513 0.034177 0.023734
1.047852 0.049194 0.179932 0.036313 0.032516 0.029193
1.045410 0.041504 0.181519 0.034889 -0.034652 0.011630
1.056030 0.035156 0.156494 0.047231 0.043433 0.043433
1.059814 0.055542 0.155029 0.027057 0.157831 0.051978
1.032959 0.050537 0.173218 -0.010206 0.179192 0.041297
1.035278 0.047119 0.174316 -0.028481 0.236866 0.032516
1.037964 0.043945 0.194702 0.001899 0.089477 -0.003560
1.035645 0.038452 0.183838 -0.016139 0.042959 0.010680
1.060547 0.031128 0.202148 -0.004747 0.112499 0.041772
1.050415 0.041016 0.196899 0.011155 0.060996 0.052452
1.048950 0.044434 0.159058 0.014003 0.108939 0.104192
1.072021 0.062378 0.170654 -0.027769 0.254903 0.119857
1.070068 0.066528 0.185303 -0.092800 0.255853 0.061708
1.057617 -0.003418 0.186768 -0.114873 0.149999 0.013054
1.046021 0.030640 0.183716 -0.032041 0.136471 0.009019
1.079224 0.038696 0.221069 0.017326 0.253242 0.022547
1.048096 0.025635 0.159424 0.057199 0.032753 -0.065031
1.055664 0.019043 0.146851 0.013766 0.056724 -0.056012
1.089478 0.048950 0.190308 -0.102294 0.242087 -0.014478
1.080322 0.054321 0.207886 -0.138369 0.064082 -0.097310
1.094604 0.054199 0.234009 -0.142879 -0.104430 -0.252530
1.035400 0.050415 0.209839 -0.196755 -0.142879 -0.302609
1.015015 -0.001221 0.200562 -0.194382 -0.118195 -0.121044
0.973755 0.084717 0.229004 -0.196755 -0.087341 0.060047
1.021362 0.059937 0.211792 -0.353874 0.050553 -0.096597
1.055542 0.063354 0.215576 -0.580772 -0.534253 -0.079746
