1.593262 0.078247 -0.249756 0.166138 -0.558699 -0.228084
1.713013 0.120239 -0.268311 0.216692 -1.148964 -0.412735
1.784912 0.173218 -0.348633 0.210046 -1.081322 -0.660281
1.942871 0.050781 -0.354004 0.396358 -0.758065 -0.788207
2.048828 0.081909 -0.573364 0.737416 -0.832352 -1.317239
2.039063 0.012939 -0.808960 0.720565 -0.674996 -1.957583
1.885132 -0.006226 -0.909912 0.359808 -0.409887 -2.599825
1.614990 -0.019409 -0.902100 -0.211708 -0.206249 -3.148793
1.271362 -0.011841 -0.848999 -0.665977 -0.079746 -3.516196
0.863037 -0.056274 -0.793823 -0.933697 -0.080933 -3.745230
0.494019 0.010620 -0.726318 -1.189550 -0.131012 -3.584550
0.302124 0.042236 -0.655029 -1.557190 -0.085205 -3.163746
0.182373 0.085205 -0.527222 -1.990810 0.104667 -2.779729
0.064087 0.104614 -0.381592 -2.219606 -0.066218 -2.259480
0.012817 0.092285 -0.299438 -2.393577 -0.343669 -1.792156
-0.069336 0.121460 -0.226685 -2.348957 -0.450472 -1.486225
-0.192505 0.144409 -0.205200 -2.342549 -0.686388 -1.174597
-0.235229 0.155762 -0.084473 -2.500380 -0.603794 -0.562496
-0.179321 0.166748 0.055420 -2.587721 -0.547781 0.130300
-0.106689 0.178589 0.218384 -2.564224 -0.951260 0.505535
-0.008423 0.194824 0.347656 -2.379099 -1.498092 0.729109
0.103149 0.184937 0.451172 -2.133452 -1.433535 1.240815
0.217529 0.241211 0.637695 -2.006475 0.427213 1.653550
0.380249 0.253540 0.838135 -1.575702 0.041060 2.203705
0.562744 0.222656 0.851318 -1.131164 -0.708935 2.226489
0.768433 0.173950 0.859985 -0.550155 -0.583382 2.435823
1.036011 0.189819 0.851563 -0.074762 -0.607354 2.566835
1.231934 0.226196 0.869873 0.392086 -0.512418 2.491124
1.366821 0.120483 0.801147 0.918032 -0.840422 2.316916
1.585938 0.169312 0.622437 1.563835 -0.334887 1.983453
1.570923 0.198608 0.516724 2.031158 0.196992 1.585670
1.611450 0.219849 0.275635 2.476883 0.074762 1.106243
1.579712 0.219360 0.045532 2.666993 -0.321359 0.636072
1.543335 0.197388 -0.218140 2.737008 -0.577686 0.257514
1.542603 0.326050 -0.559204 2.801802 -0.660043 -0.160917
1.343750 0.331665 -0.825317 2.651803 -0.338685 -0.459728
1.203369 0.378784 -0.981201 2.290097 0.148100 -0.590503
0.978027 0.359497 -0.980835 1.787410 0.384966 -0.568193
0.856201 0.355469 -0.922852 1.427602 0.543747 -0.533778
0.789795 0.366211 -0.923218 1.114313 0.210521 -0.552766
0.727539 0.341187 -0.942383 0.799362 -0.170885 -0.538050
0.648315 0.296021 -0.908325 0.493905 -0.211945 -0.433383
0.586426 0.292969 -0.885376 0.109889 -0.066693 -0.256328
0.458496 0.224609 -0.779175 -0.407039 -0.192958 0.132673
0.447998 0.153320 -0.656738 -0.694932 -0.332988 0.569142
0.481812 0.154419 -0.576782 -0.842083 -0.538762 0.937019
0.577759 0.120850 -0.521606 -1.020563 -0.610914 1.311305
0.629395 0.075684 -0.449707 -1.195958 -0.611863 1.570243
0.675415 0.060913 -0.396729 -1.355213 -0.666926 1.817077
0.796021 0.041626 -0.328735 -1.507823 -0.678556 2.105683
0.947632 -0.003784 -0.238281 -1.658771 -0.193907 2.300777
1.170044 -0.059326 -0.167969 -1.795717 0.132199 2.540016
1.432861 -0.099121 -0.048218 -1.835590 0.507196 2.599113
1.608398 -0.133179 0.111450 -1.710274 0.525709 2.257581
1.612061 -0.124268 0.139282 -1.408615 0.191534 1.613914
1.530762 -0.122070 0.152588 -1.031481 -0.069066 1.054028
1.522095 -0.112183 0.135742 -0.690186 -0.082120 0.759726
1.491943 -0.073730 0.046997 -0.374760 0.021598 0.520250
1.347534 -0.018433 0.020874 -0.183464 0.257752 0.287419
1.241577 -0.000854 -0.024414 -0.104667 0.168037 0.109889
1.147461 -0.005249 -0.048950 -0.024209 0.093512 -0.022073
1.110840 0.004639 -0.097168 0.049604 0.008307 -0.051266
1.076904 0.001099 -0.133057 0.060996 0.074288 -0.057199
1.054810 -0.008667 -0.151001 0.028006 0.106566 -0.057199
1.052979 -0.024780 -0.156494 -0.003797 0.066455 -0.025870
1.047119 -0.039795 -0.155884 -0.003085 0.081408 -0.033940
1.047485 -0.043823 -0.174072 0.026345 0.063370 -0.025633
1.036865 -0.048340 -0.189209 0.036550 0.092563 -0.026582
1.049438 -0.047485 -0.209595 0.049367 0.132673 -0.009968
1.044189 -0.039185 -0.236450 0.060759 0.160917 -0.020886
1.043823 -0.042603 -0.234131 0.022073 0.253005 -0.014715
1.042358 -0.049683 -0.222534 -0.012816 0.210521 -0.032990
1.049561 -0.052368 -0.218506 -0.032041 0.077848 -0.058386
1.049561 -0.045898 -0.207153 -0.028481 0.060522 -0.086629
1.037109 -0.033569 -0.207031 -0.002373 0.028006 -0.107040
1.031372 -0.024536 -0.236328 0.042009 0.018275 -0.099446
1.044189 -0.013306 -0.240723 0.029430 0.086629 -0.025633
1.071777 -0.013306 -0.243042 0.005221 0.117009 -0.028481
1.073120 -0.010742 -0.225220 -0.026107 0.067879 -0.078797
1.067017 -0.006104 -0.216064 -0.012579 0.059335 -0.137895
1.020874 0.019531 -0.211548 -0.008544 0.046044 -0.187973
0.993774 0.019165 -0.215088 -0.056962 -0.021361 -0.190584
0.992676 0.005127 -0.201294 -0.122468 -0.060522 -0.156645
1.019531 -0.004883 -0.183350 -0.149287 -0.066693 -0.110363
1.036743 -0.008179 -0.179077 -0.123892 -0.041772 -0.106091
1.037231 -0.010864 -0.195679 -0.106091 -0.015190 -0.081408
1.032104 -0.017700 -0.177490 -0.120332 0.060996 -0.068829
1.021606 -0.006470 -0.167358 -0.116059 0.035364 -0.089477
1.017700 -0.010376 -0.169556 -0.103955 0.004984 -0.090901
1.016113 -0.009033 -0.170288 -0.100632 -0.000949 -0.087341
1.025757 -0.018433 -0.171997 -0.096123 -0.020649 -0.066930
1.042969 -0.018921 -0.167847 -0.094224 0.010918 -0.046993
1.043091 -0.028198 -0.166260 -0.078797 0.007120 -0.056012
1.049438 -0.026001 -0.167358 -0.058623 0.034177 -0.051978
1.054565 -0.020142 -0.161621 -0.042721 0.055538 -0.058386
1.038330 -0.005249 -0.163208 -0.018750 0.038686 -0.074050
1.029785 0.009033 -0.174316 -0.002848 0.045569 -0.088528
1.023682 0.021973 -0.173828 -0.012342 0.019699 -0.100395
1.013916 0.024902 -0.161011 -0.024446 0.009494 -0.110601
1.010010 0.024658 -0.161865 -0.018038 0.032278 -0.078322
1.029053 0.030151 -0.161499 -0.025633 0.054114 -0.031804
1.046021 0.025269 -0.156250 -0.030142 0.049604 -0.040585
1.050415 0.013916 -0.143188 -0.019937 0.023259 -0.063370
1.049927 0.000610 -0.151611 0.016376 -0.002848 -0.082120
1.055298 0.000977 -0.167236 0.051503 0.010443 -0.095885
1.046143 0.002197 -0.183960 0.074525 0.013766 -0.131487
1.025513 0.013184 -0.189575 0.083781 0.017326 -0.145727
0.994385 0.025757 -0.183594 0.078085 0.015902 -0.138844
0.986450 0.040527 -0.182129 0.062420 0.033940 -0.100870
1.014648 0.050537 -0.178955 0.038212 -0.001187 -0.070965
1.044922 0.045044 -0.172852 0.014715 -0.020886 -0.049841
1.060791 0.040894 -0.166138 0.026819 -0.004984 -0.053876
1.050415 0.039307 -0.211182 0.056487 -0.066930 -0.094936
1.044434 0.032349 -0.226685 0.029193 -0.018987 -0.094461
1.071777 0.026123 -0.223022 -0.016614 -0.024446 -0.083306
1.078003 0.005615 -0.217407 -0.060047 -0.027057 -0.100395
1.084229 0.006470 -0.205078 -0.058148 0.016139 -0.112737
1.046387 0.015869 -0.196655 -0.049604 0.008544 -0.148812
1.008911 0.030273 -0.196899 -0.021361 0.029430 -0.136471
1.013062 0.034302 -0.189575 -0.032990 0.024446 -0.120569
1.006470 0.024536 -0.167358 -0.074050 -0.001899 -0.118195
0.987915 0.015625 -0.156616 -0.056250 -0.025870 -0.098971
1.006836 0.019531 -0.167114 0.028718 -0.007832 -0.077610
1.007813 0.049683 -0.190796 0.062183 -0.027769 -0.078085
0.994263 0.066040 -0.187012 0.039636 0.001661 -0.078560
0.993286 0.067505 -0.170288 0.013054 -0.015427 -0.067879
1.000244 0.057373 -0.159058 -0.001187 -0.068591 -0.064319
1.028564 0.056519 -0.167114 0.022310 -0.058860 -0.042009
1.044312 0.058960 -0.170654 0.040823 -0.044145 -0.053639
1.035767 0.057373 -0.184326 0.051266 -0.017563 -0.065506
1.036011 0.052612 -0.194214 0.030380 -0.013528 -0.038449
1.048462 0.054199 -0.189575 -0.010680 0.000712 -0.018987
1.047363 0.044800 -0.172729 -0.022785 -0.011392 -0.034652
1.046021 0.046021 -0.194092 0.010918 -0.020886 -0.042959
1.042114 0.039673 -0.202393 0.009731 0.006408 -0.043196
1.031006 0.041748 -0.205078 0.009731 -0.004984 -0.057199
1.021118 0.036621 -0.203003 0.005459 -0.026819 -0.062895
1.015747 0.034424 -0.212524 -0.010206 0.018038 -0.039161
1.028198 0.037354 -0.211548 -0.006646 0.064557 -0.025158
1.021484 0.040405 -0.219971 -0.016851 0.014003 -0.052452
1.008179 0.038818 -0.201660 -0.032041 0.062895 -0.060522
1.008423 0.043457 -0.175903 -0.036313 0.028481 -0.062183
0.994507 0.028076 -0.194824 -0.010206 -0.061946 -0.091851
0.987305 0.041748 -0.188354 0.032516 0.140268 -0.045569
1.024292 0.066895 -0.162476 0.034177 0.181328 -0.001187
1.003662 0.058105 -0.195190 0.048417 0.071439 -0.022547
1.027710 0.046875 -0.194824 0.050791 0.207435 -0.005221
1.016968 0.060913 -0.171509 0.062183 0.170648 -0.022785
1.015747 0.068970 -0.163330 0.067879 0.086867 -0.046993
1.027832 0.068481 -0.159180 0.062183 -0.009968 -0.071439
