0.673462 0.488647 0.459961 0.094224 -0.733144 0.076424
0.667603 0.514526 0.422607 0.209571 -0.361469 0.075712
0.700317 0.522583 0.381958 0.423415 0.059572 0.176819
0.737549 0.553589 0.332764 0.681641 -0.098734 0.250157
0.699463 0.530762 0.226074 0.686388 -0.094936 0.297387
0.619873 0.515259 0.229614 0.501500 0.033228 0.393036
0.580688 0.453857 0.281372 0.262736 -0.015427 0.475393
0.530518 0.375366 0.354736 0.188448 -0.051503 0.597860
0.467285 0.286743 0.354248 0.249445 -0.113686 0.735992
0.443359 0.178711 0.330322 0.386153 -0.171597 0.982826
0.496704 0.127441 0.168091 0.688049 -0.329666 1.285435
0.593140 0.082642 -0.006592 0.844694 -0.404428 1.471985
0.593872 0.058960 -0.124634 0.840897 -0.408225 1.572379
0.725220 -0.011230 -0.301880 0.833302 -0.453557 1.903944
0.936890 -0.046265 -0.486450 0.761150 -0.430773 2.115177
1.118896 -0.042480 -0.650269 0.548256 -0.590028 2.150066
1.356323 -0.025757 -0.821411 0.224049 -0.655297 2.105683
1.543335 0.070679 -0.903076 -0.227847 -0.409175 1.761302
1.608032 0.082764 -0.913452 -0.909488 0.202926 1.501177
1.668945 0.026245 -0.689209 -1.639784 0.602844 1.345482
1.689331 0.001831 -0.543335 -2.077914 0.267720 1.094376
1.713379 0.043945 -0.321777 -2.366045 0.531642 1.021750
1.749634 0.055542 -0.122314 -2.556155 0.587655 0.988285
1.837036 0.081055 0.067871 -2.697135 0.239714 0.718666
2.044800 0.123169 0.323730 -2.915725 -0.882906 0.345093
2.222778 -0.062622 0.618164 -3.141911 0.395172 -0.065506
2.175903 -0.159058 0.889893 -2.767625 0.565819 -0.654822
1.971680 -0.153809 0.998657 -2.116363 0.598098 -1.160831
1.729858 -0.108398 1.015869 -1.428551 0.062183 -1.529895
1.593872 -0.075562 0.962036 -1.025547 0.703239 -1.978943
1.364258 0.028809 0.920166 -0.693271 0.372862 -2.375302
1.092529 0.021240 0.890015 -0.463763 0.145490 -2.639699
0.992188 0.067261 0.853882 -0.212420 0.360520 -2.600300
0.838257 0.076538 0.783813 0.045807 0.565582 -2.596265
0.584717 0.055908 0.735107 0.200553 0.561310 -2.535032
0.427612 0.080078 0.696533 0.474206 0.339159 -2.286536
0.358765 0.081055 0.700806 0.826182 0.559648 -2.021190
0.240723 0.104126 0.565674 0.997779 0.685439 -1.763201
0.130005 0.103516 0.489746 1.121433 0.516215 -1.511146
0.091309 0.113892 0.414307 1.283536 0.349602 -1.236068
0.029419 0.133301 0.296875 1.432349 0.180853 -0.907589
-0.033081 0.147095 0.141724 1.561224 -0.037500 -0.471120
0.037842 0.200928 -0.024292 1.608218 -0.187024 0.038686
0.124756 0.207886 -0.189331 1.519690 -0.279587 0.416770
0.141602 0.227051 -0.294922 1.373963 -0.422940 0.582433
0.141968 0.194702 -0.343628 1.113601 -0.596911 0.801973
0.221802 0.208496 -0.430420 1.031481 -0.609965 1.246986
0.325562 0.232422 -0.554810 0.936307 -0.620645 1.578076
0.443970 0.200684 -0.548950 0.493430 -0.560123 1.808296
0.626953 0.160400 -0.454102 0.052215 -0.569854 1.992234
0.865845 0.134644 -0.393066 -0.146202 -0.674284 2.103547
1.069336 0.091553 -0.290283 -0.233068 -0.478003 2.249986
1.272217 0.094482 -0.155640 -0.268432 0.019225 2.499668
1.447266 0.098145 -0.059204 -0.256802 0.086392 2.401172
1.657227 0.065186 -0.090820 -0.181803 -0.059335 2.150778
1.796631 0.110840 -0.082397 -0.148100 0.323732 1.795717
1.672119 0.099487 -0.016357 -0.219302 0.421516 1.421668
1.671387 0.084717 0.001587 -0.246122 0.376184 1.236068
1.609009 0.101807 0.035767 -0.214556 0.562022 1.152762
1.474976 0.132813 0.013306 -0.105854 0.505060 1.005373
1.355347 0.203247 -0.030518 -0.063845 -0.717242 0.753318
1.383911 0.102417 -0.076172 -0.359808 0.295726 0.602132
1.359985 0.094116 0.040771 -0.483225 0.566294 0.435045
1.234131 0.056519 0.080322 -0.346517 0.337023 0.297387
1.204590 0.092896 0.083862 -0.204350 0.333463 0.338922
1.220093 0.068604 0.087524 -0.130774 0.466136 0.393273
1.222900 0.053223 0.060791 -0.064557 0.433146 0.297625
1.205811 0.049072 0.063232 -0.082832 0.293590 0.186787
1.183838 0.033447 0.062622 -0.108939 0.121993 0.053639
1.141113 0.024536 0.067871 -0.143828 0.058860 -0.070253
1.099487 0.025391 0.071655 -0.141692 -0.124604 -0.104667
1.087524 -0.014771 0.074463 -0.158543 0.024209 -0.092325
1.079346 0.008179 0.072266 -0.074762 0.073575 0.014003
1.099243 0.015137 0.057861 -0.045807 0.314951 0.039161
1.086792 0.005737 0.062134 -0.065981 0.328242 -0.000712
1.091309 0.000122 0.073853 -0.107040 0.324919 -0.066455
1.069580 0.002075 0.095215 -0.133623 0.237578 -0.162103
1.043945 -0.012695 0.111206 -0.145490 0.136471 -0.170648
1.044312 -0.013672 0.148438 -0.143828 0.150711 -0.094461
1.051025 -0.009644 0.143066 -0.100395 0.084730 -0.102294
1.048950 -0.001221 0.132324 -0.060522 0.148338 -0.111550
1.036499 0.009277 0.112915 -0.028006 0.090189 -0.137895
1.028320 0.010132 0.111328 -0.036313 0.054351 -0.145015
1.058472 0.017822 0.117554 -0.085443 0.158781 -0.104667
1.073120 0.005981 0.142090 -0.123654 0.264160 -0.053164
1.052002 0.001709 0.151855 -0.070727 0.187261 -0.080933
1.075928 -0.001953 0.116821 -0.049129 0.193907 -0.051028
1.081421 -0.002075 0.147827 -0.056962 0.283384 -0.033702
1.069336 -0.002075 0.156738 -0.066693 0.242324 -0.092088
1.043701 -0.002441 0.163818 -0.065506 0.097784 -0.146202
1.045288 0.020508 0.155640 -0.053402 0.021598 -0.215030
1.024902 0.008423 0.168213 -0.082357 -0.009256 -0.231644
1.044189 0.016602 0.154419 -0.083306 0.053164 -0.178955
1.018311 0.006470 0.177368 -0.096835 0.155458 -0.099208
1.020020 0.018555 0.171021 -0.043908 0.085205 -0.064082
1.045288 0.018311 0.166138 -0.032753 0.042484 -0.051028
1.059204 0.010986 0.163086 -0.028006 0.085443 -0.056487
1.070313 0.018433 0.180176 -0.002611 0.085680 -0.065031
1.053101 0.033936 0.174316 0.032990 0.041297 -0.113211
1.026611 0.045654 0.154785 0.056962 0.003085 -0.133623
1.022217 0.049927 0.150635 0.043908 -0.021361 -0.121756
1.046509 0.055298 0.154053 0.017563 -0.001899 -0.108227
1.041016 0.046753 0.160645 -0.007595 0.035364 -0.088765
1.045166 0.045898 0.168579 -0.012579 0.077848 -0.049129
1.042236 0.048462 0.170654 -0.012579 0.085917 -0.029430
1.041748 0.056152 0.162720 -0.009968 0.035126 -0.028006
1.054199 0.049438 0.162231 -0.025158 -0.006646 -0.027294
1.069702 0.037354 0.165283 -0.054826 0.039398 -0.002611
1.100342 0.039917 0.186523 -0.066930 0.078085 0.003323
1.081055 0.027710 0.180176 -0.051740 0.027057 -0.052927
1.081543 0.028564 0.176636 -0.039161 0.022547 -0.059810
1.091309 0.033203 0.178711 -0.028006 0.056250 -0.075712
1.080200 0.034302 0.177368 -0.011867 0.065506 -0.109889
1.064819 0.043457 0.176758 0.008307 0.069541 -0.123417
1.050537 0.051270 0.164673 0.012579 0.046519 -0.128638
1.042480 0.056274 0.158325 -0.009494 0.037737 -0.121518
1.031128 0.059326 0.172241 -0.030380 0.023971 -0.116534
1.017700 0.054443 0.171631 -0.037737 -0.001187 -0.092563
1.034668 0.052856 0.178467 -0.044620 0.022073 -0.045332
1.054077 0.053101 0.188477 -0.019225 0.020649 -0.048892
1.051392 0.058838 0.181519 0.014952 -0.022547 -0.093987
1.040161 0.069580 0.171875 0.042247 -0.056012 -0.126265
1.020386 0.081543 0.153564 0.054351 -0.086155 -0.127214
1.016357 0.080933 0.137695 0.021123 -0.073575 -0.088528
1.019165 0.079102 0.141968 -0.034652 -0.017801 -0.027769
1.033325 0.072998 0.159302 -0.057911 -0.004509 -0.012579
1.027222 0.070068 0.166016 -0.052215 -0.016851 -0.019937
1.023926 0.071167 0.164063 -0.045569 -0.034177 -0.002373
1.043945 0.069946 0.152832 -0.061708 -0.006171 0.007832
1.051025 0.066162 0.170898 -0.060996 -0.042484 -0.021835
1.057129 0.055054 0.169556 -0.051503 -0.051503 -0.033940
1.063232 0.057861 0.170776 -0.044857 -0.052452 -0.025870
1.066895 0.050293 0.166016 -0.046993 -0.042247 -0.010206
1.085205 0.051147 0.166260 -0.039398 -0.005459 -0.004035
1.097900 0.061157 0.158691 -0.036550 0.036076 -0.035601
1.088745 0.067749 0.157959 -0.034889 0.036788 -0.077610
1.095093 0.080078 0.153442 0.006883 -0.039636 -0.127689
1.119019 0.087769 0.134155 0.026107 -0.040111 -0.236391
1.071289 0.088257 0.143555 0.056487 -0.210046 -0.334887
1.025879 0.105347 0.120605 0.011155 -0.259888 -0.320884
0.997192 0.095581 0.116333 -0.074762 -0.211233 -0.193195
1.019287 0.094238 0.141846 -0.101582 -0.098259 -0.085917
1.025879 0.089111 0.156982 -0.059335 -0.041297 -0.062420
1.020508 0.086304 0.121094 -0.026819 -0.059572 -0.021835
1.032471 0.098389 0.130127 -0.033465 -0.053876 0.003323
1.035767 0.094238 0.130371 -0.070965 -0.092088 -0.006883
1.036011 0.079956 0.144531 -0.090664 -0.090189 -0.000712
1.022949 0.069458 0.164429 -0.054351 -0.055300 0.035126
1.043457 0.071167 0.158203 -0.003085 0.008070 0.060047
1.059692 0.084717 0.156982 0.039873 -0.030380 0.027057
