0.366699 0.547485 0.085815 -0.247071 -0.025633 0.064082
0.403320 0.544312 0.039673 -0.040348 -0.136471 0.231644
0.378052 0.490967 0.099121 0.016614 0.540899 0.654822
0.403320 0.491455 0.058960 0.253005 -0.168037 0.657195
0.358032 0.492676 -0.052490 0.272229 -0.207910 0.811229
0.358032 0.427490 -0.056885 0.096360 -0.089952 1.014155
0.374878 0.331299 -0.071045 -0.031804 -0.277213 1.146116
0.465088 0.355835 -0.082764 -0.069541 -0.243748 1.417634
0.549072 0.321899 -0.127563 -0.066930 -0.136945 1.634088
0.603516 0.177734 -0.162964 -0.256565 -0.052690 1.850542
0.595215 0.078613 -0.024902 -0.576500 0.172546 2.035905
0.561157 0.039795 0.136841 -0.738128 0.034177 2.186141
0.664795 0.040527 0.223999 -0.502687 -0.268432 2.446504
0.894775 0.094727 0.106567 -0.028006 -0.493905 2.658923
1.065918 0.104492 -0.038818 0.215742 -0.432671 2.812957
1.262207 0.122437 -0.131104 0.150711 -0.151660 2.965804
1.574219 0.125610 -0.179443 -0.114635 -0.266533 2.986215
1.938843 0.115845 -0.151367 -0.245410 -0.615186 2.698322
2.095825 0.125610 -0.136353 -0.108939 -1.238204 2.118025
2.327148 0.199463 -0.235962 0.069541 -1.041687 1.508298
2.372437 0.241333 -0.216919 0.194382 -0.306169 1.089392
2.368408 0.297607 -0.266724 0.473019 0.365741 0.561072
2.232178 0.379395 -0.453613 0.684727 0.170173 -0.090427
2.149414 0.376587 -0.599731 0.635835 0.067167 -0.666926
2.025513 0.334106 -0.643555 0.275789 -0.153559 -1.201654
1.849976 0.238403 -0.547363 -0.163290 -0.480851 -1.605132
1.796875 0.167725 -0.483032 -0.472782 -0.335362 -2.021902
1.656494 0.097534 -0.382813 -0.715581 0.044620 -2.281552
1.466553 0.087646 -0.296143 -0.701815 0.344618 -2.545475
1.243408 0.075562 -0.247925 -0.701103 0.489396 -2.740806
1.084473 0.093628 -0.243774 -0.663129 0.390899 -2.902197
0.906128 0.125610 -0.204224 -0.717242 0.388051 -2.990250
0.695801 0.173828 -0.150513 -0.767084 0.310204 -3.013035
0.487671 0.205078 -0.108032 -0.822147 0.164002 -2.944443
0.338501 0.225464 -0.041992 -0.888127 0.145252 -2.648243
0.268066 0.255371 -0.001831 -0.895485 0.108939 -2.216046
0.259277 0.319458 0.033081 -0.965975 0.103955 -1.786460
0.215332 0.319214 0.096802 -1.064471 0.172072 -1.476257
0.165405 0.344360 0.147949 -1.005611 0.145252 -1.232745
0.117065 0.347046 0.158936 -0.887890 0.006883 -0.888127
0.147217 0.353394 0.130981 -0.772543 0.059572 -0.450947
0.153564 0.380127 0.139648 -0.750945 0.087341 -0.150236
0.139038 0.387207 0.146240 -0.729109 -0.106566 0.047231
0.122070 0.398071 0.161987 -0.706325 -0.300947 0.278637
0.126221 0.393188 0.172241 -0.721989 -0.486073 0.569617
0.185669 0.365967 0.181519 -0.708935 -0.596199 0.924678
0.255005 0.354980 0.160645 -0.626578 -0.682828 1.233932
0.325439 0.338623 0.137451 -0.587892 -0.774441 1.496668
0.380005 0.326904 0.129028 -0.597860 -0.833539 1.785274
0.482910 0.268799 0.161255 -0.696356 -0.816925 2.108768
0.579590 0.215454 0.195923 -0.719853 -0.866767 2.387881
0.710449 0.195435 0.181274 -0.532592 -1.053791 2.598639
0.863281 0.181152 0.135254 -0.333938 -1.193110 2.820789
1.070190 0.136841 0.075195 -0.225236 -0.912811 3.156389
1.328003 0.081421 -0.023193 -0.138844 -0.607116 3.472051
1.667480 0.128662 -0.082275 -0.145727 -0.315663 3.419836
1.884277 0.137451 -0.175049 -0.283147 -0.440029 2.902197
1.951294 0.115112 -0.161011 -0.514079 -0.397782 2.280603
2.051025 0.078003 -0.124634 -0.625866 -0.156407 1.702442
1.889038 0.146729 0.013184 -0.557512 0.489870 1.082509
1.600708 0.156616 0.045776 -0.413921 0.413209 0.641293
1.440063 0.153564 0.039185 -0.137895 0.373574 0.436231
1.371826 0.163330 0.024414 0.089477 0.251106 0.360757
1.364014 0.175781 -0.029907 0.215268 0.151423 0.239476
1.316162 0.129517 -0.037964 0.220252 0.126028 0.089003
1.282104 0.104614 -0.045532 0.225473 0.051266 -0.016139
1.255859 0.088989 -0.047363 0.206961 -0.001899 -0.106803
1.216797 0.082764 -0.049927 0.174920 0.004035 -0.194856
1.179565 0.078369 -0.036499 0.105854 0.063133 -0.251818
1.139160 0.066895 -0.017578 0.019699 0.078322 -0.309966
1.099976 0.055420 0.017578 -0.028956 0.099208 -0.365979
1.060303 0.034668 0.026855 -0.030380 0.106328 -0.369539
1.050659 0.034546 0.020142 -0.008307 0.154034 -0.337498
1.059814 0.038574 0.030884 -0.014240 0.211708 -0.299286
1.058838 0.040039 0.042725 -0.021598 0.245647 -0.291929
1.034912 0.043457 0.045776 -0.017801 0.212894 -0.321833
1.021484 0.044556 0.053101 -0.016139 0.172309 -0.340821
1.018799 0.049194 0.060425 -0.006646 0.164477 -0.325394
1.031982 0.065186 0.059937 0.017089 0.200790 -0.273416
1.021362 0.082275 0.065186 0.025870 0.271755 -0.247783
1.001343 0.089722 0.062012 0.041297 0.240426 -0.248970
0.993164 0.101318 0.055664 0.032990 0.191771 -0.230220
0.987427 0.102173 0.062744 0.024921 0.173733 -0.212894
0.990479 0.111694 0.072266 0.027294 0.161866 -0.199603
0.986572 0.113525 0.072754 0.044383 0.141217 -0.194382
0.981812 0.122437 0.072266 0.054351 0.135284 -0.161391
0.984253 0.123901 0.067871 0.059098 0.126977 -0.112974
0.990112 0.139893 0.063110 0.059572 0.100158 -0.092088
0.994019 0.134766 0.057739 0.050791 0.060759 -0.068829
1.012573 0.140503 0.064209 0.040111 0.099208 -0.035364
1.008789 0.143799 0.063965 0.029430 0.103955 -0.011630
1.020752 0.136597 0.054810 0.017089 0.074288 0.021598
1.044067 0.134766 0.069336 -0.013528 0.070490 0.035601
1.061646 0.131714 0.075317 -0.014240 0.034414 0.020411
1.053955 0.129028 0.076660 0.008544 0.022785 -0.004747
1.055664 0.132690 0.060791 0.022547 0.041297 -0.001424
1.070557 0.139771 0.056519 0.001899 0.064319 0.012579
1.066284 0.137573 0.070801 -0.019225 0.068354 -0.018275
1.059326 0.132446 0.072021 -0.016376 0.041772 -0.031092
1.067993 0.138550 0.071777 -0.020174 0.079034 -0.007358
1.060059 0.139648 0.075562 -0.031092 0.103955 -0.020886
1.041382 0.142456 0.081665 -0.043196 0.053639 -0.029668
1.038574 0.131836 0.088135 -0.055538 0.061708 -0.015190
1.049316 0.129150 0.097900 -0.052690 0.069778 -0.002373
1.039429 0.128052 0.091553 -0.025395 0.062895 -0.018987
1.041626 0.121948 0.087036 -0.017801 0.095173 -0.011630
1.059204 0.126709 0.096313 -0.028006 0.127689 -0.007358
1.036499 0.123169 0.096436 -0.024446 0.100395 -0.035126
1.022827 0.118042 0.101196 -0.013291 0.084018 -0.023734
1.025024 0.128174 0.107056 -0.014715 0.088528 0.001661
1.032349 0.124634 0.091675 -0.002136 0.079746 0.013291
1.041138 0.132202 0.093018 -0.001899 0.092800 0.028481
1.051392 0.137207 0.093262 -0.018038 0.065269 0.033702
1.048462 0.128174 0.106323 -0.048417 0.060047 0.029430
1.049927 0.129761 0.118896 -0.036788 0.036313 0.028481
1.052734 0.139160 0.108032 -0.021598 0.048180 0.037737
1.049805 0.135620 0.103394 -0.028243 0.048417 0.029430
1.072754 0.126709 0.102783 -0.043908 0.023259 0.023497
1.090576 0.116455 0.111450 -0.066218 0.006408 0.008544
1.095215 0.108154 0.113159 -0.057199 0.064557 0.000475
1.083740 0.115723 0.120850 -0.036788 0.103718 -0.025158
1.045776 0.122925 0.112183 -0.032990 0.081408 -0.051978
1.032959 0.127808 0.114868 -0.049604 0.059098 -0.048655
1.020020 0.127930 0.125244 -0.058623 0.012816 -0.042009
1.005859 0.128174 0.112915 -0.023259 -0.004272 -0.056962
1.025391 0.127075 0.118164 -0.068117 0.028006 0.012104
1.034058 0.112671 0.130371 -0.060996 0.056724 0.047468
1.050781 0.113281 0.125732 -0.041535 0.037262 0.039161
1.046387 0.112793 0.133789 -0.025395 0.055775 0.010443
1.038452 0.119263 0.120605 0.002611 0.035838 -0.000475
1.050659 0.126709 0.112427 0.002611 0.054351 0.013291
1.043945 0.132080 0.114990 -0.020649 0.048417 0.011155
1.043213 0.128784 0.118408 -0.037500 0.044857 0.020174
1.050903 0.122314 0.121582 -0.047705 0.064557 0.027057
1.057739 0.116089 0.127808 -0.040585 0.034177 0.028956
1.071777 0.120361 0.133423 -0.034414 0.027769 0.022547
1.065674 0.118164 0.134521 -0.038449 0.012342 0.004747
1.073486 0.118530 0.132568 -0.028006 -0.019462 0.000237
1.074951 0.115479 0.130371 -0.023497 -0.028956 -0.022073
1.069214 0.107910 0.128906 -0.030617 -0.007832 -0.027057
1.076904 0.107178 0.134033 -0.034414 0.011867 -0.024209
1.068848 0.102661 0.135132 -0.031329 0.015427 -0.042484
1.067017 0.099121 0.128662 -0.024209 0.008070 -0.044620
1.056885 0.105713 0.133545 -0.020174 0.018513 -0.055063
1.030396 0.114136 0.130493 -0.010680 0.009019 -0.064557
1.018433 0.118286 0.123779 0.004509 -0.003085 -0.050791
1.011353 0.124146 0.118774 0.001899 -0.013291 -0.027769
1.016479 0.124268 0.117310 -0.008070 -0.038212 -0.014003
1.021240 0.119263 0.112427 -0.020649 -0.045332 0.000237
1.036743 0.111206 0.123901 -0.035838 -0.017563 0.034177
