0.653931 0.406250 0.380005 -0.064794 -0.419855 0.282672
0.516479 0.345215 0.440552 -0.023022 -0.295963 0.211470
0.416016 0.288818 0.478638 0.275315 -0.387814 0.370488
0.486450 0.235596 0.379517 0.637021 -0.461390 0.790818
0.611938 0.214111 0.173096 1.025547 -0.354824 1.088443
0.637451 0.270020 -0.058472 1.136385 -0.311390 1.104344
0.703979 0.265015 -0.156250 0.887415 -0.314239 1.191923
0.849487 0.228394 -0.253662 0.715581 -0.322308 1.332428
0.892822 0.158569 -0.359985 0.616373 -0.484412 1.257192
0.857788 0.039185 -0.487549 0.436943 -0.515503 1.276179
0.900879 -0.000122 -0.571655 0.215980 -0.482038 1.380608
0.954834 0.019897 -0.608398 -0.035364 -0.293353 1.501415
1.006348 0.005127 -0.673706 -0.352213 -0.070015 1.597775
1.033691 0.080811 -0.674438 -0.633461 0.006408 1.687015
1.287476 0.091797 -0.753662 -1.152762 0.138132 1.778153
1.342651 0.048462 -0.717041 -1.815416 0.287419 1.704341
1.544189 0.020386 -0.541870 -2.348482 0.377134 1.709799
1.905884 0.018921 -0.317627 -2.751723 0.500076 1.706477
2.256836 -0.066162 -0.143555 -3.037481 0.928713 1.435909
2.474365 -0.150391 0.110229 -3.233761 1.423092 0.721989
2.468750 -0.161499 0.455688 -3.191515 1.133775 -0.366928
2.295166 -0.168457 0.710083 -2.966991 0.666452 -1.330767
1.989868 -0.158691 0.908569 -2.635427 0.563446 -1.812568
1.760864 -0.161743 1.106689 -2.146743 0.571753 -1.986301
1.515015 -0.173706 1.211914 -1.402681 0.621357 -2.118025
1.293091 -0.098145 1.217163 -0.658145 0.400630 -2.355128
1.128906 0.009277 1.075806 -0.265584 0.453557 -2.583449
0.901978 0.030640 0.999878 -0.017563 0.361944 -2.640173
0.696655 0.104492 0.900513 0.192958 0.381168 -2.454811
0.520874 0.099609 0.839355 0.365029 0.397545 -2.232897
0.400879 0.104248 0.793701 0.590503 0.058623 -2.033532
0.306396 0.138306 0.731567 0.813128 0.220252 -1.797615
0.252197 0.095093 0.629883 1.071829 0.440029 -1.580924
0.226074 0.163574 0.491333 1.246749 0.122230 -1.358536
0.172852 0.182007 0.382202 1.215420 0.121993 -1.088205
0.096069 0.194092 0.307617 1.215182 0.257752 -0.726736
0.072632 0.209351 0.250488 1.228948 0.157831 -0.427687
0.058350 0.199219 0.172729 1.312492 0.030854 -0.089952
0.019287 0.164673 0.062500 1.415497 -0.547307 0.205537
-0.016846 0.231934 -0.035034 1.389153 -0.393036 0.580060
0.002808 0.209106 -0.124390 1.243426 -0.282435 1.034092
0.059570 0.214111 -0.216797 0.916608 -0.763049 1.388678
0.164551 0.191040 -0.249878 0.835912 -1.259328 1.757505
0.327515 0.111206 -0.324585 0.874836 -1.082984 2.267312
0.588745 0.047852 -0.385132 0.684252 -0.587180 2.556155
0.818848 0.050781 -0.295776 0.574601 -0.385915 2.739856
1.189819 0.002808 -0.263916 0.454269 -0.483225 2.857340
1.442139 -0.024902 -0.237061 0.340109 -0.520013 2.709002
1.673706 -0.033936 -0.169067 0.197942 -0.222863 2.561376
1.792725 -0.014526 -0.096680 0.109414 0.055063 2.215572
1.760620 0.048462 -0.057739 0.115822 0.193195 1.803549
1.749023 0.045898 -0.067017 0.080933 0.277925 1.545560
1.717651 0.108643 0.032104 0.024683 0.698255 1.304659
1.655640 0.112915 -0.061768 -0.000949 0.197230 0.905928
1.597778 0.139893 -0.072632 -0.055063 0.250394 0.692559
1.484863 0.074829 -0.031494 -0.146202 0.254903 0.460678
1.427734 0.084351 -0.029175 -0.181328 0.285520 0.250394
1.314331 0.071533 0.025391 -0.246834 0.110601 0.123180
1.263428 0.018066 0.052490 -0.234730 0.172309 0.056012
1.234131 0.012939 0.080933 -0.128401 0.146202 0.042959
1.165649 0.031006 0.077637 -0.011155 0.192958 -0.014240
1.096069 0.056152 0.050171 0.048180 0.135759 -0.054826
1.070801 0.049194 0.029053 0.000000 0.087341 -0.052452
1.077148 0.038818 0.031250 -0.057436 0.030380 -0.077373
1.086060 0.038574 0.044800 -0.091139 -0.026107 -0.120806
1.082886 0.031006 0.049561 -0.104430 0.002373 -0.117009
1.077759 0.016724 0.042725 -0.087816 0.018275 -0.104430
1.081055 0.003540 0.045410 -0.092800 0.021598 -0.089952
1.077881 0.005249 0.056641 -0.081408 0.056012 -0.084968
1.082153 0.008667 0.048462 -0.059098 0.062420 -0.110601
1.073120 0.015381 0.021606 -0.059572 0.038449 -0.151186
1.075562 0.008667 0.021606 -0.113686 0.023259 -0.173021
1.072266 0.010376 0.031250 -0.162341 -0.036076 -0.226185
1.073730 0.014404 0.044434 -0.158781 -0.092088 -0.273416
1.065308 0.018433 0.032959 -0.124129 -0.090901 -0.255853
1.077026 0.028564 0.025146 -0.103243 0.027294 -0.177056
1.087891 0.036499 0.022461 -0.104192 0.093987 -0.159493
1.074219 0.042969 0.031128 -0.122942 0.072389 -0.208622
1.030151 0.055542 0.045654 -0.156407 -0.038924 -0.288131
1.030029 0.062988 0.045898 -0.193907 -0.111787 -0.296675
1.044312 0.067505 0.061646 -0.233780 -0.126502 -0.281486
1.051514 0.064453 0.073975 -0.226423 -0.110601 -0.277451
1.054199 0.066040 0.070923 -0.191059 -0.113686 -0.274128
1.049194 0.070923 0.073486 -0.164002 -0.067879 -0.262261
1.047119 0.073853 0.083618 -0.136708 -0.012104 -0.212182
1.050049 0.079956 0.080078 -0.096835 0.059572 -0.169698
1.040649 0.078857 0.079224 -0.080696 0.070965 -0.130537
1.041016 0.088379 0.079468 -0.085680 0.068117 -0.125553
1.029175 0.086670 0.088379 -0.093037 -0.042721 -0.186549
1.028809 0.092407 0.081543 -0.093037 -0.132436 -0.211945
1.023682 0.095093 0.086792 -0.076898 -0.137895 -0.212657
1.025879 0.088867 0.076538 -0.045807 -0.082594 -0.144066
1.036987 0.100342 0.082764 -0.004509 0.064794 -0.060996
1.033203 0.113037 0.066406 0.036788 0.076424 -0.046519
1.024780 0.112305 0.039917 0.032753 0.009731 -0.044383
1.035034 0.107056 0.037598 0.001899 -0.010918 -0.024446
1.064575 0.098755 0.036133 -0.007120 -0.027294 -0.015427
1.088135 0.100098 0.027100 -0.017326 -0.034177 -0.029905
1.086670 0.096069 0.026733 -0.027057 -0.018513 -0.067642
1.073486 0.108032 0.028564 -0.028481 -0.016376 -0.085205
1.058350 0.109497 0.032593 -0.035364 -0.016614 -0.107040
1.047485 0.113281 0.027344 -0.034652 -0.070965 -0.129588
1.045898 0.116943 0.028076 -0.037262 -0.070965 -0.124129
1.059082 0.121582 0.038208 -0.033702 -0.040823 -0.107040
1.051636 0.119141 0.035767 -0.020411 -0.030617 -0.092325
1.054565 0.117310 0.032593 -0.014003 0.012342 -0.067642
1.059082 0.125244 0.028687 -0.012104 0.033228 -0.062895
1.051270 0.126831 0.026611 -0.022310 -0.000712 -0.079272
1.054932 0.121094 0.030029 -0.046281 -0.008782 -0.081170
1.049316 0.122314 0.035400 -0.058386 -0.062420 -0.098496
1.048706 0.126709 0.030396 -0.059098 -0.077373 -0.113686
1.046265 0.121582 0.028687 -0.061234 -0.083306 -0.100395
1.056152 0.122681 0.037109 -0.059572 -0.051740 -0.083069
1.050659 0.123291 0.030884 -0.038686 -0.055300 -0.072389
1.044922 0.127441 0.016479 -0.029668 -0.032990 -0.058148
1.053833 0.131958 0.013672 -0.032041 -0.011392 -0.047468
1.051025 0.139404 0.012451 -0.040348 0.004035 -0.050553
1.040039 0.139404 0.016602 -0.053639 -0.010443 -0.074050
1.040771 0.142456 0.011597 -0.074050 -0.026107 -0.076186
1.041504 0.133179 0.021851 -0.093275 -0.008782 -0.054826
1.055054 0.139526 0.028687 -0.076661 0.053876 -0.022310
1.043213 0.153198 0.032349 -0.046519 0.101107 -0.032041
1.022217 0.162720 0.017578 -0.041772 0.089003 -0.027057
1.037720 0.166504 0.020630 -0.080458 0.088528 0.007358
1.064575 0.162354 0.033325 -0.117246 0.097072 0.011392
1.073364 0.139404 0.039551 -0.125316 0.075949 -0.014715
1.085327 0.119995 0.041016 -0.112262 0.070965 -0.040111
1.090454 0.111206 0.040771 -0.093987 0.063370 -0.068591
1.071533 0.113159 0.037109 -0.069541 0.069778 -0.104667
1.061157 0.114624 0.026123 -0.069778 0.067405 -0.106091
1.064209 0.123413 0.033936 -0.077848 0.069303 -0.106803
1.049072 0.140381 0.032349 -0.061234 0.061471 -0.137895
1.027588 0.163574 0.027954 -0.059098 0.036076 -0.160205
1.008301 0.174072 0.028320 -0.089715 0.012342 -0.151186
1.016846 0.164917 0.033325 -0.137657 0.009968 -0.101819
1.046509 0.149170 0.047974 -0.159493 0.041535 -0.051028
1.065308 0.136108 0.059570 -0.159967 0.075474 -0.040111
1.054688 0.136475 0.076050 -0.136471 0.042247 -0.089715
1.025269 0.158813 0.084229 -0.096835 -0.035838 -0.141217
1.007324 0.181641 0.078369 -0.063845 -0.063607 -0.134809
0.995850 0.192261 0.063354 -0.051028 -0.029668 -0.071202
1.011230 0.183960 0.056641 -0.064319 0.041297 0.012816
1.031006 0.178833 0.052124 -0.073575 0.002611 0.004509
1.029663 0.173828 0.051758 -0.076661 -0.029668 -0.012579
1.028564 0.174072 0.060303 -0.084968 -0.016614 0.001187
1.026978 0.172852 0.066528 -0.090189 -0.019462 0.020649
1.049072 0.159546 0.076416 -0.105854 -0.012579 0.037737
1.064697 0.151001 0.080688 -0.089003 -0.019699 0.014003
1.050659 0.141113 0.073242 -0.045332 -0.084018 -0.043433
1.048218 0.141113 0.051758 -0.000237 -0.084256 -0.046519
