0.570801 0.471313 0.464355 -0.307830 -0.292641 0.378558
0.510254 0.398926 0.561646 -0.172546 0.041060 0.571041
0.637573 0.292480 0.670654 0.193907 -0.148575 0.763286
0.746582 0.223755 0.640625 0.691610 -0.398257 0.722938
0.841187 0.234863 0.637085 1.179819 -0.234730 0.758777
0.912720 0.256470 0.531616 1.785511 -0.257752 0.671673
0.947876 0.318848 0.319580 2.478070 -0.253954 0.559648
0.996338 0.385254 -0.022705 3.049823 -0.210283 0.469934
1.001587 0.503052 -0.405396 3.235898 0.037974 0.374048
0.973022 0.622314 -0.757935 2.971026 0.199603 0.282910
0.975464 0.739380 -0.971069 2.407342 0.238764 0.182515
0.947754 0.766357 -1.096558 1.793818 0.076898 0.032278
0.963867 0.776489 -1.207764 1.253157 0.016851 -0.024446
0.913452 0.761230 -1.251221 0.717480 0.121756 0.001661
0.887939 0.760986 -1.221802 0.193670 0.255615 0.124129
0.889404 0.727295 -1.185181 -0.337023 0.223337 0.187499
0.874023 0.660522 -1.038208 -0.916134 0.175869 0.202451
0.884033 0.610107 -0.871948 -1.345482 -0.018038 0.199603
0.905884 0.558350 -0.728271 -1.681556 -0.051503 0.222388
0.931152 0.536987 -0.544800 -1.959719 0.014478 0.334650
0.951660 0.487549 -0.393921 -2.162882 0.301185 0.428637
0.949463 0.449463 -0.244751 -2.323087 0.385915 0.439080
0.921021 0.436401 -0.086670 -2.404732 0.255141 0.360995
0.924438 0.427368 -0.023071 -2.473086 0.062183 0.267008
0.889160 0.395020 0.105103 -2.562563 0.038924 0.238052
0.866943 0.364746 0.256226 -2.560190 0.027531 0.216929
0.845703 0.300049 0.464722 -2.428228 0.059810 0.175157
0.828247 0.284912 0.512695 -2.175698 0.063133 0.164002
0.791260 0.265259 0.594727 -1.862884 0.126740 0.179667
0.774536 0.265625 0.641479 -1.557664 0.192958 0.195568
0.708008 0.262329 0.672974 -1.267397 0.137183 0.191771
0.657471 0.259644 0.671387 -1.047383 0.023259 0.201027
0.581299 0.219727 0.707275 -0.844694 -0.168037 0.252530
0.557983 0.177002 0.706909 -0.635835 -0.112499 0.482038
0.589478 0.128662 0.742798 -0.346992 0.120332 0.801735
0.632202 0.106934 0.791504 0.060996 0.074762 1.020563
0.695313 0.097412 0.766479 0.540424 -0.155695 1.069930
0.736450 0.087280 0.669189 0.895248 -0.220726 1.145404
0.820923 0.037476 0.599121 1.205214 -0.244698 1.329818
0.994263 0.009766 0.536865 1.535117 -0.294302 1.361859
1.115601 -0.007568 0.448853 1.876412 -0.377134 1.282112
1.209473 -0.015137 0.348145 2.212723 -0.445488 1.218505
1.286499 0.014038 0.217407 2.598876 -0.351501 1.116211
1.387695 0.086060 0.028564 2.960108 -0.352688 0.888365
1.391968 0.195190 -0.273926 3.103462 -0.456405 0.626104
1.327637 0.336060 -0.562134 2.734397 -0.461864 0.390662
1.331299 0.354858 -0.735596 1.960193 0.328004 0.362419
1.264526 0.393188 -0.611938 1.345007 0.129113 0.386390
1.373413 0.413452 -0.548218 1.015342 -0.139793 0.354112
1.250854 0.283203 -0.421753 0.705375 0.377371 0.291454
1.266357 0.342651 -0.426270 0.745248 0.525471 0.227847
1.182495 0.375000 -0.378784 0.588367 0.242562 0.159018
1.112549 0.320068 -0.340698 0.434570 -0.147151 0.061234
1.067139 0.306885 -0.310669 0.263210 -0.185125 0.046756
1.103027 0.274902 -0.253540 0.152610 0.066455 0.074525
1.098022 0.245117 -0.189209 0.151186 0.056724 0.087104
1.106323 0.235474 -0.182983 0.141217 0.134097 0.064082
1.086548 0.241699 -0.154541 0.077610 0.084256 0.015427
1.062622 0.232666 -0.124023 -0.042247 0.044620 -0.022547
1.070557 0.214966 -0.081299 -0.083781 0.114398 -0.025158
1.068848 0.204712 -0.046021 -0.104192 0.055775 -0.038686
1.051758 0.203979 -0.031860 -0.089715 -0.029668 -0.070253
1.028809 0.195435 -0.052246 -0.083544 -0.215030 -0.076186
1.061768 0.194458 -0.045044 -0.106803 -0.069303 -0.058148
1.041016 0.189697 -0.002808 -0.099208 0.140743 -0.052927
1.027222 0.187744 -0.036255 -0.024209 0.064319 -0.046044
1.052246 0.195923 -0.033936 -0.044383 0.129825 -0.039636
1.039917 0.194458 -0.012939 -0.074050 0.078797 -0.046044
1.038330 0.191162 -0.002197 -0.064794 0.055775 -0.051740
1.022095 0.193481 -0.003906 -0.063607 -0.011630 -0.060996
1.017456 0.193604 0.005981 -0.063133 0.044383 -0.053164
1.012085 0.198730 -0.000977 -0.032516 -0.020411 -0.057436
1.011841 0.193237 0.004028 -0.043671 0.077848 -0.037737
1.020386 0.204346 0.004028 -0.015902 0.039873 0.009494
1.031860 0.212524 -0.028687 -0.006408 0.016614 0.013291
1.030762 0.207397 -0.023560 -0.061946 0.058623 0.008782
1.022949 0.202026 -0.002197 -0.076186 0.066693 0.013054
1.019897 0.199951 -0.000366 -0.040348 0.049841 0.009256
1.019897 0.200806 -0.002808 -0.017801 0.032990 0.006883
1.018921 0.206299 -0.015015 -0.010918 0.006171 0.006171
1.026123 0.201660 -0.014160 -0.015664 0.006646 0.016376
1.035156 0.196899 -0.011230 -0.012342 0.023022 0.032041
1.042969 0.196411 -0.021729 -0.001424 0.023022 0.033940
1.036499 0.196167 -0.024902 -0.012342 0.018513 0.035364
1.048096 0.197998 -0.029297 -0.023734 -0.005459 0.026107
1.048096 0.192627 -0.023682 -0.043671 0.030854 0.010443
1.043091 0.188354 0.001831 -0.061234 0.086867 0.043908
1.041504 0.183960 -0.000244 0.000475 0.080221 0.053639
1.067749 0.178955 -0.003662 -0.002611 0.086392 0.066218
1.067749 0.173950 -0.002075 0.006408 0.061234 0.039636
1.066284 0.170288 -0.011475 0.023497 -0.004035 0.008782
1.067383 0.173828 -0.019409 0.012104 0.003323 -0.001187
1.052368 0.180420 -0.021484 -0.006883 0.015664 -0.008307
1.049316 0.199951 -0.001831 -0.113211 0.001424 -0.007832
1.005249 0.208862 -0.028931 0.009256 -0.065743 -0.050079
1.053101 0.179810 -0.040771 -0.015902 -0.003085 -0.023259
1.010010 0.200073 -0.015869 -0.043671 -0.004509 -0.070727
1.015747 0.194458 -0.007690 -0.061234 0.006408 -0.036076
1.015137 0.198486 0.008301 -0.073575 -0.021123 -0.027531
1.042114 0.191040 -0.007080 -0.064319 0.007120 0.008070
1.046875 0.193359 0.011475 -0.113211 0.020411 -0.007595
1.046265 0.190430 0.001709 -0.101582 0.051503 0.007832
1.049805 0.185059 0.018921 -0.098971 0.006646 -0.020411
1.048462 0.181030 0.028076 -0.078085 0.024209 -0.029905
1.046021 0.181030 0.016113 -0.023259 -0.003085 -0.035838
1.049072 0.187622 0.003784 -0.004272 0.017563 -0.026345
1.077637 0.178101 0.021484 -0.029193 0.051740 -0.018750
1.072632 0.179077 0.016357 -0.019699 0.072626 -0.039636
1.076660 0.175049 0.013062 -0.005934 -0.023497 -0.083069
1.049683 0.178101 0.007935 0.014478 -0.024921 -0.113923
1.036133 0.184570 0.005615 0.030380 0.003085 -0.099920
1.028809 0.182373 -0.001587 0.026345 0.014952 -0.079034
1.036133 0.188599 -0.005249 0.021835 -0.009731 -0.070015
1.021484 0.184082 -0.012573 0.018038 -0.036550 -0.077848
1.024780 0.190796 -0.016968 0.009494 -0.040111 -0.059810
1.030640 0.189453 -0.021484 0.006171 -0.054588 -0.039398
1.046631 0.193359 -0.025635 0.023734 -0.074525 -0.032041
1.056030 0.192749 -0.026978 0.018038 -0.044383 -0.027294
1.062744 0.196777 -0.031128 0.018038 -0.022547 -0.036550
1.046265 0.198853 -0.035156 0.011392 -0.036550 -0.068354
1.031372 0.202393 -0.032227 -0.009256 -0.041060 -0.078085
1.018921 0.205078 -0.025146 -0.027057 -0.042721 -0.074288
1.023682 0.209839 -0.020996 -0.042959 -0.023497 -0.057436
1.021362 0.210693 -0.013184 -0.063845 -0.008307 -0.047231
1.025269 0.212646 -0.010376 -0.073813 -0.022073 -0.042009
1.027100 0.210571 0.000244 -0.086867 -0.035838 -0.042721
1.026978 0.207642 -0.001221 -0.075712 -0.022073 -0.039398
1.025391 0.203247 0.006104 -0.071439 -0.007595 -0.031092
1.022217 0.199097 0.005127 -0.056487 -0.008070 -0.029668
1.019897 0.198730 0.008423 -0.044857 -0.035364 -0.026819
1.029785 0.197144 -0.000488 -0.040823 -0.025870 -0.013054
1.044678 0.197754 -0.017578 -0.029668 -0.047468 -0.017563
1.046143 0.197021 -0.014404 -0.018038 -0.073101 -0.026819
1.044189 0.201050 -0.015869 0.004035 -0.054351 -0.030380
1.042236 0.202271 -0.023682 -0.003560 -0.016614 -0.017801
1.045532 0.193481 -0.027100 -0.012579 -0.011392 -0.006883
1.049683 0.194702 -0.030151 -0.002373 0.009494 -0.011392
1.044067 0.195923 -0.032593 0.022073 0.014003 -0.021123
1.038086 0.194336 -0.044678 0.030854 0.012104 -0.015190
1.033203 0.200317 -0.049438 0.024683 0.041060 0.002611
1.041138 0.202271 -0.058105 0.017563 0.062420 0.012342
1.047974 0.205566 -0.062744 0.014003 0.050079 -0.017089
1.029907 0.210083 -0.058350 -0.024209 0.036313 -0.022785
1.014404 0.216431 -0.053711 -0.069066 0.068591 0.036788
1.009399 0.208862 -0.052124 -0.073338 0.028956 0.052215
1.041382 0.203735 -0.026611 -0.092800 -0.030142 0.046519
1.033081 0.196899 -0.021484 -0.094461 -0.059572 0.030380
1.041504 0.196655 -0.008057 -0.075237 -0.180379 0.027057
1.032959 0.192261 -0.013306 -0.046044 -0.279587 0.015902
1.032349 0.201172 -0.016724 -0.016376 -0.276501 0.005696
