0.720703 0.507446 0.311646 -0.408700 -0.092088 -0.066218
0.607422 0.408447 0.355591 -0.550629 0.414871 0.174208
0.622314 0.238770 0.721802 -0.065269 -0.332514 0.248970
0.579590 0.150269 0.687988 0.403004 -0.245173 0.364080
0.577881 0.095459 0.741699 0.792954 -0.363131 0.359333
0.544434 0.076660 0.738525 1.390814 -0.666214 0.472545
0.654297 0.095703 0.538086 2.152439 -0.616135 0.703714
0.751221 0.185669 0.205444 2.751486 -0.500788 1.038601
0.986084 0.324829 -0.234863 2.905520 -0.384966 1.015579
1.113647 0.465210 -0.668213 2.520791 -0.254191 0.834488
1.232056 0.584106 -0.930298 1.883295 -0.070965 0.504823
1.226563 0.631348 -0.979004 1.287808 -0.058623 0.218828
1.217529 0.628296 -0.981567 0.978791 -0.117958 0.101107
1.209839 0.607788 -1.038696 0.761150 0.107278 0.175869
1.216064 0.612671 -1.104980 0.533304 0.409175 0.279350
1.242920 0.639893 -1.234009 0.044145 0.520962 0.166376
1.167114 0.617920 -1.224609 -0.638445 0.328716 -0.073101
1.102173 0.557617 -1.094238 -1.256480 -0.032990 -0.330378
1.028198 0.501953 -0.947266 -1.718344 -0.175869 -0.424602
0.938110 0.413940 -0.722656 -2.003152 -0.018038 -0.255378
0.920410 0.346558 -0.540161 -2.091917 0.173258 -0.130062
0.927734 0.324707 -0.364624 -2.230049 0.304270 0.036076
0.884888 0.299805 -0.196167 -2.355128 0.276264 0.038686
0.844604 0.290527 -0.038940 -2.461694 0.056724 -0.038449
0.820435 0.269287 0.083130 -2.546661 -0.200553 -0.118907
0.799316 0.247192 0.293091 -2.580601 0.011630 -0.047705
0.762207 0.193481 0.464844 -2.451962 -0.017326 0.034414
0.760986 0.196533 0.564575 -2.150540 -0.110126 0.148812
0.768066 0.194824 0.641479 -1.831792 -0.154983 0.206723
0.706055 0.204712 0.677124 -1.530133 -0.188923 0.180616
0.679932 0.225952 0.721191 -1.343346 -0.250157 0.209097
0.705444 0.187622 0.755249 -1.153948 -0.365029 0.251106
0.722290 0.133545 0.760254 -0.868428 -0.380931 0.323495
0.709595 0.108765 0.777710 -0.497940 -0.221438 0.547069
0.693848 0.094727 0.780762 -0.122468 0.141929 0.823571
0.707642 0.080688 0.787109 0.243511 0.120332 1.023411
0.768799 0.060547 0.726196 0.625629 -0.141929 1.057114
0.787231 0.009644 0.667847 0.992082 -0.228559 1.055927
0.833252 -0.028564 0.577881 1.417159 -0.275552 1.128078
0.922729 -0.066528 0.442383 1.884482 -0.315900 1.330055
1.097168 -0.092896 0.290161 2.328546 -0.111787 1.630528
1.236084 -0.063843 0.111084 2.703780 -0.085680 1.774119
1.350952 0.003662 -0.236206 3.046975 -0.483462 1.698882
1.503052 0.115845 -0.610840 2.970076 -0.567006 1.457269
1.564331 0.183105 -0.753418 2.372928 0.608540 1.149439
1.542358 0.250854 -0.754395 1.793818 0.530930 0.832352
1.520264 0.285522 -0.753784 1.372064 0.234967 0.556563
1.472168 0.301147 -0.692871 0.903080 0.356485 0.410599
1.383423 0.270996 -0.565063 0.482750 0.481089 0.224761
1.290283 0.252930 -0.436157 0.178005 0.393748 0.031804
1.157837 0.179443 -0.298340 -0.050791 0.370251 -0.103955
1.098511 0.130493 -0.210571 -0.188686 0.111550 -0.053876
1.100952 0.107300 -0.128052 -0.222625 0.045332 0.042721
1.101685 0.117188 -0.059082 -0.210046 -0.022785 0.079509
1.094238 0.053467 -0.032593 -0.203401 0.225948 0.071914
1.108032 0.052246 -0.003052 -0.113686 0.227372 0.079984
1.128906 0.058105 -0.000732 -0.072389 0.264634 0.032278
1.058105 0.044678 0.046631 -0.030854 0.099446 0.025395
1.118408 0.030151 0.010254 -0.032516 0.178243 0.013291
1.089722 0.057861 0.027710 -0.045332 0.203638 -0.006408
1.063354 0.090942 0.021118 -0.040348 0.066218 -0.023971
1.056274 0.097168 0.035034 -0.111075 0.081882 -0.072863
1.046753 0.083862 0.046997 -0.158306 0.144303 -0.086629
1.058716 0.074097 0.071411 -0.158306 0.146439 -0.036076
1.100464 0.069092 0.083740 -0.135047 0.281248 -0.000949
1.091919 0.066406 0.112183 -0.096360 0.344855 -0.034414
1.087769 0.074463 0.094360 -0.041772 0.219302 -0.093037
1.092041 0.071655 0.106323 -0.059572 0.188686 -0.139556
1.061279 0.076904 0.114746 -0.042247 0.112499 -0.203638
1.054321 0.092163 0.089233 -0.030142 0.027057 -0.216217
1.030029 0.098267 0.092651 -0.040348 -0.000237 -0.209334
1.026245 0.105347 0.094482 -0.036313 -0.085443 -0.198179
1.026611 0.102539 0.096069 -0.026345 -0.015664 -0.178005
1.035400 0.094727 0.087891 0.004509 0.021123 -0.137183
1.039063 0.100464 0.087891 0.047705 0.020649 -0.105142
1.045654 0.105103 0.068481 0.063133 0.054351 -0.087579
1.043213 0.099365 0.067627 0.042959 0.055063 -0.069778
1.048706 0.105713 0.060669 0.040823 0.005221 -0.060047
1.046753 0.107056 0.059448 0.019699 -0.006883 -0.050791
1.054932 0.105957 0.068604 -0.008307 0.036788 -0.036550
1.055420 0.115967 0.081665 -0.019225 0.049367 -0.050316
1.044556 0.116333 0.081299 -0.011392 -0.017326 -0.063845
1.046265 0.119629 0.084106 -0.029905 -0.017801 -0.057199
1.058960 0.115967 0.097412 -0.036076 0.000237 -0.062420
1.059692 0.117065 0.101440 -0.006646 0.113211 -0.066930
1.036987 0.121826 0.091797 0.016851 0.084730 -0.061234
1.042236 0.129150 0.084595 -0.001899 0.057199 -0.043908
1.050903 0.124390 0.087646 -0.021835 -0.012579 -0.042247
1.050171 0.118774 0.086060 -0.031092 0.021835 -0.049367
1.041138 0.113647 0.074585 -0.019225 0.039873 -0.042247
1.040649 0.117554 0.080322 -0.024209 0.039161 -0.043196
1.023804 0.113892 0.078613 -0.026819 -0.008070 -0.056962
1.021851 0.112915 0.084839 -0.033702 0.016139 -0.033702
1.036255 0.110474 0.091309 -0.025395 0.037974 0.002136
1.050415 0.105713 0.094482 -0.016139 0.055300 0.010206
1.050415 0.110596 0.076904 -0.005696 0.060284 -0.006171
1.043213 0.104248 0.069336 -0.009968 0.069778 -0.002373
1.050171 0.120850 0.073120 -0.015190 0.046993 0.009968
1.043945 0.109985 0.072998 -0.022785 0.029193 -0.001187
1.056519 0.119263 0.074707 -0.028718 0.032041 0.010918
1.053345 0.116211 0.073853 -0.036313 0.029905 0.001899
1.056519 0.122070 0.077637 -0.046281 0.013291 -0.000475
1.045532 0.119019 0.080444 -0.050553 -0.013054 -0.017089
1.036499 0.123535 0.085571 -0.069541 -0.015664 -0.002848
1.047852 0.127075 0.098022 -0.078560 -0.009256 0.018038
1.063965 0.115845 0.101440 -0.095411 0.059335 0.020649
1.069946 0.102417 0.100464 -0.082357 -0.002136 0.020174
1.106201 0.109497 0.089722 -0.057911 -0.017563 0.023022
1.113403 0.116089 0.080078 -0.055063 0.006171 -0.012104
1.099854 0.112671 0.057373 -0.039636 -0.019937 -0.051740
1.107056 0.114990 0.034180 -0.049604 -0.019699 -0.053402
1.103149 0.114014 0.020996 -0.069066 -0.035126 -0.089715
1.085083 0.113403 0.035767 -0.110601 -0.034177 -0.151186
1.033447 0.119507 0.074951 -0.142879 -0.045332 -0.190822
0.994751 0.123047 0.104370 -0.146914 -0.063370 -0.178717
1.004395 0.124634 0.114380 -0.140980 -0.049841 -0.120094
1.020874 0.119629 0.131104 -0.145252 -0.038686 -0.093275
1.035400 0.124634 0.153687 -0.139556 -0.011392 -0.084018
1.030396 0.117432 0.166138 -0.128638 0.101107 -0.086629
1.042358 0.113281 0.179321 -0.112974 0.095411 -0.047705
1.066406 0.107788 0.195923 -0.095173 0.095648 -0.037025
1.080322 0.096924 0.191528 -0.034889 0.084968 -0.061946
1.070557 0.102417 0.171631 0.046044 0.126265 -0.084256
1.067505 0.116333 0.143555 0.104667 0.195331 -0.089240
1.045288 0.136475 0.107178 0.144066 0.156645 -0.105142
1.042236 0.144409 0.082397 0.131961 0.081408 -0.090664
1.056641 0.147339 0.077515 0.102531 0.070727 -0.071914
1.052734 0.148315 0.076782 0.103480 0.065269 -0.079984
1.037842 0.155151 0.072266 0.117009 0.071439 -0.089477
1.025269 0.166138 0.058960 0.125790 0.023259 -0.091376
1.015991 0.169312 0.049927 0.107040 -0.042009 -0.092325
1.030029 0.168091 0.046265 0.076186 -0.061234 -0.067167
1.036011 0.158325 0.041260 0.049604 -0.101344 -0.062183
1.040527 0.152466 0.044800 0.020411 -0.110838 -0.070015
1.039551 0.149048 0.043823 -0.016851 -0.103955 -0.069778
1.039795 0.144043 0.060791 -0.055775 -0.082120 -0.064794
1.050049 0.145020 0.069214 -0.067642 -0.053639 -0.052452
1.049561 0.143311 0.073120 -0.074762 -0.000712 -0.040823
1.039795 0.136719 0.082520 -0.088765 0.010680 -0.043671
1.043701 0.127075 0.097534 -0.095885 -0.008782 -0.040823
1.049316 0.129517 0.111816 -0.066930 -0.014478 -0.039161
1.042114 0.142212 0.100098 -0.026819 0.009256 -0.042247
1.017822 0.164429 0.101196 -0.006646 0.032041 -0.051978
0.996460 0.186523 0.096313 -0.018513 0.030617 -0.034889
1.009888 0.186523 0.095825 -0.053402 0.028718 0.018513
1.041016 0.183350 0.113647 -0.082832 0.017563 0.042247
1.062744 0.172607 0.129028 -0.087104 0.026819 0.041772
1.073975 0.154297 0.127563 -0.075474 0.035601 0.034652
1.081055 0.143677 0.127686 -0.070015 0.006883 0.012579
1.098633 0.141357 0.126709 -0.045332 -0.028481 -0.016614
