0.929077 0.331909 0.382080 -0.188448 -0.973570 -0.731957
0.818237 0.354370 0.206421 0.046756 -0.288606 -0.261074
0.946289 0.383057 0.349243 0.170648 -0.473494 0.113211
0.917236 0.436523 0.079468 0.401105 -0.963364 -0.089477
0.946289 0.428345 0.129150 0.065981 -0.713445 0.072151
0.901733 0.379028 0.185669 -0.152847 -0.064794 0.264160
0.886475 0.362427 0.176270 -0.224999 0.412260 0.565819
1.053589 0.402710 0.175171 -0.253717 0.347229 0.611863
1.098633 0.367920 0.253540 -0.273416 0.162103 0.306406
1.045288 0.358643 0.300903 -0.147388 0.062895 0.099920
0.858276 0.420654 0.206665 0.117009 0.022785 0.010443
0.771851 0.416870 0.045654 0.125553 0.033465 0.191534
0.937256 0.330933 0.045410 -0.229508 0.284808 0.500076
1.295654 0.208252 0.209961 -0.662891 0.126740 0.482987
1.432617 0.265015 0.552490 -0.740976 -0.264397 0.006171
1.081787 0.246826 0.638672 -0.186787 -0.182515 -0.454744
0.641113 0.410278 0.353760 0.613999 0.094699 -0.265821
0.449951 0.441895 -0.171265 0.980215 0.125316 0.224999
0.959106 0.348022 -0.291260 0.143354 0.066218 0.737654
1.334106 0.283813 0.213867 -0.848729 0.117958 0.444064
1.177246 0.265015 0.567139 -0.727685 -0.249919 -0.226423
0.829102 0.308350 0.437012 0.021835 -0.230932 -0.301185
0.888550 0.236694 0.073853 0.223575 0.099446 0.226660
1.309082 0.289795 0.245728 -0.254429 0.182040 0.386390
1.173462 0.259033 0.404419 -0.219065 -0.063133 -0.181328
1.173950 0.197144 0.426025 -0.100395 0.081645 -0.139081
1.017212 0.343262 0.503052 0.205774 0.339159 -0.146676
0.598022 0.438843 0.113037 0.822621 0.300235 -0.151660
0.593384 0.485474 -0.198486 0.728160 0.469222 0.332039
1.022705 0.364624 -0.219604 -0.156170 0.441690 0.544459
1.238159 0.230347 0.246094 -0.901181 0.097310 0.079746
1.189819 0.110840 0.549683 -0.861783 -0.041772 -0.252293
1.093872 0.203369 0.697021 -0.335362 0.102768 -0.164002
0.829590 0.300781 0.402588 0.542085 0.228084 -0.088053
0.770874 0.328735 0.037720 0.762574 0.522149 0.317087
1.090576 0.383911 -0.039185 0.169461 0.516452 0.490345
1.024048 0.424927 0.203247 -0.205062 0.006408 -0.098259
0.863892 0.315552 0.292603 -0.331564 -0.114635 -0.173258
1.027344 0.192871 0.319824 -0.364555 0.232831 0.205062
1.110107 0.226318 0.433716 -0.271280 0.245885 0.136471
0.995728 0.234253 0.379517 -0.032041 0.108465 -0.032041
1.040283 0.223999 0.336548 -0.023259 0.225473 0.072626
1.078247 0.269409 0.434326 -0.079984 0.304270 0.081882
0.726440 0.345947 0.282959 0.419618 0.212657 -0.145015
0.716675 0.385010 -0.064087 0.442877 0.190822 0.195568
1.117065 0.324463 0.086182 -0.426738 0.164952 0.386865
1.224854 0.144287 0.476929 -0.902605 -0.032990 -0.001661
1.010620 0.199341 0.704590 -0.409175 0.060284 -0.181091
0.914917 0.230957 0.375732 0.304982 0.096597 -0.018038
1.059814 0.248291 0.259644 0.163527 0.226660 0.195094
1.013916 0.283569 0.265015 0.097784 -0.074288 -0.100158
1.004639 0.264038 0.328979 -0.079272 -0.208147 -0.185837
0.910889 0.345459 0.440918 0.009968 0.065743 -0.100395
0.724487 0.374146 0.150635 0.372150 0.157831 -0.012104
0.939697 0.255737 -0.032349 -0.039398 0.184176 0.314713
1.291748 0.203369 0.394653 -0.801498 0.063133 0.181803
1.251831 0.071899 0.676025 -0.723651 -0.185837 -0.313527
0.997070 0.272095 0.801880 0.029193 -0.071202 -0.423178
0.697754 0.271484 0.225830 0.962652 0.012104 -0.302846
0.788208 0.419312 -0.027832 0.751419 0.069778 0.144540
1.062744 0.284180 -0.123291 -0.067167 -0.193432 0.103006
1.416504 0.194214 0.508911 -1.139233 -0.244935 -0.082832
1.083252 0.255981 0.875122 -0.541373 -0.293590 -0.679505
0.542969 0.284302 0.447388 0.816925 -0.049129 -0.505297
0.744995 0.248657 -0.136719 1.006560 0.405377 0.443114
1.326294 0.395752 0.019043 -0.158069 0.377134 0.570091
1.169434 0.320557 0.428955 -0.587655 -0.259650 -0.424127
0.759277 0.318726 0.512085 -0.062658 -0.131012 -0.553478
0.682373 0.317017 0.151123 0.387814 0.502449 0.134097
1.060059 0.307007 0.031982 -0.080696 0.485361 0.495567
1.296265 0.228271 0.452148 -0.744062 0.066693 0.090189
1.185547 0.137817 0.698364 -0.580772 -0.055300 -0.327292
0.950073 0.251221 0.707275 0.112262 0.246834 -0.288131
0.768555 0.318115 0.318359 0.756641 0.309966 -0.167088
0.837891 0.325195 0.070190 0.564633 0.354112 0.084968
1.044434 0.326172 0.219238 -0.138844 0.217641 0.077373
1.092407 0.283691 0.491089 -0.404428 0.029430 -0.253242
0.933838 0.282837 0.586182 -0.091851 0.046756 -0.407039
0.833496 0.289063 0.392334 0.334650 0.113686 -0.264160
0.863892 0.336792 0.233643 0.401105 0.129825 -0.090901
0.942505 0.343750 0.226685 0.150948 0.103243 -0.067642
1.044067 0.306763 0.349609 -0.184413 0.112737 -0.104430
1.090942 0.273804 0.508911 -0.302134 0.066218 -0.241375
1.057861 0.259399 0.554443 -0.088528 -0.080696 -0.398494
1.022705 0.296997 0.502563 0.209809 -0.119620 -0.477529
0.968140 0.349854 0.384888 0.426263 -0.159967 -0.519538
0.937378 0.397461 0.279785 0.435045 -0.153559 -0.533066
0.888916 0.417603 0.249146 0.283384 -0.101344 -0.511706
0.843994 0.408325 0.253540 0.202926 -0.183701 -0.506959
0.831421 0.408936 0.245117 0.195806 -0.301185 -0.447624
0.834595 0.415527 0.264648 0.170410 -0.235442 -0.314476
0.846436 0.428833 0.263306 0.169224 -0.094936 -0.172546
0.839600 0.449463 0.234009 0.177768 0.004035 -0.075237
0.843994 0.473511 0.203247 0.157357 -0.043196 -0.042959
0.877319 0.468384 0.197266 0.062183 -0.138607 -0.050079
0.911865 0.453369 0.249878 -0.089003 -0.091851 -0.010680
0.953491 0.447632 0.306641 -0.124604 -0.113923 -0.017089
0.966797 0.431274 0.323120 -0.082594 -0.132436 -0.070490
0.972534 0.424561 0.326904 -0.003323 -0.065031 -0.065506
0.979858 0.424194 0.300293 0.063133 -0.022073 -0.079034
0.982544 0.416626 0.295776 0.047705 -0.010918 -0.113923
0.958984 0.408691 0.307617 0.052927 -0.000475 -0.134335
0.950684 0.416260 0.292847 0.080221 -0.037974 -0.148338
0.940063 0.420654 0.276367 0.047705 -0.055063 -0.136233
0.927979 0.439331 0.282104 0.016376 -0.048892 -0.106566
0.924194 0.441528 0.288818 0.002373 -0.052215 -0.099208
0.907959 0.436646 0.274902 0.001899 -0.013054 -0.081645
0.896606 0.457275 0.254395 0.014952 -0.045095 -0.071439
0.897095 0.457275 0.255493 -0.014003 -0.075949 -0.063133
0.904297 0.453491 0.269165 -0.037500 -0.071439 -0.038924
0.910522 0.444946 0.282837 -0.048892 -0.069066 -0.015190
0.919067 0.430298 0.284180 -0.063607 -0.042959 0.021361
0.932495 0.436035 0.283569 -0.060996 -0.017801 0.044620
0.935059 0.438599 0.280762 -0.051266 -0.058623 0.034414
0.935547 0.448242 0.265381 -0.028956 -0.161629 0.004509
0.931396 0.454712 0.241943 -0.024921 -0.286470 -0.057674
0.921997 0.454102 0.237671 -0.048180 -0.393985 -0.106091
0.928833 0.459106 0.227539 -0.047705 -0.574363 -0.181328
0.931763 0.456909 0.215942 -0.013054 -0.814789 -0.293353
0.921021 0.459595 0.197998 -0.004509 -0.998491 -0.371438
0.915283 0.450928 0.182739 0.021598 -1.139233 -0.398969
0.931885 0.475220 0.177490 0.113211 -1.341447 -0.449285
0.948853 0.473877 0.155273 0.270805 -1.621509 -0.583382
0.947998 0.484985 0.131348 0.350552 -1.609642 -0.608066
0.926514 0.487427 0.100464 0.333226 -1.383219 -0.508383
0.926147 0.488892 0.062012 0.229271 -0.981402 -0.275552
0.948242 0.500000 0.066772 0.126265 -0.506247 -0.036076
0.948853 0.511353 0.038696 0.168274 -0.303558 0.019699
0.936157 0.520996 -0.002930 0.251818 -0.345567 -0.039873
0.901001 0.531250 -0.048950 0.359096 -0.674046 -0.186787
0.866577 0.515625 -0.102417 0.527370 -1.315814 -0.432434
0.862793 0.533813 -0.132080 0.667164 -1.984639 -0.638445
0.856689 0.537354 -0.131348 0.719616 -2.499431 -0.758065
0.854248 0.530029 -0.187866 0.784410 -2.696898 -0.778951
0.856689 0.536987 -0.234375 0.788207 -2.544050 -0.691847
0.829834 0.555176 -0.280273 0.841609 -2.326172 -0.664553
0.794067 0.551514 -0.342651 0.894298 -2.219369 -0.632512
0.784546 0.548340 -0.409058 0.830216 -1.874276 -0.488921
0.758911 0.562012 -0.427124 0.749995 -1.566683 -0.350314
0.752075 0.547852 -0.448730 0.719378 -1.363995 -0.259413
0.731567 0.542480 -0.454224 0.807432 -1.368029 -0.286944
0.693237 0.550049 -0.518188 0.882194 -1.394374 -0.327530
0.641479 0.558105 -0.594238 0.838286 -1.338599 -0.299049
0.571655 0.536743 -0.643677 0.725075 -1.332903 -0.259888
0.519165 0.523071 -0.674316 0.713920 -1.741128 -0.270331
0.541138 0.536865 -0.708618 0.705375 -2.152202 -0.282198
0.588135 0.540405 -0.732544 0.538525 -2.084322 -0.189635
0.607178 0.544678 -0.727905 0.262024 -1.499753 -0.058623
0.576294 0.514160 -0.723389 0.125553 -0.915659 -0.036076
0.523682 0.493652 -0.758423 0.154983 -0.655534 -0.080458
