0.946777 0.516357 -0.106079 -0.114398 0.231169 0.194144
0.889771 0.469482 -0.035767 -0.237578 0.435282 0.116534
0.947998 0.469604 0.052368 -0.244223 0.198416 0.096835
1.003784 0.440308 0.044556 -0.106328 -0.287419 -0.070015
0.995239 0.458984 0.008423 -0.023259 -0.266296 -0.071677
1.010376 0.454346 0.007813 -0.009731 -0.032990 0.023259
1.005249 0.470825 -0.017090 -0.016614 0.085205 0.016376
1.014160 0.482666 -0.024048 -0.087816 0.195331 -0.023497
1.011353 0.475220 -0.007446 -0.170885 0.263922 -0.108702
1.006348 0.458862 0.026001 -0.219777 0.467086 -0.139319
0.963135 0.451660 0.043335 -0.191534 0.696831 -0.107040
0.937988 0.464111 0.053467 -0.123654 0.848491 -0.014478
0.937134 0.472534 0.058594 -0.088765 0.935121 0.045095
0.917847 0.464478 0.065308 -0.078560 0.952209 0.034652
0.942993 0.487305 0.093140 -0.072389 0.906877 -0.045807
0.893188 0.502441 0.082886 -0.131487 0.771356 -0.207673
0.887695 0.490234 0.097534 -0.195331 0.634648 -0.229745
0.916870 0.480225 0.141357 -0.256328 0.425788 -0.316612
0.908081 0.468994 0.179321 -0.225948 0.336074 -0.339159
0.902466 0.479126 0.208984 -0.205537 0.155695 -0.319935
0.881958 0.506592 0.154419 -0.078560 0.133148 -0.146439
0.972900 0.471436 0.213989 -0.039398 0.059335 -0.028006
0.970459 0.502686 0.208374 0.105379 -0.098971 -0.226185
0.927612 0.501343 0.162842 0.050553 -0.252767 -0.321121
0.941772 0.376099 0.058228 0.065506 -0.699679 -0.095411
0.904053 0.474487 0.014526 -0.028243 -0.955295 0.103006
0.939453 0.516846 0.037476 -0.117009 -1.093427 0.435757
0.852417 0.557373 0.065308 -0.073575 -0.656958 0.544696
0.994263 0.479492 0.120483 -0.277451 -0.522149 0.247783
0.901123 0.432983 0.117432 -0.208147 -0.544459 -0.090664
0.921753 0.445068 0.074097 0.029668 -0.587655 -0.242087
0.892822 0.493042 -0.001465 0.141929 -0.512180 -0.262261
0.911255 0.509888 0.010742 0.006646 -0.450472 -0.105142
0.932983 0.533813 -0.016846 -0.051978 -0.499839 -0.261312
0.904785 0.488281 0.024292 0.105854 -0.223575 -0.377134
0.881714 0.511719 -0.017090 0.243274 -0.099446 -0.285758
0.892822 0.544434 -0.015381 0.286470 -0.318036 -0.142879
0.883911 0.532471 -0.020630 0.168037 -0.649363 -0.111787
0.936523 0.512329 -0.019043 0.108702 -1.029819 -0.196755
1.048218 0.513550 -0.041626 0.163290 -0.824995 -0.328004
0.918579 0.512573 -0.060181 -0.005934 -1.119534 -0.255615
0.889648 0.581177 -0.146851 -0.190110 -0.955532 -0.143828
0.869019 0.566406 -0.169556 -0.373336 -0.621832 -0.033940
0.909302 0.541016 -0.136108 -0.256090 -0.346754 -0.145490
0.844971 0.569214 -0.129761 -0.287656 -0.157119 -0.126502
0.895020 0.590210 -0.130249 -0.309729 -0.101107 -0.297862
0.856201 0.535767 -0.148315 -0.288131 -0.319935 -0.311628
0.911865 0.523315 -0.100464 -0.321359 -0.461864 -0.295489
0.915527 0.580688 -0.156128 -0.492956 -0.502449 -0.532829
0.951172 0.588257 -0.159424 -0.800549 -0.333938 -0.577924
0.910034 0.543945 -0.120972 -0.610439 -0.292641 -0.650312
0.805664 0.612061 -0.176880 -0.444064 -0.176344 -0.444064
0.802124 0.588379 -0.122437 -0.412972 -0.159018 -0.295963
0.833374 0.647095 -0.146362 -0.519538 -0.440741 -0.119620
0.798706 0.648804 -0.109009 -0.861071 -0.463526 -0.217641
0.784546 0.641113 -0.144775 -0.802922 -0.359333 -0.125316
0.777954 0.634033 -0.116333 -0.758777 -0.183701 0.143591
0.745605 0.669800 -0.130005 -0.868428 -0.210521 0.088291
0.724609 0.673218 -0.222778 -0.506247 -0.041060 0.081170
0.817871 0.616455 -0.137207 0.094224 0.443826 0.249445
0.873169 0.600220 -0.040527 0.494142 0.875074 0.256328
0.918701 0.601685 -0.058838 0.435519 1.282112 0.360995
0.895996 0.551514 -0.058472 0.633224 1.648566 0.467323
0.840820 0.486206 0.018921 0.739315 1.280926 0.285758
0.859131 0.554565 0.026855 0.615661 0.797463 0.225948
0.873535 0.529297 0.042847 0.638920 0.294539 0.141217
0.936768 0.577148 0.000488 0.489158 0.206249 0.206011
0.863403 0.530273 -0.008301 0.457117 0.347704 0.431247
0.829468 0.526123 -0.030151 0.533066 0.179667 0.672385
0.876099 0.560669 -0.015015 0.489158 0.134335 0.790343
0.929688 0.524292 0.009521 0.454032 -0.021835 0.738840
0.942993 0.514404 -0.020142 0.534016 -0.204113 0.457117
0.854858 0.506104 -0.068726 0.638208 -0.116534 0.414871
0.838379 0.470093 -0.104614 0.632749 -0.034652 0.667876
0.922485 0.500244 -0.100220 0.496041 0.043196 0.816688
1.004272 0.496216 -0.079590 0.347941 -0.108465 0.707037
1.045654 0.456421 -0.016968 0.340821 -0.132673 0.267957
1.032227 0.447510 -0.064819 0.316849 -0.435519 0.137183
1.008301 0.449341 -0.166016 0.214556 -0.232119 0.159255
1.031250 0.516113 -0.145508 -0.123892 -0.493430 0.107040
1.093872 0.529907 -0.130737 -0.063133 -0.198654 0.036313
1.004639 0.463623 -0.133301 0.000712 -0.295014 -0.200553
0.961548 0.455444 -0.180420 0.066455 -0.380219 -0.278875
0.952637 0.475952 -0.203979 0.028956 -0.232356 -0.234255
0.944702 0.477173 -0.181885 -0.018513 -0.085205 -0.109177
0.955200 0.482178 -0.149414 -0.016851 -0.182277 -0.141217
0.971680 0.454590 -0.121094 0.163765 -0.498889 -0.314713
1.003418 0.476318 -0.148926 0.170648 -0.709173 -0.484174
0.946045 0.473755 -0.194824 0.156645 -0.179667 -0.390187
0.982300 0.504272 -0.191650 0.119145 -0.070727 -0.355298
0.900879 0.506104 -0.218994 -0.020649 0.174682 -0.351026
0.896606 0.488647 -0.170410 -0.123654 0.297150 -0.326343
0.858276 0.463379 -0.159546 -0.166850 0.349602 -0.221676
0.878418 0.474487 -0.106079 -0.091851 0.604031 -0.007358
0.875122 0.482666 -0.093384 -0.081408 0.650550 0.084256
0.834351 0.476563 -0.108032 -0.104192 0.507908 0.153797
0.872681 0.491211 -0.117310 -0.157357 0.374998 0.236866
0.962402 0.509277 -0.116699 -0.267720 0.562259 0.337023
0.944580 0.486206 -0.108154 -0.404665 1.019139 0.332514
0.859619 0.445435 -0.102295 -0.490345 0.985437 0.279587
0.899414 0.473389 -0.042358 -0.481089 0.670961 0.249207
0.955566 0.503784 0.012573 -0.464950 0.502212 0.033228
1.006714 0.449585 0.022095 -0.314001 -0.045095 -0.155695
0.976807 0.457153 0.016479 -0.161154 -0.376184 -0.510519
0.979004 0.461182 0.035645 -0.053639 -0.716056 -0.656246
1.044312 0.472656 0.009399 0.166850 -1.242239 -0.936782
1.000000 0.478027 -0.046753 0.337498 -1.712647 -1.327919
1.006958 0.544556 -0.106934 0.534253 -2.505364 -1.910115
0.832397 0.629272 -0.256958 0.566531 -3.163034 -2.406868
0.729492 0.627197 -0.323120 0.300235 -3.453538 -2.275144
0.724976 0.658325 -0.327515 0.103718 -3.353618 -2.003389
0.687988 0.687866 -0.325684 0.106091 -3.094917 -1.921507
0.624634 0.681274 -0.336548 0.168512 -2.607183 -1.654737
0.614624 0.712524 -0.346558 0.185600 -1.622458 -1.102920
0.557495 0.756714 -0.358032 0.204825 -0.481326 -0.489633
0.508545 0.764404 -0.401611 0.239002 0.196755 -0.024683
0.443604 0.713623 -0.450806 0.367165 0.350552 0.098734
0.433838 0.675293 -0.433105 0.481563 0.283384 0.130537
0.533691 0.684082 -0.443115 0.558224 0.292878 0.234967
0.572510 0.725098 -0.483154 0.531405 0.709173 0.371675
0.592285 0.717896 -0.499390 0.408225 1.228236 0.576737
0.528442 0.634033 -0.515259 0.259176 1.349280 0.648651
0.562378 0.665405 -0.506470 0.220726 1.457032 0.652448
0.654907 0.658569 -0.465576 0.055775 1.404342 0.761625
0.736938 0.631836 -0.423340 -0.015664 1.536541 0.815264
0.773315 0.617065 -0.382080 -0.039161 1.900621 0.885517
0.777100 0.602051 -0.379517 -0.083781 2.032820 0.891213
0.802246 0.597656 -0.354980 -0.184413 1.940019 0.920880
0.888672 0.596924 -0.278564 -0.349128 2.255445 1.184091
0.884033 0.575684 -0.238525 -0.492006 3.006389 1.602996
0.859741 0.557129 -0.201538 -0.611389 2.916675 1.616762
0.863525 0.514038 -0.134888 -0.738128 2.153863 1.306084
0.934814 0.467163 -0.045410 -0.822859 1.561936 1.138759
0.970215 0.465698 0.000244 -0.828555 1.559326 1.183853
1.020264 0.424561 0.076660 -0.764236 1.300387 1.065183
1.012573 0.388550 0.090454 -0.599759 0.708935 0.608778
0.997681 0.371460 0.094360 -0.459253 0.328242 0.322308
0.995361 0.372803 0.100830 -0.339397 0.247071 0.223812
0.995850 0.386719 0.091553 -0.271043 0.002373 0.068591
1.015381 0.395386 0.083496 -0.227609 -0.388289 -0.128876
1.016846 0.400513 0.035522 -0.154746 -0.990658 -0.489633
1.053101 0.443237 -0.029785 -0.092088 -1.918422 -1.000389
1.089111 0.479248 -0.062866 -0.105854 -3.045788 -1.674198
1.042358 0.448486 -0.054810 -0.168749 -3.292859 -1.912488
1.027954 0.414429 -0.019043 -0.071202 -2.659635 -1.599674
0.936401 0.415039 -0.062500 0.205062 -1.441605 -1.091765
0.869995 0.479248 -0.147949 0.480139 -0.643192 -0.692084
0.827637 0.553955 -0.225098 0.615186 -0.373574 -0.562971
0.810181 0.605957 -0.267944 0.576500 -0.354824 -0.496753
0.814819 0.628540 -0.283325 0.510994 -0.434807 -0.572227
Button EXTI
Button EXTI
BUTTON_HOLD
