0.272705 1.008911 0.054932 -0.364080 0.753793 0.760676
0.532227 0.881226 -0.292725 -0.093749 0.334412 0.648176
0.434204 0.943970 -0.297729 0.081645 0.152135 0.527133
0.714478 1.067383 -0.349121 0.032278 0.832352 0.609253
0.698730 1.052856 -0.351074 -0.114635 0.743112 0.280062
0.604370 0.996460 -0.366333 -0.364792 0.827368 0.206249
0.620850 0.900269 -0.305786 -0.668825 1.351416 0.426738
0.621826 0.863770 -0.204224 -0.792005 1.617474 0.437893
0.642212 0.812500 -0.151978 -0.805058 1.479817 0.282435
0.602905 0.769531 -0.073364 -0.793191 0.960516 0.040348
0.568848 0.757568 -0.018555 -0.697543 0.699442 -0.066930
0.550293 0.729736 -0.031372 -0.611389 0.518589 -0.046044
0.545410 0.722778 -0.015137 -0.632749 0.728160 0.130062
0.563965 0.744507 0.025391 -0.590977 1.003000 0.168274
0.515503 0.769775 0.069214 -0.444064 0.912336 0.048417
0.514648 0.796387 0.073608 -0.239476 0.643430 0.038686
0.550049 0.806885 0.059082 -0.033702 0.426975 0.134097
0.607544 0.822388 -0.003662 0.156645 0.314476 0.219540
0.648315 0.841797 -0.054810 0.196755 0.367877 0.220964
0.643066 0.865845 -0.061401 0.119382 0.452845 0.155933
0.597168 0.871826 -0.036255 -0.032753 0.470171 0.114161
0.589600 0.853394 0.015015 -0.153322 0.453557 0.172309
0.608887 0.853760 0.064941 -0.191771 0.402529 0.221913
0.634521 0.843262 0.091553 -0.142879 0.264160 0.199128
0.657715 0.839478 0.088745 -0.044857 0.117483 0.126502
0.678955 0.825562 0.053711 0.016614 0.066455 0.110601
0.712280 0.828857 0.053345 0.017089 0.276976 0.120569
0.693848 0.830811 0.039673 0.008307 0.398257 0.071439
0.653076 0.811523 0.034180 -0.008544 0.477529 0.056724
0.631470 0.816650 0.044189 0.007832 0.418668 0.042959
0.619507 0.818237 0.045044 0.031092 0.295014 0.000712
0.618652 0.821167 0.047729 0.052690 0.179667 -0.025633
0.654053 0.827271 0.038818 0.041535 0.201977 0.030142
0.670410 0.819946 0.040649 -0.008070 0.560360 0.126265
0.646362 0.831177 0.028564 -0.033940 0.631562 0.141929
0.631592 0.830933 0.016968 -0.060759 0.426738 0.095885
0.650757 0.814209 0.032349 -0.104192 0.145490 0.061234
0.682373 0.820068 0.063232 -0.108465 -0.130774 -0.002373
0.703369 0.814087 0.087036 -0.092088 -0.222625 -0.060284
0.699829 0.801147 0.093628 -0.067642 -0.053164 -0.063133
0.675903 0.818848 0.086914 -0.030854 0.062895 -0.054114
0.668213 0.826538 0.077026 -0.023497 0.096360 -0.053402
0.653931 0.830200 0.078857 -0.013054 0.018987 -0.084018
0.653931 0.830566 0.071777 -0.013054 -0.019699 -0.101582
0.650879 0.826416 0.082886 -0.047943 0.059335 -0.075712
0.649658 0.818726 0.103760 -0.077136 0.158069 -0.044383
0.649048 0.805054 0.106689 -0.073338 0.243274 -0.016139
0.657349 0.807617 0.105347 -0.064082 0.328954 0.015902
0.651489 0.805054 0.104980 -0.072626 0.418668 0.065269
0.651245 0.806885 0.108765 -0.052927 0.362181 0.050316
0.650757 0.811035 0.104614 -0.024209 0.191534 -0.000712
0.656128 0.809448 0.096802 -0.016851 0.003085 -0.046044
0.674438 0.811768 0.103638 -0.013291 -0.085680 -0.065743
0.665527 0.808838 0.105225 -0.008307 -0.048892 -0.065031
0.647217 0.806641 0.104370 0.005696 0.039873 -0.051740
0.632080 0.819946 0.088135 0.027057 0.085917 -0.035601
0.615234 0.821167 0.075439 0.023734 0.036788 -0.043433
0.613647 0.822876 0.076050 -0.000712 0.014240 -0.014003
0.625977 0.826782 0.087646 -0.035364 0.005696 0.018275
0.641113 0.820190 0.107666 -0.046281 0.008544 0.029668
0.652100 0.818604 0.109131 -0.024209 0.006171 0.016614
0.645874 0.813721 0.094360 -0.017089 0.040823 0.020411
0.641724 0.823975 0.093384 -0.025395 0.023734 0.013766
0.635742 0.819458 0.086914 -0.030854 -0.065981 -0.006646
0.650269 0.818115 0.104004 -0.054826 -0.051503 0.019699
0.663208 0.805176 0.115479 -0.068354 0.004747 0.055538
0.679810 0.806274 0.123413 -0.043196 0.023971 0.061708
0.684326 0.815430 0.115845 -0.009731 0.023734 0.046281
0.684082 0.821289 0.095581 -0.014003 0.022073 0.022547
0.671143 0.817139 0.092407 -0.024921 0.024446 0.000000
0.684937 0.810913 0.102173 -0.023497 0.058148 0.005934
0.675415 0.813721 0.094849 -0.009256 0.058860 -0.015427
0.670410 0.813965 0.094360 0.006883 0.094699 -0.012579
0.646606 0.815063 0.084351 0.008070 0.068117 -0.020174
0.648926 0.812256 0.081177 -0.010680 0.017563 -0.019225
0.632690 0.804932 0.088379 -0.028006 0.004747 -0.022073
0.638550 0.805298 0.093018 -0.043433 0.055775 0.024683
0.651001 0.801514 0.098633 -0.047705 0.063370 0.035601
0.658447 0.802002 0.098999 -0.032516 0.007120 0.016614
0.656738 0.809814 0.091309 -0.031804 -0.012816 0.020886
0.682251 0.802490 0.093018 -0.050316 0.056962 0.060759
0.690796 0.805298 0.105225 -0.039636 0.038212 0.044857
0.692505 0.807495 0.090698 -0.040348 0.049604 0.038924
0.706543 0.808838 0.091064 -0.096123 0.273891 0.090901
0.702393 0.817749 0.089233 -0.118907 0.271992 0.071439
0.683472 0.805542 0.100830 -0.128876 0.219777 0.037262
0.672485 0.806274 0.119873 -0.135759 0.205537 0.015190
0.663330 0.798340 0.129761 -0.117721 0.155695 0.005934
0.669800 0.788452 0.135132 -0.092088 0.143828 0.022310
0.675659 0.798584 0.134155 -0.069541 0.141455 0.040111
0.671875 0.798828 0.135742 -0.058623 0.159255 0.031092
0.670288 0.793091 0.142822 -0.067642 0.188686 0.050316
0.672607 0.795410 0.150513 -0.079034 0.252293 0.081170
0.665771 0.792358 0.150635 -0.076424 0.292403 0.079272
0.664673 0.791992 0.155396 -0.056962 0.255141 0.079509
0.661621 0.802612 0.140869 -0.034652 0.160442 0.056724
0.681396 0.797485 0.146729 -0.050553 0.069303 0.036313
0.683960 0.790283 0.155884 -0.063845 0.082120 0.034652
0.694580 0.782104 0.166992 -0.074525 0.115347 0.053164
0.709229 0.785278 0.175293 -0.057674 0.139319 0.052452
0.696167 0.776733 0.175903 -0.021835 0.158306 0.035126
0.687744 0.786011 0.161743 0.001424 0.216692 0.050553
0.679199 0.793091 0.146118 0.003560 0.236154 0.049841
0.671631 0.790283 0.137329 -0.019462 0.199366 0.046281
0.682861 0.793457 0.147827 -0.032753 0.092325 0.030617
0.693237 0.784058 0.149658 -0.062420 0.073575 0.037500
0.697632 0.782959 0.164551 -0.084256 0.192958 0.075949
0.670288 0.783081 0.179077 -0.074525 0.204587 0.078085
0.693970 0.786743 0.163696 -0.039398 0.096835 0.084968
0.692505 0.776733 0.159180 -0.022547 0.009968 0.046044
0.692261 0.786377 0.161377 -0.031092 -0.006883 0.001187
0.681763 0.774658 0.179932 -0.038212 0.040585 -0.020174
0.710815 0.765503 0.208740 -0.013528 -0.028956 -0.016614
0.707031 0.780518 0.167358 -0.000712 0.033465 -0.017326
0.704590 0.781982 0.176880 -0.044145 0.280774 0.054351
0.708862 0.786133 0.181763 -0.045332 0.225473 0.025633
0.686890 0.778076 0.164795 -0.034889 0.108702 -0.023971
0.687866 0.777344 0.171875 -0.030380 0.052452 -0.028006
0.685425 0.779663 0.170898 -0.031329 -0.021835 -0.045807
0.686279 0.776123 0.181030 -0.049841 0.026582 -0.014715
0.693604 0.777832 0.185425 -0.059098 0.068354 0.005459
0.693359 0.775146 0.180542 -0.055538 0.116771 0.027769
0.689209 0.784058 0.168945 -0.047943 0.076661 0.003560
0.681763 0.775635 0.163574 -0.070253 0.076424 0.007832
0.688721 0.774780 0.176758 -0.090189 0.119857 0.033940
0.702881 0.778687 0.166260 -0.082594 0.115822 0.037025
0.702881 0.786621 0.159912 -0.090189 0.131012 0.035364
0.693481 0.784912 0.157959 -0.112974 0.102294 0.026819
0.703857 0.784546 0.165283 -0.143828 0.090427 0.034414
0.709839 0.772339 0.177979 -0.181328 0.147863 0.050553
0.702026 0.773926 0.180908 -0.194856 0.232119 0.077610
0.698364 0.781128 0.172729 -0.206486 0.248733 0.086629
0.692383 0.772461 0.186768 -0.240426 0.223100 0.081645
0.691406 0.760620 0.214966 -0.272704 0.237103 0.086867
0.686523 0.752075 0.223145 -0.285995 0.272704 0.094699
0.677368 0.747192 0.231323 -0.318985 0.325394 0.132673
0.670044 0.734985 0.253662 -0.376659 0.512180 0.241138
0.693115 0.746704 0.303101 -0.376896 0.506009 0.280299
0.684570 0.720093 0.276733 -0.376184 0.501500 0.231407
0.687134 0.725220 0.358154 -0.409412 0.604031 0.264397
0.708862 0.709473 0.360229 -0.334175 0.423415 0.214318
0.710083 0.706909 0.353760 -0.280774 0.452845 0.184176
0.687500 0.714478 0.367432 -0.281486 0.374760 0.184651
0.712402 0.722412 0.398315 -0.263210 0.369539 0.195331
0.730469 0.708252 0.386719 -0.219777 0.252530 0.138844
0.715820 0.702881 0.378784 -0.197230 0.207435 0.119382
0.719360 0.692261 0.370972 -0.177293 0.140980 0.096597
0.722534 0.697144 0.369263 -0.117721 0.093987 0.057674
0.725830 0.705322 0.363647 -0.076424 0.017563 0.004984
0.727173 0.700562 0.353516 -0.062895 -0.016851 0.004509