0.942505 0.392090 0.026001 -0.101819 -0.592401 -0.390662
1.004639 0.238525 -0.127808 -0.150236 -0.551341 -0.244935
0.893433 0.157593 -0.350464 0.035601 -1.670164 0.080458
1.091675 0.150757 -0.438477 -0.166850 -0.987810 0.328242
1.238770 0.183960 -0.411011 -0.339159 -0.984725 0.179904
1.213379 0.231812 -0.459229 -0.351264 -1.443741 -0.113449
1.188965 0.204590 -0.495972 -0.481801 -1.079424 -0.203163
1.146240 0.221924 -0.537598 -0.705138 -0.746435 -0.187973
1.170410 0.179932 -0.505249 -1.011782 -0.575076 -0.110601
1.175415 0.180908 -0.387207 -1.308694 -0.458779 -0.164239
1.123291 0.149658 -0.243164 -1.508772 -0.281723 -0.230695
1.101929 0.173828 -0.010376 -1.573329 -0.292878 -0.324207
1.006714 0.144165 0.144653 -1.538202 -0.373811 -0.448810
0.947021 0.159790 0.284180 -1.526335 -0.308780 -0.371438
0.970581 0.139526 0.431274 -1.449437 -0.111550 -0.211945
1.012085 0.125610 0.528442 -1.206401 -0.045332 -0.152847
0.906006 0.153809 0.520020 -0.844931 -0.309492 -0.242799
0.921997 0.156372 0.461914 -0.497228 -0.670249 -0.109889
0.956055 0.243774 0.385376 -0.217404 -0.693508 -0.041772
1.008423 0.335815 0.195313 -0.082832 -0.316375 -0.067405
0.947266 0.342529 0.103149 -0.186075 -0.111787 -0.136945
0.905273 0.357422 0.106812 -0.285046 -0.168512 -0.128164
0.870728 0.338989 0.125610 -0.359808 -0.080696 -0.090901
0.817627 0.332520 0.156738 -0.304270 -0.022547 0.001424
0.810425 0.329468 0.131348 -0.211708 0.040348 0.076661
0.799561 0.357544 0.072510 -0.158306 0.039636 0.149999
0.748291 0.318604 0.052246 -0.212894 0.069541 0.195094
0.728638 0.278809 0.056152 -0.266296 0.022073 0.273891
0.640015 0.239502 0.041870 -0.264634 0.014240 0.338922
0.512329 0.208008 0.033325 -0.272467 -0.037025 0.454269
0.427368 0.209839 0.083374 -0.304270 -0.346754 0.532829
0.359253 0.131958 0.167358 -0.305932 -0.773492 0.611389
0.418091 0.026978 0.188843 -0.088053 -1.134961 0.972858
0.696411 -0.016602 0.059326 0.351976 -0.978317 1.611303
1.171631 -0.046265 -0.086182 0.674046 -0.676420 2.003389
1.584839 -0.032104 -0.308472 0.722464 -0.718904 1.837014
1.771606 0.011719 -0.381226 0.432434 -0.323969 1.347855
1.689575 -0.032471 -0.308716 0.160679 -0.299998 0.841846
1.746582 0.048462 -0.295776 0.105616 -0.193432 0.658145
1.658691 0.034668 -0.228638 0.032990 0.283622 0.372862
1.497192 0.075562 -0.238281 0.037500 0.304982 0.099446
1.307739 0.070190 -0.197754 -0.057436 0.493668 -0.085443
1.105713 0.106812 -0.132446 -0.115110 0.287894 -0.245885
0.976074 0.110840 -0.119873 -0.070965 -0.022073 -0.182277
0.971313 0.097290 -0.103760 -0.053876 -0.007120 0.027531
1.004028 0.109131 -0.094849 0.032990 0.200553 0.201977
1.031006 0.108643 -0.150757 0.126028 0.042009 0.213844
1.057129 0.078735 -0.175049 0.080696 -0.028481 0.204587
1.072388 0.057617 -0.138428 0.015190 -0.051028 0.163053
1.087158 0.043335 -0.169922 -0.032990 -0.053164 0.198416
1.106567 0.017822 -0.115601 -0.072626 0.223337 0.198179
1.111572 0.030396 -0.112183 -0.023497 0.181091 0.138132
1.123413 -0.005127 -0.104736 -0.011630 0.087816 0.093749
1.106567 0.052002 -0.108154 0.053876 0.055775 0.008782
1.085815 0.059204 -0.148804 -0.028481 -0.029668 -0.079746
1.064697 0.023926 -0.112549 -0.128876 -0.045807 -0.071914
1.082397 0.000610 -0.096558 -0.122230 -0.031566 -0.014003
1.075562 0.003540 -0.072388 -0.071439 0.177056 0.018513
1.072144 0.006958 -0.089478 -0.005696 0.054826 -0.003085
1.061401 0.013184 -0.114868 0.014952 0.057199 -0.007358
1.043457 0.025879 -0.122192 0.004035 0.048417 -0.026107
1.039673 0.022583 -0.135620 -0.016614 -0.054351 -0.037025
1.053345 0.031128 -0.130371 -0.043908 -0.051740 -0.046044
1.041992 0.014038 -0.119629 -0.075949 -0.062420 -0.044620
1.047607 0.001465 -0.102783 -0.066455 -0.051978 -0.040348
1.040405 0.006836 -0.098633 -0.044145 0.066693 -0.001661
1.056030 0.010376 -0.099487 -0.035364 0.068591 -0.002611
1.046387 0.012695 -0.105103 -0.023497 -0.018275 -0.026107
1.042603 0.015503 -0.110107 -0.036076 -0.003797 -0.007832
1.060791 0.013672 -0.101196 -0.029668 -0.001899 -0.036076
1.056274 0.016235 -0.103882 -0.014003 -0.031092 -0.078085
1.032715 0.006836 -0.093384 0.020411 -0.033940 -0.054826
1.018921 0.019165 -0.120728 0.002136 0.015427 -0.015190
1.036865 0.036987 -0.124634 -0.017089 0.035838 -0.009256
1.040527 0.024048 -0.116943 -0.017563 0.011392 -0.028956
1.043579 0.028809 -0.127075 -0.023259 -0.013528 -0.025158
1.038818 0.014282 -0.120361 -0.037737 0.030854 -0.010206
1.055298 0.017944 -0.122803 -0.045095 0.040348 -0.007120
1.043945 0.025635 -0.107056 -0.045807 0.056962 -0.007595
1.038818 0.014771 -0.111328 -0.026107 0.012342 -0.013291
1.039795 0.015381 -0.117432 -0.033702 0.022310 0.012816
1.063477 0.013672 -0.104004 -0.031566 -0.000712 -0.004984
1.072998 0.006104 -0.108765 0.002848 -0.047705 -0.040585
1.063232 0.016357 -0.130371 0.000237 -0.046519 -0.037737
1.052612 0.019287 -0.140503 -0.046993 0.026819 -0.032041
1.042725 0.022583 -0.116699 -0.052215 -0.012104 -0.038686
1.040405 0.020020 -0.116699 -0.030142 -0.018987 -0.031329
1.042969 0.019897 -0.133667 -0.040111 0.013291 -0.037737
1.034668 0.019653 -0.128052 -0.052927 -0.028956 -0.051028
1.035034 0.010132 -0.118530 -0.062420 -0.022547 -0.037974
1.047363 0.002075 -0.103027 -0.055063 0.035126 -0.016614
1.058228 0.005981 -0.097412 -0.036788 0.056250 -0.026107
1.038330 0.013550 -0.106567 -0.034414 0.060284 -0.026107
1.034912 0.012817 -0.097290 -0.021361 0.009019 -0.026345
1.037964 0.027344 -0.114014 -0.009731 0.001424 -0.034652
1.034790 0.036621 -0.132935 -0.029668 -0.018987 -0.023971
1.041016 0.033569 -0.133789 -0.061471 -0.053164 -0.043671
1.037109 0.022949 -0.125610 -0.067405 -0.041535 -0.035126
1.042725 0.019165 -0.113525 -0.052927 -0.003085 -0.019225
1.041260 0.017700 -0.115845 -0.027531 -0.020649 -0.019699
1.038330 0.020874 -0.120361 -0.014478 0.017563 -0.001899
1.042725 0.024414 -0.128418 -0.027057 0.022073 0.002373
1.047241 0.025146 -0.129150 -0.041060 -0.056487 -0.016614
1.051758 0.021606 -0.136963 -0.054351 -0.042247 -0.025158
1.056274 0.019287 -0.125732 -0.066218 -0.031329 -0.025633
1.052002 0.008301 -0.119263 -0.057911 0.026107 -0.016139
1.050293 0.012573 -0.112427 -0.048180 0.070490 -0.008782
1.049438 0.010864 -0.106201 -0.042959 0.070727 -0.011630
1.048462 0.013184 -0.114380 -0.034177 0.023259 -0.029668
1.045410 0.018677 -0.112915 -0.025158 0.001424 -0.033465
1.041382 0.025879 -0.122681 -0.007358 -0.028718 -0.034889
1.033813 0.026001 -0.127686 -0.007595 -0.029905 -0.034414
1.041748 0.031982 -0.141968 -0.022547 -0.030854 -0.021835
1.050415 0.026611 -0.127808 -0.050553 0.021361 -0.005696
1.048096 0.018066 -0.132080 -0.047705 -0.002611 -0.027531
1.040405 0.019653 -0.124023 -0.050791 0.015902 -0.032990
1.032837 0.020020 -0.117920 -0.044620 0.000712 -0.035126
1.034180 0.022461 -0.124390 -0.037737 -0.019699 -0.032516
1.031128 0.024536 -0.121460 -0.038449 -0.002848 -0.022073
1.034912 0.025879 -0.123413 -0.037737 0.000475 -0.009731
1.040894 0.028320 -0.131714 -0.051503 0.004035 0.007120
1.050049 0.020386 -0.126709 -0.068354 0.036788 0.017089
1.048462 0.020752 -0.119751 -0.071439 0.047943 0.011867
1.052490 0.016968 -0.115112 -0.070727 0.049604 0.018750
1.057129 0.017578 -0.112793 -0.059810 0.065506 0.019937
1.047729 0.010742 -0.099487 -0.058386 0.043908 -0.015902
1.040161 0.005005 -0.096802 -0.033465 -0.005696 -0.021598
1.049438 0.023560 -0.113037 -0.000949 -0.059098 -0.027294
1.045776 0.021851 -0.133423 -0.004984 -0.081170 -0.034889
1.041504 0.022827 -0.130859 -0.023259 -0.006883 -0.014240
1.051514 0.024414 -0.118408 -0.040585 0.050316 0.002611
1.051514 0.011719 -0.118042 -0.036550 0.004272 -0.015664
1.056274 0.013672 -0.111206 -0.032990 0.004747 -0.017089
1.056519 0.008911 -0.113037 -0.021123 -0.016376 -0.030380
1.059326 0.015991 -0.135742 0.000475 -0.010918 -0.033702
1.057129 0.022827 -0.130249 -0.009968 0.041297 -0.029905
1.040649 0.024536 -0.127197 -0.020174 0.001899 -0.051028
1.031006 0.021851 -0.122681 -0.020886 -0.022073 -0.053876
1.026245 0.023193 -0.126953 -0.010443 0.012342 -0.026819
1.035767 0.024902 -0.136719 -0.014003 0.040348 -0.002373
1.038452 0.024902 -0.128906 -0.027769 0.041535 -0.001661
1.050537 0.015747 -0.122925 -0.036550 -0.015427 -0.025395
1.044067 0.015747 -0.126709 -0.024921 -0.038449 -0.041772
1.040527 0.025757 -0.130493 -0.025395 -0.042721 -0.032516
1.052124 0.027710 -0.123901 -0.042009 0.014715 -0.002373
1.054321 0.023560 -0.119629 -0.049367 0.048417 0.002373
1.058350 0.014893 -0.114868 -0.036788 0.023497 -0.012342
1.060669 0.015869 -0.116211 -0.028006 -0.017563 -0.037262
1.048462 0.015015 -0.120728 -0.023971 -0.026582 -0.050079
1.049805 0.023560 -0.127441 -0.019462 -0.008544 -0.045095
