0.966431 0.329590 0.068848 0.065981 -0.168037 -0.023734
0.935059 0.306030 -0.012451 0.119857 -0.320647 -0.002136
0.947510 0.334351 -0.062744 0.090664 -0.279824 0.039161
0.890381 0.345947 -0.075562 -0.090189 0.205299 0.015902
0.898438 0.331177 0.034668 -0.199128 0.290505 0.149050
0.876953 0.285400 0.037109 -0.193907 0.054114 0.057199
0.760376 0.251221 0.096680 -0.219540 0.135996 -0.060522
0.564819 0.210205 0.214844 -0.345330 0.527370 -0.006408
0.513672 0.165161 0.349976 -0.439554 0.290979 0.082120
0.573242 0.061523 0.546753 -0.464238 -0.146439 0.135759
0.629639 -0.032104 0.664307 -0.054588 -0.435282 0.248021
0.636841 -0.097412 0.623291 0.668588 -0.836387 0.303796
0.697632 -0.035400 0.484741 1.322935 -1.009883 0.585044
0.887451 0.039795 0.320557 1.814941 -0.643667 0.863681
1.137085 0.088745 0.115845 2.098800 -0.577686 0.926102
1.309448 0.078369 -0.058594 2.263514 -0.299761 0.764948
1.359253 0.043823 -0.328735 2.445080 -0.118195 0.624680
1.317505 0.120117 -0.584839 2.401172 0.061708 0.548256
1.307251 0.240723 -0.652588 1.950462 0.294302 0.670012
1.414185 0.298828 -0.640991 1.502601 0.272229 0.706562
1.322998 0.269775 -0.767700 1.330530 -0.352213 0.395172
1.207642 0.340820 -0.901611 1.050705 -0.044857 0.252530
1.207764 0.218262 -0.937866 0.537338 0.391849 0.312815
1.145264 0.213867 -0.928589 0.157594 0.321359 0.258226
1.129883 0.121704 -0.912720 -0.130300 -0.126265 0.270331
1.130859 0.037964 -0.843018 -0.426500 -0.270093 0.318985
1.099365 0.005005 -0.789063 -0.627053 -0.288606 0.276976
1.045776 -0.050537 -0.808960 -0.770881 -0.467323 0.323732
1.051758 -0.072021 -0.801025 -0.855612 -0.365504 0.340821
1.004517 -0.043091 -0.785400 -0.999677 -0.311153 0.342719
0.966431 -0.061157 -0.772827 -1.226812 -0.176581 0.340583
0.978882 -0.062012 -0.681885 -1.591367 -0.097072 0.369301
0.935913 -0.097656 -0.527954 -1.802362 0.382593 0.461627
0.988403 -0.044434 -0.474976 -1.921982 0.210521 0.488921
1.041382 -0.055298 -0.294678 -2.148642 0.335836 0.475155
1.040161 -0.100098 -0.041504 -2.464541 0.722938 0.503636
1.086182 -0.096558 0.250366 -2.449826 0.798887 0.426500
1.090942 -0.092285 0.439941 -2.151964 0.514079 0.264397
1.041016 -0.104614 0.486206 -1.708850 0.393748 0.209809
0.994141 -0.082520 0.570190 -1.343821 0.500551 0.230220
1.128784 0.000610 0.517090 -0.982114 0.564158 0.238527
1.141357 0.111694 0.505493 -0.794378 0.211708 0.048180
1.038940 -0.043945 0.402344 -0.544221 0.165426 -0.053639
1.034546 -0.078125 0.363403 -0.247071 0.288843 -0.060522
1.016602 0.158569 0.234741 0.048180 1.028633 0.219540
1.106201 0.042847 0.102783 0.110126 -0.272941 0.094461
1.080933 0.033691 0.018188 0.184888 -0.109177 -0.090664
1.086548 0.071289 0.022949 0.113449 0.649126 0.015664
1.093506 0.066406 -0.034546 0.119382 0.036550 -0.050791
1.087280 0.053223 -0.104248 0.092800 -0.166376 -0.136471
1.084961 0.065430 -0.072998 -0.010680 0.304270 -0.057199
1.110718 0.065674 -0.042847 -0.057199 0.366928 -0.001187
1.108887 0.062988 -0.045654 -0.040823 0.055538 -0.065743
1.081177 0.044067 -0.033813 -0.056250 0.140743 -0.099920
1.058105 0.065308 0.004272 -0.039636 0.141692 -0.084968
1.057495 0.068726 0.004272 0.005934 -0.010680 -0.073575
1.063354 0.089111 0.014771 0.058148 0.043671 -0.075000
1.048706 0.107910 -0.006714 0.091613 -0.030142 -0.106803
1.032471 0.108521 -0.033813 0.034889 -0.075712 -0.100632
1.061279 0.107056 -0.021606 -0.051740 -0.040348 -0.076186
1.045410 0.090088 0.003174 -0.084968 0.086629 -0.083069
1.039429 0.089844 0.011963 -0.061708 0.145015 -0.065743
1.038818 0.089355 0.010010 -0.038924 0.115110 -0.050316
1.048340 0.085205 0.016602 -0.034414 0.174445 -0.048417
1.046021 0.075684 0.000732 -0.010680 0.114635 -0.070253
1.037231 0.068481 0.019775 -0.013291 0.205537 -0.063370
1.028564 0.071167 0.003174 0.009731 0.142167 -0.058623
1.035889 0.082031 -0.003784 0.016376 0.177531 -0.037025
1.022583 0.105347 -0.014404 0.009019 0.174682 -0.030617
1.027100 0.112915 -0.025269 -0.001661 0.101582 -0.037500
1.047729 0.085815 -0.020142 -0.033228 0.019937 -0.048655
1.073730 0.077026 0.003418 -0.074050 0.045569 -0.031804
1.078369 0.069336 0.016479 -0.064794 0.084493 -0.024209
1.076172 0.076172 0.010498 -0.048180 0.112025 -0.014240
1.070313 0.086060 0.000854 -0.026107 0.069303 -0.044145
1.068604 0.095093 -0.003906 -0.036076 0.003560 -0.066930
1.048950 0.080811 0.000854 -0.054114 0.006883 -0.080933
1.053589 0.092163 0.007935 -0.056250 0.040823 -0.048655
1.071533 0.084106 0.025757 -0.065031 0.055063 -0.041772
1.058716 0.088135 0.028564 -0.063845 0.000712 -0.058860
1.043457 0.082520 0.034302 -0.055300 -0.030854 -0.072151
1.057373 0.089844 0.040527 -0.042959 -0.019699 -0.038449
1.070679 0.097290 0.050171 -0.006171 0.012579 -0.050079
1.049194 0.103882 0.021606 0.035126 -0.017089 -0.060047
1.049683 0.102661 0.005127 0.011867 0.007595 -0.061234
1.057495 0.096191 0.010132 -0.026819 0.018987 -0.055300
1.046265 0.094360 0.006714 -0.010206 -0.092325 -0.100870
1.025146 0.092773 0.001953 -0.003323 -0.112025 -0.091376
1.030396 0.088623 0.011963 -0.005934 0.042484 0.003323
1.035034 0.118042 -0.007446 0.030142 0.037500 0.026819
1.046997 0.126587 -0.021484 0.023022 -0.087816 0.013054
1.051270 0.117188 -0.019531 -0.014715 -0.030380 0.030142
1.062988 0.109619 -0.002441 -0.043908 -0.002611 0.030617
1.066650 0.098877 -0.005127 -0.065743 -0.045095 0.050553
1.093750 0.090210 0.009155 -0.074288 -0.009731 0.059572
1.086548 0.079224 0.019897 -0.085680 0.012816 0.023971
1.078979 0.076660 0.031250 -0.077848 0.031804 0.014240
1.078003 0.073975 0.042358 -0.070015 0.058623 0.003323
1.064087 0.073364 0.035278 -0.047231 0.057911 -0.016614
1.069580 0.083984 0.040771 -0.028956 0.060759 -0.034652
1.045776 0.089966 0.014404 -0.008307 -0.003323 -0.062420
1.041992 0.095215 0.010132 -0.000712 -0.034414 -0.071439
1.051147 0.103516 0.009277 0.003323 -0.026107 -0.066455
1.036499 0.092163 -0.001831 0.005934 -0.006646 -0.031804
1.038574 0.100586 -0.014771 0.026107 0.069303 -0.017089
1.033691 0.110596 -0.025879 0.019699 0.049129 -0.023022
1.032227 0.103271 -0.028198 -0.010443 0.051503 -0.020649
1.032104 0.100098 -0.016846 -0.042959 0.047468 -0.018275
1.039429 0.082642 0.002441 -0.080458 0.012816 -0.008782
1.054688 0.076660 0.020386 -0.068829 0.054588 0.014478
1.058838 0.069214 0.026001 -0.059572 0.055063 0.016376
1.051758 0.067871 0.028809 -0.044620 0.077373 0.023259
1.057739 0.082031 0.025269 -0.036076 0.061946 0.032516
1.072754 0.089844 0.032715 -0.035126 0.022547 0.032990
1.078735 0.087769 0.031494 -0.020886 -0.039873 0.002848
1.070923 0.098145 0.008423 -0.015190 -0.050791 -0.015427
1.074219 0.096802 0.016113 -0.042959 0.002611 -0.005459
1.072876 0.090576 0.016724 -0.027294 0.049367 -0.005696
1.050537 0.095825 0.000732 -0.004984 0.009731 -0.023022
1.054077 0.095337 0.005493 -0.028956 0.019225 -0.026345
1.045410 0.089966 0.015259 -0.038449 0.022073 -0.034177
1.046509 0.091431 0.013916 -0.032041 0.006646 -0.030380
1.051514 0.084473 0.015991 -0.043671 0.014952 -0.027057
1.057739 0.095581 0.026978 -0.041772 0.016614 -0.022310
1.060181 0.088257 0.025391 -0.028006 0.018513 -0.032278
1.043335 0.098389 0.010498 -0.014952 0.020886 -0.036313
1.055908 0.102417 0.016479 -0.030142 0.004509 -0.038924
1.053467 0.084229 0.019165 -0.038449 -0.015664 -0.055538
1.053711 0.082397 0.006836 -0.029430 0.019699 -0.017089
1.072144 0.088867 0.007690 -0.040823 0.017801 -0.010443
1.071045 0.070923 0.015381 -0.062658 -0.015190 -0.032990
1.071167 0.069092 0.021851 -0.074288 0.063133 -0.034414
1.048950 0.068359 0.034058 -0.071202 0.049129 -0.042959
1.053711 0.075317 0.028076 -0.052215 0.059098 -0.037500
1.039307 0.096558 0.018799 -0.014715 0.045095 -0.060284
1.038818 0.098389 0.008667 -0.024209 0.020649 -0.043196
1.054932 0.092773 0.022583 -0.052452 0.066455 -0.014003
1.077515 0.090210 0.033691 -0.041060 0.051266 -0.021361
1.070190 0.084229 0.028320 -0.033465 0.085680 -0.018513
1.061157 0.102051 0.022095 -0.036788 0.110126 -0.023971
1.040649 0.101318 0.020264 -0.042009 0.033702 -0.037025
1.043579 0.099243 0.033203 -0.045807 0.019699 -0.043196
1.046387 0.103271 0.038086 -0.027769 -0.025870 -0.055538
1.060303 0.103271 0.040771 -0.011630 -0.043908 -0.062420
1.065430 0.110352 0.033813 -0.002848 0.000475 -0.054826
1.054932 0.116455 0.016724 -0.001899 0.001424 -0.063607
1.049927 0.125366 0.019165 -0.015190 -0.019699 -0.063133
1.072266 0.116577 0.025757 -0.005221 0.003323 -0.069303
1.078857 0.112915 0.001709 -0.029668 0.077610 -0.065981
1.074829 0.097778 -0.001709 -0.082120 0.104192 -0.087579
