0.661865 0.411377 0.279663 -0.193907 -0.271517 -0.101344
0.657715 0.389038 0.273071 -0.075949 -0.471358 -0.003560
0.630005 0.428101 0.280884 -0.042959 -0.227847 0.083306
0.572876 0.415771 0.305908 -0.053164 -0.237103 0.227847
0.555542 0.332642 0.363281 -0.111313 -0.463526 0.320647
0.569336 0.239380 0.423828 -0.153559 -0.524047 0.356722
0.519653 0.138794 0.490967 -0.114635 -0.648651 0.384729
0.534058 0.096191 0.538818 -0.048655 -0.787732 0.460440
0.609863 0.024780 0.589722 0.035364 -0.940580 0.534490
0.641479 -0.083130 0.623169 0.356722 -1.005136 0.622781
0.760986 -0.118042 0.650269 0.854900 -0.795327 0.857748
0.947021 -0.092285 0.567627 1.616050 -0.728160 1.051655
1.127686 -0.053101 0.331543 2.520317 -0.542323 1.098886
1.183228 0.016968 0.017456 3.196262 -0.263685 1.009408
1.216919 0.142700 -0.277710 3.428618 0.084493 0.985200
1.187012 0.240479 -0.545654 3.232575 0.424602 1.008934
1.192505 0.335693 -0.696045 2.708527 0.525709 1.067082
1.297485 0.365601 -0.764038 2.142946 0.453795 1.029107
1.329712 0.371826 -0.831665 1.777679 0.105379 0.838049
1.385132 0.354370 -0.984619 1.476969 -0.010918 0.751894
1.370972 0.328125 -1.088379 1.087018 0.188923 0.672148
1.325195 0.290283 -1.080933 0.575788 0.253005 0.576737
1.293945 0.201782 -0.873901 0.081408 0.497940 0.539949
1.308960 0.134888 -0.806885 -0.244460 0.621119 0.509807
1.315308 0.104980 -0.774170 -0.412497 0.436943 0.477766
1.358887 0.072876 -0.725464 -0.534016 0.571278 0.361469
1.333130 0.034790 -0.682129 -0.711071 0.535202 0.174208
1.249512 -0.014038 -0.650024 -0.885042 0.441690 -0.048417
1.122070 -0.026855 -0.609497 -1.088205 0.328954 -0.185125
1.059570 0.046997 -0.558594 -1.315814 0.257040 -0.220252
0.999512 0.060547 -0.481934 -1.570955 0.267245 -0.200315
0.982788 0.028687 -0.392212 -1.874988 0.165901 -0.075474
1.010376 0.000366 -0.245972 -2.123009 0.234967 0.009494
0.991455 -0.013306 -0.090210 -2.245951 0.256328 -0.033228
0.959473 -0.028320 0.003540 -2.232185 0.075712 -0.083544
0.940796 -0.052979 0.088867 -2.170477 0.052927 -0.051266
0.996338 -0.041992 0.195923 -2.064623 0.138369 0.064319
1.083496 -0.052002 0.329956 -1.960431 0.327530 0.171597
1.064819 -0.047363 0.409790 -1.693660 0.412023 0.115347
1.054810 -0.012329 0.424072 -1.405054 0.419618 0.112025
1.056274 0.014404 0.428589 -1.206163 0.379982 0.095411
1.058228 0.026489 0.391846 -1.046433 0.241138 0.021361
1.058350 0.052246 0.393921 -0.970010 0.148812 -0.017801
1.072021 0.060547 0.408691 -0.906403 0.120569 -0.059098
1.082520 0.073975 0.417114 -0.781087 0.071202 -0.124366
1.052002 0.089844 0.386230 -0.618271 0.023259 -0.191771
1.031006 0.103516 0.356201 -0.487497 0.026107 -0.167088
1.046997 0.124023 0.317749 -0.393510 0.011155 -0.177768
1.046265 0.138916 0.279053 -0.343906 -0.007120 -0.229033
1.030273 0.137329 0.283081 -0.333938 0.028243 -0.228084
1.028931 0.123657 0.288330 -0.282910 0.053164 -0.195094
1.036377 0.134277 0.265747 -0.193432 0.069778 -0.143828
1.044556 0.143799 0.251221 -0.120332 0.163765 -0.095885
1.033081 0.163452 0.228149 -0.016614 0.103243 -0.107990
1.010376 0.185913 0.198975 0.056250 0.010443 -0.130537
1.023071 0.210571 0.156738 0.075712 -0.025870 -0.106328
0.975098 0.180298 0.151978 0.089240 0.013054 -0.093512
1.017456 0.199463 0.115112 0.113686 -0.009968 -0.014478
1.015869 0.182617 0.128418 0.083781 -0.054351 -0.030380
1.024658 0.171875 0.109863 0.084256 -0.096123 -0.000237
1.050415 0.146973 0.111816 0.082357 0.034889 0.043908
1.068237 0.150757 0.093140 0.147151 -0.064319 0.053639
1.072388 0.161743 0.057617 0.166138 -0.069066 0.037500
1.065796 0.165771 0.054565 0.120569 -0.129113 0.032516
1.066162 0.162964 0.066162 0.069778 -0.264872 0.005934
1.084351 0.134277 0.088135 0.041060 0.004509 -0.018987
1.112061 0.191650 0.066284 0.116059 0.217641 0.013054
1.071533 0.165649 0.067993 0.100158 0.236866 -0.031804
1.064087 0.162598 0.082275 0.086629 0.228559 -0.042959
1.062622 0.173584 0.101318 0.041772 -0.000475 -0.080458
1.035889 0.160889 0.104004 0.053164 -0.089952 -0.127689
1.031738 0.184204 0.098755 0.088291 0.056250 -0.092088
1.008667 0.188965 0.067505 0.091613 0.037025 -0.077610
0.995361 0.206299 0.060303 0.075237 -0.001661 -0.052215
1.019531 0.201904 0.061890 0.017089 -0.009256 -0.021835
1.021118 0.180664 0.074097 -0.032753 -0.040585 -0.041060
1.008301 0.163574 0.087158 -0.021835 -0.075712 -0.046756
1.022827 0.173218 0.089844 0.008544 -0.093037 -0.014003
1.025879 0.154785 0.094482 0.007120 -0.028718 0.004272
1.030518 0.148682 0.084839 0.008070 0.079984 0.010206
1.032471 0.176147 0.087402 0.018513 -0.013054 0.015190
1.039795 0.157715 0.070190 -0.005696 -0.017326 0.012816
1.060913 0.160522 0.091431 -0.000237 0.052452 0.035126
1.052490 0.169800 0.078491 0.015902 0.055300 0.013291
1.057861 0.174438 0.066650 0.008307 0.037974 0.007832
1.055542 0.174927 0.086060 -0.005221 0.040348 0.005696
1.064697 0.179932 0.079956 -0.003323 -0.012579 0.000712
1.055054 0.178955 0.082397 -0.028956 -0.046756 -0.006883
1.055664 0.166992 0.088379 -0.028481 -0.064794 -0.002136
1.072388 0.170410 0.092041 -0.021123 0.018750 0.001424
1.052002 0.164551 0.090576 0.006171 0.030617 -0.016139
1.058350 0.168335 0.082764 -0.003085 0.043671 -0.016139
1.048706 0.166992 0.087524 -0.024209 0.012579 -0.041772
1.051025 0.162964 0.097778 -0.041535 -0.025870 -0.054588
1.020508 0.159668 0.104370 -0.034652 0.050553 -0.061946
1.018555 0.169434 0.090454 0.014240 0.060996 -0.041772
1.029175 0.187256 0.087646 0.001424 0.014715 -0.033228
1.021240 0.178467 0.092163 -0.029905 0.005696 -0.042959
1.028442 0.186523 0.102905 -0.046519 0.037262 -0.020174
1.031982 0.188965 0.106812 -0.045569 -0.015190 -0.009256
1.023560 0.174072 0.105713 -0.055538 -0.015902 0.003560
1.051392 0.161499 0.118652 -0.040823 0.033465 0.003085
1.057861 0.155029 0.109375 -0.032990 -0.009968 -0.012104
1.060547 0.158569 0.116455 -0.010680 0.086392 -0.007358
1.069336 0.163330 0.101318 0.020174 0.041535 -0.018275
1.067505 0.158691 0.092651 0.018987 0.063607 -0.027294
1.063477 0.166870 0.090698 0.024921 0.045807 -0.036076
1.065552 0.175049 0.075562 0.032990 0.020411 -0.047231
1.050537 0.173462 0.077881 0.009494 0.022785 -0.053402
1.050537 0.178833 0.080811 -0.006171 -0.005934 -0.050791
1.036865 0.175781 0.089111 -0.010443 -0.051266 -0.069303
1.025513 0.175903 0.087524 -0.003085 -0.064319 -0.063845
1.033447 0.177612 0.076538 0.004984 -0.030380 -0.038449
1.052368 0.181763 0.073853 0.003085 -0.009494 -0.021598
1.057129 0.184082 0.060791 -0.013291 -0.065269 -0.041535
1.052979 0.180054 0.075317 -0.035838 -0.060996 -0.052452
1.051392 0.175537 0.084351 -0.047231 -0.053876 -0.057911
1.037354 0.165527 0.088867 -0.055538 -0.006408 -0.050079
1.032715 0.168945 0.096313 -0.052452 0.015427 -0.042959
1.030273 0.162476 0.110474 -0.058623 -0.011867 -0.062420
1.028687 0.170044 0.111694 -0.064082 -0.039161 -0.063845
1.026001 0.164185 0.125000 -0.049367 -0.015190 -0.067167
1.010864 0.178101 0.127197 -0.002611 -0.029905 -0.070490
1.021118 0.183472 0.116333 0.030617 0.001187 -0.049129
1.024414 0.198608 0.101563 0.056250 0.074762 -0.048417
1.029053 0.202759 0.101929 0.053402 0.081645 -0.039161
1.032959 0.197876 0.104858 0.033940 -0.020886 -0.052927
1.032593 0.186279 0.109863 0.032041 -0.025870 -0.076898
1.026001 0.180054 0.110352 0.042484 -0.074525 -0.073101
1.038818 0.174805 0.108398 0.052452 -0.056012 -0.029193
1.051514 0.175049 0.107910 0.066455 -0.031566 -0.016614
1.052368 0.169800 0.108643 0.081882 0.000475 0.006171
1.057861 0.175293 0.102295 0.122468 0.004984 0.005221
1.059570 0.178955 0.085449 0.138369 0.013291 -0.002848
1.057861 0.187012 0.055664 0.155221 -0.008070 -0.006883
1.053711 0.198486 0.036743 0.140505 0.032516 -0.004984
1.052124 0.214111 0.021484 0.120569 0.035364 -0.014478
1.051758 0.208496 0.026367 0.068829 0.059335 -0.018513
1.045410 0.210083 0.035645 0.033228 0.074525 -0.005459
1.040161 0.206177 0.036499 0.010918 0.054351 0.013291
1.050415 0.200806 0.043579 -0.020411 0.019225 0.020411
1.064819 0.185669 0.057251 -0.044145 0.002848 0.026582
1.076416 0.169678 0.063965 -0.041060 -0.014715 0.005221
1.074585 0.173828 0.061279 -0.034652 -0.009968 -0.024683
1.052979 0.170898 0.067505 -0.045807 -0.002848 -0.050316
1.035522 0.171631 0.077637 -0.051266 0.013766 -0.040823
1.031494 0.174561 0.087280 -0.056724 0.038924 -0.028006
1.019409 0.175415 0.083862 -0.046756 0.032516 -0.015190
1.030884 0.193237 0.087402 -0.040823 0.045807 0.000237
1.026001 0.192993 0.088013 -0.038924 0.018750 -0.014952
