0.896484 0.388550 0.138306 -0.126740 -0.211708 -0.117246
0.835327 0.398071 0.226807 -0.099446 0.062183 -0.058386
0.785034 0.329712 0.244873 0.107990 -0.059810 0.030854
0.724365 0.281372 0.172974 0.170648 -0.101107 0.070727
0.607056 0.222412 0.259888 0.001424 0.066455 0.136945
0.478638 0.092041 0.424072 -0.190110 -0.121281 0.152135
0.425781 -0.010376 0.610962 -0.184176 -0.278875 0.288606
0.441650 -0.061279 0.720825 0.092800 -0.459728 0.494854
0.491089 -0.127808 0.705078 0.540186 -0.657670 0.714632
0.512329 -0.173828 0.665894 1.040025 -0.698492 0.988997
0.638428 -0.162354 0.476196 1.661382 -0.743587 1.393425
0.891846 -0.082397 0.157837 2.210825 -0.776103 1.738518
1.199951 0.040527 -0.260132 2.577278 -0.724600 1.870004
1.371704 0.164551 -0.688110 2.510586 -0.365979 1.660195
1.337891 0.186646 -0.831055 1.973959 0.330615 1.415260
1.301392 0.244385 -0.895630 1.572617 0.306406 1.290656
1.384888 0.265381 -1.020020 1.210436 0.400868 1.343109
1.497681 0.359985 -1.270020 0.861783 0.217878 1.212334
1.531128 0.315796 -1.441895 0.090664 0.327767 0.872226
1.498657 0.220337 -1.340698 -0.866529 0.306644 0.517877
1.390259 0.053345 -1.104248 -1.539864 0.171597 0.229033
1.232056 -0.055176 -0.909546 -1.851492 0.240900 0.159255
1.109253 -0.098633 -0.785645 -2.059876 0.208859 0.181328
1.052856 -0.164063 -0.667480 -2.364384 0.111075 0.231644
1.047729 -0.235474 -0.522461 -2.698796 -0.089240 0.230932
1.050903 -0.272583 -0.324219 -2.963431 -0.321121 0.192483
1.066406 -0.322876 -0.119263 -3.049823 -0.395884 0.293115
1.058105 -0.327393 0.074097 -2.935187 -0.378558 0.394222
0.935425 -0.265137 0.216431 -2.685980 -0.982589 0.513367
1.182495 -0.293823 0.357178 -2.663195 -0.237815 0.827131
1.243896 -0.245850 0.580688 -2.356552 0.073575 0.945326
1.302490 -0.225830 0.703735 -1.988912 0.136233 0.992082
1.345825 -0.270142 0.790161 -1.579500 0.222151 0.947462
1.481934 -0.223022 0.806274 -1.115974 -0.159018 0.904029
1.618652 -0.196289 0.799072 -0.699679 0.215030 0.634411
1.658447 -0.172119 0.768066 -0.298574 0.078797 0.224999
1.680786 -0.136475 0.681396 0.033940 0.072151 -0.215030
1.678467 -0.097900 0.606689 0.295014 0.039636 -0.496991
1.661987 -0.112305 0.601440 0.543272 0.259176 -0.726499
1.673462 -0.108032 0.567749 0.823571 0.358858 -0.890263
1.683960 -0.133301 0.474121 1.082746 0.381881 -1.115262
1.572876 -0.185669 0.359253 1.294217 0.573651 -1.480054
1.369873 -0.209351 0.246704 1.476257 0.564633 -1.785748
1.189209 -0.212158 0.162720 1.653312 0.449760 -1.896349
1.095581 -0.176880 0.000122 1.839387 0.528319 -1.860273
0.922119 -0.082397 -0.174194 1.930289 0.684252 -1.901096
0.768677 0.006836 -0.299683 1.750147 0.621832 -1.809482
0.665039 0.089355 -0.338013 1.430687 0.469222 -1.696746
0.558350 0.128662 -0.309814 1.164391 0.325156 -1.503076
0.561035 0.186890 -0.361328 1.051417 0.275552 -1.236306
0.534424 0.221558 -0.370605 0.843270 0.389713 -1.021987
0.573242 0.256714 -0.369141 0.598098 0.277925 -0.798887
0.633423 0.275024 -0.307983 0.402529 0.187736 -0.614949
0.653931 0.291870 -0.304199 0.299286 -0.002373 -0.492244
0.692017 0.304810 -0.275269 0.167088 -0.084730 -0.369776
0.741455 0.308472 -0.248413 0.072389 -0.070253 -0.239476
0.776245 0.306763 -0.233887 -0.021835 -0.077136 -0.112499
0.844971 0.282837 -0.168823 -0.128401 -0.046281 -0.035126
0.886230 0.263062 -0.118774 -0.154509 -0.011155 0.010206
0.923950 0.297241 -0.099976 -0.116534 -0.046756 -0.000712
0.945801 0.304321 -0.074951 -0.122942 -0.082832 0.004272
0.968506 0.338623 -0.066040 -0.095173 -0.062420 0.018987
0.978638 0.358887 -0.065796 -0.101107 0.004035 0.022547
0.985474 0.353149 -0.035645 -0.151898 -0.025395 0.005934
1.003906 0.355469 -0.003296 -0.165189 -0.042959 -0.070253
0.966675 0.364990 -0.019531 -0.114161 -0.188448 -0.136945
0.959229 0.397827 -0.021851 -0.085205 -0.124129 -0.130062
0.921875 0.406128 -0.015015 -0.073338 -0.111313 -0.086867
0.931519 0.412964 -0.014893 -0.079509 -0.067167 -0.037500
0.932129 0.410767 -0.025391 -0.107278 -0.108702 -0.016139
0.967407 0.411743 -0.031860 -0.122705 -0.025158 0.047231
0.981567 0.401978 -0.027954 -0.152135 -0.038924 0.053876
1.022217 0.393066 -0.012329 -0.184888 -0.062420 0.065981
1.028076 0.364502 0.014404 -0.193195 0.010918 0.024683
1.065552 0.368164 -0.000977 -0.152610 0.022310 0.023022
1.054810 0.352661 0.021973 -0.122942 0.087341 0.001187
1.057861 0.348633 0.010864 -0.090189 0.101819 -0.017801
1.044556 0.364014 0.016602 -0.099446 0.083544 -0.066455
1.008179 0.369385 0.032227 -0.112025 0.058860 -0.108465
0.976685 0.364380 0.067017 -0.090189 0.105854 -0.110363
0.956787 0.383545 0.049927 -0.021598 0.102531 -0.103718
0.944336 0.404907 0.026489 0.017089 0.079746 -0.088528
0.937012 0.418579 0.014038 0.018513 0.042247 -0.062183
0.953003 0.411621 -0.000732 -0.003797 0.013528 -0.028956
0.961914 0.398804 -0.008179 -0.002136 -0.014952 -0.033465
0.952148 0.391968 -0.012451 -0.010680 -0.013291 -0.036550
0.957153 0.385620 -0.013916 -0.005934 -0.023497 -0.034889
0.952637 0.394287 -0.026978 -0.015664 -0.051503 -0.041297
0.967773 0.391602 -0.020386 -0.042721 -0.058386 -0.030617
0.974731 0.398926 -0.020264 -0.047705 -0.047231 -0.002848
0.984375 0.395752 -0.023804 -0.064319 -0.066218 -0.016139
0.976074 0.390991 -0.008789 -0.085443 -0.074050 -0.016851
0.976318 0.390503 -0.002930 -0.079272 -0.070015 -0.006171
0.983276 0.400879 -0.009644 -0.068117 -0.083306 -0.010443
0.975098 0.407593 -0.013306 -0.076186 -0.046044 -0.002611
0.973633 0.394775 -0.008179 -0.097072 -0.048655 0.005221
0.976318 0.398560 0.012207 -0.105616 -0.030380 0.018750
0.978394 0.391113 0.003540 -0.090901 -0.029905 0.025870
0.970703 0.386230 0.007202 -0.093749 -0.016376 0.021123
0.990356 0.383545 0.009155 -0.108227 -0.068591 0.024921
1.004395 0.389038 0.016479 -0.089952 -0.015902 0.020174
1.003662 0.391846 0.008545 -0.078322 0.024683 0.026107
1.000000 0.376709 0.009277 -0.079509 -0.012579 0.003560
0.989746 0.368042 0.009277 -0.056487 -0.010443 -0.017089
0.985596 0.389160 -0.015625 -0.009256 0.064319 0.009019
0.968018 0.408447 -0.030518 -0.030617 0.033465 -0.000475
0.970825 0.408691 -0.008301 -0.080221 0.025395 -0.008782
0.989990 0.410522 0.011841 -0.074525 0.060996 0.025870
0.993042 0.400513 -0.009644 -0.057199 0.035601 0.006646
0.997559 0.390747 -0.013062 -0.074525 0.020886 -0.005459
1.004150 0.374023 0.015625 -0.093512 0.012342 -0.027294
0.978882 0.359741 0.022827 -0.064557 0.018750 -0.040823
0.974487 0.363770 0.013794 -0.027057 0.051503 -0.011155
0.979004 0.373413 0.010864 -0.016851 0.066693 -0.014715
0.961426 0.389404 -0.000122 -0.003560 0.027294 -0.035126
0.960938 0.402466 -0.000244 -0.009256 0.027057 -0.018987
0.972534 0.405029 -0.003174 -0.031092 -0.013054 -0.024209
0.963379 0.386719 0.009644 -0.042484 0.012104 -0.006171
0.980225 0.388306 0.001953 -0.013054 0.042247 0.040348
0.996216 0.386719 -0.025146 -0.013291 0.035364 0.033228
0.998901 0.383301 -0.031250 -0.043671 0.037974 0.022310
1.016724 0.376953 -0.036865 -0.070015 0.032278 0.039161
1.020020 0.372803 -0.025635 -0.085680 0.023971 0.016139
1.016113 0.372314 -0.019287 -0.099208 0.033228 -0.012342
1.014038 0.372437 0.006958 -0.098022 0.054114 -0.008307
1.012573 0.378052 0.011841 -0.080458 0.004984 -0.013291
1.009399 0.371338 0.022095 -0.080458 0.002373 -0.029193
1.012573 0.366333 0.026978 -0.065506 -0.016376 -0.017563
1.031372 0.376831 0.009888 -0.039398 0.000712 -0.025870
1.022339 0.387207 -0.000732 -0.030380 -0.022547 -0.054114
1.020874 0.380859 0.000610 -0.052215 0.019937 -0.070253
1.003296 0.385620 0.013672 -0.046519 -0.003085 -0.106328
0.983887 0.391724 0.012573 -0.029668 0.039636 -0.114161
0.969360 0.403809 0.000488 -0.016376 0.053164 -0.108227
0.955688 0.407471 0.002808 -0.028718 0.062420 -0.119145
0.945435 0.402588 0.009644 -0.042959 0.063370 -0.107990
0.942749 0.395386 0.015015 -0.041297 0.037737 -0.099208
0.924927 0.394897 0.022339 -0.033228 -0.007358 -0.096360
0.923096 0.388062 0.013184 -0.027531 -0.054114 -0.061234
0.930176 0.397217 -0.004028 -0.004747 -0.046281 -0.029430
0.940918 0.404907 -0.022095 -0.018987 -0.030617 -0.013291
0.944824 0.402832 -0.031860 -0.039636 -0.008544 0.002136
0.961426 0.401123 -0.030396 -0.052927 0.009494 0.034889
0.963135 0.402222 -0.032959 -0.073575 0.009494 0.051978
0.982788 0.407715 -0.016113 -0.098734 0.023259 0.075000
0.979858 0.390015 -0.019775 -0.115822 -0.009494 0.063133
1.006836 0.377808 -0.020874 -0.119857 -0.013528 0.078322
1.020996 0.381226 -0.024536 -0.103006 0.002373 0.060759
1.014648 0.383789 -0.020142 -0.100158 0.041535 0.039873
1.003540 0.383911 -0.015625 -0.099683 0.071202 0.022785
