0.831543 0.454224 0.145142 -0.441690 0.030854 -0.236866
0.722656 0.495605 0.104980 -0.242087 -0.327767 -0.127689
0.813599 0.399292 0.319702 -0.196992 0.405377 0.145252
0.770142 0.440063 0.249756 0.151423 -0.287894 -0.093037
0.690308 0.414917 0.198486 0.229508 -0.062420 0.046993
0.655884 0.395996 0.302612 0.089240 0.271755 0.276264
0.658081 0.336304 0.368408 0.074050 0.346754 0.431722
0.722412 0.213745 0.385620 0.097784 0.360283 0.529506
0.739990 0.076660 0.441650 0.002848 0.451421 0.586943
0.707031 -0.070190 0.573120 -0.134097 0.565582 0.623968
0.594971 -0.155762 0.718994 -0.010206 0.584094 0.599284
0.398560 -0.183228 0.834839 0.482275 0.255853 0.557275
0.317505 -0.196045 0.817627 1.244850 -0.142879 0.749283
0.422119 -0.160400 0.542358 2.333767 -0.453320 1.292555
0.685913 -0.082642 0.015625 3.320391 -0.580060 2.042788
1.081421 0.144409 -0.596680 3.763505 -0.581484 2.403070
1.458984 0.396362 -1.127319 3.338903 -0.692084 2.044212
1.653198 0.531250 -1.481079 2.248562 -0.940342 1.365181
1.660400 0.509888 -1.503540 1.068269 -0.522861 0.889077
1.661743 0.472900 -1.433350 0.404903 -0.164002 0.672622
1.568237 0.401367 -1.422241 -0.055538 -0.123892 0.436469
1.452148 0.301514 -1.372925 -0.554902 0.215980 0.349365
1.242432 0.210205 -1.227173 -1.015579 0.468984 0.194619
1.154541 0.135986 -1.118896 -1.485750 0.303321 0.113211
1.071167 0.074951 -0.896729 -1.912013 0.306406 0.112499
1.033569 0.015137 -0.669678 -2.252834 0.249445 0.190110
1.004272 -0.048950 -0.458130 -2.476171 0.184176 0.282910
0.959717 -0.117432 -0.285645 -2.562088 0.190347 0.439080
0.918457 -0.117554 -0.093384 -2.599588 0.093749 0.528557
0.913818 -0.094482 0.077148 -2.603386 -0.156170 0.690186
1.072021 -0.066772 0.275024 -2.637088 -0.308542 0.975943
1.143677 -0.141724 0.459351 -2.604098 0.304745 1.062335
1.227173 -0.116577 0.609009 -2.261616 0.099208 0.991370
1.316650 -0.072388 0.661011 -1.790733 -0.076898 0.878159
1.403442 -0.004395 0.678833 -1.401020 -0.138132 0.792479
1.473389 0.045532 0.720459 -1.133300 -0.112499 0.633224
1.551880 0.043091 0.777832 -1.013206 0.083069 0.447149
1.611694 0.041992 0.806763 -0.754505 0.058860 0.135284
1.653687 0.034424 0.852905 -0.378320 0.102768 -0.103955
1.663330 0.021362 0.848145 0.059572 0.292878 -0.250631
1.689819 0.026611 0.779663 0.464950 0.231407 -0.563209
1.642578 0.010254 0.714722 0.759964 0.383779 -1.031481
1.538940 -0.009521 0.641357 1.012968 0.351264 -1.412175
1.456909 -0.068604 0.558594 1.265736 0.334175 -1.601098
1.319092 -0.086548 0.409180 1.622458 0.221913 -1.781951
1.153198 -0.065552 0.250977 1.937646 0.240663 -1.901570
0.907227 0.001953 -0.007446 2.205129 0.251106 -1.974908
0.700806 0.133423 -0.326660 2.108294 0.331564 -1.738755
0.587158 0.221313 -0.451050 1.538677 0.222151 -1.540338
0.551147 0.219238 -0.461304 1.012256 0.037500 -1.374200
0.557861 0.233521 -0.435059 0.799362 -0.035601 -1.183141
0.580444 0.260376 -0.447998 0.721040 -0.005934 -1.046433
0.548584 0.289917 -0.449219 0.608540 -0.127926 -0.943902
0.581055 0.296509 -0.414795 0.472307 -0.037262 -0.692796
0.593140 0.301392 -0.373047 0.295251 -0.044145 -0.488921
0.647339 0.305664 -0.318604 0.087104 -0.062420 -0.298099
0.735596 0.287231 -0.217407 -0.072626 -0.122705 -0.177768
0.769897 0.285400 -0.190430 -0.082357 -0.153559 -0.098022
0.818726 0.298584 -0.138672 -0.098259 -0.071202 0.013528
0.860962 0.334351 -0.116333 -0.071439 -0.022310 0.074288
0.892700 0.345947 -0.093872 -0.086155 -0.055538 0.051740
0.890137 0.351440 -0.062012 -0.085680 -0.069303 0.013766
0.896851 0.365356 -0.069092 -0.038449 -0.095173 0.026582
0.914673 0.397217 -0.051514 -0.016614 -0.057911 0.047468
0.913330 0.411865 -0.066650 0.020886 -0.069066 0.031804
0.913940 0.437012 -0.081543 0.001187 -0.124604 0.025870
0.932739 0.452026 -0.070068 -0.023022 -0.040585 0.100632
0.953979 0.468628 -0.070923 -0.027057 -0.087816 0.098259
0.950317 0.474487 -0.068359 -0.040823 -0.097547 0.067879
0.953003 0.477295 -0.066162 -0.067167 -0.062895 0.065981
0.950562 0.452881 -0.060669 -0.091139 -0.027057 0.046519
0.948853 0.435425 -0.047485 -0.097072 -0.032990 0.060759
0.962646 0.434082 -0.038330 -0.084018 -0.015902 0.081170
0.957764 0.434692 -0.040771 -0.044145 -0.045095 0.037500
0.945435 0.447021 -0.062866 0.000949 0.002611 0.082832
0.954346 0.458130 -0.070923 -0.022310 0.024446 0.163527
1.006958 0.456299 -0.078857 -0.043908 0.039398 0.190347
1.023315 0.449829 -0.079224 -0.097310 0.024209 0.139556
1.007446 0.432617 -0.067139 -0.118670 -0.019699 0.025633
0.983154 0.408447 -0.060181 -0.123654 -0.008782 0.005696
0.965820 0.403687 -0.066040 -0.107040 0.000475 0.041060
0.972656 0.403320 -0.061890 -0.108227 -0.005221 0.064082
0.976440 0.397949 -0.043335 -0.114873 0.045569 0.038449
0.982178 0.390747 -0.027588 -0.094699 0.100395 0.042247
0.974365 0.399048 -0.026245 -0.050553 0.087816 0.051266
0.991821 0.406372 -0.042236 -0.019699 -0.007120 0.060996
1.021118 0.422119 -0.044556 -0.010680 0.104192 0.025158
1.001221 0.415771 -0.075073 -0.024683 0.015427 -0.078322
0.987427 0.422119 -0.067017 -0.036550 0.003560 -0.097072
0.987305 0.416992 -0.060059 -0.060047 0.081645 -0.044383
0.987061 0.413940 -0.065430 -0.079984 0.054826 -0.028956
0.965698 0.409180 -0.042725 -0.084730 0.105616 0.023734
0.989502 0.417969 -0.035156 -0.070015 0.100395 0.059572
0.984863 0.425659 -0.037720 -0.049604 -0.031329 -0.035838
0.961670 0.426270 -0.048462 -0.061471 -0.076898 -0.095648
0.978027 0.426880 -0.059082 -0.066930 -0.043433 -0.089477
0.972290 0.417725 -0.052368 -0.106328 0.042721 -0.077848
0.983032 0.413818 -0.056519 -0.114873 -0.024446 -0.085443
0.971680 0.402832 -0.023804 -0.125078 0.005459 -0.070727
0.977051 0.412598 -0.012085 -0.064557 0.048417 -0.002373
0.993164 0.426147 -0.045410 -0.010918 0.010206 0.011630
1.001587 0.437744 -0.065552 -0.020411 -0.009968 -0.025158
0.986938 0.430298 -0.072144 -0.065031 -0.030617 -0.049367
0.969971 0.416626 -0.067627 -0.095173 -0.107515 -0.063607
0.958862 0.411865 -0.073730 -0.091613 -0.211708 -0.073813
0.947632 0.427734 -0.067871 -0.075237 -0.260362 -0.089952
0.939697 0.441162 -0.074219 -0.050316 -0.259888 -0.063370
0.944092 0.452515 -0.083618 -0.065981 -0.249445 -0.037974
0.948242 0.447388 -0.070190 -0.096360 -0.238764 -0.027057
0.953003 0.433472 -0.064697 -0.134809 -0.169936 0.010680
0.962158 0.419556 -0.071289 -0.158543 -0.135284 0.062183
0.985962 0.407715 -0.061646 -0.190584 -0.106091 0.081408
0.983765 0.396973 -0.053101 -0.201502 -0.075237 0.042247
0.974609 0.398682 -0.037476 -0.192958 -0.032516 0.023734
0.963867 0.400635 -0.028076 -0.194382 -0.003085 0.013291
0.964355 0.381470 -0.003662 -0.182989 0.042484 0.030854
0.980591 0.385376 -0.002197 -0.109651 0.023734 0.032278
0.975830 0.393799 -0.039185 -0.051978 -0.002848 0.009494
0.958862 0.405518 -0.053345 -0.018038 0.006646 -0.002136
0.964844 0.416870 -0.071167 -0.012342 0.016139 0.002373
0.952515 0.424683 -0.085327 -0.016376 -0.040585 -0.014240
0.964600 0.433716 -0.102539 -0.011867 -0.072151 -0.004509
0.968506 0.437500 -0.122192 -0.000712 -0.081882 0.011867
0.987061 0.444458 -0.138550 -0.020174 -0.118433 0.003323
0.990723 0.435547 -0.127930 -0.051503 -0.131249 -0.025158
0.977417 0.432617 -0.127075 -0.056962 -0.114398 -0.035601
0.974243 0.429565 -0.121948 -0.084256 -0.135284 -0.048655
0.965210 0.415894 -0.111206 -0.102768 -0.149762 -0.099446
0.957031 0.416626 -0.083008 -0.106091 -0.148812 -0.106328
0.963867 0.431030 -0.082520 -0.074050 -0.149050 -0.129113
0.931641 0.443604 -0.075562 -0.057199 -0.098022 -0.150236
0.925537 0.447754 -0.073853 -0.065743 -0.061471 -0.105142
0.938965 0.441772 -0.073242 -0.090664 -0.077373 -0.080458
0.951904 0.432373 -0.057861 -0.111787 -0.049129 -0.047705
0.957153 0.408081 -0.049072 -0.116059 0.007120 0.005459
0.979126 0.391602 -0.043091 -0.075949 0.042247 0.037262
0.985718 0.396240 -0.037476 -0.033228 0.064794 0.000000
0.979614 0.407959 -0.042358 0.008544 0.039636 -0.026345
0.982056 0.421997 -0.072510 0.052452 0.031329 -0.024446
0.966919 0.429565 -0.109375 0.063133 0.021598 -0.023497
0.961304 0.438477 -0.117065 0.043908 -0.019462 -0.047705
0.959229 0.446655 -0.128052 0.037500 -0.059098 -0.058148
0.960327 0.461304 -0.148560 0.050316 -0.048180 -0.026107
0.954590 0.464478 -0.162476 0.012104 -0.047943 -0.020411
0.960571 0.455566 -0.159058 -0.050553 -0.083781 -0.032516
0.971680 0.430420 -0.139038 -0.089715 -0.087579 -0.046281
0.967163 0.415161 -0.133301 -0.083781 -0.079984 -0.054588
0.959961 0.405762 -0.134033 -0.089240 -0.073338 -0.056250
0.955933 0.408813 -0.111206 -0.097310 -0.069778 -0.070253
0.951782 0.423950 -0.099121 -0.086867 -0.063845 -0.065031
