0.885742 0.438599 0.131104 -0.139319 0.218353 -0.174208
0.838745 0.418701 0.033569 0.013054 0.065506 -0.110838
0.784546 0.443970 0.061523 -0.014003 0.509570 0.035838
0.858398 0.411743 0.216064 0.080696 0.118195 0.087579
0.824097 0.350830 0.183594 0.138844 0.225948 0.155221
0.755615 0.262817 0.211426 0.117958 0.313052 0.217166
0.682739 0.128174 0.313110 0.000712 0.235916 0.163053
0.567261 -0.041138 0.475586 -0.067879 0.164714 0.203638
0.454346 -0.177368 0.678955 0.141692 -0.045569 0.301897
0.372559 -0.249512 0.800049 0.749758 -0.330378 0.468035
0.321899 -0.221558 0.782959 1.573329 -0.562971 0.766609
0.437012 -0.115112 0.552002 2.407342 -0.701815 1.317951
0.758423 0.023193 0.125610 3.110582 -0.563209 1.914861
1.174561 0.235474 -0.495728 3.103462 -0.425551 1.883295
1.474609 0.464600 -1.049194 2.168816 -0.207673 1.335989
1.471802 0.490112 -1.105103 1.115737 -0.227847 0.773967
1.491577 0.490112 -1.055176 0.700154 -0.170410 0.577212
1.472656 0.479004 -1.123779 0.514554 0.228321 0.480614
1.332275 0.441772 -1.259399 0.135521 0.580772 0.396596
1.156860 0.319336 -1.236816 -0.406564 0.469459 0.464712
1.086426 0.200317 -1.142090 -0.849916 0.548256 0.503873
0.934570 0.080933 -1.011353 -1.107667 0.236866 0.605455
0.937378 -0.006592 -0.950684 -1.412887 0.074050 0.760676
0.978149 -0.050049 -0.803101 -1.767710 0.094699 0.830454
0.955688 -0.091187 -0.657471 -1.982741 -0.190822 0.723651
0.927490 -0.106812 -0.588745 -2.219844 -0.408937 0.757828
0.955933 -0.139404 -0.459106 -2.463592 -0.469934 0.922067
1.067871 -0.131958 -0.253784 -2.595316 -0.504823 1.076576
1.200195 -0.108032 -0.062256 -2.625458 -0.449760 1.114075
1.249756 -0.119019 0.119751 -2.620711 -0.682591 1.102446
1.404175 -0.167847 0.289917 -2.563987 -0.078560 1.120484
1.493286 -0.171021 0.579590 -2.242628 0.010918 1.041449
1.545410 -0.222656 0.734497 -1.704578 -0.144303 0.787970
1.595337 -0.178711 0.768188 -1.121670 -0.135047 0.444301
1.564453 -0.042480 0.712036 -0.699679 0.024446 0.127214
1.475342 -0.026733 0.698120 -0.386390 0.121044 0.062420
1.619751 -0.026611 0.659058 -0.069541 0.291691 -0.047468
1.704102 0.010010 0.642334 0.205299 0.200553 -0.404665
1.701172 0.024048 0.609497 0.374523 0.132911 -0.841134
1.637573 -0.026001 0.583984 0.586943 0.182277 -1.134487
1.557129 -0.042480 0.541504 0.856086 0.274365 -1.296115
1.438721 -0.099976 0.453979 1.090104 0.072389 -1.437095
1.392334 -0.095459 0.338501 1.226575 0.462576 -1.533693
1.289551 -0.143555 0.293823 1.565734 0.594300 -1.649752
1.214355 -0.120239 0.115479 1.798802 0.767084 -1.602996
1.090942 -0.120483 -0.085449 1.906317 0.980690 -1.694847
0.879639 -0.012939 -0.299927 1.793818 0.731720 -1.669926
0.824463 0.089111 -0.427979 1.496668 0.516927 -1.612727
0.706543 0.112793 -0.473877 1.379184 0.528319 -1.540338
0.619385 0.210327 -0.509766 1.181005 0.432434 -1.361859
0.612915 0.240479 -0.505981 0.878159 0.540661 -1.122145
0.597412 0.298340 -0.454346 0.604031 0.516215 -0.993981
0.590576 0.292236 -0.400757 0.327055 0.217404 -0.861783
0.616821 0.274658 -0.321411 0.195094 0.268195 -0.642955
0.662354 0.286743 -0.290894 0.174682 0.273653 -0.295489
0.705444 0.280273 -0.268188 0.146914 0.234730 -0.219302
0.788452 0.284668 -0.217041 0.074288 0.245173 -0.056487
0.823853 0.274048 -0.199097 0.007832 0.186075 -0.009019
0.849121 0.277954 -0.177734 -0.089003 0.133860 0.045569
0.907715 0.298584 -0.146729 -0.111787 0.018038 0.060522
0.911499 0.309937 -0.133911 -0.094699 -0.006646 -0.009256
0.914551 0.340088 -0.122803 -0.106091 0.029193 0.035126
0.938354 0.354736 -0.093262 -0.150474 0.034652 0.050553
0.965332 0.371582 -0.067749 -0.152610 0.004035 0.017563
0.954956 0.377563 -0.059814 -0.129588 -0.074762 -0.031566
0.954834 0.390259 -0.064087 -0.142879 -0.097072 -0.039873
0.997681 0.415649 -0.054565 -0.168986 -0.079034 -0.009256
1.010132 0.396851 -0.007202 -0.234730 0.083544 0.010206
1.017334 0.383667 0.044556 -0.222388 0.110363 -0.002611
0.997437 0.385376 0.048584 -0.161866 -0.036076 -0.057199
0.967773 0.384033 0.047363 -0.113449 -0.035126 -0.071677
0.994995 0.421143 0.010864 -0.057674 0.035838 -0.023497
0.960693 0.427856 0.000000 -0.093037 0.093749 -0.060759
0.959229 0.413940 0.011963 -0.132911 0.038449 -0.048892
0.961060 0.412354 0.023926 -0.112025 0.019225 -0.031566
0.943604 0.392212 0.031860 -0.093987 -0.031092 -0.025633
0.950684 0.391968 0.018311 -0.060284 0.016851 -0.009968
0.963379 0.385498 0.006958 -0.059572 -0.002136 -0.013766
0.969116 0.375854 0.010254 -0.070490 -0.014240 -0.044620
0.967285 0.374756 0.004639 -0.035364 -0.009019 -0.013054
0.977417 0.394043 -0.011597 -0.010680 0.030617 0.007595
0.977417 0.409424 -0.023315 -0.030617 0.049129 0.034414
1.003784 0.424927 -0.016724 -0.060996 0.083306 0.040348
0.994263 0.414673 -0.008789 -0.091376 0.045807 -0.012104
0.993408 0.402832 -0.002075 -0.103006 -0.002848 -0.016376
1.004639 0.396240 0.010010 -0.115110 0.017089 -0.004747
0.994995 0.391602 0.014160 -0.090901 0.024446 -0.008544
0.987305 0.395874 0.015381 -0.070490 0.073813 -0.004984
0.982788 0.399902 0.024048 -0.070965 0.086392 -0.001424
0.971436 0.398560 0.017456 -0.060759 0.049129 -0.027057
0.969604 0.411133 0.007813 -0.053639 -0.005934 -0.033940
0.968018 0.409912 0.006592 -0.064794 -0.024446 -0.026345
0.973877 0.410522 -0.010620 -0.063607 -0.033228 -0.018987
0.980347 0.403442 -0.001343 -0.084730 -0.012816 -0.010443
0.979614 0.390747 0.020996 -0.077136 0.043196 0.002136
0.979858 0.388794 0.010254 -0.061708 0.040111 0.004509
0.971558 0.389282 0.023438 -0.065743 0.037974 -0.016376
0.959961 0.391357 0.027466 -0.058860 -0.013528 -0.046993
0.957031 0.400757 0.029053 -0.037262 -0.029430 -0.039873
0.951172 0.417847 0.004150 -0.024683 -0.053164 -0.014952
0.965576 0.419189 -0.000488 -0.044383 -0.038686 0.018987
0.978516 0.398315 -0.003174 -0.063370 -0.039161 0.027294
0.989014 0.385254 0.004028 -0.061708 -0.009968 0.028956
1.012085 0.389893 -0.008667 -0.058148 -0.045332 0.028243
1.019775 0.380859 0.006714 -0.069303 -0.040111 -0.012342
1.003662 0.389038 0.006348 -0.064319 -0.041297 -0.053164
0.993896 0.390259 0.026123 -0.060996 0.011630 -0.070965
0.976685 0.395142 0.015869 -0.039636 0.041297 -0.069541
0.984131 0.401978 0.006958 -0.039873 0.008307 -0.060996
0.982300 0.396240 -0.004395 -0.072863 -0.014952 -0.027769
0.988037 0.394775 0.015137 -0.075000 0.009019 -0.036550
0.979858 0.386230 0.030273 -0.065743 0.031804 -0.025633
0.994507 0.400635 0.012573 -0.023497 0.025158 -0.009968
0.996582 0.404053 0.004028 -0.022547 -0.026345 -0.033940
0.991211 0.409424 -0.001221 -0.035838 -0.029430 -0.041772
0.982056 0.414551 -0.008667 -0.049604 -0.038212 -0.054826
0.974487 0.408081 0.002441 -0.070015 -0.017801 -0.061471
0.959839 0.410889 0.003540 -0.055775 -0.002848 -0.047705
0.965332 0.409668 0.008423 -0.047705 0.025395 -0.016139
0.976074 0.420654 -0.003906 -0.034177 -0.010206 -0.037974
0.978638 0.419312 -0.015991 -0.048180 -0.014478 -0.057199
0.969727 0.412109 -0.016724 -0.070727 -0.007595 -0.049129
0.970825 0.404419 0.003296 -0.091139 0.030380 -0.030380
0.962280 0.391113 0.027222 -0.086629 0.014715 -0.047468
0.955078 0.385864 0.040527 -0.073101 -0.003085 -0.049367
0.952637 0.384033 0.048828 -0.036313 0.019699 -0.011155
0.964355 0.402588 0.037231 0.010206 -0.004984 -0.006171
0.969116 0.412964 0.016235 0.021598 0.005221 0.010443
0.973267 0.422363 0.002563 0.012816 0.009731 0.007120
0.981934 0.418579 -0.003540 -0.011155 -0.016614 -0.010443
0.986816 0.405762 0.011841 -0.031329 -0.014003 -0.014478
0.987549 0.399902 0.008911 -0.013054 -0.010443 -0.014003
0.994507 0.395142 0.008911 -0.005221 0.027294 0.004035
0.980713 0.390137 0.006470 0.000949 0.053402 -0.009731
0.978394 0.405273 -0.002075 0.002611 0.066455 -0.009731
0.982788 0.409058 -0.004639 -0.010206 0.053164 -0.000712
0.979980 0.406616 -0.003784 -0.019225 0.036788 -0.015190
0.979370 0.402954 -0.002563 -0.022310 0.005459 -0.031092
0.984009 0.401978 -0.008789 -0.018750 0.006408 -0.010443
0.997681 0.399536 -0.013794 -0.015902 0.032516 0.000237
0.987183 0.401123 -0.015137 -0.019462 0.017563 -0.017801
0.985596 0.407715 -0.006226 -0.033940 -0.004984 -0.023022
0.989136 0.415405 -0.011230 -0.038449 0.001187 -0.012342
0.983398 0.412842 -0.013428 -0.054114 -0.023022 -0.020649
0.984863 0.407349 -0.001831 -0.067642 -0.008782 -0.029905
0.984009 0.403687 0.004517 -0.060759 0.001899 -0.048417
0.990723 0.405396 -0.005737 -0.053402 0.028956 -0.046044
0.988525 0.398926 -0.012329 -0.051978 0.061471 -0.060759
0.984863 0.399048 -0.011841 -0.047468 0.041297 -0.090427
0.973389 0.421143 -0.012817 -0.040585 0.047705 -0.113686
