2.284912 -0.230103 -0.076660 0.472545 0.065269 -0.515266
2.269043 -0.231201 -0.140137 0.509807 0.503873 -1.055690
2.224609 -0.169312 -0.166382 0.507196 0.745723 -1.572617
2.194336 -0.262451 -0.269531 0.511943 0.314239 -2.227439
1.945435 -0.184448 -0.270142 0.389950 -0.229033 -3.055994
1.570435 -0.066528 -0.220337 0.192246 -0.596199 -3.674502
1.184937 -0.041748 -0.181885 -0.018987 -0.805770 -3.960023
0.976318 -0.044678 -0.085083 -0.307830 -0.356960 -3.722920
0.789429 -0.011475 0.025024 -0.310916 0.242562 -3.501244
0.559448 0.048584 0.010254 -0.137657 0.192483 -3.449504
0.318359 0.153320 0.002686 -0.068354 -0.090901 -3.389931
0.153320 0.250244 0.040771 -0.114635 -0.396358 -3.196736
0.050049 0.312500 0.077881 -0.205774 -0.539949 -2.902909
-0.045288 0.302368 0.118774 -0.317324 -0.336786 -2.452674
-0.084717 0.315796 0.184692 -0.351976 -0.016376 -1.927678
-0.124512 0.351440 0.198853 -0.188211 -0.068117 -1.546747
-0.155884 0.363647 0.163208 0.008782 -0.135284 -1.199043
-0.166992 0.396240 0.113281 0.086155 -0.247546 -0.842321
-0.194336 0.386475 0.086792 0.171122 -0.196043 -0.422466
-0.161865 0.393799 0.046875 0.180141 -0.138132 -0.006171
-0.132568 0.365112 0.037354 0.187024 -0.127689 0.338685
-0.118042 0.390747 0.031372 0.205299 -0.068354 0.706087
-0.110229 0.408813 0.000122 0.188923 0.022310 1.135673
-0.082031 0.368530 -0.017090 0.056012 0.058148 1.597300
0.026367 0.322754 -0.020630 -0.099446 -0.121756 2.090256
0.176147 0.278198 0.016479 -0.138369 -0.444538 2.410665
0.295532 0.246704 0.012451 -0.046044 -0.879346 2.652515
0.475220 0.196533 -0.027100 0.060759 -1.096987 2.954412
0.762207 0.133667 -0.084106 0.075237 -1.021275 3.341277
1.047485 0.091431 -0.106445 0.064082 -0.579110 3.640800
1.269287 0.052612 -0.170166 0.204113 -0.210521 3.669281
1.498291 -0.025757 -0.327637 0.287656 -0.276264 3.620626
1.689087 -0.033691 -0.338135 0.268195 0.020886 3.424346
1.690674 -0.074341 -0.353149 0.324207 0.152372 2.909554
1.751953 -0.154175 -0.454712 0.239476 0.187736 2.685268
1.829468 -0.089600 -0.364868 0.133860 0.843507 2.466678
1.722290 -0.087158 -0.310913 0.121281 0.971908 1.955447
1.647461 -0.132568 -0.301147 0.120094 1.053791 1.591129
1.583130 -0.097412 -0.275635 0.150474 0.902130 1.274755
1.522339 -0.096558 -0.280884 0.147626 0.551104 0.912336
1.508667 -0.117188 -0.279663 0.021361 -0.001899 0.675470
1.575195 -0.117432 -0.195068 -0.169224 -0.265346 0.469696
1.517578 -0.130737 -0.110596 -0.235204 -0.433383 0.050553
1.360596 -0.146118 -0.087524 -0.143828 -0.530456 -0.290742
1.253784 -0.147461 -0.096313 -0.035126 -0.473494 -0.400156
1.163818 -0.143188 -0.128296 0.016376 -0.304508 -0.398494
1.101807 -0.114502 -0.147461 0.078322 -0.140505 -0.393510
1.038452 -0.104248 -0.170288 0.080696 -0.111313 -0.464475
0.990845 -0.108398 -0.196167 0.006883 -0.178243 -0.499127
0.967529 -0.105835 -0.188477 -0.072151 -0.242562 -0.457117
0.961548 -0.089722 -0.166016 -0.106803 -0.291691 -0.430535
0.977173 -0.090210 -0.174194 -0.105142 -0.317087 -0.391849
1.007080 -0.083740 -0.169312 -0.122705 -0.231407 -0.301422
1.029053 -0.071899 -0.154419 -0.136233 -0.094224 -0.246597
1.024902 -0.061401 -0.154663 -0.112025 -0.056962 -0.243748
1.031982 -0.050171 -0.158936 -0.095173 -0.047943 -0.226897
1.040649 -0.049683 -0.167236 -0.080458 -0.056250 -0.221913
1.047241 -0.041138 -0.173706 -0.066218 -0.034414 -0.200078
1.060547 -0.030884 -0.181274 -0.055063 -0.011867 -0.180616
1.068726 -0.012939 -0.190552 -0.060522 0.002611 -0.202451
1.062500 -0.027100 -0.187012 -0.072151 0.018275 -0.221676
1.065796 -0.026489 -0.169922 -0.055063 0.109651 -0.233543
1.056885 -0.020752 -0.148926 0.012816 0.173496 -0.273653
1.034546 0.013306 -0.141602 0.065743 0.143354 -0.315425
1.012817 0.012939 -0.155762 0.023971 0.057911 -0.269381
1.003784 0.007080 -0.164795 -0.036313 0.054588 -0.193670
1.009155 0.013184 -0.165161 -0.072626 0.063607 -0.146439
1.011230 0.008179 -0.165771 -0.098734 0.052690 -0.131487
1.012939 0.012817 -0.150391 -0.111075 0.066930 -0.115822
1.011108 0.014160 -0.139893 -0.110126 0.067405 -0.107515
1.016113 0.012817 -0.144653 -0.101344 0.056250 -0.097547
1.035522 0.019165 -0.134277 -0.102531 0.063607 -0.075949
1.040405 0.022217 -0.124512 -0.104904 0.090427 -0.076661
1.037964 0.020264 -0.126587 -0.083544 0.087104 -0.074762
1.045410 0.020020 -0.117920 -0.076898 0.096835 -0.065743
1.043579 0.010132 -0.120972 -0.049367 0.092800 -0.081170
1.047974 0.022583 -0.132080 -0.016851 0.086629 -0.090427
1.045654 0.022217 -0.146851 -0.010443 0.073575 -0.094699
1.050537 0.029175 -0.151733 -0.031804 0.081645 -0.091376
1.052612 0.029419 -0.145264 -0.043433 0.087341 -0.094936
1.047363 0.033813 -0.147949 -0.037025 0.079034 -0.098022
1.051147 0.041260 -0.155396 -0.041297 0.063845 -0.094224
1.062500 0.042114 -0.151978 -0.071677 0.088291 -0.079034
1.058838 0.048218 -0.147461 -0.093749 0.100158 -0.092800
1.042236 0.059570 -0.151611 -0.128164 0.085205 -0.104904
1.029541 0.039063 -0.145630 -0.176344 0.051503 -0.126265
1.045166 0.030518 -0.131958 -0.159967 0.041535 -0.103955
1.070313 0.037964 -0.130859 -0.143828 0.046281 -0.113686
1.056152 0.030640 -0.143311 -0.128876 0.074050 -0.132199
1.062134 0.044312 -0.177979 -0.156170 0.110363 -0.111075
1.081665 0.058594 -0.172485 -0.256090 0.127689 -0.109889
1.055664 0.057129 -0.157593 -0.316375 0.131249 -0.156407
1.060913 0.060181 -0.125000 -0.337261 0.108465 -0.163053
1.061890 0.060181 -0.114746 -0.310204 0.150236 -0.155695
1.070313 0.057739 -0.110596 -0.271992 0.217878 -0.123892
1.058228 0.076660 -0.105591 -0.224999 0.242087 -0.141692
1.042358 0.074585 -0.102539 -0.201027 0.222863 -0.167800
1.028564 0.079102 -0.091431 -0.184888 0.189160 -0.183939
1.023071 0.080933 -0.094482 -0.164714 0.175394 -0.169936
1.020142 0.086426 -0.090820 -0.152135 0.171597 -0.152610
1.029419 0.099609 -0.091309 -0.155458 0.153084 -0.140743
1.020020 0.090088 -0.086060 -0.159493 0.131249 -0.149050
1.030884 0.094604 -0.075928 -0.168274 0.155933 -0.111313
1.040527 0.096680 -0.066162 -0.167325 0.180379 -0.089003
1.032471 0.098267 -0.061890 -0.148338 0.148812 -0.107990
1.024414 0.103638 -0.063599 -0.129825 0.097547 -0.125078
1.020874 0.101440 -0.060059 -0.127452 0.132436 -0.102768
1.025879 0.114868 -0.052979 -0.135759 0.177293 -0.073813
1.020752 0.111328 -0.047729 -0.139556 0.154746 -0.075237
1.026978 0.106201 -0.031860 -0.149999 0.155695 -0.051503
1.036377 0.099243 -0.013794 -0.168512 0.163290 -0.054588
1.034912 0.090210 -0.005493 -0.137895 0.116771 -0.048655
1.060425 0.102661 -0.004517 -0.110601 0.112737 -0.046044
1.065918 0.102783 -0.008789 -0.099683 0.146914 -0.034889
1.069336 0.109985 -0.007935 -0.072626 0.129350 -0.047705
1.057861 0.118652 -0.020996 -0.050079 0.108939 -0.072863
1.067993 0.096436 -0.037598 -0.064082 0.093275 -0.054351
1.101563 0.104858 -0.033081 -0.073101 0.115110 -0.046993
1.090088 0.108765 -0.024414 -0.070965 0.140743 -0.088053
1.069580 0.119263 -0.039307 -0.047468 0.135759 -0.110363
1.050293 0.137817 -0.042358 -0.049367 0.145964 -0.121518
1.039917 0.149536 -0.051636 -0.062420 0.111787 -0.120569
1.052002 0.154663 -0.046509 -0.090427 0.078085 -0.107752
1.062378 0.146118 -0.034180 -0.130537 0.087579 -0.109414
1.047119 0.138550 -0.020264 -0.152372 0.114635 -0.119857
1.035400 0.130737 -0.015137 -0.158781 0.133860 -0.100158
1.041992 0.140869 0.002075 -0.168037 0.134809 -0.098259
1.039063 0.145386 0.005615 -0.154034 0.089240 -0.120569
1.036499 0.166138 0.028320 -0.163290 0.096835 -0.140268
1.057251 0.178223 0.038086 -0.099208 0.002848 -0.228084
1.024414 0.179688 -0.000488 -0.011630 -0.149524 -0.373574
0.995361 0.168091 -0.033325 -0.044620 -0.143591 -0.342245
0.994263 0.168945 -0.021118 -0.148100 0.005221 -0.194856
0.993896 0.165894 0.017456 -0.225711 0.085205 -0.086629
0.998169 0.150146 0.048340 -0.231881 0.036313 -0.054351
1.006348 0.136841 0.060181 -0.181803 0.003560 -0.017801
1.016113 0.144897 0.057495 -0.118670 0.053164 0.027057
1.022095 0.146729 0.019531 -0.060522 0.055300 0.036550
1.026245 0.154785 -0.018433 -0.050316 0.014003 0.032516
1.021240 0.157593 -0.023926 -0.098496 -0.021598 0.028481
1.022339 0.162109 -0.013428 -0.125790 -0.087816 0.045807
1.046631 0.173340 -0.025146 -0.148812 -0.112737 0.053402
1.058594 0.173950 -0.018921 -0.172784 -0.132436 0.029430
1.053101 0.178101 -0.021973 -0.170173 -0.159018 -0.000949
1.044800 0.179077 -0.038330 -0.159967 -0.182752 -0.018987
1.061157 0.190063 -0.046143 -0.193432 -0.175632 -0.004035
1.071167 0.198242 -0.051514 -0.239951 -0.116059 0.014715
1.085083 0.196045 -0.049683 -0.267720 -0.081882 0.001187
1.095947 0.187744 -0.062134 -0.272229 -0.058623 -0.028956
1.090088 0.186035 -0.061157 -0.293827 -0.032041 -0.045332
