1.377441 0.062134 -0.045166 0.308068 -0.355061 0.600471
1.624878 0.115356 -0.090088 0.439792 0.269856 0.617085
1.911987 0.125732 -0.257690 0.625629 0.534965 0.534253
2.368774 0.088745 -0.475586 0.615898 0.298574 0.286707
2.714844 0.098999 -0.580566 0.382593 -0.083069 -0.634173
2.645996 0.050049 -0.593384 0.120094 -0.515503 -2.079338
2.279297 0.023926 -0.486206 -0.262261 -0.414871 -3.207179
1.946289 -0.030762 -0.361694 -0.575313 -0.178480 -3.862951
1.630493 -0.015381 -0.242432 -0.677369 -0.030854 -4.366349
1.261475 -0.004883 -0.133789 -0.670961 0.117483 -4.805192
0.847900 -0.022217 -0.041626 -0.607591 0.475393 -5.107088
0.312866 -0.002686 0.030151 -0.488209 1.019377 -4.844115
0.017456 0.022583 0.062378 -0.267008 1.042161 -4.191667
-0.178101 0.122559 0.065430 -0.008070 1.076101 -3.450453
-0.202881 0.220215 0.046387 0.105379 0.825469 -2.798954
-0.197266 0.306519 0.043823 0.129113 0.555614 -2.363672
-0.221680 0.343994 0.040283 0.124129 0.366453 -2.038753
-0.292236 0.351318 0.047852 0.097310 0.305694 -1.636224
-0.307983 0.394531 0.045044 0.094699 0.393273 -1.079424
-0.275269 0.458252 0.036865 0.121756 0.486548 -0.567955
-0.285522 0.470703 0.006470 0.173258 0.381168 -0.239476
-0.296387 0.494507 -0.023560 0.215980 0.192008 0.087816
-0.286011 0.546021 -0.035767 0.193195 0.064082 0.441928
-0.269775 0.610107 -0.035400 0.131961 0.058860 0.869140
-0.229248 0.628540 -0.062866 0.042009 0.174208 1.323647
-0.184448 0.584595 -0.081543 -0.087341 0.089715 1.737568
-0.089233 0.526855 -0.090820 -0.210283 -0.080458 2.148879
0.070679 0.456787 -0.111084 -0.335599 -0.327292 2.612879
0.302490 0.396973 -0.141113 -0.471832 -0.529269 3.069522
0.555176 0.344727 -0.130371 -0.659569 -0.673097 3.412953
0.696777 0.313110 -0.093994 -0.810042 -0.705850 3.529013
0.833130 0.229004 -0.087891 -0.857036 -0.848254 3.539456
1.016846 0.180908 -0.092529 -0.855374 -0.991608 3.622288
1.245605 0.099243 -0.017334 -0.849441 -0.569617 3.697999
1.437134 0.044556 -0.009766 -0.667638 -0.387339 3.600689
1.664307 0.101440 0.014160 -0.396358 0.026582 3.455912
1.755981 0.183716 0.077271 -0.103006 0.234492 2.921896
1.695435 0.142334 0.058960 0.355061 -0.415345 2.226489
1.419067 0.230835 -0.062256 0.774679 -2.515570 1.871191
1.900635 0.052734 -0.464844 0.439792 0.265584 1.625781
1.825562 0.255615 -0.289429 0.124841 0.101819 1.226337
1.721680 0.220459 -0.364014 -0.051266 0.165426 0.977605
1.641724 0.244629 -0.249512 -0.337735 0.122705 0.644379
1.501221 0.142700 -0.216187 -0.458304 -0.140031 0.351976
1.468384 0.067871 -0.135498 -0.520250 -0.054114 0.220489
1.454834 0.018799 -0.073853 -0.385441 0.128401 0.004035
1.341797 0.010986 -0.066528 -0.231881 0.225948 -0.270093
1.172241 0.015015 -0.073242 -0.150236 0.227372 -0.371438
1.037964 -0.004028 -0.085571 -0.118670 0.154746 -0.298337
1.028687 0.027954 -0.204102 -0.165189 -0.299523 -0.311153
1.018188 0.015625 -0.117310 -0.289318 0.403953 -0.272941
0.986206 0.020630 -0.029907 -0.309729 0.151898 -0.261549
1.053467 -0.008667 -0.077637 -0.254903 0.619933 -0.273653
0.996948 0.043457 0.005615 -0.226897 0.352213 -0.243036
1.004517 0.045288 -0.014038 -0.145964 0.370726 -0.177293
1.013184 0.077271 0.015869 -0.084256 0.195806 -0.139319
1.047485 0.092896 0.007324 -0.022547 0.111787 -0.162578
1.049316 0.116455 -0.017456 0.010680 0.118907 -0.169936
1.007080 0.129028 -0.017456 0.056962 -0.043908 -0.184176
1.016968 0.139038 -0.073975 0.015427 -0.055775 -0.183464
1.049927 0.140991 -0.072632 -0.034889 0.128876 -0.150711
1.002686 0.135864 -0.054810 -0.030617 0.011155 -0.103480
1.057983 0.133667 -0.074463 -0.046993 0.198179 -0.079034
1.039307 0.124512 -0.054199 -0.055538 0.103243 -0.085443
1.042969 0.128784 -0.051147 -0.067167 0.127452 -0.066930
1.038940 0.133301 -0.040527 -0.064794 0.158543 -0.053164
1.031372 0.132446 -0.044556 -0.057199 0.086629 -0.062658
1.031006 0.130371 -0.056030 -0.079034 0.006883 -0.041060
1.050293 0.141113 -0.049683 -0.124604 -0.024209 -0.032278
1.070435 0.140259 -0.029419 -0.149287 0.133623 -0.037262
1.060181 0.131226 0.003052 -0.141692 0.180379 -0.031566
1.078247 0.142334 -0.004517 -0.104430 0.209809 -0.024683
1.050537 0.141602 0.006226 -0.096597 0.223812 -0.053639
1.051147 0.127686 0.006714 -0.065506 0.186549 -0.033702
1.046753 0.134888 -0.002075 -0.042247 0.159967 -0.025395
1.044434 0.142212 -0.011475 -0.047943 0.114161 -0.029905
1.037964 0.140869 -0.016724 -0.073813 0.065506 -0.040348
1.045288 0.130249 -0.013428 -0.108702 0.050316 -0.032516
1.054199 0.136597 -0.002197 -0.113686 0.079984 -0.033702
1.058716 0.138184 0.009033 -0.115110 0.148100 -0.033940
1.044800 0.139160 0.021729 -0.109889 0.217641 -0.029905
1.042358 0.148804 0.018066 -0.101107 0.190110 -0.028006
1.040283 0.145996 0.021362 -0.101344 0.120332 -0.030617
1.053955 0.136963 0.026733 -0.105379 0.087104 -0.017326
1.059082 0.131226 0.024780 -0.100395 0.043196 -0.028956
1.055054 0.135620 0.037598 -0.097784 0.021361 -0.052690
1.045410 0.129517 0.043823 -0.079746 0.002611 -0.055538
1.058105 0.137817 0.045776 -0.047705 0.046281 -0.054588
1.051758 0.134399 0.037109 -0.031566 0.085205 -0.057199
1.040771 0.143555 0.024170 -0.004984 0.061234 -0.065506
1.040161 0.142456 0.009888 -0.007358 0.035601 -0.061471
1.047363 0.149536 0.006226 -0.022310 0.023971 -0.054588
1.046875 0.153931 0.007690 -0.033465 0.022547 -0.061946
1.037476 0.155029 0.006836 -0.047943 0.049129 -0.057436
1.033936 0.152344 0.012085 -0.065743 0.049367 -0.049604
1.029663 0.150757 0.014160 -0.072389 0.021835 -0.049367
1.028931 0.152710 0.020020 -0.070015 0.010680 -0.040823
1.030273 0.146729 0.022461 -0.071677 0.013054 -0.029905
1.036255 0.138916 0.016968 -0.074050 0.026819 -0.017089
1.032837 0.140869 0.021729 -0.081645 0.021361 -0.025870
1.039185 0.132202 0.039551 -0.079746 0.036313 -0.010443
1.052368 0.147705 0.041870 -0.046756 0.094461 0.008307
1.039917 0.158203 0.014526 -0.014952 0.102056 -0.015190
1.032227 0.164063 0.010986 -0.032278 0.092800 -0.022547
1.030029 0.147705 0.012573 -0.079272 0.086629 -0.008544
1.028198 0.146729 0.038940 -0.120094 0.117483 0.012104
1.035889 0.152344 0.060791 -0.139793 0.143591 0.050316
1.049072 0.144775 0.069580 -0.126028 0.105379 0.052690
1.070801 0.131226 0.080078 -0.117246 0.124841 0.074762
1.085449 0.130371 0.096069 -0.086867 0.154983 0.066930
1.066772 0.142822 0.083740 -0.043196 0.061234 -0.003560
1.046265 0.146851 0.075806 -0.047943 -0.043433 -0.043671
1.052612 0.137573 0.084961 -0.091139 -0.070490 -0.019937
1.076050 0.140381 0.129272 -0.091139 -0.034177 -0.000475
1.082031 0.132690 0.141357 -0.041535 0.012342 -0.007358
1.079834 0.129150 0.118530 0.019225 0.037500 -0.014952
1.082520 0.127930 0.106689 0.056962 0.027531 -0.025870
1.078735 0.129395 0.076050 0.081408 -0.000475 -0.054114
1.068848 0.135498 0.065430 0.069778 -0.011392 -0.069541
1.056152 0.134888 0.066650 0.062183 -0.058860 -0.093037
1.046875 0.135010 0.077759 0.065743 -0.098022 -0.104667
1.034302 0.135498 0.073364 0.084493 -0.042484 -0.077848
1.041748 0.142578 0.056274 0.123654 0.031092 -0.040111
1.046509 0.154053 0.024170 0.147626 0.044857 -0.035601
1.046631 0.163086 0.010986 0.134097 0.015190 -0.048180
1.038696 0.163696 -0.001709 0.111075 -0.041297 -0.069066
1.030273 0.163574 -0.008911 0.091851 -0.086155 -0.082594
1.021729 0.166382 -0.005859 0.072389 -0.079984 -0.076424
1.016846 0.162720 -0.017822 0.056962 -0.004747 -0.042484
1.013794 0.161377 -0.013306 0.030142 0.030380 -0.011155
1.012695 0.158691 -0.030518 0.010443 -0.028718 -0.016139
1.019531 0.151855 -0.018433 -0.024683 -0.059098 -0.011155
1.021973 0.147583 -0.009766 -0.054588 -0.081408 -0.002136
1.039063 0.151855 0.010010 -0.074050 -0.058860 0.019225
1.039795 0.158813 0.026489 -0.079984 -0.053164 0.018038
1.040405 0.156982 0.035278 -0.078085 -0.052452 0.024683
1.054443 0.155762 0.040527 -0.076661 -0.030380 0.044620
1.067383 0.150146 0.042358 -0.071439 -0.029430 0.042484
1.067505 0.151978 0.038818 -0.056724 -0.033228 0.029193
1.075928 0.151978 0.017334 -0.062895 -0.031804 0.029193
1.080444 0.147827 0.027710 -0.076661 -0.030617 0.020174
1.084106 0.146851 0.034912 -0.078560 -0.021361 0.004984
1.083008 0.137695 0.033081 -0.070015 -0.000949 -0.004272
1.073364 0.139282 0.023315 -0.056250 0.012342 -0.019462
1.055664 0.134521 0.011597 -0.051266 -0.008070 -0.045095
1.032349 0.135010 0.005127 -0.069066 0.007832 -0.038686
1.024048 0.135010 0.010376 -0.097784 -0.002136 -0.027057
1.020508 0.131104 0.026733 -0.105379 -0.051978 -0.030617
1.018188 0.137329 0.040649 -0.101582 -0.058386 -0.017801
1.021362 0.135254 0.054077 -0.097310 -0.034652 0.008070
