1.720337 -0.002441 -0.458130 0.445013 -0.860833 -0.914709
1.918091 -0.062500 -0.674316 0.581958 -0.856086 -1.194771
1.817627 0.026978 -0.954834 0.288843 -0.452371 -1.623170
1.672119 0.003418 -0.990234 -0.492006 -0.079509 -2.015968
1.510376 -0.048340 -0.904541 -1.081322 -0.060522 -2.433687
1.291138 -0.087769 -0.817749 -1.501415 0.374048 -2.703543
1.018188 -0.121460 -0.702759 -1.837489 1.087731 -2.760979
0.670044 -0.156494 -0.569580 -2.080762 1.610354 -2.699034
0.332397 -0.153564 -0.355713 -2.253783 1.556240 -2.553544
0.100342 -0.118530 -0.127930 -2.272771 1.180531 -2.152202
0.032227 -0.068359 0.027344 -2.140809 1.106718 -1.559326
-0.034668 -0.026611 0.125488 -1.920795 1.380371 -1.020563
-0.141479 -0.027466 0.266113 -1.758929 1.682505 -0.531880
-0.280640 -0.020996 0.416748 -1.579262 2.063437 0.076424
-0.348267 -0.005249 0.541504 -1.175546 1.527047 0.554190
-0.255127 0.024536 0.547852 -0.615898 0.605218 1.027209
-0.112427 0.025757 0.498657 -0.184413 0.018513 1.620085
0.063843 0.002930 0.411377 0.197230 -0.274840 2.250935
0.273193 -0.010864 0.240601 0.529743 -0.694932 2.819365
0.579102 0.001221 0.066162 0.611151 -1.050468 3.332020
0.951538 0.049316 -0.109863 0.499127 -1.368267 3.652667
1.291016 0.057983 -0.219482 0.096360 -1.472696 3.751400
1.705444 -0.037598 -0.196899 -0.394222 -1.442317 3.774185
2.261353 -0.052979 -0.162964 -0.546832 -1.536778 3.436213
2.684692 -0.083862 -0.167480 -0.479427 -1.659009 2.526013
2.791138 -0.183105 -0.215942 -0.282910 -1.609167 1.238204
2.543091 -0.159302 -0.180054 -0.207435 -1.447064 0.263685
2.587524 -0.058228 -0.261475 -0.345805 -1.441605 -0.402766
2.410522 -0.094238 -0.360596 -0.647464 -0.933934 -1.197856
2.090942 -0.010254 -0.269531 -0.686863 -1.215182 -1.790733
1.845459 -0.063843 -0.334229 -0.809805 -1.037177 -2.274432
1.592285 -0.016479 -0.359009 -0.918270 -0.978554 -2.634002
1.445435 -0.025513 -0.365479 -1.105294 -0.927763 -2.864223
1.212891 -0.042725 -0.384399 -1.403868 -0.495567 -2.959633
1.035522 -0.035156 -0.371704 -1.597063 -0.368589 -3.033921
0.842773 -0.069824 -0.320190 -1.735669 -0.181565 -3.017070
0.595947 -0.107178 -0.246704 -1.870004 0.332751 -2.733448
0.415039 -0.118042 -0.118652 -1.896111 0.601420 -2.439146
0.212158 -0.135376 0.012207 -1.785511 0.530456 -2.104971
0.061401 -0.077637 0.105713 -1.549357 0.429586 -1.547221
0.080444 0.007935 0.124023 -1.301811 0.159730 -1.277128
0.060791 0.094360 0.051270 -1.203790 -0.142879 -1.227524
-0.090088 0.135620 0.015747 -1.228711 -0.210758 -0.987573
-0.202026 0.167847 0.020020 -1.293030 -0.248021 -0.561072
-0.298584 0.192261 0.072388 -1.405292 -0.129588 0.062420
-0.356445 0.186890 0.181641 -1.324834 -0.425551 0.741688
-0.314453 0.180298 0.294434 -1.043585 -0.739552 1.450149
-0.169312 0.174683 0.300659 -0.703002 -0.850390 2.165967
0.039185 0.113647 0.302979 -0.377371 -0.923491 2.936374
0.381104 0.000854 0.289063 0.087579 -0.754267 3.776559
0.933716 -0.083252 0.224243 0.586231 -0.326106 4.401001
1.604736 -0.105103 -0.003296 0.755691 0.347229 4.495937
2.097656 -0.057495 -0.083130 0.693508 0.173496 3.640800
2.363892 0.043701 -0.183594 0.531405 -0.161391 2.198008
2.367554 0.057373 -0.291626 0.308780 -0.413684 1.010120
2.087280 0.127197 -0.260254 0.239476 0.020886 0.618746
1.888672 0.190186 -0.218872 0.212894 0.381881 0.462576
1.701294 0.215942 -0.215088 0.138607 0.436943 0.229508
1.544556 0.208374 -0.199951 0.014003 0.396833 0.032041
1.357788 0.184814 -0.146729 -0.031804 0.083544 -0.069778
1.281128 0.169678 -0.107300 -0.149762 -0.186312 -0.163765
1.241089 0.171509 -0.073486 -0.193670 0.000237 -0.226660
1.177734 0.133789 -0.052612 -0.169461 -0.028481 -0.256565
1.135742 0.099243 -0.062500 -0.139081 0.050791 -0.221676
1.100708 0.089233 -0.045776 -0.067167 0.169461 -0.166613
1.062134 0.100342 -0.057617 0.015664 0.181328 -0.129825
1.037720 0.096191 -0.060791 0.036313 0.109177 -0.127452
1.033325 0.101563 -0.065186 0.045332 -0.005459 -0.152372
1.015259 0.084839 -0.075439 0.085443 -0.144303 -0.159018
1.025635 0.092651 -0.082642 0.121044 -0.137657 -0.115110
1.043945 0.094971 -0.105103 0.137895 0.099683 -0.117958
1.020264 0.099731 -0.109131 0.107278 0.122705 -0.120569
1.013916 0.102661 -0.105347 0.079984 0.167562 -0.117246
1.005371 0.109009 -0.094971 0.041772 0.079746 -0.121044
1.001099 0.109375 -0.096191 0.011155 0.073338 -0.114161
0.991821 0.097656 -0.069946 0.001661 0.097072 -0.053876
1.002441 0.101807 -0.067505 0.024446 0.075949 -0.028243
1.010864 0.092896 -0.063721 0.031329 0.054588 -0.025158
1.004639 0.098389 -0.079468 0.064319 0.018513 -0.021598
1.025635 0.092529 -0.085449 0.056487 0.013291 0.006646
1.050293 0.088501 -0.089600 0.035838 0.047943 0.046756
1.070190 0.080811 -0.072998 0.018275 0.103243 0.033228
1.067627 0.091675 -0.074341 0.032516 0.082594 -0.021361
1.049927 0.103638 -0.092163 0.038212 0.103718 -0.061708
1.036133 0.110229 -0.097656 0.014715 0.122230 -0.063607
1.048706 0.111816 -0.110352 -0.019225 0.132673 -0.050316
1.048462 0.100830 -0.096191 -0.061946 0.129350 -0.040823
1.057861 0.097534 -0.065308 -0.082594 0.128164 -0.043433
1.041870 0.100220 -0.055786 -0.078085 0.145727 -0.094936
1.006470 0.105469 -0.066650 -0.050079 0.108465 -0.136945
0.998535 0.105957 -0.054688 -0.061471 0.115110 -0.101107
1.015747 0.098999 -0.037598 -0.066218 0.167088 -0.045095
1.036865 0.083984 -0.014160 -0.055300 0.159967 -0.001661
1.086304 0.069702 0.005615 -0.016376 0.149050 0.012104
1.130737 0.083252 -0.013916 0.084493 0.094461 -0.043671
1.101929 0.112915 -0.049561 0.151898 0.117009 -0.151423
1.044678 0.135132 -0.069092 0.134572 0.081408 -0.211233
1.023193 0.155762 -0.078003 0.084018 0.019462 -0.223337
0.992310 0.152832 -0.082275 0.038449 -0.052215 -0.220489
1.015503 0.129395 -0.066650 -0.016614 -0.023259 -0.123417
1.065186 0.114624 -0.025757 -0.041297 0.131961 -0.009968
1.078857 0.110596 -0.017822 0.017089 0.185600 -0.007120
1.075195 0.124268 -0.036133 0.077136 0.118433 -0.069303
1.056152 0.141846 -0.027832 0.068591 0.123417 -0.101582
1.035645 0.136108 -0.039307 0.059572 0.084968 -0.111787
1.041260 0.135986 -0.041138 0.030142 0.059810 -0.085443
1.042969 0.139526 -0.012695 -0.008782 0.090664 -0.058386
1.027588 0.128784 -0.006836 -0.004272 0.030854 -0.088528
1.023926 0.129028 -0.001587 -0.009494 0.017089 -0.065031
1.037720 0.132446 0.008423 -0.004747 0.027769 -0.034889
1.035645 0.129883 0.010620 -0.000712 0.060522 -0.016376
1.031128 0.141357 0.015747 0.010443 0.058386 -0.007595
1.029663 0.139282 0.009033 0.016614 0.042959 0.012579
1.042969 0.150757 0.007080 0.022310 0.030142 0.031092
1.030396 0.156494 -0.002319 0.027769 -0.030142 0.005934
1.034424 0.161621 -0.020874 0.007358 -0.082832 0.009019
1.037598 0.153564 -0.030029 -0.021598 -0.105616 0.018038
1.060059 0.140015 -0.029907 -0.046044 -0.037974 0.072151
1.080200 0.120850 -0.015991 -0.057199 0.026582 0.100395
1.089355 0.116821 -0.002075 -0.058623 0.018987 0.075712
1.084106 0.120728 -0.005981 -0.043433 -0.010206 0.037262
1.074829 0.128174 -0.017578 -0.025633 -0.026107 0.013291
1.059692 0.132202 -0.030762 -0.031092 -0.010918 0.011392
1.065063 0.122437 -0.018311 -0.074288 0.034414 0.031566
1.073364 0.114258 -0.007446 -0.078322 0.002848 0.003323
1.062622 0.106934 -0.010986 -0.057436 -0.021123 -0.027769
1.062622 0.107422 -0.009277 -0.038449 -0.012342 -0.019699
1.061768 0.107300 -0.016357 -0.034177 0.001187 -0.018987
1.057617 0.109009 -0.016479 -0.036550 0.006171 -0.019462
1.052979 0.108276 -0.015991 -0.027531 -0.002848 -0.028718
1.039429 0.113647 -0.021973 -0.022073 -0.010206 -0.038924
1.028076 0.111938 -0.017212 -0.024921 0.011630 -0.018038
1.026733 0.115234 -0.024292 -0.020174 -0.015664 -0.017089
1.027222 0.118286 -0.035522 -0.021598 -0.036313 -0.013291
1.030396 0.117920 -0.031860 -0.038686 -0.010443 0.008782
1.039307 0.117310 -0.026489 -0.046281 -0.012342 0.017563
1.051025 0.116821 -0.023804 -0.045807 0.003323 0.018513
1.054077 0.112427 -0.018799 -0.046993 0.005221 0.020411
1.073242 0.118530 -0.015015 -0.045332 -0.003323 0.010918
1.068604 0.119141 -0.014893 -0.042721 0.011155 -0.006883
1.067139 0.123657 -0.020996 -0.032278 0.028956 -0.014952
1.055664 0.129761 -0.022827 -0.036076 0.041297 -0.017563
1.050415 0.119507 -0.017090 -0.046281 0.021835 -0.019937
1.063721 0.109985 -0.007813 -0.053402 0.002373 -0.014478
1.067383 0.107178 -0.008545 -0.028006 0.003085 -0.029668
1.047119 0.115479 -0.019653 -0.012104 0.024921 -0.031804
1.051758 0.116089 -0.019775 -0.006408 0.003085 -0.029430
1.065796 0.112915 -0.020874 -0.008307 -0.020649 -0.040348
1.059204 0.123657 -0.025146 0.001424 0.009731 -0.039161
1.051270 0.126221 -0.039185 0.008544 0.017563 -0.046993
