2.012329 -0.161865 -0.489868 0.423652 -1.361859 -0.676182
1.952148 -0.165649 -0.561646 0.258701 -1.179581 -1.048332
1.923218 -0.127808 -0.716431 -0.100158 -0.729109 -1.302049
1.851929 -0.079712 -0.786377 -0.562022 -0.358621 -1.708613
1.654907 -0.098145 -0.769287 -0.864156 0.076898 -2.066284
1.503662 -0.076782 -0.841309 -1.228236 0.385203 -2.330207
1.291626 -0.082153 -0.816772 -1.684167 0.747622 -2.603386
1.052612 -0.112183 -0.698120 -2.069607 0.800786 -2.806312
0.765747 -0.147095 -0.542725 -2.318815 0.885279 -2.816280
0.509888 -0.168823 -0.340820 -2.390729 0.982114 -2.606234
0.272705 -0.173706 -0.178345 -2.271821 1.333378 -2.113753
0.087158 -0.152344 -0.056030 -2.055841 1.685353 -1.526810
-0.070068 -0.111450 0.079224 -1.885669 1.488598 -0.944377
-0.149170 -0.045898 0.200806 -1.714546 1.222065 -0.426738
-0.136719 -0.011841 0.308472 -1.401732 0.827131 0.011867
-0.152588 0.027222 0.361328 -1.080373 0.604506 0.458067
-0.153564 0.064209 0.387207 -0.710597 0.286707 1.041449
-0.029785 0.136963 0.337891 -0.359808 -0.193670 1.585196
0.160400 0.156372 0.220215 -0.281011 -0.524522 2.123009
0.387329 0.146606 0.165649 -0.365267 -0.833064 2.578702
0.645752 0.113770 0.149658 -0.419855 -1.318900 2.932577
0.974609 0.119019 0.148804 -0.382593 -1.762489 3.254885
1.430908 0.105469 0.118164 -0.236391 -1.930051 3.336055
1.888184 0.107788 0.037842 -0.175394 -1.808296 2.958447
2.223022 0.114868 -0.011963 -0.023971 -1.860510 2.209875
2.472412 0.174683 -0.129517 0.034414 -1.865969 1.205926
2.478638 0.066040 -0.218872 0.028243 -1.823485 0.642005
2.366455 0.087524 -0.304810 0.033940 -1.769609 -0.179667
2.335205 0.117798 -0.419922 -0.024446 -1.718818 -0.726736
2.223511 0.149902 -0.507202 -0.196992 -1.412887 -1.315340
2.048462 0.173340 -0.594238 -0.482750 -1.230609 -1.987725
1.764771 0.174805 -0.653442 -0.831640 -1.204739 -2.661771
1.436768 0.146118 -0.605103 -1.245799 -1.225863 -3.191989
1.089478 0.096436 -0.514282 -1.618898 -1.011070 -3.353143
0.774414 0.053467 -0.435547 -1.847694 -0.745248 -3.292859
0.519653 0.013794 -0.385498 -2.005051 -0.338447 -2.922371
0.395874 -0.009888 -0.274048 -2.141521 0.679743 -2.198483
0.267334 -0.030640 -0.095093 -2.201331 0.981402 -1.784324
0.198242 -0.031860 0.025391 -2.151727 0.535914 -1.661145
0.143799 -0.018188 0.122192 -1.993658 0.287419 -1.576414
0.047852 0.003296 0.142700 -1.751097 0.250394 -1.348567
-0.062622 0.083740 0.082886 -1.443504 0.337498 -0.920880
-0.111572 0.163452 0.084229 -1.293267 0.501500 -0.372624
-0.148315 0.226563 0.147827 -1.235119 0.374760 0.136471
-0.152710 0.291504 0.192017 -1.227049 -0.168274 0.405615
-0.070923 0.304443 0.197021 -1.269296 -0.803872 0.587180
0.010742 0.337036 0.197266 -1.099123 -1.332666 0.911149
0.124268 0.343384 0.189331 -0.869377 -1.234644 1.492158
0.261230 0.291504 0.166260 -0.533541 -0.642717 2.443893
0.551880 0.262695 0.113159 -0.112262 -0.001661 3.501956
0.915771 0.216919 0.097290 0.063133 0.449285 4.222284
1.304199 0.106323 0.017822 0.008544 0.689236 4.487630
1.663452 0.039307 -0.003784 -0.119857 0.528557 4.191430
1.901367 0.005859 0.093384 -0.443352 0.437418 3.404172
1.888428 -0.024902 0.193359 -0.399444 -0.083306 2.405918
1.884399 -0.019409 0.049683 -0.013528 -0.596436 1.566208
1.773926 0.078369 -0.040283 0.233780 -0.302846 1.133537
1.678589 0.105225 -0.070068 0.286707 0.114398 0.842795
1.572632 0.120361 -0.131348 0.201739 0.182040 0.618746
1.519287 0.144775 -0.143433 0.120332 0.095648 0.481801
1.451782 0.143677 -0.140381 0.044145 0.150236 0.288368
1.376343 0.138306 -0.133545 -0.039873 0.069303 0.100395
1.310669 0.116699 -0.118408 -0.116771 0.003323 -0.084256
1.231567 0.079834 -0.105835 -0.211945 -0.101344 -0.212420
1.171509 0.042358 -0.072510 -0.237578 -0.088528 -0.245647
1.133667 0.031372 -0.046265 -0.227609 -0.044857 -0.229508
1.098267 0.024048 -0.019165 -0.209334 -0.037737 -0.251581
1.066040 0.020630 -0.002075 -0.173258 -0.038449 -0.270331
1.023560 0.024170 -0.003906 -0.134335 -0.037737 -0.264160
1.006470 0.015015 0.014160 -0.087579 0.034889 -0.211233
1.002930 0.017944 0.026245 -0.037262 0.066218 -0.147863
1.003052 0.036011 0.014038 0.023734 0.039873 -0.124604
0.999634 0.043457 -0.014648 0.060996 0.006171 -0.124841
0.995117 0.064941 -0.029663 0.078322 0.051503 -0.090664
0.994263 0.074707 -0.057373 0.060047 0.044383 -0.060284
1.016724 0.081055 -0.053711 0.005221 0.022310 -0.036076
1.024170 0.077881 -0.043457 -0.041772 0.005221 -0.028956
1.031738 0.076294 -0.023315 -0.043908 0.036550 -0.015427
1.034302 0.078735 -0.022705 -0.014952 0.046044 -0.003085
1.051392 0.087280 -0.029785 -0.008307 0.066218 0.010443
1.052124 0.089233 -0.032227 -0.007832 0.059810 0.005221
1.065552 0.079102 -0.026123 -0.045569 0.067642 0.037025
1.080566 0.072266 -0.019287 -0.051266 0.060047 0.027294
1.083862 0.064697 -0.015869 -0.042959 0.046756 0.001661
1.071045 0.064209 -0.022827 -0.032516 0.032990 -0.026819
1.059937 0.066040 -0.017944 -0.047705 0.046044 -0.021123
1.054810 0.066162 -0.009399 -0.044383 0.028481 -0.031566
1.051758 0.066895 0.001587 -0.032516 0.039161 -0.027531
1.049438 0.067871 -0.004517 -0.005221 0.032278 -0.031329
1.048462 0.080200 -0.015869 0.005459 0.021598 -0.023734
1.046143 0.079834 -0.023315 -0.016851 0.036788 -0.000949
1.052002 0.074219 -0.020996 -0.041297 0.035126 0.013766
1.068970 0.064087 -0.015015 -0.034177 0.001899 -0.003323
1.081909 0.056519 -0.020630 -0.015902 0.014715 -0.011155
1.084839 0.062744 -0.024902 -0.008782 0.018275 -0.027057
1.069214 0.068970 -0.036499 -0.007832 0.026107 -0.062658
1.049438 0.069580 -0.030762 -0.036550 0.051028 -0.064794
1.048218 0.070313 -0.009888 -0.071202 0.059098 -0.032041
1.039917 0.075317 -0.000610 -0.067879 0.068354 -0.022547
1.037354 0.074829 -0.000122 -0.040585 0.047943 -0.026345
1.028809 0.068726 -0.016602 -0.046044 0.033940 -0.024683
1.048218 0.057129 -0.013672 -0.068829 0.028243 0.000237
1.063599 0.051880 0.013550 -0.072389 0.004272 -0.016376
1.051392 0.051514 0.012085 -0.037025 -0.026819 -0.056487
1.044312 0.062988 -0.006226 -0.002611 0.000949 -0.035126
1.040405 0.069336 -0.013794 -0.007120 0.039161 -0.004272
1.047607 0.071045 -0.009399 -0.031804 0.039873 0.004509
1.051758 0.068604 -0.000977 -0.047231 0.008782 -0.010443
1.053345 0.064087 -0.004761 -0.035126 0.018750 -0.006883
1.051270 0.069946 -0.008545 -0.021598 0.040348 0.009256
1.050049 0.072632 -0.017578 -0.026345 0.038212 0.012816
1.054077 0.067749 -0.019287 -0.042009 0.026819 0.018275
1.062988 0.069946 -0.003296 -0.051028 0.029905 0.007358
1.052246 0.064819 -0.005981 -0.038449 0.003323 -0.015664
1.061401 0.059204 0.001221 -0.037262 0.004984 -0.011392
1.069214 0.053223 -0.000610 -0.032990 0.020411 -0.004035
1.073364 0.051514 0.002319 -0.024446 0.047231 -0.013291
1.065063 0.055542 0.001953 -0.030617 0.054826 -0.016851
1.069580 0.050049 0.009766 -0.034652 0.068354 -0.020174
1.067261 0.053711 0.009155 -0.005459 0.049841 -0.032041
1.051392 0.063477 -0.006592 0.014240 0.097547 -0.033228
1.045166 0.068848 -0.016968 0.001424 0.116771 -0.026107
1.040771 0.064697 0.008423 -0.037500 0.089952 -0.037500
1.043579 0.060425 0.017944 -0.024683 0.048892 -0.048180
1.040039 0.060547 0.000977 0.014240 0.085917 -0.025395
1.050659 0.064941 -0.009766 0.015190 0.107990 0.009494
1.062012 0.067139 0.000854 -0.003797 0.078085 -0.010206
1.050537 0.066895 0.001587 -0.000949 0.084018 -0.028718
1.037964 0.073975 -0.006592 0.003560 0.087104 -0.024921
1.042603 0.073853 -0.005859 -0.013766 0.080696 -0.022310
1.052124 0.068848 -0.000854 -0.025158 0.070490 -0.019225
1.061035 0.061646 0.005737 -0.042721 0.095648 0.006171
1.056152 0.056274 0.013062 -0.050316 0.108702 0.011392
1.064087 0.057617 0.020630 -0.056487 0.083306 0.004747
1.082031 0.053589 0.033203 -0.065743 0.069541 0.003323
1.079834 0.057983 0.032959 -0.036076 0.054351 -0.034652
1.063477 0.055664 0.004150 -0.020174 0.057436 -0.055063
1.079468 0.056030 0.012085 -0.065031 0.082357 -0.025158
1.080566 0.047607 0.031494 -0.078322 0.099208 -0.064319
1.060059 0.048584 0.045776 -0.054826 0.146202 -0.066693
1.060913 0.060303 0.047729 -0.031804 0.170410 -0.042721
1.052734 0.064209 0.047363 -0.028956 0.169698 -0.054588
1.052246 0.069214 0.054932 -0.031804 0.108465 -0.074288
1.057739 0.067871 0.062500 -0.021598 0.093512 -0.074762
1.052124 0.072632 0.054810 -0.001424 0.085443 -0.076424
1.058960 0.078857 0.041260 0.001187 0.093275 -0.059810
1.062378 0.082520 0.040649 -0.010680 0.097784 -0.056487
1.060425 0.080322 0.041992 -0.026345 0.092800 -0.061946
1.065186 0.076294 0.043701 -0.034177 0.103955 -0.058860
1.072021 0.074463 0.051514 -0.040585 0.113923 -0.053402
