1.197632 -0.038574 -0.202026 0.079509 -0.545408 -0.431247
1.169922 -0.033447 -0.208984 0.126028 -0.503161 -0.465899
1.160767 -0.024902 -0.204346 0.169936 -0.410124 -0.454507
1.173706 -0.024048 -0.234131 0.190347 -0.270331 -0.432197
1.081177 0.066284 -0.199585 0.176819 -0.106803 -0.391611
1.261353 -0.075562 -0.259766 0.219540 -0.211470 -0.307593
1.287109 -0.046509 -0.227661 0.245410 0.042484 -0.368352
1.337036 -0.015015 -0.245972 0.324682 0.085680 -0.422703
1.396240 -0.021606 -0.246094 0.393036 0.214793 -0.516690
1.463867 -0.022705 -0.276855 0.440266 0.270331 -0.659569
1.521240 -0.027954 -0.318970 0.478715 0.286232 -0.837337
1.546997 -0.045776 -0.389404 0.510519 0.361944 -1.009171
1.542114 -0.039063 -0.475708 0.519775 0.498415 -1.160594
1.530518 -0.039185 -0.539551 0.468747 0.651974 -1.277603
1.508057 -0.021729 -0.575928 0.368115 0.690423 -1.354501
1.484619 0.000732 -0.588867 0.235442 0.502212 -1.434247
1.488281 0.003418 -0.578369 0.049604 0.296913 -1.541525
1.480591 -0.000854 -0.571533 -0.159018 0.301185 -1.654024
1.469238 0.004639 -0.552124 -0.315900 0.317799 -1.759878
1.448120 0.015381 -0.539063 -0.418194 0.284334 -1.866444
1.424927 0.012939 -0.515869 -0.518351 0.298099 -1.975621
1.387329 0.017334 -0.494873 -0.618746 0.306169 -2.066522
1.349121 0.037842 -0.506226 -0.707986 0.357909 -2.108294
1.295532 0.053955 -0.512207 -0.795802 0.487260 -2.096664
1.239502 0.078369 -0.510254 -0.876023 0.645803 -2.084322
1.167114 0.076416 -0.498291 -0.929662 0.757828 -2.064861
1.118774 0.081421 -0.501953 -0.966924 0.810517 -2.045873
1.068848 0.115234 -0.504150 -0.995405 0.778713 -2.076253
0.980957 0.136108 -0.486206 -1.034329 0.718904 -2.163594
0.864868 0.127441 -0.484375 -1.089867 0.640581 -2.248799
0.751343 0.120605 -0.476929 -1.162493 0.548731 -2.268498
0.636963 0.122803 -0.453491 -1.243900 0.471595 -2.188515
0.553101 0.124146 -0.438721 -1.313916 0.373336 -1.996032
0.510986 0.151245 -0.398438 -1.383694 0.277451 -1.733059
0.486816 0.188965 -0.352417 -1.454896 0.179429 -1.479342
0.457153 0.212036 -0.336426 -1.516604 0.092563 -1.269296
0.449707 0.238159 -0.315918 -1.575227 -0.005934 -1.082509
0.433350 0.275269 -0.299927 -1.627442 -0.095648 -0.919456
0.396240 0.294067 -0.262573 -1.672537 -0.135047 -0.787732
0.345825 0.304443 -0.221802 -1.692711 -0.247546 -0.679743
0.302612 0.319092 -0.192749 -1.687964 -0.427213 -0.593113
0.268188 0.329956 -0.170410 -1.682505 -0.604506 -0.496516
0.242310 0.340332 -0.146362 -1.691050 -0.787020 -0.350077
0.251221 0.351563 -0.104248 -1.721666 -0.874599 -0.171360
0.255859 0.357666 -0.064941 -1.733533 -0.929425 -0.004509
0.257324 0.371094 -0.026489 -1.714784 -0.994930 0.158069
0.278442 0.391724 0.012817 -1.693898 -1.063759 0.331327
0.285522 0.397705 0.064697 -1.685591 -1.093189 0.509095
0.276123 0.368530 0.099976 -1.688676 -1.018902 0.679268
0.297119 0.349854 0.148926 -1.675860 -0.910200 0.836387
0.300293 0.312134 0.191772 -1.624120 -0.878159 0.975706
0.315674 0.281372 0.211792 -1.535592 -0.988048 1.082746
0.366821 0.251953 0.241333 -1.445877 -1.139945 1.193347
0.431396 0.235596 0.271851 -1.358773 -1.265736 1.282350
0.468018 0.231445 0.261108 -1.244612 -1.409327 1.317951
0.484741 0.200806 0.241211 -1.126654 -1.528946 1.334564
0.508057 0.212036 0.239990 -1.040025 -1.649515 1.360435
0.573853 0.220825 0.251709 -0.974994 -1.735432 1.410513
0.610352 0.198242 0.283203 -0.941054 -1.752521 1.491446
0.650879 0.190308 0.349121 -0.908301 -1.666129 1.602996
0.704346 0.165283 0.430542 -0.872463 -1.624832 1.741603
0.716797 0.110352 0.472412 -0.743350 -1.622458 1.841998
0.692505 0.020752 0.445068 -0.487497 -1.650464 1.902045
0.709229 -0.010864 0.405640 -0.157119 -1.740179 1.994845
0.762207 -0.013550 0.334839 0.214318 -1.901333 2.100699
0.809937 -0.029663 0.256470 0.529032 -2.100699 2.161458
0.867798 -0.071167 0.203735 0.731720 -2.141996 2.207739
0.913696 -0.080566 0.183350 0.836387 -1.938121 2.281790
0.953735 -0.088501 0.171631 0.885042 -1.627442 2.341599
0.995483 -0.079834 0.176880 0.908064 -1.383931 2.334716
1.021362 -0.115356 0.159668 0.937494 -1.359010 2.266837
1.031616 -0.184570 0.126587 0.993744 -1.412649 2.165493
1.130981 -0.191040 0.094238 1.090816 -1.539864 2.117313
1.295532 -0.193359 0.015869 1.174360 -1.605370 2.053468
1.455322 -0.198242 -0.081055 1.258141 -1.967788 1.920320
1.576782 -0.210938 -0.195679 1.292318 -1.877124 1.761777
1.709595 -0.202026 -0.300293 1.273568 -1.499753 1.625781
1.811401 -0.181641 -0.338989 1.189075 -1.150388 1.432823
1.839966 -0.201416 -0.364746 1.050468 -0.729821 1.173173
1.843872 -0.242065 -0.392334 0.953159 -0.296438 0.892637
1.840088 -0.275513 -0.433350 0.949124 -0.060522 0.635123
1.735596 -0.346802 -0.521362 1.004661 -0.011392 0.394934
1.703613 -0.345703 -0.606567 1.069218 -0.111075 0.207910
1.709351 -0.311890 -0.645020 1.093427 -0.229983 0.056487
1.698120 -0.299438 -0.654053 1.083458 -0.373574 -0.055300
1.700684 -0.290649 -0.627686 1.062572 -0.537813 -0.124129
1.739136 -0.302368 -0.599731 1.060911 -0.581009 -0.183701
1.762817 -0.312866 -0.597046 1.110041 -0.529743 -0.235916
1.776123 -0.285034 -0.657227 1.233932 -0.429823 -0.274840
1.771362 -0.242188 -0.742676 1.353314 -0.116534 -0.352213
1.728394 -0.221191 -0.813599 1.375150 0.364317 -0.501975
1.675049 -0.220947 -0.861450 1.320799 0.547781 -0.707274
1.637207 -0.221069 -0.917480 1.237018 0.477529 -0.911861
1.576782 -0.207397 -0.972656 1.142081 0.457829 -1.078000
1.507202 -0.208740 -1.014526 1.025073 0.405140 -1.188125
1.447754 -0.207031 -1.027954 0.868191 0.383779 -1.250783
1.427490 -0.208618 -1.007568 0.688762 0.541848 -1.294929
1.410400 -0.191528 -0.973022 0.538762 0.773729 -1.350466
1.384155 -0.181641 -0.938477 0.428874 0.942004 -1.389153
1.350098 -0.182251 -0.890747 0.327767 1.016054 -1.469611
1.307617 -0.169922 -0.847778 0.237815 1.045484 -1.566208
1.284546 -0.177246 -0.814941 0.164002 1.167952 -1.630765
1.266602 -0.168335 -0.766724 0.093987 1.292318 -1.651414
1.242676 -0.145630 -0.723755 0.028243 1.430687 -1.660195
1.193237 -0.153687 -0.681396 -0.008782 1.578313 -1.688913
1.084473 -0.183716 -0.673584 -0.009256 1.650702 -1.733771
0.980713 -0.205444 -0.683594 -0.015190 1.654262 -1.747537
0.901611 -0.199219 -0.706909 -0.030617 1.544136 -1.692474
0.915283 -0.142212 -0.679443 -0.050553 1.361859 -1.567395
0.960205 -0.089966 -0.624146 -0.084256 1.151812 -1.437570
0.998047 -0.043213 -0.578369 -0.137183 0.943428 -1.364232
1.010010 -0.010742 -0.539551 -0.200078 0.837337 -1.378472
0.994629 -0.002808 -0.510498 -0.276027 0.820248 -1.442080
0.972168 0.010742 -0.482788 -0.364792 0.826656 -1.495006
0.926270 0.015015 -0.435547 -0.452133 0.834488 -1.526335
0.852051 0.019287 -0.401733 -0.521674 0.845643 -1.531319
0.774414 0.017456 -0.360107 -0.579822 0.892399 -1.502839
0.709229 0.029663 -0.314209 -0.620882 0.906640 -1.432586
0.672852 0.062378 -0.276489 -0.630613 0.837099 -1.340261
0.657959 0.095093 -0.232056 -0.625629 0.740739 -1.238442
0.644043 0.115479 -0.179443 -0.622781 0.656721 -1.123806
0.637085 0.132568 -0.148682 -0.611151 0.599284 -0.998016
0.630615 0.158691 -0.117798 -0.576974 0.607828 -0.866529
0.617920 0.196167 -0.086304 -0.524997 0.641768 -0.748097
0.594727 0.220581 -0.067505 -0.470408 0.601658 -0.663366
0.581909 0.254639 -0.061768 -0.413921 0.449522 -0.613999
0.587646 0.285645 -0.044678 -0.361232 0.234018 -0.585281
0.593750 0.297607 -0.048462 -0.348178 0.030617 -0.549205
0.590454 0.295776 -0.049683 -0.383067 -0.096597 -0.502687
0.588135 0.290405 -0.037964 -0.438368 -0.132911 -0.437893
0.580688 0.287842 -0.021362 -0.492718 -0.095648 -0.336549
0.597046 0.275635 0.002197 -0.526183 -0.070253 -0.224287
0.630493 0.266602 0.030640 -0.538525 -0.053639 -0.111787
0.687622 0.262573 0.066772 -0.522149 -0.004747 0.005696
0.739746 0.274292 0.088623 -0.472545 0.062895 0.108227
0.763672 0.294312 0.094482 -0.379270 0.123654 0.167088
0.775513 0.296631 0.073120 -0.276264 0.169936 0.179904
0.798462 0.298584 0.049805 -0.191771 0.172546 0.173733
0.836426 0.308472 0.010010 -0.126028 0.087104 0.165664
0.866821 0.331055 -0.017334 -0.100632 0.021123 0.157119
0.868896 0.348022 -0.036255 -0.118433 0.040585 0.137183
0.870361 0.356567 -0.052368 -0.153084 0.047943 0.114873
0.883667 0.351929 -0.045654 -0.194856 0.012579 0.098971
0.917114 0.343628 -0.027954 -0.232593 -0.053876 0.093037
0.957642 0.343506 -0.016602 -0.246359 -0.107990 0.098022
0.983887 0.336914 -0.006348 -0.225473 -0.119382 0.084968
1.003784 0.324097 -0.009521 -0.197942 -0.097547 0.058623
1.009277 0.313477 -0.007568 -0.192008 -0.063607 0.043908
1.035156 0.317627 0.003418 -0.195331 0.007120 0.055300
1.055786 0.322876 0.005981 -0.179904 0.066930 0.072389
