0.866577 0.355835 -0.287964 -0.112499 0.980215 -0.370963
0.917847 0.332886 -0.294556 -0.068354 0.517639 -0.295726
0.825439 0.345337 -0.238281 -0.037262 0.434570 -0.304270
0.830200 0.335449 -0.244995 -0.018038 0.294777 -0.245173
0.804443 0.332642 -0.173950 0.029905 0.254666 -0.155221
0.820557 0.262085 -0.240845 0.110601 0.291217 -0.085443
0.700317 0.164673 -0.288818 0.123892 0.415345 -0.052927
0.630005 0.189453 -0.272827 0.116771 0.628477 0.058386
0.635620 0.239258 -0.264771 0.125553 0.604743 0.219777
0.661255 0.239380 -0.279297 0.146676 0.459016 0.319697
0.632568 0.222168 -0.314819 0.149050 0.371912 0.323020
0.574463 0.206787 -0.327148 0.129588 0.333938 0.268907
0.495483 0.241699 -0.320068 0.076661 0.351264 0.225711
0.406372 0.260132 -0.311035 -0.019462 0.414871 0.221676
0.316406 0.244263 -0.272949 -0.161154 0.488684 0.259650
0.239502 0.212769 -0.216309 -0.298337 0.553715 0.339634
0.193604 0.175171 -0.170410 -0.372862 0.542560 0.473019
0.175781 0.127563 -0.147827 -0.387577 0.437893 0.639395
0.189453 0.066040 -0.135376 -0.376184 0.277213 0.823808
0.230225 0.018677 -0.109863 -0.357197 0.112974 1.027209
0.311768 -0.030518 -0.088745 -0.333700 0.004984 1.274280
0.413818 -0.054810 -0.076782 -0.268669 -0.006883 1.544373
0.492310 -0.045288 -0.084839 -0.152847 0.010918 1.772220
0.553833 -0.022217 -0.117676 -0.015664 -0.073575 1.944766
0.626709 -0.006592 -0.167480 0.109177 -0.228559 2.060351
0.705078 -0.028076 -0.234863 0.175869 -0.371438 2.139148
0.787720 -0.046387 -0.296753 0.171834 -0.440978 2.252122
0.948975 -0.078369 -0.322144 0.115347 -0.436943 2.398561
1.097290 -0.130859 -0.326416 0.066930 -0.446912 2.540965
1.312866 -0.149658 -0.351196 0.062658 -0.526658 2.669604
1.536011 -0.171753 -0.408081 0.073101 -0.648176 2.734397
1.776489 -0.160645 -0.463623 0.099446 -0.816925 2.758606
1.944580 -0.119141 -0.506104 0.159255 -1.156559 2.647294
2.093018 -0.073975 -0.569824 0.208147 -1.203553 2.393577
2.218018 -0.056519 -0.627075 0.199366 -1.093664 2.041601
2.250000 -0.053467 -0.681030 0.126265 -0.890026 1.604658
2.192749 -0.068359 -0.694824 -0.010918 -0.576025 1.171274
2.091553 -0.108032 -0.680054 -0.156407 -0.199603 0.831166
2.030396 -0.112061 -0.665771 -0.233068 0.026345 0.636784
2.051880 -0.098022 -0.668701 -0.250157 0.051028 0.552054
2.114746 -0.082031 -0.692383 -0.252767 -0.028956 0.460440
2.138794 -0.081055 -0.723022 -0.290979 -0.089240 0.283622
2.115356 -0.065552 -0.732178 -0.393273 -0.027531 0.057911
2.046631 -0.064209 -0.708374 -0.542560 0.134809 -0.158543
1.968018 -0.071167 -0.665405 -0.692559 0.323495 -0.334175
1.913696 -0.072388 -0.624512 -0.804109 0.435994 -0.464475
1.858521 -0.058228 -0.594360 -0.880770 0.440266 -0.597148
1.807983 -0.055786 -0.557251 -0.949361 0.324444 -0.744536
1.770020 -0.074829 -0.528442 -1.024361 0.201739 -0.879820
1.734985 -0.082764 -0.472168 -1.099598 0.255378 -0.991608
1.681030 -0.073608 -0.427612 -1.160594 0.495092 -1.115499
1.624512 -0.063843 -0.362183 -1.189550 0.503873 -1.255767
1.575928 -0.061157 -0.323975 -1.167240 0.344618 -1.400070
1.520508 -0.059448 -0.288696 -1.125468 0.256565 -1.565259
1.464355 -0.058350 -0.237183 -1.099360 0.215268 -1.718818
1.391724 -0.058472 -0.198486 -1.075863 0.135996 -1.841523
1.297119 -0.059937 -0.158081 -1.041924 0.198179 -1.930763
1.201294 -0.047485 -0.124268 -0.986149 0.302372 -1.991997
1.107666 -0.024780 -0.111694 -0.908064 0.370014 -2.016680
1.017090 0.004272 -0.119629 -0.833302 0.392798 -2.012171
0.941284 0.015503 -0.121216 -0.781799 0.412497 -1.990098
0.874390 0.008057 -0.128540 -0.728872 0.416770 -1.949276
0.802124 0.019409 -0.128540 -0.659806 0.408937 -1.883058
0.755493 0.044312 -0.123047 -0.600471 0.373336 -1.802125
0.658936 0.075195 -0.110229 -0.567955 0.389950 -1.730923
0.604004 0.101074 -0.113525 -0.551104 0.362181 -1.617949
0.578247 0.113037 -0.127930 -0.539237 0.300473 -1.493582
0.549927 0.132813 -0.121704 -0.523573 0.233068 -1.403630
0.521606 0.158447 -0.114258 -0.492718 0.115585 -1.321036
0.502197 0.167725 -0.102417 -0.443826 -0.006646 -1.236306
0.474609 0.175171 -0.101807 -0.390425 -0.107040 -1.171749
0.444580 0.174561 -0.120850 -0.349128 -0.160205 -1.101022
0.414185 0.172729 -0.135010 -0.331327 -0.155458 -1.014630
0.371216 0.161499 -0.137573 -0.337261 -0.109414 -0.928475
0.321411 0.151978 -0.136841 -0.348890 -0.046993 -0.836150
0.270630 0.136108 -0.131348 -0.350552 0.003323 -0.719378
0.225464 0.144409 -0.117310 -0.335836 0.038449 -0.572939
0.224731 0.149414 -0.103882 -0.313052 0.050791 -0.392086
0.231201 0.165894 -0.099609 -0.267008 0.051028 -0.225473
0.221924 0.178345 -0.112793 -0.203638 0.058386 -0.091851
0.213257 0.183228 -0.140259 -0.146676 0.057911 0.023971
0.212402 0.193359 -0.169922 -0.117483 0.055775 0.139319
0.208252 0.207031 -0.187378 -0.126502 0.063133 0.258226
0.203247 0.208130 -0.196533 -0.162815 0.092088 0.380219
0.213867 0.203613 -0.196411 -0.202214 0.129825 0.510994
0.241089 0.209351 -0.195923 -0.224524 0.130537 0.658619
0.291138 0.201904 -0.198364 -0.236628 0.090427 0.804346
0.342285 0.185791 -0.186646 -0.247783 0.044383 0.932510
0.399780 0.180542 -0.180420 -0.244223 0.023259 1.054028
0.452393 0.161987 -0.181641 -0.225236 -0.002848 1.163205
0.498047 0.134399 -0.187866 -0.216454 -0.029905 1.258615
0.533203 0.105347 -0.187012 -0.223337 -0.042484 1.354264
0.566284 0.091309 -0.173706 -0.238764 -0.033228 1.459168
0.613892 0.082031 -0.154053 -0.254191 -0.021361 1.577601
0.692505 0.057861 -0.148560 -0.249445 -0.041535 1.718818
0.792603 0.036377 -0.151489 -0.211470 -0.105379 1.861697
0.903442 0.037720 -0.172241 -0.159018 -0.196518 1.971586
1.011108 0.044434 -0.192139 -0.121281 -0.288843 2.009560
1.088135 0.038330 -0.204346 -0.124604 -0.307356 1.973010
1.139160 0.019287 -0.211182 -0.167088 -0.269856 1.909403
1.181763 -0.012695 -0.203613 -0.219302 -0.216454 1.858849
1.233765 -0.029419 -0.187622 -0.230220 -0.225711 1.832742
1.322021 0.023560 -0.192871 -0.191059 -0.260362 1.797615
1.335571 0.022461 -0.199097 -0.153084 -0.262498 1.690812
1.364868 0.021118 -0.222168 -0.144540 -0.273179 1.603234
1.381348 0.012817 -0.248413 -0.158781 -0.219540 1.530370
1.401733 -0.010376 -0.275024 -0.182989 -0.226897 1.486462
1.485840 -0.043579 -0.309692 -0.212657 -0.291929 1.506161
1.602173 -0.058350 -0.350342 -0.224761 -0.409649 1.565734
1.735596 -0.039185 -0.385376 -0.226423 -0.503873 1.584009
1.846313 -0.023071 -0.389648 -0.273179 -0.473731 1.496668
1.925171 -0.029663 -0.387207 -0.346042 -0.365029 1.344295
1.975952 -0.045532 -0.387573 -0.409412 -0.235916 1.172224
2.023071 -0.062256 -0.382568 -0.453320 -0.143591 1.012494
2.073730 -0.069702 -0.389160 -0.480851 -0.097784 0.861071
2.117798 -0.067871 -0.392822 -0.507434 -0.086155 0.692084
2.148071 -0.063599 -0.394653 -0.547307 -0.073813 0.488684
2.149414 -0.071655 -0.378906 -0.609965 -0.042721 0.259413
2.125122 -0.093262 -0.342407 -0.688762 0.050553 0.023259
2.066895 -0.116211 -0.292480 -0.756166 0.207910 -0.216929
1.972900 -0.134766 -0.239014 -0.785359 0.350552 -0.447386
1.874512 -0.145752 -0.195557 -0.760438 0.429349 -0.644854
1.785156 -0.151733 -0.184204 -0.698492 0.414396 -0.802685
1.726074 -0.155884 -0.191284 -0.634885 0.347704 -0.936545
1.659302 -0.146729 -0.190186 -0.588367 0.313527 -1.060199
1.595581 -0.138916 -0.192505 -0.558224 0.320884 -1.180293
1.528198 -0.124756 -0.195801 -0.542085 0.340109 -1.292318
1.447876 -0.101807 -0.202881 -0.529981 0.374760 -1.394137
1.354980 -0.086670 -0.191650 -0.520250 0.406564 -1.508298
1.262085 -0.082886 -0.174683 -0.509807 0.402766 -1.606556
1.161499 -0.072876 -0.174805 -0.495804 0.383305 -1.655923
1.054932 -0.048584 -0.155518 -0.478715 0.358858 -1.641683
1.014282 -0.032104 -0.160156 -0.463526 0.314713 -1.571905
0.952881 -0.008057 -0.152710 -0.459965 0.309492 -1.521114
0.902954 0.012451 -0.151978 -0.459491 0.326580 -1.455845
0.861206 0.031250 -0.137207 -0.455931 0.364317 -1.387491
0.820190 0.045898 -0.130249 -0.447149 0.351501 -1.337650
0.782349 0.066650 -0.118530 -0.440029 0.312815 -1.278552
0.747681 0.068726 -0.109863 -0.437418 0.281960 -1.227287
0.717041 0.081787 -0.088379 -0.421516 0.223812 -1.171512
0.686279 0.093140 -0.070068 -0.389713 0.192483 -1.112177
0.671265 0.102417 -0.066284 -0.353637 0.151423 -1.043111
0.662598 0.114014 -0.060303 -0.302372 0.095173 -0.963364
0.648438 0.131836 -0.057373 -0.241375 0.022073 -0.890263
0.637451 0.153320 -0.059814 -0.190584 -0.059335 -0.829979
0.620728 0.161377 -0.083008 -0.167088 -0.109651 -0.768508
0.607056 0.166016 -0.075439 -0.161391 -0.126977 -0.700629
0.593384 0.173096 -0.083862 -0.155695 -0.128401 -0.620882
0.591309 0.194336 -0.089478 -0.140980 -0.140031 -0.530218
0.607666 0.206055 -0.091919 -0.123417 -0.160679 -0.438130
