0.899780 0.364136 -0.138306 -0.089003 1.194771 0.064082
0.943237 0.364136 -0.176758 0.101582 1.037652 0.096835
1.056152 0.353149 -0.208496 0.261786 0.873175 0.127689
0.977051 0.363770 -0.291504 0.355298 0.803160 0.085680
0.975952 0.408691 -0.366211 0.372624 0.727923 -0.009494
0.944946 0.419312 -0.386597 0.319460 0.603556 -0.103006
0.910889 0.424683 -0.345215 0.217878 0.323495 -0.210046
0.861572 0.411133 -0.308350 0.105854 -0.013528 -0.308780
0.810669 0.411133 -0.255127 0.003797 -0.217404 -0.351501
0.747437 0.384888 -0.207031 -0.043433 -0.275789 -0.358621
0.662598 0.362183 -0.218628 -0.012579 -0.254903 -0.347466
0.596924 0.342651 -0.230469 0.023022 -0.199128 -0.253242
0.555786 0.329102 -0.266113 0.007358 -0.167562 -0.098496
0.564453 0.326538 -0.261597 -0.061708 -0.122230 0.051503
0.580811 0.326294 -0.245117 -0.127926 -0.091376 0.140031
0.579102 0.306396 -0.239380 -0.158543 -0.115347 0.149287
0.583740 0.291016 -0.210327 -0.169936 -0.214793 0.099920
0.585449 0.243408 -0.173340 -0.203163 -0.287656 0.029193
0.546753 0.177124 -0.091187 -0.301897 -0.178717 -0.023022
0.440674 0.115112 -0.031372 -0.410124 0.081408 -0.005696
0.295288 0.074707 0.020142 -0.474681 0.443589 0.127214
0.149048 0.036011 0.057251 -0.461864 0.771593 0.342007
0.010620 0.009155 0.087524 -0.381168 0.899282 0.574838
-0.088379 -0.001343 0.088867 -0.234255 0.778239 0.814315
-0.144287 0.011353 0.096680 -0.029905 0.516215 1.076813
-0.150635 0.010986 0.085571 0.185363 0.187736 1.372302
-0.120972 -0.006104 0.072388 0.385678 -0.154983 1.679895
-0.053833 -0.021240 0.038574 0.593351 -0.434570 1.967788
0.040894 -0.083374 -0.015015 0.774679 -0.580772 2.229337
0.190430 -0.115234 -0.086426 0.916371 -0.654110 2.544050
0.365112 -0.141602 -0.163086 1.038126 -0.785596 2.881311
0.607666 -0.178589 -0.260376 1.177208 -0.951023 3.173714
0.909424 -0.162231 -0.386841 1.315340 -1.115974 3.416039
1.218628 -0.137451 -0.503662 1.406241 -1.267872 3.538032
1.536621 -0.128418 -0.641968 1.397222 -1.416684 3.502905
1.818848 -0.068848 -0.789551 1.292081 -1.577838 3.380438
2.065186 -0.010498 -0.920776 1.100072 -1.665417 3.160186
2.252319 0.040039 -1.013306 0.820960 -1.616050 2.848558
2.394775 0.104858 -1.023804 0.513367 -1.609167 2.453387
2.472290 0.144775 -1.008911 0.254666 -1.784799 1.968738
2.484863 0.137695 -0.917114 0.012104 -1.723328 1.441368
2.430786 0.098877 -0.784424 -0.180379 -1.555766 0.968823
2.343994 0.031860 -0.657959 -0.297150 -1.327919 0.619933
2.240112 -0.020386 -0.634521 -0.341533 -0.838523 0.428162
2.178711 -0.062256 -0.611206 -0.316375 -0.647227 0.351976
2.173950 -0.069214 -0.662842 -0.247783 -0.199841 0.313527
2.166016 -0.077515 -0.691406 -0.167562 0.323495 0.237578
2.149658 -0.070435 -0.702148 -0.119145 0.664315 0.132673
2.110352 -0.062988 -0.682251 -0.109889 0.783935 -0.032278
2.048096 -0.063721 -0.649414 -0.104667 0.817875 -0.265584
1.974243 -0.084473 -0.617798 -0.079272 0.765185 -0.529269
1.885254 -0.085449 -0.630615 -0.051503 0.592164 -0.771831
1.806274 -0.095825 -0.641113 -0.063370 0.403478 -0.968586
1.742310 -0.114868 -0.651611 -0.120094 0.463288 -1.149676
1.657715 -0.132690 -0.658691 -0.172309 0.729821 -1.307270
1.583862 -0.135132 -0.690186 -0.210521 0.830216 -1.383456
1.562134 -0.102661 -0.744995 -0.275552 0.688287 -1.426652
1.534790 -0.072144 -0.755981 -0.412972 0.733619 -1.494769
1.487183 -0.061646 -0.748291 -0.573889 0.800074 -1.606082
1.424805 -0.071655 -0.725952 -0.727685 0.812178 -1.729973
1.339478 -0.084595 -0.708496 -0.855374 0.792005 -1.853390
1.251221 -0.083984 -0.665283 -0.958617 0.791292 -1.944766
1.177734 -0.086304 -0.613525 -1.047383 0.763524 -1.997456
1.091064 -0.073364 -0.560303 -1.113838 0.745961 -2.038990
0.985840 -0.054565 -0.512329 -1.132350 0.788919 -2.085509
0.849976 -0.055542 -0.478516 -1.134724 0.822621 -2.144607
0.719971 -0.041382 -0.459351 -1.156797 0.806482 -2.173800
0.609497 -0.024902 -0.429688 -1.218030 0.795090 -2.111617
0.519653 -0.016602 -0.386353 -1.287096 0.751419 -1.989624
0.438965 0.009766 -0.352539 -1.347381 0.701103 -1.876412
0.374390 0.027832 -0.298096 -1.390814 0.628240 -1.766998
0.317017 0.036865 -0.244263 -1.420956 0.535202 -1.634800
0.298340 0.048950 -0.171753 -1.431399 0.467560 -1.469611
0.283325 0.058472 -0.109009 -1.387966 0.419855 -1.303948
0.262573 0.097168 -0.058105 -1.275704 0.383779 -1.143268
0.241821 0.109863 -0.029785 -1.139471 0.301897 -1.014630
0.231689 0.133911 -0.005493 -1.029345 0.179904 -0.897384
0.214478 0.151245 -0.000244 -0.940817 0.107752 -0.759489
0.185425 0.159058 -0.002930 -0.871751 0.114635 -0.605692
0.169556 0.186157 -0.011230 -0.824045 0.164952 -0.463526
0.152344 0.202759 -0.008789 -0.796751 0.191771 -0.338922
0.137451 0.207520 -0.003052 -0.775153 0.185363 -0.216217
0.104858 0.205566 -0.002319 -0.751894 0.145490 -0.084256
0.088013 0.197998 0.001587 -0.732432 0.086629 0.070727
0.087158 0.193726 0.014648 -0.726973 0.027294 0.259888
0.089844 0.191284 0.038452 -0.733619 -0.012342 0.485836
0.107788 0.192261 0.066772 -0.747859 -0.011155 0.734093
0.139648 0.177246 0.083862 -0.735992 0.018987 0.963127
0.178711 0.168579 0.094971 -0.670012 0.022310 1.164866
0.227905 0.157104 0.088989 -0.562496 -0.037974 1.348093
0.280029 0.145386 0.089111 -0.465662 -0.105142 1.513044
0.348633 0.127319 0.087280 -0.405377 -0.153559 1.680844
0.428223 0.096680 0.094971 -0.348890 -0.193670 1.867868
0.517700 0.078491 0.095215 -0.271755 -0.241138 2.052756
0.612915 0.070068 0.096069 -0.174682 -0.314001 2.193736
0.703247 0.066040 0.085083 -0.068354 -0.414633 2.274669
0.784424 0.037720 0.071655 0.009731 -0.522861 2.312406
0.901245 -0.006836 0.043579 0.061708 -0.591689 2.354416
1.042969 -0.044556 0.004517 0.100158 -0.638445 2.440333
1.215210 -0.050659 -0.045532 0.129588 -0.728635 2.534794
1.402466 -0.042725 -0.089722 0.149287 -0.828555 2.554256
1.584106 -0.020142 -0.151855 0.138369 -0.873175 2.474035
1.721802 -0.007202 -0.194092 0.083544 -0.823808 2.315492
1.817383 0.012451 -0.223145 0.019699 -0.767796 2.090019
1.853271 0.003296 -0.238647 -0.032278 -0.662891 1.799277
1.853638 -0.013672 -0.225708 -0.056250 -0.538288 1.516130
1.849243 -0.043579 -0.210815 -0.050553 -0.486310 1.284011
1.856812 -0.065063 -0.209595 -0.022310 -0.475393 1.102683
1.871948 -0.058105 -0.224487 0.024446 -0.386627 0.965738
1.883057 -0.053345 -0.261475 0.066693 -0.241850 0.836862
1.878052 -0.027588 -0.296753 0.079509 -0.052690 0.687100
1.852417 -0.000610 -0.337646 0.055538 0.122468 0.497465
1.776123 0.012329 -0.373901 -0.017563 0.283622 0.284334
1.679688 -0.014526 -0.366089 -0.144778 0.412497 0.085680
1.577515 -0.040161 -0.314453 -0.280299 0.492481 -0.065506
1.477539 -0.039551 -0.254395 -0.358621 0.544221 -0.168037
1.396362 -0.049316 -0.196411 -0.379744 0.532592 -0.250394
1.322021 -0.063965 -0.156738 -0.356248 0.434807 -0.311390
1.269775 -0.062378 -0.130249 -0.300473 0.296913 -0.340583
1.225464 -0.058716 -0.137817 -0.246122 0.257989 -0.340583
1.186646 -0.054810 -0.129028 -0.216692 0.280774 -0.321121
1.158203 -0.050293 -0.117065 -0.202214 0.254903 -0.293590
1.130127 -0.054321 -0.115479 -0.192008 0.232831 -0.265346
1.102173 -0.051147 -0.113892 -0.178005 0.235204 -0.242324
1.082275 -0.052734 -0.106323 -0.160442 0.200078 -0.225948
1.068970 -0.054077 -0.114258 -0.135047 0.108939 -0.215980
1.058716 -0.046631 -0.112305 -0.113211 0.006408 -0.207673
1.053711 -0.048950 -0.103638 -0.107515 -0.074525 -0.202689
1.047974 -0.053955 -0.098511 -0.100632 -0.156645 -0.191534
1.058838 -0.045410 -0.095093 -0.073338 -0.212182 -0.154271
1.065308 -0.034180 -0.098145 -0.041772 -0.243511 -0.126502
1.071533 -0.032349 -0.112305 -0.021361 -0.257989 -0.121756
1.058472 -0.024292 -0.132690 -0.010206 -0.238290 -0.125316
1.040405 -0.013428 -0.134399 -0.013054 -0.183939 -0.126740
1.028564 -0.005859 -0.139893 -0.018275 -0.132436 -0.135284
1.014648 -0.011353 -0.148560 -0.013528 -0.109651 -0.143828
1.017456 -0.003662 -0.153198 -0.000475 -0.104904 -0.131724
1.026978 0.009521 -0.167603 0.014478 -0.107040 -0.115585
1.039185 0.003540 -0.182373 0.022547 -0.109651 -0.114635
1.046021 0.012695 -0.187500 0.011867 -0.064557 -0.100395
1.046265 0.020264 -0.185791 -0.010443 0.000475 -0.076661
1.053101 0.018188 -0.181396 -0.032516 0.032516 -0.084018
1.045288 0.010010 -0.181274 -0.043908 0.045569 -0.097072
1.039917 0.017334 -0.176147 -0.059572 0.070727 -0.083781
1.049438 0.007080 -0.156494 -0.088053 0.088291 -0.075000
1.064575 0.005249 -0.145264 -0.107990 0.084968 -0.084730
1.064087 -0.004517 -0.141724 -0.114161 0.069303 -0.098734
1.059814 -0.015137 -0.117188 -0.118907 0.069778 -0.104667
1.053833 -0.011597 -0.102661 -0.110838 0.062895 -0.109889
1.056030 -0.014526 -0.098877 -0.089477 0.022785 -0.120332
