0.984863 0.445923 -0.311523 -0.358621 0.851102 -0.248495
0.826050 0.392456 -0.229858 -0.512418 1.223727 -0.299998
0.877563 0.419678 -0.252808 -0.564395 1.120246 -0.282910
0.819092 0.370117 -0.165894 -0.571041 1.106006 -0.224049
0.804688 0.337891 -0.115356 -0.445725 0.789868 -0.106091
0.777222 0.343384 -0.069580 -0.271043 0.584569 -0.046993
0.761108 0.338623 -0.047974 -0.072389 0.427213 0.007358
0.738159 0.321655 -0.031982 0.110601 0.363131 0.062895
0.719116 0.300781 -0.050781 0.272467 0.322545 0.114635
0.678955 0.288330 -0.081909 0.405140 0.291217 0.162815
0.645874 0.302856 -0.111084 0.505060 0.180379 0.205774
0.600342 0.349121 -0.158081 0.555851 0.080221 0.238527
0.559082 0.361572 -0.201416 0.521911 0.003085 0.258464
0.502319 0.336792 -0.202515 0.394934 0.003560 0.259650
0.435913 0.287231 -0.179077 0.239476 0.041772 0.254191
0.352539 0.223145 -0.150146 0.119857 0.077136 0.254903
0.255493 0.172241 -0.134033 0.035838 0.085443 0.301659
0.196289 0.132324 -0.097534 -0.050553 0.092325 0.425788
0.158203 0.092773 -0.039185 -0.137183 0.111550 0.608303
0.140991 0.051025 0.019897 -0.174445 0.117246 0.832115
0.157471 0.005859 0.051880 -0.116771 0.095173 1.100072
0.201660 -0.011475 0.050049 0.033940 0.022073 1.386542
0.291626 -0.018555 0.008301 0.218353 -0.103480 1.666841
0.404419 -0.005005 -0.053711 0.388289 -0.256328 1.908928
0.482300 0.026245 -0.115234 0.520725 -0.319697 2.052994
0.512451 0.029541 -0.168945 0.580297 -0.358858 2.110430
0.530396 -0.011475 -0.215454 0.564633 -0.433858 2.168103
0.607910 -0.061890 -0.241089 0.522861 -0.558462 2.322849
0.786255 -0.094482 -0.245239 0.523573 -0.784647 2.568734
0.964600 -0.106934 -0.280518 0.622781 -1.063047 2.747214
1.127319 -0.108765 -0.343506 0.766609 -1.337887 2.774033
1.237915 -0.100830 -0.397949 0.862020 -1.497143 2.707341
1.354370 -0.079590 -0.475952 0.912099 -1.696508 2.635664
1.480225 -0.102173 -0.563232 0.916608 -1.788596 2.556630
1.660767 -0.091431 -0.632935 0.893349 -1.778153 2.513908
1.828491 -0.104248 -0.670654 0.864156 -1.816365 2.416836
1.981934 -0.109863 -0.716919 0.829742 -1.842710 2.219844
2.059204 -0.117065 -0.756958 0.763286 -1.691524 1.958769
2.136353 -0.116211 -0.824097 0.735518 -1.886618 1.670401
2.189331 -0.121338 -0.911621 0.717954 -1.718581 1.365893
2.219849 -0.112915 -0.952637 0.657433 -1.311068 1.079898
2.239990 -0.100586 -0.985107 0.583145 -0.953396 0.809093
2.234253 -0.096436 -1.024902 0.503873 -0.680692 0.536152
2.203979 -0.093506 -1.070190 0.420092 -0.453083 0.266770
2.160889 -0.072632 -1.098999 0.326818 -0.265584 -0.002136
2.103394 -0.121582 -1.132080 0.208385 -0.107040 -0.257040
2.031982 -0.123169 -1.131836 0.043671 0.069778 -0.515028
1.948486 -0.088379 -1.089355 -0.148575 0.266296 -0.767796
1.868042 -0.087158 -1.036987 -0.305457 0.441216 -0.969535
1.799194 -0.095825 -1.010864 -0.408937 0.523335 -1.124518
1.731201 -0.085815 -0.976074 -0.495092 0.426026 -1.255530
1.668579 -0.072632 -0.955444 -0.579348 0.343194 -1.369216
1.614990 -0.064575 -0.974731 -0.679980 0.530456 -1.465339
1.552734 -0.061768 -0.928833 -0.816925 0.890263 -1.559326
1.498291 -0.046509 -0.870728 -0.943665 0.946750 -1.622458
1.443726 -0.063965 -0.840332 -1.045959 0.881957 -1.690575
1.404907 -0.062134 -0.802856 -1.151338 0.842321 -1.812330
1.362183 -0.080078 -0.748291 -1.246274 0.767321 -1.940732
1.268433 -0.066040 -0.687012 -1.338599 0.717005 -2.064861
1.203003 -0.073120 -0.624634 -1.401969 0.590265 -2.154338
1.125244 -0.088135 -0.531006 -1.433298 0.526895 -2.221980
1.044556 -0.078979 -0.473999 -1.406004 0.398257 -2.257106
0.971924 -0.064819 -0.411011 -1.363757 0.368827 -2.262090
0.889160 -0.042725 -0.364502 -1.334564 0.367403 -2.236220
0.819580 -0.034058 -0.328491 -1.323647 0.440741 -2.162170
0.751221 -0.032227 -0.294556 -1.313916 0.610914 -2.057028
0.678833 -0.002930 -0.255127 -1.283774 0.801023 -1.950700
0.618164 0.032349 -0.241333 -1.222065 0.962890 -1.838912
0.554688 0.073608 -0.235596 -1.152999 1.020326 -1.739704
0.500977 0.096436 -0.225220 -1.115737 0.982826 -1.657822
0.466431 0.126343 -0.189087 -1.107667 0.832115 -1.566208
0.441772 0.150391 -0.168213 -1.096512 0.622544 -1.478630
0.413940 0.168091 -0.148438 -1.079661 0.482750 -1.390102
0.403564 0.174438 -0.121704 -1.052604 0.402529 -1.293505
0.403198 0.195557 -0.109009 -1.009883 0.361469 -1.179344
0.404053 0.216675 -0.116821 -0.968111 0.327530 -1.074440
0.388672 0.232056 -0.114014 -0.949598 0.321596 -0.990184
0.364746 0.246094 -0.096802 -0.947225 0.334887 -0.921355
0.325562 0.248779 -0.093628 -0.945801 0.344618 -0.832590
0.316528 0.254761 -0.084961 -0.936782 0.352925 -0.689236
0.345581 0.279663 -0.072021 -0.904979 0.346517 -0.512655
0.381104 0.321899 -0.056274 -0.844219 0.318511 -0.361469
0.392578 0.355713 -0.054443 -0.776815 0.281248 -0.275552
0.378906 0.368652 -0.067383 -0.742163 0.266533 -0.229745
0.345337 0.365601 -0.084106 -0.747859 0.280774 -0.182989
0.296753 0.377563 -0.074951 -0.773492 0.301185 -0.116297
0.257324 0.381714 -0.053467 -0.797938 0.282198 -0.019699
0.233765 0.376343 -0.021606 -0.824995 0.240188 0.080933
0.208618 0.345825 0.017212 -0.857273 0.166138 0.178480
0.192993 0.313110 0.065308 -0.879583 0.091376 0.301185
0.183716 0.282104 0.094604 -0.864156 0.036313 0.459965
0.202148 0.257080 0.115967 -0.803160 -0.017089 0.663603
0.248169 0.252441 0.109619 -0.697068 -0.094461 0.894536
0.311523 0.249512 0.092163 -0.574838 -0.182989 1.116686
0.389160 0.237427 0.069336 -0.460440 -0.253954 1.306321
0.448120 0.232300 0.056641 -0.365267 -0.316612 1.448013
0.493042 0.216187 0.032837 -0.303558 -0.374760 1.556240
0.541260 0.195923 0.019409 -0.276264 -0.431485 1.659721
0.606079 0.159912 0.000000 -0.265584 -0.493430 1.786460
0.680054 0.135986 0.001099 -0.245885 -0.540899 1.924355
0.775635 0.124878 -0.009521 -0.190584 -0.610677 2.073405
0.871948 0.129272 -0.033936 -0.107752 -0.703951 2.195635
0.977173 0.118164 -0.059204 -0.035601 -0.836387 2.260191
1.110229 0.095581 -0.110474 0.017563 -1.020801 2.280603
1.250732 0.098022 -0.174072 0.058623 -1.225863 2.288910
1.395996 0.092407 -0.257690 0.073338 -1.355213 2.311220
1.532104 0.105835 -0.297241 0.027769 -1.337887 2.308134
1.658081 0.144775 -0.338135 -0.055538 -1.219454 2.208214
1.737671 0.132324 -0.365967 -0.162815 -1.102208 2.003627
1.790405 0.125488 -0.366821 -0.270805 -0.966450 1.779815
1.828491 0.118286 -0.385742 -0.363131 -0.738128 1.572617
1.852295 0.121948 -0.376343 -0.427925 -0.489158 1.360672
1.858521 0.134399 -0.371704 -0.440266 -0.335124 1.142793
1.834717 0.147217 -0.357788 -0.439317 -0.138844 0.893824
1.784302 0.143433 -0.332520 -0.440266 0.058860 0.624442
1.712769 0.129395 -0.311035 -0.415345 0.180616 0.375235
1.631104 0.111694 -0.306519 -0.353400 0.279824 0.172072
1.540161 0.098999 -0.320313 -0.278637 0.356960 0.009256
1.465576 0.097046 -0.341064 -0.212420 0.377134 -0.105379
1.411621 0.098145 -0.343628 -0.170173 0.376896 -0.182515
1.357056 0.107910 -0.335205 -0.167562 0.435282 -0.234255
1.289063 0.112671 -0.325684 -0.198179 0.526183 -0.274840
1.234131 0.108521 -0.297974 -0.237340 0.595724 -0.305932
1.178223 0.101807 -0.282349 -0.266533 0.616135 -0.326818
1.138306 0.094971 -0.262451 -0.285520 0.589316 -0.321833
1.112915 0.087891 -0.236206 -0.289792 0.532592 -0.301185
1.090698 0.084351 -0.218872 -0.281723 0.461864 -0.282672
1.078857 0.080078 -0.200195 -0.270568 0.344143 -0.269856
1.065063 0.073853 -0.184937 -0.266533 0.224524 -0.257277
1.055786 0.073486 -0.164551 -0.272941 0.103006 -0.240426
1.054565 0.060913 -0.137573 -0.283622 0.022785 -0.216692
1.056519 0.052490 -0.097900 -0.285520 -0.034177 -0.185600
1.064331 0.052979 -0.067749 -0.265109 -0.091376 -0.152847
1.068115 0.054199 -0.062012 -0.224049 -0.135284 -0.128638
1.065796 0.060791 -0.065308 -0.170885 -0.145727 -0.107515
1.059692 0.067017 -0.080322 -0.121993 -0.140980 -0.093749
1.043457 0.076294 -0.108276 -0.086155 -0.129113 -0.090189
1.036377 0.085571 -0.131226 -0.074525 -0.084018 -0.089240
1.034668 0.090454 -0.133179 -0.074288 -0.069778 -0.089715
1.038574 0.092773 -0.143799 -0.065743 -0.098022 -0.094699
1.038696 0.097534 -0.147949 -0.052927 -0.135996 -0.101582
1.038818 0.103638 -0.141968 -0.038686 -0.163053 -0.110126
1.040405 0.099976 -0.137085 -0.024921 -0.170885 -0.114635
1.045898 0.098389 -0.135620 -0.007120 -0.165426 -0.107990
1.051025 0.099609 -0.140015 0.013291 -0.123892 -0.089952
1.063721 0.093506 -0.151978 0.023734 -0.043908 -0.068591
1.073120 0.104492 -0.168213 0.028718 0.048655 -0.049129
1.079102 0.114258 -0.182617 0.032278 0.135284 -0.041772
1.081421 0.114624 -0.190796 0.028243 0.205299 -0.044857
1.088135 0.117432 -0.188232 0.019225 0.238527 -0.054351
