0.751831 0.453003 -0.078125 -0.394222 0.164002 -0.511943
0.712402 0.445190 -0.005249 -0.445725 0.256565 -0.473969
0.704712 0.416748 0.048828 -0.444064 0.200790 -0.371438
0.668335 0.412964 0.089844 -0.446437 0.319935 -0.302372
0.568481 0.478394 0.170044 -0.471595 0.529032 -0.180616
0.558594 0.424072 0.224487 -0.489396 0.516452 0.021123
0.548584 0.323608 0.259766 -0.552291 0.508146 0.121044
0.491333 0.275024 0.345337 -0.642955 0.613287 0.129350
0.427734 0.242310 0.499634 -0.668588 0.573889 0.151660
0.412231 0.199341 0.610840 -0.580534 0.341533 0.205062
0.436890 0.134888 0.696411 -0.389713 -0.037974 0.289318
0.468628 0.058105 0.756958 -0.140743 -0.310441 0.482038
0.554443 0.018433 0.810547 0.168512 -0.356248 0.786546
0.681763 0.020142 0.828857 0.578636 -0.301185 1.106480
0.797241 0.009399 0.773560 1.095325 -0.268195 1.381795
0.923828 0.027466 0.622803 1.680132 -0.288843 1.572854
1.006958 0.095093 0.396851 2.217233 -0.380456 1.588044
1.061768 0.160400 0.143188 2.598164 -0.533541 1.430450
1.067139 0.191040 -0.072021 2.765014 -0.643192 1.167477
1.060425 0.220947 -0.243652 2.764302 -0.665265 0.909013
1.031128 0.241943 -0.364746 2.657974 -0.585756 0.727211
1.000977 0.246094 -0.405762 2.513908 -0.400630 0.615186
0.984131 0.236572 -0.411865 2.404495 -0.231644 0.551341
1.008179 0.211670 -0.472900 2.372691 -0.205299 0.572939
1.057007 0.189941 -0.571045 2.424668 -0.417956 0.672622
1.095825 0.231567 -0.722900 2.499905 -0.807432 0.781087
1.158813 0.293701 -0.919800 2.464304 -0.734093 0.859646
1.205566 0.291870 -1.055908 2.300065 -0.455693 0.873887
1.245361 0.361694 -1.199585 2.103784 -0.153322 0.856324
1.264282 0.428833 -1.316772 1.872378 0.038924 0.815501
1.283081 0.446411 -1.414673 1.606794 0.169698 0.719616
1.286499 0.468018 -1.483765 1.310118 0.168274 0.543272
1.305908 0.485718 -1.548584 0.996117 -0.002611 0.336549
1.305542 0.476929 -1.587158 0.660518 -0.169698 0.151423
1.289185 0.473877 -1.589233 0.290267 -0.269856 0.008544
1.245728 0.447388 -1.558838 -0.083544 -0.251343 -0.112025
1.225220 0.422852 -1.528687 -0.437655 -0.140268 -0.185600
1.207397 0.402466 -1.489746 -0.772068 -0.001899 -0.202451
1.182495 0.384399 -1.425415 -1.092952 0.054114 -0.179904
1.165771 0.358643 -1.373047 -1.398884 0.107278 -0.156407
1.140503 0.322021 -1.296631 -1.705290 0.210996 -0.154509
1.118164 0.293823 -1.221924 -2.001491 0.379982 -0.168986
1.102295 0.271729 -1.112793 -2.271584 0.511231 -0.210996
1.071289 0.234863 -1.005615 -2.512247 0.621357 -0.285283
1.045166 0.206299 -0.900391 -2.723717 0.597860 -0.342482
1.047241 0.169800 -0.772705 -2.911453 0.476105 -0.378083
1.027710 0.141846 -0.641602 -3.082813 0.428399 -0.417482
0.989502 0.129883 -0.506226 -3.225692 0.465187 -0.444301
0.951660 0.092407 -0.386597 -3.326799 0.496753 -0.435282
0.925903 0.060425 -0.286987 -3.383998 0.494617 -0.371675
0.925781 0.048462 -0.185547 -3.413428 0.431722 -0.285995
0.943115 0.050293 -0.061646 -3.427906 0.357909 -0.202214
0.948608 0.043579 0.080200 -3.401324 0.314239 -0.165901
0.930176 0.025269 0.200806 -3.301403 0.297387 -0.182752
0.913574 0.043091 0.303955 -3.121262 0.260837 -0.216217
0.897583 0.065918 0.365234 -2.896976 0.154983 -0.228084
0.890259 0.093628 0.395752 -2.657974 0.002136 -0.248495
0.872559 0.131104 0.420654 -2.417785 -0.199128 -0.322308
0.830688 0.151123 0.451416 -2.250223 -0.393036 -0.401817
0.799683 0.146484 0.510742 -2.187328 -0.458779 -0.393273
0.774658 0.121460 0.598877 -2.160509 -0.374760 -0.309017
0.736816 0.104614 0.670410 -2.103072 -0.234967 -0.183939
0.705566 0.102539 0.714355 -1.993421 -0.133623 0.000237
0.709351 0.152466 0.763794 -1.824672 -0.086867 0.179904
0.711182 0.191772 0.798218 -1.588281 -0.146439 0.284334
0.706543 0.204468 0.802490 -1.289944 -0.285046 0.318748
0.709839 0.214478 0.797241 -0.965500 -0.447861 0.333226
0.715820 0.234009 0.779907 -0.649600 -0.572939 0.367403
0.728394 0.240479 0.728027 -0.379982 -0.653872 0.426026
0.772339 0.253418 0.685059 -0.154983 -0.667164 0.504111
0.793335 0.251343 0.633057 0.043908 -0.628714 0.558224
0.797363 0.255615 0.558228 0.204825 -0.557038 0.577686
0.797363 0.252808 0.497192 0.313764 -0.461390 0.594537
0.782715 0.236816 0.465332 0.382355 -0.329428 0.617559
0.764038 0.198120 0.460571 0.429823 -0.190822 0.634173
0.729858 0.179565 0.474365 0.488209 -0.101344 0.635597
0.687866 0.158081 0.468872 0.574838 -0.103480 0.637496
0.656860 0.118286 0.457275 0.679743 -0.143354 0.683065
0.652100 0.091431 0.445801 0.805770 -0.154746 0.793429
0.695313 0.071655 0.420410 0.955057 -0.161154 0.937731
0.749390 0.056519 0.376343 1.106006 -0.157831 1.061148
0.774902 0.062378 0.307983 1.234169 -0.139319 1.157271
0.837769 0.083252 0.154175 1.315340 -0.130300 1.252919
0.890869 0.092651 0.063843 1.274043 0.066218 1.280451
0.873047 0.063354 0.063477 1.172224 0.372624 1.243663
0.865845 0.053467 0.076172 1.115737 0.449760 1.201179
0.854980 0.008667 0.061035 1.138284 0.361232 1.167952
0.889160 -0.017456 0.053711 1.255530 0.109889 1.232271
0.998535 -0.013306 0.015137 1.440655 -0.200078 1.347143
1.084229 -0.012695 -0.037720 1.637648 -0.487734 1.408140
1.196533 0.002075 -0.118164 1.804024 -0.636072 1.426415
1.303589 0.010010 -0.214600 1.907029 -0.733856 1.361859
1.410522 0.042114 -0.358643 1.968738 -0.817637 1.279027
1.476074 0.083252 -0.485474 1.964940 -0.998253 1.197856
1.540649 0.120972 -0.617920 1.856476 -0.874362 1.096749
1.571167 0.143677 -0.707886 1.631240 -0.554190 0.946988
1.545898 0.155029 -0.699585 1.351653 -0.403953 0.767796
1.527588 0.162842 -0.687500 1.140895 -0.478953 0.606642
1.522583 0.153198 -0.709839 0.998491 -0.375710 0.466374
1.504761 0.144165 -0.703247 0.867479 -0.261312 0.348890
1.493286 0.138062 -0.694702 0.747385 -0.221676 0.250869
1.472778 0.128906 -0.670410 0.649363 -0.231881 0.164477
1.462646 0.118286 -0.645996 0.569379 -0.264634 0.071677
1.432617 0.106567 -0.624878 0.489158 -0.249445 -0.054351
1.365112 0.105713 -0.583984 0.389475 -0.137895 -0.191771
1.301392 0.104370 -0.564209 0.271280 -0.024446 -0.282198
1.251465 0.076050 -0.530884 0.157831 0.083306 -0.315663
1.196777 0.054199 -0.477661 0.056962 0.180379 -0.308542
1.157104 0.050903 -0.417236 -0.006883 0.217641 -0.284571
1.131958 0.041260 -0.363647 -0.026819 0.196992 -0.273179
1.118530 0.041992 -0.341675 -0.009019 0.121044 -0.268432
1.108521 0.031372 -0.338257 0.013766 0.038924 -0.257277
1.087524 0.026855 -0.327026 0.010918 0.019462 -0.249682
1.076050 0.027710 -0.316895 -0.005696 0.026819 -0.232831
1.071533 0.011963 -0.314087 -0.029430 0.035364 -0.187499
1.067993 0.010620 -0.301147 -0.070015 0.070727 -0.124366
1.072510 0.010742 -0.270508 -0.118670 0.117958 -0.059810
1.086304 0.013794 -0.243530 -0.147863 0.144540 -0.008070
1.092285 0.019287 -0.215454 -0.144540 0.139319 0.004272
1.079224 0.025024 -0.202026 -0.121756 0.108702 -0.012579
1.062378 0.026489 -0.191650 -0.090664 0.051978 -0.030380
1.047729 0.035522 -0.185791 -0.053402 -0.016376 -0.034652
1.035400 0.043335 -0.183350 -0.022547 -0.079746 -0.035601
1.024658 0.043701 -0.172485 0.001899 -0.133623 -0.030617
1.026733 0.049072 -0.174805 0.031092 -0.184413 -0.011630
1.034302 0.063354 -0.188110 0.057674 -0.221913 0.002373
1.026611 0.063232 -0.193970 0.066930 -0.222151 0.004035
1.024902 0.071167 -0.199585 0.072151 -0.214793 0.014240
1.035522 0.072632 -0.199707 0.079034 -0.244698 0.030142
1.052124 0.056274 -0.226074 0.089715 -0.278163 0.046044
1.051392 0.084717 -0.239380 0.079034 -0.222863 0.070015
1.061523 0.090210 -0.222168 0.031092 -0.142404 0.079984
1.077881 0.092041 -0.210327 -0.001661 -0.105854 0.080933
1.079346 0.095459 -0.208008 -0.013054 -0.115822 0.065269
1.066895 0.105225 -0.221069 -0.030380 -0.125553 0.040823
1.063232 0.101196 -0.214111 -0.059098 -0.120569 0.024446
1.063965 0.097900 -0.199219 -0.075712 -0.124366 0.014003
1.061768 0.099365 -0.193359 -0.069303 -0.149287 0.005934
1.062256 0.090698 -0.199219 -0.050079 -0.177768 -0.001661
1.060669 0.099609 -0.203125 -0.037025 -0.180616 -0.005221
1.054810 0.093994 -0.201172 -0.042009 -0.166376 -0.003797
1.043945 0.088623 -0.188232 -0.044145 -0.157119 0.002373
1.049194 0.083008 -0.197144 -0.029430 -0.178480 0.001424
1.049072 0.094727 -0.214722 -0.022785 -0.205062 0.003797
1.043945 0.091309 -0.213867 -0.053402 -0.196518 0.007120
1.044800 0.084961 -0.201294 -0.086392 -0.172784 0.012579
1.051147 0.079102 -0.182007 -0.091376 -0.184888 0.020174
1.061646 0.074219 -0.194092 -0.077136 -0.229983 0.024446
1.078491 0.075928 -0.196167 -0.061234 -0.248495 0.024446
1.084839 0.070801 -0.197021 -0.045569 -0.248021 0.014478
