0.863892 0.417358 -0.135986 -0.241138 0.430061 -0.102294
0.873169 0.413208 -0.109741 -0.267245 0.669774 0.018513
0.943970 0.465942 -0.039429 -0.251106 0.691372 0.119857
0.910034 0.364380 -0.052734 -0.167562 0.522861 0.201739
0.889526 0.380859 -0.017944 -0.103718 0.581246 0.198891
0.857178 0.378662 -0.000122 -0.051740 0.628240 0.241375
0.850708 0.385620 0.022461 0.003560 0.539712 0.269144
0.845337 0.347290 0.037720 0.029193 0.395172 0.286944
0.858032 0.308838 0.057373 0.010206 0.283147 0.287182
0.838867 0.286987 0.113281 -0.054588 0.311865 0.265346
0.799683 0.283325 0.192139 -0.124129 0.369539 0.215742
0.716553 0.254150 0.284180 -0.183701 0.330378 0.143591
0.663330 0.203247 0.382690 -0.201977 0.165664 0.089477
0.636719 0.143677 0.483887 -0.168749 -0.070253 0.081645
0.624268 0.083740 0.584473 -0.077373 -0.251343 0.128638
0.638428 0.026245 0.687500 0.102056 -0.382593 0.245410
0.662598 -0.028320 0.736572 0.385678 -0.378795 0.420804
0.749146 -0.063110 0.734253 0.789631 -0.321596 0.642955
0.858765 -0.066162 0.645874 1.261226 -0.243274 0.847067
0.917480 -0.047119 0.556885 1.729736 -0.185363 0.959567
0.952637 -0.013794 0.389282 2.143183 -0.192246 0.997067
0.994995 0.016235 0.220947 2.471662 -0.615186 0.944614
1.077271 0.048462 -0.003662 2.688828 -1.069455 0.821435
1.135620 0.069702 -0.219360 2.755046 -1.139471 0.647464
1.127686 0.103027 -0.396484 2.699271 -1.086781 0.442402
1.048096 0.136963 -0.496338 2.574193 -1.042399 0.250157
0.963013 0.182373 -0.575073 2.418498 -0.827368 0.145015
0.901978 0.186890 -0.621216 2.267787 -0.642717 0.118195
0.900391 0.167847 -0.666992 2.187091 -0.565819 0.199366
0.945435 0.173340 -0.744629 2.178309 -0.631088 0.353637
0.990723 0.189941 -0.860229 2.193499 -0.753555 0.485361
1.033447 0.207397 -0.995483 2.187328 -0.875311 0.546357
1.085205 0.220703 -1.161133 2.119211 -0.971908 0.546595
1.110596 0.228027 -1.346436 1.976333 -0.950311 0.503399
1.145386 0.263306 -1.483398 1.745400 -0.815264 0.476105
1.173462 0.277954 -1.553345 1.417634 -0.645328 0.425788
1.190186 0.270752 -1.586060 1.049756 -0.536864 0.310678
1.185425 0.264160 -1.596802 0.685439 -0.495092 0.176819
1.163696 0.252197 -1.582764 0.335836 -0.463051 0.053164
1.112793 0.229126 -1.535278 0.007120 -0.419380 -0.040585
1.097778 0.226440 -1.510132 -0.292878 -0.354112 -0.065269
1.078003 0.220459 -1.481689 -0.608303 -0.162815 -0.056250
1.039551 0.208862 -1.414673 -0.944377 0.123892 -0.038449
1.006348 0.189453 -1.343750 -1.256005 0.375472 -0.014715
0.988525 0.166260 -1.277100 -1.521114 0.446437 -0.003797
0.994507 0.151733 -1.221802 -1.755606 0.275315 -0.008070
1.004761 0.129883 -1.154175 -1.992472 0.175632 -0.026582
1.026733 0.101807 -1.053223 -2.232185 0.355536 -0.048417
1.031616 0.072266 -0.962524 -2.446978 0.587180 -0.067167
1.025024 0.057739 -0.852173 -2.639461 0.638683 -0.048892
1.011963 0.059814 -0.774048 -2.802277 0.674521 0.003323
1.006104 0.069092 -0.700439 -2.946105 0.820011 0.018513
1.014771 0.048340 -0.561523 -3.083050 0.944140 0.005696
0.992554 0.050293 -0.466797 -3.168967 0.784884 -0.030617
0.973633 0.050903 -0.361450 -3.243492 0.750707 -0.073813
0.951904 0.058472 -0.248779 -3.286214 0.644379 -0.103480
0.940430 0.069702 -0.131592 -3.304963 0.509807 -0.142167
0.945435 0.059082 0.011230 -3.314220 0.399444 -0.175869
0.960205 0.030151 0.146729 -3.259869 0.264872 -0.179192
0.975342 0.014160 0.256226 -3.096816 0.146914 -0.144066
0.981934 0.029663 0.343140 -2.881548 0.100870 -0.087104
0.982300 0.063599 0.428345 -2.659873 0.183701 -0.038212
0.977783 0.095703 0.482056 -2.394052 0.241612 -0.013291
0.972168 0.117432 0.514893 -2.082661 0.172309 -0.038686
0.924316 0.156982 0.510132 -1.771745 -0.019699 -0.091613
0.888306 0.190063 0.488647 -1.509722 -0.195806 -0.103243
0.877197 0.197388 0.449463 -1.305372 -0.315188 -0.078560
0.855103 0.184814 0.437744 -1.194771 -0.339397 -0.028718
0.839722 0.186279 0.457642 -1.163442 -0.239714 0.061234
0.823853 0.192139 0.504761 -1.124518 -0.063845 0.155458
0.806030 0.206543 0.536011 -1.014630 0.052215 0.218828
0.785278 0.213013 0.535889 -0.859172 0.049129 0.247309
0.769409 0.212402 0.526245 -0.688049 -0.020411 0.266058
0.758911 0.207153 0.504272 -0.515978 -0.096597 0.295489
0.760742 0.207275 0.474609 -0.362656 -0.140505 0.333938
0.772583 0.208984 0.446411 -0.226185 -0.156882 0.372624
0.781860 0.207031 0.419067 -0.087816 -0.173258 0.406564
0.798706 0.214233 0.387573 0.042484 -0.192483 0.431247
0.804199 0.214722 0.354370 0.153797 -0.206011 0.443589
0.794189 0.212524 0.334229 0.241138 -0.193907 0.445250
0.765503 0.207031 0.323975 0.314951 -0.159493 0.444776
0.737915 0.189209 0.315063 0.374286 -0.133623 0.454981
0.713501 0.170654 0.305542 0.433383 -0.123417 0.472782
0.694458 0.153076 0.308716 0.509807 -0.117009 0.502687
0.678833 0.124512 0.302979 0.591927 -0.118195 0.542560
0.669434 0.083984 0.293579 0.667401 -0.106091 0.599759
0.677002 0.056885 0.312378 0.755691 -0.069778 0.679743
0.711670 0.028076 0.326538 0.894773 -0.065506 0.769457
0.753540 0.002686 0.306396 1.065183 -0.148575 0.839235
0.821777 -0.001953 0.287354 1.225151 -0.192720 0.913048
0.881836 -0.012329 0.266479 1.384406 -0.188686 0.979741
0.949097 -0.022339 0.210449 1.561224 -0.185837 1.031481
0.990479 -0.041748 0.134155 1.742315 -0.187024 1.056639
1.019409 -0.060669 0.070801 1.906792 -0.229983 1.069218
1.034546 -0.055542 -0.042725 2.046348 -0.241375 1.092715
1.090332 -0.047119 -0.102783 2.107582 -0.069303 1.165578
1.162842 -0.052734 -0.196411 2.177835 -0.022547 1.231084
1.242188 -0.047119 -0.263672 2.231711 -0.364080 1.218030
1.284546 -0.020386 -0.421387 2.304811 -0.703951 1.147303
1.386230 0.003540 -0.565918 2.282739 -0.844457 1.064708
1.421265 0.029907 -0.669189 2.131078 -0.843033 0.945564
1.444214 0.041626 -0.749512 1.886143 -0.833302 0.790818
1.420410 0.017212 -0.795776 1.618186 -0.788444 0.651499
1.417114 -0.001587 -0.837524 1.379184 -0.855849 0.543984
1.389038 -0.007935 -0.867798 1.189787 -0.981165 0.457355
1.386108 0.005615 -0.908813 1.046908 -1.033617 0.412972
1.411377 0.016602 -0.941040 0.908064 -0.936782 0.401105
1.414429 0.020142 -0.950439 0.740976 -0.748809 0.386865
1.412598 0.023438 -0.940552 0.561547 -0.536864 0.340583
1.400635 0.029541 -0.905029 0.383779 -0.302846 0.270805
1.377197 0.031616 -0.859375 0.230932 -0.150948 0.167325
1.337891 0.027832 -0.802734 0.102768 -0.098259 0.048180
1.291992 0.021484 -0.749268 -0.001424 -0.147151 -0.052215
1.249756 0.005493 -0.705811 -0.078797 -0.235679 -0.138369
1.214966 -0.009033 -0.677246 -0.132673 -0.324207 -0.203638
1.185425 -0.012329 -0.655640 -0.173496 -0.381168 -0.248495
1.165771 -0.031616 -0.625732 -0.205299 -0.364317 -0.271755
1.148682 -0.022339 -0.606689 -0.225473 -0.239476 -0.266533
1.139404 -0.000610 -0.582397 -0.278163 -0.074525 -0.237578
1.122314 -0.002808 -0.540283 -0.362656 0.102531 -0.187499
1.110107 -0.011230 -0.497925 -0.445250 0.256802 -0.112737
1.100952 -0.019531 -0.467651 -0.524522 0.379270 -0.031804
1.097900 -0.024170 -0.439331 -0.585993 0.485836 0.021361
1.085205 -0.020142 -0.403198 -0.628240 0.568905 0.032278
1.063232 -0.032104 -0.363892 -0.661467 0.595249 0.016851
1.047241 -0.047729 -0.325562 -0.677607 0.585518 0.009968
1.037231 -0.047241 -0.278320 -0.665265 0.564870 0.011392
1.029785 -0.048706 -0.236938 -0.633224 0.492956 0.015902
1.043457 -0.052124 -0.216187 -0.575550 0.362419 0.032278
1.063232 -0.059082 -0.206421 -0.506484 0.242562 0.035364
1.061279 -0.053101 -0.203613 -0.443826 0.194382 0.019225
1.048706 -0.038818 -0.194946 -0.385915 0.184413 0.005934
1.038574 -0.030762 -0.195190 -0.319935 0.154034 0.004509
1.026978 -0.019775 -0.201172 -0.249445 0.117483 0.009494
1.020386 -0.011230 -0.201294 -0.186549 0.069303 0.016139
1.019775 -0.005371 -0.218872 -0.132436 0.004272 0.033465
1.024780 0.004272 -0.245850 -0.092800 -0.044620 0.057199
1.026733 0.006348 -0.254517 -0.086629 -0.048655 0.072626
1.031372 0.008057 -0.254272 -0.090189 -0.022785 0.076898
1.037598 0.014038 -0.255615 -0.090427 -0.024209 0.083069
1.047363 0.017212 -0.255249 -0.090664 -0.044620 0.091139
1.057129 0.018433 -0.250610 -0.082832 -0.059810 0.102531
1.070557 0.022339 -0.256958 -0.067879 -0.069066 0.105854
1.079956 0.020386 -0.263794 -0.050316 -0.073101 0.092325
1.082886 0.018799 -0.270508 -0.030617 -0.063370 0.062895
1.076538 0.032837 -0.291870 -0.016376 -0.059335 0.032278
1.070923 0.043945 -0.312378 -0.025633 -0.072626 0.015427
1.077148 0.041382 -0.324707 -0.061708 -0.087104 0.019699
1.090454 0.033081 -0.318481 -0.114635 -0.064319 0.037974
1.103760 0.036621 -0.296753 -0.159018 -0.010680 0.052452
