1.057617 0.089233 -0.163208 -0.304033 -0.543984 0.190347
1.089478 0.097656 -0.146118 -0.332988 -0.431722 0.258701
1.215454 0.102905 -0.117920 -0.296675 -0.477529 0.313052
1.233154 0.117310 -0.126343 -0.212420 -0.405852 0.375472
1.308838 0.160034 -0.115356 -0.150474 -0.119857 0.406564
1.453491 0.159546 -0.110474 -0.093749 0.286707 0.465662
1.622559 0.161621 -0.076172 -0.078797 0.713208 0.508858
1.833618 0.151978 -0.014404 -0.077136 1.183379 0.514554
2.088135 0.134644 0.054199 -0.034652 1.616287 0.475630
2.326172 0.117554 0.059570 0.077848 1.973722 0.354112
2.504761 0.085571 0.017822 0.213606 2.231236 0.121281
2.648315 0.003784 -0.023071 0.319935 2.265888 -0.217404
2.677490 0.034668 -0.018066 0.394934 2.013832 -0.728872
2.535034 0.123291 -0.019531 0.525234 1.291606 -1.370165
2.403931 0.072144 -0.046021 0.642955 0.360283 -1.968026
2.268066 0.039917 -0.066406 0.601895 0.034177 -2.403545
2.174683 0.030518 -0.039185 0.458541 0.159018 -2.643496
2.105713 0.014526 0.014526 0.317324 0.164952 -2.811533
2.075317 0.052002 0.039185 0.272467 0.051503 -2.976485
1.969238 0.056274 0.054321 0.295014 0.070965 -3.226878
1.773438 0.032227 0.062744 0.334412 0.072151 -3.563664
1.531738 -0.006714 0.050171 0.380694 -0.001424 -3.855830
1.268677 -0.051270 0.039673 0.426263 -0.066218 -4.019595
1.019531 -0.058228 0.017090 0.486310 -0.145015 -4.040719
0.823853 -0.053101 0.006470 0.534016 -0.179904 -3.963346
0.661621 -0.025757 -0.002197 0.572465 -0.233305 -3.843251
0.500000 -0.015381 -0.034790 0.609253 -0.282198 -3.700610
0.364014 0.013306 -0.068604 0.630376 -0.300947 -3.547288
0.259399 0.047119 -0.106323 0.627053 -0.301659 -3.385422
0.159912 0.074463 -0.138794 0.597386 -0.289318 -3.216435
0.061157 0.102905 -0.165161 0.533541 -0.273179 -3.038430
-0.013306 0.127930 -0.173706 0.444776 -0.256802 -2.835979
-0.064819 0.162842 -0.167236 0.345805 -0.258701 -2.619762
-0.115967 0.179810 -0.154541 0.255378 -0.266296 -2.409479
-0.157471 0.187988 -0.141479 0.181803 -0.269144 -2.209163
-0.181030 0.204590 -0.116577 0.140268 -0.291217 -2.012883
-0.218628 0.203613 -0.103394 0.125553 -0.346517 -1.817315
-0.265015 0.201172 -0.096313 0.117958 -0.397308 -1.607980
-0.288696 0.219360 -0.094727 0.114635 -0.394934 -1.364469
-0.288330 0.249268 -0.097534 0.117009 -0.342007 -1.090104
-0.269653 0.283447 -0.088379 0.114873 -0.252767 -0.830691
-0.270996 0.307129 -0.095947 0.118433 -0.179667 -0.622306
-0.271118 0.327148 -0.091187 0.134809 -0.119145 -0.445962
-0.275635 0.341675 -0.115723 0.161154 -0.074050 -0.270093
-0.296753 0.353516 -0.142700 0.162341 -0.005459 -0.100395
-0.313599 0.353027 -0.154907 0.128638 0.072863 0.073813
-0.333008 0.353027 -0.163086 0.088291 0.123180 0.267720
-0.325684 0.378296 -0.164185 0.066218 0.150711 0.481563
-0.309204 0.410889 -0.169800 0.056724 0.167562 0.704189
-0.277954 0.444946 -0.180420 0.048892 0.178955 0.917795
-0.278809 0.468140 -0.207520 0.039636 0.198654 1.125705
-0.246216 0.493408 -0.229004 -0.001187 0.254666 1.367080
-0.199341 0.501221 -0.234619 -0.091139 0.326343 1.623882
-0.147217 0.500000 -0.228271 -0.211233 0.385678 1.853153
-0.102905 0.474976 -0.201172 -0.341770 0.413209 2.051332
-0.057495 0.411743 -0.179932 -0.461864 0.385203 2.240255
0.012695 0.345947 -0.154175 -0.541373 0.291454 2.426804
0.133911 0.295654 -0.124878 -0.575550 0.154271 2.622373
0.291626 0.238892 -0.103516 -0.580297 0.014003 2.804650
0.479858 0.193359 -0.060059 -0.597148 -0.078797 2.971500
0.680786 0.171387 -0.003418 -0.611626 -0.118433 3.132892
0.840210 0.174194 0.046143 -0.586705 -0.075712 3.235423
0.938721 0.153198 0.075806 -0.529981 0.022547 3.267226
1.023315 0.111206 0.081787 -0.475393 0.163290 3.272448
1.109253 0.069702 0.063721 -0.436706 0.335599 3.312084
1.265137 0.038696 0.048218 -0.387339 0.431959 3.355517
1.347534 0.082642 0.049438 -0.357672 0.524522 3.298793
1.412720 0.105103 0.032837 -0.331802 0.432434 3.237084
1.490234 0.102295 -0.004028 -0.332751 0.367165 3.175138
1.577515 0.120117 -0.044922 -0.359571 0.246834 3.054807
1.701294 0.139771 -0.036621 -0.345805 -0.300947 2.882260
1.795532 0.116821 -0.036987 -0.281011 -0.808618 2.633765
1.843262 0.126587 -0.044189 -0.211470 -0.994693 2.352754
1.866333 0.083618 -0.055542 -0.179429 -0.986386 2.128942
1.897827 0.069580 -0.039429 -0.207673 -0.749046 1.964228
1.911743 0.091309 -0.014038 -0.237578 -0.415820 1.838675
1.899048 0.127319 -0.016357 -0.186312 -0.154509 1.691999
1.869507 0.162720 -0.039063 -0.065031 -0.056724 1.482902
1.823608 0.187012 -0.093384 0.066455 -0.138369 1.248173
1.780029 0.192017 -0.155640 0.175869 -0.314476 1.036702
1.735596 0.193848 -0.210571 0.243274 -0.533066 0.853238
1.688965 0.200439 -0.276978 0.286707 -0.732432 0.697306
1.658813 0.202637 -0.320679 0.288131 -0.820248 0.564870
1.642578 0.188477 -0.342529 0.245885 -0.849441 0.434095
1.591431 0.152710 -0.357788 0.165426 -0.813603 0.309966
1.544067 0.140015 -0.353638 0.065031 -0.675233 0.213844
1.478027 0.127563 -0.333130 -0.024683 -0.493430 0.134572
1.404175 0.124634 -0.313843 -0.094936 -0.338685 0.058148
1.328979 0.119141 -0.284424 -0.150236 -0.212182 0.003560
1.271118 0.103882 -0.253052 -0.185600 -0.140980 -0.043433
1.222412 0.096191 -0.226563 -0.210283 -0.095648 -0.087104
1.177368 0.082764 -0.186768 -0.238527 -0.020411 -0.108702
1.137451 0.069092 -0.165771 -0.247546 0.052215 -0.116771
1.106201 0.063477 -0.148071 -0.235204 0.103006 -0.128401
1.085693 0.059326 -0.134155 -0.220252 0.138132 -0.141455
1.047729 0.050781 -0.128052 -0.202214 0.153559 -0.159018
1.001587 0.036499 -0.126709 -0.178243 0.155458 -0.168749
0.984985 0.039429 -0.127319 -0.154271 0.137183 -0.154983
0.972168 0.039063 -0.138550 -0.138369 0.112499 -0.133860
0.960938 0.037354 -0.151001 -0.132911 0.081882 -0.116534
0.964722 0.038330 -0.152466 -0.141455 0.048655 -0.094224
0.967529 0.031250 -0.145996 -0.159730 0.025395 -0.069066
0.977783 0.030762 -0.142578 -0.175394 0.016139 -0.045569
0.993408 0.030518 -0.135010 -0.183939 0.022785 -0.020886
1.000977 0.029175 -0.121338 -0.191296 0.038686 -0.004747
0.998657 0.023071 -0.121582 -0.185363 0.027531 0.007120
1.019653 0.044434 -0.130005 -0.159967 -0.003085 0.022547
1.041382 0.066406 -0.128784 -0.139081 -0.032753 0.027769
1.037476 0.077271 -0.132202 -0.129588 -0.059098 0.009968
1.031860 0.077271 -0.135010 -0.121044 -0.070490 -0.001187
1.027100 0.080566 -0.141113 -0.108939 -0.073575 0.005221
1.031982 0.096436 -0.151245 -0.097547 -0.072863 0.011867
1.039795 0.098145 -0.151123 -0.090189 -0.073101 0.014952
1.030029 0.095947 -0.166626 -0.091376 -0.062895 0.019937
1.040405 0.093384 -0.164307 -0.104430 -0.046281 0.033940
1.052734 0.100586 -0.174683 -0.116297 -0.054351 0.047231
1.064331 0.098511 -0.168701 -0.131249 -0.068829 0.056962
1.084351 0.106567 -0.156128 -0.142404 -0.086629 0.063133
1.087891 0.102661 -0.151733 -0.154271 -0.084968 0.063370
1.095825 0.103271 -0.138916 -0.163053 -0.064794 0.065031
1.110840 0.106689 -0.125977 -0.163765 -0.054826 0.058148
1.116821 0.101196 -0.118896 -0.156407 -0.045807 0.041297
1.102905 0.096924 -0.117554 -0.151186 -0.026107 0.024921
1.109985 0.106934 -0.116211 -0.148812 0.021598 0.024921
1.112915 0.112183 -0.118652 -0.143116 0.067879 0.021123
1.109253 0.104004 -0.122437 -0.144540 0.086629 -0.002136
1.094482 0.089722 -0.126099 -0.154034 0.112499 -0.018987
1.084595 0.080933 -0.128174 -0.163527 0.141929 -0.025395
1.085815 0.077148 -0.132568 -0.157119 0.133860 -0.040111
1.081787 0.064209 -0.139526 -0.145490 0.104904 -0.071439
1.060059 0.053345 -0.144287 -0.129588 0.072151 -0.105616
1.036133 0.048462 -0.149780 -0.106803 0.037737 -0.125553
1.028076 0.054688 -0.169556 -0.086867 -0.008782 -0.131724
1.019531 0.072021 -0.177124 -0.077848 -0.060047 -0.138132
1.010742 0.079834 -0.179321 -0.082120 -0.091139 -0.142167
1.000244 0.082153 -0.185059 -0.101107 -0.116059 -0.145015
0.996216 0.080811 -0.183716 -0.119857 -0.111787 -0.132436
0.999268 0.076416 -0.174683 -0.142404 -0.087104 -0.107990
0.997559 0.077393 -0.175049 -0.155933 -0.065743 -0.087104
1.010376 0.083862 -0.172852 -0.161391 -0.044620 -0.064082
1.023315 0.083862 -0.168335 -0.170173 -0.026345 -0.042009
1.037476 0.085815 -0.175171 -0.170648 -0.006171 -0.030380
1.050049 0.089722 -0.163086 -0.175632 0.023497 -0.019225
1.050415 0.084106 -0.172363 -0.180616 0.032278 -0.015427
1.068359 0.089355 -0.176270 -0.181091 0.023497 -0.014715
1.071167 0.084106 -0.171265 -0.185363 0.020411 -0.012104
1.084351 0.080933 -0.169678 -0.191771 0.023259 -0.011630
1.098755 0.088257 -0.168823 -0.187736 0.019225 -0.016851
1.096802 0.086060 -0.168823 -0.182989 0.018987 -0.034414
1.090332 0.082275 -0.166992 -0.181328 0.029193 -0.051028
