1.273926 -0.354614 -0.318115 0.222534 -0.342163 0.025024
1.377563 -0.437256 -0.412842 0.297241 -0.314697 0.095825
1.549561 -0.494995 -0.557129 0.297852 -0.098389 0.104492
1.689087 -0.459961 -0.451172 0.229370 0.111816 0.054932
1.916626 -0.429810 -0.469971 0.214600 0.071777 -0.020874
2.062622 -0.455933 -0.569946 0.210205 -0.020020 -0.190063
2.113403 -0.516479 -0.647339 0.190186 0.009277 -0.378906
2.149902 -0.565918 -0.699341 0.179443 0.146606 -0.541748
2.181274 -0.577271 -0.754761 0.195313 0.233276 -0.703247
2.162720 -0.574829 -0.816650 0.215332 0.219482 -0.880981
2.115723 -0.550781 -0.876709 0.217285 0.148193 -1.064697
2.035156 -0.535156 -0.954346 0.196899 0.076904 -1.238281
1.930054 -0.552246 -1.043457 0.144043 0.047974 -1.378540
1.804932 -0.583008 -1.117676 0.051636 0.055298 -1.466919
1.671631 -0.625610 -1.174194 -0.061890 0.056641 -1.512817
1.513306 -0.656982 -1.235718 -0.178955 0.026733 -1.537842
1.336792 -0.633545 -1.223145 -0.293457 -0.126587 -1.513428
1.387695 -0.582275 -1.233154 -0.423706 -0.172852 -1.488770
1.371582 -0.541870 -1.182861 -0.560181 -0.200806 -1.535645
1.247559 -0.555176 -1.153687 -0.684448 -0.346802 -1.555176
1.137573 -0.564697 -1.129761 -0.791748 -0.392456 -1.577393
0.994629 -0.567749 -1.106079 -0.870972 -0.422119 -1.608643
0.827271 -0.573608 -1.104492 -0.932129 -0.465698 -1.612671
0.679688 -0.548950 -1.089600 -1.005737 -0.494751 -1.567505
0.605957 -0.507935 -1.057495 -1.099243 -0.489990 -1.476196
0.535034 -0.482422 -1.010254 -1.200928 -0.485352 -1.382324
0.458008 -0.467041 -0.967529 -1.299072 -0.494751 -1.307983
0.401978 -0.440430 -0.891602 -1.398315 -0.496216 -1.222168
0.361328 -0.421021 -0.809937 -1.490479 -0.479736 -1.111450
0.327393 -0.399780 -0.711670 -1.567017 -0.427979 -1.002319
0.274902 -0.387329 -0.620972 -1.624756 -0.376831 -0.915527
0.228638 -0.380249 -0.554199 -1.663696 -0.344849 -0.828979
0.192993 -0.354004 -0.472290 -1.682617 -0.345947 -0.729492
0.175293 -0.331177 -0.409790 -1.672852 -0.384644 -0.630127
0.199341 -0.310303 -0.351074 -1.644653 -0.446655 -0.540527
0.224854 -0.263794 -0.295654 -1.606201 -0.524780 -0.468262
0.231567 -0.219116 -0.266235 -1.557617 -0.610474 -0.411011
0.218018 -0.184692 -0.237305 -1.515991 -0.681030 -0.359375
0.183594 -0.133545 -0.206543 -1.492920 -0.723267 -0.290649
0.148926 -0.093262 -0.177734 -1.478271 -0.739746 -0.203491
0.129272 -0.063965 -0.151489 -1.469971 -0.734253 -0.102295
0.134521 -0.053223 -0.105713 -1.474609 -0.723511 0.015747
0.149658 -0.057739 -0.055054 -1.479126 -0.715698 0.131226
0.178955 -0.030762 -0.001953 -1.464233 -0.722656 0.233765
0.196411 -0.027344 0.045898 -1.432495 -0.737183 0.328613
0.238159 -0.013794 0.088501 -1.400635 -0.751953 0.419067
0.252563 0.002441 0.131958 -1.367310 -0.760742 0.499390
0.260864 -0.010010 0.159180 -1.327759 -0.749023 0.573608
0.285522 -0.016357 0.180420 -1.282837 -0.748535 0.654053
0.308716 -0.029541 0.201172 -1.228271 -0.747192 0.732056
0.349121 -0.048706 0.226196 -1.170898 -0.740479 0.803223
0.409790 -0.071045 0.248291 -1.103516 -0.761597 0.865967
0.485229 -0.094971 0.258423 -1.021484 -0.797607 0.914795
0.570557 -0.120728 0.268677 -0.929443 -0.828613 0.951416
0.671143 -0.113770 0.289795 -0.825562 -0.843628 0.984863
0.749512 -0.093384 0.291992 -0.716431 -0.853638 1.006714
0.801880 -0.077515 0.271240 -0.618652 -0.842285 1.009155
0.817871 -0.051025 0.248047 -0.537842 -0.828369 1.005005
0.819824 -0.031494 0.215454 -0.471802 -0.791870 1.007080
0.810181 -0.034058 0.180298 -0.425415 -0.730713 1.011963
0.807007 -0.045044 0.155151 -0.387207 -0.675049 1.022461
0.834961 -0.049316 0.138916 -0.333984 -0.654175 1.033936
0.895752 -0.059204 0.105713 -0.267822 -0.675415 1.037476
0.972534 -0.045288 0.075073 -0.199219 -0.723145 1.025024
1.034302 -0.040894 0.035522 -0.130127 -0.783691 0.992432
1.101563 -0.076172 -0.006958 -0.066406 -0.848145 0.947266
1.213013 -0.124146 -0.062378 -0.007568 -0.910522 0.900879
1.325684 -0.141357 -0.098511 0.048096 -0.926392 0.864624
1.380859 -0.118530 -0.100220 0.109741 -0.870850 0.839478
1.379639 -0.134888 -0.096680 0.173828 -0.768677 0.820068
1.373535 -0.131470 -0.083862 0.238770 -0.645386 0.815186
1.359741 -0.122681 -0.091675 0.323242 -0.516113 0.822021
1.371704 -0.115845 -0.119751 0.425171 -0.396729 0.833984
1.389282 -0.056030 -0.152588 0.529663 -0.311401 0.831909
1.396240 -0.019165 -0.218140 0.629639 -0.270020 0.792236
1.398438 -0.007690 -0.292114 0.705322 -0.268555 0.716187
1.414063 -0.010620 -0.355103 0.763184 -0.290039 0.624878
1.403198 -0.044556 -0.409546 0.809326 -0.304565 0.545776
1.375488 -0.088501 -0.442017 0.850830 -0.273438 0.501099
1.352051 -0.109497 -0.451416 0.899292 -0.187500 0.506836
1.326294 -0.142578 -0.495117 0.954468 -0.028931 0.550659
1.342041 -0.211426 -0.560913 0.998047 0.170410 0.618286
1.411621 -0.256348 -0.612183 1.036865 0.327881 0.687012
1.473511 -0.308960 -0.670410 1.087280 0.435791 0.732300
1.536743 -0.328857 -0.671997 1.125000 0.561279 0.762695
1.547607 -0.295898 -0.674438 1.159424 0.709595 0.782837
1.520386 -0.256836 -0.678589 1.180664 0.876465 0.766724
1.429688 -0.268921 -0.651245 1.186646 1.034790 0.696167
1.333618 -0.329224 -0.604370 1.187256 1.200317 0.612671
1.343750 -0.384399 -0.601929 1.217529 1.225952 0.584106
1.419189 -0.316284 -0.638916 1.274170 0.806274 0.611084
1.436768 -0.262207 -0.774658 1.320313 0.262085 0.547241
1.442261 -0.342651 -0.894287 1.300781 0.087646 0.352173
1.479736 -0.449463 -0.921265 1.230957 0.083496 0.149048
1.516724 -0.491699 -0.908447 1.158203 0.053833 0.033813
1.578979 -0.531006 -0.869751 1.091553 0.014893 0.006470
1.660278 -0.541260 -0.825317 1.025879 -0.018433 0.016968
1.729614 -0.491699 -0.813232 1.005249 -0.048218 0.010254
1.741333 -0.438477 -0.865967 1.029053 -0.072632 -0.044312
1.726196 -0.394287 -0.957886 1.044312 -0.086670 -0.135254
1.690308 -0.346558 -1.049561 1.020996 -0.133057 -0.250610
1.625977 -0.312866 -1.145264 0.963867 -0.227417 -0.382568
1.533081 -0.300049 -1.210815 0.881348 -0.350952 -0.517334
1.425537 -0.319092 -1.284912 0.785156 -0.402588 -0.629517
1.359009 -0.315308 -1.255371 0.683838 -0.563110 -0.700806
1.290894 -0.365112 -1.321167 0.574951 -0.732300 -0.746338
1.263672 -0.387329 -1.303467 0.453857 -0.651978 -0.752808
1.209473 -0.379028 -1.224854 0.345703 -0.454590 -0.705566
1.216797 -0.471313 -1.198120 0.275879 -0.357544 -0.559204
1.231079 -0.544434 -1.153198 0.228027 -0.267822 -0.386475
1.250122 -0.544556 -1.074341 0.194580 -0.056763 -0.312256
1.231201 -0.517090 -1.010132 0.200684 0.211060 -0.371460
1.166748 -0.469482 -0.987427 0.237183 0.463257 -0.516113
1.059692 -0.444092 -0.977783 0.284302 0.605225 -0.672974
0.970825 -0.437378 -0.977661 0.312622 0.592407 -0.773193
0.918701 -0.436035 -0.950928 0.309814 0.526245 -0.818970
0.882813 -0.442871 -0.935303 0.281006 0.531494 -0.822144
0.860229 -0.433716 -0.887451 0.230835 0.601563 -0.785645
0.853149 -0.399292 -0.802856 0.170776 0.642578 -0.727783
0.860107 -0.355713 -0.705811 0.115234 0.669678 -0.684326
0.849976 -0.309937 -0.619995 0.064453 0.673462 -0.672729
0.812012 -0.271240 -0.543335 0.009521 0.648438 -0.695923
0.767578 -0.269287 -0.470215 -0.047241 0.595703 -0.721802
0.744995 -0.284180 -0.417603 -0.096680 0.558472 -0.727417
0.722290 -0.259033 -0.343140 -0.124390 0.485840 -0.709839
0.710571 -0.244873 -0.278198 -0.134521 0.432617 -0.687744
0.713501 -0.224487 -0.215942 -0.143799 0.401611 -0.650513
0.700317 -0.178345 -0.164063 -0.145630 0.354370 -0.604248
0.689819 -0.130981 -0.129272 -0.130615 0.292603 -0.563354
0.674072 -0.094604 -0.106812 -0.119507 0.262939 -0.526489
0.653198 -0.061646 -0.078369 -0.119629 0.272949 -0.496582
0.631836 -0.057739 -0.053711 -0.119019 0.287964 -0.472290
0.634521 -0.042725 -0.025391 -0.122803 0.300903 -0.439453
0.660889 -0.032715 0.011353 -0.129517 0.313232 -0.402222
0.699707 -0.042725 0.026001 -0.127441 0.320801 -0.378174
0.723145 -0.040771 0.049683 -0.120728 0.297485 -0.366577
0.748779 -0.013794 0.059570 -0.104736 0.248047 -0.358765
0.764771 0.000366 0.049316 -0.077637 0.198486 -0.354126
0.769287 0.011963 0.035645 -0.055664 0.156860 -0.344849
0.769897 0.036865 0.028809 -0.047607 0.127441 -0.322266
0.769897 0.058472 0.026489 -0.046631 0.110107 -0.296875
0.769165 0.070313 0.017212 -0.045044 0.096558 -0.277832
0.753906 0.078613 0.005737 -0.039795 0.074219 -0.263184
0.757202 0.091187 -0.005493 -0.033569 0.040283 -0.244995
0.771484 0.108032 -0.013428 -0.033569 0.006714 -0.223755
0.789551 0.109375 -0.026489 -0.037231 -0.002930 -0.210327
0.805054 0.095093 -0.034912 -0.047363 0.014160 -0.188232
0.831543 0.076050 -0.023682 -0.067139 0.059204 -0.144043
0.864624 0.068726 -0.002808 -0.078491 0.132935 -0.094360
0.907715 0.070679 0.008423 -0.067871 0.197144 -0.055664
