1.693970 -0.202271 -0.683472 0.194580 -0.514771 -0.381226
1.662842 -0.167969 -0.834961 0.221802 -0.573853 -0.376953
1.691284 -0.194336 -0.942749 0.180054 -0.537231 -0.376587
1.679932 -0.300781 -1.121704 0.081787 -0.499878 -0.364746
1.745972 -0.343018 -1.193604 -0.091675 -0.358887 -0.372803
1.818726 -0.333740 -1.157227 -0.259155 -0.210693 -0.444214
1.820190 -0.349854 -1.133179 -0.382935 -0.105713 -0.566528
1.764038 -0.392212 -1.100342 -0.483643 -0.033081 -0.692627
1.657104 -0.444458 -1.058594 -0.561035 0.036133 -0.805054
1.527588 -0.481567 -1.043213 -0.596191 0.064819 -0.894897
1.448975 -0.474609 -1.043457 -0.612549 0.053223 -0.962769
1.424683 -0.432129 -1.052368 -0.644775 0.036377 -1.023682
1.321655 -0.434448 -1.099731 -0.697510 0.023315 -1.089600
1.197632 -0.439697 -1.126221 -0.768433 0.021729 -1.134033
1.106445 -0.426758 -1.109131 -0.865723 0.045898 -1.145752
0.769897 -0.477539 -0.969604 -0.966675 0.044434 -1.126587
0.959351 -0.405273 -1.004639 -1.034790 -0.109375 -1.031860
0.975708 -0.369507 -0.910645 -1.100342 -0.066040 -1.035522
0.909546 -0.341553 -0.874756 -1.142212 -0.200439 -1.015869
0.845459 -0.335327 -0.835205 -1.198975 -0.310425 -0.999634
0.743164 -0.333984 -0.804321 -1.246948 -0.350586 -1.022339
0.636108 -0.349609 -0.806030 -1.281982 -0.368774 -1.026123
0.576782 -0.348389 -0.767944 -1.325684 -0.370605 -0.977417
0.529785 -0.318359 -0.718018 -1.376831 -0.363159 -0.906006
0.466797 -0.310547 -0.674316 -1.427856 -0.357544 -0.846313
0.407715 -0.294067 -0.632690 -1.471924 -0.361816 -0.792358
0.367798 -0.258789 -0.588867 -1.509155 -0.362427 -0.737549
0.326294 -0.243896 -0.553833 -1.545410 -0.368408 -0.684082
0.291138 -0.237549 -0.509277 -1.581543 -0.393799 -0.617554
0.289673 -0.195190 -0.444580 -1.606934 -0.442627 -0.534790
0.275269 -0.143799 -0.390381 -1.613525 -0.512451 -0.455566
0.242554 -0.119873 -0.362671 -1.607178 -0.579346 -0.400513
0.205933 -0.117554 -0.340576 -1.601196 -0.635986 -0.350586
0.192017 -0.107666 -0.306396 -1.606201 -0.675781 -0.277710
0.184570 -0.093262 -0.258789 -1.616211 -0.695801 -0.193115
0.186646 -0.104004 -0.200562 -1.625366 -0.712524 -0.109741
0.206299 -0.091431 -0.131470 -1.633545 -0.727905 -0.021973
0.223755 -0.059326 -0.059082 -1.620361 -0.744751 0.060303
0.233032 -0.040649 -0.008911 -1.565430 -0.776855 0.124390
0.239014 -0.035156 0.015381 -1.498657 -0.815796 0.182739
0.225586 -0.020020 0.034790 -1.441406 -0.830688 0.256836
0.221191 0.004761 0.060425 -1.387207 -0.830078 0.346069
0.218140 0.018555 0.084717 -1.336426 -0.826538 0.437012
0.211060 0.022095 0.102173 -1.280762 -0.829590 0.526855
0.198608 0.028198 0.098145 -1.217651 -0.838867 0.612915
0.200317 0.025269 0.103516 -1.162231 -0.840210 0.706299
0.231934 0.008911 0.113770 -1.102417 -0.858643 0.805664
0.286987 0.009033 0.122192 -1.037964 -0.879883 0.897217
0.349976 -0.007813 0.120850 -0.974854 -0.891113 0.978638
0.421387 -0.032593 0.110229 -0.920654 -0.883545 1.056274
0.491333 -0.041504 0.099976 -0.873169 -0.861328 1.130249
0.555542 -0.038330 0.096436 -0.831909 -0.836670 1.186890
0.598511 -0.049927 0.078491 -0.793213 -0.833130 1.217163
0.637451 -0.069946 0.073120 -0.760620 -0.838867 1.230713
0.686890 -0.071289 0.081543 -0.734497 -0.847778 1.242432
0.722778 -0.063721 0.093994 -0.695679 -0.844727 1.242554
0.719360 -0.072388 0.094360 -0.644775 -0.855713 1.233276
0.739258 -0.115723 0.078857 -0.591187 -0.883057 1.234985
0.793701 -0.149170 0.078125 -0.538452 -0.899780 1.266602
0.859863 -0.165894 0.069580 -0.482422 -0.867676 1.313354
0.943237 -0.247192 0.035400 -0.428833 -0.798096 1.356689
1.083618 -0.361450 0.028198 -0.377319 -0.735718 1.404419
1.247925 -0.350708 0.050415 -0.285034 -0.713135 1.445923
1.357056 -0.294067 0.028931 -0.136719 -0.698975 1.447754
1.376343 -0.216187 -0.031494 0.005493 -0.666870 1.408203
1.313599 -0.161499 -0.121826 0.095703 -0.613037 1.346924
1.272949 -0.172729 -0.200073 0.126465 -0.557251 1.291748
1.300415 -0.171387 -0.277344 0.122681 -0.518066 1.250488
1.337646 -0.215210 -0.353149 0.098267 -0.497681 1.206787
1.383057 -0.288208 -0.372437 0.044922 -0.471069 1.172729
1.477173 -0.295776 -0.319946 0.008423 -0.438721 1.134399
1.563110 -0.331299 -0.256592 0.026489 -0.457397 1.055298
1.623535 -0.371216 -0.190918 0.087158 -0.519775 0.953125
1.603271 -0.378052 -0.131836 0.200684 -0.560425 0.839966
1.545654 -0.401978 -0.103149 0.369385 -0.580811 0.727661
1.496948 -0.457642 -0.118408 0.560059 -0.610596 0.636963
1.498901 -0.501709 -0.177368 0.747681 -0.635132 0.576904
1.490112 -0.494995 -0.258301 0.921997 -0.609253 0.541504
1.443726 -0.520752 -0.349976 1.067505 -0.498047 0.522583
1.391846 -0.579834 -0.414185 1.167114 -0.326172 0.532227
1.330811 -0.599609 -0.435547 1.258667 -0.151245 0.570435
1.293091 -0.701782 -0.435181 1.354126 0.000122 0.630249
1.344116 -0.804199 -0.437500 1.458008 0.091431 0.725220
1.457153 -0.803711 -0.468750 1.585938 0.097656 0.833618
1.514771 -0.769043 -0.579834 1.716187 0.029907 0.870483
1.489990 -0.735718 -0.730469 1.788696 -0.029053 0.792847
1.435425 -0.715088 -0.833130 1.779297 0.029419 0.640381
1.406982 -0.744873 -0.893433 1.718384 0.091309 0.489136
1.438843 -0.763306 -0.880371 1.638794 0.070557 0.360229
1.466919 -0.766602 -0.840088 1.575195 -0.002808 0.232666
1.484253 -0.787476 -0.819702 1.552490 -0.116089 0.093262
1.473755 -0.814331 -0.840576 1.553833 -0.254883 -0.050659
1.469360 -0.845947 -0.883667 1.557251 -0.409302 -0.183105
1.508423 -0.837280 -0.948853 1.553833 -0.582153 -0.287476
1.566772 -0.830322 -1.039795 1.552856 -0.712524 -0.367188
1.601929 -0.818115 -1.155273 1.548584 -0.759644 -0.427368
1.583374 -0.809326 -1.242554 1.520752 -0.746704 -0.465820
1.539795 -0.789063 -1.339722 1.471802 -0.605957 -0.486450
1.532959 -0.751587 -1.327271 1.411011 -0.554443 -0.490479
1.465942 -0.770264 -1.431396 1.344116 -0.683228 -0.497192
1.313843 -0.758545 -1.472534 1.229858 -0.752197 -0.579102
1.186890 -0.711914 -1.527466 1.084106 -0.680298 -0.736938
1.160400 -0.589722 -1.620239 0.967041 -0.508423 -0.863159
1.122192 -0.533936 -1.681519 0.864746 -0.310181 -0.924561
1.103149 -0.554565 -1.709229 0.753052 -0.080078 -0.952393
1.111206 -0.555176 -1.706787 0.616943 0.152100 -0.989258
1.107666 -0.534790 -1.666382 0.470459 0.317871 -1.036133
1.088135 -0.547363 -1.609741 0.328125 0.419434 -1.062378
1.061768 -0.595215 -1.537354 0.193481 0.533447 -1.061890
1.044678 -0.615845 -1.434204 0.077148 0.679077 -1.046021
1.003418 -0.613647 -1.302856 -0.001953 0.815552 -1.037964
0.921753 -0.630615 -1.209473 -0.054688 0.892334 -1.038818
0.825928 -0.620117 -1.136475 -0.109375 0.870117 -1.034668
0.748535 -0.574585 -1.055176 -0.157959 0.778687 -1.033569
0.696899 -0.539795 -0.996094 -0.195068 0.712402 -1.049927
0.657104 -0.519775 -0.918701 -0.246460 0.697388 -1.069336
0.633179 -0.521851 -0.869507 -0.308716 0.786621 -1.076782
0.640747 -0.523438 -0.765625 -0.354614 0.880981 -1.062256
0.648315 -0.520386 -0.651367 -0.390015 0.873413 -1.004395
0.661987 -0.521118 -0.529663 -0.413086 0.864380 -0.917847
0.670410 -0.481934 -0.427979 -0.430298 0.847534 -0.820679
0.665039 -0.415039 -0.341675 -0.434082 0.802612 -0.737305
0.638184 -0.361694 -0.289917 -0.417480 0.750977 -0.697632
0.592529 -0.331177 -0.264526 -0.390747 0.716797 -0.684937
0.551636 -0.300049 -0.221924 -0.374268 0.701050 -0.668457
0.539795 -0.274292 -0.178345 -0.368164 0.689087 -0.639404
0.561523 -0.259033 -0.128784 -0.366943 0.700562 -0.596802
0.599854 -0.243774 -0.068481 -0.378784 0.713135 -0.547852
0.636963 -0.214722 0.003662 -0.379028 0.717285 -0.511597
0.658325 -0.194336 0.062500 -0.348999 0.693848 -0.484619
0.672363 -0.190430 0.089355 -0.300659 0.662231 -0.453857
0.693726 -0.157471 0.107056 -0.244507 0.663452 -0.423950
0.724731 -0.114258 0.126587 -0.188110 0.664307 -0.399414
0.746948 -0.087280 0.127808 -0.149292 0.622070 -0.370728
0.753662 -0.051758 0.136841 -0.136108 0.548584 -0.341187
0.755005 -0.027222 0.135010 -0.143921 0.457642 -0.311646
0.759155 -0.025513 0.135620 -0.149658 0.395752 -0.296631
0.763184 -0.023682 0.160400 -0.157227 0.393799 -0.285889
0.778320 -0.000488 0.199219 -0.162231 0.404419 -0.278198
0.776855 0.010376 0.235962 -0.153198 0.381226 -0.279053
0.772339 0.010986 0.253906 -0.133667 0.358887 -0.276978
0.773315 0.020142 0.239624 -0.101807 0.344971 -0.270874
0.759277 0.036499 0.236694 -0.065918 0.306519 -0.268311
0.755981 0.065918 0.215698 -0.033081 0.255615 -0.263672
0.748657 0.081421 0.209106 -0.005493 0.179321 -0.257690
0.738892 0.091553 0.182251 0.013550 0.140137 -0.249146
0.746582 0.108643 0.174683 0.025391 0.123535 -0.232544
0.755249 0.123413 0.160400 0.039063 0.067993 -0.208740
0.768311 0.116821 0.141968 0.050171 0.035156 -0.184448
0.792358 0.091431 0.131348 0.048706 0.023560 -0.155273
