1.408813 -0.500977 -0.597900 0.856812 -0.338257 0.053589
1.444824 -0.416016 -0.687622 0.951660 -0.410889 0.015015
1.439453 -0.492554 -0.793823 0.994141 -0.465942 -0.060547
1.430054 -0.513062 -0.868164 0.972290 -0.527100 -0.173706
1.436157 -0.505005 -0.954712 0.947876 -0.597168 -0.287109
1.463257 -0.501343 -1.063599 0.910645 -0.631226 -0.405518
1.496460 -0.482422 -1.107788 0.832520 -0.609863 -0.540039
1.535034 -0.502197 -1.132324 0.740234 -0.591309 -0.685547
1.544800 -0.566284 -1.167847 0.656250 -0.573120 -0.837891
1.533813 -0.626465 -1.204712 0.587402 -0.510742 -0.979614
1.493652 -0.666748 -1.254028 0.522949 -0.419678 -1.105591
1.468628 -0.702393 -1.307861 0.451294 -0.346558 -1.211670
1.446777 -0.721313 -1.397705 0.366455 -0.306396 -1.299072
1.401367 -0.721924 -1.467407 0.245972 -0.256104 -1.379272
1.298950 -0.728638 -1.513916 0.086426 -0.178101 -1.449707
1.237061 -0.683960 -1.542603 -0.097168 -0.154297 -1.489990
1.208496 -0.696777 -1.571411 -0.297363 -0.164429 -1.514771
1.133423 -0.710327 -1.558594 -0.508667 -0.161743 -1.539551
1.037598 -0.734253 -1.541260 -0.734741 -0.158691 -1.537354
0.953979 -0.760620 -1.473145 -0.960815 -0.154297 -1.518921
0.883789 -0.788940 -1.403564 -1.153442 -0.164795 -1.477661
0.851074 -0.774292 -1.342529 -1.303589 -0.172241 -1.417114
0.827393 -0.757080 -1.304321 -1.426270 -0.167603 -1.361572
0.803345 -0.720337 -1.277832 -1.541138 -0.176025 -1.318726
0.766113 -0.686890 -1.222900 -1.667236 -0.185791 -1.290283
0.720337 -0.677246 -1.139771 -1.801514 -0.184570 -1.261963
0.666260 -0.674438 -1.040649 -1.924561 -0.181152 -1.228638
0.600952 -0.674805 -0.930786 -2.018188 -0.178101 -1.193604
0.524292 -0.646118 -0.829834 -2.077759 -0.166016 -1.147705
0.431274 -0.601074 -0.754639 -2.113403 -0.136841 -1.079956
0.343506 -0.589844 -0.675171 -2.138306 -0.085449 -0.991577
0.313232 -0.566650 -0.629395 -2.160522 -0.052368 -0.877319
0.294556 -0.500488 -0.557373 -2.182373 -0.060791 -0.751465
0.262817 -0.437134 -0.490479 -2.182007 -0.085449 -0.656860
0.221191 -0.394653 -0.433594 -2.174561 -0.109619 -0.586548
0.178101 -0.364990 -0.373901 -2.172485 -0.153687 -0.512207
0.157837 -0.318237 -0.323120 -2.162598 -0.214966 -0.419189
0.143677 -0.276978 -0.263428 -2.127808 -0.267578 -0.332397
0.125732 -0.215942 -0.200684 -2.074829 -0.322754 -0.255249
0.104858 -0.140991 -0.154663 -2.024170 -0.374146 -0.178589
0.078857 -0.107056 -0.109253 -1.988770 -0.406372 -0.096680
0.066895 -0.102173 -0.049194 -1.953247 -0.456299 -0.008057
0.059326 -0.074463 -0.003906 -1.898071 -0.510620 0.077759
0.067993 -0.053345 0.020386 -1.818481 -0.561279 0.164917
0.088013 -0.037720 0.027100 -1.726440 -0.611572 0.257935
0.117310 -0.009888 0.014404 -1.637207 -0.659668 0.358154
0.144897 -0.004028 -0.003174 -1.564819 -0.690063 0.465576
0.203979 0.004028 -0.008057 -1.506714 -0.681030 0.582153
0.240723 0.037964 -0.000488 -1.461914 -0.630615 0.695923
0.261353 0.073730 0.007446 -1.422119 -0.580078 0.792725
0.265747 0.079102 0.026489 -1.382202 -0.561523 0.864746
0.287598 0.070923 0.042358 -1.342041 -0.582764 0.923096
0.324341 0.066650 0.055786 -1.293335 -0.637451 0.974854
0.351929 0.035156 0.047607 -1.243652 -0.696533 1.021851
0.407349 -0.039429 0.038086 -1.206665 -0.739258 1.084595
0.527466 -0.064209 0.042725 -1.171753 -0.765991 1.177124
0.670898 -0.057007 0.058594 -1.132568 -0.765259 1.268799
0.788696 -0.058960 0.092651 -1.100586 -0.720947 1.337646
0.871826 -0.049683 0.149292 -1.066040 -0.657104 1.369141
0.901367 -0.028198 0.192749 -1.007202 -0.611328 1.350708
0.911621 -0.039551 0.217529 -0.922241 -0.620117 1.303223
0.905884 -0.033569 0.211914 -0.819214 -0.675049 1.245483
0.895142 -0.074341 0.195923 -0.715820 -0.734009 1.192871
0.924072 -0.118774 0.181274 -0.620483 -0.796143 1.172363
0.959106 -0.128418 0.181641 -0.517944 -0.829224 1.173218
1.004883 -0.186035 0.163574 -0.409912 -0.827515 1.187744
1.109741 -0.254272 0.133911 -0.306030 -0.810669 1.231201
1.221436 -0.253906 0.108765 -0.203491 -0.764526 1.293701
1.282349 -0.236206 0.096313 -0.102051 -0.645508 1.340454
1.309692 -0.211304 0.101196 -0.002808 -0.502075 1.351318
1.291382 -0.168823 0.102417 0.105103 -0.426392 1.296753
1.252686 -0.184570 0.074097 0.215576 -0.450195 1.198975
1.210938 -0.203003 0.031738 0.321655 -0.542358 1.087769
1.183105 -0.287354 -0.031250 0.430786 -0.647461 0.988525
1.234985 -0.390503 -0.084229 0.526733 -0.710571 0.954956
1.284790 -0.395752 -0.113403 0.626831 -0.682983 0.975586
1.302124 -0.395874 -0.113403 0.749512 -0.575195 0.997070
1.286255 -0.445068 -0.156250 0.885986 -0.491577 0.992065
1.277222 -0.464722 -0.227417 1.026611 -0.488525 0.962402
1.303589 -0.528687 -0.337646 1.154419 -0.514648 0.924316
1.348022 -0.558594 -0.413086 1.252808 -0.508423 0.903198
1.376587 -0.562866 -0.494141 1.331055 -0.447754 0.889771
1.423706 -0.568848 -0.572876 1.367065 -0.351929 0.877686
1.449585 -0.529419 -0.578003 1.356201 -0.243286 0.840820
1.420898 -0.511963 -0.527222 1.348022 -0.139160 0.754883
1.304810 -0.568115 -0.495239 1.362061 -0.058350 0.639771
1.168701 -0.634155 -0.433838 1.401001 0.012329 0.549072
1.126099 -0.740112 -0.431519 1.474121 0.031860 0.537964
1.217163 -0.827271 -0.484985 1.559814 -0.197632 0.605225
1.327637 -0.788818 -0.529419 1.632690 -0.650146 0.645386
1.407593 -0.734131 -0.601685 1.691772 -0.785034 0.586426
1.456909 -0.692139 -0.697876 1.755859 -0.600098 0.485474
1.505127 -0.627686 -0.817017 1.809448 -0.355591 0.398682
1.546143 -0.598145 -0.982422 1.811401 -0.168823 0.323975
1.573975 -0.598511 -1.132324 1.739502 -0.036255 0.258179
1.606567 -0.613892 -1.184570 1.625000 0.002686 0.187866
1.653320 -0.656250 -1.192627 1.520996 -0.100830 0.089600
1.717285 -0.705933 -1.193237 1.452759 -0.296265 -0.041870
1.767944 -0.712646 -1.195801 1.400269 -0.529175 -0.199585
1.777344 -0.710449 -1.179443 1.339355 -0.707642 -0.366089
1.764526 -0.715942 -1.136108 1.281982 -0.763672 -0.534912
1.752075 -0.748291 -1.191040 1.247070 -0.742310 -0.689453
1.682373 -0.728394 -1.207764 1.217773 -0.903809 -0.831787
1.604736 -0.687012 -1.326416 1.129761 -0.770874 -0.956299
1.514648 -0.660278 -1.411133 0.984375 -0.513916 -1.025024
1.410034 -0.661865 -1.427612 0.812622 -0.221802 -1.061035
1.312866 -0.645874 -1.407715 0.654785 0.037720 -1.093262
1.256104 -0.638550 -1.377075 0.538574 0.182251 -1.109131
1.217285 -0.644287 -1.341187 0.449585 0.262939 -1.124146
1.196167 -0.654175 -1.292725 0.369751 0.307617 -1.137939
1.188232 -0.634155 -1.227417 0.300537 0.350220 -1.151855
1.160645 -0.627319 -1.175049 0.242188 0.394531 -1.177002
1.120483 -0.605957 -1.124512 0.181885 0.432983 -1.209473
1.047363 -0.556885 -1.072754 0.117676 0.476440 -1.244873
0.971436 -0.519775 -1.021484 0.046753 0.518188 -1.279663
0.885254 -0.505127 -0.988403 -0.029541 0.503906 -1.315796
0.803711 -0.478149 -0.948364 -0.116089 0.429932 -1.337524
0.748901 -0.437134 -0.860474 -0.210327 0.374268 -1.323608
0.694092 -0.405640 -0.759521 -0.293945 0.360352 -1.271973
0.654907 -0.409058 -0.681519 -0.358154 0.380249 -1.205688
0.622925 -0.400269 -0.577759 -0.400146 0.414551 -1.119385
0.615601 -0.345215 -0.479248 -0.417603 0.470703 -1.009644
0.622559 -0.316284 -0.416748 -0.416626 0.544678 -0.906250
0.623047 -0.274658 -0.360718 -0.412476 0.589478 -0.821899
0.591675 -0.219971 -0.299072 -0.401611 0.582886 -0.760132
0.564331 -0.195923 -0.267700 -0.384399 0.532959 -0.712158
0.550171 -0.174438 -0.239868 -0.373779 0.479736 -0.673828
0.552979 -0.130493 -0.214233 -0.372437 0.443237 -0.628784
0.555298 -0.111572 -0.172729 -0.377563 0.421753 -0.586792
0.565430 -0.093384 -0.135376 -0.388062 0.398193 -0.542480
0.570313 -0.081665 -0.102295 -0.395874 0.369995 -0.502686
0.586304 -0.076416 -0.055664 -0.390137 0.337769 -0.467529
0.619751 -0.070313 -0.002930 -0.375366 0.319092 -0.427490
0.663330 -0.053467 0.043701 -0.351440 0.335815 -0.381348
0.695068 -0.038208 0.084351 -0.320190 0.384155 -0.330566
0.722168 -0.009033 0.123901 -0.280273 0.434814 -0.286743
0.730103 0.016724 0.142212 -0.228027 0.484619 -0.255859
0.734131 0.031616 0.128540 -0.177124 0.549072 -0.227173
0.734009 0.049805 0.121094 -0.134277 0.574341 -0.201416
0.721191 0.068237 0.109375 -0.101196 0.552246 -0.185913
0.723022 0.071289 0.098145 -0.081055 0.514282 -0.170776
0.728149 0.068115 0.090088 -0.068604 0.459839 -0.145874
0.743408 0.073730 0.071533 -0.061279 0.382446 -0.113892
0.790283 0.074585 0.067383 -0.064575 0.315186 -0.079590
0.846069 0.094849 0.079224 -0.071167 0.284058 -0.055420
0.876465 0.120483 0.091797 -0.071045 0.252441 -0.049438
0.875610 0.123901 0.093384 -0.065796 0.231567 -0.061401
0.869141 0.128418 0.099854 -0.057983 0.220215 -0.075562
0.857056 0.155273 0.107422 -0.036865 0.192139 -0.086182
0.844482 0.171143 0.096802 -0.005615 0.147461 -0.096191
