1.769775 -0.408569 -0.555176 -0.183472 -0.522217 -0.207886
1.756226 -0.417358 -0.590210 -0.159180 -0.597412 -0.320190
1.692261 -0.371582 -0.632324 -0.140015 -0.561157 -0.405029
1.645020 -0.300903 -0.668701 -0.111206 -0.529663 -0.430786
1.615967 -0.319214 -0.802734 -0.083130 -0.616821 -0.426636
1.625244 -0.380737 -1.010010 -0.146118 -0.498413 -0.440674
1.655151 -0.440063 -0.977051 -0.279297 -0.200317 -0.416260
1.765137 -0.449829 -0.946533 -0.359985 -0.047119 -0.390259
1.844849 -0.464478 -0.937866 -0.406250 -0.051880 -0.445068
1.871582 -0.487793 -0.924683 -0.446777 -0.088501 -0.534180
1.863159 -0.514771 -0.896118 -0.491333 -0.023560 -0.631226
1.800293 -0.529419 -0.843750 -0.520508 0.066528 -0.740723
1.708496 -0.530640 -0.800659 -0.522461 0.101318 -0.857056
1.607056 -0.530029 -0.780884 -0.503662 0.077759 -0.966309
1.517334 -0.525757 -0.774780 -0.485718 0.012451 -1.062012
1.418335 -0.495972 -0.780273 -0.469604 -0.064453 -1.146240
1.268433 -0.478149 -0.798950 -0.456543 -0.136597 -1.226196
1.135864 -0.448608 -0.813843 -0.463989 -0.193481 -1.270142
1.034546 -0.421631 -0.825317 -0.489746 -0.237915 -1.272461
0.873657 -0.429199 -0.817261 -0.533447 -0.300903 -1.238037
0.903076 -0.372192 -0.744385 -0.604370 -0.332153 -1.164551
0.922607 -0.384521 -0.721802 -0.664063 -0.341431 -1.116211
0.833130 -0.365601 -0.649902 -0.711792 -0.364136 -1.094360
0.739624 -0.339966 -0.617554 -0.743652 -0.426025 -1.066528
0.672119 -0.315063 -0.624390 -0.767578 -0.476196 -1.023071
0.644165 -0.329712 -0.635010 -0.810425 -0.523438 -0.953247
0.661133 -0.317139 -0.614746 -0.883545 -0.551880 -0.872803
0.676025 -0.265747 -0.573853 -0.943115 -0.563721 -0.814575
0.662598 -0.224854 -0.544678 -0.970825 -0.583496 -0.792969
0.590942 -0.190430 -0.535400 -0.996582 -0.630615 -0.789673
0.489990 -0.153687 -0.528442 -1.035034 -0.686523 -0.771606
0.405029 -0.129272 -0.533569 -1.081421 -0.726074 -0.725708
0.338013 -0.107300 -0.519775 -1.140503 -0.738892 -0.663086
0.289917 -0.108276 -0.509277 -1.192017 -0.748047 -0.590454
0.278076 -0.120239 -0.492676 -1.234253 -0.770508 -0.505127
0.283325 -0.103516 -0.460083 -1.270264 -0.791626 -0.408691
0.274780 -0.083618 -0.433960 -1.290894 -0.791382 -0.319580
0.272583 -0.048828 -0.408447 -1.311035 -0.789795 -0.232666
0.249268 -0.033569 -0.379150 -1.334595 -0.814819 -0.148682
0.231812 -0.040039 -0.358887 -1.349976 -0.850342 -0.066406
0.215332 -0.036377 -0.314697 -1.354980 -0.906494 0.013916
0.213501 -0.005005 -0.270142 -1.354736 -0.973999 0.086670
0.219238 0.043823 -0.223511 -1.348755 -1.048706 0.136230
0.204102 0.074097 -0.194092 -1.322998 -1.121948 0.171753
0.181641 0.079834 -0.173706 -1.287354 -1.167969 0.226318
0.157104 0.103394 -0.159668 -1.243286 -1.177856 0.302124
0.137817 0.132690 -0.153564 -1.194824 -1.153931 0.395142
0.126831 0.149414 -0.143677 -1.151978 -1.102173 0.500000
0.133423 0.150269 -0.130005 -1.114136 -1.037842 0.600708
0.142822 0.146118 -0.131836 -1.071533 -0.973877 0.695923
0.165649 0.107666 -0.126343 -1.028442 -0.919434 0.791748
0.241943 0.064087 -0.117676 -0.992310 -0.872192 0.895752
0.352051 0.054199 -0.091553 -0.953125 -0.833740 0.991211
0.462280 0.045898 -0.051147 -0.898193 -0.831299 1.054932
0.531006 0.020264 -0.037109 -0.824707 -0.835449 1.085327
0.585815 0.020508 -0.027588 -0.739746 -0.857300 1.105469
0.635986 0.020630 -0.020874 -0.655396 -0.868530 1.125610
0.690186 0.020996 -0.016113 -0.572021 -0.873779 1.141357
0.746094 0.032593 -0.017334 -0.482544 -0.868652 1.150879
0.809204 0.024902 -0.039429 -0.386475 -0.859619 1.151123
0.868774 0.021362 -0.073120 -0.298096 -0.841797 1.147827
0.930664 0.021606 -0.098755 -0.226685 -0.800415 1.146606
0.965576 0.031006 -0.104858 -0.165649 -0.719727 1.138184
0.975952 0.051514 -0.131226 -0.104248 -0.621460 1.125732
0.967285 0.033447 -0.182251 -0.051270 -0.509277 1.112305
0.973267 0.013550 -0.210938 -0.024902 -0.391724 1.115234
0.996460 0.035034 -0.222168 -0.002563 -0.288208 1.128784
0.998413 0.043335 -0.236938 0.022217 -0.221436 1.127930
0.982300 0.057861 -0.252563 0.044678 -0.198730 1.111572
0.935547 0.083374 -0.276855 0.077515 -0.195313 1.087158
0.867432 0.080933 -0.319336 0.104248 -0.180176 1.073853
0.847046 0.066528 -0.340820 0.107788 -0.147583 1.085693
0.857788 0.022339 -0.374512 0.100342 -0.120361 1.100952
0.926270 -0.048706 -0.378296 0.082886 -0.104126 1.114258
1.053345 -0.111084 -0.355835 0.087402 -0.100830 1.118652
1.190186 -0.153687 -0.339722 0.137329 -0.118652 1.088989
1.258423 -0.159180 -0.341797 0.215942 -0.148682 1.015381
1.237671 -0.147461 -0.344360 0.305420 -0.167114 0.915894
1.154419 -0.146606 -0.346924 0.386719 -0.152344 0.819336
1.035034 -0.169922 -0.338379 0.449463 -0.108765 0.745483
0.944214 -0.210327 -0.338135 0.502563 -0.062012 0.692017
0.953369 -0.295654 -0.316040 0.555054 -0.055420 0.655029
1.059082 -0.414307 -0.302612 0.634766 -0.111328 0.641357
1.183716 -0.498047 -0.358643 0.786743 -0.224365 0.624023
1.295654 -0.561768 -0.447144 0.979614 -0.329346 0.572754
1.368286 -0.594849 -0.537720 1.138062 -0.361694 0.524902
1.395264 -0.574097 -0.624023 1.258179 -0.309570 0.492554
1.376587 -0.543091 -0.729736 1.321777 -0.220093 0.456421
1.293701 -0.504028 -0.805786 1.317139 -0.228760 0.400513
1.229980 -0.493164 -0.842285 1.273193 -0.283325 0.313721
1.186401 -0.518066 -0.828125 1.221924 -0.276978 0.215942
1.139038 -0.538574 -0.804688 1.206177 -0.261597 0.144165
1.110718 -0.531128 -0.819092 1.247314 -0.249390 0.116699
1.116577 -0.505005 -0.882813 1.312866 -0.199829 0.120239
1.138916 -0.456909 -0.952515 1.345093 -0.114014 0.139893
1.155884 -0.473389 -1.030884 1.327759 -0.019531 0.156982
1.197632 -0.573730 -1.112549 1.266602 0.045532 0.187500
1.256836 -0.599243 -1.142212 1.190674 0.082031 0.244751
1.321899 -0.582031 -1.174072 1.144043 0.119507 0.300293
1.396240 -0.574707 -1.196899 1.103394 0.147705 0.340942
1.453735 -0.564697 -1.215698 1.049072 0.126953 0.348999
1.495850 -0.556519 -1.284790 1.017090 0.079346 0.304565
1.537476 -0.557983 -1.361816 0.994263 0.012207 0.223755
1.585083 -0.548462 -1.446045 0.959473 -0.011597 0.124390
1.599121 -0.556763 -1.539429 0.915161 -0.021240 0.001831
1.610474 -0.564331 -1.623413 0.851563 -0.064087 -0.138794
1.634521 -0.573975 -1.676025 0.764282 -0.109863 -0.282471
1.664307 -0.590942 -1.697144 0.656494 -0.085938 -0.420044
1.659302 -0.618896 -1.679688 0.536865 0.009033 -0.553223
1.614258 -0.626709 -1.637817 0.431641 0.107544 -0.682251
1.503174 -0.619385 -1.594604 0.360352 0.177979 -0.801147
1.362671 -0.638550 -1.552612 0.315430 0.225708 -0.905884
1.289917 -0.645752 -1.510254 0.268921 0.287842 -0.964966
1.261353 -0.632202 -1.451904 0.214844 0.382080 -0.972168
1.235107 -0.631592 -1.393921 0.165771 0.484009 -0.971313
1.192139 -0.633179 -1.337524 0.121460 0.567871 -0.984741
1.145264 -0.608154 -1.290649 0.089600 0.585205 -1.004028
1.107178 -0.593384 -1.244141 0.063599 0.580322 -1.024536
1.060913 -0.592041 -1.197266 0.023560 0.596436 -1.046021
1.010986 -0.601685 -1.139526 -0.026855 0.600586 -1.064697
0.946045 -0.611572 -1.055786 -0.081299 0.579224 -1.074341
0.922241 -0.581543 -0.963257 -0.122070 0.558472 -1.070557
0.908569 -0.563354 -0.861694 -0.142334 0.556396 -1.062866
0.869751 -0.550903 -0.774414 -0.152222 0.558105 -1.050781
0.827515 -0.524902 -0.691528 -0.150879 0.559204 -1.035522
0.755859 -0.516846 -0.629883 -0.135986 0.567993 -1.018433
0.702393 -0.495483 -0.571533 -0.112915 0.590210 -0.985962
0.664551 -0.472656 -0.513184 -0.091431 0.620117 -0.938965
0.632690 -0.445557 -0.461182 -0.078491 0.665771 -0.886353
0.614014 -0.410522 -0.398560 -0.068237 0.716187 -0.835449
0.611938 -0.365112 -0.328857 -0.058716 0.760864 -0.795166
0.594604 -0.317871 -0.282837 -0.040527 0.768677 -0.774170
0.567017 -0.300049 -0.277100 -0.020996 0.744873 -0.761230
0.559082 -0.291504 -0.262695 -0.014038 0.697266 -0.735840
0.583740 -0.264160 -0.230469 -0.020508 0.630615 -0.688232
0.626099 -0.229858 -0.192627 -0.031128 0.591064 -0.635254
0.639893 -0.196045 -0.144165 -0.040649 0.600342 -0.589600
0.623291 -0.155396 -0.109497 -0.041748 0.620239 -0.559082
0.603882 -0.111206 -0.094360 -0.031860 0.604370 -0.537109
0.568115 -0.084717 -0.087036 -0.020508 0.533081 -0.523071
0.554565 -0.050049 -0.084595 -0.018066 0.448120 -0.506836
0.572388 -0.022705 -0.070190 -0.018066 0.348389 -0.480469
0.594971 -0.014893 -0.069092 -0.015137 0.246826 -0.453125
0.617065 -0.000122 -0.065430 -0.013062 0.190674 -0.427490
0.645752 0.009033 -0.060669 -0.011719 0.168457 -0.396118
0.677368 0.009399 -0.054932 -0.012817 0.158081 -0.360107
0.707031 0.024048 -0.064575 -0.015381 0.149658 -0.325317
0.726685 0.052246 -0.073608 -0.019531 0.157837 -0.290039
0.744995 0.062378 -0.089600 -0.025513 0.172363 -0.255737
0.760742 0.071167 -0.088867 -0.034180 0.168579 -0.237915
