1.975708 -0.499634 -0.368530 0.191650 -0.569092 -0.486816
1.903198 -0.440918 -0.502319 0.236206 -0.553101 -0.507080
1.717651 -0.506104 -0.589355 0.243286 -0.378662 -0.465942
1.873901 -0.520142 -0.697754 0.247559 -0.278442 -0.357056
2.074707 -0.485229 -0.886963 0.211182 -0.352051 -0.365967
2.168335 -0.455566 -1.103882 0.116211 -0.388672 -0.484619
2.190796 -0.448364 -1.234985 -0.049316 -0.203491 -0.670166
2.124512 -0.499634 -1.263550 -0.245972 0.100708 -0.891968
2.038696 -0.604614 -1.229126 -0.428467 0.323853 -1.107178
1.931519 -0.724487 -1.138306 -0.562622 0.404297 -1.297119
1.753052 -0.835693 -1.069092 -0.619263 0.353394 -1.445679
1.596802 -0.850830 -1.024414 -0.614624 0.211670 -1.535767
1.482300 -0.783569 -1.020752 -0.596802 0.082764 -1.575317
1.353516 -0.736450 -1.023315 -0.609009 0.009888 -1.574219
1.253418 -0.711060 -0.997314 -0.665039 -0.006958 -1.540283
1.184082 -0.714722 -0.946045 -0.742065 0.011230 -1.503906
0.785034 -0.713379 -0.854858 -0.815063 -0.056519 -1.449341
1.005371 -0.669678 -0.886841 -0.875977 -0.178711 -1.344116
0.947754 -0.583252 -0.822876 -0.935303 -0.125732 -1.404053
0.814331 -0.557739 -0.854736 -0.966797 -0.331543 -1.344604
0.740967 -0.544922 -0.839722 -1.036499 -0.408691 -1.275146
0.644409 -0.517944 -0.805542 -1.112915 -0.465942 -1.263184
0.529907 -0.489502 -0.770264 -1.188110 -0.537842 -1.241089
0.440918 -0.476685 -0.711304 -1.266968 -0.596924 -1.174561
0.376099 -0.463745 -0.645142 -1.338623 -0.648071 -1.090576
0.353271 -0.403076 -0.557373 -1.399170 -0.678223 -1.014648
0.333984 -0.346680 -0.475586 -1.444336 -0.683594 -0.958496
0.302979 -0.314087 -0.397095 -1.482178 -0.739624 -0.904907
0.278442 -0.280762 -0.318359 -1.506348 -0.787598 -0.836060
0.249512 -0.262695 -0.251221 -1.511963 -0.797852 -0.755371
0.226074 -0.243530 -0.194946 -1.501831 -0.818237 -0.664429
0.213623 -0.180542 -0.130981 -1.473389 -0.830566 -0.551147
0.198120 -0.111572 -0.082764 -1.422241 -0.826904 -0.445923
0.227783 -0.133789 -0.126343 -1.367676 -0.776489 -0.369019
0.111572 -0.008057 -0.006958 -1.326050 -0.630005 -0.328979
0.072876 0.046387 -0.005371 -1.248657 -0.675293 -0.217773
0.083862 0.040405 -0.034058 -1.199463 -0.783325 -0.083862
0.100220 0.022827 -0.018066 -1.182129 -0.823975 0.041260
0.110596 0.040283 0.017456 -1.149292 -0.805420 0.157715
0.132202 0.068237 0.039551 -1.098511 -0.778687 0.272339
0.134766 0.089966 0.055420 -1.061401 -0.752197 0.375977
0.124023 0.107178 0.075073 -1.032837 -0.739746 0.488281
0.142578 0.095459 0.105957 -1.006104 -0.709961 0.609375
0.166870 0.072388 0.134521 -0.970581 -0.678711 0.715210
0.188477 0.039063 0.147949 -0.918457 -0.665771 0.808472
0.244141 0.028687 0.173828 -0.863159 -0.656738 0.902710
0.315308 0.018555 0.201050 -0.803345 -0.645142 0.987793
0.380371 0.009399 0.228027 -0.725464 -0.634155 1.044800
0.424072 0.004761 0.230347 -0.630615 -0.634644 1.081421
0.447388 -0.006348 0.208984 -0.526367 -0.645264 1.112915
0.475952 0.003296 0.186157 -0.428345 -0.658569 1.145386
0.490845 0.028442 0.159424 -0.348755 -0.662842 1.174072
0.482666 0.049438 0.126831 -0.291992 -0.651245 1.199341
0.471558 0.021851 0.095459 -0.263184 -0.628906 1.228271
0.498535 -0.028687 0.082764 -0.243896 -0.624634 1.265137
0.573486 -0.076782 0.073608 -0.222778 -0.632935 1.308838
0.681274 -0.105347 0.078613 -0.198486 -0.633545 1.353027
0.780273 -0.077271 0.084839 -0.160889 -0.626587 1.378906
0.812866 -0.031250 0.064087 -0.112061 -0.625244 1.359009
0.804199 0.011719 0.023315 -0.085205 -0.626709 1.296631
0.766357 0.048462 -0.002808 -0.104492 -0.611816 1.223145
0.723877 0.061157 -0.018677 -0.157227 -0.573242 1.150024
0.734985 0.028198 0.012207 -0.227783 -0.564453 1.083252
0.818237 -0.099854 0.111572 -0.290649 -0.605103 1.027710
0.942505 -0.291260 0.185425 -0.278809 -0.626221 1.002075
1.089722 -0.500732 0.197510 -0.170288 -0.569336 1.024170
1.320068 -0.648438 0.197388 0.017090 -0.458252 1.109253
1.552124 -0.650757 0.105469 0.290771 -0.376099 1.201050
1.687622 -0.567261 -0.064209 0.612671 -0.299194 1.221069
1.732422 -0.462769 -0.300415 0.886475 -0.199585 1.149658
1.728394 -0.377075 -0.540039 1.032593 -0.152588 1.017090
1.698120 -0.352295 -0.713623 1.056763 -0.185425 0.851807
1.666382 -0.384888 -0.775391 1.010498 -0.254761 0.692871
1.634888 -0.412720 -0.759766 0.952271 -0.295532 0.588745
1.611572 -0.428833 -0.704956 0.911621 -0.254517 0.553467
1.584229 -0.481079 -0.641357 0.891968 -0.117432 0.572510
1.607910 -0.572266 -0.608398 0.903564 0.076660 0.625610
1.680664 -0.627930 -0.621338 0.968994 0.246582 0.685669
1.750000 -0.669800 -0.702148 1.097900 0.372070 0.711548
1.804688 -0.692993 -0.769897 1.250854 0.504028 0.690918
1.833862 -0.710449 -0.809204 1.396240 0.640259 0.642578
1.914551 -0.689697 -0.892456 1.506348 0.671265 0.607544
1.943848 -0.607422 -1.004395 1.549927 0.428955 0.553101
1.911255 -0.550293 -1.112671 1.516357 0.244385 0.377197
1.868164 -0.580322 -1.161011 1.464478 0.249878 0.085205
1.829224 -0.604492 -1.190308 1.467529 0.244751 -0.198364
1.806274 -0.573242 -1.255249 1.527954 0.166138 -0.413208
1.772705 -0.546631 -1.394775 1.551270 0.030884 -0.574463
1.742432 -0.539063 -1.544800 1.479004 -0.116455 -0.681763
1.690674 -0.532227 -1.639771 1.338989 -0.218750 -0.747803
1.633423 -0.509521 -1.700195 1.189331 -0.283691 -0.792969
1.548828 -0.492065 -1.745972 1.035522 -0.370117 -0.832031
1.474487 -0.480347 -1.750854 0.865356 -0.469849 -0.852295
1.428101 -0.465454 -1.721802 0.690918 -0.506592 -0.847412
1.366943 -0.483154 -1.706787 0.518188 -0.460205 -0.823975
1.309814 -0.466919 -1.698853 0.355225 -0.416870 -0.790283
1.251221 -0.436646 -1.577759 0.213745 -0.502930 -0.773926
1.196167 -0.456421 -1.512329 0.085571 -0.392212 -0.790527
1.137085 -0.488770 -1.428833 -0.016479 -0.241821 -0.823242
1.055420 -0.488281 -1.371704 -0.075073 -0.163086 -0.849731
0.999390 -0.479004 -1.315674 -0.116699 -0.082031 -0.859985
0.983154 -0.463257 -1.249146 -0.157349 0.051147 -0.858765
0.959473 -0.466187 -1.184937 -0.197998 0.198853 -0.864014
0.903931 -0.465576 -1.121094 -0.228027 0.316040 -0.878906
0.846558 -0.422974 -1.069336 -0.235840 0.387939 -0.893311
0.773804 -0.384521 -1.017212 -0.232056 0.422974 -0.912964
0.713745 -0.360229 -0.974976 -0.238770 0.440308 -0.924316
0.651001 -0.336914 -0.912109 -0.262451 0.439453 -0.915283
0.583740 -0.334839 -0.862183 -0.294067 0.399780 -0.888550
0.555664 -0.314819 -0.796631 -0.333862 0.354980 -0.846069
0.552368 -0.293091 -0.721191 -0.381226 0.346924 -0.792969
0.561279 -0.265381 -0.615479 -0.429688 0.371460 -0.735596
0.567993 -0.252563 -0.540039 -0.466553 0.442261 -0.692505
0.595581 -0.267212 -0.452515 -0.489990 0.476196 -0.653931
0.594116 -0.255737 -0.359619 -0.503418 0.446411 -0.600220
0.605225 -0.189697 -0.285522 -0.494995 0.425049 -0.546631
0.596802 -0.162109 -0.224365 -0.460571 0.415527 -0.520874
0.564697 -0.107788 -0.207886 -0.422607 0.348389 -0.501831
0.548950 -0.078369 -0.164185 -0.394775 0.266113 -0.466431
0.571533 -0.070557 -0.130127 -0.368530 0.160889 -0.429199
0.593140 -0.060425 -0.103638 -0.344971 0.068237 -0.410889
0.604004 -0.023682 -0.084106 -0.318970 0.025879 -0.392456
0.630859 -0.012085 -0.054810 -0.294800 0.036133 -0.352905
0.640503 -0.008667 -0.050903 -0.278687 0.103760 -0.297241
0.680176 -0.018677 -0.006470 -0.259766 0.206421 -0.228271
0.740601 -0.012451 0.042969 -0.217529 0.260742 -0.183350
0.792725 0.041260 0.031860 -0.159912 0.253174 -0.180298
0.797852 0.097290 0.016968 -0.106689 0.232178 -0.201294
0.791016 0.113159 -0.008667 -0.063477 0.198242 -0.223999
0.766846 0.098267 -0.030884 -0.036255 0.165771 -0.234131
0.735229 0.103638 -0.046753 -0.015381 0.129639 -0.224731
0.719360 0.119385 -0.067749 0.005371 0.105225 -0.199341
0.731445 0.138916 -0.087769 0.020142 0.086914 -0.163818
0.754883 0.150024 -0.111938 0.030518 0.063354 -0.129883
0.786621 0.158936 -0.132202 0.035767 0.043701 -0.101563
0.808960 0.176025 -0.150635 0.036865 0.024414 -0.076050
0.824707 0.175537 -0.177002 0.037598 0.007568 -0.059326
0.855469 0.156616 -0.188232 0.028564 0.016602 -0.043701
0.903564 0.153687 -0.192139 0.013794 0.030762 -0.022949
0.933105 0.171265 -0.183838 0.009277 0.057739 -0.010376
0.939575 0.184204 -0.185425 0.017822 0.084717 -0.015503
0.942871 0.157227 -0.179443 0.028442 0.086182 -0.029297
0.929688 0.143677 -0.196899 0.044556 0.074829 -0.046387
0.923950 0.155151 -0.211304 0.072388 0.086548 -0.052979
0.937378 0.159546 -0.234497 0.105347 0.104736 -0.042358
0.939453 0.165527 -0.263916 0.131836 0.116333 -0.035522
0.949463 0.172363 -0.285034 0.148193 0.118286 -0.036987
0.947021 0.183472 -0.300171 0.155640 0.126709 -0.039917
0.937012 0.180298 -0.303711 0.160400 0.136963 -0.041992
0.933472 0.168823 -0.317383 0.161743 0.142700 -0.037109
