1.844360 -0.311157 0.318359 -0.589478 -0.452637 -0.372070
1.887329 -0.300049 0.332153 -0.515503 -0.548218 -0.517456
1.939941 -0.280762 0.250610 -0.445801 -0.605347 -0.648560
2.008789 -0.332764 0.278809 -0.438843 -0.591187 -0.761475
2.022339 -0.394043 0.413940 -0.439575 -0.579590 -0.906738
2.035889 -0.414185 0.471313 -0.359497 -0.677612 -1.045410
2.006104 -0.438477 0.455566 -0.252319 -0.723877 -1.196533
1.967041 -0.441528 0.433472 -0.163818 -0.689087 -1.329102
1.913940 -0.449585 0.439697 -0.090454 -0.571533 -1.451294
1.828857 -0.477417 0.461182 -0.004272 -0.438354 -1.578125
1.726440 -0.498535 0.463501 0.106201 -0.355225 -1.708618
1.586304 -0.513794 0.458862 0.229248 -0.318237 -1.834473
1.438110 -0.522339 0.454346 0.367065 -0.310303 -1.936890
1.298340 -0.531494 0.429565 0.521851 -0.319092 -2.002075
1.169434 -0.523926 0.389404 0.677490 -0.328979 -2.034668
1.053589 -0.498169 0.339600 0.820435 -0.342163 -2.048218
0.950684 -0.469849 0.287598 0.942993 -0.358154 -2.051758
0.864380 -0.422607 0.262207 1.049805 -0.377319 -2.052490
0.775757 -0.395996 0.240845 1.142334 -0.375977 -2.048584
0.580200 -0.412231 0.202515 1.228394 -0.359009 -2.024780
0.543579 -0.366333 0.185059 1.326172 -0.419189 -1.925171
0.487183 -0.350830 0.185791 1.430908 -0.377808 -1.841309
0.407471 -0.335938 0.166504 1.569458 -0.385132 -1.792236
0.345825 -0.319580 0.123657 1.725464 -0.526489 -1.685913
0.328613 -0.328979 0.081665 1.857178 -0.639404 -1.587891
0.301636 -0.321045 0.033203 1.971313 -0.694824 -1.527832
0.254028 -0.315063 -0.036499 2.066650 -0.680908 -1.469849
0.187988 -0.309937 -0.109863 2.144409 -0.620605 -1.388062
0.097168 -0.309082 -0.170532 2.210205 -0.543335 -1.280029
0.015381 -0.309692 -0.236206 2.266113 -0.471802 -1.151855
-0.040771 -0.291504 -0.287109 2.296265 -0.428223 -1.016113
-0.063843 -0.271118 -0.338501 2.298706 -0.433350 -0.876587
-0.060425 -0.257690 -0.387451 2.271606 -0.441528 -0.731934
-0.031860 -0.251221 -0.423828 2.220825 -0.426392 -0.574097
0.012329 -0.252441 -0.445435 2.171265 -0.402588 -0.427124
0.044434 -0.269409 -0.459473 2.133789 -0.384521 -0.309692
0.099487 -0.318237 -0.480103 2.119751 -0.389038 -0.217529
0.143677 -0.349976 -0.503296 2.143433 -0.411743 -0.146484
0.151123 -0.363403 -0.538208 2.208252 -0.457520 -0.107056
0.140991 -0.399658 -0.586914 2.300537 -0.519165 -0.096802
0.105225 -0.426147 -0.649658 2.398071 -0.590820 -0.090942
0.071533 -0.457275 -0.743286 2.477783 -0.654419 -0.062378
0.081421 -0.498535 -0.885986 2.520264 -0.643921 0.005615
0.166138 -0.475708 -1.057373 2.510620 -0.563110 0.105713
0.264038 -0.427124 -1.231689 2.430542 -0.419067 0.192871
0.343384 -0.380737 -1.389771 2.271851 -0.292725 0.242310
0.397217 -0.334351 -1.519409 2.042114 -0.192017 0.264893
0.426392 -0.337769 -1.598755 1.767334 -0.104126 0.277344
0.472900 -0.386719 -1.615723 1.488403 -0.025024 0.289673
0.541992 -0.392944 -1.574097 1.256470 0.004028 0.303101
0.598267 -0.415527 -1.513794 1.096191 -0.007568 0.292725
0.630005 -0.438965 -1.447632 0.991211 -0.032593 0.257568
0.656494 -0.450317 -1.384644 0.938843 -0.059326 0.205933
0.675049 -0.453369 -1.365723 0.921997 -0.082520 0.149170
0.682983 -0.447632 -1.361572 0.917603 -0.076050 0.103394
0.676636 -0.443237 -1.383423 0.912842 -0.032837 0.073486
0.691162 -0.473022 -1.439819 0.895874 0.033447 0.065918
0.731567 -0.483521 -1.486694 0.863647 0.111572 0.084229
0.786133 -0.442505 -1.517700 0.831299 0.175415 0.103760
0.807007 -0.422852 -1.566650 0.793335 0.222656 0.094971
0.799194 -0.416382 -1.604736 0.736694 0.259399 0.072754
0.790649 -0.413818 -1.613525 0.666870 0.300293 0.061279
0.804810 -0.427856 -1.622314 0.591064 0.356812 0.061035
0.843872 -0.429688 -1.602661 0.516479 0.399414 0.060303
0.897217 -0.410034 -1.590942 0.454102 0.391357 0.046021
0.948853 -0.390869 -1.587158 0.394897 0.345459 -0.005005
1.015503 -0.443115 -1.642578 0.322632 0.357178 -0.109619
0.916016 -0.314209 -1.514648 0.241211 0.427856 -0.237793
0.990723 -0.368042 -1.561157 0.192505 0.264648 -0.276245
1.009277 -0.411133 -1.536011 0.105347 0.190552 -0.358276
1.011475 -0.407837 -1.527588 0.023193 0.173218 -0.426270
1.013916 -0.399902 -1.513794 -0.061157 0.233154 -0.468018
1.015869 -0.369385 -1.514526 -0.166870 0.331177 -0.511475
1.029297 -0.336792 -1.503052 -0.301758 0.443848 -0.562744
1.036133 -0.344604 -1.451172 -0.458374 0.545776 -0.610474
1.017700 -0.359985 -1.364502 -0.599609 0.614990 -0.659058
0.983887 -0.379395 -1.279297 -0.693970 0.694702 -0.719849
0.940308 -0.407104 -1.195679 -0.737793 0.693970 -0.789551
0.875122 -0.436157 -1.162598 -0.737305 0.574829 -0.848022
0.835449 -0.437500 -1.161987 -0.716431 0.428711 -0.885132
0.835327 -0.419434 -1.148560 -0.694336 0.288940 -0.896484
0.854736 -0.413818 -1.147339 -0.673706 0.151611 -0.898682
0.853760 -0.386841 -1.176758 -0.669556 0.038452 -0.880615
0.858521 -0.342285 -1.202881 -0.704956 0.064697 -0.848877
0.870728 -0.309814 -1.213257 -0.777344 0.209839 -0.823120
0.857544 -0.297607 -1.237793 -0.874268 0.382446 -0.803345
0.831543 -0.297607 -1.251953 -0.990967 0.545776 -0.783936
0.800537 -0.305420 -1.259033 -1.115479 0.671021 -0.762207
0.766235 -0.299805 -1.265625 -1.236816 0.733765 -0.741943
0.738892 -0.302124 -1.267212 -1.355713 0.738770 -0.733276
0.710205 -0.301147 -1.251221 -1.481934 0.690430 -0.727417
0.680786 -0.300049 -1.208984 -1.617676 0.614502 -0.711426
0.673340 -0.304199 -1.136597 -1.761353 0.564087 -0.687622
0.673462 -0.307007 -1.044434 -1.903809 0.550049 -0.652344
0.670654 -0.301392 -0.952271 -2.033813 0.569458 -0.624023
0.643921 -0.315308 -0.858765 -2.154297 0.633911 -0.603516
0.618164 -0.325439 -0.775024 -2.258667 0.742432 -0.578979
0.584473 -0.326660 -0.695923 -2.341675 0.865112 -0.547241
0.535889 -0.338867 -0.612549 -2.405518 0.984009 -0.515015
0.497681 -0.348633 -0.531128 -2.451782 1.092407 -0.470215
0.459839 -0.341553 -0.432739 -2.474243 1.164307 -0.410156
0.440674 -0.319946 -0.335205 -2.467285 1.196777 -0.354492
0.418457 -0.293091 -0.242188 -2.431763 1.183105 -0.319336
0.394165 -0.257324 -0.148438 -2.375488 1.121460 -0.297607
0.365723 -0.223145 -0.061279 -2.304810 1.030029 -0.276123
0.359009 -0.192017 0.004395 -2.222656 0.937744 -0.246582
0.356812 -0.151978 0.063110 -2.130005 0.844971 -0.208130
0.351440 -0.117554 0.113281 -2.030273 0.758301 -0.166504
0.347168 -0.081177 0.155273 -1.938965 0.688599 -0.114014
0.352051 -0.029663 0.213013 -1.855225 0.641113 -0.052246
0.355347 0.020020 0.261963 -1.768677 0.601929 0.008667
0.358643 0.051392 0.298706 -1.684570 0.569946 0.064819
0.361450 0.076782 0.330933 -1.603271 0.540039 0.123779
0.373901 0.103638 0.359863 -1.522827 0.507324 0.197021
0.399292 0.121582 0.381836 -1.444336 0.477051 0.279541
0.437012 0.137939 0.414551 -1.370850 0.431030 0.356934
0.468750 0.154053 0.442993 -1.306274 0.372314 0.432251
0.513062 0.170532 0.473511 -1.247803 0.349243 0.506592
0.566040 0.201660 0.524292 -1.179077 0.333374 0.570923
0.628784 0.216919 0.561523 -1.095703 0.298706 0.617188
0.693726 0.209717 0.575928 -1.002319 0.233032 0.643555
0.696899 0.240234 0.598022 -0.905151 0.135620 0.658203
0.804932 0.170166 0.554199 -0.812500 -0.038574 0.710449
0.890259 0.099487 0.539917 -0.745972 -0.140015 0.738770
0.954224 0.091431 0.542847 -0.689819 -0.165039 0.730957
1.005859 0.105347 0.534668 -0.632202 -0.179932 0.712891
1.064087 0.111694 0.529419 -0.582764 -0.206299 0.684570
1.115967 0.108765 0.519043 -0.544922 -0.221313 0.647705
1.148438 0.109741 0.524048 -0.512451 -0.203125 0.599609
1.171753 0.100464 0.524658 -0.487183 -0.143555 0.538818
1.157227 0.111450 0.537354 -0.458374 -0.069336 0.465332
1.126465 0.123901 0.539673 -0.413330 0.002930 0.390991
1.091675 0.131836 0.531982 -0.347656 0.041382 0.332397
1.071899 0.110229 0.486572 -0.270386 0.040771 0.294434
1.047119 0.099121 0.446289 -0.200684 0.048584 0.264771
1.031250 0.098389 0.403931 -0.145752 0.060059 0.252319
1.034790 0.095215 0.368042 -0.109375 0.067627 0.258667
1.053955 0.089844 0.341675 -0.099731 0.072266 0.270630
1.082886 0.085571 0.320435 -0.105591 0.071411 0.277954
1.103882 0.100098 0.321289 -0.109985 0.067627 0.261597
1.106201 0.117554 0.320068 -0.105591 0.033081 0.221191
1.100830 0.124146 0.307007 -0.092896 -0.044678 0.169434
1.094849 0.127930 0.291016 -0.077881 -0.133667 0.119385
1.081665 0.127075 0.269897 -0.065674 -0.209839 0.075317
1.068237 0.125977 0.251953 -0.057251 -0.262329 0.048340
1.054199 0.135864 0.245483 -0.053467 -0.279785 0.037109
1.047119 0.138428 0.229248 -0.050903 -0.270020 0.040161
1.047974 0.139893 0.218018 -0.048584 -0.249512 0.050415
1.041992 0.141235 0.197998 -0.048218 -0.225098 0.059814
1.040039 0.137695 0.179688 -0.050659 -0.214478 0.069214
