1.762451 -0.400879 0.597046 -0.229492 -0.451782 -0.452393
1.930542 -0.456787 0.621460 -0.192261 -0.515625 -0.524414
2.001953 -0.396484 0.715332 -0.157104 -0.555786 -0.669678
2.039429 -0.389526 0.781372 -0.074341 -0.653809 -0.823608
2.040771 -0.505737 0.725952 0.021729 -0.810547 -0.998413
1.970703 -0.543945 0.728760 0.072876 -0.812378 -1.179077
1.931396 -0.524414 0.773804 0.134399 -0.733154 -1.311768
1.829346 -0.525391 0.812988 0.223145 -0.646851 -1.449341
1.693726 -0.572998 0.816528 0.317383 -0.569458 -1.558228
1.560913 -0.611450 0.813721 0.412354 -0.482910 -1.618652
1.437378 -0.631104 0.806519 0.533325 -0.382935 -1.647339
1.317383 -0.631958 0.779663 0.685181 -0.296265 -1.658325
1.199463 -0.635742 0.737305 0.856812 -0.252441 -1.673950
1.084229 -0.635864 0.653931 1.034302 -0.265259 -1.697388
0.953369 -0.639893 0.569702 1.205444 -0.329956 -1.723389
0.828735 -0.624878 0.471680 1.360352 -0.404175 -1.743530
0.715576 -0.590210 0.382324 1.484863 -0.438354 -1.745605
0.457886 -0.596680 0.302124 1.571289 -0.427490 -1.716064
0.503296 -0.501221 0.253174 1.639282 -0.463257 -1.611206
0.449707 -0.478027 0.218140 1.692017 -0.380493 -1.516235
0.400757 -0.511475 0.142334 1.734619 -0.317017 -1.414429
0.324097 -0.490479 0.127075 1.763184 -0.259277 -1.299927
0.279053 -0.439697 0.124268 1.801514 -0.187622 -1.183228
0.239868 -0.401123 0.111206 1.863892 -0.176147 -1.075195
0.185669 -0.374268 0.073975 1.932007 -0.223022 -0.989258
0.138062 -0.356445 0.021973 1.982178 -0.296753 -0.928589
0.087402 -0.349854 -0.020264 2.001953 -0.392456 -0.879028
0.040771 -0.347412 -0.071045 2.002441 -0.483521 -0.819336
0.023438 -0.362183 -0.104736 1.999268 -0.544067 -0.733276
0.017944 -0.383667 -0.139771 2.003418 -0.578125 -0.618530
0.018677 -0.402466 -0.178711 2.015991 -0.583130 -0.473633
0.040894 -0.408081 -0.218506 2.034424 -0.559570 -0.314209
0.076904 -0.413208 -0.254761 2.059814 -0.505615 -0.157837
0.120483 -0.425903 -0.305664 2.093018 -0.445557 -0.013428
0.163940 -0.426392 -0.350098 2.130737 -0.405762 0.117188
0.193237 -0.427246 -0.387573 2.175659 -0.398071 0.232788
0.207397 -0.429688 -0.413818 2.230469 -0.416382 0.339355
0.216431 -0.452881 -0.422852 2.289673 -0.433105 0.437256
0.219604 -0.498535 -0.444458 2.345703 -0.452515 0.524902
0.228394 -0.540527 -0.475708 2.405151 -0.468262 0.603271
0.256348 -0.593872 -0.554932 2.466675 -0.459351 0.647095
0.295898 -0.634766 -0.665405 2.515381 -0.447632 0.673706
0.325562 -0.662598 -0.765991 2.553955 -0.409790 0.731567
0.349121 -0.710083 -0.872925 2.593262 -0.338257 0.831421
0.424316 -0.750977 -1.041748 2.607788 -0.314209 0.932983
0.583130 -0.696899 -1.273315 2.565186 -0.423096 0.986328
0.781494 -0.564941 -1.516357 2.432617 -0.604004 0.962524
0.915405 -0.484375 -1.687500 2.183350 -0.669067 0.882080
1.009033 -0.507690 -1.781250 1.836304 -0.527222 0.800049
1.094971 -0.589844 -1.779175 1.461426 -0.368652 0.753418
1.207275 -0.698242 -1.720215 1.148926 -0.219238 0.726563
1.354492 -0.792358 -1.669067 0.946655 -0.121460 0.697510
1.491699 -0.798340 -1.612915 0.846680 -0.107544 0.639282
1.587280 -0.747070 -1.584595 0.815674 -0.133301 0.520752
1.603516 -0.719360 -1.581543 0.794434 -0.144409 0.350952
1.565552 -0.690308 -1.594604 0.754761 -0.090210 0.183350
1.503174 -0.637573 -1.620483 0.697266 0.020264 0.047607
1.430664 -0.588501 -1.625977 0.619995 0.163452 -0.063354
1.369019 -0.568970 -1.635376 0.530640 0.276611 -0.159546
1.341797 -0.543945 -1.649048 0.445313 0.262695 -0.243408
1.316650 -0.525757 -1.661499 0.364014 0.175293 -0.334229
1.272583 -0.510376 -1.672729 0.268188 0.167725 -0.438965
1.221558 -0.510010 -1.655151 0.141235 0.229492 -0.530640
1.198242 -0.510376 -1.621338 -0.008789 0.248657 -0.579590
1.185547 -0.498047 -1.572754 -0.164673 0.229980 -0.601196
1.172485 -0.467285 -1.496582 -0.315186 0.221191 -0.622559
1.151611 -0.432251 -1.411621 -0.451660 0.219482 -0.653076
1.129272 -0.407715 -1.326172 -0.567871 0.208618 -0.689697
1.121216 -0.398926 -1.255005 -0.663818 0.212402 -0.741821
1.136475 -0.416748 -1.183350 -0.744141 0.252808 -0.792969
1.141113 -0.456299 -1.130127 -0.804443 0.373535 -0.823242
1.171021 -0.468140 -1.109497 -0.857666 0.610352 -0.820557
1.181641 -0.464111 -1.107788 -0.917847 0.907715 -0.807739
1.160278 -0.445557 -1.141357 -0.986694 1.209595 -0.808838
1.127441 -0.419312 -1.147949 -1.071411 1.398438 -0.841553
1.052368 -0.364136 -1.130493 -1.191162 1.349731 -0.891357
0.963501 -0.335449 -1.085693 -1.327759 1.260254 -0.969849
0.887207 -0.353638 -1.019897 -1.460205 1.145508 -1.064087
0.823486 -0.370972 -0.947266 -1.589722 0.969727 -1.134766
0.780518 -0.387207 -0.867310 -1.716064 0.813477 -1.174194
0.748413 -0.425293 -0.788818 -1.838135 0.736938 -1.185303
0.716431 -0.459839 -0.688721 -1.951904 0.728516 -1.171631
0.682495 -0.482544 -0.579102 -2.039795 0.757568 -1.136841
0.648193 -0.482666 -0.483643 -2.080200 0.822998 -1.095215
0.605225 -0.469727 -0.430786 -2.082642 0.887573 -1.070435
0.545166 -0.444946 -0.377930 -2.074829 0.928345 -1.061523
0.478760 -0.420044 -0.339111 -2.064819 0.952515 -1.050049
0.415405 -0.399902 -0.303833 -2.046875 0.968872 -1.031616
0.351563 -0.379639 -0.261719 -2.028564 0.976440 -1.001343
0.301270 -0.340576 -0.210205 -2.011475 0.963013 -0.955078
0.265503 -0.301880 -0.162964 -1.994873 0.923340 -0.896240
0.233154 -0.274780 -0.121826 -1.983032 0.864868 -0.832520
0.207397 -0.243164 -0.068359 -1.979126 0.798828 -0.754395
0.184692 -0.208496 -0.022461 -1.970215 0.747681 -0.669800
0.160156 -0.181641 0.024292 -1.957153 0.700195 -0.581299
0.142578 -0.162842 0.077271 -1.938965 0.645264 -0.490234
0.124268 -0.140503 0.110352 -1.913452 0.566406 -0.397217
0.117310 -0.129639 0.145874 -1.882568 0.463745 -0.302612
0.119141 -0.119507 0.178955 -1.846558 0.329224 -0.204346
0.126099 -0.110718 0.226318 -1.809326 0.187744 -0.102905
0.145752 -0.091309 0.268066 -1.763062 0.057617 -0.000244
0.167969 -0.066650 0.311157 -1.708252 -0.048950 0.101074
0.185303 -0.045898 0.344604 -1.644897 -0.137573 0.197998
0.214844 -0.044800 0.363525 -1.576782 -0.215088 0.293823
0.246826 -0.054932 0.371948 -1.513794 -0.279175 0.396362
0.285400 -0.089355 0.381958 -1.463135 -0.316528 0.511230
0.352173 -0.135986 0.384155 -1.428833 -0.325439 0.649414
0.447021 -0.185425 0.411987 -1.411377 -0.314697 0.807861
0.568359 -0.204224 0.452148 -1.398071 -0.296143 0.971191
0.711304 -0.191406 0.515137 -1.378662 -0.267944 1.125488
0.881592 -0.178955 0.614136 -1.347778 -0.228027 1.231445
1.034668 -0.155884 0.719604 -1.280029 -0.224609 1.245972
1.162964 -0.136597 0.776855 -1.168823 -0.272217 1.178345
1.253540 -0.101563 0.770752 -1.031738 -0.349609 1.045532
1.299194 -0.065308 0.710815 -0.905029 -0.408569 0.865479
1.294556 -0.080078 0.581543 -0.838013 -0.424805 0.669189
1.247437 -0.142700 0.496704 -0.861328 -0.394897 0.512573
1.230957 -0.243896 0.542969 -0.942993 -0.278564 0.444824
1.223877 -0.315918 0.686279 -0.996704 -0.138550 0.447998
1.244629 -0.350220 0.867188 -0.954712 -0.019409 0.477173
1.274292 -0.342529 1.008301 -0.782349 0.044556 0.499390
1.296143 -0.330688 1.028442 -0.511963 0.032349 0.505249
1.305176 -0.304443 0.943726 -0.202637 -0.052246 0.506226
1.321289 -0.256714 0.756226 0.074951 -0.094604 0.515869
1.343506 -0.184204 0.551147 0.263184 -0.047241 0.523071
1.358765 -0.115479 0.366577 0.348389 0.077637 0.506226
1.339844 -0.060425 0.217407 0.347046 0.199951 0.458618
1.297607 -0.027954 0.139282 0.275879 0.268677 0.393677
1.256592 -0.020996 0.116089 0.177979 0.261963 0.327148
1.227905 -0.049805 0.138794 0.082886 0.184204 0.277588
1.242188 -0.070190 0.195313 0.011597 0.068848 0.253662
1.287720 -0.071167 0.257202 -0.020020 -0.055420 0.224243
1.320557 -0.065308 0.297485 -0.012329 -0.172241 0.171143
1.319946 -0.073486 0.302246 0.013550 -0.254272 0.102295
1.285645 -0.080200 0.274902 0.036621 -0.284058 0.042236
1.242310 -0.088867 0.256714 0.048340 -0.278442 0.006836
1.214478 -0.107910 0.238403 0.054077 -0.272339 -0.007446
1.190063 -0.107178 0.218872 0.061523 -0.285278 -0.012939
1.170532 -0.102051 0.202759 0.074219 -0.306030 -0.018555
1.143677 -0.113403 0.178223 0.089844 -0.351074 -0.021973
1.156372 -0.094482 0.166382 0.102783 -0.401978 -0.021484
1.142090 -0.106323 0.153442 0.117065 -0.437378 -0.030396
1.136963 -0.092285 0.106934 0.130981 -0.438843 -0.036255
1.123779 -0.076050 0.084473 0.134521 -0.416138 -0.054321
1.105103 -0.073242 0.065674 0.127197 -0.376831 -0.076294
1.093018 -0.078125 0.051025 0.114624 -0.365234 -0.088379
1.073486 -0.078613 0.041382 0.100830 -0.353882 -0.092773
1.081421 -0.078613 0.047852 0.087158 -0.323730 -0.091797
1.038574 -0.087769 0.032104 0.076538 -0.288330 -0.091919
1.077148 -0.070801 0.059814 0.073364 -0.301636 -0.095703
