1.825317 -0.286255 0.348145 0.395020 -1.320190 -1.903442
1.656372 -0.397217 0.307983 0.385742 -1.127075 -1.914429
1.592163 -0.436157 0.466675 0.376953 -0.921387 -1.888184
1.598999 -0.398804 0.423950 0.485596 -1.000610 -1.874634
1.543213 -0.385742 0.329224 0.601685 -1.095947 -1.891724
1.482300 -0.375610 0.272827 0.663574 -1.025391 -1.903687
1.408569 -0.396729 0.254761 0.702271 -0.869385 -1.932617
1.283325 -0.421631 0.259766 0.761108 -0.762329 -1.995972
1.123047 -0.439697 0.266602 0.851440 -0.697876 -2.068237
0.956055 -0.449951 0.278198 0.977783 -0.624878 -2.116577
0.773193 -0.456421 0.270508 1.131592 -0.533325 -2.136597
0.596313 -0.454712 0.237305 1.284790 -0.449585 -2.111572
0.454102 -0.454224 0.197998 1.436523 -0.374756 -2.041748
0.328979 -0.459351 0.159180 1.592407 -0.285645 -1.934692
0.224731 -0.473389 0.104126 1.746094 -0.189331 -1.796631
0.145020 -0.474243 0.035889 1.889893 -0.139771 -1.646729
0.109253 -0.460693 -0.042725 2.014893 -0.129272 -1.487793
0.050049 -0.464233 -0.130859 2.109863 -0.124878 -1.327759
-0.028564 -0.420288 -0.195557 2.183472 -0.166992 -1.119019
0.047119 -0.416992 -0.261719 2.221436 -0.109253 -0.918579
0.061157 -0.373535 -0.271606 2.222168 -0.059326 -0.806641
0.012695 -0.364258 -0.330566 2.226074 -0.114258 -0.677246
-0.036255 -0.379883 -0.366577 2.210938 -0.111572 -0.566284
-0.063599 -0.382080 -0.372437 2.197754 -0.101563 -0.464111
-0.062256 -0.412109 -0.384888 2.211426 -0.140869 -0.346191
-0.052612 -0.461792 -0.424561 2.260986 -0.193726 -0.220459
-0.023560 -0.500122 -0.466187 2.329590 -0.217529 -0.088989
0.010742 -0.526733 -0.496826 2.410034 -0.213989 0.038330
0.056274 -0.535889 -0.558716 2.510986 -0.212036 0.158325
0.132202 -0.535034 -0.658203 2.616333 -0.214966 0.257080
0.196899 -0.524902 -0.800049 2.700195 -0.225342 0.323853
0.264038 -0.524658 -1.008789 2.733521 -0.227051 0.375610
0.368774 -0.478882 -1.236084 2.675659 -0.189209 0.438477
0.449219 -0.379761 -1.416260 2.509644 -0.065552 0.503174
0.495972 -0.321289 -1.543701 2.248779 0.128174 0.547974
0.542114 -0.374268 -1.575073 1.927612 0.325317 0.580566
0.636719 -0.488281 -1.542969 1.603271 0.448730 0.641113
0.758423 -0.554688 -1.453979 1.359863 0.439209 0.723389
0.905273 -0.586182 -1.360229 1.228882 0.359985 0.772583
1.056274 -0.598389 -1.311157 1.178589 0.201660 0.754761
1.191772 -0.594971 -1.323730 1.166138 -0.032715 0.676758
1.298462 -0.601685 -1.369751 1.154907 -0.207886 0.567993
1.363281 -0.609619 -1.420654 1.126709 -0.271362 0.455444
1.374023 -0.610229 -1.466797 1.073975 -0.230225 0.344360
1.381958 -0.633179 -1.590942 0.997681 -0.093262 0.242798
1.294922 -0.594727 -1.582031 0.864258 0.197632 0.144409
1.240723 -0.560791 -1.539307 0.731812 0.388550 0.104370
1.260742 -0.616211 -1.561035 0.626465 0.421387 0.095825
1.240234 -0.629517 -1.557251 0.525269 0.446411 0.058228
1.221191 -0.631470 -1.554443 0.454712 0.428955 0.015991
1.210815 -0.620483 -1.567993 0.398682 0.330444 -0.034912
1.234253 -0.552734 -1.565308 0.341553 0.156494 -0.092529
1.280273 -0.536987 -1.569214 0.282593 0.001953 -0.168823
1.325562 -0.549683 -1.536255 0.194824 -0.024170 -0.277100
1.361084 -0.565063 -1.489136 0.087646 0.027344 -0.384766
1.387329 -0.565063 -1.450806 -0.013062 0.120850 -0.484253
1.306030 -0.513794 -1.354980 -0.101440 0.245850 -0.585571
1.266357 -0.528687 -1.334595 -0.169189 0.325317 -0.661255
1.181763 -0.556641 -1.312622 -0.253174 0.422852 -0.718018
1.133301 -0.546753 -1.261230 -0.351440 0.530640 -0.736206
1.104736 -0.523193 -1.195068 -0.444702 0.606079 -0.741821
1.082397 -0.504761 -1.148926 -0.516602 0.595337 -0.771973
1.036621 -0.480591 -1.115112 -0.573608 0.524780 -0.826172
1.007202 -0.450806 -1.080322 -0.625366 0.430664 -0.880493
0.958130 -0.414185 -1.026855 -0.686890 0.348633 -0.922729
0.934082 -0.412842 -1.016846 -0.755371 0.232666 -0.938477
0.896606 -0.388794 -0.986084 -0.844238 0.211304 -0.959717
0.873413 -0.361572 -0.959717 -0.945068 0.243042 -0.984985
0.832520 -0.349609 -0.963501 -1.053833 0.275513 -1.015991
0.793091 -0.359131 -0.984863 -1.178833 0.350098 -1.045898
0.732056 -0.391235 -0.994995 -1.331421 0.433350 -1.057495
0.683228 -0.402466 -0.967896 -1.495605 0.492310 -1.029785
0.637085 -0.390503 -0.909302 -1.660400 0.562622 -0.991333
0.610474 -0.391479 -0.847412 -1.802368 0.627686 -0.976440
0.581177 -0.404907 -0.765747 -1.915771 0.653076 -0.978394
0.546021 -0.421997 -0.710571 -2.008911 0.644165 -0.974976
0.504395 -0.420898 -0.645020 -2.094360 0.649536 -0.958374
0.448242 -0.420654 -0.574341 -2.166260 0.670410 -0.931030
0.402832 -0.415283 -0.503052 -2.216431 0.692017 -0.890259
0.359131 -0.390137 -0.440918 -2.241943 0.697388 -0.832764
0.334106 -0.371460 -0.388794 -2.252197 0.707275 -0.770508
0.306030 -0.340576 -0.329956 -2.256470 0.752563 -0.718628
0.293823 -0.302734 -0.291016 -2.250244 0.770142 -0.659058
0.310547 -0.274658 -0.264282 -2.249146 0.753174 -0.589966
0.294922 -0.244629 -0.217407 -2.264160 0.763062 -0.530762
0.282715 -0.233032 -0.156738 -2.278198 0.790527 -0.459106
0.274902 -0.196411 -0.097168 -2.279053 0.807495 -0.375732
0.285767 -0.150513 -0.035278 -2.263062 0.815186 -0.292725
0.269531 -0.089233 0.034912 -2.235596 0.829956 -0.229858
0.266357 -0.038208 0.092896 -2.199341 0.825806 -0.172241
0.246460 0.004272 0.154663 -2.156616 0.802002 -0.113647
0.242310 0.031860 0.229858 -2.112061 0.773682 -0.039429
0.262573 0.067627 0.309692 -2.057495 0.749023 0.046509
0.294678 0.075562 0.380371 -1.984009 0.708618 0.130737
0.303345 0.084229 0.463257 -1.891724 0.623657 0.207886
0.348633 0.097900 0.531860 -1.785522 0.532227 0.291748
0.385864 0.122314 0.578247 -1.665527 0.446167 0.375000
0.436523 0.134888 0.634766 -1.540527 0.373047 0.447144
0.469116 0.147705 0.661743 -1.403687 0.317017 0.504517
0.511963 0.116699 0.660645 -1.254272 0.231079 0.558594
0.575317 0.089966 0.657471 -1.114990 0.139404 0.613281
0.653076 0.074341 0.664429 -0.991577 0.070435 0.671021
0.755615 0.047729 0.668579 -0.880005 0.016968 0.731201
0.840088 0.032104 0.660645 -0.778198 0.001099 0.773926
0.913574 0.021118 0.652588 -0.679932 0.007690 0.794434
0.972046 0.002930 0.638672 -0.583740 0.010376 0.794556
1.013428 0.000977 0.610107 -0.487549 -0.010376 0.778931
1.044922 -0.004639 0.576172 -0.386597 -0.046753 0.747559
1.057861 0.001465 0.532349 -0.289551 -0.096313 0.702393
1.071411 0.006470 0.470947 -0.204590 -0.151245 0.659424
1.083496 -0.011719 0.419922 -0.151611 -0.186768 0.628906
1.102783 -0.029541 0.394043 -0.131714 -0.184814 0.616333
1.114380 -0.036987 0.389038 -0.117554 -0.143188 0.608887
1.122925 -0.043335 0.382446 -0.088379 -0.102051 0.597900
1.133911 -0.043579 0.361084 -0.050659 -0.095337 0.582764
1.138184 -0.039795 0.336060 -0.009766 -0.100830 0.564087
1.149902 -0.022217 0.297729 0.028198 -0.097534 0.551025
1.161621 -0.008545 0.268921 0.052246 -0.066284 0.537109
1.171997 -0.002441 0.242065 0.063721 -0.053223 0.515625
1.184448 0.009033 0.194458 0.063843 -0.074097 0.480347
1.186401 0.013306 0.158569 0.045532 -0.094727 0.438477
1.189819 0.015381 0.134766 0.016968 -0.114014 0.396973
1.186890 0.005127 0.119141 -0.022217 -0.142090 0.354004
1.186646 -0.006592 0.118774 -0.071655 -0.171265 0.314819
1.188354 -0.022339 0.130127 -0.118896 -0.194214 0.281616
1.192383 -0.046143 0.160156 -0.156494 -0.214722 0.253906
1.192017 -0.060669 0.190796 -0.178101 -0.225098 0.230469
1.182251 -0.069824 0.212036 -0.179321 -0.226685 0.206055
1.174438 -0.062622 0.220581 -0.161865 -0.226318 0.180786
1.145752 -0.061523 0.215088 -0.137085 -0.249634 0.164185
1.139893 -0.060791 0.198608 -0.116089 -0.255981 0.160522
1.139038 -0.054932 0.185791 -0.098877 -0.249756 0.153687
1.120728 -0.049194 0.158325 -0.087891 -0.257568 0.142090
1.105347 -0.050293 0.140869 -0.089844 -0.259399 0.138550
1.108154 -0.067627 0.136230 -0.100830 -0.248291 0.139404
1.117554 -0.067993 0.147095 -0.114868 -0.238892 0.138550
1.128418 -0.068970 0.165161 -0.124390 -0.238159 0.130981
1.136475 -0.076904 0.166260 -0.123901 -0.226929 0.119995
1.139893 -0.083008 0.171265 -0.116089 -0.214722 0.105835
1.136841 -0.085938 0.166870 -0.100952 -0.212158 0.089966
1.131958 -0.090454 0.152710 -0.088257 -0.204346 0.072754
1.132324 -0.086548 0.150635 -0.079712 -0.183716 0.060669
1.129761 -0.080933 0.151489 -0.068237 -0.148682 0.050659
1.114624 -0.072754 0.138306 -0.051514 -0.113159 0.037231
1.091064 -0.068848 0.123291 -0.032715 -0.088501 0.022949
1.077271 -0.065308 0.104126 -0.017578 -0.080200 0.017090
1.074097 -0.059326 0.088989 -0.011230 -0.078369 0.018555
1.075195 -0.058105 0.085205 -0.013672 -0.075806 0.020630
1.077148 -0.053467 0.089722 -0.023560 -0.072021 0.019653
1.077515 -0.053467 0.098633 -0.033813 -0.068359 0.015381
