1.680054 -0.442017 0.621704 0.525635 -0.986450 -1.566162
1.585938 -0.357788 0.415039 0.599487 -0.849976 -1.573975
1.453247 -0.400635 0.468262 0.591919 -0.519897 -1.531738
1.398071 -0.381714 0.590820 0.642456 -0.400757 -1.483032
1.362915 -0.352539 0.562988 0.790649 -0.505615 -1.476929
1.291504 -0.353394 0.488037 0.955322 -0.632202 -1.499756
1.205078 -0.357544 0.437988 1.094849 -0.631714 -1.526367
1.103149 -0.371094 0.399780 1.231812 -0.573853 -1.568848
0.967896 -0.401367 0.352661 1.375488 -0.569702 -1.626587
0.823364 -0.416870 0.294434 1.510864 -0.614014 -1.662598
0.684692 -0.413208 0.212158 1.627319 -0.645874 -1.662842
0.545410 -0.401489 0.137329 1.714722 -0.641602 -1.629395
0.424805 -0.387573 0.083984 1.770874 -0.601563 -1.552124
0.345947 -0.368286 0.045166 1.805420 -0.544556 -1.431274
0.316040 -0.344482 0.005127 1.829102 -0.492920 -1.290039
0.295288 -0.325317 -0.036865 1.840942 -0.442627 -1.150635
0.282471 -0.302490 -0.081909 1.842773 -0.400513 -1.025024
0.270264 -0.287476 -0.113770 1.837524 -0.364990 -0.915649
0.140747 -0.285400 -0.090210 1.835083 -0.369141 -0.807129
0.256714 -0.270142 -0.180298 1.853027 -0.435913 -0.692993
0.220215 -0.234497 -0.195435 1.852295 -0.411255 -0.658813
0.171631 -0.227661 -0.229736 1.848022 -0.452759 -0.588867
0.145874 -0.246826 -0.262451 1.819214 -0.479858 -0.484497
0.152588 -0.258911 -0.284424 1.781006 -0.456177 -0.376831
0.166260 -0.273315 -0.292847 1.747070 -0.421143 -0.261353
0.196045 -0.290894 -0.308960 1.724121 -0.408691 -0.135010
0.249756 -0.301270 -0.317139 1.710327 -0.416016 -0.011597
0.308716 -0.295410 -0.321411 1.704468 -0.415649 0.087402
0.360474 -0.304932 -0.320679 1.713135 -0.408203 0.151855
0.368896 -0.325439 -0.331543 1.742554 -0.401367 0.184448
0.343018 -0.351807 -0.355103 1.793091 -0.399170 0.200562
0.310181 -0.397583 -0.401123 1.855469 -0.408936 0.224854
0.283081 -0.472412 -0.471802 1.922363 -0.423706 0.278687
0.328125 -0.537109 -0.564941 1.988770 -0.420776 0.374146
0.404785 -0.575439 -0.665894 2.045654 -0.389160 0.487915
0.508911 -0.573242 -0.784302 2.082520 -0.318604 0.591309
0.591553 -0.542236 -0.906860 2.076050 -0.232544 0.656372
0.644775 -0.500854 -1.006226 2.014526 -0.146484 0.682129
0.697510 -0.505493 -1.100464 1.910156 -0.082397 0.679077
0.789429 -0.590454 -1.176880 1.784302 -0.075073 0.667358
0.926880 -0.649902 -1.229370 1.659790 -0.118286 0.669434
1.085449 -0.666504 -1.280518 1.552856 -0.173462 0.666016
1.217163 -0.619385 -1.326172 1.452393 -0.213501 0.625977
1.285278 -0.574585 -1.339966 1.344727 -0.218994 0.539917
1.298218 -0.583008 -1.353760 1.232178 -0.156128 0.435669
1.324219 -0.609253 -1.422241 1.127563 -0.030273 0.350098
1.442749 -0.594727 -1.523926 1.015503 0.033691 0.280029
1.567017 -0.530640 -1.601807 0.875610 0.007202 0.180298
1.641113 -0.494385 -1.619507 0.712036 -0.078125 0.026123
1.636963 -0.514404 -1.593384 0.549072 -0.164551 -0.161377
1.531128 -0.574707 -1.547241 0.419556 -0.249146 -0.330078
1.405518 -0.615356 -1.528198 0.330566 -0.328857 -0.424316
1.429932 -0.710327 -1.616943 0.257935 -0.335815 -0.445679
1.308105 -0.558960 -1.482056 0.174316 -0.122559 -0.482300
1.282227 -0.480591 -1.473145 0.145264 -0.108887 -0.475220
1.283081 -0.514526 -1.501343 0.117310 -0.197632 -0.483398
1.208374 -0.524048 -1.498657 0.065552 -0.191528 -0.520020
1.134277 -0.527222 -1.479980 -0.005493 -0.083984 -0.531250
1.131592 -0.542725 -1.427246 -0.094849 0.057373 -0.507324
1.132324 -0.540649 -1.374390 -0.179199 0.210815 -0.479004
1.126709 -0.532471 -1.318848 -0.247681 0.341553 -0.478271
1.100220 -0.529053 -1.284424 -0.307373 0.424683 -0.505493
1.058472 -0.528198 -1.241577 -0.365112 0.464233 -0.539795
1.018066 -0.527954 -1.202515 -0.421387 0.487671 -0.572876
0.994141 -0.543457 -1.168213 -0.485107 0.489502 -0.599365
0.986938 -0.531616 -1.134644 -0.561401 0.447632 -0.607666
0.992310 -0.500732 -1.090088 -0.648193 0.391479 -0.618408
0.981445 -0.499878 -1.043823 -0.744629 0.356079 -0.649780
0.965942 -0.510620 -0.999268 -0.843994 0.337402 -0.681885
0.952148 -0.496460 -0.954590 -0.931763 0.351685 -0.701904
0.922974 -0.479614 -0.930664 -1.016113 0.395020 -0.731934
0.889404 -0.460571 -0.908569 -1.122314 0.459961 -0.760132
0.850220 -0.420410 -0.870972 -1.249512 0.553711 -0.784180
0.777344 -0.410156 -0.816895 -1.380859 0.666260 -0.817139
0.700684 -0.408203 -0.769287 -1.493652 0.775024 -0.851074
0.639893 -0.398926 -0.721313 -1.593750 0.837280 -0.873413
0.596558 -0.390259 -0.668457 -1.684448 0.861938 -0.886963
0.552246 -0.368774 -0.613403 -1.757568 0.852905 -0.897705
0.495605 -0.337158 -0.549927 -1.818848 0.804321 -0.904663
0.443848 -0.327515 -0.499390 -1.873901 0.754639 -0.901978
0.416870 -0.307373 -0.452271 -1.922363 0.720947 -0.880371
0.391235 -0.301147 -0.415527 -1.962158 0.679810 -0.847778
0.388184 -0.295776 -0.375610 -2.013550 0.629150 -0.805542
0.370728 -0.271851 -0.326172 -2.076782 0.621094 -0.765137
0.353394 -0.244629 -0.262817 -2.134277 0.630249 -0.732422
0.323486 -0.225708 -0.200195 -2.180542 0.616577 -0.703369
0.279419 -0.206177 -0.139404 -2.212158 0.580933 -0.688110
0.240601 -0.184082 -0.084595 -2.219360 0.523804 -0.657471
0.218994 -0.160400 -0.033447 -2.199951 0.456787 -0.618042
0.201050 -0.135010 0.018311 -2.167969 0.384155 -0.569092
0.189209 -0.103516 0.059082 -2.141602 0.327026 -0.501343
0.191650 -0.078491 0.109253 -2.120117 0.303589 -0.414429
0.192627 -0.072632 0.161987 -2.103394 0.315918 -0.317505
0.190063 -0.061157 0.225464 -2.089233 0.371704 -0.208374
0.178955 -0.037476 0.283203 -2.062988 0.462891 -0.096436
0.178345 -0.025635 0.337158 -2.018921 0.546265 0.019409
0.181641 -0.025513 0.379517 -1.953857 0.593994 0.135986
0.200806 -0.032227 0.420288 -1.866577 0.596924 0.254761
0.241455 -0.047119 0.456543 -1.766235 0.546021 0.382080
0.307861 -0.067627 0.491211 -1.662842 0.462402 0.515137
0.364258 -0.052246 0.532959 -1.559204 0.345093 0.652344
0.501465 -0.089722 0.556763 -1.458008 0.186401 0.802856
0.629517 -0.105591 0.612915 -1.352417 0.093750 0.904907
0.728638 -0.070679 0.670654 -1.223999 0.043457 0.943970
0.806152 -0.037720 0.710693 -1.066406 -0.052124 0.941040
0.865601 -0.029175 0.716309 -0.892456 -0.168579 0.912720
0.907349 -0.028687 0.694458 -0.711060 -0.254517 0.875244
0.933228 -0.031250 0.648804 -0.535889 -0.320923 0.839478
0.950195 -0.043335 0.583130 -0.383301 -0.365112 0.819214
0.984741 -0.069214 0.513184 -0.272461 -0.374512 0.834351
1.024292 -0.097900 0.467651 -0.213867 -0.325195 0.878174
1.074097 -0.113892 0.441528 -0.196533 -0.223267 0.934448
1.129761 -0.112305 0.445435 -0.189331 -0.099976 0.974976
1.147949 -0.117065 0.435059 -0.169922 -0.010986 0.978638
1.149414 -0.147949 0.415527 -0.139648 0.007202 0.959473
1.158081 -0.187134 0.390869 -0.106934 -0.027710 0.945190
1.176880 -0.209106 0.373535 -0.069214 -0.073486 0.942993
1.209961 -0.195313 0.363281 -0.021118 -0.111816 0.941284
1.251831 -0.155518 0.345215 0.036133 -0.161499 0.918823
1.298950 -0.130859 0.305298 0.099487 -0.227661 0.868164
1.333618 -0.121704 0.249512 0.148926 -0.284912 0.799561
1.358154 -0.120361 0.192627 0.169556 -0.304688 0.726440
1.365479 -0.116577 0.146118 0.158813 -0.284302 0.656006
1.361328 -0.114136 0.127563 0.126465 -0.270996 0.594116
1.355713 -0.120483 0.097656 0.084839 -0.265259 0.539795
1.337280 -0.128540 0.083862 0.034424 -0.242310 0.489380
1.322876 -0.151123 0.087524 -0.018188 -0.235107 0.456909
1.321899 -0.176636 0.106201 -0.062500 -0.241699 0.434204
1.331177 -0.192993 0.127686 -0.088989 -0.263062 0.409668
1.344849 -0.202271 0.151489 -0.090332 -0.299927 0.376831
1.346069 -0.198120 0.157959 -0.063965 -0.327515 0.332397
1.329102 -0.194580 0.136108 -0.023193 -0.333008 0.277100
1.298584 -0.191895 0.100830 0.015015 -0.333374 0.225952
1.259155 -0.179565 0.071411 0.040161 -0.326294 0.186279
1.232788 -0.175659 0.044189 0.049316 -0.305054 0.154785
1.191284 -0.183960 0.029175 0.049194 -0.296753 0.129150
1.165039 -0.177734 0.005005 0.047241 -0.290161 0.114746
1.148315 -0.174561 -0.006348 0.044434 -0.242432 0.094238
1.134399 -0.167725 -0.012817 0.043823 -0.210205 0.070190
1.123657 -0.161865 -0.034180 0.044800 -0.200684 0.049072
1.112793 -0.166504 -0.051025 0.038696 -0.170898 0.028442
1.106567 -0.164795 -0.049927 0.025146 -0.134644 0.012207
1.097290 -0.155640 -0.056885 0.011719 -0.109619 -0.000366
1.076904 -0.150513 -0.051636 -0.001831 -0.073120 -0.018677
1.064453 -0.160522 -0.046143 -0.021362 -0.041382 -0.033325
1.051758 -0.163086 -0.037231 -0.043457 -0.019775 -0.038574
1.042969 -0.171875 -0.021240 -0.061523 -0.003540 -0.040771
1.042480 -0.182495 0.004150 -0.079346 0.003906 -0.040161
1.047119 -0.185669 0.035278 -0.095215 0.003174 -0.034302
1.046997 -0.189331 0.063599 -0.099121 -0.002197 -0.030884
