0.095825 0.403809 0.032837 -0.067139 0.242676 0.396362
0.266357 0.284058 -0.078369 -0.011108 0.211060 0.497559
0.191162 0.280518 -0.020508 -0.000610 0.317749 0.517334
0.164917 0.278198 -0.045532 0.019409 0.380127 0.565674
0.079834 0.239868 -0.112061 0.035400 0.400269 0.625244
0.004517 0.225342 -0.112305 0.009277 0.472412 0.703125
0.003296 0.200562 -0.063843 -0.028809 0.470215 0.817871
0.049438 0.157837 -0.032715 -0.041016 0.355957 0.918579
0.093018 0.108887 -0.032104 -0.030029 0.213745 0.971313
0.118164 0.069214 -0.041260 -0.011841 0.079712 1.000244
0.135742 0.038574 -0.043091 0.005493 -0.006592 1.032104
0.147583 -0.003540 -0.038330 0.019775 -0.043091 1.073242
0.170410 -0.053955 -0.009644 0.031128 -0.051147 1.131226
0.192749 -0.097290 0.008789 0.049438 -0.058838 1.201050
0.204590 -0.133789 0.019653 0.081543 -0.078125 1.272705
0.215088 -0.171265 0.010864 0.122437 -0.095947 1.355713
0.233765 -0.233765 0.003662 0.162354 -0.105225 1.462769
0.282837 -0.310547 0.000366 0.195190 -0.110474 1.607788
0.304688 -0.389771 -0.022949 0.230469 -0.114258 1.780762
0.436279 -0.426758 -0.009399 0.293213 -0.230225 1.975708
0.622925 -0.484131 -0.098145 0.381226 -0.326660 2.145020
0.843506 -0.521240 -0.139282 0.487427 -0.322876 2.266235
1.074585 -0.514893 -0.210205 0.615723 -0.284180 2.374634
1.282593 -0.505249 -0.299561 0.721191 -0.146240 2.465088
1.495117 -0.471069 -0.417236 0.785034 -0.022461 2.539185
1.755005 -0.457764 -0.569336 0.816895 0.010498 2.568359
1.960205 -0.429321 -0.692627 0.816772 0.022339 2.526978
2.079224 -0.415527 -0.796021 0.779663 0.133545 2.427856
2.147827 -0.440186 -0.800415 0.702759 0.272339 2.319336
2.255981 -0.455322 -0.731201 0.596924 0.355591 2.253174
2.385254 -0.494385 -0.617798 0.508423 0.350586 2.200439
2.581909 -0.487061 -0.505005 0.485596 0.179443 2.130615
2.757446 -0.429688 -0.440308 0.544556 -0.104980 1.966187
2.835815 -0.384644 -0.429688 0.663696 -0.250000 1.656372
2.833008 -0.334717 -0.461670 0.790894 -0.186401 1.270264
2.686401 -0.325439 -0.515747 0.893311 -0.084839 0.924194
2.477905 -0.359009 -0.588257 0.969116 -0.017578 0.703491
2.363037 -0.424072 -0.713135 1.031006 -0.039307 0.614990
2.455200 -0.479370 -0.880615 1.054688 -0.060425 0.594238
2.539917 -0.463501 -1.056641 1.027710 -0.114624 0.553711
2.471313 -0.421753 -1.030029 0.920654 -0.370117 0.461548
2.492432 -0.421265 -1.162231 0.754761 -0.470947 0.355347
2.564819 -0.420166 -1.241943 0.571167 -0.561768 0.211182
2.528687 -0.438110 -1.262451 0.371948 -0.663818 -0.023193
2.423218 -0.461182 -1.225464 0.166748 -0.645386 -0.311646
2.255371 -0.491333 -1.150757 -0.031128 -0.529541 -0.583130
2.101074 -0.577393 -1.078979 -0.196289 -0.395752 -0.761475
1.991699 -0.655884 -1.023926 -0.330444 -0.227051 -0.842651
1.903564 -0.681396 -0.948730 -0.451416 -0.061157 -0.886475
1.856689 -0.683716 -0.840210 -0.546997 0.003052 -0.932739
1.812866 -0.697754 -0.798950 -0.583984 -0.009277 -1.013062
1.738281 -0.707275 -0.736694 -0.589111 -0.053467 -1.125854
1.650146 -0.680420 -0.667725 -0.577515 -0.125366 -1.241821
1.556396 -0.650269 -0.619385 -0.565430 -0.214233 -1.351563
1.453003 -0.621582 -0.569580 -0.579224 -0.282227 -1.447754
1.344360 -0.595947 -0.530273 -0.618896 -0.330688 -1.518677
1.247559 -0.564941 -0.490356 -0.677856 -0.356934 -1.561890
1.153931 -0.527710 -0.443726 -0.748047 -0.330078 -1.588989
1.070068 -0.491211 -0.391724 -0.821655 -0.267212 -1.609009
0.986450 -0.445923 -0.329834 -0.883057 -0.208130 -1.630859
0.905396 -0.411255 -0.278442 -0.923340 -0.129395 -1.661011
0.831421 -0.399292 -0.250977 -0.956787 -0.024780 -1.680298
0.705811 -0.309937 -0.210449 -0.989258 0.029907 -1.684204
0.643921 -0.293701 -0.182861 -1.028442 -0.015137 -1.659790
0.582031 -0.314819 -0.143555 -1.073608 -0.043701 -1.623657
0.526978 -0.259277 -0.087646 -1.091309 -0.028809 -1.574829
0.455078 -0.197388 -0.055908 -1.065552 -0.013428 -1.530273
0.370850 -0.187134 -0.046997 -1.015015 0.002686 -1.490601
0.290771 -0.184448 -0.036743 -0.966064 0.028076 -1.425049
0.244385 -0.147949 -0.015625 -0.909424 0.024170 -1.319702
0.244507 -0.096069 -0.003662 -0.830322 -0.004272 -1.205933
0.254272 -0.041870 -0.005615 -0.755371 -0.019409 -1.102173
0.291626 0.063110 0.020142 -0.711060 0.012451 -1.008545
0.349731 0.089355 0.007202 -0.710938 0.230591 -0.947266
0.223877 0.139526 -0.035156 -0.722900 0.558105 -0.930664
0.124268 0.249023 -0.042847 -0.716187 0.696533 -0.906982
0.053711 0.232666 -0.104370 -0.735840 0.611572 -0.870605
0.021851 0.261841 -0.092651 -0.772339 0.376343 -0.796753
-0.016602 0.253540 -0.058105 -0.815552 0.234131 -0.720947
-0.070435 0.248047 -0.054199 -0.827637 0.207520 -0.638428
-0.104248 0.247559 -0.047485 -0.809814 0.178467 -0.535278
-0.111328 0.266235 -0.046021 -0.783691 0.093750 -0.422119
-0.106323 0.281372 -0.039673 -0.762207 -0.002319 -0.308838
-0.089844 0.301025 -0.020508 -0.749512 -0.061523 -0.194946
-0.067993 0.326294 0.002808 -0.755249 -0.080933 -0.082031
-0.054810 0.329590 0.020020 -0.770386 -0.073853 0.021729
-0.035034 0.328369 0.045166 -0.791138 -0.063477 0.117065
-0.018555 0.312988 0.065308 -0.813965 -0.037964 0.209229
-0.003540 0.279053 0.079468 -0.832886 0.008789 0.300537
0.014160 0.240112 0.097290 -0.858154 0.056763 0.400757
0.052124 0.212646 0.138184 -0.886353 0.101440 0.515503
0.092773 0.192139 0.176025 -0.894409 0.121704 0.631592
0.127441 0.178833 0.204346 -0.875000 0.104370 0.739990
0.165039 0.179810 0.227783 -0.830078 0.058350 0.833740
0.200073 0.165771 0.240112 -0.767944 -0.003906 0.910889
0.237427 0.149658 0.253784 -0.692505 -0.071655 0.981689
0.280762 0.104126 0.238647 -0.607300 -0.139038 1.054077
0.347778 0.040405 0.226929 -0.533691 -0.210815 1.138916
0.437134 -0.008545 0.213501 -0.488159 -0.263306 1.237793
0.559326 -0.074219 0.199585 -0.470581 -0.289795 1.343628
0.715576 -0.109253 0.229126 -0.466309 -0.303467 1.462158
0.861572 -0.065674 0.276611 -0.442749 -0.301270 1.568237
0.954834 0.005981 0.303833 -0.377319 -0.281738 1.615479
1.024414 0.036377 0.283447 -0.288452 -0.257690 1.590698
1.021484 0.019775 0.222656 -0.196899 -0.204346 1.504761
0.987549 -0.040649 0.141724 -0.123901 -0.175537 1.415894
0.945313 -0.131104 0.067749 -0.076294 -0.188354 1.377808
0.984009 -0.238403 0.019897 -0.057373 -0.259766 1.421631
1.130371 -0.323853 0.013184 -0.051880 -0.347046 1.531372
1.337646 -0.381348 0.016357 -0.030518 -0.427246 1.647583
1.558716 -0.350220 0.041748 -0.004395 -0.450806 1.734131
1.726074 -0.300293 0.028687 0.029053 -0.335571 1.737671
1.761475 -0.212402 0.027222 0.051147 -0.096802 1.622559
1.683838 -0.142700 0.016357 0.061401 0.162476 1.433594
1.591431 -0.167358 -0.043213 0.086304 0.270874 1.245239
1.541870 -0.256104 -0.133667 0.132568 0.160034 1.094604
1.551880 -0.303345 -0.222290 0.191284 -0.045166 0.985229
1.602051 -0.327637 -0.296997 0.248535 -0.188354 0.894897
1.672119 -0.327148 -0.317871 0.266357 -0.242432 0.812256
1.738281 -0.290894 -0.286133 0.229370 -0.280884 0.738403
1.781494 -0.303345 -0.224976 0.151611 -0.299561 0.667847
1.788818 -0.297607 -0.139648 0.054443 -0.259399 0.593628
1.747437 -0.282349 -0.067749 -0.032227 -0.150635 0.504761
1.670166 -0.287598 -0.032715 -0.079956 -0.041016 0.411011
1.581055 -0.298584 -0.019409 -0.085815 0.016602 0.327759
1.524414 -0.290039 -0.031860 -0.054688 -0.015625 0.257202
1.482910 -0.297852 -0.082275 0.005859 -0.096069 0.202271
1.501709 -0.302490 -0.138672 0.081543 -0.198608 0.165161
1.550171 -0.293701 -0.193848 0.152100 -0.289429 0.128418
1.595825 -0.272217 -0.245728 0.201294 -0.358643 0.075073
1.600586 -0.270996 -0.265747 0.217407 -0.362671 -0.005005
1.557007 -0.257324 -0.265991 0.196045 -0.345093 -0.089478
1.462646 -0.262329 -0.257813 0.155396 -0.351318 -0.159424
1.364380 -0.278320 -0.269531 0.109253 -0.343506 -0.208130
1.275879 -0.309082 -0.267090 0.064941 -0.284912 -0.230591
1.204224 -0.324341 -0.246948 0.034302 -0.206665 -0.223022
1.156128 -0.327759 -0.221069 0.020020 -0.119263 -0.194092
1.130249 -0.317505 -0.184326 0.011597 -0.042358 -0.168335
1.119507 -0.309692 -0.148682 0.001831 0.003662 -0.153198
1.103394 -0.303955 -0.110107 -0.004761 0.019775 -0.147705
1.085571 -0.297119 -0.078613 0.003296 0.024414 -0.147949
1.073853 -0.296753 -0.060669 0.029297 0.015869 -0.148560
1.067993 -0.297729 -0.063721 0.072998 -0.001953 -0.144531
1.064209 -0.296631 -0.076172 0.119141 -0.030518 -0.135864
1.065063 -0.294800 -0.100342 0.155640 -0.068604 -0.121582
1.076538 -0.283936 -0.118286 0.174805 -0.103516 -0.102417
1.093018 -0.271484 -0.125366 0.175171 -0.122681 -0.079102
1.109009 -0.256104 -0.116211 0.164063 -0.124146 -0.060181
1.115601 -0.246216 -0.099365 0.150269 -0.118530 -0.049927
1.115234 -0.237671 -0.079712 0.142090 -0.115356 -0.043091
