0.003052 0.261475 -0.061523 -0.313721 -0.309692 0.139893
0.069702 0.240479 -0.096069 -0.278809 -0.274292 0.255127
0.042725 0.260498 -0.091309 -0.259277 -0.160156 0.320313
0.031128 0.261353 -0.106079 -0.235962 -0.083252 0.388062
0.015381 0.221313 -0.089844 -0.225098 -0.022217 0.436768
0.002197 0.196655 -0.061523 -0.208374 -0.035889 0.465820
-0.007080 0.158447 -0.028809 -0.177734 -0.072144 0.484985
-0.023560 0.121948 -0.016113 -0.144897 -0.074829 0.516846
-0.049072 0.084106 0.008545 -0.121826 -0.052856 0.562744
-0.071899 0.047607 0.025757 -0.105713 -0.037598 0.618164
-0.079712 0.008423 0.031128 -0.092285 -0.025757 0.685791
-0.083130 -0.033569 0.034424 -0.074707 -0.003418 0.762695
-0.090820 -0.074585 0.028320 -0.053467 0.013306 0.848389
-0.091431 -0.128296 0.027832 -0.028442 0.000977 0.946411
-0.083862 -0.203003 0.018799 0.002075 -0.056396 1.063843
-0.074341 -0.263550 0.019897 0.043335 -0.164917 1.215454
-0.032104 -0.316772 0.033203 0.102295 -0.269409 1.408447
0.046387 -0.376709 0.058960 0.174805 -0.358521 1.642700
0.159790 -0.415405 0.091919 0.266724 -0.435913 1.891479
0.309570 -0.443970 0.130005 0.406860 -0.476318 2.126465
0.452271 -0.437744 0.075928 0.624390 -0.575195 2.344116
0.670288 -0.511108 -0.038208 0.887695 -0.730713 2.539795
0.917725 -0.607910 -0.214600 1.140869 -0.893555 2.699585
1.261230 -0.672607 -0.435059 1.340210 -1.013794 2.876709
1.752808 -0.635254 -0.607422 1.503906 -1.080933 3.035034
2.186768 -0.493408 -0.796875 1.682373 -1.112793 3.031738
2.418213 -0.275024 -0.975708 1.835571 -0.923584 2.777344
2.508545 -0.144043 -1.135010 1.912109 -0.609619 2.356934
2.571167 -0.168213 -1.283813 1.872192 -0.508545 1.981934
2.603394 -0.119141 -1.332886 1.710205 -0.572266 1.781128
2.560059 -0.152710 -1.290527 1.501587 -0.506226 1.748901
2.531128 -0.293579 -1.185059 1.308960 -0.240845 1.820923
2.615601 -0.421875 -1.067261 1.187622 -0.069458 1.902100
2.688232 -0.423706 -1.054932 1.195190 -0.304443 1.903687
2.782837 -0.414307 -1.170166 1.309448 -0.472778 1.742188
2.988403 -0.351929 -1.472290 1.424561 -0.427612 1.488525
3.149048 -0.256714 -1.816284 1.437622 -0.484253 1.161743
3.178833 -0.168823 -2.071289 1.262085 -0.612305 0.734253
3.076050 -0.103882 -2.178955 0.879395 -0.694214 0.253296
2.840942 -0.136230 -2.146973 0.382935 -0.699097 -0.199219
2.549927 -0.284546 -2.027710 -0.080322 -0.636597 -0.534668
2.270264 -0.412231 -1.879883 -0.430420 -0.559204 -0.736450
2.103027 -0.566528 -1.756104 -0.661011 -0.597412 -0.845093
1.980225 -0.643799 -1.649658 -0.796631 -0.646118 -0.928467
1.901489 -0.662598 -1.563232 -0.857788 -0.611206 -1.021484
1.866333 -0.647949 -1.498169 -0.890625 -0.480713 -1.135376
1.816895 -0.627808 -1.418457 -0.955078 -0.374268 -1.245483
1.784058 -0.643311 -1.361572 -1.062012 -0.278564 -1.313232
1.752686 -0.653198 -1.298462 -1.196655 -0.129272 -1.359497
1.683105 -0.671143 -1.213623 -1.330933 -0.006592 -1.412109
1.568115 -0.676270 -1.126221 -1.449219 0.110229 -1.479736
1.417114 -0.681641 -1.033325 -1.539795 0.269287 -1.555786
1.302124 -0.711914 -0.929321 -1.611938 0.355713 -1.602173
1.177368 -0.726929 -0.814819 -1.675903 0.376221 -1.638428
1.065186 -0.715210 -0.687012 -1.718262 0.387329 -1.678101
0.935425 -0.668091 -0.578369 -1.729004 0.374512 -1.716309
0.789429 -0.608887 -0.461060 -1.717041 0.319336 -1.744995
0.634644 -0.546509 -0.363403 -1.690063 0.234619 -1.770386
0.483276 -0.515381 -0.284424 -1.671387 0.171509 -1.775879
0.355469 -0.455200 -0.209229 -1.662109 0.130493 -1.745117
0.248169 -0.389160 -0.130371 -1.646118 0.124512 -1.689941
0.161987 -0.356201 -0.063599 -1.620605 0.150269 -1.622925
0.116333 -0.308228 0.015747 -1.588013 0.167114 -1.551025
0.054199 -0.230347 0.095215 -1.546021 0.140259 -1.494873
-0.017944 -0.170776 0.126099 -1.498657 0.099976 -1.454346
-0.076294 -0.118652 0.144165 -1.469849 0.082886 -1.402100
-0.144409 -0.070801 0.169922 -1.447144 0.092407 -1.339966
-0.220459 -0.044678 0.189209 -1.411255 0.097412 -1.269531
-0.317627 -0.040894 0.194336 -1.361084 0.093018 -1.177246
-0.387207 -0.025391 0.212402 -1.301147 0.044434 -1.048950
-0.433960 0.005127 0.229858 -1.233887 -0.029663 -0.893066
-0.457153 0.041382 0.239746 -1.161133 -0.089600 -0.731323
-0.433594 0.074341 0.263184 -1.097412 -0.136963 -0.562378
-0.385620 0.084351 0.298096 -1.039795 -0.171631 -0.393311
-0.338013 0.099731 0.323242 -0.966797 -0.199707 -0.236450
-0.292603 0.109985 0.342529 -0.874390 -0.212280 -0.099487
-0.259888 0.119507 0.347778 -0.778442 -0.207886 0.023438
-0.250000 0.119507 0.330078 -0.691162 -0.192627 0.146484
-0.256836 0.103149 0.298950 -0.616089 -0.178345 0.276245
-0.273560 0.076782 0.258057 -0.553467 -0.157959 0.419067
-0.285889 0.050415 0.224121 -0.493530 -0.154419 0.586426
-0.271484 0.005005 0.198975 -0.430786 -0.201172 0.783325
-0.209229 -0.060913 0.170898 -0.359131 -0.282349 1.009521
-0.096802 -0.099609 0.157715 -0.277222 -0.350830 1.240845
0.033447 -0.124268 0.136841 -0.181763 -0.389282 1.448120
0.160034 -0.146484 0.112061 -0.086548 -0.413086 1.620850
0.273682 -0.151245 0.083984 -0.012573 -0.406616 1.761475
0.357178 -0.150757 0.067993 0.040771 -0.386230 1.869507
0.414429 -0.187378 0.050415 0.078735 -0.357910 1.948608
0.479126 -0.248291 0.026123 0.108765 -0.335083 2.021362
0.560181 -0.321289 0.005615 0.132813 -0.318359 2.111450
0.708130 -0.414795 -0.027466 0.159180 -0.317993 2.233398
0.941528 -0.424316 -0.054688 0.182617 -0.319336 2.367310
1.190186 -0.333618 -0.042603 0.203125 -0.295288 2.438599
1.374634 -0.261108 -0.046875 0.222534 -0.243652 2.402344
1.521851 -0.239502 -0.060669 0.237793 -0.214844 2.268555
1.578369 -0.229248 -0.110718 0.272705 -0.256958 2.059448
1.584595 -0.277100 -0.192871 0.353027 -0.365112 1.818359
1.655518 -0.371826 -0.246460 0.471191 -0.533813 1.623291
1.764648 -0.422119 -0.285767 0.605591 -0.715088 1.511353
1.886230 -0.445557 -0.359253 0.716675 -0.764404 1.480225
1.981323 -0.404785 -0.399292 0.752441 -0.585815 1.533447
2.004639 -0.321777 -0.383789 0.712646 -0.177734 1.638550
1.909302 -0.282227 -0.338379 0.638184 0.368286 1.718994
1.788574 -0.306519 -0.306763 0.565674 0.928101 1.762939
1.829712 -0.325928 -0.328735 0.524536 1.177612 1.786011
1.916016 -0.194824 -0.421265 0.506348 0.779175 1.738525
1.931274 -0.098633 -0.580933 0.467407 0.254150 1.512695
1.927734 -0.196533 -0.732666 0.377075 0.092529 1.163818
1.985474 -0.374756 -0.693359 0.232300 0.072998 0.865967
2.057861 -0.406616 -0.525391 0.102783 -0.126343 0.678955
2.075928 -0.353271 -0.354980 0.045044 -0.408447 0.511108
2.026855 -0.355591 -0.242920 0.037964 -0.617554 0.318848
1.926758 -0.375977 -0.195679 0.035156 -0.740234 0.149536
1.791382 -0.380249 -0.184570 0.050781 -0.741943 0.031738
1.650024 -0.369995 -0.202026 0.093262 -0.651611 -0.047974
1.519287 -0.383057 -0.242676 0.135864 -0.557861 -0.105713
1.412476 -0.389526 -0.303467 0.155884 -0.552246 -0.134277
1.343628 -0.376221 -0.341797 0.152710 -0.608643 -0.136475
1.305420 -0.371948 -0.387207 0.135376 -0.636963 -0.128662
1.294678 -0.387085 -0.407104 0.109619 -0.629272 -0.109131
1.300171 -0.368408 -0.392700 0.083130 -0.571533 -0.079590
1.301514 -0.342651 -0.369385 0.069824 -0.452515 -0.059082
1.263062 -0.316650 -0.340698 0.078491 -0.345215 -0.063965
1.199707 -0.304077 -0.349854 0.092163 -0.266724 -0.089111
1.147705 -0.328857 -0.344482 0.110474 -0.174316 -0.122559
1.064453 -0.313843 -0.266479 0.134399 -0.109375 -0.135498
1.013672 -0.312622 -0.366821 0.165527 0.162476 -0.128784
0.995483 -0.265625 -0.344360 0.187500 0.100342 -0.120605
0.918335 -0.287476 -0.410400 0.175903 -0.041138 -0.165894
0.915405 -0.293457 -0.424194 0.154663 0.039307 -0.182739
0.933472 -0.300049 -0.415283 0.139160 0.132202 -0.147461
0.955566 -0.305176 -0.393677 0.112793 0.190796 -0.092041
0.974854 -0.305786 -0.373413 0.060303 0.232910 -0.043213
0.979980 -0.310059 -0.344727 0.005005 0.250366 -0.009888
0.979126 -0.312744 -0.317627 -0.031982 0.294067 0.024292
0.979736 -0.312866 -0.296021 -0.050659 0.372070 0.057251
0.979492 -0.308472 -0.279663 -0.063599 0.435181 0.079956
0.978271 -0.311157 -0.271484 -0.076050 0.457520 0.087280
0.980591 -0.310913 -0.262329 -0.081665 0.442871 0.078735
0.986450 -0.313354 -0.259399 -0.078979 0.401611 0.063599
0.995972 -0.314453 -0.266479 -0.073242 0.338013 0.044189
1.002319 -0.316284 -0.265747 -0.074585 0.276855 0.021606
0.993652 -0.316162 -0.264526 -0.081055 0.233398 -0.004150
0.979614 -0.321777 -0.263916 -0.088135 0.184082 -0.034180
0.970215 -0.336182 -0.254150 -0.097412 0.119263 -0.063599
0.953247 -0.342163 -0.244873 -0.108765 0.072998 -0.075562
0.945313 -0.359009 -0.229370 -0.116577 0.051025 -0.074707
0.942749 -0.373901 -0.209839 -0.120605 0.043945 -0.064331
0.937378 -0.369141 -0.198853 -0.123901 0.049683 -0.036499
