0.124268 0.068115 0.513672 0.127686 -0.578979 0.265625
0.205078 -0.009888 0.454712 0.210083 -0.662109 0.417603
0.216309 0.015625 0.499878 0.249878 -0.583008 0.536377
0.232056 0.007324 0.499146 0.303467 -0.507935 0.685791
0.154419 -0.056519 0.524170 0.357544 -0.462158 0.864990
0.231934 -0.125244 0.530273 0.431641 -0.464600 1.082886
0.340332 -0.166992 0.510742 0.523193 -0.519165 1.246948
0.401611 -0.218140 0.442627 0.627319 -0.595215 1.338745
0.448975 -0.277100 0.360107 0.735229 -0.629517 1.378174
0.484253 -0.314819 0.261230 0.836792 -0.639648 1.368652
0.514282 -0.341675 0.155762 0.935669 -0.650757 1.325806
0.540771 -0.413330 0.053833 1.018188 -0.638672 1.308716
0.594360 -0.501465 -0.043945 1.085815 -0.553955 1.367310
0.686157 -0.575439 -0.161743 1.164917 -0.396973 1.481079
0.798950 -0.639404 -0.323486 1.252441 -0.236084 1.615356
0.919922 -0.671509 -0.527588 1.319458 -0.128296 1.747559
1.057617 -0.659302 -0.753540 1.362549 -0.088745 1.851196
1.211792 -0.627319 -1.026489 1.377441 -0.090454 1.903809
1.364502 -0.603271 -1.306152 1.335327 -0.105591 1.890503
1.500244 -0.576172 -1.536133 1.215210 -0.092285 1.829224
1.611084 -0.579346 -1.685059 1.006714 -0.079224 1.741577
1.695313 -0.589478 -1.694824 0.679321 -0.100830 1.655518
1.819092 -0.589111 -1.620361 0.291382 -0.118164 1.614502
1.937744 -0.584229 -1.487549 -0.075928 -0.041016 1.628052
1.929077 -0.598877 -1.307251 -0.368042 0.136475 1.659546
2.080566 -0.559204 -1.188599 -0.555664 0.245361 1.682129
2.179565 -0.519409 -1.089478 -0.691040 0.447876 1.621460
2.233887 -0.472534 -1.070068 -0.783447 0.562988 1.527954
2.243042 -0.388184 -1.063965 -0.877930 0.725586 1.419312
2.260254 -0.337280 -1.039063 -1.008179 0.906982 1.291992
2.277100 -0.315186 -1.009399 -1.197021 0.997925 1.159790
2.304443 -0.324707 -0.939819 -1.440186 1.048096 1.027100
2.355103 -0.361694 -0.823730 -1.704590 1.073242 0.907593
2.397095 -0.385498 -0.666260 -1.978760 1.067993 0.799927
2.460449 -0.465088 -0.455811 -2.247314 1.106567 0.704224
2.525513 -0.580322 -0.200562 -2.467163 1.157593 0.591187
2.558716 -0.676270 0.075073 -2.590332 1.163452 0.428589
2.576538 -0.728882 0.322388 -2.613403 1.175171 0.211182
2.583374 -0.745117 0.567017 -2.536255 1.177490 -0.048218
2.530151 -0.778687 0.757202 -2.382324 1.176758 -0.331787
2.415771 -0.833862 0.893311 -2.179077 1.171265 -0.620361
2.271606 -0.883667 0.983521 -1.932983 1.162476 -0.886597
2.113770 -0.928223 1.036133 -1.658691 1.162598 -1.123657
1.946777 -0.968262 1.051514 -1.384399 1.146973 -1.332397
1.800415 -0.983276 1.054077 -1.122803 1.118896 -1.507202
1.658691 -0.974609 1.049316 -0.867188 1.080566 -1.653809
1.500366 -0.966553 1.002563 -0.614380 1.019409 -1.788452
1.335083 -0.955322 0.945190 -0.384644 0.992920 -1.912720
1.167847 -0.917358 0.889038 -0.166260 0.943848 -2.005859
1.018188 -0.871948 0.815063 0.046875 0.845825 -2.073975
0.896118 -0.827393 0.715332 0.238770 0.710938 -2.139282
0.783569 -0.754150 0.592529 0.387329 0.573853 -2.201660
0.667847 -0.692749 0.497681 0.478638 0.483521 -2.249512
0.547974 -0.617188 0.408691 0.527954 0.419067 -2.274658
0.423462 -0.557373 0.325684 0.545166 0.394531 -2.276367
0.299316 -0.502563 0.260742 0.531982 0.365234 -2.240356
0.191162 -0.436646 0.210205 0.488770 0.352661 -2.158813
0.107178 -0.370483 0.199829 0.429077 0.391479 -2.040161
0.050781 -0.326050 0.210693 0.374268 0.408813 -1.900146
-0.008667 -0.290161 0.221191 0.334229 0.401245 -1.762329
-0.056885 -0.249878 0.234253 0.309814 0.382446 -1.620850
-0.085327 -0.186646 0.250366 0.299927 0.356445 -1.474854
-0.103394 -0.140259 0.281860 0.305908 0.319946 -1.334961
-0.131348 -0.104370 0.303833 0.327759 0.287354 -1.200806
-0.166016 -0.070435 0.305786 0.366943 0.264771 -1.067139
-0.193115 -0.039185 0.287842 0.419922 0.240234 -0.935059
-0.228149 -0.010254 0.254883 0.471191 0.196289 -0.803467
-0.249390 0.008545 0.228882 0.511963 0.143921 -0.664917
-0.253174 0.018921 0.194702 0.545288 0.087280 -0.523926
-0.242554 0.020752 0.160767 0.570923 0.014893 -0.379272
-0.222900 0.007446 0.115723 0.582031 -0.063354 -0.226807
-0.201660 0.001587 0.083984 0.572388 -0.132935 -0.062866
-0.169434 -0.007446 0.059814 0.552368 -0.186035 0.104736
-0.124512 -0.019165 0.045288 0.532104 -0.230835 0.265625
-0.082886 -0.029541 0.032837 0.511963 -0.277710 0.412476
-0.044922 -0.041260 0.031616 0.494629 -0.320557 0.538818
-0.006714 -0.050537 0.026123 0.484985 -0.352539 0.643677
0.042236 -0.057495 0.014404 0.487061 -0.375000 0.726318
0.083252 -0.065918 0.013916 0.501221 -0.401611 0.778809
0.102295 -0.091431 -0.008789 0.523071 -0.433350 0.809814
0.136719 -0.133789 -0.040405 0.548340 -0.477295 0.838379
0.206787 -0.180054 -0.098511 0.567017 -0.546143 0.873047
0.284912 -0.223877 -0.167358 0.556641 -0.633301 0.916382
0.379517 -0.256348 -0.241333 0.509277 -0.706665 0.974365
0.517944 -0.269897 -0.318604 0.430420 -0.748047 1.048218
0.638794 -0.263550 -0.384766 0.333130 -0.736572 1.119019
0.699585 -0.284546 -0.406738 0.235229 -0.634033 1.182129
0.767578 -0.323975 -0.379883 0.160522 -0.498413 1.256836
0.866455 -0.331665 -0.341553 0.129639 -0.452637 1.342163
0.983398 -0.309814 -0.317627 0.161499 -0.506958 1.413574
1.113525 -0.258667 -0.329468 0.249023 -0.602661 1.450806
1.223999 -0.198853 -0.371338 0.375122 -0.697876 1.440430
1.293945 -0.162964 -0.438232 0.519531 -0.794556 1.377563
1.347778 -0.145752 -0.529663 0.649292 -0.895264 1.294800
1.459717 -0.241333 -0.715088 0.724365 -0.973145 1.234375
1.443237 -0.181152 -0.774658 0.694214 -0.866943 1.225220
1.527100 -0.183350 -0.809204 0.597046 -0.795776 1.398071
1.699463 -0.205444 -0.801636 0.453979 -0.597900 1.614502
1.756348 -0.167603 -0.729858 0.306519 -0.336304 1.707397
1.778320 -0.107910 -0.642822 0.208130 -0.110229 1.728149
1.787964 -0.074463 -0.594727 0.169922 0.005859 1.688232
1.801147 -0.074463 -0.578491 0.168457 -0.012817 1.588623
1.817749 -0.075806 -0.617798 0.177979 -0.108398 1.451294
1.779907 -0.099609 -0.640991 0.172729 -0.213379 1.306274
1.739136 -0.115601 -0.633179 0.144287 -0.266113 1.203613
1.710083 -0.127197 -0.632935 0.111084 -0.314209 1.126709
1.627197 -0.164063 -0.627686 0.075317 -0.387573 1.061523
1.552246 -0.199097 -0.616455 0.033203 -0.461182 1.027466
1.534180 -0.215698 -0.616821 -0.004028 -0.567017 1.010010
1.516357 -0.246948 -0.568237 -0.037231 -0.691650 0.991821
1.471680 -0.276489 -0.494019 -0.078125 -0.557739 0.993652
1.456055 -0.307129 -0.399414 -0.126587 -0.107910 0.992676
1.454834 -0.367676 -0.312866 -0.164429 0.312988 0.959351
1.411987 -0.436646 -0.255737 -0.188110 0.510864 0.937256
1.369385 -0.461304 -0.196167 -0.197266 0.620483 0.939331
1.356689 -0.464722 -0.133667 -0.187134 0.705200 0.916504
1.358032 -0.469849 -0.103394 -0.158081 0.704834 0.832764
1.345581 -0.473511 -0.111084 -0.124023 0.594849 0.699829
1.300537 -0.463257 -0.117676 -0.093628 0.411743 0.544556
1.252441 -0.466064 -0.123047 -0.072388 0.247803 0.388550
1.200562 -0.476196 -0.115723 -0.056396 0.088623 0.247559
1.158447 -0.489502 -0.106323 -0.044312 -0.063354 0.130249
1.105713 -0.511475 -0.081299 -0.039795 -0.177856 0.050415
1.095947 -0.533936 -0.092041 -0.049805 -0.179077 0.023804
1.089722 -0.547119 -0.075684 -0.060181 -0.168945 0.036865
1.085205 -0.551514 -0.059692 -0.065308 -0.118774 0.071289
1.099243 -0.559570 -0.052979 -0.064819 -0.011719 0.109497
1.117676 -0.562256 -0.045898 -0.054932 0.099487 0.136353
1.142212 -0.558594 -0.051514 -0.031128 0.176147 0.141235
1.144409 -0.543579 -0.073242 0.007202 0.211792 0.115234
1.144043 -0.527832 -0.115234 0.051147 0.200562 0.065063
1.126709 -0.507813 -0.149902 0.087158 0.146118 -0.003784
1.097778 -0.505005 -0.184082 0.109497 0.088989 -0.078613
1.057251 -0.502319 -0.207275 0.123169 0.053345 -0.144165
1.017090 -0.503906 -0.217407 0.129883 0.038086 -0.191650
0.984863 -0.505493 -0.232910 0.129761 0.029175 -0.215088
0.958496 -0.507080 -0.240845 0.120972 0.028076 -0.215454
0.940552 -0.505493 -0.241821 0.108398 0.041260 -0.199707
0.927490 -0.500488 -0.243652 0.095337 0.060181 -0.174561
0.910156 -0.502686 -0.239258 0.082642 0.065552 -0.145996
0.909424 -0.502563 -0.248169 0.072388 0.061401 -0.120117
0.908813 -0.487305 -0.234009 0.063843 0.052734 -0.104248
0.911987 -0.479004 -0.227539 0.056274 0.045532 -0.100342
0.907349 -0.474854 -0.209229 0.054077 0.024414 -0.106323
0.893188 -0.473145 -0.198730 0.057495 -0.005249 -0.118774
0.877197 -0.474731 -0.186768 0.065918 -0.032715 -0.126465
0.872559 -0.472168 -0.185791 0.075073 -0.053955 -0.126221
0.862305 -0.470215 -0.190308 0.081299 -0.065430 -0.122437
0.853027 -0.468872 -0.194214 0.078491 -0.060181 -0.113892
0.845825 -0.470581 -0.197632 0.067993 -0.044189 -0.095093
