0.256836 0.478271 0.197266 -0.164551 0.127319 0.307251
0.283203 0.368408 0.210815 -0.140015 0.147949 0.356689
0.262451 0.344604 0.139282 -0.114014 0.118042 0.359741
0.234619 0.333984 0.111328 -0.093384 0.151367 0.362549
0.212524 0.270874 0.038818 -0.074829 0.078979 0.357056
0.151489 0.274170 0.100464 -0.110107 -0.091309 0.314697
0.065063 0.261841 0.100464 -0.130005 -0.137085 0.270142
0.032593 0.205566 0.076172 -0.122559 -0.171509 0.295288
0.005249 0.126465 0.096313 -0.139526 -0.136108 0.316040
-0.032837 0.062256 0.112183 -0.157593 -0.115356 0.321533
-0.077881 0.019409 0.138794 -0.168701 -0.137695 0.334839
-0.115845 -0.018066 0.143921 -0.179443 -0.175537 0.370728
-0.211914 -0.051147 0.101074 -0.201172 -0.200073 0.445679
-0.225586 -0.120972 0.040161 -0.250000 -0.173828 0.583740
-0.229126 -0.171875 0.048828 -0.318848 -0.150146 0.742920
-0.220459 -0.204590 0.054321 -0.369629 -0.187500 0.904419
-0.191284 -0.248291 0.037598 -0.391357 -0.304565 1.058594
-0.139771 -0.287109 0.020996 -0.399780 -0.486084 1.203003
-0.071289 -0.328003 0.019043 -0.398926 -0.689697 1.333496
0.013428 -0.389771 0.018799 -0.381592 -0.896118 1.458008
0.113159 -0.460327 0.011841 -0.374634 -1.052368 1.595459
0.225464 -0.550049 -0.006104 -0.424072 -1.094604 1.771606
0.379761 -0.648926 0.066162 -0.541748 -0.983276 1.989624
0.549438 -0.690063 0.142822 -0.660645 -0.889160 2.237061
0.739502 -0.724854 0.206543 -0.743530 -0.762207 2.472534
0.995728 -0.736938 0.231689 -0.768677 -0.669556 2.654053
1.301147 -0.715210 0.272339 -0.733032 -0.700928 2.749390
1.635742 -0.690430 0.291992 -0.634033 -0.867676 2.740967
1.920654 -0.650513 0.300171 -0.501587 -1.089966 2.630371
2.123413 -0.586060 0.310059 -0.374878 -1.258179 2.443237
2.221802 -0.522827 0.331299 -0.270874 -1.306030 2.235840
2.249512 -0.502808 0.343750 -0.171631 -1.269531 2.053711
2.261230 -0.505981 0.346802 -0.088867 -1.267944 1.931519
2.281738 -0.497437 0.349243 -0.026367 -1.301514 1.878418
2.320068 -0.507202 0.351440 0.039063 -1.369019 1.868164
2.515381 -0.564209 0.276245 0.140991 -1.511597 1.896362
2.805420 -0.554810 0.172607 0.265625 -1.515381 1.906738
3.060425 -0.496704 0.097290 0.364868 -1.194580 1.804932
3.306396 -0.384888 0.025391 0.392212 -0.794678 1.583984
3.434570 -0.284424 -0.054932 0.359619 -0.587036 1.256592
3.412231 -0.265137 -0.107910 0.311646 -0.484131 0.876343
3.322144 -0.277222 -0.153198 0.283203 -0.413086 0.492798
3.159912 -0.292358 -0.193237 0.281128 -0.362915 0.119629
2.941162 -0.306763 -0.223389 0.299072 -0.305908 -0.200195
2.719971 -0.329834 -0.279541 0.331421 -0.235840 -0.441650
2.519043 -0.378296 -0.352539 0.371216 -0.170288 -0.624023
2.356689 -0.431763 -0.431274 0.396606 -0.093872 -0.753540
2.236328 -0.467651 -0.460938 0.375244 0.024292 -0.838501
2.161743 -0.496826 -0.445801 0.293457 0.190430 -0.872314
2.128784 -0.509888 -0.401611 0.174438 0.364258 -0.860107
2.117920 -0.523438 -0.330811 0.050903 0.537109 -0.834351
2.094360 -0.527344 -0.262695 -0.048096 0.725830 -0.837646
2.051758 -0.530884 -0.218628 -0.101929 0.877808 -0.900513
1.992188 -0.527466 -0.173950 -0.115112 0.947754 -1.028198
1.924072 -0.532837 -0.128052 -0.098999 0.966553 -1.204224
1.834351 -0.538574 -0.085571 -0.057251 0.933350 -1.406250
1.703247 -0.558960 -0.060669 0.006836 0.851929 -1.610229
1.539063 -0.576660 -0.062134 0.072144 0.718506 -1.784912
1.365845 -0.566528 -0.076904 0.116455 0.570801 -1.917847
1.207520 -0.543701 -0.087524 0.124146 0.462646 -2.003662
1.074341 -0.509399 -0.092163 0.085571 0.409668 -2.041016
0.955566 -0.458374 -0.067627 0.015991 0.426270 -2.057373
0.838257 -0.411011 -0.026001 -0.059082 0.493042 -2.070190
0.730469 -0.366577 0.009399 -0.117554 0.573975 -2.092651
0.606201 -0.333008 0.031250 -0.153198 0.647949 -2.125488
0.488403 -0.305908 0.045654 -0.171265 0.692139 -2.154663
0.369629 -0.287598 0.051025 -0.189209 0.700684 -2.164673
0.270508 -0.261963 0.078491 -0.217041 0.702026 -2.145386
0.177856 -0.214233 0.129639 -0.233887 0.698364 -2.102905
-0.105103 -0.116821 0.139526 -0.221191 0.654053 -2.038452
-0.007568 -0.114868 0.108887 -0.200317 0.465942 -1.897095
-0.054443 -0.125244 0.168823 -0.189331 0.383545 -1.817871
-0.111450 -0.066650 0.108154 -0.153442 0.329102 -1.711304
-0.169556 -0.049072 0.077759 -0.121216 0.317383 -1.581299
-0.201294 -0.005127 0.044922 -0.106079 0.302734 -1.438232
-0.211426 0.045898 0.026733 -0.130249 0.301270 -1.275879
-0.218262 0.091064 -0.000244 -0.186768 0.343018 -1.104248
-0.203125 0.108521 -0.014404 -0.264282 0.390625 -0.941528
-0.211182 0.133545 -0.008545 -0.341919 0.431641 -0.814819
-0.249146 0.185059 0.000366 -0.397095 0.424194 -0.713745
-0.264404 0.203613 -0.000366 -0.429443 0.330811 -0.626465
-0.296143 0.201416 -0.008179 -0.451782 0.177490 -0.557739
-0.318115 0.197632 -0.033325 -0.467651 0.010010 -0.485229
-0.336304 0.182007 -0.047119 -0.498535 -0.128418 -0.384399
-0.345337 0.187988 -0.051270 -0.554688 -0.227173 -0.258789
-0.343506 0.170898 -0.031250 -0.635986 -0.294312 -0.110229
-0.303101 0.138062 0.021118 -0.733154 -0.356201 0.058105
-0.235352 0.116943 0.094482 -0.820313 -0.400146 0.223389
-0.163940 0.099976 0.153320 -0.878052 -0.436768 0.373779
-0.105713 0.085938 0.213379 -0.908203 -0.465454 0.504028
-0.045166 0.087280 0.259766 -0.907227 -0.488647 0.611816
0.003174 0.082397 0.284790 -0.871826 -0.517090 0.688843
0.030151 0.063232 0.276489 -0.824829 -0.546021 0.749756
0.044434 0.042603 0.252075 -0.786743 -0.573364 0.814941
0.079834 0.012329 0.242310 -0.765625 -0.609863 0.892334
0.140991 -0.034668 0.247803 -0.768921 -0.650513 0.983032
0.216553 -0.091064 0.287720 -0.802002 -0.677734 1.094360
0.326416 -0.136719 0.390991 -0.846924 -0.666748 1.231323
0.475342 -0.153076 0.508057 -0.853149 -0.618896 1.350952
0.614380 -0.210571 0.566528 -0.808472 -0.621948 1.409058
0.732178 -0.227539 0.647583 -0.762085 -0.695923 1.427368
0.893188 -0.229004 0.726074 -0.696289 -0.841064 1.439941
0.980591 -0.250244 0.765503 -0.567261 -0.939209 1.393921
0.961304 -0.245483 0.735962 -0.359375 -0.978882 1.292725
0.926514 -0.215698 0.608643 -0.100586 -1.042969 1.194336
0.928711 -0.250854 0.412109 0.113892 -1.133667 1.158447
0.981445 -0.301270 0.255005 0.156982 -1.151733 1.245972
1.070068 -0.287231 0.236450 0.030151 -1.002319 1.440063
1.208496 -0.310669 0.244263 -0.127808 -0.799316 1.661621
1.320801 -0.324951 0.259155 -0.230469 -0.605225 1.802124
1.436035 -0.346802 0.206665 -0.258667 -0.519897 1.831177
1.583496 -0.361694 0.158936 -0.231689 -0.591675 1.783813
1.765381 -0.326172 0.121094 -0.176392 -0.706665 1.668335
1.886353 -0.311157 0.110352 -0.134644 -0.709961 1.474243
1.927856 -0.304443 0.152466 -0.144531 -0.624023 1.268799
1.932007 -0.301514 0.211060 -0.179443 -0.511108 1.108887
1.879761 -0.294312 0.218140 -0.215454 -0.366211 0.999146
1.790283 -0.297241 0.208862 -0.255371 -0.197754 0.919312
1.720459 -0.317627 0.174438 -0.287720 -0.071533 0.854004
1.675171 -0.354980 0.117310 -0.314331 -0.049805 0.797607
1.666992 -0.370972 0.113159 -0.354736 -0.100708 0.753662
1.700195 -0.362183 0.165039 -0.387939 -0.183350 0.697388
1.728027 -0.383301 0.235474 -0.374268 -0.300781 0.601440
1.726807 -0.394409 0.285522 -0.323242 -0.431396 0.488770
1.710327 -0.387817 0.312256 -0.251343 -0.505737 0.386719
1.657104 -0.382568 0.304199 -0.158447 -0.491089 0.291992
1.580322 -0.368042 0.264648 -0.064697 -0.438965 0.213867
1.489380 -0.347412 0.226929 0.003052 -0.371094 0.158691
1.408569 -0.324707 0.180420 0.033813 -0.289185 0.134888
1.333862 -0.314331 0.141968 0.030640 -0.175659 0.137085
1.275024 -0.308716 0.124146 0.014526 -0.054810 0.144653
1.212891 -0.312622 0.109985 0.004150 0.052979 0.140991
1.155762 -0.318237 0.085938 0.000244 0.124023 0.131470
1.098022 -0.311157 0.050171 -0.012207 0.163940 0.123779
1.056274 -0.313110 0.048706 -0.031494 0.186768 0.113281
1.042358 -0.330322 0.045776 -0.041992 0.163696 0.094971
1.048950 -0.333374 0.068359 -0.041382 0.120850 0.065674
1.065552 -0.335693 0.100220 -0.030762 0.064453 0.024780
1.076782 -0.348755 0.123169 -0.013916 0.010864 -0.024780
1.078369 -0.367554 0.129272 -0.001831 -0.020630 -0.071533
1.060303 -0.379150 0.130371 -0.000610 -0.022095 -0.098145
1.045532 -0.392212 0.138794 -0.005493 0.003052 -0.106689
1.026978 -0.405273 0.138062 -0.009155 0.039307 -0.104858
1.002197 -0.417725 0.125000 -0.009766 0.066528 -0.099609
0.984375 -0.423950 0.119507 -0.013428 0.085205 -0.089600
0.968140 -0.424438 0.108154 -0.020996 0.093262 -0.074951
0.954712 -0.431152 0.107300 -0.034546 0.097412 -0.057007
0.954834 -0.434692 0.122314 -0.047974 0.096191 -0.040405
0.941406 -0.442627 0.135254 -0.052856 0.086304 -0.028687
0.931885 -0.433594 0.149170 -0.047363 0.070801 -0.021362
