0.950562 -0.311401 -0.898193 0.066284 -0.061768 0.182617
1.103882 -0.313110 -1.049927 0.170654 -0.088867 0.212280
1.177490 -0.204834 -1.169312 0.220825 -0.023438 0.179932
1.241577 -0.200439 -1.339355 0.221924 0.021973 0.141235
1.325317 -0.216797 -1.502808 0.163330 0.004883 0.062866
1.387329 -0.240112 -1.637207 0.075317 -0.050781 -0.037598
1.500122 -0.243652 -1.717773 -0.013428 -0.083008 -0.134888
1.629517 -0.254395 -1.739624 -0.099243 -0.122559 -0.252808
1.693848 -0.269775 -1.759888 -0.176636 -0.179810 -0.379517
1.720215 -0.279053 -1.789185 -0.236572 -0.207886 -0.511597
1.697144 -0.280273 -1.804565 -0.295410 -0.205933 -0.651123
1.662109 -0.287354 -1.817383 -0.375732 -0.172485 -0.777466
1.633423 -0.321899 -1.833374 -0.470703 -0.136475 -0.885498
1.435303 -0.391479 -1.764648 -0.567017 -0.132813 -0.977173
1.457153 -0.356689 -1.847290 -0.632446 -0.251831 -1.035156
1.388306 -0.370117 -1.855347 -0.717041 -0.239624 -1.154663
1.235352 -0.411011 -1.864136 -0.827881 -0.267334 -1.237671
1.136108 -0.424072 -1.833374 -0.963379 -0.287720 -1.286865
1.047729 -0.433594 -1.763794 -1.098267 -0.329224 -1.336060
0.983765 -0.467407 -1.703247 -1.229370 -0.415527 -1.373291
0.901001 -0.493042 -1.615967 -1.360962 -0.502319 -1.397949
0.793579 -0.519897 -1.520752 -1.479736 -0.566650 -1.409668
0.671265 -0.543701 -1.418823 -1.583618 -0.602661 -1.415405
0.534180 -0.561279 -1.323730 -1.667480 -0.637573 -1.406372
0.422241 -0.581665 -1.240112 -1.747070 -0.675415 -1.359985
0.337769 -0.587402 -1.157227 -1.811401 -0.701050 -1.287476
0.270142 -0.578735 -1.086792 -1.845825 -0.708618 -1.211670
0.197632 -0.550781 -1.015381 -1.868530 -0.693970 -1.127808
0.119507 -0.510620 -0.941162 -1.894409 -0.661987 -1.028442
0.030640 -0.505737 -0.871582 -1.930786 -0.602783 -0.921509
-0.039795 -0.531494 -0.810913 -1.975464 -0.536499 -0.802979
-0.067627 -0.496460 -0.733154 -1.998657 -0.472656 -0.664917
-0.094604 -0.437378 -0.661133 -1.998413 -0.402832 -0.529419
-0.121460 -0.435059 -0.606079 -2.011475 -0.341431 -0.417969
-0.114136 -0.424683 -0.534790 -2.036011 -0.330811 -0.314941
-0.103516 -0.388550 -0.458862 -2.041504 -0.349365 -0.219849
-0.125977 -0.337524 -0.379028 -2.036743 -0.367676 -0.139404
-0.158081 -0.315552 -0.299194 -2.037231 -0.399658 -0.062500
-0.185913 -0.305176 -0.232666 -2.045776 -0.444946 0.023315
-0.202148 -0.264038 -0.156982 -2.053711 -0.472656 0.126099
-0.206909 -0.235229 -0.071411 -2.058105 -0.474609 0.240356
-0.200806 -0.210815 0.020020 -2.063232 -0.473389 0.349121
-0.188721 -0.203491 0.109985 -2.057129 -0.493652 0.451782
-0.160767 -0.185303 0.194824 -2.015625 -0.548828 0.552490
-0.105957 -0.155884 0.281128 -1.937744 -0.608154 0.650757
-0.045532 -0.140381 0.355347 -1.829346 -0.652588 0.741577
0.012451 -0.099243 0.413208 -1.686646 -0.684692 0.824463
0.041748 -0.061035 0.468750 -1.521851 -0.708008 0.902710
0.099365 -0.037476 0.504395 -1.348389 -0.722534 0.983887
0.171509 -0.010620 0.537231 -1.159790 -0.742798 1.059082
0.249146 0.005981 0.543213 -0.957642 -0.760864 1.119873
0.336426 -0.007813 0.527100 -0.758667 -0.755981 1.175537
0.441406 -0.040161 0.495605 -0.555054 -0.741211 1.244385
0.578003 -0.036621 0.437134 -0.337280 -0.718628 1.327881
0.746826 0.004883 0.365356 -0.129028 -0.697388 1.412842
0.917603 0.048706 0.305786 0.031616 -0.657349 1.476196
1.064453 0.086670 0.256958 0.126221 -0.596069 1.500977
1.183105 0.168091 0.225342 0.152100 -0.542480 1.491821
1.235474 0.219360 0.206055 0.116211 -0.511841 1.466431
1.331543 0.085693 0.252563 0.061035 -0.533203 1.415649
1.414917 0.028076 0.321289 0.082520 -0.564819 1.264893
1.501831 0.005615 0.360840 0.257690 -0.642700 1.092285
1.631226 0.006958 0.337769 0.583618 -0.742065 0.963013
1.731567 0.029663 0.242310 0.968872 -0.746460 0.800659
1.755005 0.083374 0.057373 1.325806 -0.685303 0.588867
1.700928 0.143921 -0.178833 1.605835 -0.582397 0.389771
1.614136 0.156616 -0.415771 1.786987 -0.434570 0.236938
1.554810 0.184814 -0.605225 1.877197 -0.328491 0.118042
1.497192 0.215088 -0.727661 1.894775 -0.284912 0.001709
1.506470 0.164429 -0.811646 1.857666 -0.302002 -0.104370
1.583130 0.141724 -0.859985 1.819458 -0.336182 -0.194946
1.677856 0.112549 -0.940918 1.837158 -0.321045 -0.294189
1.759033 0.083008 -1.057373 1.906128 -0.262329 -0.419067
1.773193 0.099731 -1.229614 2.008667 -0.199829 -0.577637
1.740967 0.132080 -1.428223 2.115112 -0.157471 -0.776245
1.613037 0.187744 -1.625977 2.180542 -0.175049 -1.011108
1.395996 0.237671 -1.781006 2.139160 -0.190796 -1.238892
1.186646 0.247559 -1.880371 1.973755 -0.151123 -1.411011
0.995972 0.242676 -1.896240 1.735596 -0.027710 -1.492554
0.797974 0.245239 -1.824219 1.491211 0.220459 -1.489746
0.579102 0.207520 -1.710815 1.300415 0.680176 -1.418701
0.460693 0.129395 -1.520386 1.196533 1.387451 -1.262817
0.519775 -0.017578 -1.565063 1.198486 2.239380 -1.012085
0.577759 0.063721 -1.536499 1.153198 2.599854 -0.735840
0.585815 0.327026 -1.537598 1.054443 1.720947 -0.626465
0.599487 0.359253 -1.562866 0.949829 0.375488 -0.727173
0.510132 0.291138 -1.582886 0.824829 -0.415161 -0.931641
0.336426 0.225830 -1.536133 0.717529 -0.716919 -1.114380
0.197388 0.192627 -1.445801 0.635742 -0.817871 -1.186523
0.089844 0.163330 -1.391968 0.519165 -0.804688 -1.149658
0.019653 0.113037 -1.305054 0.355713 -0.723511 -1.028320
-0.032959 0.075195 -1.204468 0.209839 -0.586060 -0.859985
-0.069824 0.064819 -1.095215 0.127075 -0.411499 -0.684692
-0.096802 0.051270 -1.009888 0.103271 -0.247559 -0.532959
-0.125732 0.033081 -0.959961 0.112183 -0.136108 -0.402344
-0.161743 0.012207 -0.942383 0.131836 -0.087524 -0.287842
-0.181274 0.002075 -0.944824 0.146851 -0.097656 -0.173706
-0.209473 -0.000732 -0.952759 0.144653 -0.159668 -0.050659
-0.234863 0.018677 -0.952637 0.122437 -0.245117 0.078003
-0.212769 0.020874 -0.934570 0.076294 -0.276855 0.202393
-0.182251 0.003906 -0.910156 0.029175 -0.312988 0.308472
-0.166016 -0.006104 -0.860840 0.009399 -0.425903 0.382813
-0.181641 -0.010254 -0.804932 0.004639 -0.495850 0.430054
-0.190674 -0.069336 -0.769897 0.001709 -0.518555 0.478394
-0.196655 -0.129883 -0.736084 0.009644 -0.563477 0.551758
-0.180054 -0.163452 -0.725342 0.051758 -0.587402 0.651733
-0.140015 -0.206177 -0.744141 0.124634 -0.559937 0.772583
-0.090332 -0.219238 -0.794189 0.202393 -0.516846 0.903198
-0.059082 -0.205811 -0.841187 0.253296 -0.428711 1.031494
-0.051270 -0.199219 -0.899658 0.259521 -0.321899 1.152344
-0.052246 -0.230835 -0.935425 0.216064 -0.231201 1.272949
-0.016968 -0.269775 -0.949463 0.157227 -0.189209 1.394165
0.047607 -0.289185 -0.946533 0.129883 -0.190674 1.503052
0.120605 -0.331177 -0.945068 0.138672 -0.201904 1.584351
0.240723 -0.409302 -0.966797 0.160645 -0.223755 1.646606
0.398560 -0.441895 -1.026978 0.205688 -0.240723 1.710205
0.546021 -0.460083 -1.097168 0.275513 -0.210205 1.783325
0.680786 -0.460205 -1.180298 0.328857 -0.143311 1.847290
0.796021 -0.425903 -1.231689 0.337402 -0.071899 1.885132
0.866089 -0.403320 -1.243774 0.305664 0.007080 1.891846
0.896851 -0.409058 -1.223389 0.244263 0.077637 1.871216
0.916870 -0.454712 -1.184082 0.174438 0.113770 1.838013
0.968628 -0.502563 -1.153809 0.130371 0.111694 1.812988
1.054565 -0.526367 -1.141479 0.124146 0.070313 1.798950
1.159302 -0.543091 -1.169800 0.140991 -0.033691 1.771606
1.287964 -0.530151 -1.211060 0.166016 -0.164063 1.720093
1.402954 -0.530762 -1.257324 0.200317 -0.216309 1.643677
1.501465 -0.509155 -1.296509 0.225830 -0.153931 1.567261
1.553711 -0.450684 -1.292358 0.218018 0.006104 1.485596
1.556396 -0.401245 -1.288574 0.171509 0.181763 1.384033
1.534058 -0.360596 -1.277100 0.100586 0.291138 1.258179
1.477783 -0.334717 -1.254761 0.038574 0.294800 1.099121
1.387085 -0.318726 -1.220093 0.002441 0.208740 0.911987
1.282715 -0.304199 -1.172119 -0.010620 0.061890 0.718262
1.181274 -0.296021 -1.134277 -0.012939 -0.097778 0.543945
1.078491 -0.284058 -1.093750 -0.017456 -0.223267 0.398682
0.958008 -0.292480 -1.057983 -0.030273 -0.277222 0.293091
0.862671 -0.300781 -1.019653 -0.053101 -0.246948 0.234131
0.787354 -0.313843 -0.983032 -0.079712 -0.165039 0.214111
0.724731 -0.342041 -0.950684 -0.100220 -0.077148 0.219360
0.674683 -0.379517 -0.932861 -0.105713 -0.016724 0.233521
0.656250 -0.412476 -0.952759 -0.094849 0.018433 0.256958
0.670776 -0.417236 -0.978027 -0.075928 0.035156 0.286011
0.692871 -0.409180 -0.998291 -0.056152 0.030396 0.299561
0.724243 -0.398804 -1.023804 -0.045166 0.010986 0.288818
0.757324 -0.391724 -1.021240 -0.044312 -0.002930 0.256836
0.764160 -0.389282 -1.020874 -0.047363 -0.011230 0.206543
0.742310 -0.391235 -1.018799 -0.050659 -0.004150 0.145874
0.707397 -0.395508 -1.005981 -0.056396 0.023438 0.093872
0.673096 -0.409424 -0.989990 -0.061768 0.048828 0.059204
