0.129028 0.168213 -0.104370 -0.169678 0.215820 0.240723
0.200317 0.142090 -0.107666 -0.239258 0.276367 0.367798
0.180786 0.160645 -0.055420 -0.308105 0.366821 0.444824
0.146729 0.150024 -0.026245 -0.347900 0.414307 0.510620
0.110962 0.139526 0.053955 -0.369629 0.423950 0.569214
0.099731 0.126221 0.063843 -0.348389 0.271606 0.625977
0.052368 0.085571 -0.026611 -0.317505 0.139893 0.664063
0.040161 0.116333 -0.095337 -0.339600 0.079834 0.730713
0.078491 0.110474 -0.088013 -0.416382 0.086792 0.830444
0.140747 0.086792 -0.039185 -0.509888 0.105957 0.910278
0.196533 0.054077 0.013306 -0.592163 0.107178 0.957642
0.219849 0.015991 0.064941 -0.655640 0.107300 0.995117
0.226074 -0.024414 0.113770 -0.701904 0.136108 1.045410
0.224487 -0.068481 0.145142 -0.735718 0.177246 1.121704
0.233398 -0.108276 0.179199 -0.757690 0.193115 1.212646
0.276855 -0.151855 0.210693 -0.765625 0.160400 1.309937
0.356689 -0.212036 0.238525 -0.774658 0.082153 1.429199
0.487061 -0.252441 0.282104 -0.777466 0.013550 1.558472
0.638306 -0.289307 0.324951 -0.760742 -0.012573 1.666260
0.772705 -0.324951 0.346802 -0.724243 -0.037476 1.729858
0.866089 -0.342041 0.340454 -0.672485 -0.077637 1.730347
0.919189 -0.374023 0.309814 -0.633911 -0.161011 1.685547
0.950684 -0.434814 0.309570 -0.648071 -0.284546 1.665039
1.057983 -0.503418 0.322632 -0.701172 -0.367920 1.702026
1.219238 -0.558228 0.384644 -0.775391 -0.396240 1.750122
1.360474 -0.610474 0.473022 -0.828003 -0.392212 1.763794
1.469482 -0.656372 0.586060 -0.804565 -0.410400 1.718994
1.565430 -0.715698 0.690796 -0.683716 -0.508667 1.654907
1.665527 -0.765015 0.710815 -0.479004 -0.684448 1.596436
1.804565 -0.798584 0.649414 -0.240723 -0.912231 1.575439
1.994507 -0.720581 0.554199 0.003662 -1.097534 1.560059
2.182251 -0.699585 0.403687 0.230957 -1.114014 1.434814
2.356934 -0.722900 0.268555 0.364014 -1.143311 1.245117
2.472046 -0.666382 0.161377 0.386230 -1.321411 1.066162
2.518555 -0.616211 0.057739 0.367920 -1.398560 0.878662
2.529663 -0.617432 -0.010742 0.348511 -1.293701 0.744751
2.553955 -0.632446 -0.030762 0.301392 -1.038818 0.700806
2.592651 -0.662476 0.008057 0.232666 -0.792358 0.682739
2.661499 -0.671753 0.053345 0.177368 -0.631592 0.653809
2.752808 -0.631592 0.104858 0.165283 -0.493652 0.589722
2.820923 -0.602051 0.104614 0.223022 -0.409058 0.447266
2.828247 -0.567993 0.026123 0.339966 -0.410156 0.224487
2.745605 -0.519165 -0.104980 0.469482 -0.432373 -0.039185
2.611816 -0.460205 -0.229858 0.567017 -0.409790 -0.299438
2.462769 -0.414551 -0.341919 0.624146 -0.356079 -0.534790
2.308594 -0.400146 -0.440796 0.634399 -0.297119 -0.724854
2.155029 -0.388672 -0.509888 0.586914 -0.228027 -0.853516
2.005371 -0.386108 -0.515381 0.488281 -0.107178 -0.926514
1.869995 -0.398682 -0.476929 0.363403 0.018188 -0.952637
1.761108 -0.421631 -0.418823 0.244751 0.090820 -0.946655
1.688599 -0.446411 -0.368286 0.162109 0.100830 -0.936523
1.618652 -0.445435 -0.341675 0.116699 0.050049 -0.946533
1.531738 -0.432251 -0.326538 0.083862 -0.025757 -0.978394
1.428345 -0.428833 -0.303833 0.039917 -0.074829 -1.003540
1.371216 -0.401611 -0.265869 -0.019287 -0.071655 -1.002075
1.343384 -0.370972 -0.226196 -0.078369 -0.019653 -1.003296
1.301514 -0.357056 -0.183594 -0.133911 0.067139 -1.029053
1.223022 -0.363403 -0.127197 -0.185181 0.169067 -1.064331
1.128052 -0.381348 -0.075684 -0.226929 0.276733 -1.082642
1.042236 -0.386841 -0.030396 -0.243652 0.366211 -1.083862
0.959229 -0.367798 0.012817 -0.229980 0.427368 -1.080566
0.879761 -0.330200 0.053955 -0.192871 0.457153 -1.078125
0.816650 -0.285645 0.075195 -0.133911 0.441406 -1.087524
0.752930 -0.249390 0.068848 -0.058838 0.370728 -1.109985
0.694092 -0.214966 0.047729 0.017212 0.283081 -1.132202
0.645264 -0.190796 0.017456 0.077881 0.212524 -1.140015
0.609253 -0.167725 -0.014160 0.104004 0.174194 -1.126709
0.594971 -0.122803 -0.025879 0.095093 0.175903 -1.100830
0.575439 -0.072510 -0.024780 0.069336 0.230957 -1.083252
0.562378 -0.050415 -0.022705 0.040161 0.310791 -1.072388
0.519409 -0.040649 -0.002319 0.012573 0.384277 -1.057007
0.486084 -0.021484 0.014038 -0.013062 0.463623 -1.036621
0.452637 0.002563 0.030273 -0.031616 0.474365 -1.017456
0.413452 0.013794 0.035156 -0.043945 0.437256 -1.002930
0.368896 0.023682 0.026611 -0.052612 0.378540 -0.989258
0.355957 0.024536 0.022217 -0.060791 0.307983 -0.960083
0.345093 0.043823 0.015259 -0.068970 0.264526 -0.925781
0.324463 0.059204 0.011108 -0.078369 0.243042 -0.895386
0.293701 0.082275 -0.003784 -0.096069 0.229126 -0.863159
0.257446 0.101685 -0.016724 -0.122070 0.211426 -0.823730
0.226074 0.117188 -0.035645 -0.153076 0.192383 -0.781128
0.184692 0.126953 -0.054688 -0.191528 0.178833 -0.738525
0.154663 0.128296 -0.064575 -0.238159 0.176636 -0.699463
0.119629 0.138672 -0.075195 -0.287231 0.179321 -0.650391
0.090210 0.140503 -0.069092 -0.339722 0.183594 -0.598511
0.067993 0.141968 -0.059570 -0.397949 0.183716 -0.541626
0.048584 0.148438 -0.034912 -0.455933 0.187500 -0.482666
0.029663 0.142212 -0.005005 -0.503418 0.184082 -0.423218
0.018311 0.146484 0.013550 -0.541748 0.172974 -0.360352
0.019653 0.151489 0.044922 -0.573853 0.166016 -0.288452
0.010864 0.155640 0.064941 -0.599487 0.186035 -0.212402
-0.011230 0.155518 0.073364 -0.619141 0.241089 -0.128052
-0.009399 0.147095 0.076172 -0.635986 0.292969 -0.028809
-0.004150 0.144287 0.082642 -0.660522 0.298462 0.076538
0.021484 0.141357 0.092407 -0.690918 0.266846 0.174072
0.049805 0.136719 0.107178 -0.723999 0.228394 0.258789
0.075439 0.128174 0.127197 -0.760254 0.186523 0.333984
0.097290 0.114380 0.145020 -0.800049 0.138184 0.402344
0.133911 0.094360 0.145508 -0.834717 0.056396 0.453857
0.207886 0.097656 0.153931 -0.865601 -0.093628 0.481079
0.291260 0.118286 0.188599 -0.913574 -0.246582 0.487305
0.377563 0.129517 0.273438 -0.973633 -0.337769 0.483398
0.450439 0.076172 0.333374 -1.029419 -0.376709 0.473511
0.475464 -0.016357 0.437378 -1.096313 -0.390259 0.502441
0.545776 -0.068604 0.550537 -1.154907 -0.336792 0.617554
0.642578 -0.071045 0.666992 -1.163452 -0.167603 0.763428
0.720215 -0.057861 0.761108 -1.102173 0.005249 0.865479
0.764771 -0.040405 0.800659 -0.974121 0.082397 0.903442
0.798462 -0.031616 0.774048 -0.794922 0.044922 0.885620
0.856567 -0.056763 0.679810 -0.608276 -0.128296 0.840332
0.954834 -0.064087 0.571655 -0.472900 -0.365112 0.807129
1.067139 -0.073120 0.515381 -0.420776 -0.526978 0.794678
1.181641 -0.102783 0.528931 -0.450195 -0.558472 0.826782
1.301880 -0.115723 0.583496 -0.509888 -0.482056 0.881470
1.389282 -0.111450 0.644775 -0.531616 -0.355225 0.888916
1.407837 -0.104858 0.658081 -0.473145 -0.251343 0.826904
1.389160 -0.089844 0.598389 -0.345947 -0.199951 0.715698
1.363892 -0.089111 0.434692 -0.200073 -0.162476 0.575562
1.355103 -0.110596 0.249878 -0.114624 -0.093750 0.462524
1.383911 -0.136597 0.155762 -0.144775 -0.001587 0.464722
1.448975 -0.113159 0.119995 -0.277832 0.031982 0.614624
1.533813 -0.156738 0.193359 -0.479736 0.116943 0.757568
1.611084 -0.162842 0.325195 -0.649414 0.140625 0.810669
1.643921 -0.172363 0.436035 -0.706421 0.083374 0.738525
1.630493 -0.180176 0.485229 -0.639404 -0.070313 0.563232
1.562012 -0.208252 0.435425 -0.504028 -0.240479 0.335938
1.433960 -0.230835 0.377930 -0.355469 -0.354736 0.156250
1.328735 -0.248901 0.327271 -0.269043 -0.426025 0.122681
1.291138 -0.267456 0.292358 -0.279175 -0.464355 0.234985
1.331055 -0.295532 0.288818 -0.366577 -0.443359 0.396484
1.464355 -0.291626 0.309692 -0.471436 -0.410522 0.524536
1.578369 -0.284912 0.347656 -0.538940 -0.392212 0.557861
1.655762 -0.274292 0.384766 -0.540527 -0.440308 0.483887
1.638184 -0.285889 0.397583 -0.485474 -0.509277 0.347534
1.574463 -0.320068 0.357178 -0.399658 -0.515991 0.205933
1.501099 -0.317017 0.317383 -0.287842 -0.569580 0.114746
1.429688 -0.305420 0.270386 -0.188477 -0.598633 0.079590
1.389526 -0.286743 0.233643 -0.130615 -0.535034 0.079468
1.384277 -0.274658 0.208618 -0.114624 -0.429565 0.104980
1.394897 -0.275269 0.194702 -0.133179 -0.326660 0.138062
1.404663 -0.266357 0.187744 -0.167725 -0.238281 0.165039
1.400757 -0.257690 0.176758 -0.197266 -0.160034 0.173462
1.377197 -0.255615 0.170898 -0.202515 -0.103149 0.149658
1.332275 -0.254395 0.151489 -0.183594 -0.079346 0.100586
1.275391 -0.260132 0.128052 -0.151733 -0.086426 0.044678
1.207275 -0.264771 0.103516 -0.120483 -0.111084 -0.003174
1.191406 -0.241211 0.083130 -0.095825 -0.129150 -0.036011
1.096558 -0.265137 0.088135 -0.088379 -0.119385 -0.051758
1.098145 -0.265137 0.069458 -0.106201 0.128784 -0.031250
1.104248 -0.219971 0.155884 -0.112061 0.122314 -0.027832
