-0.022095 -0.069946 0.321899 0.497314 -0.482056 0.380615
0.088135 -0.145020 0.317871 0.551514 -0.368042 0.592041
0.094482 -0.182983 0.321167 0.615356 -0.225098 0.799438
0.068970 -0.189209 0.429688 0.721191 -0.182251 1.026978
0.122925 -0.285522 0.266968 0.891113 -0.317871 1.267578
0.283936 -0.333740 0.083618 1.000977 -0.340576 1.446411
0.458984 -0.336548 -0.058350 1.062256 -0.319946 1.575928
0.611206 -0.351440 -0.209961 1.092651 -0.231812 1.649048
0.709351 -0.376709 -0.334106 1.103271 -0.118652 1.651733
0.775146 -0.401245 -0.449707 1.112549 0.004639 1.625732
0.835083 -0.418579 -0.587036 1.118774 0.128540 1.628540
0.920532 -0.412720 -0.750977 1.111572 0.230469 1.687256
1.019897 -0.394531 -0.903320 1.054810 0.303345 1.779541
1.126343 -0.379272 -1.033325 0.937500 0.357544 1.871338
1.223755 -0.354614 -1.115479 0.771484 0.381104 1.960205
1.322998 -0.336426 -1.168457 0.583496 0.369385 2.043457
1.447876 -0.336304 -1.197998 0.394897 0.318970 2.114014
1.573364 -0.334961 -1.222168 0.211914 0.246338 2.154907
1.671997 -0.329712 -1.223022 0.023560 0.179688 2.141602
1.706787 -0.334473 -1.185425 -0.189575 0.144287 2.084106
1.742554 -0.350098 -1.166504 -0.408325 0.133789 2.024292
1.791992 -0.378174 -1.155029 -0.618164 0.121948 1.987915
1.874756 -0.392700 -1.146606 -0.823608 0.150635 1.978271
1.969116 -0.384888 -1.115112 -1.024048 0.247437 1.958740
2.052002 -0.388306 -1.091064 -1.222534 0.380249 1.901733
2.090210 -0.426392 -1.060425 -1.434937 0.520630 1.826416
2.064819 -0.496094 -0.975342 -1.660767 0.664795 1.766113
2.192017 -0.527832 -0.865356 -1.866089 0.781250 1.731934
2.286255 -0.584473 -0.747192 -2.041748 0.866089 1.647583
2.356689 -0.632446 -0.607910 -2.197754 0.929077 1.517822
2.443359 -0.681274 -0.462891 -2.333740 0.975220 1.353027
2.559082 -0.720947 -0.308838 -2.437866 0.982788 1.142700
2.646484 -0.757446 -0.114380 -2.494995 0.998047 0.873169
2.717651 -0.791138 0.065552 -2.478760 1.046265 0.542725
2.722778 -0.859863 0.228882 -2.385742 1.094482 0.165405
2.658447 -0.935303 0.342407 -2.234863 1.112061 -0.218506
2.547363 -0.995239 0.422485 -2.062378 1.119873 -0.568481
2.415894 -1.017700 0.483765 -1.892456 1.105957 -0.866089
2.292236 -1.016113 0.546143 -1.742188 1.093872 -1.093994
2.207031 -1.023682 0.598022 -1.603760 1.101563 -1.251221
2.145996 -1.039673 0.616211 -1.470093 1.150879 -1.374023
2.041260 -1.049805 0.628296 -1.346069 1.236450 -1.503784
1.929443 -1.091064 0.652466 -1.223022 1.338745 -1.640869
1.795288 -1.104004 0.678589 -1.084839 1.394165 -1.781250
1.668091 -1.123291 0.688721 -0.919312 1.406494 -1.923950
1.536743 -1.122314 0.692749 -0.736938 1.358643 -2.070190
1.399536 -1.096436 0.667358 -0.552734 1.277710 -2.222168
1.251465 -1.066162 0.624878 -0.369385 1.177490 -2.367798
1.096680 -1.061157 0.563354 -0.199341 1.078369 -2.490356
0.941040 -1.041138 0.514404 -0.061035 0.994263 -2.569336
0.806885 -0.997681 0.477295 0.052124 0.935059 -2.593750
0.686035 -0.928467 0.450073 0.153687 0.909790 -2.571045
0.567017 -0.843262 0.424194 0.248657 0.895874 -2.516968
0.469727 -0.743408 0.390869 0.333496 0.878662 -2.442749
0.383667 -0.644775 0.346924 0.409912 0.859741 -2.359253
0.289063 -0.564453 0.296143 0.473145 0.864380 -2.264160
0.198120 -0.493652 0.235840 0.513550 0.893677 -2.147827
0.119263 -0.431396 0.192871 0.527222 0.934448 -2.010376
0.056396 -0.366821 0.178955 0.527466 0.964600 -1.856812
0.001465 -0.302368 0.166992 0.528564 0.967773 -1.698242
-0.037842 -0.220093 0.162720 0.527832 0.948608 -1.545898
-0.063965 -0.155640 0.151123 0.522827 0.908325 -1.406372
-0.082642 -0.097412 0.153809 0.518188 0.835815 -1.286499
-0.099854 -0.049805 0.167603 0.515137 0.751343 -1.188965
-0.119751 -0.021118 0.194580 0.523438 0.655151 -1.118896
-0.159912 -0.005615 0.213135 0.549316 0.538696 -1.069336
-0.205200 -0.013916 0.216919 0.581787 0.427856 -1.016357
-0.257324 -0.026733 0.205078 0.607056 0.338257 -0.933472
-0.302979 -0.034790 0.205322 0.628296 0.261963 -0.803223
-0.337646 -0.034668 0.199463 0.651489 0.201050 -0.625610
-0.363892 -0.025513 0.163208 0.675293 0.152588 -0.415771
-0.360107 0.011108 0.138550 0.687134 0.115112 -0.186890
-0.316162 0.047729 0.106079 0.702759 0.077393 0.045532
-0.255127 0.076782 0.070801 0.729736 0.032837 0.260010
-0.187134 0.100586 0.019897 0.756348 -0.015503 0.445801
-0.117065 0.121094 -0.027466 0.770142 -0.060547 0.597656
-0.052612 0.116577 -0.052734 0.768188 -0.085205 0.716675
0.000732 0.089233 -0.057739 0.753906 -0.081665 0.814331
0.048096 0.065674 -0.036377 0.736450 -0.074829 0.905273
0.093384 0.052002 -0.014038 0.735962 -0.084961 1.002686
0.157471 0.045410 0.011963 0.775757 -0.121948 1.112183
0.237061 0.032715 -0.002441 0.865234 -0.178467 1.229858
0.317749 0.025513 -0.042358 0.987305 -0.240234 1.340332
0.401611 0.020386 -0.104614 1.105591 -0.319946 1.429443
0.472412 0.023315 -0.160156 1.191162 -0.400269 1.494629
0.514404 0.005981 -0.220703 1.220093 -0.457031 1.540527
0.560669 -0.032349 -0.276123 1.181763 -0.468262 1.590088
0.604614 -0.076660 -0.306396 1.081665 -0.447144 1.661377
0.643555 -0.127563 -0.301514 0.938232 -0.410156 1.750122
0.705566 -0.178223 -0.279663 0.787598 -0.374390 1.847046
0.776978 -0.223389 -0.239990 0.665771 -0.367920 1.938843
0.836792 -0.248169 -0.196411 0.596436 -0.401733 1.998413
0.908203 -0.271118 -0.166382 0.583252 -0.459106 2.026978
0.990845 -0.298218 -0.167114 0.622437 -0.537354 2.032227
1.077759 -0.347412 -0.217285 0.689331 -0.613770 2.024658
1.182617 -0.386108 -0.296509 0.734741 -0.653076 2.025146
1.274902 -0.353516 -0.345825 0.738403 -0.633667 2.037109
1.336792 -0.313232 -0.390381 0.715088 -0.545532 2.020508
1.378174 -0.285156 -0.416870 0.672363 -0.451416 1.967896
1.422974 -0.265747 -0.460327 0.633789 -0.417236 1.897583
1.460815 -0.255859 -0.527710 0.623291 -0.430664 1.807007
1.498901 -0.233521 -0.572510 0.624512 -0.477539 1.700073
1.529419 -0.197144 -0.614624 0.618530 -0.533325 1.585938
1.539307 -0.232666 -0.668091 0.578125 -0.568115 1.479980
1.553345 -0.265869 -0.656128 0.467896 -0.552979 1.415649
1.569946 -0.262085 -0.582886 0.328979 -0.477539 1.379395
1.569458 -0.291138 -0.500000 0.212158 -0.380737 1.335938
1.549927 -0.309448 -0.399414 0.123657 -0.322266 1.274292
1.531616 -0.335205 -0.326904 0.078003 -0.320435 1.187988
1.522339 -0.370972 -0.288330 0.077026 -0.373047 1.092041
1.529785 -0.371094 -0.292969 0.108765 -0.450439 1.009155
1.552368 -0.349487 -0.315186 0.154419 -0.505981 0.935303
1.454468 -0.378906 -0.417236 0.182129 -0.487061 0.853394
1.420654 -0.265137 -0.381714 0.181396 -0.609253 0.817139
1.411743 -0.304199 -0.491699 0.151611 -0.454468 0.703369
1.306152 -0.412842 -0.501221 0.100586 -0.538818 0.578857
1.171021 -0.383179 -0.490967 0.028564 -0.786499 0.611084
1.278198 -0.492432 -0.475708 -0.024292 -0.782593 0.716553
1.379883 -0.581177 -0.388184 -0.075073 -0.549927 0.739502
1.433594 -0.607422 -0.256958 -0.109375 -0.245728 0.665894
1.453613 -0.582275 -0.167603 -0.080688 -0.036377 0.584717
1.439697 -0.567261 -0.146973 -0.002808 0.052734 0.509766
1.390259 -0.577393 -0.149658 0.087280 0.002686 0.428223
1.340820 -0.634888 -0.213379 0.154663 -0.085083 0.351196
1.307495 -0.675293 -0.244141 0.182251 -0.122314 0.303955
1.289551 -0.657227 -0.242065 0.194214 -0.108032 0.295044
1.284546 -0.616089 -0.225220 0.216309 -0.069580 0.286377
1.270874 -0.580444 -0.205933 0.242310 -0.039429 0.240112
1.246582 -0.554199 -0.211304 0.260864 -0.009155 0.162476
1.206543 -0.543701 -0.220093 0.277100 -0.036743 0.079468
1.147095 -0.549316 -0.238770 0.288452 -0.068604 0.007935
1.105103 -0.560181 -0.284180 0.286255 -0.042114 -0.040649
1.052612 -0.538818 -0.244629 0.263550 0.089844 -0.072754
1.034058 -0.517578 -0.209229 0.270264 0.032349 -0.062012
1.037354 -0.536133 -0.256470 0.271484 -0.118164 -0.040894
1.021851 -0.528809 -0.263550 0.243164 -0.156738 -0.040405
1.023926 -0.520020 -0.260742 0.227051 -0.134277 -0.031006
1.021606 -0.521729 -0.255981 0.220581 -0.119019 -0.025635
1.021484 -0.512085 -0.258545 0.212769 -0.146240 -0.034668
1.014404 -0.502686 -0.263550 0.203247 -0.183716 -0.049805
1.011353 -0.500977 -0.260986 0.194214 -0.200073 -0.063965
1.004761 -0.504639 -0.260254 0.184814 -0.203491 -0.078491
0.997925 -0.514160 -0.256836 0.177368 -0.199707 -0.091187
0.989258 -0.520630 -0.257080 0.171997 -0.175049 -0.094971
0.980347 -0.521484 -0.251587 0.167725 -0.127441 -0.088745
0.979492 -0.525757 -0.250122 0.165527 -0.073608 -0.077637
0.966675 -0.525879 -0.247070 0.164551 -0.029053 -0.070557
0.956787 -0.528931 -0.249390 0.167969 -0.001953 -0.069702
0.942017 -0.526978 -0.252686 0.173462 0.014282 -0.074463
0.927856 -0.525391 -0.263306 0.178711 0.016357 -0.082520
