1.247070 -0.203125 -0.314331 0.018921 -0.171387 0.000000
1.494995 -0.232788 -0.401978 0.068359 -0.244385 0.004517
1.512451 -0.218872 -0.449585 0.052246 -0.148071 -0.038452
1.495483 -0.138916 -0.435425 0.028076 -0.002075 -0.078003
1.441895 -0.136841 -0.463867 0.049561 -0.031006 -0.070801
1.509399 -0.124756 -0.543945 0.068359 -0.084595 -0.052612
1.618408 -0.082397 -0.578125 0.059082 -0.046997 -0.090698
1.718140 -0.060303 -0.589355 0.048096 0.015015 -0.154419
1.777100 -0.060425 -0.588135 0.036133 0.086792 -0.236572
1.803833 -0.066895 -0.577637 0.021851 0.159058 -0.336670
1.827759 -0.072510 -0.554443 0.014771 0.226074 -0.418945
1.870728 -0.084473 -0.547729 0.018555 0.294189 -0.471191
1.932251 -0.097778 -0.555054 0.025269 0.366333 -0.507202
1.990723 -0.106445 -0.575806 0.024536 0.425537 -0.543335
2.031494 -0.111694 -0.600098 0.017090 0.464233 -0.596436
2.081299 -0.103149 -0.645508 0.011230 0.483276 -0.663452
2.115234 -0.104492 -0.716675 0.008667 0.481812 -0.757080
2.125854 -0.092041 -0.761230 -0.006104 0.488159 -0.879639
1.945190 -0.098633 -0.739624 -0.041992 0.429932 -1.011108
1.997559 -0.050659 -0.756958 -0.064209 0.159424 -1.120239
1.998657 -0.125122 -0.795044 -0.067139 -0.061035 -1.298828
1.959839 -0.180420 -0.917236 -0.079468 -0.292969 -1.509399
1.809204 -0.153320 -1.000244 -0.163452 -0.344116 -1.690186
1.640503 -0.159424 -1.002075 -0.296997 -0.330200 -1.779175
1.499023 -0.216064 -0.989868 -0.444336 -0.364502 -1.784912
1.339966 -0.252930 -0.954834 -0.586670 -0.419678 -1.773071
1.166748 -0.281494 -0.912842 -0.715576 -0.482788 -1.761230
0.980835 -0.295776 -0.886353 -0.824219 -0.473511 -1.740112
0.810547 -0.316528 -0.860352 -0.913086 -0.405640 -1.704956
0.652588 -0.338379 -0.819946 -0.981201 -0.347534 -1.661499
0.496826 -0.323730 -0.761230 -1.029663 -0.323242 -1.608765
0.361938 -0.319946 -0.709839 -1.062378 -0.339233 -1.546997
0.265381 -0.286499 -0.643066 -1.107666 -0.348999 -1.506104
0.170044 -0.215698 -0.560059 -1.189087 -0.371582 -1.484619
0.065430 -0.180420 -0.476685 -1.281250 -0.413086 -1.447632
-0.033203 -0.178589 -0.392822 -1.351929 -0.481445 -1.386841
-0.142212 -0.184814 -0.318481 -1.409180 -0.544678 -1.317505
-0.229980 -0.187134 -0.230347 -1.457397 -0.606567 -1.220947
-0.293823 -0.174072 -0.142212 -1.477661 -0.675781 -1.082764
-0.317139 -0.155762 -0.072632 -1.479492 -0.755249 -0.919312
-0.317505 -0.121582 0.002441 -1.469482 -0.821289 -0.748291
-0.309692 -0.085571 0.083252 -1.446533 -0.863403 -0.578613
-0.316162 -0.052734 0.153198 -1.403198 -0.888672 -0.421631
-0.327759 -0.043701 0.203979 -1.345825 -0.903564 -0.279785
-0.339966 -0.055908 0.229614 -1.278442 -0.890625 -0.134766
-0.345947 -0.077515 0.258179 -1.213501 -0.850586 0.042969
-0.313477 -0.084106 0.297852 -1.148926 -0.800903 0.260864
-0.261841 -0.109253 0.321533 -1.078247 -0.720215 0.484741
-0.174683 -0.095337 0.365967 -1.000488 -0.620605 0.688110
-0.094482 -0.091309 0.398682 -0.928101 -0.556274 0.882935
-0.004028 -0.105469 0.420044 -0.860718 -0.512451 1.061157
0.089844 -0.117676 0.436157 -0.777710 -0.463257 1.200562
0.185425 -0.113403 0.456055 -0.684692 -0.430298 1.308228
0.285034 -0.120972 0.462524 -0.593994 -0.414063 1.393921
0.380493 -0.163086 0.481689 -0.505371 -0.391968 1.460083
0.469971 -0.215454 0.498169 -0.432007 -0.323120 1.541992
0.621582 -0.211304 0.545288 -0.357300 -0.119629 1.642456
0.781494 -0.162598 0.597412 -0.311035 0.047119 1.757202
0.914673 -0.142212 0.669922 -0.302734 0.043457 1.836426
1.037842 -0.166016 0.726318 -0.272827 -0.067505 1.846924
1.170410 -0.204712 0.787720 -0.178955 -0.186157 1.817505
1.326416 -0.210693 0.838013 -0.036011 -0.243164 1.778076
1.479126 -0.178833 0.872681 0.132935 -0.295044 1.723633
1.603149 -0.176758 0.883789 0.323242 -0.349243 1.633057
1.727051 -0.183594 0.865967 0.532227 -0.399414 1.514160
1.840088 -0.182129 0.807861 0.754883 -0.430542 1.368652
1.917603 -0.212769 0.704468 0.972656 -0.453613 1.201660
1.969238 -0.237427 0.585449 1.167114 -0.459229 1.034546
1.989258 -0.264038 0.450806 1.339355 -0.430298 0.878784
1.991943 -0.342407 0.312500 1.473267 -0.383423 0.748047
2.023682 -0.382202 0.197021 1.578125 -0.324707 0.642090
2.031982 -0.387451 0.093750 1.682739 -0.250366 0.526978
2.007324 -0.391602 -0.011108 1.788452 -0.169678 0.391724
1.958862 -0.385986 -0.117310 1.882080 -0.091431 0.249146
1.886230 -0.380371 -0.236206 1.974121 -0.028442 0.100464
1.789185 -0.385864 -0.372314 2.080811 0.033081 -0.053101
1.659424 -0.390625 -0.572632 2.192383 0.165649 -0.205200
1.561768 -0.385620 -0.711548 2.274536 0.312500 -0.338135
1.562988 -0.412720 -0.852783 2.323730 0.688477 -0.407471
1.741211 -0.292969 -0.930542 2.318848 1.273682 -0.394409
1.777832 -0.168701 -1.048096 2.261719 1.014648 -0.375122
1.598022 -0.109375 -1.162598 2.103027 0.474121 -0.418335
1.350586 -0.095581 -1.257568 1.894409 0.212158 -0.516479
1.152100 -0.076904 -1.295410 1.698486 0.171753 -0.614258
1.039795 -0.033691 -1.296265 1.537598 0.085449 -0.662964
0.969482 0.016357 -1.268433 1.387329 -0.104492 -0.661133
0.929810 0.036621 -1.240967 1.216064 -0.278320 -0.625732
0.896851 0.038452 -1.196777 1.032715 -0.376831 -0.580566
0.858276 0.023926 -1.160156 0.871216 -0.354980 -0.546387
0.814209 0.000366 -1.134521 0.752686 -0.263672 -0.515137
0.763672 -0.013550 -1.117676 0.666626 -0.205322 -0.472168
0.699585 -0.015869 -1.121826 0.592529 -0.249023 -0.418091
0.632324 0.000000 -1.138184 0.510376 -0.316895 -0.356445
0.575928 0.016479 -1.147583 0.415527 -0.307861 -0.289917
0.531128 0.026733 -1.142456 0.312378 -0.261353 -0.222412
0.493164 0.037842 -1.130981 0.200439 -0.257813 -0.160889
0.442139 0.043213 -1.110107 0.085693 -0.312866 -0.096436
0.395874 0.036499 -1.070557 -0.034424 -0.322510 -0.024292
0.367676 0.010254 -1.020874 -0.160400 -0.216675 0.059204
0.361084 -0.034424 -0.958130 -0.285522 -0.057251 0.157227
0.375000 -0.082520 -0.890503 -0.404175 0.095215 0.279297
0.413940 -0.119629 -0.800659 -0.507813 0.209595 0.423706
0.465088 -0.137451 -0.730347 -0.583740 0.258423 0.564087
0.506592 -0.143188 -0.669189 -0.635010 0.249268 0.668457
0.514282 -0.144775 -0.632324 -0.666748 0.202515 0.727417
0.501587 -0.147949 -0.605469 -0.688110 0.123047 0.755981
0.469971 -0.154053 -0.597046 -0.706055 0.010498 0.774658
0.427979 -0.164429 -0.593018 -0.727173 -0.123657 0.796631
0.398560 -0.188843 -0.601685 -0.756226 -0.249756 0.829712
0.401245 -0.244141 -0.614380 -0.801147 -0.346680 0.885498
0.463379 -0.306274 -0.594727 -0.864014 -0.405762 0.974976
0.568970 -0.359253 -0.567383 -0.935181 -0.422363 1.080322
0.665649 -0.385254 -0.539429 -1.002686 -0.403931 1.185425
0.752930 -0.401611 -0.495239 -1.061768 -0.349731 1.285767
0.830933 -0.406250 -0.444702 -1.116089 -0.253052 1.364502
0.898560 -0.408691 -0.402710 -1.159912 -0.148438 1.407104
0.948364 -0.412231 -0.349609 -1.183105 -0.083130 1.413818
0.981934 -0.434570 -0.319946 -1.185913 -0.056885 1.399292
1.009766 -0.488037 -0.302490 -1.181030 -0.029175 1.389893
1.055298 -0.538086 -0.302856 -1.182617 0.047974 1.415161
1.126099 -0.572754 -0.301758 -1.191528 0.176392 1.462280
1.220947 -0.591309 -0.291016 -1.200195 0.305176 1.490112
1.332031 -0.614136 -0.273926 -1.207275 0.380737 1.476563
1.446655 -0.645996 -0.254517 -1.215698 0.387695 1.414551
1.554565 -0.655396 -0.204224 -1.221680 0.334839 1.315186
1.627197 -0.640503 -0.124390 -1.203857 0.247437 1.176514
1.660156 -0.621948 -0.035645 -1.141968 0.123779 1.018066
1.645020 -0.601929 0.030151 -1.041748 -0.016113 0.865479
1.595581 -0.582397 0.055298 -0.914429 -0.138794 0.726807
1.513794 -0.559448 0.053223 -0.773560 -0.216187 0.601440
1.425903 -0.548218 0.004639 -0.632080 -0.247192 0.494263
1.352295 -0.560059 -0.052734 -0.515015 -0.230835 0.424805
1.307495 -0.560547 -0.108032 -0.439453 -0.172607 0.401489
1.281250 -0.558350 -0.164917 -0.394165 -0.098999 0.406128
1.278198 -0.578613 -0.197632 -0.373413 -0.030396 0.424194
1.300171 -0.566528 -0.193481 -0.369751 0.033813 0.442749
1.320435 -0.526978 -0.179077 -0.358521 0.086426 0.437622
1.314941 -0.499390 -0.174438 -0.327026 0.105713 0.394775
1.293213 -0.488037 -0.182617 -0.286133 0.092651 0.322388
1.256348 -0.485962 -0.191528 -0.243774 0.062378 0.239258
1.213135 -0.482788 -0.196777 -0.199951 0.029785 0.162598
1.168213 -0.481934 -0.206665 -0.160645 0.014404 0.101929
1.129028 -0.482056 -0.220215 -0.129761 0.022583 0.061768
1.091675 -0.486328 -0.238037 -0.104980 0.047485 0.036865
1.064819 -0.486938 -0.250732 -0.086182 0.078003 0.024292
1.046143 -0.490601 -0.261353 -0.067383 0.102051 0.019897
1.032471 -0.502441 -0.280151 -0.047363 0.114258 0.022217
1.033691 -0.497070 -0.280640 -0.027222 0.120483 0.027100
1.036377 -0.478394 -0.283325 -0.005249 0.127441 0.028442
1.030029 -0.461182 -0.284790 0.020142 0.132690 0.020508
