1.713989 -0.266846 -0.361572 0.296021 -0.164429 -0.054443
1.754028 -0.249756 -0.494995 0.263062 -0.151489 -0.116577
1.712402 -0.097534 -0.521362 0.189331 -0.007324 -0.216919
1.681030 -0.174561 -0.577148 0.114380 0.040039 -0.248901
1.719360 -0.217407 -0.498535 0.022217 0.137451 -0.298706
1.883179 -0.234009 -0.440063 0.004395 0.130859 -0.344482
2.049072 -0.263306 -0.444946 0.047119 0.025757 -0.427979
2.134399 -0.252686 -0.484131 0.090576 -0.022461 -0.554321
2.138794 -0.259521 -0.532715 0.137695 0.097900 -0.738159
2.110840 -0.277344 -0.562012 0.194702 0.241699 -0.914429
2.097778 -0.303101 -0.614868 0.223633 0.339966 -0.994141
2.093628 -0.322876 -0.632813 0.211304 0.426025 -1.044800
2.087524 -0.336792 -0.637817 0.178101 0.458618 -1.116211
2.040527 -0.363770 -0.639160 0.151245 0.468994 -1.245972
1.955200 -0.385864 -0.651978 0.129883 0.453247 -1.410034
1.814819 -0.399414 -0.661255 0.095093 0.414063 -1.567993
1.660767 -0.396484 -0.663696 0.052490 0.378662 -1.688110
1.488647 -0.394165 -0.683350 0.024170 0.314575 -1.772339
1.238892 -0.418457 -0.730103 0.003052 0.227051 -1.858032
0.918701 -0.302979 -0.703369 -0.003540 -0.137695 -1.925781
0.891968 -0.268188 -0.842285 -0.045776 -0.332031 -1.935303
0.759155 -0.185547 -0.901123 -0.172729 -0.400879 -1.930786
0.627808 -0.195557 -0.934570 -0.337769 -0.576416 -1.795654
0.592407 -0.220825 -0.907227 -0.522949 -0.683716 -1.618042
0.522217 -0.200195 -0.848267 -0.706177 -0.668457 -1.512451
0.455566 -0.211792 -0.793457 -0.858032 -0.569946 -1.455933
0.386841 -0.236694 -0.731812 -0.982910 -0.407471 -1.391113
0.326416 -0.223755 -0.646729 -1.080200 -0.287964 -1.292236
0.268188 -0.192261 -0.578613 -1.139160 -0.232300 -1.192139
0.209839 -0.168335 -0.521484 -1.175415 -0.229614 -1.118408
0.150635 -0.155640 -0.461792 -1.216187 -0.256348 -1.054932
0.092529 -0.131226 -0.392090 -1.265381 -0.293823 -0.982666
0.041870 -0.118774 -0.323608 -1.310791 -0.335449 -0.896606
0.001831 -0.124390 -0.258911 -1.345337 -0.390015 -0.795044
-0.017944 -0.125488 -0.199097 -1.369019 -0.440918 -0.681885
-0.020386 -0.115723 -0.143433 -1.369385 -0.486694 -0.557983
-0.010010 -0.088623 -0.091431 -1.351318 -0.526367 -0.421509
0.010620 -0.063721 -0.052612 -1.330933 -0.549927 -0.288696
0.048462 -0.044922 -0.013184 -1.312744 -0.550415 -0.170410
0.077026 -0.022705 0.035522 -1.297974 -0.529419 -0.061035
0.083130 -0.003784 0.080811 -1.283569 -0.488525 0.041870
0.067261 0.017944 0.118164 -1.266235 -0.442505 0.137817
0.072754 0.032593 0.174927 -1.251953 -0.409790 0.229980
0.055176 0.048950 0.217651 -1.232178 -0.375977 0.321777
0.035889 0.057983 0.254150 -1.201172 -0.354492 0.420166
0.017334 0.036133 0.269287 -1.167480 -0.351074 0.529175
0.025269 -0.003418 0.272827 -1.137573 -0.365845 0.661133
0.041748 -0.056396 0.230225 -1.118164 -0.376709 0.820557
0.048950 -0.094482 0.169922 -1.140625 -0.350952 1.016357
0.133911 -0.094849 0.192505 -1.224609 -0.248901 1.238892
0.370850 -0.068481 0.352661 -1.344482 -0.061646 1.423096
0.637939 -0.072632 0.627197 -1.409790 0.085327 1.467285
0.783569 -0.100952 0.848633 -1.315186 0.049438 1.355957
0.800659 -0.124634 0.937500 -1.069702 -0.169800 1.194824
0.809082 -0.143555 0.929443 -0.773682 -0.424316 1.086060
0.844727 -0.172363 0.899414 -0.514160 -0.523560 1.072021
0.918335 -0.177734 0.859497 -0.308594 -0.448120 1.133179
1.032715 -0.178711 0.830078 -0.155762 -0.274048 1.222534
1.160034 -0.195679 0.830078 -0.027710 -0.157593 1.282837
1.289429 -0.201538 0.829956 0.104492 -0.149536 1.290161
1.422119 -0.220215 0.822021 0.242676 -0.159424 1.255615
1.543213 -0.222778 0.820190 0.387207 -0.174194 1.187744
1.652832 -0.259155 0.795410 0.546265 -0.185913 1.099976
1.733887 -0.246948 0.726196 0.713989 -0.208008 0.984375
1.777588 -0.248657 0.615601 0.877319 -0.224854 0.854736
1.804565 -0.281616 0.521973 1.016602 -0.210815 0.733276
1.837036 -0.288696 0.448730 1.132568 -0.161865 0.628784
1.856445 -0.303101 0.390137 1.245972 -0.079468 0.531006
1.866455 -0.325073 0.325806 1.367065 0.009521 0.440552
1.847168 -0.354736 0.240723 1.495605 0.099854 0.359253
1.791016 -0.367798 0.162354 1.630493 0.174316 0.286621
1.718628 -0.372437 0.080811 1.775146 0.212646 0.226074
1.661499 -0.380005 -0.022095 1.927246 0.214233 0.180542
1.646973 -0.396118 -0.096191 2.069824 0.144287 0.147705
1.715820 -0.399292 -0.189453 2.191650 0.057739 0.107056
1.818115 -0.327271 -0.353149 2.274170 0.027344 0.027344
1.871216 -0.238037 -0.534180 2.274902 0.053345 -0.111328
1.831421 -0.167847 -0.681763 2.197388 -0.001587 -0.303711
1.718140 -0.121948 -0.781128 2.071289 -0.031372 -0.511963
1.578369 -0.090332 -0.811401 1.913818 -0.034302 -0.689209
1.443115 -0.093262 -0.811768 1.761230 -0.094971 -0.821533
1.331055 -0.112915 -0.827148 1.642578 -0.227783 -0.906006
1.229858 -0.099121 -0.881104 1.536255 -0.412964 -0.930298
1.145508 -0.096680 -0.955200 1.411011 -0.551880 -0.894653
1.097168 -0.098999 -1.018677 1.270264 -0.570923 -0.803101
1.102295 -0.060791 -1.044922 1.118652 -0.488159 -0.671997
1.135010 0.027344 -1.037354 0.974976 -0.372192 -0.550903
1.147095 0.107666 -0.992188 0.848999 -0.257690 -0.503906
1.090210 0.156982 -0.935913 0.742920 -0.185303 -0.552124
0.968262 0.153320 -0.890625 0.650391 -0.188354 -0.660645
0.821411 0.145264 -0.859375 0.567627 -0.284790 -0.772827
0.662109 0.147949 -0.857422 0.507202 -0.392090 -0.838745
0.523438 0.161987 -0.873779 0.471436 -0.466675 -0.844360
0.406250 0.177979 -0.894165 0.437622 -0.485962 -0.799194
0.329102 0.197388 -0.893799 0.383179 -0.423218 -0.705200
0.277222 0.203735 -0.891113 0.305786 -0.304443 -0.565552
0.253540 0.211304 -0.871094 0.202148 -0.154785 -0.402222
0.227295 0.211426 -0.836182 0.084473 -0.002563 -0.238770
0.203979 0.209106 -0.799561 -0.021240 0.111450 -0.092773
0.182251 0.202637 -0.769165 -0.111450 0.166870 0.030518
0.165039 0.196899 -0.732178 -0.192627 0.166748 0.135132
0.158325 0.187378 -0.709961 -0.266846 0.131714 0.226196
0.149292 0.160156 -0.682739 -0.341553 0.091675 0.310791
0.149414 0.121704 -0.661621 -0.414429 0.063721 0.397461
0.166992 0.085449 -0.646484 -0.486084 0.035278 0.494873
0.211548 0.038452 -0.633179 -0.559814 -0.000610 0.602051
0.269043 -0.007446 -0.613159 -0.638184 -0.020752 0.713135
0.330200 -0.048950 -0.587036 -0.713379 -0.040894 0.814209
0.390869 -0.077637 -0.552734 -0.777588 -0.080688 0.902466
0.451172 -0.113037 -0.535156 -0.829468 -0.133545 0.974609
0.502441 -0.150269 -0.513184 -0.876343 -0.173584 1.036621
0.563110 -0.166016 -0.486572 -0.912476 -0.147949 1.082397
0.607788 -0.188110 -0.461182 -0.942261 -0.098022 1.117188
0.636475 -0.222656 -0.427368 -0.988037 -0.075439 1.161621
0.648804 -0.249878 -0.388184 -1.057861 -0.058105 1.233398
0.670654 -0.285522 -0.349854 -1.119141 -0.001953 1.317139
0.701660 -0.335449 -0.323364 -1.161255 0.078491 1.398193
0.756714 -0.385742 -0.309082 -1.190796 0.182373 1.476196
0.819092 -0.429443 -0.308472 -1.213623 0.256348 1.548462
0.907471 -0.492554 -0.312256 -1.247437 0.243042 1.619629
1.023315 -0.533936 -0.289063 -1.301392 0.199707 1.683105
1.133667 -0.545654 -0.259766 -1.351685 0.160278 1.709351
1.230713 -0.554932 -0.208618 -1.375732 0.093994 1.682739
1.316040 -0.534790 -0.128418 -1.367920 -0.004028 1.597656
1.350464 -0.489746 -0.062134 -1.320068 -0.132935 1.448853
1.333252 -0.452271 -0.024780 -1.228760 -0.289185 1.255615
1.256348 -0.494751 -0.058838 -1.115356 -0.456055 1.067627
1.206665 -0.636353 -0.117920 -1.025024 -0.593018 0.957520
1.266846 -0.701172 -0.120728 -0.992432 -0.598877 0.967651
1.359863 -0.673462 -0.098877 -0.963379 -0.455566 1.038452
1.444092 -0.635986 -0.064697 -0.908081 -0.271973 1.095581
1.485474 -0.577759 -0.023682 -0.851196 -0.143677 1.117676
1.474731 -0.516846 -0.011719 -0.784424 -0.084229 1.083496
1.437256 -0.480347 -0.035034 -0.701904 -0.108276 0.988647
1.399536 -0.463623 -0.091187 -0.605469 -0.193726 0.849243
1.373535 -0.563599 -0.220337 -0.515259 -0.318970 0.699829
1.420776 -0.657104 -0.295410 -0.484375 -0.412964 0.599243
1.531250 -0.691895 -0.309082 -0.496582 -0.395996 0.511963
1.663086 -0.691162 -0.279053 -0.499756 -0.353882 0.421997
1.763062 -0.673340 -0.216431 -0.491089 -0.328247 0.339233
1.807129 -0.634644 -0.156738 -0.455811 -0.341553 0.260010
1.778442 -0.591675 -0.131104 -0.396362 -0.385498 0.188354
1.688477 -0.546265 -0.131226 -0.316650 -0.436890 0.106323
1.575317 -0.497314 -0.171997 -0.229248 -0.474243 0.020752
1.473267 -0.444336 -0.228027 -0.146240 -0.470581 -0.065430
1.364380 -0.402222 -0.287598 -0.072388 -0.439209 -0.142456
1.250244 -0.368408 -0.355713 -0.019897 -0.392944 -0.200073
1.139893 -0.344482 -0.432617 0.004761 -0.327637 -0.233887
1.035278 -0.343994 -0.497559 0.004395 -0.240356 -0.242920
0.962036 -0.366699 -0.550293 -0.018921 -0.147095 -0.218506
