0.254517 0.212036 0.304688 -0.084839 -0.515503 -0.026611
0.199219 0.111206 0.281860 -0.041748 -0.478027 0.109619
0.146851 0.136963 0.301758 -0.030640 -0.390625 0.209473
0.017700 0.125854 0.404663 0.011719 -0.345703 0.340942
0.004028 0.082886 0.375977 0.095825 -0.409058 0.502319
0.074341 0.053101 0.377686 0.173218 -0.499756 0.623291
0.118652 0.024658 0.356812 0.257690 -0.591797 0.702515
0.147949 -0.006470 0.344116 0.338623 -0.642090 0.765747
0.155640 -0.037231 0.344116 0.409302 -0.651123 0.813965
0.181152 -0.102661 0.335449 0.480103 -0.654053 0.866821
0.216309 -0.177734 0.344849 0.551392 -0.643555 0.942505
0.267212 -0.245850 0.345581 0.632446 -0.602539 1.035767
0.313477 -0.318359 0.343628 0.728027 -0.545898 1.135376
0.351440 -0.397827 0.311768 0.843140 -0.490967 1.240356
0.389404 -0.478516 0.247070 0.972656 -0.444946 1.362305
0.432129 -0.554565 0.166748 1.103271 -0.408081 1.511230
0.510498 -0.615601 0.053223 1.246582 -0.382446 1.675171
0.610596 -0.681152 -0.105591 1.404907 -0.379883 1.824829
0.740112 -0.754517 -0.319580 1.559692 -0.414673 1.957642
0.932983 -0.803589 -0.595703 1.683594 -0.466553 2.083618
1.192505 -0.791626 -0.941772 1.728027 -0.487793 2.188599
1.437256 -0.699097 -1.269653 1.624390 -0.408203 2.238892
1.599609 -0.543335 -1.484863 1.348999 -0.181519 2.207153
1.640869 -0.424316 -1.518677 0.943970 0.104248 2.097168
1.617065 -0.413574 -1.409302 0.494751 0.288330 1.952393
1.593994 -0.491577 -1.286133 0.107544 0.264038 1.830322
1.474243 -0.613770 -1.162842 -0.157593 0.077881 1.757935
1.670288 -0.662354 -1.137085 -0.296265 -0.167725 1.751831
1.790649 -0.700439 -1.112549 -0.375122 -0.269043 1.712769
1.870972 -0.696411 -1.147339 -0.435059 -0.328125 1.697388
1.948853 -0.661865 -1.189941 -0.543335 -0.231201 1.728516
2.034424 -0.625122 -1.179443 -0.723022 0.018555 1.741089
2.098267 -0.635132 -1.102661 -0.960449 0.297241 1.721558
2.134033 -0.661865 -0.987793 -1.204956 0.547363 1.675537
2.180908 -0.662842 -0.849487 -1.400024 0.790894 1.593628
2.236328 -0.662720 -0.724121 -1.519653 0.997437 1.455566
2.278198 -0.672241 -0.603516 -1.578491 1.125122 1.257202
2.310547 -0.669067 -0.496704 -1.593262 1.145508 1.015625
2.331665 -0.662842 -0.423584 -1.582031 1.088867 0.754028
2.330566 -0.679565 -0.381836 -1.581787 1.036865 0.482178
2.308838 -0.698486 -0.318970 -1.610352 0.993164 0.217896
2.283203 -0.724854 -0.222290 -1.646851 0.949951 -0.019897
2.276733 -0.741699 -0.134766 -1.668091 0.898193 -0.221680
2.286377 -0.757446 -0.050049 -1.675781 0.850952 -0.396606
2.292114 -0.785400 0.053223 -1.679565 0.835205 -0.554443
2.296509 -0.808594 0.172363 -1.668457 0.849731 -0.699219
2.280884 -0.799561 0.300781 -1.621094 0.876099 -0.848145
2.245972 -0.783081 0.427124 -1.528198 0.922729 -1.006592
2.194580 -0.763916 0.501587 -1.385742 0.950928 -1.194458
2.084839 -0.759155 0.513916 -1.223755 0.966064 -1.404663
1.922974 -0.754639 0.517578 -1.065796 0.984497 -1.612793
1.777344 -0.774048 0.499756 -0.917236 0.952148 -1.793091
1.645996 -0.797241 0.487061 -0.800537 0.880371 -1.948730
1.502808 -0.813721 0.494263 -0.718140 0.799316 -2.084351
1.358276 -0.815186 0.517090 -0.648071 0.732910 -2.201172
1.205444 -0.807129 0.524048 -0.570801 0.678589 -2.300659
1.050781 -0.790039 0.527954 -0.488770 0.615601 -2.372803
0.906982 -0.771729 0.524536 -0.407837 0.543335 -2.411377
0.769653 -0.739380 0.520142 -0.322388 0.473022 -2.418213
0.650146 -0.693115 0.503662 -0.228760 0.425659 -2.391113
0.538452 -0.649780 0.474731 -0.134766 0.410645 -2.325928
0.449463 -0.614624 0.432251 -0.053223 0.424438 -2.226563
0.380615 -0.566406 0.407593 0.013916 0.448120 -2.111572
0.319824 -0.507324 0.381470 0.076782 0.460205 -2.000244
0.266846 -0.452881 0.362183 0.132080 0.470825 -1.895630
0.218262 -0.393799 0.341431 0.178467 0.474365 -1.789795
0.169189 -0.328857 0.317261 0.224243 0.473267 -1.683960
0.119751 -0.260132 0.296387 0.270996 0.467041 -1.586792
0.058594 -0.193848 0.269531 0.313232 0.447998 -1.498535
-0.012939 -0.140747 0.242310 0.351074 0.408936 -1.419189
-0.085571 -0.108643 0.207153 0.385254 0.351196 -1.341187
-0.153931 -0.079102 0.169678 0.410522 0.276367 -1.250977
-0.196045 -0.057251 0.152832 0.423828 0.200562 -1.135986
-0.217651 -0.036133 0.143066 0.426514 0.135498 -0.998779
-0.223999 -0.020630 0.125000 0.420044 0.070435 -0.846069
-0.218506 -0.014893 0.139648 0.402832 0.020020 -0.682617
-0.188477 -0.007324 0.160400 0.385498 -0.006226 -0.511108
-0.153931 -0.006714 0.191406 0.389526 -0.032349 -0.351318
-0.135254 -0.013184 0.207642 0.424927 -0.082520 -0.214600
-0.112793 -0.017822 0.213135 0.482910 -0.147095 -0.095825
-0.099854 -0.028687 0.213135 0.557495 -0.212036 0.015869
-0.100342 -0.029297 0.178345 0.641724 -0.269287 0.127686
-0.097778 -0.022705 0.153198 0.716675 -0.301392 0.245361
-0.090332 -0.037476 0.109619 0.781006 -0.296631 0.373413
-0.070313 -0.056763 0.067505 0.853516 -0.299438 0.506958
-0.028564 -0.096924 -0.001831 0.937622 -0.315918 0.639160
0.027710 -0.157593 -0.058228 1.012451 -0.319580 0.776001
0.099121 -0.212646 -0.116699 1.070923 -0.301025 0.926270
0.185303 -0.247681 -0.165283 1.110107 -0.263794 1.090942
0.265137 -0.267822 -0.221802 1.130371 -0.212158 1.257813
0.356201 -0.280884 -0.277832 1.114868 -0.151855 1.420898
0.442749 -0.294434 -0.309082 1.060425 -0.094971 1.569946
0.534058 -0.323486 -0.335327 1.005005 -0.058228 1.697266
0.632935 -0.355469 -0.365723 0.978516 -0.060547 1.802612
0.760620 -0.347534 -0.411621 0.991821 -0.096558 1.892944
0.882202 -0.359131 -0.512939 1.037231 -0.161621 1.947510
1.004272 -0.391357 -0.640503 1.063721 -0.238770 1.978516
1.116943 -0.403442 -0.726074 1.022339 -0.291382 2.010376
1.227783 -0.380249 -0.748291 0.917480 -0.286621 2.046753
1.316162 -0.361572 -0.725464 0.786499 -0.238037 2.067505
1.406250 -0.353394 -0.689453 0.668701 -0.183350 2.061279
1.480225 -0.350952 -0.677490 0.586304 -0.165161 2.019531
1.546265 -0.348877 -0.676392 0.526001 -0.183716 1.948364
1.586792 -0.364136 -0.678101 0.475220 -0.212891 1.860107
1.614502 -0.417603 -0.694824 0.426636 -0.223877 1.781494
1.645386 -0.490356 -0.726929 0.368530 -0.205566 1.732422
1.717163 -0.580566 -0.735229 0.290405 -0.174683 1.729492
1.822754 -0.602417 -0.698853 0.200073 -0.121216 1.773438
1.958008 -0.545044 -0.620239 0.119385 -0.027832 1.800903
2.057983 -0.462036 -0.525391 0.069336 0.053589 1.735352
2.098022 -0.387085 -0.435913 0.049438 0.085815 1.553223
2.073364 -0.360596 -0.385376 0.057373 0.062866 1.286133
1.946899 -0.365234 -0.354858 0.081665 -0.002075 0.994995
1.751465 -0.375366 -0.339233 0.106689 -0.067139 0.733276
1.583862 -0.409912 -0.349731 0.119629 -0.101196 0.553101
1.447998 -0.388550 -0.363403 0.118042 -0.164795 0.440063
1.304321 -0.470093 -0.356079 0.098755 -0.168823 0.332886
1.185913 -0.486206 -0.351563 0.076172 -0.311035 0.342041
1.169434 -0.476074 -0.317749 0.069702 -0.332520 0.427002
1.218994 -0.464966 -0.269897 0.075073 -0.204956 0.487427
1.254639 -0.456787 -0.227661 0.072876 -0.002808 0.491211
1.265991 -0.454346 -0.177368 0.072510 0.182617 0.468628
1.232300 -0.477417 -0.158569 0.089600 0.294312 0.429932
1.179932 -0.496460 -0.154785 0.107178 0.352905 0.386108
1.128174 -0.493652 -0.150879 0.121216 0.365479 0.344727
1.071167 -0.491699 -0.153687 0.137451 0.325317 0.299927
1.033325 -0.476318 -0.149536 0.148682 0.245728 0.256104
1.015015 -0.461060 -0.136353 0.155396 0.149170 0.213135
1.003052 -0.451782 -0.140869 0.164063 0.027832 0.164063
0.989990 -0.449341 -0.138306 0.172607 -0.095947 0.109253
0.964722 -0.468140 -0.142212 0.178223 -0.193115 0.064453
0.940308 -0.495605 -0.122437 0.176636 -0.218506 0.048340
0.960205 -0.519043 -0.147583 0.170898 -0.113770 0.063599
0.973755 -0.551147 -0.132935 0.165649 -0.074707 0.093994
0.988281 -0.561279 -0.119385 0.165405 -0.086426 0.128052
1.015991 -0.544678 -0.102783 0.178711 -0.053101 0.151855
1.033203 -0.529419 -0.096680 0.203003 -0.016846 0.153809
1.027344 -0.510864 -0.106201 0.226196 0.000366 0.136353
1.009155 -0.503174 -0.122314 0.241577 0.018677 0.113525
0.995117 -0.506714 -0.128662 0.248169 0.022827 0.099365
0.989502 -0.506592 -0.134888 0.245117 0.018433 0.094604
0.981079 -0.511475 -0.123535 0.235962 0.028320 0.092285
0.975464 -0.524902 -0.112671 0.223755 0.056152 0.095215
0.977783 -0.541016 -0.091309 0.210327 0.093872 0.105103
0.982300 -0.565308 -0.074585 0.202637 0.123169 0.116211
0.988403 -0.590698 -0.059814 0.194946 0.143555 0.126465
0.995728 -0.605957 -0.037720 0.190552 0.155884 0.137085
1.008911 -0.610962 -0.025391 0.194580 0.149658 0.140259
1.021484 -0.618286 -0.019043 0.203979 0.123291 0.130493
1.022583 -0.622559 -0.031860 0.210205 0.091309 0.111450
