1.158813 -0.130493 -0.527954 0.279907 -0.261475 -0.013306
1.186890 -0.152344 -0.588013 0.241455 -0.039063 0.081177
1.154663 -0.073364 -0.629272 0.177612 0.086548 0.180542
1.305298 -0.073364 -0.743530 0.109009 0.115112 0.358032
1.562500 -0.082031 -0.777222 0.014526 0.214600 0.452271
1.794067 -0.101929 -0.752686 -0.073853 0.301392 0.447266
1.993042 -0.102539 -0.724976 -0.126221 0.355713 0.385620
2.138428 -0.105469 -0.720581 -0.125610 0.372925 0.237671
2.242188 -0.100708 -0.738647 -0.079712 0.353638 0.030762
2.297729 -0.097900 -0.789185 -0.013672 0.300049 -0.197266
2.302246 -0.121216 -0.852295 0.042358 0.254395 -0.421875
2.282104 -0.170410 -0.900391 0.070068 0.234863 -0.616455
2.270996 -0.209595 -0.948608 0.060913 0.229370 -0.770264
2.223877 -0.217651 -0.983887 0.018066 0.242798 -0.901855
2.155884 -0.212769 -0.985962 -0.057007 0.260376 -0.989746
2.069702 -0.238647 -0.973877 -0.170044 0.244141 -1.052490
1.992676 -0.285522 -0.933594 -0.291138 0.087280 -1.104858
1.941528 -0.333496 -0.932983 -0.395630 -0.192017 -1.153442
1.869751 -0.370605 -0.975220 -0.482422 -0.492676 -1.234009
1.729736 -0.402222 -1.024902 -0.561279 -0.741699 -1.359741
1.472534 -0.485596 -1.128906 -0.643921 -0.907959 -1.498291
1.221069 -0.455444 -1.186768 -0.746338 -0.759155 -1.622314
1.035034 -0.443115 -1.104492 -0.839966 -0.456543 -1.738281
0.873169 -0.474854 -1.102295 -0.894897 -0.354126 -1.824463
0.699463 -0.496582 -1.111816 -0.971680 -0.373657 -1.859619
0.529541 -0.483887 -1.084961 -1.108398 -0.427246 -1.837769
0.398315 -0.465210 -1.020874 -1.284302 -0.457397 -1.780151
0.275635 -0.454224 -0.922485 -1.456787 -0.417847 -1.695679
0.179199 -0.472534 -0.808350 -1.592407 -0.323730 -1.592651
0.129028 -0.452026 -0.686768 -1.690552 -0.204834 -1.485107
0.079346 -0.505005 -0.559326 -1.756958 -0.112915 -1.391357
0.014038 -0.511230 -0.425659 -1.781494 -0.083130 -1.281372
-0.030273 -0.509521 -0.333130 -1.764160 -0.114258 -1.149658
-0.051392 -0.463135 -0.250244 -1.722534 -0.137085 -1.018921
-0.074219 -0.391968 -0.178345 -1.664307 -0.126221 -0.907715
-0.108643 -0.303833 -0.122681 -1.603760 -0.121216 -0.815674
-0.139893 -0.220703 -0.069824 -1.580322 -0.188843 -0.707764
-0.167725 -0.159058 -0.032471 -1.616699 -0.354736 -0.575806
-0.159424 -0.150269 0.003540 -1.645142 -0.495483 -0.436523
-0.164185 -0.139771 0.037231 -1.620483 -0.525269 -0.314819
-0.177246 -0.107056 0.075684 -1.570190 -0.528442 -0.186768
-0.168701 -0.072266 0.107056 -1.543579 -0.551147 -0.033936
-0.147461 -0.042236 0.146362 -1.549072 -0.570313 0.129395
-0.112915 -0.045288 0.199707 -1.562256 -0.558594 0.283936
-0.077393 -0.067139 0.258667 -1.557617 -0.519775 0.427368
-0.021729 -0.095459 0.321411 -1.538086 -0.488037 0.578003
0.062744 -0.103516 0.387207 -1.500000 -0.442139 0.733032
0.150024 -0.107300 0.468750 -1.431641 -0.373291 0.869873
0.256104 -0.142334 0.548462 -1.364380 -0.363281 1.004272
0.398071 -0.158447 0.629395 -1.298218 -0.393188 1.153076
0.541138 -0.147705 0.706787 -1.199463 -0.381714 1.271362
0.679810 -0.106934 0.780273 -1.076172 -0.371094 1.341919
0.793945 -0.063843 0.848999 -0.933838 -0.358643 1.364990
0.884155 -0.031616 0.895630 -0.781128 -0.332153 1.341064
0.946655 -0.032837 0.912354 -0.646118 -0.355469 1.308716
1.004150 -0.035400 0.935303 -0.501587 -0.393799 1.276245
1.067505 -0.038208 0.948730 -0.349121 -0.437378 1.243042
1.127808 -0.063721 0.955566 -0.188477 -0.468018 1.216309
1.244507 -0.103882 0.951660 -0.017700 -0.534302 1.216919
1.352783 -0.047852 0.955078 0.161621 -0.607788 1.231567
1.522461 -0.048584 0.938477 0.357544 -0.713013 1.218018
1.632080 -0.043335 0.904419 0.567627 -0.713867 1.116821
1.657349 -0.047729 0.836914 0.787598 -0.621338 0.963623
1.663574 -0.096924 0.729980 1.002563 -0.538086 0.826904
1.687256 -0.149048 0.603394 1.198364 -0.492188 0.732300
1.732910 -0.197876 0.466553 1.378052 -0.421631 0.655762
1.808228 -0.232422 0.327026 1.536133 -0.315063 0.588867
1.852783 -0.228271 0.205933 1.670532 -0.151733 0.512817
1.847778 -0.239868 0.088135 1.796509 0.020996 0.416260
1.822144 -0.278442 -0.011230 1.908081 0.149170 0.320557
1.770996 -0.314819 -0.089233 2.013428 0.234253 0.234009
1.726318 -0.347290 -0.166992 2.131958 0.317871 0.153687
1.734863 -0.382690 -0.220337 2.267334 0.326050 0.082642
1.794067 -0.368774 -0.262817 2.418823 0.272949 0.003174
1.880127 -0.335205 -0.479248 2.575806 0.424927 -0.113770
1.923706 -0.345215 -0.674316 2.685913 0.473755 -0.297729
1.823975 -0.332886 -0.827637 2.710571 0.448608 -0.531250
1.640137 -0.303223 -0.932739 2.672729 0.453369 -0.728516
1.454956 -0.278931 -1.013550 2.592163 0.454346 -0.855103
1.275391 -0.275513 -1.119141 2.486572 0.333618 -0.926270
1.074463 -0.267944 -1.219360 2.349365 0.167847 -0.954590
0.839844 -0.232056 -1.307251 2.171143 0.064697 -0.921631
0.629395 -0.179565 -1.334961 1.941406 0.067627 -0.797241
0.528076 -0.140015 -1.327148 1.691772 0.127808 -0.583374
0.571411 -0.127441 -1.320313 1.456055 0.240356 -0.330688
0.649414 -0.073120 -1.324707 1.264526 0.362915 -0.130249
0.717407 -0.023560 -1.369385 1.125488 0.414307 -0.019409
0.768555 0.024048 -1.441895 0.999634 0.372559 0.007324
0.766113 0.076904 -1.507568 0.834351 0.274658 -0.022461
0.711914 0.098267 -1.524658 0.614868 0.226563 -0.072632
0.649658 0.094727 -1.480103 0.364014 0.288330 -0.108765
0.576416 0.062744 -1.387329 0.112915 0.381592 -0.119507
0.486938 0.016968 -1.279663 -0.111328 0.425781 -0.095093
0.414795 -0.031128 -1.176147 -0.298706 0.455566 -0.031494
0.370850 -0.075073 -1.082886 -0.460693 0.476440 0.069824
0.376221 -0.114380 -0.976318 -0.605347 0.488525 0.199707
0.419556 -0.139038 -0.871704 -0.743286 0.474121 0.341675
0.488159 -0.150513 -0.780396 -0.870117 0.449341 0.469482
0.552002 -0.151367 -0.682861 -0.981689 0.434204 0.561035
0.575317 -0.157959 -0.602173 -1.074341 0.408447 0.612671
0.563477 -0.165283 -0.544067 -1.142456 0.377686 0.633179
0.531860 -0.171021 -0.514404 -1.188599 0.334106 0.640503
0.490601 -0.174805 -0.505249 -1.228882 0.272217 0.648682
0.449463 -0.193848 -0.488281 -1.276489 0.211060 0.665405
0.429565 -0.224731 -0.470947 -1.336670 0.135864 0.699829
0.439575 -0.270142 -0.442139 -1.405640 0.043579 0.762939
0.494507 -0.331665 -0.397583 -1.475464 -0.039185 0.859619
0.591431 -0.371094 -0.342407 -1.545410 -0.100098 0.981323
0.683105 -0.384277 -0.284668 -1.615112 -0.136719 1.097900
0.758057 -0.395752 -0.223511 -1.675293 -0.146362 1.192017
0.826904 -0.418945 -0.163574 -1.723267 -0.128662 1.265259
0.899902 -0.450928 -0.099976 -1.750610 -0.106812 1.316528
0.996460 -0.487061 -0.030029 -1.751587 -0.095459 1.350220
1.094604 -0.506470 0.037354 -1.730713 -0.078247 1.361572
1.192993 -0.501465 0.111206 -1.683838 -0.042969 1.339722
1.264404 -0.478271 0.173218 -1.613037 -0.067749 1.291992
1.333008 -0.478638 0.211304 -1.525635 -0.128906 1.223022
1.375610 -0.502686 0.225342 -1.413330 -0.116333 1.112427
1.400391 -0.554321 0.214600 -1.285034 -0.082886 0.984131
1.416870 -0.596191 0.205566 -1.155518 -0.080933 0.868896
1.448853 -0.641357 0.203613 -1.023804 -0.147095 0.780273
1.512695 -0.665039 0.218506 -0.909424 -0.255127 0.739502
1.583984 -0.661377 0.212891 -0.818726 -0.313843 0.731079
1.617432 -0.641846 0.239258 -0.746826 -0.210571 0.706787
1.618530 -0.599365 0.262207 -0.689941 -0.046875 0.682983
1.576782 -0.558716 0.264526 -0.635254 0.118286 0.649414
1.520142 -0.503540 0.260132 -0.571655 0.253296 0.598877
1.446411 -0.473267 0.228394 -0.485352 0.336304 0.536743
1.372681 -0.472412 0.159180 -0.373901 0.358398 0.447144
1.322266 -0.508423 0.064209 -0.267090 0.315796 0.352295
1.307373 -0.543091 -0.008057 -0.187866 0.231323 0.275146
1.322144 -0.556396 -0.032593 -0.140015 0.154419 0.217773
1.343872 -0.535278 -0.030273 -0.112061 0.100952 0.180420
1.346924 -0.504517 -0.009155 -0.093506 0.072388 0.151733
1.320313 -0.477905 0.007080 -0.072510 0.043701 0.116333
1.278198 -0.466675 0.010498 -0.044067 0.010376 0.068970
1.228149 -0.461914 -0.000122 -0.001343 -0.027954 0.001831
1.166016 -0.463623 -0.026978 0.053345 -0.070435 -0.070313
1.104614 -0.470947 -0.056641 0.108521 -0.109863 -0.125366
1.072144 -0.476196 -0.100586 0.160034 -0.143555 -0.155884
1.050781 -0.480103 -0.148071 0.197998 -0.172485 -0.167480
1.039185 -0.483887 -0.193970 0.214844 -0.187622 -0.161987
1.041382 -0.472290 -0.231567 0.205688 -0.180176 -0.141724
1.031738 -0.455811 -0.249390 0.175781 -0.146118 -0.120483
1.015015 -0.450928 -0.260742 0.133423 -0.091919 -0.105103
0.989868 -0.461670 -0.261353 0.085938 -0.042358 -0.096558
0.962402 -0.471191 -0.257568 0.045776 -0.012085 -0.092896
0.934326 -0.483398 -0.251709 0.016968 -0.000366 -0.090454
0.911499 -0.495850 -0.247681 0.001587 -0.003052 -0.086548
0.907227 -0.507446 -0.237671 -0.006226 -0.017090 -0.078125
