0.358398 0.569946 -0.119385 -0.001709 0.024780 0.289307
0.384155 0.542725 -0.124878 0.031982 0.130127 0.372925
0.383667 0.544189 -0.155762 0.063110 0.223267 0.439209
0.380127 0.513306 -0.187866 0.074951 0.285889 0.513672
0.364136 0.467285 -0.226440 0.055664 0.332520 0.555908
0.309570 0.396606 -0.228638 0.002197 0.319458 0.570923
0.228271 0.389648 -0.166992 -0.065918 0.243042 0.573242
0.169434 0.404907 -0.170410 -0.106567 0.189453 0.583008
0.133179 0.361694 -0.150757 -0.146240 0.138672 0.617065
0.102783 0.262085 -0.107910 -0.196167 0.069702 0.660645
0.089966 0.169678 -0.045898 -0.249146 -0.017456 0.695068
0.073975 0.103516 0.012085 -0.278320 -0.109741 0.719360
0.069458 0.043213 0.069336 -0.265991 -0.208496 0.759033
0.081665 -0.018311 0.127686 -0.226196 -0.311401 0.838013
0.111450 -0.076538 0.174316 -0.168701 -0.385254 0.943726
0.142090 -0.130737 0.217407 -0.100464 -0.414917 1.063721
0.179932 -0.186523 0.258667 -0.028809 -0.401489 1.212524
0.205078 -0.240479 0.290527 0.058594 -0.345459 1.394897
0.244507 -0.284180 0.294312 0.188232 -0.256592 1.602295
0.334717 -0.325928 0.250732 0.376953 -0.202148 1.822144
0.426636 -0.358521 0.143799 0.606323 -0.228149 2.024902
0.641357 -0.385742 0.009277 0.854004 -0.338867 2.166504
0.815918 -0.458008 -0.200928 1.073242 -0.318237 2.193115
1.050415 -0.504517 -0.374023 1.221558 -0.185303 2.176636
1.213867 -0.466797 -0.513428 1.293823 -0.035767 2.228760
1.330566 -0.415405 -0.604614 1.284424 0.082397 2.340210
1.427979 -0.395996 -0.681396 1.193237 0.226074 2.434814
1.505859 -0.378906 -0.686768 1.043091 0.399658 2.435425
1.525879 -0.418579 -0.656250 0.895630 0.462646 2.356079
1.617188 -0.485718 -0.626099 0.820801 0.311035 2.305054
1.774292 -0.525879 -0.614624 0.825073 0.067383 2.281860
1.930908 -0.562378 -0.611816 0.908081 -0.266968 2.224731
2.140137 -0.557373 -0.669067 1.033447 -0.597656 2.134888
2.340210 -0.511353 -0.819824 1.122681 -0.680664 2.006836
2.489502 -0.468262 -0.928955 1.138550 -0.663208 1.814453
2.593628 -0.345215 -1.022949 1.047729 -0.578979 1.549194
2.600098 -0.266235 -1.090210 0.862915 -0.318726 1.245728
2.525757 -0.250854 -1.057861 0.634888 -0.080811 0.980957
2.464111 -0.262085 -1.021729 0.412720 0.009766 0.799561
2.422974 -0.278076 -0.991455 0.237915 -0.005737 0.658447
2.425049 -0.310791 -0.967407 0.129150 -0.062622 0.513916
2.418213 -0.312134 -0.939453 0.085815 -0.109497 0.347656
2.383301 -0.318359 -0.916748 0.095825 -0.253784 0.169434
2.347778 -0.316162 -0.946411 0.123657 -0.428955 -0.012207
2.303223 -0.297241 -0.998169 0.126953 -0.563599 -0.192505
2.250122 -0.279053 -1.031372 0.084106 -0.619019 -0.367554
2.167969 -0.276123 -1.065186 -0.003540 -0.579590 -0.521484
2.072144 -0.326172 -1.079956 -0.128540 -0.450562 -0.649780
1.975464 -0.398804 -1.060059 -0.266968 -0.270508 -0.756348
1.888062 -0.438110 -1.014282 -0.389404 -0.107544 -0.838135
1.813721 -0.468994 -0.980957 -0.486206 0.004517 -0.901245
1.762695 -0.488525 -0.945557 -0.562500 0.052979 -0.962158
1.725098 -0.502319 -0.926392 -0.619385 0.051270 -1.041504
1.682129 -0.511841 -0.894775 -0.661865 0.021484 -1.147705
1.626221 -0.505249 -0.854492 -0.694092 -0.024048 -1.269409
1.552368 -0.467041 -0.840088 -0.721802 -0.089355 -1.394287
1.465454 -0.492432 -0.833008 -0.757202 -0.189331 -1.499878
1.363159 -0.493896 -0.827515 -0.808838 -0.249878 -1.585571
1.245239 -0.503052 -0.806274 -0.870728 -0.218750 -1.658936
1.132690 -0.515015 -0.769043 -0.935425 -0.193115 -1.699829
1.036255 -0.514282 -0.720825 -0.998657 -0.165405 -1.698608
0.965210 -0.492676 -0.670898 -1.060059 -0.084595 -1.664307
0.906006 -0.463013 -0.626465 -1.112305 -0.046143 -1.614136
0.847778 -0.417358 -0.575317 -1.160767 -0.024048 -1.565674
0.786987 -0.378296 -0.528687 -1.199585 0.018677 -1.535400
0.723877 -0.350952 -0.482666 -1.225708 0.050415 -1.513550
0.671997 -0.313721 -0.439941 -1.252930 0.072632 -1.492065
0.600586 -0.273071 -0.396973 -1.275879 0.125366 -1.482910
0.496948 -0.244995 -0.357666 -1.283936 0.194824 -1.473633
0.412354 -0.215332 -0.314209 -1.287476 0.212158 -1.436890
0.358521 -0.206543 -0.284058 -1.298462 0.218140 -1.378418
0.295166 -0.137695 -0.226685 -1.314453 0.235596 -1.324707
0.246216 -0.096924 -0.191406 -1.317261 0.230957 -1.270508
0.177856 -0.036865 -0.132690 -1.314087 0.202271 -1.208496
0.119751 0.007080 -0.085815 -1.299194 0.157593 -1.139282
0.061646 0.045654 -0.052490 -1.276855 0.093140 -1.063965
0.035767 0.097412 -0.011475 -1.261719 0.032837 -0.970703
0.012329 0.114258 -0.018677 -1.269897 0.006348 -0.861694
-0.001343 0.102295 -0.010376 -1.279175 -0.070557 -0.761475
-0.009277 0.111084 0.023315 -1.263306 -0.155273 -0.677734
-0.040771 0.140747 0.071655 -1.248901 -0.227295 -0.596924
-0.085327 0.161133 0.112671 -1.245728 -0.259888 -0.503296
-0.137329 0.162842 0.126953 -1.237427 -0.247192 -0.399658
-0.178101 0.154297 0.155151 -1.217285 -0.253174 -0.291382
-0.197998 0.132690 0.171387 -1.182617 -0.305420 -0.172729
-0.190063 0.110962 0.201050 -1.143188 -0.369629 -0.041260
-0.163940 0.092285 0.237793 -1.096069 -0.408569 0.106567
-0.129395 0.064209 0.264404 -1.034424 -0.425293 0.275146
-0.077271 0.032471 0.297607 -0.963379 -0.429077 0.465820
0.000122 0.021118 0.340454 -0.885132 -0.412598 0.668579
0.083374 0.038330 0.356812 -0.792358 -0.379639 0.856445
0.153564 0.051514 0.343872 -0.686035 -0.334473 1.003174
0.214111 0.044067 0.328857 -0.575928 -0.292969 1.109009
0.248047 0.036743 0.281982 -0.466431 -0.271240 1.178833
0.253052 0.021362 0.224243 -0.363037 -0.288086 1.226196
0.269287 -0.008667 0.146851 -0.272095 -0.333374 1.272705
0.300049 -0.055420 0.093384 -0.194336 -0.398438 1.335815
0.360596 -0.146240 0.031860 -0.131226 -0.473145 1.429443
0.517822 -0.267090 0.017456 -0.105957 -0.559448 1.586792
0.686035 -0.255127 0.032227 -0.136841 -0.614868 1.808105
0.899292 -0.290649 0.046875 -0.194092 -0.584229 2.026855
1.020508 -0.300415 0.090942 -0.240234 -0.366821 2.150269
1.086182 -0.282104 0.105469 -0.251831 -0.086914 2.169067
1.105225 -0.287598 0.098633 -0.222046 0.085571 2.119141
1.156372 -0.296387 0.074707 -0.151611 0.073486 2.061401
1.262451 -0.294922 0.030884 -0.036377 -0.111450 2.003418
1.405518 -0.356567 -0.091064 0.112183 -0.382690 1.932861
1.604858 -0.452881 -0.203613 0.210449 -0.578491 1.858643
1.795288 -0.441406 -0.195190 0.218384 -0.521362 1.757324
1.900635 -0.367920 -0.163940 0.178345 -0.289063 1.691406
1.905518 -0.312012 -0.114868 0.130127 -0.058105 1.669556
1.872925 -0.290405 -0.080688 0.090454 0.086426 1.660034
1.833740 -0.310425 -0.081421 0.085693 0.140015 1.583130
1.859009 -0.307983 -0.100586 0.120117 0.053955 1.447754
1.905273 -0.319458 -0.168091 0.181763 -0.101318 1.296875
1.948975 -0.345825 -0.235840 0.228516 -0.183594 1.154907
1.990601 -0.322998 -0.242798 0.228271 -0.125488 1.024170
2.013184 -0.281128 -0.213501 0.226440 -0.020874 0.892944
2.028076 -0.238770 -0.221069 0.262939 -0.005737 0.756348
2.016357 -0.186768 -0.280640 0.327637 -0.102905 0.592407
1.979370 -0.170410 -0.368164 0.386841 -0.260742 0.397461
1.911133 -0.156494 -0.439819 0.417358 -0.404297 0.186768
1.809692 -0.142822 -0.473145 0.416870 -0.452881 -0.021484
1.697876 -0.139893 -0.472290 0.405151 -0.485596 -0.169067
1.595947 -0.147095 -0.464111 0.382813 -0.575073 -0.223755
1.509644 -0.161987 -0.479370 0.341675 -0.639771 -0.227905
1.416992 -0.183594 -0.463013 0.285522 -0.600342 -0.249023
1.327148 -0.194946 -0.448486 0.222900 -0.501831 -0.268555
1.248779 -0.203979 -0.429077 0.160156 -0.416260 -0.262085
1.185913 -0.216187 -0.418091 0.101318 -0.353760 -0.230835
1.140503 -0.224854 -0.391724 0.054810 -0.348022 -0.179077
1.118286 -0.240234 -0.403076 0.021240 -0.347778 -0.120972
1.112305 -0.240112 -0.417236 -0.003784 -0.307007 -0.066650
1.122437 -0.225708 -0.422119 -0.023926 -0.249268 -0.026123
1.118774 -0.211670 -0.415283 -0.041138 -0.194946 -0.009277
1.112305 -0.212280 -0.407837 -0.053589 -0.168091 -0.016479
1.079346 -0.213867 -0.395142 -0.063110 -0.183960 -0.034546
1.042725 -0.223877 -0.388794 -0.069336 -0.230225 -0.050781
1.000488 -0.236206 -0.377075 -0.078491 -0.261353 -0.067261
1.025269 -0.249146 -0.394165 -0.095093 -0.233521 -0.085815
0.955322 -0.297363 -0.354370 -0.117554 -0.177612 -0.112061
0.978394 -0.294189 -0.370117 -0.141968 0.110474 -0.119507
0.946899 -0.244507 -0.285156 -0.162354 0.151001 -0.147339
0.927612 -0.241333 -0.300415 -0.168579 -0.011353 -0.175903
0.924316 -0.258179 -0.312866 -0.174561 -0.083740 -0.187256
0.933105 -0.267578 -0.290771 -0.170166 -0.049316 -0.174805
0.921631 -0.284058 -0.282959 -0.157471 -0.026855 -0.148804
0.926270 -0.288940 -0.289063 -0.152466 0.052612 -0.113892
0.937622 -0.279053 -0.266968 -0.164185 0.169922 -0.082520
0.918091 -0.275024 -0.235596 -0.180786 0.234863 -0.066406
