0.177124 0.195923 -0.249023 -0.198975 0.386108 0.523804
0.205933 0.147827 -0.243408 -0.188354 0.527344 0.654297
0.202026 0.104248 -0.170044 -0.181519 0.607422 0.776123
0.194092 0.078735 -0.150391 -0.157227 0.639404 0.885620
0.119629 0.045654 -0.113770 -0.130371 0.675903 0.990234
0.132568 -0.008911 -0.088257 -0.098389 0.640259 1.120972
0.189819 -0.061401 -0.074585 -0.063110 0.539795 1.229370
0.246338 -0.110229 -0.056763 -0.029785 0.418945 1.315796
0.302124 -0.165771 -0.048706 -0.003174 0.338745 1.399902
0.379150 -0.219849 -0.027954 0.017334 0.308350 1.486938
0.465698 -0.246338 -0.011597 0.047241 0.305542 1.562500
0.546265 -0.245850 -0.007935 0.102905 0.298828 1.605835
0.614380 -0.238037 -0.032104 0.189087 0.277588 1.609497
0.650513 -0.253906 -0.077759 0.292603 0.235229 1.590576
0.700073 -0.304321 -0.165527 0.394165 0.163208 1.592529
0.772583 -0.365356 -0.261475 0.470581 0.119263 1.637817
0.841919 -0.413940 -0.339233 0.517456 0.164551 1.718018
0.935181 -0.435547 -0.415161 0.540161 0.281128 1.826782
1.045288 -0.444580 -0.505127 0.530518 0.414795 1.936768
1.159424 -0.443359 -0.576904 0.494141 0.507202 2.009399
1.265259 -0.447876 -0.641113 0.439941 0.527344 2.046631
1.377075 -0.463501 -0.695557 0.376465 0.471313 2.053711
1.524780 -0.527588 -0.742798 0.305542 0.334717 2.036987
1.723755 -0.584473 -0.754150 0.219849 0.164795 2.035278
1.943237 -0.601318 -0.736694 0.131836 0.085083 2.023926
2.110596 -0.606445 -0.706299 0.056274 0.101318 1.955933
2.259766 -0.604370 -0.676270 0.011353 0.132202 1.833862
2.374756 -0.596436 -0.690186 0.014282 0.131836 1.660889
2.458008 -0.571777 -0.754639 0.047485 0.141479 1.450073
2.525513 -0.564697 -0.829956 0.066284 0.193848 1.234619
2.579346 -0.561890 -0.886230 0.034912 0.227905 1.052246
2.628418 -0.522705 -0.888550 -0.038940 0.256104 0.883057
2.666504 -0.487061 -0.875366 -0.109009 0.275879 0.680664
2.680298 -0.470825 -0.895142 -0.157837 0.220215 0.435181
2.660645 -0.465088 -0.901855 -0.210449 0.111328 0.157227
2.578003 -0.449097 -0.879395 -0.277588 0.026611 -0.139648
2.437988 -0.453735 -0.852173 -0.345093 -0.000610 -0.432739
2.258057 -0.481201 -0.824707 -0.407227 -0.012695 -0.691772
2.095459 -0.512085 -0.802979 -0.464111 -0.039795 -0.898193
1.987061 -0.531738 -0.777832 -0.512939 -0.083008 -1.042969
1.926392 -0.550903 -0.747925 -0.557129 -0.131958 -1.133423
1.904907 -0.566528 -0.709473 -0.602661 -0.165161 -1.188843
1.893433 -0.553955 -0.642700 -0.641968 -0.158569 -1.241089
1.845337 -0.545044 -0.579590 -0.658569 -0.116577 -1.308838
1.768799 -0.546631 -0.540039 -0.654785 -0.063965 -1.376343
1.687866 -0.536621 -0.513550 -0.643188 0.012329 -1.428711
1.590088 -0.519165 -0.492554 -0.629761 0.132080 -1.472290
1.483032 -0.496948 -0.473633 -0.614014 0.265991 -1.506104
1.367188 -0.457642 -0.453491 -0.597778 0.394531 -1.536377
1.240112 -0.427124 -0.447388 -0.577881 0.493774 -1.575684
1.102905 -0.402710 -0.441650 -0.563110 0.543213 -1.617676
0.969727 -0.380493 -0.436646 -0.558838 0.545288 -1.650757
0.849976 -0.356812 -0.420044 -0.568726 0.497437 -1.667725
0.743408 -0.329346 -0.391357 -0.597900 0.421997 -1.665405
0.654175 -0.291504 -0.336304 -0.639893 0.331787 -1.653320
0.579346 -0.247559 -0.263550 -0.680298 0.225708 -1.636719
0.495117 -0.203247 -0.205322 -0.705444 0.128174 -1.617676
0.413208 -0.173340 -0.156860 -0.711914 0.050293 -1.595825
0.320313 -0.149292 -0.109985 -0.711182 -0.020996 -1.566406
0.241821 -0.127930 -0.079346 -0.706787 -0.081543 -1.517212
0.155396 -0.098511 -0.060303 -0.700562 -0.105713 -1.449707
0.072998 -0.075439 -0.038452 -0.692993 -0.101440 -1.353882
0.004639 -0.063232 -0.027222 -0.687866 -0.093384 -1.230835
-0.026733 -0.049072 -0.002197 -0.687134 -0.089966 -1.080933
-0.044922 -0.012451 0.033691 -0.682617 -0.072266 -0.925171
-0.062500 0.034058 0.064087 -0.660767 -0.053101 -0.780884
-0.071655 0.056641 0.076904 -0.628662 -0.057373 -0.648071
-0.075806 0.068237 0.086060 -0.594360 -0.074707 -0.526001
-0.104736 0.102295 0.091919 -0.556763 -0.082886 -0.419922
-0.114746 0.134155 0.101685 -0.514526 -0.100098 -0.314575
-0.127319 0.135620 0.095337 -0.473389 -0.125610 -0.216919
-0.131226 0.118408 0.082886 -0.442261 -0.142090 -0.126953
-0.160522 0.123413 0.094604 -0.424316 -0.146973 -0.019531
-0.141846 0.099365 0.101440 -0.407837 -0.154297 0.124390
-0.119263 0.063110 0.106812 -0.389038 -0.135864 0.269653
-0.093506 0.023438 0.114868 -0.366211 -0.114136 0.422241
-0.040649 -0.007568 0.121460 -0.338135 -0.110352 0.591797
0.030518 -0.027832 0.128540 -0.304443 -0.119385 0.764404
0.106567 -0.048828 0.126465 -0.266479 -0.135620 0.923706
0.204590 -0.079956 0.124268 -0.231934 -0.160767 1.067871
0.301025 -0.100464 0.136597 -0.205078 -0.178711 1.200806
0.384155 -0.104858 0.137451 -0.175415 -0.161987 1.312012
0.433472 -0.105591 0.134644 -0.139404 -0.140381 1.392944
0.492188 -0.135742 0.113770 -0.110229 -0.149414 1.457642
0.542725 -0.160767 0.094604 -0.090820 -0.149780 1.501465
0.570557 -0.186890 0.073364 -0.071167 -0.129517 1.530762
0.595215 -0.204834 0.054810 -0.052002 -0.105225 1.568726
0.646973 -0.239380 0.035156 -0.030884 -0.103027 1.629272
0.745239 -0.272339 0.009644 -0.009766 -0.119385 1.718994
0.883911 -0.341431 -0.051636 0.006226 -0.135742 1.826782
1.066162 -0.403442 -0.091187 0.004639 -0.119995 1.938843
1.246704 -0.399170 -0.105713 -0.007690 -0.037842 2.021118
1.368774 -0.373291 -0.121582 0.000244 0.082642 2.020996
1.475830 -0.377319 -0.164917 0.040283 0.129761 1.968750
1.581055 -0.357544 -0.240601 0.085327 0.124268 1.882446
1.643433 -0.334961 -0.308594 0.119751 0.114380 1.750854
1.692749 -0.310791 -0.366089 0.125610 0.153931 1.606079
1.739624 -0.296387 -0.401978 0.104980 0.249634 1.471191
1.788086 -0.354614 -0.470093 0.072510 0.200195 1.408081
1.887817 -0.393555 -0.553833 -0.006592 0.143677 1.409546
2.003906 -0.384033 -0.567017 -0.139404 0.324097 1.388062
2.099365 -0.388062 -0.508911 -0.282227 0.610596 1.326904
2.226074 -0.383545 -0.410522 -0.405884 0.778442 1.250977
2.366211 -0.334106 -0.313477 -0.492065 0.834229 1.114624
2.446411 -0.348267 -0.269653 -0.521729 0.785034 0.892456
2.496826 -0.435791 -0.281006 -0.518066 0.628540 0.661499
2.549072 -0.493774 -0.271973 -0.516968 0.512085 0.465332
2.575317 -0.514160 -0.220825 -0.509644 0.528931 0.290161
2.565796 -0.519531 -0.135742 -0.470215 0.577026 0.125244
2.520752 -0.517456 -0.081055 -0.391724 0.586182 -0.053101
2.432129 -0.488525 -0.055054 -0.282227 0.574585 -0.272217
2.290161 -0.452393 -0.093384 -0.143799 0.488647 -0.503174
2.120483 -0.429077 -0.178833 -0.004272 0.316162 -0.705811
1.965576 -0.409424 -0.270386 0.082642 0.222656 -0.872192
1.848999 -0.418213 -0.341309 0.102783 0.178711 -0.982788
1.762207 -0.422729 -0.370483 0.068726 0.152344 -1.040405
1.692261 -0.427734 -0.340820 -0.000854 0.159180 -1.065918
1.641357 -0.427246 -0.281250 -0.079468 0.184937 -1.075928
1.578979 -0.421143 -0.199707 -0.138062 0.203857 -1.095947
1.468140 -0.434570 -0.144653 -0.158203 0.189209 -1.129639
1.345581 -0.432373 -0.128662 -0.147339 0.113159 -1.146851
1.248657 -0.411743 -0.128540 -0.126831 0.027100 -1.131836
1.177246 -0.378418 -0.120728 -0.110718 -0.046875 -1.101563
1.101929 -0.331665 -0.134521 -0.103760 -0.104004 -1.081787
1.059814 -0.297119 -0.137085 -0.122681 -0.135010 -1.064209
1.047852 -0.271362 -0.113525 -0.173584 -0.127563 -1.035889
1.041016 -0.262695 -0.069214 -0.232422 -0.079224 -1.022583
1.004761 -0.254028 -0.026001 -0.278931 -0.014282 -1.037964
0.917358 -0.253174 0.009888 -0.308228 0.047363 -1.071899
0.790039 -0.261475 0.022339 -0.311157 0.066162 -1.108032
0.676270 -0.270264 0.015259 -0.298096 0.026489 -1.112793
0.614624 -0.251465 0.022949 -0.297729 -0.038696 -1.068970
0.602539 -0.219482 0.055908 -0.315063 -0.067017 -0.991577
0.621338 -0.200073 0.104248 -0.337891 -0.048828 -0.908203
0.628784 -0.202759 0.143799 -0.352539 -0.008423 -0.833374
0.639893 -0.191284 0.185181 -0.348145 0.031250 -0.772949
0.639160 -0.173462 0.210938 -0.311401 0.062622 -0.735718
0.635742 -0.155762 0.211792 -0.256348 0.077148 -0.706055
0.641479 -0.130005 0.207153 -0.200439 0.083862 -0.669922
0.625244 -0.098633 0.201172 -0.144775 0.094971 -0.642822
0.601318 -0.075806 0.194214 -0.090820 0.098877 -0.617065
0.577759 -0.067993 0.174805 -0.043701 0.094360 -0.574341
0.572632 -0.048828 0.151123 -0.006226 0.080811 -0.516968
0.595215 -0.019775 0.138184 0.023560 0.068970 -0.456543
0.628418 0.013184 0.127319 0.043701 0.061646 -0.400391
0.651611 0.040771 0.124390 0.058105 0.060547 -0.359863
0.660400 0.062378 0.119019 0.073730 0.047607 -0.337280
0.663940 0.077515 0.119995 0.086426 0.017700 -0.317749
0.667725 0.094604 0.113037 0.097534 -0.007690 -0.294800
0.670044 0.106934 0.112305 0.109497 -0.019531 -0.272339
