0.174072 0.109009 0.384521 0.074463 -0.200317 0.250977
0.148804 0.091919 0.364624 0.169922 -0.183105 0.378296
-0.014038 0.072876 0.327637 0.247192 -0.081421 0.519897
-0.091797 0.136963 0.459106 0.321899 0.071899 0.731201
0.001099 0.079956 0.427612 0.474854 -0.034302 0.980591
0.093384 -0.006958 0.306396 0.624512 -0.257568 1.120483
0.106201 -0.051147 0.216187 0.717529 -0.440796 1.186401
0.109985 -0.094971 0.160767 0.786987 -0.487061 1.265137
0.146973 -0.170166 0.130615 0.844971 -0.422607 1.371338
0.200806 -0.249878 0.132324 0.887695 -0.314453 1.497925
0.271484 -0.330566 0.149902 0.942993 -0.218506 1.630371
0.365723 -0.420532 0.149536 1.031006 -0.153442 1.776001
0.476929 -0.519043 0.108032 1.147095 -0.107056 1.941650
0.592041 -0.604004 0.030518 1.292725 -0.060181 2.102539
0.700317 -0.679321 -0.079346 1.443359 -0.022339 2.232056
0.809082 -0.753662 -0.210327 1.589111 -0.011597 2.335815
0.949585 -0.806030 -0.404785 1.737183 -0.032349 2.419189
1.125244 -0.821045 -0.686157 1.871460 -0.063110 2.453979
1.277466 -0.806763 -1.015381 1.949463 -0.074097 2.420288
1.419678 -0.764038 -1.344849 1.921021 -0.021606 2.369873
1.549072 -0.655273 -1.621094 1.748413 0.129272 2.361328
1.640991 -0.554321 -1.778931 1.430298 0.383301 2.383179
1.701782 -0.500977 -1.790039 1.008667 0.672363 2.420532
1.774902 -0.467896 -1.697388 0.552612 0.851929 2.443481
1.833496 -0.465210 -1.590454 0.140137 0.802734 2.414307
1.888794 -0.500732 -1.485352 -0.169556 0.594727 2.338745
1.994141 -0.543579 -1.416138 -0.381714 0.344604 2.258301
2.173218 -0.584106 -1.373535 -0.545044 0.113159 2.187622
2.357056 -0.596680 -1.353027 -0.711914 -0.020264 2.093506
2.479980 -0.596802 -1.297607 -0.904297 0.044922 1.945068
2.535278 -0.610107 -1.205444 -1.108276 0.271240 1.751587
2.500977 -0.663330 -1.111450 -1.312134 0.479370 1.554321
2.450806 -0.696777 -1.006714 -1.507080 0.588867 1.398315
2.479370 -0.708496 -0.926636 -1.658691 0.669922 1.256958
2.490845 -0.711914 -0.852783 -1.761108 0.753906 1.080078
2.474609 -0.695923 -0.796631 -1.847778 0.858765 0.873779
2.439819 -0.670166 -0.735474 -1.918945 0.958374 0.654663
2.380371 -0.637695 -0.658691 -1.969727 1.019409 0.420532
2.321289 -0.648560 -0.592163 -2.015503 1.032104 0.191772
2.292236 -0.666748 -0.508667 -2.078857 1.030762 -0.020752
2.274536 -0.700317 -0.412842 -2.162598 1.018066 -0.226196
2.206787 -0.745483 -0.261719 -2.253906 1.021729 -0.439819
2.142212 -0.815796 -0.080688 -2.313354 1.016846 -0.649902
2.087402 -0.873291 0.102783 -2.312622 0.963013 -0.864136
2.014038 -0.929810 0.266235 -2.240479 0.889771 -1.083496
1.917969 -0.981079 0.422119 -2.109619 0.851440 -1.286011
1.814209 -1.031128 0.567749 -1.934326 0.854980 -1.455200
1.710083 -1.037598 0.671387 -1.720215 0.879761 -1.595337
1.590332 -1.046265 0.723877 -1.480835 0.886353 -1.707642
1.472656 -1.055176 0.723267 -1.238647 0.871094 -1.787720
1.351563 -1.030518 0.702637 -1.009277 0.851563 -1.836304
1.281372 -1.021484 0.640991 -0.800659 0.841553 -1.860596
1.175171 -0.985352 0.603027 -0.623047 0.867065 -1.886963
1.097900 -0.911865 0.561035 -0.467896 0.876953 -1.893555
1.023804 -0.835449 0.500977 -0.327881 0.879028 -1.907593
0.932861 -0.771606 0.434326 -0.204224 0.875000 -1.943604
0.840820 -0.726318 0.356201 -0.104004 0.858643 -1.991211
0.746216 -0.691162 0.304443 -0.029785 0.850098 -2.042480
0.642700 -0.649414 0.274658 0.027466 0.821411 -2.087524
0.540894 -0.621216 0.243652 0.074219 0.757568 -2.105103
0.455200 -0.595337 0.234985 0.105103 0.670776 -2.091919
0.383301 -0.552979 0.235107 0.121582 0.608765 -2.048706
0.311646 -0.495972 0.240479 0.138672 0.584229 -1.982300
0.242065 -0.441895 0.247070 0.159302 0.588257 -1.897705
0.165405 -0.392944 0.250244 0.183105 0.617798 -1.799438
0.085449 -0.339478 0.245483 0.209106 0.654053 -1.686157
0.007690 -0.289185 0.239502 0.235840 0.684937 -1.557739
-0.059326 -0.250854 0.234131 0.265137 0.709229 -1.419189
-0.096191 -0.208374 0.237549 0.304443 0.724731 -1.279297
-0.151611 -0.139404 0.247803 0.363647 0.728027 -1.148193
-0.174805 -0.095947 0.249023 0.443604 0.673706 -1.017944
-0.214478 -0.056519 0.239258 0.529785 0.568237 -0.904297
-0.225220 -0.066528 0.224609 0.612427 0.423828 -0.786255
-0.246948 -0.051636 0.177124 0.685913 0.263428 -0.671021
-0.251709 -0.041260 0.143555 0.741333 0.107056 -0.548950
-0.255493 -0.032227 0.119751 0.787598 -0.072266 -0.402588
-0.224487 -0.035034 0.070923 0.833984 -0.255493 -0.229004
-0.153809 -0.012695 0.026245 0.887085 -0.426636 -0.047852
-0.073730 0.021973 -0.030518 0.951416 -0.580322 0.116577
0.003052 0.061401 -0.107178 1.019165 -0.695557 0.255859
0.080200 0.054932 -0.164185 1.077515 -0.780884 0.364746
0.134644 0.104736 -0.250610 1.114136 -0.813477 0.426758
0.159058 0.110474 -0.306274 1.117798 -0.776733 0.458496
0.157349 0.092407 -0.364746 1.103516 -0.754517 0.513794
0.183838 0.014648 -0.409912 1.028442 -0.740234 0.625610
0.225342 -0.059082 -0.428833 0.901855 -0.703735 0.779541
0.294189 -0.133667 -0.368652 0.754761 -0.599854 0.974731
0.397461 -0.185913 -0.290405 0.653564 -0.459595 1.195190
0.513672 -0.220825 -0.237915 0.632446 -0.339722 1.395386
0.637939 -0.240845 -0.248901 0.686523 -0.296021 1.540039
0.769043 -0.231567 -0.304443 0.781494 -0.314697 1.633057
0.896973 -0.183838 -0.409058 0.888672 -0.344238 1.674072
0.981201 -0.154175 -0.543823 0.982666 -0.378784 1.656128
1.049561 -0.144531 -0.703857 1.032349 -0.420654 1.605225
1.103638 -0.161865 -0.859253 1.020752 -0.478638 1.555542
1.196655 -0.161987 -0.944214 0.950317 -0.535645 1.546753
1.298584 -0.128418 -0.954346 0.855713 -0.552124 1.562134
1.404419 -0.128784 -0.958984 0.765015 -0.495117 1.556519
1.405396 -0.050293 -0.833496 0.682495 -0.311646 1.511719
1.404297 -0.019775 -0.777588 0.648438 -0.264160 1.493774
1.390381 -0.080811 -0.779175 0.629272 -0.279053 1.488403
1.424194 -0.139771 -0.807861 0.596802 -0.309326 1.523560
1.471436 -0.138672 -0.833252 0.563599 -0.216553 1.607300
1.559937 -0.134277 -0.914185 0.530518 -0.069946 1.693237
1.628296 -0.131958 -0.950562 0.440796 0.047852 1.746216
1.704102 -0.111572 -0.935913 0.304810 0.153076 1.758911
1.742554 -0.133789 -0.918945 0.167847 0.225952 1.713013
1.752319 -0.175049 -0.831421 0.045044 0.257935 1.628296
1.724976 -0.246216 -0.717041 -0.053467 0.239258 1.532959
1.729858 -0.238770 -0.621460 -0.100098 0.200195 1.444580
1.766968 -0.280273 -0.526733 -0.113647 0.289673 1.291138
1.755249 -0.311035 -0.437134 -0.100952 0.220093 1.141113
1.729492 -0.280029 -0.400146 -0.056885 0.091797 1.043091
1.673706 -0.248291 -0.370361 0.038818 -0.088623 0.945679
1.604248 -0.229126 -0.387817 0.150635 0.004883 0.805176
1.568115 -0.243164 -0.390381 0.236206 0.184448 0.665527
1.501953 -0.264526 -0.413208 0.276978 0.226807 0.558594
1.420044 -0.295776 -0.422119 0.274170 0.211182 0.488647
1.353882 -0.340698 -0.402588 0.252075 0.254150 0.462891
1.323120 -0.382813 -0.379028 0.219849 0.345337 0.480591
1.302246 -0.408325 -0.335205 0.188721 0.373291 0.513306
1.270752 -0.424072 -0.294678 0.166016 0.342285 0.538574
1.240723 -0.433105 -0.248413 0.146240 0.380859 0.546875
1.218018 -0.422607 -0.203491 0.140503 0.477295 0.519653
1.185791 -0.427734 -0.167114 0.153931 0.525269 0.444214
1.125732 -0.446289 -0.168335 0.179932 0.432495 0.329956
1.057495 -0.435669 -0.208252 0.216797 0.194458 0.207153
1.011230 -0.454224 -0.211426 0.265015 -0.268799 0.097412
0.971069 -0.489624 -0.245972 0.289551 -0.459717 -0.018188
0.977173 -0.517212 -0.251099 0.291748 -0.270264 -0.115356
0.959229 -0.509155 -0.193970 0.288452 -0.059326 -0.140015
0.965820 -0.518311 -0.171753 0.274292 -0.032959 -0.101318
0.966431 -0.526611 -0.148560 0.229370 -0.020630 -0.066895
0.967896 -0.520386 -0.128662 0.193848 0.045654 -0.038330
0.968384 -0.518433 -0.119141 0.188477 0.115479 -0.010132
0.969727 -0.515747 -0.121094 0.199707 0.148804 -0.006836
0.967163 -0.513306 -0.137329 0.218018 0.118286 -0.035034
0.950073 -0.515503 -0.156372 0.236694 0.033325 -0.083130
0.933105 -0.516235 -0.174927 0.252563 -0.057251 -0.135376
0.922607 -0.518066 -0.182495 0.265625 -0.136719 -0.181763
0.909912 -0.521362 -0.179688 0.276733 -0.198975 -0.218506
0.904297 -0.526367 -0.178101 0.287231 -0.237671 -0.241333
0.899536 -0.533569 -0.180420 0.298950 -0.247681 -0.246338
0.897583 -0.536377 -0.174316 0.313599 -0.221802 -0.234253
0.898926 -0.536987 -0.175049 0.331543 -0.175171 -0.211670
0.898438 -0.532349 -0.177368 0.351685 -0.132568 -0.186523
0.894897 -0.521851 -0.186768 0.372559 -0.103760 -0.160278
0.896484 -0.512817 -0.203857 0.394775 -0.082886 -0.134644
0.897705 -0.499634 -0.226196 0.411255 -0.074829 -0.111694
0.896851 -0.479614 -0.239014 0.414673 -0.084351 -0.089600
