0.067139 0.159058 -0.153198 0.331665 -0.042725 0.510986
0.030029 0.145142 -0.110474 0.413086 0.061279 0.572876
0.009277 0.112915 -0.098389 0.477539 0.221802 0.634644
-0.013428 0.059326 -0.059448 0.546265 0.357788 0.700073
-0.064453 0.061157 -0.043213 0.624146 0.415405 0.765503
-0.052368 0.014038 -0.030396 0.711792 0.432861 0.854980
-0.057983 -0.021362 -0.003540 0.802856 0.408569 0.943970
-0.016113 -0.065063 0.001831 0.889648 0.387573 1.031860
0.064697 -0.120850 -0.054688 0.990112 0.343506 1.109863
0.134399 -0.178223 -0.078735 1.073120 0.381226 1.172119
0.187378 -0.247314 -0.109985 1.159302 0.356201 1.240479
0.261963 -0.320679 -0.171143 1.277832 0.304321 1.311646
0.356323 -0.350220 -0.267456 1.414063 0.311768 1.380737
0.409790 -0.414551 -0.392822 1.561646 0.375244 1.426514
0.436157 -0.449097 -0.529419 1.717529 0.452393 1.476563
0.443604 -0.531006 -0.677124 1.864746 0.581055 1.553345
0.628784 -0.559448 -0.829224 1.975342 0.641479 1.725952
0.756836 -0.584717 -0.997314 2.018433 0.668213 1.905029
0.939209 -0.623779 -1.134277 1.998047 0.694092 2.045532
1.095215 -0.611450 -1.243896 1.962036 0.751587 2.120728
1.183228 -0.553833 -1.310181 1.947876 0.806274 2.109253
1.224487 -0.506714 -1.432617 1.949219 0.838135 2.046997
1.266113 -0.514038 -1.552979 1.913940 0.891724 2.011841
1.348511 -0.655151 -1.655640 1.818604 1.014771 2.046997
1.510864 -0.758667 -1.719116 1.681519 1.284668 2.168213
1.677734 -0.814575 -1.741455 1.545532 1.695923 2.312500
1.895874 -0.859619 -1.775269 1.406860 2.138306 2.465698
2.209839 -0.870361 -1.821655 1.236206 2.292114 2.578491
2.464478 -0.790283 -1.878906 1.021240 1.747559 2.553955
2.598267 -0.683716 -1.939575 0.781860 0.923340 2.297729
2.718140 -0.625244 -2.005127 0.582886 0.354126 1.888184
2.796265 -0.564819 -2.019897 0.401245 0.034058 1.476685
2.807495 -0.474609 -1.979370 0.192993 -0.128540 1.101074
2.766602 -0.434448 -1.924927 -0.041992 -0.176025 0.746460
2.622437 -0.450073 -1.850952 -0.261475 -0.118652 0.388916
2.387817 -0.480225 -1.776855 -0.423584 -0.022461 0.065552
2.136963 -0.527466 -1.732300 -0.538574 0.054321 -0.199219
1.925049 -0.589966 -1.719971 -0.634644 0.056030 -0.400757
1.803589 -0.627930 -1.713745 -0.734375 -0.023315 -0.534790
1.778320 -0.645630 -1.691772 -0.853149 -0.094604 -0.630981
1.798340 -0.649414 -1.641479 -0.995605 -0.111206 -0.717651
1.826050 -0.628296 -1.577271 -1.141724 -0.113281 -0.827637
1.794434 -0.626343 -1.498779 -1.281494 -0.111572 -0.968750
1.692383 -0.652588 -1.406616 -1.415405 -0.111328 -1.129395
1.543579 -0.683838 -1.319580 -1.525757 -0.126099 -1.285156
1.377319 -0.721069 -1.241821 -1.603638 -0.180542 -1.408569
1.229980 -0.725708 -1.170288 -1.649292 -0.281372 -1.475708
1.131104 -0.691284 -1.106201 -1.683472 -0.378052 -1.502808
1.040894 -0.656006 -1.023438 -1.722046 -0.457275 -1.520142
0.960327 -0.634888 -0.935303 -1.767334 -0.536011 -1.534180
0.878418 -0.635986 -0.843628 -1.818481 -0.610840 -1.533569
0.795898 -0.633545 -0.742676 -1.855835 -0.672485 -1.510132
0.712524 -0.588623 -0.651245 -1.863281 -0.714478 -1.466553
0.644531 -0.527588 -0.571045 -1.846436 -0.740845 -1.415894
0.584351 -0.486694 -0.478271 -1.822388 -0.771973 -1.368530
0.536011 -0.435669 -0.398560 -1.800293 -0.801270 -1.312012
0.480957 -0.386597 -0.312134 -1.778564 -0.784790 -1.248657
0.426758 -0.371338 -0.247681 -1.751831 -0.723389 -1.183838
0.387451 -0.358032 -0.175293 -1.716919 -0.653687 -1.103638
0.369751 -0.305786 -0.094360 -1.654907 -0.597046 -1.011108
0.343506 -0.250000 -0.035278 -1.559570 -0.544556 -0.937378
0.320068 -0.193970 0.007813 -1.451416 -0.497192 -0.883789
0.270386 -0.127441 0.042480 -1.344238 -0.469482 -0.839844
0.196167 -0.073120 0.069458 -1.238770 -0.442871 -0.799316
0.121948 -0.060303 0.086060 -1.137207 -0.394775 -0.746094
0.059814 -0.043213 0.106445 -1.035156 -0.335938 -0.669067
0.012207 -0.011597 0.113892 -0.922241 -0.306641 -0.569946
-0.019897 0.030884 0.129272 -0.801758 -0.308838 -0.465088
-0.036865 0.054321 0.138428 -0.684326 -0.314697 -0.363037
-0.039063 0.084961 0.135132 -0.571777 -0.310669 -0.267822
-0.020874 0.114746 0.142700 -0.460571 -0.316650 -0.174561
-0.000732 0.136719 0.153442 -0.350952 -0.333496 -0.088501
0.017822 0.153931 0.158569 -0.243530 -0.348999 -0.020264
0.030640 0.149170 0.158325 -0.134644 -0.354736 0.031982
0.018433 0.134277 0.148926 -0.021484 -0.350220 0.084961
0.016357 0.124390 0.137573 0.097656 -0.332153 0.154419
0.010986 0.112671 0.113892 0.221069 -0.287109 0.233521
-0.000366 0.084473 0.082275 0.347778 -0.229004 0.317749
-0.024536 0.042725 0.046387 0.475708 -0.179443 0.412964
-0.027588 -0.002075 -0.007568 0.611694 -0.153198 0.525757
0.020752 -0.034302 -0.091919 0.749756 -0.129028 0.657837
0.110962 -0.063599 -0.184082 0.874634 -0.101440 0.800293
0.231812 -0.090942 -0.270630 0.980957 -0.072266 0.936157
0.365234 -0.090332 -0.342285 1.072388 -0.047607 1.050171
0.473999 -0.057251 -0.412109 1.144531 -0.028931 1.120361
0.533081 -0.012939 -0.477539 1.185791 -0.006104 1.136108
0.518066 0.013672 -0.518066 1.180054 0.036255 1.112061
0.468750 -0.024414 -0.538940 1.150269 0.105957 1.078369
0.443237 -0.099609 -0.569580 1.138062 0.174683 1.070068
0.451050 -0.176392 -0.650024 1.173096 0.204102 1.097900
0.514893 -0.252319 -0.765991 1.235718 0.192993 1.154297
0.609741 -0.289673 -0.892212 1.309814 0.162231 1.225098
0.733398 -0.347168 -1.047241 1.379517 0.159180 1.297363
0.917847 -0.359131 -1.194458 1.421387 0.174561 1.382446
1.093994 -0.300537 -1.312866 1.419434 0.216919 1.454224
1.233032 -0.300415 -1.404175 1.370605 0.313965 1.491943
1.371948 -0.262939 -1.433350 1.286621 0.443237 1.504272
1.423950 -0.164185 -1.404541 1.200684 0.601074 1.461914
1.364868 -0.083374 -1.344238 1.112671 0.829224 1.360840
1.208984 -0.109619 -1.283325 1.003662 1.165649 1.255371
1.140015 -0.213257 -1.236572 0.890381 1.465332 1.237549
1.182983 -0.308594 -1.294067 0.815063 1.304199 1.325928
1.228760 -0.361938 -1.461548 0.775024 0.704102 1.412231
1.343506 -0.361816 -1.649048 0.737305 0.380005 1.442017
1.530151 -0.320557 -1.757568 0.683350 0.466309 1.422852
1.719116 -0.302734 -1.808716 0.595825 0.641479 1.346924
1.889038 -0.279175 -1.816528 0.466553 0.643433 1.207642
1.978760 -0.262085 -1.804443 0.320557 0.468872 1.000854
2.024536 -0.278809 -1.791626 0.171387 0.225098 0.777588
2.021729 -0.292480 -1.751221 0.013550 0.076660 0.587158
1.987915 -0.286133 -1.675659 -0.135254 0.113892 0.428589
1.945679 -0.276489 -1.587402 -0.253662 0.267578 0.283813
1.865234 -0.269165 -1.519531 -0.337769 0.378052 0.140015
1.757935 -0.268677 -1.489380 -0.388916 0.391113 -0.011963
1.659424 -0.281494 -1.494507 -0.423828 0.317139 -0.161621
1.589966 -0.282104 -1.508301 -0.462158 0.191772 -0.292480
1.542114 -0.281250 -1.531006 -0.520264 0.050537 -0.400146
1.523193 -0.302490 -1.540527 -0.604614 -0.085938 -0.493774
1.533203 -0.335815 -1.538086 -0.711914 -0.181763 -0.566772
1.556519 -0.338501 -1.507568 -0.824341 -0.229370 -0.618286
1.580688 -0.316772 -1.456299 -0.934326 -0.263550 -0.689087
1.576294 -0.323975 -1.394287 -1.042969 -0.294434 -0.797241
1.537598 -0.333130 -1.313843 -1.138306 -0.309814 -0.930664
1.466919 -0.346924 -1.241821 -1.207031 -0.311279 -1.062744
1.357178 -0.401978 -1.184937 -1.261963 -0.301392 -1.177612
1.252686 -0.429565 -1.115356 -1.312500 -0.274414 -1.242188
1.177124 -0.423218 -1.044922 -1.352417 -0.218994 -1.259277
1.112305 -0.395874 -0.964233 -1.385620 -0.158813 -1.255371
1.048950 -0.368164 -0.871704 -1.419067 -0.110229 -1.254395
0.963623 -0.345947 -0.774536 -1.454468 -0.078369 -1.259521
0.879395 -0.331909 -0.682739 -1.481079 -0.063599 -1.264038
0.803467 -0.326172 -0.601440 -1.488159 -0.064209 -1.259644
0.734741 -0.323364 -0.524658 -1.468140 -0.090820 -1.245972
0.692749 -0.295410 -0.460938 -1.431885 -0.125732 -1.220947
0.673096 -0.255493 -0.400879 -1.389648 -0.151855 -1.190674
0.657227 -0.222900 -0.348389 -1.335327 -0.172852 -1.164917
0.624634 -0.168579 -0.293335 -1.267700 -0.194458 -1.154541
0.561768 -0.137573 -0.257080 -1.202759 -0.216675 -1.157837
0.478149 -0.114136 -0.219482 -1.147705 -0.229126 -1.147461
0.412109 -0.104004 -0.201172 -1.085693 -0.233765 -1.113770
0.356567 -0.072021 -0.175415 -1.006348 -0.236328 -1.053955
0.321289 -0.020630 -0.166016 -0.910400 -0.240723 -0.974976
0.314331 0.017334 -0.165649 -0.811523 -0.245239 -0.889282
0.324707 0.047974 -0.163330 -0.713135 -0.247192 -0.810425
0.343384 0.093628 -0.179199 -0.602905 -0.272583 -0.741211
0.362671 0.134888 -0.203369 -0.489014 -0.306641 -0.683228
0.384277 0.160156 -0.245483 -0.395508 -0.314697 -0.627441
0.409912 0.206909 -0.287720 -0.330933 -0.303223 -0.570557
0.415039 0.253906 -0.323853 -0.286133 -0.278442 -0.518555
0.410278 0.280151 -0.355347 -0.258179 -0.240479 -0.472168
