0.371948 0.159180 -0.185913 0.190430 -0.007813 0.609131
0.306885 0.099731 -0.071411 0.293091 -0.117920 0.636841
0.400024 0.021362 -0.157959 0.420776 -0.200684 0.690796
0.376831 -0.021118 -0.129517 0.510620 -0.157593 0.727661
0.376709 -0.071655 -0.130005 0.609131 -0.071777 0.775391
0.391357 -0.108276 -0.143921 0.699463 0.063232 0.834106
0.411743 -0.141846 -0.128906 0.775024 0.187378 0.894775
0.450928 -0.170654 -0.099854 0.874634 0.194946 0.957642
0.537354 -0.169556 -0.147095 1.011475 0.093018 0.994995
0.601685 -0.168579 -0.253052 1.147217 -0.004395 0.980713
0.577026 -0.186523 -0.361938 1.260010 -0.041748 0.941406
0.529297 -0.191895 -0.457520 1.330322 -0.019287 0.914429
0.519043 -0.207153 -0.534912 1.375000 0.019287 0.915039
0.543335 -0.234619 -0.629028 1.418091 0.031006 0.931763
0.589722 -0.263306 -0.730347 1.458252 0.017090 0.949951
0.652832 -0.320313 -0.846924 1.495117 0.001831 0.972778
0.754761 -0.360229 -0.969238 1.517334 0.013550 1.017090
0.858276 -0.368774 -1.063110 1.505981 0.067383 1.057007
0.918213 -0.325317 -1.122559 1.461792 0.145752 1.059692
0.929321 -0.288452 -1.167725 1.410034 0.209961 1.024658
0.920288 -0.293091 -1.220947 1.374390 0.238770 0.981934
0.920776 -0.299194 -1.291016 1.357300 0.243408 0.947510
0.893921 -0.319824 -1.302002 1.349731 0.210205 0.949219
1.065552 -0.361450 -1.431519 1.363525 0.199951 0.983276
1.222168 -0.396118 -1.486572 1.357056 0.286133 0.970459
1.342285 -0.436401 -1.598145 1.347900 0.375244 0.973511
1.452881 -0.452148 -1.693726 1.325317 0.471191 0.975342
1.526001 -0.454102 -1.795898 1.291626 0.411133 0.936646
1.569092 -0.412720 -1.956787 1.237549 0.236450 0.855957
1.570679 -0.362061 -2.058838 1.126099 0.089355 0.751099
1.600586 -0.346069 -2.131958 0.962036 0.002686 0.647949
1.658569 -0.356812 -2.162231 0.770508 -0.052002 0.549805
1.700073 -0.377563 -2.157959 0.602051 -0.129028 0.445313
1.731445 -0.377197 -2.133301 0.471313 -0.236938 0.330444
1.727661 -0.379150 -2.118164 0.371582 -0.325562 0.216309
1.738647 -0.395996 -2.123169 0.282959 -0.352905 0.123291
1.737671 -0.389526 -2.123535 0.190186 -0.304321 0.032227
1.666992 -0.365234 -2.099854 0.091797 -0.208496 -0.078369
1.546509 -0.344360 -2.068726 -0.013550 -0.110718 -0.195068
1.417969 -0.356201 -2.032959 -0.126709 -0.032104 -0.297119
1.304077 -0.385742 -1.993286 -0.236694 0.016602 -0.367676
1.245361 -0.401123 -1.941284 -0.343262 0.038940 -0.398315
1.252441 -0.393799 -1.870117 -0.451782 0.047729 -0.408325
1.266968 -0.394165 -1.789795 -0.555542 0.052734 -0.434814
1.258789 -0.402954 -1.714966 -0.651245 0.061279 -0.473999
1.255615 -0.409790 -1.634888 -0.731567 0.071411 -0.517822
1.230591 -0.406250 -1.559326 -0.792358 0.075195 -0.568848
1.189575 -0.400879 -1.492676 -0.834229 0.068237 -0.622559
1.155762 -0.390869 -1.439941 -0.870483 0.057251 -0.669434
1.104858 -0.386230 -1.388306 -0.906250 0.053589 -0.702393
1.061646 -0.386353 -1.331665 -0.937500 0.052124 -0.726929
1.007813 -0.372681 -1.279541 -0.962158 0.046387 -0.741577
0.949219 -0.340698 -1.228516 -0.983276 0.033813 -0.753662
0.883179 -0.321777 -1.178955 -1.006104 0.020020 -0.763672
0.833496 -0.307007 -1.121460 -1.024170 0.011841 -0.765747
0.799683 -0.302368 -1.058716 -1.036865 0.001099 -0.761108
0.765991 -0.275269 -1.003296 -1.047119 -0.032959 -0.754639
0.728027 -0.239258 -0.945923 -1.062988 -0.068604 -0.753540
0.690308 -0.239990 -0.884399 -1.089722 -0.068848 -0.755127
0.665283 -0.236084 -0.811646 -1.117554 -0.047363 -0.749512
0.629639 -0.198975 -0.727783 -1.136475 -0.036011 -0.747803
0.573486 -0.173828 -0.656982 -1.140259 -0.041870 -0.759888
0.507446 -0.163940 -0.602539 -1.129883 -0.048706 -0.765869
0.450317 -0.135010 -0.560913 -1.101807 -0.075073 -0.754883
0.404175 -0.103516 -0.525513 -1.073730 -0.111328 -0.734863
0.364746 -0.103638 -0.492065 -1.054321 -0.136108 -0.705444
0.337280 -0.085449 -0.454102 -1.043823 -0.156250 -0.652710
0.322144 -0.050537 -0.403198 -1.034424 -0.165161 -0.595337
0.311401 -0.027588 -0.356445 -1.014893 -0.159546 -0.549561
0.294067 0.005981 -0.309814 -0.984131 -0.148804 -0.510620
0.249756 0.029419 -0.275757 -0.947144 -0.146973 -0.482666
0.214966 0.036987 -0.252197 -0.912964 -0.141724 -0.448242
0.193604 0.043335 -0.229614 -0.887573 -0.119873 -0.394409
0.184692 0.055664 -0.197021 -0.855713 -0.101929 -0.338623
0.177734 0.062744 -0.166992 -0.811279 -0.099854 -0.287231
0.181396 0.080444 -0.148804 -0.758667 -0.110962 -0.235596
0.186401 0.095947 -0.129517 -0.696289 -0.118774 -0.190308
0.180786 0.113647 -0.119995 -0.628540 -0.129395 -0.153809
0.138550 0.161743 -0.131104 -0.564697 -0.133179 -0.116211
0.153442 0.122314 -0.131958 -0.509277 -0.116577 -0.055908
0.130493 0.125122 -0.120483 -0.461182 -0.080566 -0.002441
0.111938 0.165283 -0.120728 -0.417847 -0.023560 0.045166
0.096924 0.181519 -0.113770 -0.382813 0.035278 0.099243
0.092163 0.186523 -0.094604 -0.348633 0.081787 0.160034
0.082275 0.194336 -0.076782 -0.310669 0.122314 0.214966
0.077271 0.187744 -0.061523 -0.262573 0.149780 0.270020
0.080078 0.176147 -0.053467 -0.198853 0.163696 0.331177
0.107910 0.178955 -0.055908 -0.126831 0.163208 0.398926
0.132324 0.173462 -0.059937 -0.053345 0.154907 0.463989
0.151978 0.154419 -0.076904 0.015991 0.149780 0.524414
0.188110 0.127563 -0.090454 0.078247 0.160278 0.590210
0.236206 0.112915 -0.097290 0.135742 0.187866 0.656738
0.276855 0.111816 -0.111084 0.192017 0.219238 0.708008
0.317017 0.103638 -0.125366 0.245117 0.243530 0.738770
0.357178 0.099731 -0.142090 0.283081 0.268799 0.757446
0.399048 0.089111 -0.150879 0.305176 0.309814 0.766724
0.411987 0.090210 -0.157837 0.310791 0.353271 0.767944
0.398926 0.077393 -0.161865 0.301636 0.385254 0.768799
0.370117 0.046509 -0.174438 0.284424 0.412109 0.787109
0.348145 -0.010010 -0.184814 0.271118 0.426147 0.833618
0.360474 -0.056274 -0.204834 0.281616 0.415649 0.920532
0.422974 -0.042114 -0.216797 0.302246 0.369019 1.034180
0.510498 -0.055786 -0.215820 0.308228 0.307739 1.138428
0.643677 -0.126953 -0.225586 0.305176 0.247437 1.237915
0.848511 -0.158203 -0.202393 0.312744 0.176514 1.327026
1.020630 -0.146606 -0.175415 0.367432 0.091431 1.357544
1.113281 -0.147461 -0.211060 0.490112 0.044312 1.321045
1.183472 -0.204224 -0.241089 0.673828 0.067871 1.263550
1.186890 -0.329590 -0.356323 0.934570 0.066772 1.208618
1.197998 -0.475708 -0.586792 1.222046 0.012695 1.198120
1.386719 -0.603760 -0.928833 1.430420 -0.049072 1.311035
1.626587 -0.647095 -1.305176 1.501343 0.008057 1.521973
1.922974 -0.574951 -1.563843 1.416382 0.281494 1.712646
2.113892 -0.352295 -1.605957 1.165039 0.710693 1.703491
2.134521 -0.115723 -1.493896 0.803467 0.959595 1.473389
2.037720 -0.048096 -1.349243 0.456177 0.846558 1.127197
1.852783 -0.070923 -1.168823 0.219238 0.460083 0.769043
1.625854 -0.143188 -1.027588 0.130249 -0.071167 0.428711
1.390869 -0.187256 -0.933838 0.151489 -0.441040 0.185547
1.230103 -0.235596 -0.931274 0.237061 -0.623291 0.060791
1.138428 -0.304565 -1.013672 0.332153 -0.681641 0.034058
1.148193 -0.394043 -1.135620 0.367676 -0.661743 0.108398
1.234131 -0.442261 -1.200317 0.330078 -0.565796 0.248291
1.331299 -0.435425 -1.215210 0.246582 -0.401733 0.381836
1.396362 -0.438965 -1.184448 0.140137 -0.232300 0.460327
1.413452 -0.438354 -1.125977 0.036621 -0.108032 0.479736
1.399536 -0.442017 -1.039917 -0.048950 -0.068604 0.447876
1.379517 -0.450439 -0.940674 -0.101440 -0.125000 0.365845
1.342041 -0.458984 -0.864502 -0.090088 -0.235596 0.253540
1.302002 -0.479858 -0.833008 -0.020508 -0.344971 0.144897
1.273926 -0.480103 -0.838989 0.067139 -0.414429 0.061401
1.246216 -0.455444 -0.859253 0.147095 -0.421631 -0.000366
1.191772 -0.422729 -0.884888 0.196899 -0.356079 -0.044556
1.112427 -0.404785 -0.891357 0.212646 -0.239624 -0.072266
1.028931 -0.399292 -0.885986 0.208252 -0.117554 -0.086426
0.970825 -0.393188 -0.869019 0.190796 -0.015137 -0.084839
0.938965 -0.384888 -0.842041 0.165771 0.059204 -0.072388
0.909546 -0.378784 -0.798706 0.139282 0.098999 -0.061890
0.890259 -0.362671 -0.756348 0.120361 0.105225 -0.058105
0.868042 -0.355713 -0.726807 0.106201 0.087646 -0.062622
0.849731 -0.346924 -0.694702 0.098633 0.055054 -0.070679
0.849609 -0.340332 -0.674316 0.093628 0.004761 -0.082397
0.801392 -0.314697 -0.667847 0.096680 0.002808 -0.091919
0.829224 -0.294434 -0.638916 0.094849 0.054688 -0.099487
0.781982 -0.302490 -0.668213 0.105835 -0.046265 -0.124512
0.742798 -0.308228 -0.684692 0.107056 -0.071411 -0.132690
0.731934 -0.311157 -0.694458 0.090454 -0.027710 -0.104248
0.719604 -0.322266 -0.678101 0.061279 0.015869 -0.060303
0.723511 -0.326782 -0.652588 0.026001 0.100830 -0.007324
0.737671 -0.326050 -0.610474 -0.008667 0.178467 0.044434
