0.906860 -0.225098 -1.216431 0.007568 0.113159 -0.161621
0.946777 -0.249512 -1.287476 0.097046 0.076538 -0.199707
0.999878 -0.154297 -1.391602 0.205444 0.024658 -0.244019
1.106079 -0.140137 -1.672241 0.301758 -0.007080 -0.280518
1.057739 -0.191650 -1.895020 0.265991 0.045898 -0.351440
1.007202 -0.180542 -1.949341 0.137451 0.147827 -0.408203
1.041870 -0.164307 -2.066772 0.022095 0.208496 -0.446655
1.070313 -0.128174 -2.128906 -0.111084 0.227051 -0.489624
1.083130 -0.120117 -2.105469 -0.264282 0.209473 -0.555298
1.074707 -0.158936 -2.076172 -0.405762 0.141113 -0.633911
1.071045 -0.197021 -2.087646 -0.539429 0.047241 -0.702515
1.113892 -0.247192 -2.120117 -0.669922 -0.025024 -0.758545
1.088135 -0.285156 -2.145142 -0.808472 -0.039429 -0.812256
0.987549 -0.297974 -2.164063 -0.968628 -0.000366 -0.852295
0.896729 -0.299561 -2.109497 -1.145508 0.065552 -0.878784
0.835815 -0.336182 -2.048950 -1.319214 0.069336 -0.907471
0.620239 -0.440308 -2.042969 -1.477295 -0.020630 -0.942993
0.531006 -0.432983 -1.992798 -1.637817 -0.169189 -0.913086
0.529297 -0.463501 -1.848267 -1.795044 -0.252563 -0.852661
0.445557 -0.498413 -1.734131 -1.931641 -0.361450 -0.812256
0.355347 -0.551636 -1.618042 -2.052979 -0.446533 -0.778198
0.258667 -0.598145 -1.508423 -2.133301 -0.507568 -0.747314
0.219604 -0.626831 -1.408691 -2.182251 -0.573486 -0.693115
0.226685 -0.669067 -1.324829 -2.221313 -0.611328 -0.604248
0.228149 -0.661011 -1.234863 -2.246826 -0.624146 -0.512817
0.200073 -0.628052 -1.160034 -2.270752 -0.570923 -0.433960
0.165649 -0.613525 -1.088379 -2.325195 -0.467651 -0.348999
0.133911 -0.622070 -0.984009 -2.399414 -0.355835 -0.262085
0.119995 -0.597412 -0.867188 -2.457397 -0.266968 -0.187866
0.105591 -0.581299 -0.743408 -2.500122 -0.198608 -0.127563
0.099731 -0.582031 -0.624756 -2.523438 -0.175659 -0.085205
0.066040 -0.542725 -0.494019 -2.518311 -0.190552 -0.049194
0.031494 -0.511841 -0.374390 -2.494507 -0.216553 -0.018311
0.011841 -0.490234 -0.265869 -2.456909 -0.271240 0.012329
-0.005493 -0.453857 -0.144409 -2.391479 -0.346802 0.045654
-0.029907 -0.428467 -0.036011 -2.302979 -0.433716 0.084351
-0.016479 -0.381226 0.071167 -2.197998 -0.533936 0.140137
0.018921 -0.338623 0.169922 -2.068970 -0.619141 0.200928
0.052979 -0.291504 0.255615 -1.916748 -0.689941 0.264038
0.064453 -0.218262 0.317261 -1.757935 -0.747314 0.330444
0.054199 -0.144653 0.363892 -1.613403 -0.774902 0.406616
0.043823 -0.085571 0.415405 -1.492554 -0.749756 0.497192
0.046265 -0.052856 0.438843 -1.384155 -0.692505 0.603516
0.058716 -0.036865 0.448730 -1.278687 -0.633301 0.715942
0.097046 -0.014282 0.458740 -1.173584 -0.579590 0.836548
0.160278 -0.020508 0.460205 -1.067749 -0.528442 0.951904
0.245728 -0.012939 0.474976 -0.949219 -0.504761 1.056885
0.336792 0.042114 0.493408 -0.811523 -0.508057 1.148315
0.427124 0.067871 0.505493 -0.674561 -0.507202 1.209961
0.481812 0.080688 0.509766 -0.536133 -0.521240 1.232178
0.514648 0.078003 0.502808 -0.390015 -0.547729 1.234985
0.563965 0.057983 0.494751 -0.240967 -0.576416 1.240479
0.631226 0.039063 0.490356 -0.088013 -0.607300 1.257202
0.712891 0.042480 0.468262 0.076782 -0.634399 1.276245
0.815063 0.054565 0.450562 0.245483 -0.636963 1.285889
0.944214 0.075439 0.405518 0.415161 -0.650635 1.291382
1.075317 0.128296 0.344482 0.583984 -0.682861 1.301392
1.238892 0.096802 0.260254 0.729980 -0.671997 1.284058
1.347290 0.150024 0.188232 0.852173 -0.547119 1.189087
1.375977 0.258423 0.112549 0.973267 -0.404663 1.070313
1.395142 0.295410 0.040649 1.053345 -0.298584 0.946655
1.419434 0.300659 -0.016846 1.094482 -0.289673 0.811157
1.473022 0.261353 -0.067749 1.151123 -0.329834 0.666016
1.569824 0.201050 -0.145264 1.265991 -0.399658 0.523438
1.680420 0.188843 -0.262695 1.429199 -0.474487 0.387695
1.741089 0.205200 -0.430664 1.605225 -0.479370 0.242798
1.744873 0.233643 -0.614502 1.750732 -0.420166 0.086304
1.709595 0.233398 -0.817505 1.846191 -0.351563 -0.076294
1.643188 0.270264 -1.018433 1.903564 -0.303345 -0.234497
1.596558 0.268433 -1.204224 1.908691 -0.272461 -0.374390
1.578369 0.259888 -1.385010 1.863159 -0.287598 -0.505615
1.589355 0.260010 -1.526489 1.776245 -0.280762 -0.619873
1.594604 0.266602 -1.596558 1.653931 -0.245361 -0.723267
1.557373 0.284790 -1.595337 1.519165 -0.202026 -0.841309
1.461914 0.254517 -1.573120 1.390869 -0.144897 -0.974854
1.316772 0.278687 -1.534546 1.300903 -0.093506 -1.102051
1.109375 0.276245 -1.546509 1.256226 -0.031250 -1.220337
0.851685 0.230835 -1.602173 1.226074 0.026978 -1.308350
0.639038 0.204956 -1.665405 1.182617 0.116577 -1.311768
0.494751 0.186523 -1.664429 1.108521 0.263550 -1.239136
0.421631 0.155884 -1.530029 1.009399 0.538330 -1.132080
0.398804 0.129761 -1.337280 0.928589 1.112793 -0.989990
0.442749 0.007690 -1.140015 0.913574 1.905151 -0.798096
0.529907 -0.042847 -1.252686 0.965088 2.357300 -0.583252
0.493530 0.048828 -1.359009 0.977905 1.488159 -0.481323
0.358643 0.174927 -1.513062 0.976440 0.161011 -0.603638
0.195923 0.181885 -1.630859 0.964355 -0.520508 -0.805054
0.016846 0.210083 -1.619141 0.887939 -0.714355 -0.929077
-0.084351 0.180664 -1.522217 0.710693 -0.655640 -0.937378
-0.157959 0.124756 -1.425781 0.490356 -0.449463 -0.819702
-0.208618 0.066528 -1.290771 0.299316 -0.171631 -0.621216
-0.204468 0.060425 -1.146973 0.177490 0.044312 -0.405884
-0.211670 0.056274 -1.043335 0.135742 0.180908 -0.234497
-0.229370 0.055054 -0.992310 0.156006 0.190552 -0.117432
-0.245605 0.049438 -0.972534 0.192139 0.161011 -0.021729
-0.271851 0.035645 -0.980347 0.215454 0.138916 0.074829
-0.306641 0.026001 -1.014160 0.208008 0.113159 0.186523
-0.339844 0.011108 -1.063599 0.162842 0.087402 0.334717
-0.349731 -0.008179 -1.071289 0.084839 0.061035 0.514893
-0.319946 -0.022095 -1.060181 0.002686 0.041870 0.688477
-0.248291 -0.035645 -1.023926 -0.068604 -0.050415 0.826172
-0.189941 -0.051147 -0.984741 -0.133789 -0.229736 0.925781
-0.143677 -0.081665 -0.933594 -0.188232 -0.384521 0.988037
-0.106567 -0.124756 -0.883423 -0.222168 -0.489502 1.041382
-0.076660 -0.168335 -0.830566 -0.239990 -0.572998 1.111572
-0.037598 -0.221191 -0.784668 -0.248535 -0.606812 1.200073
0.030029 -0.272339 -0.757568 -0.237671 -0.580322 1.307007
0.134277 -0.298584 -0.750488 -0.205933 -0.511719 1.429443
0.249146 -0.333984 -0.772095 -0.167725 -0.426025 1.549316
0.355225 -0.312500 -0.802856 -0.129761 -0.351318 1.651489
0.433472 -0.300903 -0.828613 -0.109009 -0.275757 1.721680
0.510498 -0.370361 -0.872803 -0.110718 -0.214111 1.767334
0.643066 -0.449341 -0.929443 -0.095459 -0.210938 1.806763
0.813110 -0.463379 -0.979492 -0.032715 -0.235596 1.835083
0.978516 -0.430054 -1.039063 0.036499 -0.237793 1.836548
1.081055 -0.384033 -1.073975 0.060669 -0.205566 1.801392
1.119873 -0.396851 -1.082153 0.036743 -0.156860 1.731079
1.177368 -0.439453 -1.078369 -0.008545 -0.124756 1.665771
1.234375 -0.438232 -1.051392 -0.028687 -0.109863 1.611206
1.285767 -0.445435 -1.028931 -0.034058 -0.130859 1.542603
1.319092 -0.426514 -0.995117 -0.032959 -0.214966 1.441772
1.323975 -0.407471 -0.976929 -0.008911 -0.325317 1.302002
1.327637 -0.421509 -0.990723 0.030396 -0.425537 1.145142
1.387573 -0.423462 -1.032837 0.088623 -0.479126 1.005493
1.437012 -0.352905 -1.097290 0.170898 -0.464355 0.880615
1.451050 -0.294189 -1.184692 0.222656 -0.363647 0.753418
1.411011 -0.245850 -1.249512 0.199707 -0.250488 0.617920
1.299927 -0.248535 -1.270020 0.135376 -0.189087 0.475464
1.195679 -0.279419 -1.268433 0.074829 -0.221558 0.348999
1.113892 -0.279785 -1.251831 0.036011 -0.327393 0.260498
1.082153 -0.280396 -1.227539 0.005981 -0.436157 0.204102
1.073120 -0.277710 -1.243774 -0.032837 -0.605835 0.180298
0.989380 -0.254883 -1.193848 -0.058960 -0.551270 0.149658
0.980103 -0.224487 -1.125977 -0.081665 -0.403076 0.161255
0.904419 -0.174927 -1.107178 -0.103638 -0.426147 0.137207
0.817383 -0.177246 -1.083496 -0.133911 -0.251587 0.078735
0.739258 -0.213135 -1.070068 -0.135986 -0.026978 0.059814
0.702759 -0.232178 -1.064087 -0.145386 0.132324 0.059448
0.654541 -0.268188 -1.071533 -0.171265 0.196533 0.063721
0.628662 -0.304565 -1.072510 -0.195190 0.220581 0.081787
0.625610 -0.340698 -1.062866 -0.210693 0.178833 0.102905
0.621582 -0.372559 -1.054932 -0.214844 0.087891 0.108643
0.620972 -0.385376 -1.038696 -0.201294 0.009399 0.106812
0.625244 -0.414063 -1.035522 -0.175659 -0.018555 0.099609
0.629028 -0.418091 -1.029053 -0.140259 -0.031616 0.096680
0.620361 -0.419067 -1.049561 -0.103882 -0.021240 0.104614
0.619019 -0.413574 -1.063599 -0.081299 0.006958 0.127197
0.637329 -0.407349 -1.070068 -0.067993 0.035889 0.154907
0.657471 -0.381226 -1.072021 -0.060303 0.053589 0.176392
0.684326 -0.354980 -1.048340 -0.065552 0.063477 0.190918
