0.407959 0.204468 0.520874 -0.284790 -0.240356 0.403320
0.461060 0.160278 0.521240 -0.229126 -0.129517 0.495850
0.423340 0.153198 0.629517 -0.180542 -0.044556 0.568726
0.445923 0.136353 0.641235 -0.111938 -0.003540 0.646729
0.473022 0.104980 0.681396 -0.052856 0.060303 0.717896
0.508789 0.078857 0.726318 0.015137 0.069824 0.791260
0.579102 0.024048 0.792114 0.107788 0.035034 0.852661
0.592651 0.042725 0.798584 0.251465 -0.078735 0.874634
0.643921 0.008911 0.814209 0.432983 -0.168457 0.884277
0.619263 0.032104 0.732544 0.641235 -0.287964 0.899048
0.680786 -0.042480 0.689209 0.818237 -0.246582 0.959961
0.750854 -0.071899 0.655029 0.998291 -0.309204 1.032837
0.818237 -0.117798 0.531372 1.182983 -0.329590 1.060303
0.865356 -0.127563 0.412842 1.363159 -0.324707 1.070435
0.919678 -0.131104 0.264282 1.539429 -0.341309 1.096924
0.978394 -0.125000 0.085571 1.703491 -0.340576 1.120239
1.062378 -0.103638 -0.157715 1.857178 -0.330811 1.138184
1.176758 -0.071289 -0.434448 1.983154 -0.291870 1.155640
1.299683 -0.005981 -0.731079 2.061890 -0.248657 1.160645
1.374878 0.063232 -0.998169 2.075684 -0.135742 1.129028
1.476563 0.187622 -1.285278 2.025757 -0.023804 1.079346
1.521729 0.329468 -1.503052 1.895874 0.095215 1.021240
1.560913 0.429565 -1.632446 1.719727 0.159302 0.968018
1.609009 0.475220 -1.694336 1.517334 0.108887 0.902954
1.649536 0.535278 -1.733643 1.292847 -0.041870 0.830688
1.652344 0.587280 -1.745117 1.081421 -0.163818 0.731934
1.648193 0.609741 -1.761963 0.890991 -0.189941 0.617432
1.610107 0.609375 -1.770264 0.717896 -0.125000 0.502197
1.572144 0.595581 -1.762817 0.546265 -0.004517 0.403198
1.525146 0.572021 -1.755005 0.361084 0.083130 0.323730
1.478027 0.549194 -1.731445 0.156372 0.147705 0.263550
1.428101 0.514038 -1.690674 -0.062378 0.209839 0.220215
1.383911 0.461060 -1.614380 -0.285278 0.260986 0.192383
1.356934 0.400146 -1.483521 -0.501343 0.284424 0.174683
1.344482 0.340210 -1.335327 -0.690918 0.286011 0.158325
1.328857 0.266846 -1.189453 -0.834229 0.258667 0.136108
1.328247 0.209839 -1.054810 -0.940430 0.203613 0.119507
1.334839 0.189209 -0.956299 -1.022217 0.135010 0.108643
1.347534 0.165161 -0.898438 -1.109619 0.150269 0.099976
1.354736 0.154785 -0.732178 -1.200928 0.200195 0.073853
1.363281 0.141968 -0.644653 -1.255493 0.114990 0.043579
1.374023 0.129883 -0.565063 -1.308105 0.054688 -0.016602
1.350708 0.145752 -0.501343 -1.348877 0.021851 -0.096558
1.315308 0.148926 -0.414673 -1.377441 0.069824 -0.164917
1.286133 0.150146 -0.341553 -1.389771 0.142944 -0.219116
1.246582 0.154663 -0.273804 -1.392578 0.210327 -0.270996
1.192139 0.151123 -0.213013 -1.391479 0.253662 -0.322144
1.124512 0.130249 -0.178589 -1.398560 0.292358 -0.366699
1.053833 0.117676 -0.115967 -1.424683 0.318359 -0.396606
0.980835 0.093140 -0.060547 -1.463135 0.320923 -0.408691
0.929199 0.072021 0.015991 -1.510986 0.322876 -0.401733
0.899780 0.062134 0.102539 -1.558350 0.294556 -0.383301
0.872192 0.061401 0.149292 -1.589111 0.270142 -0.368408
0.825317 0.058838 0.242310 -1.620239 0.322632 -0.359375
0.822144 0.032349 0.358398 -1.639404 0.300293 -0.343506
0.811768 0.010864 0.445313 -1.631470 0.211426 -0.353394
0.769165 0.014282 0.533447 -1.593872 0.143921 -0.396729
0.709961 0.034302 0.568726 -1.520874 0.079590 -0.443237
0.653564 0.020264 0.627808 -1.429932 0.031250 -0.482788
0.583984 0.016235 0.634888 -1.325195 -0.042725 -0.519531
0.512207 0.001343 0.640625 -1.221680 -0.112183 -0.536255
0.468628 -0.036011 0.633789 -1.122803 -0.194092 -0.514771
0.454834 -0.091187 0.632935 -1.036865 -0.260986 -0.451782
0.452881 -0.106323 0.639404 -0.966064 -0.327026 -0.350586
0.491333 -0.101685 0.669922 -0.904663 -0.356201 -0.213623
0.546875 -0.115356 0.710327 -0.844482 -0.350952 -0.083008
0.583618 -0.109741 0.757935 -0.779053 -0.300415 0.000732
0.600952 -0.090210 0.780762 -0.690796 -0.241821 0.046387
0.578613 -0.072876 0.781982 -0.574341 -0.201538 0.062988
0.526367 -0.048828 0.760742 -0.443115 -0.152588 0.062378
0.467896 -0.037598 0.735596 -0.305420 -0.119751 0.066406
0.416016 -0.036621 0.686890 -0.164551 -0.135620 0.075806
0.362671 -0.055298 0.629028 -0.028442 -0.183350 0.094360
0.322144 -0.103638 0.550781 0.090332 -0.258667 0.142212
0.317017 -0.153687 0.489990 0.182373 -0.355713 0.234741
0.357910 -0.171631 0.465576 0.251831 -0.444092 0.366211
0.419312 -0.155640 0.443726 0.320190 -0.496826 0.499390
0.473999 -0.120239 0.419922 0.384521 -0.523682 0.617065
0.547363 -0.144043 0.399292 0.430420 -0.554688 0.724487
0.602905 -0.178711 0.397461 0.466064 -0.564331 0.791626
0.642212 -0.214966 0.347046 0.520508 -0.590454 0.827026
0.680664 -0.242920 0.306396 0.589478 -0.609985 0.858521
0.725830 -0.280884 0.269775 0.673218 -0.618774 0.898926
0.787476 -0.327271 0.231445 0.764771 -0.623047 0.933472
0.869751 -0.366211 0.195435 0.853394 -0.624878 0.980469
0.953735 -0.378296 0.140259 0.946045 -0.588867 1.014893
1.040894 -0.393555 0.083252 1.040894 -0.496094 1.011597
1.114380 -0.372925 0.026245 1.130249 -0.434814 0.992065
1.164063 -0.316284 -0.051758 1.222046 -0.426147 0.978638
1.167603 -0.257935 -0.156494 1.321899 -0.421997 0.974121
1.188599 -0.241211 -0.268677 1.419678 -0.408936 0.961792
1.228516 -0.252197 -0.399292 1.510010 -0.425171 0.933838
1.234741 -0.243530 -0.568726 1.578857 -0.453979 0.911987
1.263062 -0.248413 -0.693970 1.615479 -0.431763 0.911133
1.217529 -0.262207 -0.769775 1.621460 -0.340698 0.935059
1.253174 -0.309692 -0.831421 1.571533 0.124390 0.990356
1.394409 -0.296143 -0.758301 1.495361 0.260620 1.082642
1.464966 -0.230713 -0.730957 1.386841 -0.134766 1.139160
1.454956 -0.206543 -0.847778 1.209595 -0.550293 1.046265
1.449219 -0.262573 -0.857544 0.937134 -0.514893 0.885864
1.501343 -0.311157 -0.735962 0.667847 -0.261719 0.795044
1.596680 -0.340332 -0.633667 0.527466 -0.126221 0.763916
1.681152 -0.319458 -0.607178 0.529907 -0.226196 0.710815
1.689331 -0.237305 -0.659546 0.603516 -0.463501 0.596924
1.643188 -0.170044 -0.744751 0.669434 -0.709839 0.440186
1.560059 -0.133301 -0.807373 0.678955 -0.912231 0.265015
1.454712 -0.158936 -0.838013 0.631226 -1.047607 0.095215
1.348999 -0.200806 -0.842407 0.547363 -1.108643 -0.038940
1.251587 -0.230225 -0.817017 0.452881 -1.128052 -0.115356
1.189697 -0.261475 -0.778564 0.361206 -1.129150 -0.130981
1.146484 -0.302612 -0.721802 0.278076 -1.100342 -0.107910
1.123413 -0.336304 -0.656860 0.213379 -0.990234 -0.072998
1.114746 -0.323853 -0.567261 0.182495 -0.830078 -0.048584
1.133667 -0.338623 -0.530640 0.193481 -0.717285 -0.021118
1.145752 -0.341064 -0.527344 0.235229 -0.634888 0.012817
1.142578 -0.333740 -0.571899 0.291016 -0.511108 0.034790
1.119629 -0.323975 -0.617432 0.337280 -0.338745 0.044678
1.086304 -0.307983 -0.657959 0.355713 -0.161865 0.055908
1.062012 -0.281494 -0.691772 0.336670 -0.008911 0.067993
1.041992 -0.270996 -0.698853 0.289429 0.075073 0.079590
1.015015 -0.266724 -0.681641 0.229614 0.115234 0.085449
0.992920 -0.271240 -0.646484 0.171753 0.165283 0.083496
0.980469 -0.284180 -0.598267 0.126587 0.188599 0.077637
0.973755 -0.287964 -0.550781 0.100098 0.147705 0.069580
0.969604 -0.281128 -0.520020 0.089111 0.071411 0.055664
0.967773 -0.279053 -0.486816 0.084473 0.016602 0.035645
0.975952 -0.281738 -0.455811 0.078979 -0.000244 0.012573
0.991699 -0.296997 -0.437622 0.073364 -0.003296 -0.009521
0.987305 -0.303589 -0.420166 0.067017 0.037109 -0.025391
0.990479 -0.296509 -0.381470 0.066650 0.094482 -0.030029
1.008301 -0.295776 -0.380981 0.078125 0.111816 -0.023315
1.023560 -0.296875 -0.394897 0.086792 0.099976 -0.022339
1.028442 -0.279541 -0.397949 0.088135 0.044067 -0.012939
1.029785 -0.277832 -0.441650 0.079102 -0.017944 0.010864
1.026367 -0.278809 -0.453003 0.053589 -0.007568 0.024292
1.016235 -0.285400 -0.452759 0.020874 0.031128 0.033936
1.014038 -0.291870 -0.437744 -0.013672 0.075073 0.044556
1.015015 -0.298828 -0.408813 -0.045044 0.100708 0.053223
1.018311 -0.302490 -0.384155 -0.070313 0.108643 0.052246
1.011719 -0.309937 -0.358521 -0.085938 0.115479 0.042847
1.001465 -0.322266 -0.351807 -0.092041 0.138794 0.030884
0.998779 -0.325439 -0.332275 -0.088257 0.171631 0.022461
1.000122 -0.319702 -0.317627 -0.077148 0.167969 0.021484
1.016357 -0.313843 -0.318970 -0.067993 0.123047 0.023071
1.032593 -0.314575 -0.320313 -0.067261 0.073242 0.022827
1.040405 -0.304199 -0.325928 -0.065430 0.045044 0.023193
1.053589 -0.302734 -0.334839 -0.058228 0.036011 0.022827
1.063110 -0.298584 -0.347168 -0.050293 0.022461 0.022705
1.065063 -0.296021 -0.360352 -0.047241 0.007813 0.019165
1.073608 -0.288696 -0.367798 -0.048828 0.002197 0.010376
