0.518555 0.468384 0.058960 0.554932 -0.376343 -0.358521
0.546997 0.409790 0.054810 0.663086 -0.268066 -0.288574
0.596802 0.378540 0.046143 0.781494 -0.103149 -0.212524
0.657959 0.328369 -0.000732 0.908936 0.086914 -0.164795
0.664063 0.390137 0.022583 1.044312 0.258911 -0.155273
0.711304 0.343262 -0.057861 1.199585 0.295410 -0.158325
0.731689 0.275879 -0.131226 1.341064 0.271973 -0.227905
0.723755 0.248413 -0.233765 1.481323 0.201538 -0.329102
0.680786 0.227173 -0.363892 1.616943 0.126221 -0.423340
0.648193 0.223633 -0.522339 1.725220 0.115234 -0.479126
0.656616 0.207886 -0.691528 1.768188 0.162476 -0.491089
0.648682 0.214478 -0.805908 1.719360 0.290283 -0.509155
0.595581 0.212280 -0.837646 1.610718 0.474976 -0.536865
0.497925 0.200562 -0.869263 1.510620 0.625732 -0.561890
0.361328 0.149414 -0.951782 1.463867 0.731201 -0.583008
0.238892 0.117065 -1.075928 1.476440 0.813232 -0.586670
0.133179 0.132446 -1.209595 1.539673 0.858276 -0.574097
0.038208 0.190186 -1.297363 1.626831 0.826294 -0.554321
-0.064331 0.199707 -1.581909 1.684814 0.756958 -0.528687
-0.150879 0.219238 -1.736084 1.651733 0.807861 -0.494507
-0.204956 0.263672 -1.884399 1.585571 0.836914 -0.417236
-0.232178 0.281738 -2.056519 1.494141 0.919922 -0.342041
-0.244019 0.317017 -2.197144 1.371216 0.995972 -0.263672
-0.280151 0.346313 -2.252197 1.200317 1.070190 -0.167969
-0.350464 0.329834 -2.290527 1.018433 1.134888 -0.041992
-0.383423 0.309326 -2.318604 0.840820 1.184448 0.136841
-0.301758 0.309814 -2.315674 0.663940 1.268188 0.358032
-0.163452 0.334351 -2.296509 0.496704 1.377808 0.560669
-0.055420 0.350830 -2.273560 0.337158 1.470215 0.700439
0.014771 0.354980 -2.256836 0.170776 1.510742 0.787598
0.098511 0.356934 -2.244995 -0.021973 1.511597 0.851440
0.173828 0.351563 -2.192505 -0.241333 1.508911 0.908325
0.236084 0.318237 -2.102173 -0.471680 1.505127 0.966309
0.317383 0.272949 -2.002563 -0.684937 1.483276 1.026855
0.430298 0.230225 -1.918945 -0.868652 1.448608 1.091064
0.556885 0.222046 -1.832520 -1.029785 1.395264 1.148926
0.657959 0.217285 -1.724243 -1.187622 1.335327 1.177002
0.728760 0.197266 -1.595093 -1.367432 1.257813 1.177124
0.763306 0.184082 -1.426270 -1.554810 1.159546 1.167480
0.779785 0.168335 -1.250977 -1.712402 1.050049 1.163452
0.784912 0.151001 -1.107056 -1.836304 0.941040 1.163208
0.784790 0.153809 -0.977417 -1.946411 0.844116 1.155762
0.788940 0.129028 -0.846191 -2.050537 0.768555 1.150513
0.795898 0.121460 -0.720947 -2.153809 0.774292 1.155762
0.809937 0.074829 -0.585083 -2.261719 0.856934 1.156616
0.823608 0.018433 -0.422729 -2.355225 0.930786 1.159546
0.839355 -0.041138 -0.275391 -2.406494 0.948608 1.164551
0.883789 -0.071289 -0.143066 -2.408691 0.908936 1.166992
0.947510 -0.082153 -0.034912 -2.379395 0.813232 1.149292
0.950439 -0.007324 -0.030273 -2.334595 0.683594 1.089966
1.029663 -0.075928 0.085571 -2.318970 0.627930 1.018066
1.122070 -0.147339 0.247314 -2.308350 0.462036 0.925537
1.190796 -0.174072 0.375854 -2.266724 0.267578 0.763550
1.187134 -0.167603 0.458374 -2.179810 0.081909 0.569092
1.123535 -0.148315 0.478027 -2.070801 -0.071167 0.398804
1.060791 -0.151001 0.526489 -1.972900 -0.122070 0.270020
1.009277 -0.175659 0.589600 -1.866577 -0.185669 0.179443
0.948975 -0.208008 0.635620 -1.728271 -0.242065 0.107178
0.896118 -0.237793 0.648804 -1.556519 -0.297119 0.067505
0.860229 -0.253296 0.633301 -1.369629 -0.372314 0.068359
0.798828 -0.194092 0.584473 -1.196777 -0.451172 0.105713
0.842896 -0.245239 0.563354 -1.057007 -0.514404 0.192871
0.904175 -0.287109 0.545776 -0.940308 -0.573975 0.266846
0.948975 -0.291992 0.528442 -0.839478 -0.598511 0.292603
0.983521 -0.278320 0.514038 -0.749268 -0.609863 0.293335
0.993286 -0.280029 0.536255 -0.679443 -0.574341 0.284058
1.001221 -0.287964 0.574585 -0.611328 -0.520752 0.268677
0.984131 -0.303467 0.608643 -0.516724 -0.454468 0.230835
0.914917 -0.285889 0.628418 -0.386353 -0.392456 0.173706
0.837891 -0.263550 0.629639 -0.228882 -0.358887 0.122070
0.773804 -0.267456 0.615723 -0.062378 -0.366577 0.082764
0.683228 -0.246216 0.565918 0.103760 -0.420654 0.057129
0.609253 -0.323242 0.505371 0.261963 -0.508423 0.101685
0.626099 -0.426270 0.435913 0.415894 -0.603760 0.250366
0.699585 -0.479248 0.360229 0.577515 -0.616211 0.427856
0.802612 -0.502930 0.294556 0.751709 -0.547729 0.567505
0.924805 -0.490845 0.234741 0.931885 -0.473511 0.660767
1.004150 -0.463257 0.180786 1.102783 -0.389771 0.702393
1.021973 -0.455566 0.117065 1.250977 -0.311523 0.683105
0.992554 -0.439697 0.058838 1.368652 -0.258057 0.627686
0.951904 -0.486450 -0.005005 1.467285 -0.251099 0.569824
0.928711 -0.564819 -0.075317 1.572876 -0.290405 0.539429
0.945190 -0.643799 -0.140991 1.702271 -0.348022 0.553467
0.992310 -0.678345 -0.223389 1.860474 -0.408569 0.602905
1.006104 -0.687500 -0.308472 2.021606 -0.410278 0.649048
1.004150 -0.700195 -0.353394 2.156128 -0.370483 0.691284
0.980835 -0.715210 -0.465088 2.261475 -0.367554 0.728760
0.984253 -0.755981 -0.604370 2.310791 -0.374878 0.765137
1.052490 -0.825806 -0.752075 2.302368 -0.388550 0.827515
1.177246 -0.868164 -0.871460 2.249023 -0.359375 0.904175
1.289795 -0.866333 -0.937866 2.180420 -0.223022 0.961914
1.369507 -0.823608 -0.956787 2.129761 -0.020264 1.010376
1.425537 -0.742798 -0.999146 2.111694 0.160278 1.055176
1.450317 -0.686523 -1.102783 2.121704 0.232910 1.070801
1.483032 -0.625122 -1.246704 2.142822 0.180420 1.033936
1.528564 -0.520020 -1.429565 2.130737 0.049316 0.928711
1.541626 -0.370972 -1.596313 2.028687 -0.117432 0.754883
1.505981 -0.285645 -1.733154 1.814087 -0.152222 0.528564
1.464844 -0.226807 -1.687744 1.483276 0.095825 0.267456
1.414063 -0.196289 -1.511230 1.115112 0.319824 0.036865
1.370972 -0.223389 -1.297241 0.782715 0.268188 -0.115967
1.325439 -0.290039 -1.106934 0.523560 -0.044189 -0.207397
1.270874 -0.367188 -0.958008 0.338379 -0.441528 -0.253906
1.243408 -0.388306 -0.865112 0.220825 -0.745605 -0.265137
1.238281 -0.376831 -0.770142 0.157104 -0.865601 -0.259888
1.233032 -0.379639 -0.695923 0.134399 -0.904053 -0.243896
1.208130 -0.374512 -0.682007 0.118530 -0.866699 -0.236938
1.182007 -0.358887 -0.680176 0.087280 -0.763062 -0.239990
1.126343 -0.347168 -0.660645 0.050903 -0.641479 -0.233643
1.067505 -0.364624 -0.643555 0.030518 -0.533691 -0.198975
1.017334 -0.359741 -0.632446 0.027588 -0.422607 -0.153320
0.998047 -0.343872 -0.631836 0.030762 -0.330933 -0.115234
0.968506 -0.315430 -0.613770 0.030396 -0.299072 -0.097656
0.938843 -0.306885 -0.606934 0.028076 -0.276855 -0.096069
0.917725 -0.312256 -0.583862 0.022095 -0.206421 -0.094971
0.908936 -0.315430 -0.558472 0.014771 -0.136475 -0.081665
0.896484 -0.306763 -0.539917 0.005005 -0.090942 -0.058105
0.891235 -0.305420 -0.534912 -0.015747 -0.048828 -0.024536
0.903198 -0.322510 -0.512207 -0.050415 0.014526 0.015991
0.914063 -0.332764 -0.480103 -0.083496 0.082764 0.051392
0.929810 -0.333862 -0.455688 -0.107056 0.137939 0.080200
0.934692 -0.338745 -0.439575 -0.123413 0.183960 0.100098
0.943237 -0.354492 -0.423096 -0.136475 0.229858 0.117188
0.958374 -0.364258 -0.396973 -0.144531 0.267090 0.133667
0.975098 -0.365479 -0.386841 -0.145874 0.299927 0.141113
0.985962 -0.376343 -0.374023 -0.141968 0.310181 0.132324
0.985596 -0.383911 -0.369141 -0.137573 0.277832 0.113525
0.981445 -0.391357 -0.366455 -0.135986 0.256348 0.090942
0.975830 -0.405518 -0.375244 -0.142334 0.235718 0.071167
0.974731 -0.414429 -0.372925 -0.156006 0.204834 0.058472
0.970215 -0.414551 -0.368408 -0.171265 0.170288 0.052002
0.975952 -0.412598 -0.357666 -0.182739 0.134521 0.046265
0.982056 -0.407471 -0.350464 -0.195435 0.113525 0.038818
0.982300 -0.408081 -0.340454 -0.209961 0.116089 0.024536
0.965088 -0.414429 -0.320190 -0.221802 0.121582 0.007080
0.946289 -0.422119 -0.304321 -0.223267 0.106079 -0.008545
0.930420 -0.424683 -0.312378 -0.214844 0.084106 -0.021851
0.913818 -0.423218 -0.312378 -0.204346 0.083618 -0.029541
0.906860 -0.424072 -0.309448 -0.195557 0.099365 -0.027466
0.910645 -0.429932 -0.330322 -0.190552 0.139893 -0.020508
0.916382 -0.423706 -0.325195 -0.190796 0.201782 -0.014771
0.918091 -0.418335 -0.322388 -0.189697 0.233276 -0.008301
0.924683 -0.411499 -0.327271 -0.187866 0.217407 -0.006592
0.933594 -0.399780 -0.326904 -0.183960 0.148926 -0.016602
0.938965 -0.397583 -0.344482 -0.178833 0.038452 -0.027100
0.945923 -0.395264 -0.356689 -0.174927 -0.062012 -0.037720
0.942871 -0.389893 -0.365601 -0.174072 -0.136230 -0.049316
0.939941 -0.375488 -0.382690 -0.174072 -0.195190 -0.060425
0.927368 -0.370483 -0.404053 -0.177368 -0.242065 -0.072510
0.913208 -0.375854 -0.413696 -0.181641 -0.274658 -0.078491
