0.399048 0.135498 0.736694 0.005859 -0.328491 0.337769
0.375610 0.060791 0.774536 0.091553 -0.283936 0.395386
0.388184 0.038330 0.779663 0.182251 -0.253418 0.444336
0.416138 0.034058 0.808228 0.282837 -0.210327 0.516968
0.458252 -0.008667 0.804932 0.403442 -0.193970 0.600708
0.500122 -0.076172 0.792236 0.519409 -0.194214 0.668945
0.559937 -0.117920 0.748901 0.639648 -0.209106 0.738403
0.619385 -0.116943 0.735718 0.763428 -0.229004 0.824829
0.662598 -0.098999 0.687378 0.911133 -0.256958 0.899292
0.689941 -0.072144 0.622070 1.088013 -0.300903 0.943848
0.716919 -0.074463 0.494141 1.272339 -0.378052 0.971680
0.746216 -0.084595 0.352295 1.435425 -0.490479 0.982910
0.761597 -0.090332 0.177734 1.560913 -0.599609 0.973511
0.778809 -0.093750 -0.024780 1.643311 -0.630737 0.955566
0.796875 -0.091919 -0.217529 1.694580 -0.570557 0.947144
0.850220 -0.057617 -0.441040 1.754761 -0.478027 0.974487
0.970093 -0.017822 -0.696899 1.832031 -0.376465 1.043579
1.125732 0.018066 -0.995972 1.900635 -0.253174 1.127686
1.329834 0.169434 -1.331787 1.922729 -0.136841 1.206299
1.506592 0.369019 -1.615479 1.861938 0.017212 1.250610
1.609253 0.505005 -1.790283 1.710327 0.228149 1.234131
1.632202 0.571167 -1.861572 1.455566 0.392090 1.144531
1.614502 0.581177 -1.843384 1.111816 0.391846 0.989014
1.569458 0.565552 -1.774536 0.755127 0.208740 0.794556
1.539063 0.489624 -1.745605 0.463257 -0.042358 0.597046
1.537231 0.418457 -1.700684 0.258301 -0.245728 0.444580
1.558105 0.406860 -1.684204 0.131226 -0.238525 0.363770
1.545410 0.373901 -1.624023 0.040771 -0.137451 0.339355
1.512085 0.329956 -1.576782 -0.087646 0.020386 0.356689
1.510254 0.280762 -1.486206 -0.288452 0.225708 0.411011
1.498047 0.265747 -1.340698 -0.519043 0.420166 0.475830
1.451782 0.235229 -1.221924 -0.716553 0.506836 0.506470
1.422974 0.197876 -1.119263 -0.869751 0.488159 0.492065
1.397949 0.167358 -1.012573 -0.995483 0.415649 0.452515
1.391113 0.116699 -0.926880 -1.108765 0.317383 0.404907
1.402710 0.065308 -0.830322 -1.215088 0.169556 0.365723
1.432373 0.035889 -0.712891 -1.314087 -0.010498 0.346313
1.467041 0.033203 -0.600220 -1.388916 -0.178223 0.339600
1.506226 0.047974 -0.486328 -1.437256 -0.288818 0.333008
1.526855 0.089478 -0.406006 -1.469238 -0.300049 0.310547
1.546143 0.098022 -0.321045 -1.510132 -0.219849 0.277100
1.549683 0.100098 -0.227295 -1.572021 -0.100586 0.227417
1.532837 0.082031 -0.151611 -1.631714 0.040649 0.154053
1.507935 0.056519 -0.067017 -1.662964 0.195557 0.062866
1.436768 0.059570 -0.006836 -1.668457 0.353394 -0.031494
1.379517 0.038818 0.075562 -1.664917 0.481445 -0.105347
1.330688 0.005127 0.164673 -1.651611 0.555664 -0.178711
1.276855 -0.014160 0.243652 -1.617432 0.598022 -0.267578
1.216797 -0.057373 0.312744 -1.560547 0.580566 -0.360718
1.132446 -0.054077 0.348755 -1.504883 0.542358 -0.454468
1.054077 -0.062622 0.399780 -1.466797 0.539917 -0.525635
0.956787 -0.040649 0.394531 -1.440674 0.521973 -0.569580
0.907104 -0.081909 0.444458 -1.443359 0.587891 -0.582642
0.852661 -0.132813 0.531738 -1.440063 0.598633 -0.588989
0.789185 -0.160889 0.603394 -1.397949 0.581543 -0.629395
0.706421 -0.140503 0.629883 -1.314819 0.467163 -0.682251
0.611694 -0.114258 0.631714 -1.221436 0.391357 -0.718750
0.530029 -0.094604 0.644897 -1.138306 0.342163 -0.724243
0.444092 -0.101196 0.631592 -1.065308 0.269897 -0.715942
0.361694 -0.108032 0.621094 -0.995483 0.190552 -0.698730
0.291748 -0.109009 0.598999 -0.925659 0.115112 -0.678955
0.236206 -0.100342 0.582275 -0.861450 0.041992 -0.626221
0.191650 -0.101685 0.566528 -0.815308 -0.022949 -0.552246
0.172119 -0.116577 0.561768 -0.791626 -0.060181 -0.460083
0.166138 -0.128052 0.577637 -0.774048 -0.074707 -0.353149
0.179443 -0.146118 0.605469 -0.745850 -0.082397 -0.236816
0.195190 -0.168579 0.631226 -0.704102 -0.093018 -0.123413
0.217529 -0.173706 0.657593 -0.650269 -0.103394 -0.013550
0.248047 -0.172485 0.683105 -0.575928 -0.120361 0.088013
0.273804 -0.168091 0.694824 -0.483643 -0.153687 0.165527
0.289551 -0.154175 0.686768 -0.378662 -0.200317 0.218506
0.280518 -0.132690 0.667480 -0.269043 -0.259033 0.253418
0.255737 -0.129150 0.633057 -0.161865 -0.331177 0.281006
0.234131 -0.139160 0.582520 -0.069458 -0.408081 0.322266
0.220215 -0.163330 0.545654 0.001953 -0.467041 0.385498
0.223999 -0.206665 0.526611 0.062134 -0.518555 0.475464
0.254395 -0.281372 0.519165 0.127808 -0.576904 0.593018
0.329590 -0.362549 0.539063 0.202515 -0.649902 0.747681
0.446655 -0.405640 0.566284 0.289673 -0.682861 0.935913
0.551147 -0.415894 0.576782 0.398438 -0.636719 1.127441
0.659302 -0.421509 0.566650 0.535034 -0.556519 1.285400
0.734985 -0.379761 0.501221 0.691162 -0.491821 1.382935
0.851929 -0.450439 0.433594 0.853149 -0.502686 1.428345
0.960327 -0.485229 0.311646 1.014404 -0.603516 1.406006
1.021118 -0.468018 0.165039 1.150024 -0.683228 1.334839
1.073608 -0.485596 0.047485 1.253052 -0.731567 1.269531
1.141479 -0.502075 -0.037842 1.323975 -0.787598 1.227905
1.216919 -0.504883 -0.130249 1.376831 -0.829224 1.194336
1.322144 -0.493652 -0.235229 1.428101 -0.840332 1.167847
1.433838 -0.438110 -0.357544 1.473755 -0.823120 1.139038
1.515015 -0.383545 -0.492065 1.499878 -0.738159 1.103638
1.569092 -0.326050 -0.591187 1.495728 -0.609375 1.065552
1.550171 -0.254150 -0.664185 1.466187 -0.504272 1.014771
1.435059 -0.236816 -0.719604 1.418579 -0.402832 0.952271
1.298584 -0.291748 -0.721924 1.366577 -0.303711 0.891602
1.418701 -0.338623 -0.713257 1.320923 -0.138428 0.904297
1.552734 -0.265259 -0.597046 1.309570 -0.480225 0.983765
1.589722 -0.237305 -0.677002 1.315308 -0.863281 0.957031
1.589600 -0.263184 -0.696777 1.255371 -0.684937 0.787842
1.608154 -0.297485 -0.685913 1.161987 -0.396118 0.637207
1.598511 -0.290405 -0.706055 1.064819 -0.268921 0.579712
1.577393 -0.262085 -0.753418 0.945679 -0.241943 0.548218
1.541260 -0.239380 -0.771729 0.794434 -0.261841 0.491211
1.486938 -0.227295 -0.778076 0.632080 -0.393921 0.410156
1.436401 -0.239380 -0.765625 0.483887 -0.556274 0.322876
1.385132 -0.239136 -0.716797 0.378418 -0.671997 0.244141
1.335449 -0.234863 -0.699829 0.316162 -0.685791 0.183350
1.320801 -0.304565 -0.679810 0.268677 -0.737061 0.147217
1.291626 -0.339844 -0.637695 0.215210 -0.810059 0.110107
1.256226 -0.292603 -0.617310 0.169800 -0.861572 0.075684
1.245728 -0.294800 -0.590332 0.139160 -0.924927 0.058960
1.214600 -0.320435 -0.566040 0.112793 -0.853638 0.046997
1.207520 -0.348389 -0.560059 0.068726 -0.692017 0.036011
1.189453 -0.353149 -0.524292 0.009766 -0.561523 0.039185
1.142090 -0.355957 -0.468140 -0.033936 -0.453857 0.052246
1.121460 -0.382446 -0.464844 -0.031616 -0.304810 0.071533
1.107300 -0.389160 -0.461182 -0.013916 -0.169434 0.087280
1.090454 -0.397827 -0.461426 0.002441 -0.084473 0.093384
1.083374 -0.401855 -0.453003 0.019165 -0.046631 0.094849
1.074829 -0.397583 -0.449219 0.037231 -0.008301 0.096313
1.072388 -0.393311 -0.431274 0.052490 0.055420 0.092773
1.063965 -0.390625 -0.413330 0.060547 0.106689 0.082153
1.055542 -0.384766 -0.396973 0.058838 0.139893 0.065308
1.042969 -0.393921 -0.373169 0.052856 0.155518 0.041992
1.032593 -0.394653 -0.353271 0.048462 0.117798 0.020874
1.020508 -0.388794 -0.335205 0.040649 0.058716 -0.001099
1.017334 -0.387451 -0.317993 0.032104 0.015747 -0.020630
1.016235 -0.387207 -0.303589 0.022827 -0.004639 -0.042480
1.023071 -0.398682 -0.293457 0.014282 -0.019043 -0.068726
1.019897 -0.393433 -0.307739 0.008667 -0.039551 -0.086914
1.033081 -0.382324 -0.297241 0.006714 -0.033325 -0.089966
1.044067 -0.379517 -0.294312 0.014893 -0.041870 -0.087769
1.042603 -0.385132 -0.302246 0.021362 -0.066406 -0.093262
1.028320 -0.371704 -0.318848 0.020386 -0.092896 -0.100952
1.010986 -0.351563 -0.318481 0.009033 -0.076782 -0.098633
1.004272 -0.351563 -0.310059 -0.010010 -0.051025 -0.081421
0.993652 -0.338257 -0.305542 -0.035156 -0.013794 -0.062500
0.998413 -0.334229 -0.283569 -0.061401 0.046265 -0.047974
1.017456 -0.355469 -0.258423 -0.075317 0.075562 -0.040894
1.022217 -0.362427 -0.237427 -0.077393 0.082642 -0.055054
1.028564 -0.365723 -0.218262 -0.065063 0.063477 -0.077515
1.027222 -0.357666 -0.222046 -0.041016 0.037720 -0.098389
1.019165 -0.345825 -0.229614 -0.020020 0.033936 -0.113159
1.008911 -0.332520 -0.258667 -0.008789 0.036499 -0.117920
1.015015 -0.333252 -0.257813 -0.012207 0.056152 -0.113159
1.021362 -0.343140 -0.246704 -0.017456 0.036987 -0.109985
1.019165 -0.346802 -0.247192 -0.015503 -0.007202 -0.122559
1.020874 -0.333374 -0.243774 -0.006104 -0.054810 -0.146240
1.008911 -0.320435 -0.263916 0.002563 -0.081421 -0.167603
0.994751 -0.319702 -0.269897 -0.002197 -0.069336 -0.183960
