0.613892 0.290771 0.227051 -0.187988 -0.154419 0.248047
0.760376 0.127808 0.308472 -0.096558 -0.040894 0.348633
0.824463 0.117920 0.385986 -0.006836 0.162842 0.407593
0.914185 0.123169 0.448853 0.124512 0.325439 0.461182
1.014648 0.106812 0.475586 0.300537 0.387207 0.457764
1.012695 0.208618 0.360107 0.495972 0.377563 0.392578
1.067627 0.091553 0.340820 0.661743 0.432983 0.344849
1.138428 -0.027100 0.298096 0.817139 0.389893 0.301392
1.165283 -0.103394 0.252930 0.968140 0.409912 0.197876
1.139771 -0.126099 0.244751 1.154541 0.435425 0.092163
1.126099 -0.130493 0.177979 1.389771 0.350098 0.009888
1.078247 -0.119995 0.014526 1.612915 0.282959 -0.089355
0.988892 -0.142822 -0.141479 1.796875 0.253784 -0.178101
0.930786 -0.176147 -0.302734 1.954468 0.180420 -0.223755
0.901367 -0.163818 -0.492554 2.092041 0.132202 -0.267822
0.853516 -0.150391 -0.717896 2.211060 0.110229 -0.320801
0.783325 -0.131592 -0.936890 2.290405 0.085938 -0.361206
0.710205 -0.113159 -1.168823 2.317261 0.116333 -0.383667
0.661255 -0.053101 -1.392578 2.307861 0.153198 -0.387451
0.605591 0.039307 -1.653076 2.275757 0.167725 -0.382690
0.524780 0.109619 -1.898926 2.182739 0.226563 -0.368896
0.451660 0.174072 -2.036987 1.991333 0.350098 -0.334473
0.384644 0.205322 -2.064331 1.717407 0.472168 -0.275024
0.335083 0.220093 -1.993286 1.447021 0.543091 -0.197876
0.317993 0.230103 -1.921143 1.251709 0.555176 -0.112061
0.310181 0.252319 -1.875366 1.135620 0.520874 -0.036133
0.313477 0.262939 -1.878784 1.059692 0.479980 0.025146
0.319702 0.270020 -1.913208 0.987427 0.457642 0.077759
0.340820 0.261230 -1.974976 0.919434 0.469849 0.127930
0.378418 0.267944 -2.041748 0.843140 0.489502 0.172974
0.407593 0.277710 -2.102173 0.744751 0.511597 0.208618
0.430542 0.266113 -2.157349 0.620728 0.539551 0.236084
0.442017 0.259521 -2.204590 0.469482 0.566895 0.263794
0.429321 0.221558 -2.217407 0.299072 0.611084 0.298706
0.415527 0.154541 -2.207764 0.124756 0.662109 0.357910
0.434082 0.125122 -2.192139 -0.036011 0.690430 0.459839
0.497070 0.123535 -2.151733 -0.180664 0.710815 0.573608
0.574097 0.123413 -2.090942 -0.328125 0.743164 0.659668
0.631836 0.115234 -2.002441 -0.490112 0.786377 0.712769
0.653076 0.093018 -1.897827 -0.654541 0.830688 0.752319
0.666504 0.067383 -1.781616 -0.805664 0.877075 0.789551
0.679443 0.033081 -1.681396 -0.932251 0.919556 0.827271
0.717651 0.016724 -1.602661 -1.047485 0.938354 0.865356
0.786621 0.004883 -1.512695 -1.166504 0.974121 0.898071
0.861694 0.001099 -1.405396 -1.287476 1.022827 0.917969
0.925415 -0.008057 -1.300781 -1.412964 1.073364 0.918213
0.962402 -0.027100 -1.184570 -1.537231 1.124023 0.899292
0.982178 -0.055542 -1.064087 -1.651611 1.171143 0.873291
0.997314 -0.087646 -0.943604 -1.742554 1.188232 0.844360
1.040039 -0.107422 -0.814453 -1.809448 1.179199 0.811523
1.083130 -0.106445 -0.686768 -1.858643 1.141968 0.772339
1.126709 -0.135376 -0.587891 -1.885986 1.054565 0.723267
1.148315 -0.158813 -0.482178 -1.895752 0.932007 0.655029
1.188965 -0.175659 -0.399658 -1.891357 0.843140 0.582397
1.240234 -0.172974 -0.306152 -1.881348 0.748169 0.503418
1.262573 -0.178223 -0.197876 -1.863892 0.639893 0.406128
1.249634 -0.196899 -0.083740 -1.835693 0.554565 0.298096
1.212769 -0.214355 0.012085 -1.782104 0.468872 0.193237
1.163330 -0.240234 0.083618 -1.705811 0.374878 0.106079
1.102539 -0.249634 0.124146 -1.620850 0.298340 0.044922
1.049927 -0.249146 0.167114 -1.536865 0.240356 0.012329
1.020142 -0.237061 0.208130 -1.455078 0.191406 -0.007202
1.002075 -0.218872 0.254150 -1.368896 0.146362 -0.026367
0.973755 -0.197998 0.277832 -1.275269 0.108276 -0.047485
0.935669 -0.179810 0.284058 -1.179932 0.077148 -0.069092
0.822754 -0.069092 0.212402 -1.097900 0.079224 -0.068359
0.861694 -0.155151 0.226196 -1.060791 0.128784 -0.008423
0.884521 -0.210449 0.297729 -1.020386 0.150024 0.000854
0.876221 -0.205933 0.351196 -0.934204 0.127930 -0.037964
0.839600 -0.177979 0.326172 -0.820435 0.058594 -0.075806
0.765137 -0.133667 0.291626 -0.734375 0.026245 -0.095825
0.708374 -0.121582 0.290039 -0.677856 0.000610 -0.081299
0.649658 -0.071533 0.274414 -0.626709 -0.013184 -0.054688
0.663574 -0.135254 0.282471 -0.582397 -0.035400 -0.013062
0.662598 -0.166626 0.290039 -0.534546 -0.100464 -0.001831
0.616211 -0.129395 0.271118 -0.478882 -0.140869 -0.014526
0.599609 -0.153931 0.263916 -0.420410 -0.201782 0.011597
0.624756 -0.172607 0.271851 -0.366943 -0.273560 0.053467
0.620361 -0.120361 0.258057 -0.310059 -0.321899 0.082275
0.637207 -0.155518 0.267822 -0.248047 -0.361938 0.123169
0.628784 -0.192749 0.275269 -0.184204 -0.386108 0.148071
0.625610 -0.240967 0.286987 -0.110474 -0.379150 0.150269
0.578979 -0.206055 0.269775 -0.016357 -0.346924 0.150024
0.560669 -0.207153 0.265137 0.076172 -0.311401 0.182251
0.546265 -0.234253 0.267700 0.151245 -0.286865 0.227051
0.515869 -0.269653 0.260498 0.225464 -0.262817 0.270874
0.484863 -0.319824 0.250366 0.312134 -0.251465 0.329834
0.492065 -0.353027 0.232422 0.411255 -0.254883 0.414917
0.512085 -0.372559 0.204102 0.510742 -0.275757 0.535645
0.580078 -0.480713 0.162964 0.605713 -0.337769 0.687134
0.700439 -0.569092 0.142578 0.702148 -0.395752 0.813843
0.835938 -0.584473 0.104492 0.828247 -0.433716 0.898071
0.958496 -0.612549 0.046143 0.990234 -0.446167 0.934448
1.076172 -0.631226 0.001709 1.151733 -0.451660 0.934326
1.159180 -0.615601 -0.063599 1.297974 -0.484985 0.894897
1.176880 -0.566528 -0.137695 1.433594 -0.534546 0.792847
1.145996 -0.542236 -0.199219 1.555176 -0.600220 0.654663
1.104370 -0.576782 -0.269897 1.664917 -0.684326 0.513306
1.074097 -0.620728 -0.349121 1.776611 -0.773804 0.388306
1.064331 -0.662842 -0.444702 1.902832 -0.857300 0.306274
1.116699 -0.671387 -0.579834 2.040894 -0.952271 0.295776
1.186279 -0.609131 -0.756104 2.181396 -1.034058 0.321167
1.246216 -0.523682 -0.989746 2.289063 -0.992676 0.325439
1.291382 -0.445679 -1.234009 2.312622 -0.813721 0.294434
1.300903 -0.382202 -1.422729 2.236938 -0.585571 0.243042
1.280396 -0.333618 -1.544312 2.085938 -0.391968 0.176270
1.233398 -0.303711 -1.577515 1.877686 -0.331421 0.101318
1.177856 -0.303223 -1.559448 1.642822 -0.445923 0.032593
1.115601 -0.324829 -1.511353 1.424683 -0.673950 -0.031738
1.073242 -0.349854 -1.448730 1.241699 -0.897095 -0.082275
1.078613 -0.369019 -1.399780 1.089233 -1.029175 -0.095581
1.127930 -0.363403 -1.358765 0.959595 -1.077881 -0.080444
1.188843 -0.345581 -1.330933 0.853760 -1.086426 -0.061401
1.213989 -0.337280 -1.312622 0.762085 -1.055542 -0.052979
1.193481 -0.345337 -1.293091 0.676025 -0.946533 -0.054077
1.164429 -0.366089 -1.270264 0.585083 -0.765625 -0.046753
1.117065 -0.390625 -1.228271 0.479736 -0.540039 -0.032104
1.052368 -0.412720 -1.178345 0.375122 -0.315796 -0.016602
0.998901 -0.434937 -1.107178 0.287720 -0.138550 -0.000366
0.957153 -0.452271 -1.046387 0.231934 -0.035400 0.015625
0.923218 -0.449951 -0.990601 0.207031 0.011963 0.025269
0.904297 -0.442505 -0.943970 0.204224 0.020874 0.015259
0.888672 -0.426392 -0.909790 0.213135 -0.004517 -0.016235
0.864868 -0.417847 -0.875732 0.220703 -0.044434 -0.055908
0.845459 -0.400513 -0.846802 0.220947 -0.080322 -0.081909
0.838135 -0.390381 -0.817871 0.214600 -0.100830 -0.089355
0.829346 -0.384399 -0.789551 0.204102 -0.101685 -0.085693
0.821777 -0.379395 -0.779541 0.188477 -0.080444 -0.073364
0.812500 -0.378296 -0.774292 0.162964 -0.048340 -0.053955
0.803101 -0.379272 -0.757568 0.127563 -0.004272 -0.030518
0.805664 -0.377930 -0.738525 0.088013 0.041626 -0.006470
0.821777 -0.375366 -0.709839 0.051147 0.068604 0.010498
0.838135 -0.379395 -0.687622 0.018311 0.064697 0.014160
0.847778 -0.381592 -0.669434 -0.010986 0.046509 0.013062
0.854492 -0.389160 -0.644775 -0.038940 0.043335 0.013184
0.864014 -0.407715 -0.622070 -0.064453 0.062500 0.016235
0.869507 -0.426025 -0.596069 -0.087402 0.093506 0.024536
0.871094 -0.430176 -0.569824 -0.107788 0.124634 0.043335
0.877075 -0.431763 -0.547363 -0.120850 0.162964 0.065674
0.872925 -0.437134 -0.532104 -0.125244 0.202515 0.080933
0.870483 -0.447998 -0.515869 -0.124390 0.234375 0.089355
0.875732 -0.454346 -0.507568 -0.120850 0.254028 0.096436
0.883789 -0.456421 -0.498047 -0.113281 0.259033 0.100952
0.892822 -0.460327 -0.488037 -0.104858 0.252197 0.102539
0.904297 -0.462891 -0.475342 -0.095093 0.245972 0.101318
0.912354 -0.462524 -0.459473 -0.081055 0.244385 0.094360
0.928589 -0.459473 -0.449219 -0.064209 0.234131 0.080444
0.942749 -0.452148 -0.439575 -0.044434 0.205444 0.061401
0.950806 -0.435059 -0.444580 -0.019409 0.153687 0.040161
0.953979 -0.424194 -0.472290 0.000488 0.093628 0.020630
