0.801270 0.460693 0.059204 -0.949124 0.149287 0.031329
0.785034 0.501465 0.142212 -1.011070 0.048180 0.238764
0.839844 0.510986 0.104736 -1.005136 -0.097310 0.266533
0.859131 0.473999 0.164063 -0.968348 -0.163765 0.313289
0.849854 0.325073 0.187500 -0.933459 -0.224287 0.371675
0.952881 0.473389 0.131470 -0.768033 -0.149050 0.154746
0.906738 0.516479 0.204102 -0.370014 0.056250 0.034652
0.997925 0.503296 0.197266 -0.166138 0.083306 0.224761
1.001709 0.538208 0.116821 0.046993 0.107040 0.297150
0.937012 0.545776 0.124512 0.062895 0.050316 0.445725
1.139282 0.368286 0.249756 -0.233780 -0.222625 0.464238
1.075562 0.498169 0.156006 -0.882431 -0.433621 0.637733
1.125488 0.529541 0.161011 -1.292555 -0.640107 0.726973
1.106323 0.507690 0.193237 -1.491446 -0.734331 0.835675
0.969971 0.542847 0.071777 -1.598012 -0.849204 0.821197
0.946167 0.503296 -0.268677 -1.461541 -1.025310 0.632512
1.081909 0.257813 -0.126953 -0.662891 -0.124129 0.409412
1.060547 0.419678 0.161133 -0.241138 0.577212 0.219540
0.944580 0.461060 0.104736 -0.339634 0.471120 0.182752
0.887573 0.408691 0.103394 -0.323732 0.337735 0.284808
0.886719 0.404785 0.112427 -0.353400 0.280774 0.362181
0.895386 0.411011 0.112061 -0.338210 0.282435 0.377846
0.919800 0.394897 0.107788 -0.258226 0.292403 0.405377
0.958740 0.374268 0.109375 -0.204113 0.296913 0.465662
0.928711 0.041260 0.026855 -0.320172 0.245885 0.570803
0.934570 0.361450 -0.021851 -0.659806 0.130537 0.685439
1.017212 0.453125 -0.000244 -1.020563 -0.084018 0.791292
1.035522 0.300903 0.083252 -1.178395 -0.313764 0.857036
0.974731 0.302490 0.052856 -0.942241 -0.364080 0.755217
0.884521 0.090820 -0.240723 -0.403716 -0.237103 0.456643
1.016846 0.406372 -0.014648 0.596436 0.700629 -0.058860
1.122192 0.806030 0.463989 0.765660 0.982826 -0.262261
1.004517 0.713989 0.146729 -0.140268 -0.037025 -0.003085
0.945923 0.443115 0.069214 -0.446437 -0.369776 0.211945
0.967041 0.334717 0.173340 -0.418431 -0.149524 0.191771
0.977051 0.318481 0.211182 -0.494380 -0.204587 0.159493
0.978271 0.333862 0.221558 -0.616847 -0.354824 0.249445
0.985718 0.305420 0.238525 -0.655534 -0.419855 0.358384
1.004272 0.309692 0.213501 -0.638920 -0.415820 0.407513
1.008057 0.355713 0.177979 -0.692084 -0.411073 0.410124
1.000000 0.327881 0.144165 -0.890501 -0.447149 0.281486
0.986816 0.334106 0.133301 -1.044535 -0.413209 0.116771
1.020020 0.403320 0.177124 -1.025073 -0.315900 0.117958
1.054932 0.387085 0.208252 -0.836625 -0.307593 0.206249
1.084229 0.339966 0.190796 -0.568430 -0.371438 0.220489
1.087280 0.331421 0.147705 -0.324444 -0.440266 0.117958
1.068848 0.297852 0.115845 -0.116534 -0.533778 0.023497
1.022217 0.284912 0.128540 0.003323 -0.567243 0.005221
1.027588 0.360474 0.078735 -0.029193 -0.547069 -0.051028
1.010254 0.389526 0.028198 -0.060759 -0.360520 0.025158
0.983643 0.388306 0.053223 -0.043196 -0.031092 0.172072
1.010742 0.368652 0.016479 -0.120806 0.250869 0.321121
0.985474 0.315063 0.132813 -0.237578 0.420804 0.450235
0.941650 0.318970 0.171509 -0.413684 0.302134 0.471120
1.015991 0.349609 0.163818 -0.427450 0.353400 0.529032
1.048828 0.349121 0.205444 -0.234730 0.442640 0.647227
0.964600 0.268066 0.173096 -0.014715 0.412023 0.740502
0.939575 0.255005 0.173096 0.210283 0.564870 0.929187
0.921509 0.369751 0.218994 0.399918 0.679743 1.148490
0.963013 0.296997 0.212158 0.597860 0.515740 1.219692
0.914673 0.232056 0.197021 0.660755 0.314001 1.269296
0.955078 0.244873 0.118042 0.495804 0.072389 1.262413
1.082886 0.204346 0.060181 0.404428 -0.011867 1.249122
0.963135 0.192139 0.120605 0.402292 -0.051978 1.197619
1.084351 0.181763 0.071289 0.244223 -0.299049 0.986624
1.074707 0.156128 0.091064 0.210046 -0.393036 0.908064
1.071655 0.155884 0.096924 0.206486 -0.328479 0.813365
1.183838 0.155396 0.098877 0.330140 -0.099920 0.812653
1.166626 0.069458 0.123413 0.546832 0.202214 0.794378
1.147095 0.059570 -0.284790 0.859172 0.624205 0.628714
1.087524 0.144531 0.129517 1.146354 1.583060 0.282672
1.093506 0.128418 0.322754 0.919694 1.670164 0.166613
1.127441 0.036255 0.118286 0.575076 2.239543 0.071914
1.057129 0.044189 0.168579 0.925390 2.158847 0.034652
1.048340 0.051025 0.387573 1.403156 1.792394 -0.042721
1.054443 0.150391 0.352417 1.027209 1.158458 -0.146676
1.015625 0.199341 0.270752 0.617085 0.352688 -0.191296
0.983276 0.151245 0.205200 0.393036 0.011867 -0.193670
1.065674 0.209839 0.226685 0.286944 -0.117958 -0.145727
0.932251 0.171875 0.213989 0.157357 -0.073101 -0.122468
0.945557 0.197876 0.239380 0.143354 -0.035364 -0.099683
0.981323 0.206055 0.226563 0.095648 -0.024921 0.052452
1.052002 0.216309 0.214355 0.067405 -0.015902 0.170648
1.070068 0.182495 0.270996 0.104667 0.040585 0.117009
1.094360 0.163696 0.302002 0.164952 -0.048892 0.019937
1.127930 0.156128 0.304321 0.193907 -0.205774 -0.070965
1.079712 0.139648 0.294434 0.183939 -0.155458 -0.208147
1.032959 0.141724 0.272095 0.194382 -0.019225 -0.307830
0.996826 0.136353 0.273682 0.178955 -0.065743 -0.260125
1.011963 0.132935 0.261353 0.157119 -0.145252 -0.126265
0.967773 0.132324 0.231689 0.145252 -0.217641 -0.059335
1.068726 0.222534 0.212036 0.144303 -0.276027 -0.033940
0.876465 0.195190 0.161011 0.060522 -0.291691 -0.000949
1.067749 0.207153 0.191772 -0.089952 -0.436231 0.049841
1.086914 0.246460 0.201416 -0.292641 -0.646990 0.040348
1.114746 0.167480 0.253174 -0.441216 -0.991370 0.004747
1.120361 0.165405 0.172119 -0.488209 -1.309169 -0.032278
1.126587 0.160645 0.149292 -0.462339 -1.455371 -0.051028
1.122437 0.163208 0.096436 -0.381168 -1.468899 -0.134809
0.819946 0.243774 -0.070435 -0.420567 -1.455133 -0.275552
0.718994 0.167603 -0.030762 -0.458304 -0.727923 0.020174
1.348633 0.096436 0.342651 -0.788207 -1.179107 0.473969
1.239014 0.158569 0.216675 -0.624442 -0.927288 0.324682
1.109375 0.077759 0.185303 -0.547544 -0.988760 0.201739
0.986206 0.138550 0.135132 -0.382830 -0.764236 0.009968
0.958008 0.181763 0.106812 -0.326818 -0.625866 -0.037025
0.980835 0.179810 0.090820 -0.354586 -0.506247 0.000000
1.016357 0.167969 0.079102 -0.327767 -0.370488 0.044620
1.050415 0.173706 0.067017 -0.254429 -0.246834 0.084256
1.060303 0.176270 0.075317 -0.180616 -0.187261 0.106566
1.057617 0.149414 0.042480 -0.121993 -0.265109 0.151186
1.057861 0.162231 0.070801 -0.007832 -0.535914 0.211945
1.099487 0.181030 0.087891 0.072151 -0.715581 0.180379
1.122437 0.174072 0.050537 0.005459 -0.823808 0.121756
1.127808 0.156372 0.011719 -0.162578 -0.847780 0.069066
1.082153 0.168091 -0.007568 -0.329903 -0.827606 0.067405
1.033813 0.151855 0.009521 -0.445250 -0.810280 0.110601
1.015137 0.139526 0.051636 -0.509095 -0.801735 0.163527
1.014038 0.080566 -0.013428 -0.474918 -0.699442 0.197704
1.007690 0.105957 0.074219 -0.259888 -0.387102 0.157594
1.012207 0.147461 0.090820 -0.190347 -0.347229 0.116534
1.016602 0.179321 0.050415 -0.187261 -0.496041 0.123180
1.074341 0.193726 0.057739 -0.172546 -0.655059 0.096597
1.098633 0.140869 -0.004883 -0.147626 -0.745248 0.073338
1.121460 0.086182 -0.042847 -0.024209 -0.524047 0.033465
1.125122 0.131226 -0.035400 0.117246 -0.118195 -0.019225
1.103882 0.154907 -0.057861 0.146676 0.083544 -0.041772
1.049683 0.231323 -0.049438 0.045332 -0.006646 -0.065981
1.090332 0.141113 -0.057861 -0.187973 -0.258464 -0.055538
1.054443 0.121460 -0.013062 -0.337261 -0.456643 -0.032753
1.019165 0.124023 -0.000244 -0.441928 -0.649126 -0.019462
1.004150 0.140381 0.006836 -0.513842 -0.872226 0.029193
0.977051 0.193970 0.000000 -0.515503 -1.124518 0.069303
0.984985 0.123657 -0.028931 -0.485124 -1.296115 0.097784
1.005615 0.182495 -0.112671 -0.379032 -1.314153 0.092088
1.031738 0.250244 -0.209839 -0.315663 -1.300625 0.138369
1.093262 0.184570 -0.183105 -0.353874 -1.266210 0.245885
1.119263 0.119873 -0.172974 -0.402292 -0.977130 0.303558
1.092529 0.093262 -0.124268 -0.369776 -0.668113 0.304745
1.073242 0.164551 -0.205688 -0.275315 -0.465899 0.320647
1.051758 0.059570 -0.151733 -0.074288 -0.231644 0.381881
1.050781 0.055786 -0.214478 -0.103243 -0.040348 0.417482
1.041870 0.074097 -0.154053 -0.168512 0.140743 0.473019
1.089111 0.091431 -0.204834 -0.336311 0.165664 0.460915
1.064819 0.067993 -0.078125 -0.280774 0.193670 0.427687
1.039551 0.069214 -0.066772 -0.227372 0.046993 0.409887
1.017700 0.086304 -0.028931 -0.219065 -0.195568 0.410836
1.018799 0.088745 -0.064941 -0.273653 -0.507671 0.497703
1.022217 0.075439 -0.109863 -0.334175 -0.733144 0.562734
1.003418 0.063721 -0.104858 -0.327055 -0.883618 0.589553
