0.912354 0.487671 -0.532471 -0.044678 -0.245972 0.040283
0.770996 0.427246 -0.784546 0.021240 -0.252563 0.049072
0.723877 0.500366 -0.987061 -0.018677 0.084473 0.093384
0.841187 0.546997 -0.972534 -0.071167 0.280396 0.272095
1.037231 0.515259 -1.122803 -0.062378 0.164551 0.392700
1.132446 0.510376 -1.357300 -0.075073 -0.006348 0.351318
1.108887 0.508423 -1.523071 -0.146851 -0.040894 0.248047
1.051270 0.477539 -1.638062 -0.246582 0.059204 0.168091
1.058594 0.454224 -1.750488 -0.353394 0.148438 0.120483
1.088013 0.434692 -1.843872 -0.484375 0.185303 0.081055
1.133667 0.410156 -1.890503 -0.667480 0.186890 0.057251
1.190674 0.369507 -1.863159 -0.906128 0.177734 0.052368
1.265991 0.310425 -1.747070 -1.183594 0.193970 0.054199
1.321045 0.255859 -1.546997 -1.466919 0.226196 0.052002
1.349731 0.208008 -1.339111 -1.721069 0.242188 0.042725
1.346313 0.164307 -1.134766 -1.931641 0.215576 0.020752
1.329102 0.115356 -0.935303 -2.092651 0.153687 -0.014771
1.298950 0.078003 -0.743896 -2.210815 0.055298 -0.049561
1.255859 0.075684 -0.569092 -2.300537 -0.028687 -0.084473
1.197021 0.090942 -0.398560 -2.372070 -0.060181 -0.123291
1.129150 0.117554 -0.239380 -2.434448 -0.074097 -0.166138
1.056641 0.124023 -0.080444 -2.501465 -0.097046 -0.218018
0.989258 0.110352 0.078735 -2.571777 -0.161133 -0.274536
0.941772 0.087036 0.258789 -2.633423 -0.260498 -0.332153
0.924072 0.047607 0.474609 -2.655762 -0.368286 -0.400391
0.933105 -0.004150 0.671631 -2.612671 -0.491089 -0.490845
0.933960 -0.055542 0.859863 -2.498901 -0.655762 -0.599731
0.921631 -0.083252 1.006470 -2.316895 -0.804077 -0.704102
0.881104 -0.099976 1.105347 -2.083374 -0.872681 -0.789673
0.828125 -0.084595 1.167358 -1.822998 -0.847656 -0.854492
0.721680 -0.053467 1.169678 -1.567017 -0.745361 -0.896729
0.574951 -0.031250 1.105347 -1.347412 -0.602051 -0.906494
0.440918 0.005493 1.054199 -1.182373 -0.471069 -0.874146
0.301636 0.044800 0.981201 -1.049194 -0.341187 -0.822754
0.172729 0.055664 0.894043 -0.926880 -0.163818 -0.760010
0.069336 0.056519 0.828491 -0.815796 -0.092285 -0.660767
-0.024536 0.044800 0.758911 -0.722046 -0.051392 -0.530762
-0.089478 0.030884 0.720093 -0.617554 -0.030396 -0.353516
-0.087524 0.046753 0.682983 -0.487183 -0.020630 -0.124878
-0.038208 0.081177 0.653687 -0.354858 -0.032471 0.102539
0.056030 0.128784 0.614502 -0.235718 -0.098267 0.287598
0.152832 0.151245 0.564575 -0.131348 -0.202026 0.417114
0.212158 0.165161 0.500000 -0.039307 -0.293213 0.492065
0.251587 0.174683 0.455811 0.036987 -0.344238 0.525269
0.254028 0.186279 0.415283 0.103027 -0.376953 0.529541
0.224854 0.189453 0.358276 0.161377 -0.399292 0.528809
0.176025 0.200806 0.300903 0.206177 -0.401123 0.537354
0.117798 0.177246 0.255493 0.234131 -0.386597 0.562378
0.075928 0.144043 0.197632 0.253906 -0.386841 0.629639
0.055664 0.096436 0.143433 0.263184 -0.391235 0.751221
0.044434 0.060791 0.095947 0.263916 -0.365723 0.909302
0.060913 0.039185 0.052979 0.271606 -0.318970 1.081421
0.095337 -0.005493 0.003296 0.288818 -0.273071 1.252563
0.162109 -0.059204 -0.072632 0.298706 -0.246948 1.435791
0.246216 -0.131226 -0.158203 0.273560 -0.223511 1.624390
0.365112 -0.231201 -0.197266 0.188721 -0.184692 1.840210
0.528076 -0.277832 -0.181519 0.062866 -0.101685 2.084473
0.678345 -0.277954 -0.126343 -0.064575 0.048828 2.289185
0.791382 -0.261353 -0.055664 -0.165527 0.181152 2.415894
0.868774 -0.259766 -0.021973 -0.228271 0.199951 2.459839
0.917114 -0.286865 -0.011963 -0.256592 0.112671 2.448608
0.969849 -0.332764 -0.014404 -0.248535 -0.009033 2.427124
1.033325 -0.450806 -0.047607 -0.215088 -0.148560 2.417358
1.132935 -0.550903 -0.061768 -0.190186 -0.324341 2.454590
1.276367 -0.545898 -0.062866 -0.164063 -0.447021 2.496216
1.390015 -0.493774 -0.042236 -0.119141 -0.502441 2.455811
1.467773 -0.429321 -0.042114 -0.070557 -0.567261 2.340454
1.504761 -0.403442 -0.076050 -0.026245 -0.643677 2.178223
1.499634 -0.436646 -0.132324 -0.002563 -0.698486 2.005249
1.547974 -0.468018 -0.174805 -0.009399 -0.711060 1.869141
1.536255 -0.497925 -0.228638 -0.033813 -0.633789 1.766724
1.523315 -0.543335 -0.257080 -0.072632 -0.463257 1.700073
1.546021 -0.526978 -0.256470 -0.123535 -0.349365 1.670654
1.574707 -0.430176 -0.322510 -0.172119 -0.261108 1.607422
1.593628 -0.457153 -0.364380 -0.231689 0.188965 1.432495
1.596069 -0.527466 -0.341309 -0.306396 0.469238 1.283569
1.561890 -0.637939 -0.337891 -0.404541 0.289185 1.213623
1.575439 -0.732178 -0.295654 -0.528564 -0.071533 1.189209
1.672241 -0.745605 -0.206421 -0.633545 -0.265991 1.153687
1.725342 -0.736938 -0.080566 -0.672607 -0.297363 1.058960
1.744385 -0.722046 0.015625 -0.661133 -0.306519 0.936890
1.746216 -0.704346 0.047119 -0.612793 -0.282959 0.785889
1.676392 -0.711060 0.066040 -0.539795 -0.266602 0.608643
1.587036 -0.713013 0.039795 -0.463867 -0.274292 0.461060
1.510864 -0.703003 0.011841 -0.400635 -0.230713 0.341309
1.435791 -0.700806 -0.010376 -0.348267 -0.173828 0.238892
1.367554 -0.698364 -0.038330 -0.306274 -0.168091 0.160767
1.319702 -0.712280 -0.071167 -0.272705 -0.201538 0.111938
1.283936 -0.746704 -0.093628 -0.250854 -0.244629 0.096558
1.275757 -0.764282 -0.101563 -0.235352 -0.262207 0.104614
1.274902 -0.763916 -0.078003 -0.218262 -0.240845 0.123779
1.279297 -0.745117 -0.037720 -0.190308 -0.231323 0.146973
1.295532 -0.707397 -0.023682 -0.145996 -0.295654 0.154785
1.299683 -0.668457 -0.039307 -0.093018 -0.332520 0.110474
1.276367 -0.639648 -0.069824 -0.036377 -0.327759 0.032593
1.241821 -0.613647 -0.120361 0.013672 -0.318237 -0.046997
1.191284 -0.607910 -0.167725 0.041626 -0.299561 -0.118286
1.125366 -0.602417 -0.199707 0.038208 -0.272827 -0.167114
1.073120 -0.588745 -0.213989 0.011963 -0.240845 -0.191284
1.030273 -0.576050 -0.218750 -0.014648 -0.269897 -0.208374
0.997437 -0.569458 -0.217651 -0.035889 -0.317017 -0.230347
0.974854 -0.570313 -0.226685 -0.046265 -0.386597 -0.251709
0.961914 -0.570557 -0.240601 -0.048828 -0.453003 -0.270264
0.948120 -0.571045 -0.243042 -0.049927 -0.459595 -0.287842
0.930664 -0.574585 -0.247925 -0.052979 -0.336304 -0.304810
0.915405 -0.579834 -0.233521 -0.060059 -0.083130 -0.313354
0.905029 -0.587891 -0.197144 -0.067505 0.217041 -0.301514
0.887939 -0.594116 -0.152344 -0.072510 0.452515 -0.264038
0.873291 -0.595337 -0.123657 -0.072388 0.563721 -0.210205
0.855591 -0.599976 -0.130127 -0.070679 0.601318 -0.152466
0.858765 -0.596313 -0.147217 -0.066040 0.620972 -0.102295
0.865601 -0.593384 -0.142334 -0.057495 0.602051 -0.066528
0.872803 -0.587891 -0.142700 -0.049683 0.557617 -0.044556
0.880371 -0.573730 -0.140625 -0.042603 0.512939 -0.036987
0.891968 -0.562744 -0.132568 -0.029541 0.465698 -0.047729
0.889771 -0.551758 -0.129272 -0.008789 0.405151 -0.069824
0.886353 -0.547241 -0.127197 0.011963 0.328491 -0.090576
0.880981 -0.545410 -0.118286 0.028076 0.261719 -0.104736
0.878784 -0.541748 -0.139893 0.037598 0.235962 -0.106689
0.871582 -0.535034 -0.142212 0.035034 0.220825 -0.096924
0.864136 -0.536743 -0.156738 0.013184 0.206055 -0.076904
0.860718 -0.532837 -0.149658 -0.019165 0.198975 -0.057861
0.861084 -0.533081 -0.136353 -0.041016 0.189697 -0.047119
0.869873 -0.538574 -0.117065 -0.043701 0.165771 -0.042969
0.870239 -0.541260 -0.100830 -0.035278 0.119751 -0.044800
0.880981 -0.539551 -0.078369 -0.021729 0.051392 -0.048706
0.896240 -0.532593 -0.065674 0.001587 -0.012573 -0.056641
0.897705 -0.525024 -0.074951 0.031860 -0.058350 -0.064697
0.898193 -0.522583 -0.090210 0.056763 -0.081787 -0.067383
0.900146 -0.521362 -0.110718 0.069458 -0.082031 -0.064209
0.904297 -0.524902 -0.123169 0.069092 -0.057251 -0.054199
0.905884 -0.521362 -0.122803 0.059082 -0.014404 -0.040039
0.917847 -0.515747 -0.114746 0.047729 0.026245 -0.031006
0.919067 -0.513916 -0.110107 0.040527 0.046143 -0.028687
0.916382 -0.515625 -0.100952 0.035156 0.039917 -0.031250
0.913086 -0.519653 -0.100830 0.034912 0.019043 -0.037720
0.907227 -0.520020 -0.092285 0.039307 -0.005615 -0.042969
0.908203 -0.519409 -0.099854 0.046021 -0.027954 -0.045898
0.908203 -0.519165 -0.107666 0.052490 -0.051025 -0.046997
0.914185 -0.515381 -0.107544 0.054565 -0.072876 -0.047485
0.914307 -0.513916 -0.112183 0.052734 -0.093506 -0.049438
0.920532 -0.515503 -0.115845 0.046021 -0.109619 -0.052979
0.916260 -0.512451 -0.120361 0.038940 -0.112549 -0.058472
0.907349 -0.516479 -0.115967 0.030884 -0.103149 -0.060059
0.906860 -0.521729 -0.117920 0.022217 -0.088867 -0.054688
0.915405 -0.530518 -0.110718 0.015137 -0.075439 -0.046631
0.923584 -0.528687 -0.103760 0.011230 -0.053467 -0.040283
0.927246 -0.517456 -0.102905 0.013428 -0.029541 -0.038696
0.926392 -0.510376 -0.107178 0.019897 -0.016113 -0.045654
0.919067 -0.508423 -0.112061 0.028809 -0.024658 -0.057983
