0.980591 0.388306 -0.574707 -0.085938 -0.119019 0.032227
0.898804 0.357544 -0.708740 -0.058838 -0.074829 0.039307
0.903687 0.346924 -0.808960 -0.064331 0.027588 0.064453
0.804688 0.277222 -1.045166 -0.084717 0.097412 0.122437
0.830322 0.359253 -1.075928 -0.166504 0.312744 0.208374
0.999023 0.396606 -1.105347 -0.228027 0.370728 0.332275
1.163818 0.342407 -1.181396 -0.280640 0.305420 0.380249
1.231201 0.303345 -1.286133 -0.338745 0.188843 0.323120
1.259277 0.314453 -1.414795 -0.381958 0.085449 0.235718
1.285645 0.327881 -1.556763 -0.411499 0.039063 0.158691
1.313965 0.315918 -1.682251 -0.460449 0.030518 0.087158
1.362427 0.309082 -1.765137 -0.566528 0.023438 0.011230
1.408325 0.278687 -1.773682 -0.760010 0.023804 -0.057495
1.467407 0.230713 -1.687500 -1.038574 0.043945 -0.106201
1.512817 0.180664 -1.552124 -1.349854 0.052490 -0.141113
1.539063 0.129150 -1.364990 -1.639160 0.048828 -0.167358
1.539917 0.080444 -1.139648 -1.871460 0.039795 -0.203247
1.509399 0.029297 -0.907104 -2.033813 0.004028 -0.269043
1.462646 0.005981 -0.679810 -2.126831 -0.070923 -0.359131
1.390747 0.015625 -0.473389 -2.166260 -0.164063 -0.455933
1.292603 0.022095 -0.309448 -2.176636 -0.238037 -0.544312
1.168579 0.037109 -0.166382 -2.186768 -0.278442 -0.603760
1.061646 0.061401 -0.043457 -2.209839 -0.288208 -0.625610
0.981934 0.074829 0.093018 -2.239258 -0.261841 -0.624268
0.918579 0.071167 0.227661 -2.254883 -0.227051 -0.631836
0.858032 0.065430 0.378540 -2.250488 -0.211060 -0.656372
0.800781 0.062256 0.518311 -2.218628 -0.194946 -0.687500
0.759766 0.056030 0.649048 -2.146606 -0.202148 -0.710938
0.715332 0.056519 0.761108 -2.030273 -0.230225 -0.742065
0.670654 0.064453 0.848511 -1.870239 -0.273682 -0.772339
0.610962 0.066162 0.900391 -1.684204 -0.317627 -0.800903
0.541260 0.079590 0.916260 -1.494873 -0.375244 -0.817017
0.466553 0.106445 0.934082 -1.312256 -0.478882 -0.806519
0.412109 0.146729 0.920410 -1.135498 -0.507690 -0.768555
0.363159 0.181030 0.880127 -0.972534 -0.472412 -0.712524
0.321045 0.219482 0.828247 -0.831543 -0.435425 -0.635986
0.296387 0.260620 0.763794 -0.719238 -0.371704 -0.558472
0.253906 0.289551 0.710327 -0.632324 -0.305908 -0.499512
0.196045 0.291626 0.651611 -0.568604 -0.251099 -0.450928
0.127319 0.291992 0.602539 -0.517212 -0.218994 -0.392700
0.076050 0.302734 0.566772 -0.467529 -0.208740 -0.314087
0.043579 0.315063 0.535767 -0.406494 -0.219238 -0.218018
0.034790 0.316650 0.511597 -0.332886 -0.241577 -0.113892
0.035767 0.329834 0.479370 -0.253296 -0.258789 -0.011108
0.049561 0.336914 0.445801 -0.181641 -0.257324 0.081909
0.061401 0.321899 0.415283 -0.121826 -0.239746 0.165527
0.058838 0.315063 0.389160 -0.073120 -0.212524 0.249023
0.042480 0.301025 0.356812 -0.040527 -0.162842 0.336792
0.015747 0.284668 0.322754 -0.022339 -0.096313 0.433594
-0.007690 0.282227 0.297729 -0.008667 -0.036377 0.536499
-0.029541 0.250366 0.266113 0.005737 -0.007202 0.631836
-0.046509 0.208496 0.229004 0.018188 -0.015625 0.726563
-0.055664 0.174561 0.196167 0.024780 -0.046997 0.821899
-0.049561 0.137939 0.186035 0.024048 -0.089600 0.920166
-0.047363 0.092651 0.178833 0.025757 -0.136719 1.027832
-0.023315 0.054565 0.159912 0.058960 -0.196899 1.150269
0.019775 0.012573 0.104614 0.135864 -0.274658 1.280762
0.068115 -0.010132 0.049316 0.228882 -0.363525 1.411743
0.130859 -0.061646 -0.022217 0.309326 -0.452026 1.552124
0.230225 -0.127808 -0.117554 0.329834 -0.496948 1.723145
0.352661 -0.190918 -0.171509 0.267212 -0.480225 1.911743
0.516846 -0.260132 -0.184692 0.140381 -0.407959 2.098877
0.631348 -0.260742 -0.124756 0.007690 -0.282104 2.230103
0.713501 -0.243896 -0.088379 -0.053589 -0.210205 2.298218
0.821411 -0.251465 -0.098511 -0.024048 -0.289795 2.332520
0.979614 -0.260986 -0.169800 0.073730 -0.525269 2.348267
1.152100 -0.341431 -0.258911 0.172729 -0.753052 2.340698
1.335083 -0.420776 -0.331177 0.189209 -0.844238 2.362305
1.479004 -0.436523 -0.351440 0.106812 -0.702026 2.414795
1.522339 -0.442993 -0.345337 -0.060181 -0.310303 2.480225
1.563110 -0.461182 -0.322998 -0.266479 0.171631 2.573242
1.615845 -0.494751 -0.306030 -0.443237 0.520630 2.661377
1.745361 -0.491211 -0.364014 -0.540527 0.565674 2.680786
1.914063 -0.441406 -0.378174 -0.550049 0.312622 2.546021
2.050293 -0.378418 -0.378906 -0.498047 -0.110718 2.218384
2.102905 -0.321289 -0.370605 -0.427490 -0.577759 1.746826
2.057983 -0.314453 -0.336426 -0.365723 -0.985107 1.235474
1.897583 -0.401245 -0.298828 -0.323364 -1.292969 0.783936
1.718018 -0.550659 -0.294434 -0.321899 -1.490356 0.491089
1.623413 -0.698120 -0.245239 -0.387695 -1.464844 0.430542
1.605713 -0.784424 -0.140625 -0.471924 -1.193604 0.557129
1.634644 -0.798462 -0.041016 -0.504883 -0.817505 0.728882
1.672974 -0.751343 0.000610 -0.442993 -0.459106 0.817627
1.677002 -0.667847 -0.026367 -0.297485 -0.199341 0.804810
1.644043 -0.587280 -0.110596 -0.122192 -0.051270 0.733398
1.601685 -0.526611 -0.192383 0.018433 0.011353 0.637817
1.557373 -0.493164 -0.273682 0.089600 0.028809 0.524780
1.513062 -0.505737 -0.347534 0.102051 0.040894 0.408203
1.464600 -0.526978 -0.382202 0.069214 0.048584 0.317017
1.430298 -0.538330 -0.359497 0.007080 0.045166 0.252319
1.400513 -0.551880 -0.298462 -0.048584 0.059570 0.198853
1.370728 -0.585449 -0.248901 -0.071777 0.049683 0.161987
1.363525 -0.606567 -0.191284 -0.074707 0.031982 0.143555
1.345703 -0.610474 -0.108032 -0.063110 0.059448 0.121582
1.312500 -0.603638 -0.065674 -0.023926 0.118652 0.100464
1.284546 -0.578857 -0.056396 0.037231 0.143433 0.090698
1.247681 -0.563354 -0.068848 0.100464 0.149292 0.074585
1.209351 -0.537964 -0.094238 0.156738 0.172363 0.048096
1.165039 -0.519897 -0.120850 0.206787 0.213501 0.020020
1.121460 -0.503540 -0.148193 0.245850 0.250488 -0.006470
1.085815 -0.492065 -0.176758 0.260132 0.260498 -0.028076
1.050293 -0.476685 -0.189453 0.246948 0.255615 -0.045776
1.026367 -0.470703 -0.179810 0.219727 0.237915 -0.055542
1.014282 -0.476563 -0.159424 0.187378 0.214111 -0.057495
1.010742 -0.482910 -0.137207 0.157349 0.194336 -0.057617
1.004883 -0.488525 -0.107910 0.140381 0.178345 -0.060547
0.997070 -0.491455 -0.076904 0.137695 0.161865 -0.068359
0.991943 -0.494385 -0.053101 0.147583 0.139160 -0.083130
0.982788 -0.503784 -0.037598 0.169800 0.106934 -0.100098
0.970947 -0.511597 -0.042358 0.199707 0.069336 -0.115723
0.963257 -0.510254 -0.046631 0.230225 0.038696 -0.127563
0.949951 -0.501831 -0.052246 0.259033 0.022095 -0.137573
0.931030 -0.501831 -0.063599 0.280518 0.021118 -0.145508
0.907959 -0.499268 -0.074585 0.289673 0.024170 -0.149902
0.892578 -0.511719 -0.074219 0.291138 0.022949 -0.147949
0.873901 -0.518188 -0.073120 0.285767 0.021729 -0.136841
0.870361 -0.525146 -0.073120 0.278931 0.024536 -0.114380
0.867798 -0.523682 -0.084473 0.271851 0.032593 -0.081177
0.872314 -0.514404 -0.085327 0.260864 0.050537 -0.049316
0.881836 -0.499634 -0.086060 0.248535 0.070190 -0.026733
0.881104 -0.490234 -0.087402 0.241943 0.073242 -0.019531
0.873047 -0.486572 -0.094482 0.242065 0.056152 -0.023071
0.865479 -0.485474 -0.098755 0.244995 0.022949 -0.031128
0.860840 -0.479492 -0.103760 0.249023 -0.017700 -0.035645
0.857056 -0.477051 -0.109131 0.253052 -0.056274 -0.035645
0.860840 -0.472656 -0.110107 0.252197 -0.086914 -0.030762
0.869507 -0.470337 -0.119995 0.244141 -0.108521 -0.017334
0.892456 -0.465454 -0.109131 0.235718 -0.119873 -0.000977
0.905884 -0.459106 -0.114136 0.231567 -0.119019 0.009399
0.909180 -0.451294 -0.110596 0.229248 -0.115479 0.010376
0.908203 -0.446777 -0.113647 0.227905 -0.124023 0.003418
0.892334 -0.450195 -0.119995 0.228760 -0.140991 -0.006714
0.885620 -0.452148 -0.128418 0.231079 -0.162720 -0.011963
0.882813 -0.448242 -0.139282 0.235596 -0.184326 -0.011841
0.883789 -0.451050 -0.146973 0.237671 -0.203857 -0.005615
0.894165 -0.447754 -0.160400 0.234741 -0.215698 0.007935
0.897095 -0.435547 -0.176270 0.223389 -0.209106 0.025879
0.900757 -0.423828 -0.188477 0.202637 -0.180786 0.044556
0.900391 -0.413696 -0.193359 0.174072 -0.156616 0.060913
0.898315 -0.413818 -0.199951 0.144653 -0.157104 0.070801
0.898438 -0.416748 -0.206421 0.119263 -0.163574 0.072754
0.897217 -0.421997 -0.199463 0.098633 -0.152954 0.068115
0.886719 -0.428101 -0.193970 0.081787 -0.150269 0.065552
0.890747 -0.436646 -0.178223 0.067261 -0.171997 0.064819
0.899414 -0.446289 -0.173950 0.056030 -0.200073 0.063965
0.916260 -0.450806 -0.158447 0.049561 -0.235474 0.068726
0.930176 -0.452271 -0.153076 0.046997 -0.247192 0.077515
0.947510 -0.454712 -0.142578 0.048340 -0.243530 0.085083
0.955444 -0.464600 -0.147339 0.048828 -0.229248 0.093140
0.958130 -0.468628 -0.141602 0.042114 -0.204712 0.104248
