0.903076 0.132568 -0.531982 0.119263 -0.108154 -0.009155
1.025513 0.085327 -0.686523 0.155762 -0.091187 0.071899
1.030518 0.088623 -0.826538 0.147705 -0.022949 0.086182
1.108765 0.036133 -1.010132 0.103149 0.040161 0.084351
1.246948 0.007324 -1.205811 0.025757 0.055420 0.093628
1.360596 -0.015381 -1.360718 -0.077393 0.023071 0.081909
1.458252 -0.017456 -1.464233 -0.204590 0.002197 0.020142
1.499268 -0.020020 -1.533447 -0.342163 0.004639 -0.082397
1.496582 0.005615 -1.562744 -0.484619 0.001831 -0.195923
1.462524 0.036011 -1.558472 -0.639282 0.029053 -0.297241
1.391235 0.056152 -1.524536 -0.809937 0.098145 -0.389526
1.282349 0.083618 -1.461060 -0.988647 0.167847 -0.467285
1.191284 0.123169 -1.336060 -1.177002 0.223022 -0.518921
1.085693 0.154663 -1.166626 -1.380249 0.271362 -0.562866
0.952026 0.187622 -0.948730 -1.592651 0.333862 -0.627075
0.767944 0.214355 -0.679077 -1.790283 0.427124 -0.694458
0.621216 0.232666 -0.360718 -1.950806 0.461182 -0.722778
0.508423 0.223267 -0.008667 -2.057251 0.435791 -0.717529
0.385986 0.211304 0.328979 -2.101074 0.363159 -0.706665
0.255127 0.204102 0.643311 -2.090332 0.226685 -0.697021
0.117920 0.218140 0.937988 -2.035645 0.027100 -0.675537
0.010376 0.210327 1.155029 -1.916504 -0.179199 -0.610352
-0.059326 0.197021 1.309692 -1.718506 -0.406494 -0.501831
-0.062866 0.188110 1.354248 -1.453857 -0.588745 -0.330200
0.019531 0.215088 1.348389 -1.139526 -0.705566 -0.121704
0.109741 0.254028 1.270264 -0.808960 -0.723877 0.082153
0.176514 0.294556 1.122559 -0.503296 -0.622314 0.260376
0.223511 0.338501 0.939941 -0.248535 -0.535767 0.400024
0.249756 0.387085 0.714966 -0.056519 -0.516479 0.497437
0.282715 0.441528 0.474609 0.065552 -0.512329 0.550293
0.268188 0.505127 0.278931 0.102417 -0.362427 0.576050
0.242310 0.533325 0.120972 0.095703 -0.278442 0.601929
0.210571 0.519531 -0.022339 0.072388 -0.281006 0.634155
0.218018 0.500122 -0.109131 0.015869 -0.294800 0.680420
0.224976 0.472290 -0.119507 -0.063721 -0.312378 0.730713
0.242676 0.434448 -0.030029 -0.146118 -0.305664 0.785889
0.284546 0.333008 0.087158 -0.204834 -0.246826 0.853760
0.363647 0.232544 0.202637 -0.224854 -0.112061 0.973511
0.426758 0.177734 0.236328 -0.168823 0.063477 1.142456
0.535645 0.121460 0.154419 -0.042603 0.233887 1.324951
0.704834 0.184326 0.078125 0.123047 0.121826 1.483521
0.864380 0.142578 -0.071167 0.281128 0.036255 1.543579
1.094727 0.200684 -0.217041 0.297241 0.384766 1.659668
1.236694 0.265625 -0.279175 0.198120 0.530640 1.665649
1.357056 0.202759 -0.262207 0.048462 0.535889 1.577026
1.500854 0.159302 -0.183960 -0.111694 0.710083 1.514160
1.740234 0.169922 -0.132568 -0.213135 0.646118 1.408936
1.854370 0.235718 -0.172485 -0.228516 0.282959 1.212280
1.986450 0.290161 -0.172119 -0.199951 -0.354736 0.935181
2.025391 0.200562 -0.219604 -0.222656 -0.531494 0.664673
1.941406 0.171875 -0.181030 -0.375732 0.111572 0.538086
1.820557 0.164551 -0.057251 -0.479370 0.408691 0.432129
1.711548 0.113892 -0.003540 -0.494995 0.308350 0.334229
1.654297 0.142212 0.063965 -0.442261 0.100220 0.288696
1.623413 0.149780 0.057617 -0.352539 -0.093384 0.255859
1.580688 0.167236 0.009033 -0.269165 -0.287598 0.213623
1.618164 0.165527 -0.039185 -0.248901 -0.195679 0.203491
1.628784 0.109375 0.000977 -0.277954 0.195435 0.182983
1.571045 0.194946 -0.016602 -0.277100 0.551270 0.149902
1.481079 0.205566 -0.033081 -0.260132 0.588867 0.087891
1.399780 0.188110 -0.026978 -0.232666 0.448364 0.002319
1.343994 0.192871 -0.037842 -0.200439 0.303101 -0.056763
1.306641 0.179443 -0.045044 -0.183960 0.186401 -0.102295
1.300171 0.179565 -0.015137 -0.199463 0.171143 -0.125122
1.259644 0.170654 0.032349 -0.210571 0.180786 -0.153931
1.201172 0.156982 0.047729 -0.192627 0.147339 -0.182007
1.155273 0.152344 0.055420 -0.155884 0.070801 -0.194702
1.117554 0.144287 0.059937 -0.120972 -0.005493 -0.197754
1.062866 0.137573 0.046143 -0.098022 -0.042725 -0.189575
1.040527 0.132080 0.049805 -0.090576 -0.020996 -0.162842
1.027466 0.128662 0.067383 -0.083984 -0.005005 -0.136719
1.024780 0.143066 0.081177 -0.064697 0.023438 -0.115356
1.007690 0.134155 0.089478 -0.045410 0.056274 -0.092285
0.998901 0.130493 0.087891 -0.037354 0.102661 -0.060303
0.998779 0.139526 0.079956 -0.017700 0.059570 -0.045288
1.003662 0.147217 0.062866 0.001709 0.013184 -0.033691
1.000244 0.147705 0.051880 0.007690 0.005615 -0.031616
0.995483 0.137573 0.060181 0.006592 0.015503 -0.030762
0.976807 0.126587 0.043335 0.015503 0.007202 -0.027954
0.984253 0.126709 0.019165 0.025391 -0.012085 -0.014404
1.004883 0.129883 0.019043 0.020020 -0.025024 0.000610
1.023926 0.118774 0.032593 0.017822 -0.047974 -0.002441
1.030273 0.112427 0.025269 0.024902 -0.071655 -0.010986
1.049072 0.111328 0.040894 0.020874 -0.046631 -0.004639
1.054688 0.119995 0.055054 0.017334 -0.034302 -0.005371
1.055542 0.122925 0.064575 0.028809 -0.043213 -0.016235
1.040894 0.120728 0.034424 0.040405 -0.047485 -0.023315
1.039917 0.118164 0.015381 0.031250 -0.027832 -0.014404
1.042358 0.125854 0.022217 0.014893 -0.006592 -0.005859
1.018066 0.112061 0.017700 0.012451 -0.017700 -0.005981
1.017212 0.121338 0.005981 0.020386 -0.063232 -0.005127
1.038696 0.129517 0.011230 0.015869 -0.081787 0.001221
1.046387 0.131958 0.028564 0.013672 -0.087402 -0.003418
1.029419 0.121704 0.024536 0.022339 -0.101929 -0.017212
1.013672 0.116943 0.005127 0.032959 -0.112305 -0.024048
1.020752 0.124023 0.003296 0.038696 -0.117676 -0.018188
1.027832 0.137207 -0.000122 0.043213 -0.118042 -0.016357
1.015503 0.135254 -0.008301 0.051270 -0.116699 -0.024536
1.010376 0.138184 -0.036133 0.054443 -0.116699 -0.026733
1.027344 0.141602 -0.053223 0.046875 -0.109253 -0.017456
1.043457 0.148315 -0.049683 0.028931 -0.089111 -0.006226
1.047729 0.150024 -0.047974 0.014771 -0.073364 -0.006592
1.052856 0.146851 -0.045044 0.004883 -0.062988 -0.010498
1.056519 0.153442 -0.037354 -0.002319 -0.053711 -0.011841
1.053345 0.148804 -0.040894 -0.004761 -0.054077 -0.019043
1.050049 0.144043 -0.048462 -0.009155 -0.043335 -0.026489
1.045776 0.143799 -0.048828 -0.017212 -0.036133 -0.030151
1.042847 0.137085 -0.047607 -0.026123 -0.038208 -0.033569
1.043091 0.133301 -0.039551 -0.039063 -0.026611 -0.027344
1.057983 0.142456 -0.016113 -0.045532 -0.020752 -0.020752
1.064697 0.138794 -0.014038 -0.033569 -0.042114 -0.030273
1.055420 0.132324 -0.017700 -0.019653 -0.064453 -0.040894
1.046021 0.133911 -0.030762 -0.016235 -0.047485 -0.037720
1.051025 0.140747 -0.027588 -0.018311 -0.027100 -0.027832
1.061768 0.149536 -0.020752 -0.017578 -0.029907 -0.025391
1.056885 0.148804 -0.020508 -0.008301 -0.039551 -0.033081
1.053589 0.145020 -0.027588 -0.000977 -0.048950 -0.033691
1.055542 0.141113 -0.029175 0.001953 -0.051270 -0.035156
1.051270 0.139648 -0.038452 0.007813 -0.054565 -0.034912
1.051392 0.135864 -0.042480 0.012207 -0.057861 -0.032471
1.054565 0.143799 -0.046509 0.012817 -0.054443 -0.028442
1.068604 0.155029 -0.042114 0.014771 -0.061646 -0.031128
1.060181 0.148926 -0.047852 0.015625 -0.063477 -0.041016
1.054077 0.146851 -0.055298 0.014526 -0.045288 -0.041748
1.061646 0.139038 -0.048828 0.007080 -0.028320 -0.036011
1.062744 0.133545 -0.046265 0.005493 -0.028198 -0.032959
1.067627 0.138794 -0.046387 0.006592 -0.022217 -0.031250
1.075928 0.152222 -0.043579 0.006592 -0.014893 -0.027344
1.075928 0.158936 -0.043091 0.010986 -0.015869 -0.033936
1.061890 0.158325 -0.057495 0.013062 -0.017700 -0.045410
1.051880 0.162109 -0.060913 0.004639 -0.006836 -0.052368
1.047363 0.162109 -0.065918 -0.006592 -0.004395 -0.054443
1.028076 0.157593 -0.062134 -0.018677 0.003906 -0.057983
1.007568 0.148682 -0.058228 -0.027100 0.006836 -0.060547
1.006958 0.151001 -0.045654 -0.032715 -0.000122 -0.054565
1.004639 0.150146 -0.026855 -0.029663 -0.015747 -0.050049
1.000122 0.147217 -0.040527 -0.017456 -0.043701 -0.047729
1.005981 0.146362 -0.033569 -0.014038 -0.041382 -0.037476
1.005737 0.149414 -0.036377 -0.014526 -0.024048 -0.027222
1.003662 0.149048 -0.031494 -0.010010 -0.013672 -0.021606
0.997559 0.151245 -0.025269 -0.007080 -0.004883 -0.014526
1.003784 0.149780 -0.018066 -0.005371 -0.012573 -0.006836
1.008179 0.148315 -0.022339 0.000000 -0.020996 -0.003174
1.006470 0.153198 -0.024780 0.004517 -0.028564 -0.000732
1.011719 0.152710 -0.027710 0.008667 -0.045532 0.003418
1.028687 0.159302 -0.041870 0.015869 -0.059692 0.005371
1.046143 0.169067 -0.052612 0.020264 -0.065552 0.005371
1.060669 0.166504 -0.060913 0.016479 -0.061035 -0.000488
1.074951 0.160156 -0.063599 0.003906 -0.033081 -0.005005
1.079468 0.162964 -0.056763 -0.007813 0.000977 -0.004883
