0.627197 0.296143 -0.560303 -0.198242 0.213745 0.212891
0.847656 0.229614 -0.660645 -0.039185 0.084595 0.266968
0.979858 0.237549 -0.836792 0.112427 0.065918 0.266724
1.070801 0.262085 -1.056885 0.238525 0.038574 0.273560
1.038208 0.243164 -1.157471 0.331299 0.015869 0.228638
1.079712 0.212646 -1.479248 0.428345 0.015747 0.177002
1.169556 0.197998 -1.821777 0.406006 0.070557 0.143799
1.210815 0.187012 -2.037598 0.193726 0.218994 0.113403
1.209595 0.181641 -2.102661 -0.136719 0.365234 0.063477
1.212524 0.172729 -2.071533 -0.480591 0.397583 0.013428
1.281860 0.150024 -1.994019 -0.782959 0.326538 -0.005493
1.407349 0.118896 -1.835571 -1.053833 0.244141 -0.018311
1.469849 0.079712 -1.646973 -1.303833 0.173950 -0.083984
1.459351 0.064209 -1.507446 -1.552734 0.102173 -0.186768
1.420898 0.054810 -1.356445 -1.819336 0.048584 -0.278442
1.336914 -0.001953 -1.176880 -2.080811 0.012451 -0.355591
1.268555 -0.066284 -0.977905 -2.306763 -0.040771 -0.403198
1.225952 -0.088257 -0.780640 -2.473755 -0.115601 -0.427002
1.190918 -0.089478 -0.621460 -2.577881 -0.199585 -0.441528
1.173218 -0.063965 -0.460327 -2.660156 -0.295410 -0.444214
1.130249 -0.036499 -0.320801 -2.732178 -0.373779 -0.462646
1.069702 -0.021240 -0.181763 -2.806030 -0.431396 -0.498291
0.991943 -0.010132 -0.029175 -2.886963 -0.494019 -0.530884
0.935059 0.001221 0.125000 -2.957642 -0.549805 -0.553589
0.898071 0.006958 0.275879 -3.005615 -0.601074 -0.574463
0.862793 0.015503 0.443726 -3.026367 -0.640991 -0.611206
0.832031 0.026123 0.569946 -3.008789 -0.645630 -0.670898
0.813843 0.032837 0.669678 -2.963989 -0.657349 -0.747437
0.787842 0.022827 0.771729 -2.903564 -0.655273 -0.845093
0.752197 -0.005859 0.871338 -2.812256 -0.634033 -0.951538
0.702393 -0.038696 0.956055 -2.674561 -0.604980 -1.056641
0.636597 -0.062256 1.026001 -2.495483 -0.569580 -1.147339
0.527100 -0.087891 1.038818 -2.288452 -0.578491 -1.213013
0.375977 -0.079956 1.073364 -2.062622 -0.650024 -1.242798
0.230103 -0.025269 1.121582 -1.806641 -0.638428 -1.215088
0.159668 0.011353 1.081787 -1.516479 -0.653687 -1.140747
0.063843 0.027222 1.000000 -1.260132 -0.663208 -1.059204
-0.037476 0.047974 0.936523 -1.068237 -0.642456 -0.950562
-0.092896 0.069336 0.889648 -0.905762 -0.612183 -0.800293
-0.125854 0.070923 0.861450 -0.756226 -0.576172 -0.628174
-0.131836 0.079224 0.823120 -0.622437 -0.504395 -0.446045
-0.122070 0.095581 0.796875 -0.495483 -0.457153 -0.261475
-0.092773 0.100708 0.773438 -0.373779 -0.413940 -0.081421
-0.066406 0.100586 0.751709 -0.245483 -0.369263 0.083008
-0.037109 0.103638 0.710083 -0.106934 -0.338013 0.229736
-0.009644 0.126343 0.676270 0.035156 -0.320190 0.355103
0.009888 0.144897 0.632446 0.184326 -0.318115 0.450928
0.024292 0.145020 0.572632 0.342285 -0.327393 0.513794
0.009644 0.126221 0.513428 0.505371 -0.358521 0.548096
-0.020264 0.081299 0.443726 0.672729 -0.420776 0.587280
-0.044556 0.035889 0.354248 0.843384 -0.498169 0.663086
-0.065796 0.006714 0.233765 1.004761 -0.572021 0.776978
-0.065674 -0.030396 0.119873 1.131592 -0.630371 0.923462
-0.023438 -0.092163 0.020386 1.205566 -0.661865 1.122925
0.060425 -0.138916 -0.069702 1.222534 -0.626587 1.376953
0.150879 -0.163696 -0.099854 1.201294 -0.524048 1.648071
0.276978 -0.204956 -0.103149 1.164795 -0.424561 1.917114
0.450195 -0.231079 -0.093384 1.124268 -0.360474 2.166382
0.609863 -0.250854 -0.092651 1.096680 -0.281860 2.361084
0.704102 -0.245850 -0.140991 1.085327 -0.184692 2.496216
0.768433 -0.216309 -0.174072 1.070557 -0.063721 2.570801
0.798096 -0.215576 -0.203125 1.056885 0.014771 2.582642
0.848633 -0.274414 -0.260132 1.053101 -0.046021 2.579468
0.991699 -0.393555 -0.386597 1.056519 -0.247559 2.613037
1.243530 -0.506592 -0.556030 1.045898 -0.489624 2.698486
1.489014 -0.503174 -0.702515 1.004272 -0.575928 2.770508
1.646484 -0.389038 -0.743774 0.918091 -0.387329 2.737671
1.666382 -0.230469 -0.685547 0.770752 -0.107910 2.582397
1.587891 -0.124512 -0.623535 0.570923 0.029907 2.353516
1.500488 -0.142212 -0.590576 0.361572 -0.067261 2.140015
1.466675 -0.232666 -0.560547 0.186890 -0.322388 1.977661
1.463379 -0.352905 -0.504883 0.102417 -0.592407 1.849854
1.504150 -0.498169 -0.473022 0.109253 -0.841675 1.791992
1.582031 -0.604492 -0.447754 0.141235 -0.976929 1.821533
1.682617 -0.635254 -0.418335 0.163330 -0.908569 1.902466
1.830688 -0.597900 -0.381226 0.169556 -0.658325 1.962524
1.966187 -0.494629 -0.344238 0.152832 -0.319214 1.929443
2.024536 -0.385742 -0.318726 0.119507 0.021606 1.764404
1.975220 -0.351196 -0.308960 0.083984 0.266357 1.503418
1.834961 -0.382690 -0.336060 0.066895 0.371948 1.221436
1.707153 -0.448853 -0.394409 0.080078 0.416138 0.976196
1.598755 -0.581787 -0.451904 0.101563 0.400146 0.803223
1.533691 -0.703125 -0.490723 0.084473 0.303711 0.737549
1.550537 -0.739868 -0.445190 0.024536 0.196899 0.742432
1.618774 -0.746948 -0.370361 -0.034424 0.115723 0.760864
1.705444 -0.698975 -0.267456 -0.071777 0.058350 0.749146
1.743530 -0.630737 -0.165527 -0.079468 0.032471 0.665039
1.733887 -0.584229 -0.067261 -0.050659 0.001953 0.514526
1.678589 -0.572998 -0.002686 0.016968 -0.043091 0.334961
1.572632 -0.590820 0.005859 0.108398 -0.089478 0.169189
1.465088 -0.592163 -0.004761 0.202515 -0.117188 0.046875
1.351807 -0.584351 -0.040405 0.285278 -0.107910 -0.034668
1.259399 -0.577881 -0.089722 0.342407 -0.071655 -0.077515
1.184814 -0.583984 -0.139038 0.367676 -0.014648 -0.086426
1.136841 -0.603882 -0.174438 0.369873 0.049683 -0.072754
1.110596 -0.594360 -0.188721 0.364380 0.118042 -0.052368
1.097290 -0.569702 -0.182861 0.358032 0.178223 -0.040039
1.092896 -0.546021 -0.166504 0.354736 0.204712 -0.042114
1.086060 -0.532959 -0.149902 0.354004 0.186279 -0.056641
1.076172 -0.531494 -0.132935 0.354980 0.151733 -0.081787
1.071899 -0.521118 -0.116455 0.358032 0.128052 -0.108765
1.057495 -0.511597 -0.095459 0.364746 0.118042 -0.134644
1.035278 -0.504272 -0.078369 0.374023 0.122314 -0.158813
1.007202 -0.496704 -0.075073 0.377441 0.129395 -0.179321
0.976196 -0.490479 -0.077637 0.370117 0.142578 -0.190186
0.947144 -0.486206 -0.077026 0.353271 0.171021 -0.192261
0.920410 -0.488281 -0.079346 0.333862 0.203857 -0.190186
0.902466 -0.495117 -0.076050 0.315918 0.221191 -0.185303
0.886353 -0.513184 -0.077515 0.295898 0.214111 -0.173340
0.882935 -0.522461 -0.058838 0.275269 0.181885 -0.151123
0.895142 -0.515259 -0.044556 0.265625 0.134155 -0.131104
0.899780 -0.500732 -0.030151 0.274414 0.076172 -0.127441
0.907959 -0.493652 -0.016724 0.291138 0.005859 -0.136963
0.910767 -0.485474 -0.010132 0.311401 -0.066284 -0.155762
0.903198 -0.486816 -0.010620 0.336792 -0.119263 -0.179688
0.884644 -0.489258 -0.027466 0.361572 -0.146606 -0.197388
0.872925 -0.489624 -0.035889 0.373413 -0.156006 -0.201660
0.861084 -0.494507 -0.052002 0.375000 -0.160645 -0.194702
0.847778 -0.488647 -0.088379 0.367798 -0.156616 -0.175781
0.849243 -0.488770 -0.121216 0.339966 -0.139771 -0.141235
0.863525 -0.487183 -0.139282 0.292480 -0.116577 -0.094482
0.888794 -0.485352 -0.158325 0.248535 -0.091919 -0.048218
0.910522 -0.486450 -0.166138 0.210693 -0.073242 -0.011475
0.942749 -0.473022 -0.161011 0.173096 -0.061157 0.014404
0.964844 -0.458984 -0.140259 0.137939 -0.062866 0.021851
0.972900 -0.452026 -0.128052 0.111938 -0.079956 0.011963
0.974243 -0.452148 -0.109497 0.093018 -0.103760 -0.007446
0.968018 -0.445923 -0.086182 0.084229 -0.131226 -0.034546
0.951050 -0.441040 -0.079468 0.084595 -0.164673 -0.062378
0.937500 -0.438354 -0.085693 0.080200 -0.193726 -0.081421
0.943726 -0.439087 -0.093994 0.065552 -0.212524 -0.090820
0.954590 -0.424438 -0.110596 0.036987 -0.219849 -0.096680
0.951416 -0.417969 -0.109131 -0.005005 -0.200928 -0.106201
0.935303 -0.413574 -0.094482 -0.042114 -0.178101 -0.116455
0.916870 -0.420044 -0.089844 -0.066895 -0.169678 -0.119873
0.905273 -0.428833 -0.079834 -0.081055 -0.175293 -0.112183
0.898926 -0.433105 -0.062256 -0.082275 -0.180420 -0.097534
0.895996 -0.440063 -0.046509 -0.065430 -0.186646 -0.081299
0.895996 -0.445923 -0.042847 -0.037476 -0.194580 -0.060303
0.907227 -0.445435 -0.047852 -0.008301 -0.199341 -0.032471
0.910034 -0.431152 -0.059937 0.012329 -0.198486 -0.004883
0.931641 -0.427612 -0.072510 0.019043 -0.209106 0.021484
0.963257 -0.439453 -0.092041 0.011597 -0.212036 0.041138
0.977417 -0.438965 -0.090820 -0.000732 -0.179443 0.041260
0.984131 -0.439819 -0.091064 -0.007080 -0.147095 0.034058
0.987549 -0.440918 -0.078857 -0.011719 -0.143188 0.027222
1.006958 -0.449097 -0.076538 -0.014160 -0.161377 0.019043
1.010620 -0.456299 -0.071045 -0.012329 -0.167847 0.002197
1.005249 -0.457520 -0.070313 -0.003296 -0.156982 -0.018677
0.994019 -0.462524 -0.078979 0.004272 -0.129639 -0.034424
