0.369751 0.368896 0.054321 -0.299072 -0.066528 0.213501
0.341797 0.340698 0.130859 -0.224365 0.002441 0.267578
0.324829 0.345947 0.165649 -0.128296 0.054321 0.309448
0.192261 0.364380 0.112305 -0.029907 0.142944 0.368164
0.144165 0.337524 0.148682 0.048584 0.222168 0.502686
0.232422 0.279053 0.157593 0.132690 0.184204 0.642700
0.315063 0.271851 0.172974 0.224487 0.120361 0.724243
0.392944 0.258057 0.142090 0.328613 0.068970 0.771851
0.468262 0.232666 0.153076 0.419312 0.064209 0.784546
0.516602 0.217407 0.179443 0.506104 0.066772 0.757202
0.534424 0.204224 0.199341 0.606567 0.051025 0.708862
0.527832 0.189819 0.191162 0.725098 0.023315 0.662109
0.506226 0.182373 0.162476 0.841553 -0.003296 0.627319
0.486206 0.177368 0.135742 0.936646 -0.011841 0.611328
0.498413 0.158813 0.105103 1.017456 -0.008911 0.618042
0.532471 0.134766 0.083374 1.092163 0.003052 0.642578
0.606812 0.103271 0.054810 1.168213 0.022827 0.680908
0.704468 0.069458 0.020142 1.255371 0.040405 0.723633
0.825073 0.040649 -0.022217 1.349976 0.042847 0.756592
0.950195 0.014160 -0.072388 1.454468 0.027100 0.769897
1.074097 -0.006592 -0.128662 1.563843 0.012085 0.754028
1.156372 -0.033936 -0.187378 1.661621 0.000610 0.699341
1.203003 -0.060425 -0.243774 1.739746 -0.000122 0.612427
1.228394 -0.080688 -0.293579 1.811279 0.014160 0.513184
1.245728 -0.119507 -0.353760 1.889404 0.049316 0.419800
1.174072 -0.197388 -0.448120 1.989502 0.085571 0.352539
1.303101 -0.247803 -0.558960 2.127075 0.101318 0.331543
1.459106 -0.279175 -0.714478 2.306885 0.137817 0.290405
1.551880 -0.276001 -0.952148 2.502563 0.128052 0.188477
1.529785 -0.231445 -1.207031 2.653076 0.058105 0.017212
1.416870 -0.233643 -1.442749 2.694946 0.071289 -0.188110
1.219727 -0.250977 -1.607056 2.611572 0.111694 -0.380005
1.056763 -0.235962 -1.675537 2.438965 0.093872 -0.475342
0.941162 -0.216553 -1.709473 2.239014 0.098999 -0.460083
0.838745 -0.287964 -1.714111 2.068481 0.081665 -0.388794
0.829224 -0.381470 -1.705078 1.950317 0.046021 -0.313110
0.932373 -0.418213 -1.699341 1.882324 0.030640 -0.245605
1.063599 -0.373169 -1.687256 1.827271 0.090332 -0.194580
1.183960 -0.311401 -1.664673 1.755981 0.180542 -0.158936
1.241455 -0.287720 -1.651855 1.663330 0.265625 -0.172974
1.233398 -0.305176 -1.643066 1.570190 0.322632 -0.261719
1.161255 -0.324341 -1.635742 1.507324 0.348145 -0.400757
1.053833 -0.353394 -1.630005 1.473877 0.369385 -0.545044
0.897461 -0.398193 -1.640137 1.451538 0.376099 -0.667847
0.732178 -0.429688 -1.649536 1.429565 0.366577 -0.733765
0.599976 -0.413208 -1.652100 1.385254 0.351563 -0.738403
0.511719 -0.395752 -1.643677 1.288574 0.351074 -0.690430
0.444092 -0.369019 -1.609009 1.143799 0.367432 -0.619019
0.391968 -0.356689 -1.565063 0.983154 0.387573 -0.545166
0.364990 -0.351440 -1.515625 0.833740 0.425415 -0.481323
0.333618 -0.360107 -1.471802 0.715210 0.459473 -0.426880
0.308105 -0.361206 -1.454224 0.635010 0.462402 -0.376465
0.296143 -0.362305 -1.451172 0.572876 0.440186 -0.320801
0.297607 -0.361572 -1.460571 0.505249 0.405029 -0.249268
0.307983 -0.349609 -1.471313 0.420410 0.386353 -0.166626
0.336670 -0.342163 -1.472168 0.314697 0.406250 -0.075928
0.382446 -0.342529 -1.483032 0.184448 0.374146 0.032471
0.419800 -0.335449 -1.481323 0.031372 0.322510 0.152588
0.466919 -0.339600 -1.450684 -0.134766 0.290894 0.271851
0.515625 -0.348145 -1.386597 -0.297363 0.247192 0.377197
0.548096 -0.348511 -1.310791 -0.440674 0.151611 0.466797
0.585815 -0.357544 -1.245605 -0.560425 0.031982 0.541138
0.613281 -0.370850 -1.165405 -0.669312 -0.047363 0.594116
0.620117 -0.380859 -1.084106 -0.768921 -0.072754 0.628052
0.606934 -0.395142 -1.017578 -0.857056 -0.056152 0.657593
0.598633 -0.412231 -0.960571 -0.939819 -0.020996 0.694702
0.596436 -0.434814 -0.917358 -1.022827 0.025269 0.750366
0.612793 -0.437988 -0.872070 -1.106567 0.094971 0.825317
0.650757 -0.435547 -0.843140 -1.185547 0.228882 0.888428
0.677490 -0.440552 -0.800415 -1.240967 0.313110 0.930908
0.695068 -0.448730 -0.770142 -1.276489 0.391724 0.971558
0.723511 -0.461304 -0.740967 -1.311890 0.466431 1.015137
0.746948 -0.459961 -0.721924 -1.345215 0.474121 1.053101
0.774170 -0.460083 -0.705688 -1.374023 0.438599 1.084473
0.829590 -0.454712 -0.691162 -1.396240 0.386108 1.105591
0.873657 -0.435791 -0.680054 -1.411377 0.317383 1.105103
0.894043 -0.427002 -0.667358 -1.427368 0.260742 1.080200
0.916260 -0.436768 -0.654785 -1.449341 0.234131 1.043701
0.932983 -0.435791 -0.632935 -1.471924 0.223633 1.007080
0.932861 -0.424072 -0.614624 -1.493286 0.239380 0.970215
0.918579 -0.431396 -0.601929 -1.519775 0.294800 0.939453
0.920410 -0.463257 -0.589478 -1.555176 0.378540 0.922852
0.961182 -0.476074 -0.561646 -1.592285 0.461548 0.928467
0.997437 -0.472534 -0.541748 -1.615601 0.541626 0.968994
1.017212 -0.458618 -0.505005 -1.616455 0.633667 1.015747
1.022827 -0.447388 -0.475952 -1.607910 0.732056 1.070801
1.030029 -0.440674 -0.454712 -1.616699 0.834961 1.109863
1.037476 -0.445313 -0.433838 -1.639526 0.930054 1.131470
1.033081 -0.449585 -0.406372 -1.663208 1.031494 1.141235
1.028564 -0.453735 -0.372803 -1.679688 1.125000 1.134521
1.034058 -0.470825 -0.340942 -1.682373 1.175537 1.115356
1.076538 -0.484497 -0.308350 -1.670288 1.180298 1.095581
1.117432 -0.490601 -0.267700 -1.635254 1.151978 1.068604
1.145386 -0.498657 -0.238281 -1.579468 1.099854 1.032837
1.166016 -0.505737 -0.192261 -1.521362 1.030884 0.992920
1.169922 -0.498291 -0.142090 -1.460449 0.957153 0.945190
1.159790 -0.444458 -0.075439 -1.381226 0.870483 0.883911
1.189331 -0.449097 -0.034790 -1.272461 0.743408 0.814697
1.202515 -0.447876 -0.017578 -1.130371 0.623291 0.711670
1.192017 -0.444336 -0.021362 -0.957886 0.513672 0.584351
1.149170 -0.418213 -0.058350 -0.769653 0.398071 0.454712
1.096436 -0.410156 -0.116455 -0.595093 0.272827 0.347778
1.076416 -0.405762 -0.172607 -0.461792 0.158691 0.287842
1.090576 -0.400635 -0.229248 -0.379761 0.092285 0.268921
1.106201 -0.394043 -0.274658 -0.345581 0.091553 0.262329
1.129517 -0.388794 -0.306152 -0.341675 0.137939 0.259399
1.144409 -0.377197 -0.315186 -0.346069 0.198364 0.252930
1.157715 -0.360352 -0.314575 -0.337891 0.239502 0.227051
1.153564 -0.343506 -0.307861 -0.311279 0.239136 0.175171
1.131348 -0.330688 -0.308350 -0.272217 0.225586 0.111694
1.108154 -0.325073 -0.303223 -0.231812 0.228394 0.050171
1.057129 -0.330078 -0.304077 -0.201538 0.272339 -0.001221
0.981079 -0.324585 -0.285767 -0.181885 0.331299 -0.031494
1.002930 -0.327637 -0.278931 -0.164917 0.383789 -0.042114
0.916382 -0.330322 -0.312134 -0.142700 0.358398 -0.041626
0.898193 -0.320190 -0.353271 -0.125366 0.441040 -0.003662
0.928833 -0.273682 -0.307739 -0.114380 0.488770 0.019897
0.958984 -0.254272 -0.381958 -0.082642 0.314697 -0.000854
0.951050 -0.270752 -0.411865 -0.068237 0.159790 -0.043701
0.965820 -0.273560 -0.411133 -0.071289 0.153442 -0.060425
0.979614 -0.276367 -0.400269 -0.083008 0.156616 -0.056274
0.956055 -0.288696 -0.396729 -0.103271 0.134766 -0.048828
0.933105 -0.295410 -0.390991 -0.130005 0.246826 -0.020020
0.957397 -0.310669 -0.349731 -0.157471 0.443726 0.028442
0.963867 -0.319946 -0.305176 -0.170532 0.554932 0.059692
0.963623 -0.312134 -0.288574 -0.173340 0.575195 0.073975
0.962646 -0.310913 -0.270874 -0.167236 0.552979 0.084229
0.972290 -0.310791 -0.279419 -0.148193 0.500732 0.094604
0.981689 -0.301025 -0.301392 -0.123657 0.456299 0.090332
1.002075 -0.291748 -0.310669 -0.102539 0.397583 0.074463
1.016235 -0.292236 -0.311523 -0.085327 0.332520 0.055664
1.033081 -0.287720 -0.322510 -0.080200 0.309204 0.036377
1.035400 -0.288208 -0.315918 -0.090454 0.357544 0.025513
1.026733 -0.293335 -0.294434 -0.108765 0.384155 0.028809
1.020874 -0.294434 -0.276489 -0.119751 0.374878 0.028442
1.019897 -0.287476 -0.285767 -0.113647 0.340210 0.019043
1.018188 -0.281250 -0.281128 -0.103516 0.316528 0.007446
1.010864 -0.286621 -0.269287 -0.095459 0.286133 -0.003418
0.998901 -0.291748 -0.258545 -0.081665 0.243896 -0.016479
0.988647 -0.292358 -0.243408 -0.056763 0.188477 -0.028809
0.988281 -0.291504 -0.249512 -0.024658 0.126465 -0.035034
0.991333 -0.285400 -0.253906 -0.000122 0.076782 -0.038208
0.994751 -0.278931 -0.265991 0.014282 0.053833 -0.038452
1.003296 -0.278687 -0.281372 0.020752 0.067993 -0.034058
1.001587 -0.268311 -0.281860 0.019043 0.103760 -0.024536
1.006836 -0.276001 -0.291992 0.010010 0.131836 -0.010376
1.005493 -0.276245 -0.302856 -0.001221 0.161621 0.002197
1.006714 -0.273315 -0.304077 -0.013550 0.203369 0.014404
1.010620 -0.273315 -0.293945 -0.030640 0.229004 0.026978
1.010376 -0.278809 -0.277588 -0.049805 0.240845 0.034790
