-0.030151 0.291626 -0.744141 0.020630 0.016479 0.249146
-0.049438 0.277222 -0.721558 0.064575 0.127563 0.268433
-0.071777 0.278198 -0.750732 0.111694 0.245850 0.277466
-0.104492 0.222778 -0.803467 0.143555 0.315063 0.291260
-0.154053 0.151733 -0.837524 0.154175 0.334351 0.305664
-0.216064 0.097900 -0.860107 0.152466 0.322021 0.319336
-0.289185 0.050415 -0.850098 0.138794 0.299316 0.357544
-0.361938 -0.020508 -0.823853 0.130493 0.255371 0.428955
-0.421265 -0.076782 -0.835083 0.136597 0.173706 0.534424
-0.454224 -0.080078 -0.855835 0.135010 0.102173 0.679565
-0.412842 -0.074341 -0.845093 0.108032 0.104858 0.851807
-0.361206 -0.107666 -0.838989 0.081787 0.144531 0.998535
-0.309570 -0.114868 -0.845337 0.077759 0.177856 1.113037
-0.281616 -0.102173 -0.919189 0.096558 0.204224 1.219849
-0.276611 -0.091675 -0.999634 0.100220 0.230957 1.327393
-0.257568 -0.103516 -1.053223 0.069580 0.271362 1.439697
-0.208008 -0.134277 -1.080444 0.023682 0.309448 1.560425
-0.149902 -0.150635 -1.086548 -0.018677 0.334961 1.682983
-0.098389 -0.176880 -1.104980 -0.044189 0.333740 1.798096
-0.036621 -0.202759 -1.137939 -0.052124 0.305786 1.910400
0.060181 -0.214111 -1.189453 -0.068237 0.294800 2.032471
0.168091 -0.239502 -1.238281 -0.099731 0.298218 2.156128
0.294434 -0.280884 -1.280273 -0.140747 0.309570 2.272949
0.467529 -0.310547 -1.300781 -0.192505 0.337280 2.392578
0.640381 -0.324341 -1.321167 -0.255249 0.375122 2.500610
0.839966 -0.283447 -1.334229 -0.343018 0.380127 2.583374
1.020630 -0.239624 -1.344604 -0.467041 0.359131 2.615601
1.153320 -0.202515 -1.318359 -0.615601 0.321289 2.589478
1.258667 -0.181152 -1.244141 -0.761963 0.259277 2.524658
1.347046 -0.179810 -1.143555 -0.884766 0.149902 2.447266
1.422485 -0.186646 -1.033203 -0.981934 0.036621 2.363892
1.480347 -0.208740 -0.928101 -1.055420 -0.025024 2.291870
1.546997 -0.238892 -0.845337 -1.104858 -0.020874 2.249390
1.632324 -0.242432 -0.764893 -1.131348 0.012939 2.226318
1.710083 -0.211670 -0.712769 -1.151001 0.059692 2.199829
1.770874 -0.155884 -0.684204 -1.177002 0.107056 2.137573
1.802612 -0.132568 -0.655029 -1.225098 0.190308 2.032593
1.841309 -0.186890 -0.526611 -1.278687 0.160889 1.900024
1.885132 -0.212280 -0.396484 -1.284058 0.022461 1.728271
1.893799 -0.199707 -0.286987 -1.224243 -0.126465 1.548462
1.873047 -0.189697 -0.240479 -1.121216 -0.231934 1.388794
1.854248 -0.180054 -0.213989 -1.016968 -0.251343 1.261108
1.863281 -0.171875 -0.202026 -0.921387 -0.193726 1.164185
1.878906 -0.135864 -0.195435 -0.830078 -0.074219 1.066895
1.834839 -0.098022 -0.195679 -0.741943 0.070679 0.940674
1.756226 -0.074097 -0.221680 -0.667603 0.160522 0.804199
1.670776 -0.052856 -0.237549 -0.614258 0.176392 0.677979
1.580444 -0.045532 -0.247925 -0.577393 0.152100 0.564697
1.511719 -0.049561 -0.223022 -0.551636 0.116699 0.467285
1.458008 -0.051025 -0.182739 -0.521484 0.050537 0.387207
1.399536 -0.051514 -0.163696 -0.484253 0.001343 0.318726
1.333984 -0.066528 -0.141968 -0.439209 -0.014404 0.267700
1.307373 -0.077515 -0.135742 -0.378296 -0.036865 0.237671
1.291504 -0.068237 -0.142212 -0.310181 -0.040527 0.207397
1.291626 -0.055420 -0.156616 -0.249390 -0.046631 0.176147
1.296875 -0.059570 -0.171387 -0.206543 -0.031616 0.130371
1.281128 -0.057007 -0.173218 -0.177246 -0.013428 0.072876
1.260620 -0.063110 -0.165161 -0.150146 -0.006348 0.014771
1.230591 -0.079834 -0.152222 -0.116699 0.020752 -0.048340
1.199585 -0.063721 -0.152710 -0.072876 0.059570 -0.103638
1.173706 -0.076050 -0.138550 -0.016113 0.091431 -0.144287
1.154907 -0.092773 -0.121582 0.056885 0.086914 -0.180542
1.139526 -0.077026 -0.144409 0.146851 0.040894 -0.221191
1.126709 -0.047241 -0.197510 0.243530 0.041870 -0.270874
1.075928 -0.048462 -0.260864 0.338989 0.053345 -0.321167
1.025146 -0.050415 -0.319580 0.429688 0.031738 -0.361206
0.976196 -0.033569 -0.387451 0.510864 -0.010498 -0.385864
0.947632 -0.027954 -0.464844 0.576660 -0.055420 -0.391968
0.960938 -0.024170 -0.522095 0.620239 -0.109131 -0.388672
1.017944 0.021484 -0.626831 0.641479 -0.118286 -0.403442
0.985962 0.054688 -0.768311 0.649658 -0.117310 -0.455444
0.906494 0.083008 -0.922974 0.642456 -0.155640 -0.509644
0.834595 0.102539 -0.999878 0.592896 -0.177002 -0.550659
0.793457 0.087036 -0.990967 0.511475 -0.188721 -0.562500
0.755981 0.047485 -0.941284 0.428711 -0.181763 -0.537231
0.713501 0.020508 -0.886108 0.372192 -0.137329 -0.481689
0.674805 0.006104 -0.824097 0.340454 -0.061157 -0.388916
0.668457 0.003540 -0.767578 0.325562 0.010742 -0.269043
0.730225 -0.031860 -0.770386 0.336914 0.065063 -0.164673
0.783691 -0.055908 -0.731934 0.375610 0.110596 -0.111206
0.802979 -0.068604 -0.716309 0.443481 0.093872 -0.076294
0.835327 -0.095093 -0.724243 0.507202 0.056885 -0.050171
0.849121 -0.105835 -0.751343 0.543579 0.026733 -0.037720
0.874512 -0.112427 -0.743652 0.541260 0.054199 -0.021973
0.884277 -0.137085 -0.690308 0.519165 0.135132 -0.006958
0.885010 -0.155273 -0.627686 0.505981 0.201538 0.001831
0.873901 -0.150146 -0.626099 0.530151 0.196045 0.005737
0.838379 -0.111816 -0.670410 0.600830 0.151489 -0.010376
0.808960 -0.071167 -0.737305 0.679932 0.095093 -0.048218
0.777344 -0.058350 -0.788086 0.731812 0.010376 -0.109741
0.747925 -0.067505 -0.812988 0.740967 -0.079224 -0.167114
0.723877 -0.058105 -0.819702 0.718384 -0.123169 -0.193115
0.688843 -0.047607 -0.854248 0.709961 -0.117920 -0.187744
0.685303 -0.050781 -0.922241 0.726807 -0.075928 -0.161743
0.718994 -0.044922 -0.990967 0.728760 -0.015259 -0.124023
0.752686 -0.051270 -1.036011 0.694092 0.045776 -0.081665
0.789185 -0.058228 -1.051147 0.635132 0.108032 -0.047241
0.805176 -0.072266 -1.021484 0.570313 0.167725 -0.033569
0.806030 -0.085449 -1.010620 0.507080 0.200562 -0.031372
0.788696 -0.089600 -1.016479 0.437622 0.182251 -0.029541
0.792358 -0.088989 -0.994873 0.361938 0.151489 -0.020142
0.810669 -0.108521 -0.948364 0.298706 0.131226 0.001099
0.854126 -0.113159 -0.897461 0.274292 0.091309 0.013306
0.870728 -0.103149 -0.880249 0.294556 0.041870 -0.000732
0.853882 -0.099121 -0.919800 0.335083 -0.001831 -0.019165
0.838745 -0.088867 -0.976074 0.350220 -0.005859 -0.017822
0.834595 -0.090942 -1.003052 0.327759 0.027344 -0.002930
0.841919 -0.085693 -1.005249 0.290527 0.074341 0.010986
0.841797 -0.081787 -0.998413 0.248657 0.126831 0.021729
0.826538 -0.082520 -0.989258 0.209106 0.172729 0.031372
0.818848 -0.073608 -0.983398 0.171509 0.214355 0.037842
0.795776 -0.073975 -1.008179 0.145264 0.235840 0.035156
0.735596 -0.092651 -1.049316 0.134033 0.239258 0.028687
0.708984 -0.113403 -1.100342 0.121582 0.243408 0.046021
0.690918 -0.101807 -1.146118 0.125244 0.249756 0.071655
0.648315 -0.089478 -1.227539 0.153076 0.255981 0.089233
0.634155 -0.096680 -1.320923 0.167725 0.253052 0.110596
0.610474 -0.099976 -1.419800 0.128784 0.273560 0.141724
0.571045 -0.074707 -1.466431 0.009766 0.348755 0.193848
0.555786 -0.031860 -1.445801 -0.170654 0.420898 0.272339
0.553467 -0.059692 -1.421753 -0.361328 0.476685 0.347290
0.529663 -0.106445 -1.350342 -0.546387 0.561157 0.400269
0.520386 -0.156006 -1.246338 -0.699463 0.637329 0.454468
0.531860 -0.185425 -1.120605 -0.803589 0.681030 0.506348
0.543457 -0.205933 -1.024536 -0.868652 0.689331 0.541016
0.551514 -0.215820 -0.948853 -0.916016 0.677002 0.563110
0.546265 -0.208740 -0.937134 -0.939575 0.636108 0.583740
0.537354 -0.209961 -0.963623 -0.963989 0.567017 0.612427
0.560181 -0.244751 -0.987549 -1.035400 0.510864 0.656128
0.622314 -0.280640 -0.943970 -1.153320 0.496948 0.712158
0.702148 -0.321655 -0.856079 -1.288452 0.503906 0.774048
0.770142 -0.388794 -0.767456 -1.411621 0.504272 0.817871
0.848145 -0.463501 -0.659546 -1.517578 0.493530 0.849976
0.934082 -0.523071 -0.521484 -1.601929 0.473633 0.878784
1.008789 -0.584595 -0.397217 -1.660645 0.443481 0.895142
1.088013 -0.660645 -0.263550 -1.697510 0.408813 0.902222
1.169312 -0.731201 -0.127930 -1.715698 0.392700 0.910156
1.228516 -0.722046 0.008667 -1.713623 0.401611 0.909546
1.301758 -0.755005 0.202393 -1.681641 0.442749 0.888916
1.333374 -0.800903 0.345337 -1.579224 0.461182 0.816040
1.332886 -0.825195 0.450439 -1.411621 0.452148 0.696045
1.299561 -0.769897 0.489868 -1.187622 0.394775 0.563477
1.239380 -0.762817 0.469849 -0.940186 0.334351 0.456421
1.166504 -0.767334 0.395142 -0.717896 0.291992 0.385132
1.126831 -0.751831 0.333496 -0.544800 0.291504 0.350342
1.116943 -0.710449 0.278320 -0.404541 0.320923 0.346313
1.098633 -0.677368 0.208130 -0.281006 0.364746 0.344116
1.088989 -0.651733 0.135010 -0.176147 0.395142 0.334717
1.081909 -0.615845 0.056641 -0.088623 0.396973 0.321167
1.082642 -0.539917 -0.011230 -0.018677 0.353882 0.305664
