0.464355 0.163208 0.290894 -0.437744 -0.356079 0.226196
0.400513 0.114014 0.303833 -0.388184 -0.273071 0.296387
0.409302 0.119751 0.322876 -0.349487 -0.138306 0.357910
0.315552 0.182617 0.311890 -0.313965 -0.046997 0.452026
0.335449 0.125366 0.315308 -0.316162 0.150757 0.582886
0.416382 0.057373 0.387695 -0.343018 0.273193 0.691772
0.468506 -0.015747 0.542969 -0.328979 0.150146 0.730347
0.520630 -0.066040 0.622925 -0.222412 -0.135620 0.729370
0.563477 -0.100342 0.639771 -0.063232 -0.401733 0.696411
0.582520 -0.113525 0.646606 0.100220 -0.567749 0.665405
0.577515 -0.119141 0.659668 0.253174 -0.616577 0.667480
0.577637 -0.136841 0.677490 0.409668 -0.589966 0.708740
0.592285 -0.166382 0.678223 0.588623 -0.567993 0.771851
0.625244 -0.198853 0.657959 0.796387 -0.583984 0.843262
0.677734 -0.234131 0.603149 1.026489 -0.622192 0.915894
0.735596 -0.258423 0.515381 1.259155 -0.655151 0.979736
0.786987 -0.283325 0.420044 1.483032 -0.671265 1.024170
0.843994 -0.317749 0.309082 1.692871 -0.668945 1.054688
0.918945 -0.354736 0.183105 1.886719 -0.645142 1.078003
0.998047 -0.386719 0.057861 2.067871 -0.598389 1.089355
1.084717 -0.420776 -0.079346 2.237793 -0.561157 1.083496
1.189331 -0.448486 -0.245605 2.401733 -0.546753 1.061890
1.299561 -0.459595 -0.430664 2.564209 -0.521729 1.018188
1.411499 -0.454834 -0.637329 2.726929 -0.452515 0.936523
1.481079 -0.428955 -0.820068 2.881836 -0.336914 0.810059
1.491577 -0.384888 -1.003052 3.013184 -0.214355 0.650146
1.543091 -0.307495 -1.223755 3.085938 -0.147827 0.472046
1.539795 -0.204834 -1.463135 3.048828 -0.076172 0.275269
1.458740 -0.106445 -1.602295 2.858276 0.073242 0.100342
1.360840 -0.047729 -1.587280 2.537598 0.275269 -0.004883
1.265137 -0.031250 -1.493164 2.179932 0.395264 -0.027832
1.199097 -0.054443 -1.354736 1.868530 0.425415 0.008057
1.168457 -0.097168 -1.232544 1.661865 0.406372 0.073608
1.187134 -0.148804 -1.124878 1.569702 0.393799 0.147217
1.210815 -0.179077 -1.057251 1.567993 0.411377 0.209595
1.222168 -0.179321 -1.016235 1.619019 0.414185 0.251953
1.190796 -0.200073 -0.977905 1.708862 0.369873 0.274902
1.124756 -0.258301 -0.937500 1.837280 0.315186 0.286865
1.099609 -0.338379 -0.961914 1.991211 0.254883 0.310425
1.173584 -0.382813 -1.132690 2.136963 0.154541 0.353638
1.235840 -0.360840 -1.363892 2.208618 0.023071 0.380371
1.209961 -0.321533 -1.536133 2.143921 0.032715 0.358643
1.145508 -0.271362 -1.616333 1.936157 0.188354 0.326294
1.095947 -0.230591 -1.618530 1.637939 0.380981 0.315308
1.068604 -0.231567 -1.604248 1.313232 0.517822 0.320313
1.025391 -0.247070 -1.531128 0.990356 0.570435 0.326294
0.987793 -0.281006 -1.406494 0.704712 0.558838 0.329224
0.967896 -0.341064 -1.274780 0.494629 0.498413 0.331665
0.989624 -0.394775 -1.189819 0.367920 0.429688 0.336060
1.025391 -0.400269 -1.122925 0.298706 0.470093 0.312256
1.074829 -0.419189 -1.042725 0.260864 0.615723 0.257324
1.079712 -0.401855 -0.996094 0.242554 0.666992 0.192505
1.072754 -0.400024 -1.013306 0.219727 0.573730 0.133179
1.049805 -0.394287 -1.037842 0.161011 0.381592 0.085815
1.024658 -0.407715 -1.070923 0.049805 0.235107 0.068359
1.005615 -0.417358 -1.083008 -0.118652 0.148926 0.100220
0.985718 -0.413696 -1.089966 -0.324951 0.213135 0.155518
0.954712 -0.407471 -1.063477 -0.545166 0.349487 0.207886
0.927490 -0.421631 -1.000122 -0.748413 0.406128 0.250488
0.913452 -0.440063 -0.935791 -0.909424 0.349609 0.275513
0.902466 -0.458618 -0.886719 -1.020874 0.242554 0.273438
0.895508 -0.465454 -0.833008 -1.093872 0.140747 0.257690
0.900635 -0.476440 -0.793579 -1.144531 0.056274 0.254761
0.906982 -0.492798 -0.793579 -1.204346 0.045898 0.279785
0.909790 -0.508423 -0.799561 -1.308472 0.133179 0.332031
0.911377 -0.500488 -0.783447 -1.459595 0.317383 0.393433
0.918457 -0.515625 -0.758057 -1.634888 0.589355 0.434814
0.917358 -0.538086 -0.685791 -1.801147 0.768799 0.462646
0.899780 -0.564209 -0.620728 -1.933594 0.911499 0.477539
0.889160 -0.585327 -0.562500 -2.028931 1.009644 0.491943
0.893799 -0.604248 -0.510986 -2.096924 1.023804 0.508057
0.912109 -0.621582 -0.453491 -2.142944 0.979492 0.513550
0.929688 -0.654907 -0.394165 -2.157959 0.910889 0.510498
0.951782 -0.661865 -0.335693 -2.144775 0.871216 0.500488
0.962524 -0.652100 -0.276001 -2.120361 0.850952 0.477173
0.977539 -0.658325 -0.219971 -2.095337 0.825562 0.458130
0.973022 -0.666016 -0.189575 -2.080078 0.819702 0.460205
0.965576 -0.677002 -0.148560 -2.079834 0.872925 0.478394
0.959229 -0.672729 -0.109863 -2.089233 0.960327 0.505981
0.960449 -0.666260 -0.064697 -2.096802 1.047119 0.533081
0.957886 -0.657715 -0.014648 -2.087280 1.109497 0.546997
0.953369 -0.649048 0.036255 -2.051147 1.128296 0.536377
0.939209 -0.656006 0.080811 -1.991577 1.094971 0.509521
0.921997 -0.660522 0.126099 -1.911377 1.023193 0.480225
0.923340 -0.654541 0.159424 -1.808960 0.928101 0.451294
0.921631 -0.650879 0.198730 -1.681641 0.806274 0.415283
0.930786 -0.639038 0.226440 -1.532593 0.651489 0.369141
0.941650 -0.631836 0.245483 -1.374512 0.479126 0.317017
0.952759 -0.633789 0.253052 -1.216431 0.305786 0.269897
0.969849 -0.631470 0.238037 -1.066162 0.177246 0.238892
0.975464 -0.622070 0.225342 -0.925049 0.116577 0.210938
0.966064 -0.613037 0.200195 -0.802734 0.079468 0.180176
0.953613 -0.607788 0.163330 -0.710205 0.043213 0.155273
0.943115 -0.602295 0.133667 -0.644043 0.016724 0.140869
0.932739 -0.596069 0.128906 -0.597290 0.002808 0.140015
0.944458 -0.585815 0.115601 -0.559570 -0.009888 0.148071
0.958862 -0.578247 0.106323 -0.526245 -0.024902 0.154541
0.974243 -0.565186 0.101074 -0.492798 -0.034668 0.155518
0.983398 -0.554321 0.102905 -0.452515 -0.036865 0.148071
0.985962 -0.542358 0.086182 -0.399536 -0.040405 0.132568
0.982910 -0.526855 0.073120 -0.342529 -0.051270 0.115112
0.979736 -0.514648 0.057129 -0.289673 -0.068604 0.103271
0.999512 -0.499268 0.024658 -0.241455 -0.094482 0.098022
1.013794 -0.477661 -0.008057 -0.198120 -0.112183 0.090454
1.026855 -0.461792 -0.058228 -0.162964 -0.109497 0.077026
1.033691 -0.448975 -0.099976 -0.144287 -0.082764 0.057373
1.029541 -0.440430 -0.129272 -0.143799 -0.045410 0.030029
1.011353 -0.447388 -0.140015 -0.157471 -0.013672 0.004150
0.997681 -0.448730 -0.132690 -0.176147 0.008423 -0.011108
0.991699 -0.454712 -0.123413 -0.188721 0.032715 -0.021729
0.986450 -0.461792 -0.111816 -0.189453 0.052612 -0.033691
0.982178 -0.461792 -0.096436 -0.172485 0.060547 -0.042847
0.989746 -0.456543 -0.101563 -0.141357 0.041504 -0.052124
0.994873 -0.447876 -0.113403 -0.101807 0.001099 -0.066650
0.994995 -0.437012 -0.137695 -0.058350 -0.045044 -0.083740
0.994385 -0.424561 -0.160889 -0.017700 -0.085083 -0.101318
0.995972 -0.433716 -0.168457 0.012695 -0.126587 -0.119507
0.945557 -0.443481 -0.202393 0.028564 -0.057251 -0.120972
0.985107 -0.407227 -0.191040 0.016602 0.086670 -0.085815
0.985229 -0.389404 -0.205688 -0.005615 0.010498 -0.092651
0.950928 -0.394043 -0.228516 -0.026245 -0.027344 -0.130737
0.925415 -0.406128 -0.235718 -0.027588 0.010742 -0.140015
0.933350 -0.416382 -0.236206 -0.017578 0.035645 -0.130249
0.940186 -0.418213 -0.238647 -0.005859 -0.022217 -0.125122
0.925293 -0.424438 -0.243652 0.009277 -0.078735 -0.114136
0.930542 -0.421997 -0.242920 0.021973 -0.042114 -0.080811
0.948853 -0.411743 -0.229248 0.028442 0.034790 -0.044434
0.965332 -0.401123 -0.222534 0.026855 0.064453 -0.025024
0.970337 -0.393799 -0.218262 0.020386 0.058716 -0.014038
0.980469 -0.385498 -0.221191 0.013184 0.072144 -0.002075
0.994141 -0.369019 -0.226929 0.007446 0.104126 0.004028
0.995605 -0.366455 -0.231567 0.001709 0.127075 -0.002930
0.988159 -0.369507 -0.229126 -0.006470 0.138916 -0.015869
0.976807 -0.376831 -0.231201 -0.015869 0.145874 -0.022949
0.971069 -0.384766 -0.238525 -0.023071 0.144165 -0.022827
0.974731 -0.390625 -0.230957 -0.028320 0.136108 -0.021729
0.977905 -0.391602 -0.220581 -0.033081 0.115845 -0.023804
0.980103 -0.393311 -0.206421 -0.034424 0.086426 -0.025146
0.991577 -0.391479 -0.187012 -0.030640 0.058350 -0.023926
0.999634 -0.392090 -0.161865 -0.021484 0.037476 -0.025391
1.004395 -0.390747 -0.153076 -0.004639 0.024414 -0.027588
1.011230 -0.390015 -0.149780 0.013428 0.023315 -0.030518
1.016235 -0.384521 -0.158325 0.026978 0.037598 -0.031738
1.021973 -0.384521 -0.163086 0.033447 0.064209 -0.034424
1.026001 -0.384033 -0.158936 0.030518 0.101196 -0.037964
1.027466 -0.389038 -0.153320 0.025513 0.138306 -0.040649
1.015747 -0.387451 -0.153809 0.023071 0.166992 -0.043457
1.006958 -0.391235 -0.147583 0.021729 0.188599 -0.043457
1.000732 -0.392456 -0.133911 0.025879 0.203125 -0.041870
0.993530 -0.397217 -0.138428 0.040771 0.204346 -0.041016
