0.654419 0.270508 0.221191 -0.261353 -0.078491 0.400146
0.696655 0.194824 0.250732 -0.216187 -0.184082 0.424438
0.648560 0.176392 0.372437 -0.190552 -0.168823 0.377441
0.609131 0.141602 0.416138 -0.143921 -0.158813 0.365112
0.572998 0.104248 0.475952 -0.095581 -0.106323 0.375488
0.479126 0.104248 0.464966 -0.051025 -0.072144 0.411621
0.488892 0.012817 0.502075 -0.021851 0.034058 0.486938
0.513550 -0.049072 0.541870 0.019287 0.099365 0.545898
0.531738 -0.097168 0.617310 0.100952 0.098999 0.589600
0.554932 -0.139404 0.673218 0.247192 -0.093140 0.637573
0.591064 -0.198120 0.623169 0.420776 -0.269287 0.672241
0.631714 -0.257324 0.577637 0.573975 -0.325317 0.718384
0.687622 -0.309692 0.552124 0.707886 -0.277344 0.813354
0.759888 -0.342041 0.545044 0.841187 -0.163574 0.921143
0.828979 -0.359131 0.520630 0.998413 -0.067017 1.003662
0.879883 -0.368408 0.479126 1.182495 -0.029907 1.044556
0.911499 -0.369873 0.390381 1.386230 -0.048340 1.041992
0.929810 -0.369995 0.272461 1.590576 -0.112549 1.012451
0.965820 -0.370605 0.100586 1.809692 -0.190796 0.982788
1.026245 -0.345947 -0.147583 2.034302 -0.242920 0.969727
1.112183 -0.295776 -0.466919 2.223022 -0.244751 0.975464
1.203857 -0.263428 -0.805908 2.325806 -0.173828 0.999634
1.292236 -0.219116 -1.076050 2.288818 -0.005493 1.044189
1.377563 -0.166748 -1.239990 2.103027 0.219116 1.088989
1.452515 -0.109863 -1.292603 1.817017 0.399536 1.109985
1.510742 -0.057129 -1.246338 1.505371 0.479004 1.097656
1.550537 0.001221 -1.151123 1.268799 0.490479 1.061523
1.566772 0.028076 -1.109619 1.138672 0.448364 1.002808
1.554443 0.037842 -1.082275 1.057739 0.357300 0.914551
1.515625 0.046509 -1.059937 0.970459 0.264893 0.806519
1.479370 0.021362 -1.047974 0.876709 0.201050 0.705933
1.472534 -0.004395 -1.052612 0.803223 0.151733 0.645020
1.469971 0.003540 -1.104492 0.760620 0.123169 0.607666
1.465576 0.006104 -1.175537 0.725586 0.108521 0.560303
1.440796 -0.011597 -1.259399 0.682129 0.096313 0.502441
1.418213 -0.048584 -1.332153 0.605347 0.098877 0.447754
1.384399 -0.098145 -1.372437 0.484619 0.095215 0.414795
1.362793 -0.125732 -1.365479 0.332764 0.097046 0.414063
1.353760 -0.139160 -1.329102 0.171875 0.103882 0.423828
1.368774 -0.133057 -1.296265 0.030884 0.088135 0.421387
1.385254 -0.140625 -1.274536 -0.076660 0.054321 0.388184
1.383789 -0.156860 -1.261353 -0.148315 0.020020 0.325562
1.352295 -0.171509 -1.255859 -0.204102 0.007202 0.251831
1.308472 -0.175537 -1.244629 -0.267456 0.033936 0.187134
1.238647 -0.182373 -1.215210 -0.347656 0.115479 0.135254
1.154419 -0.189575 -1.160278 -0.441650 0.235962 0.100098
1.067505 -0.205688 -1.104370 -0.545776 0.359131 0.081177
0.976685 -0.220703 -1.070190 -0.652832 0.447266 0.080322
0.910767 -0.229004 -1.010132 -0.762207 0.501587 0.099243
0.874023 -0.235474 -0.958252 -0.867432 0.497314 0.127197
0.859619 -0.242310 -0.903198 -0.961914 0.403687 0.152588
0.870239 -0.264526 -0.860962 -1.043701 0.244263 0.173096
0.895874 -0.288086 -0.811890 -1.122070 0.120850 0.189819
0.926636 -0.296997 -0.750122 -1.195190 0.024902 0.201294
0.941772 -0.308105 -0.676392 -1.267090 -0.072998 0.202881
0.959595 -0.350952 -0.610840 -1.345581 -0.153442 0.212769
0.998169 -0.389648 -0.516602 -1.432007 -0.205811 0.246338
1.021484 -0.407471 -0.412842 -1.515869 -0.214478 0.293579
1.035278 -0.413574 -0.316528 -1.593018 -0.177246 0.345947
1.045532 -0.426392 -0.226074 -1.666260 -0.107544 0.402832
1.053711 -0.435059 -0.121582 -1.725830 -0.027710 0.458740
1.083130 -0.445068 -0.011108 -1.754395 0.038940 0.496582
1.127197 -0.453735 0.108398 -1.736938 0.089600 0.505981
1.187256 -0.458618 0.219604 -1.666504 0.106689 0.482666
1.218018 -0.472656 0.302124 -1.549316 0.090088 0.422729
1.211182 -0.477661 0.342896 -1.395630 0.044189 0.337402
1.166504 -0.479126 0.347046 -1.215820 -0.022461 0.240723
1.109985 -0.473267 0.310059 -1.032104 -0.106323 0.159912
1.055298 -0.464600 0.256958 -0.877808 -0.176880 0.122070
1.037598 -0.464478 0.231934 -0.758179 -0.214355 0.132080
1.037109 -0.461426 0.204102 -0.656982 -0.211670 0.168457
1.031128 -0.455688 0.167969 -0.583374 -0.175659 0.222046
1.047119 -0.468750 0.144531 -0.549561 -0.101929 0.291260
1.069458 -0.474854 0.143677 -0.542114 0.029175 0.358154
1.072632 -0.466919 0.167969 -0.537231 0.195068 0.408203
1.067871 -0.453125 0.197632 -0.522949 0.338989 0.445679
1.066162 -0.436646 0.201050 -0.481079 0.416504 0.470459
1.071655 -0.417236 0.184082 -0.409546 0.429565 0.471069
1.068726 -0.415649 0.158936 -0.325195 0.385010 0.444702
1.067017 -0.405762 0.121338 -0.238159 0.298218 0.398438
1.065796 -0.394165 0.076782 -0.153564 0.185303 0.343750
1.052246 -0.390015 0.022217 -0.088745 0.071533 0.285400
1.040894 -0.386719 -0.016602 -0.054077 -0.031860 0.240479
1.049561 -0.370850 -0.050171 -0.043457 -0.115112 0.210938
1.051880 -0.363770 -0.057861 -0.045288 -0.167236 0.188599
1.058838 -0.365967 -0.069458 -0.050781 -0.177734 0.174683
1.055542 -0.354736 -0.083374 -0.056519 -0.144653 0.161621
1.043701 -0.348999 -0.089722 -0.058105 -0.095459 0.144043
1.024170 -0.341675 -0.097656 -0.051270 -0.069336 0.128784
1.009277 -0.345825 -0.112427 -0.034790 -0.065186 0.117676
1.012329 -0.343018 -0.138306 -0.008057 -0.078735 0.114502
1.011353 -0.338135 -0.173462 0.025024 -0.111328 0.113647
1.017822 -0.328491 -0.207397 0.052856 -0.134644 0.108643
1.028076 -0.318970 -0.245361 0.066040 -0.136230 0.099854
1.035522 -0.310791 -0.271851 0.062500 -0.114990 0.086670
1.034668 -0.317261 -0.297119 0.048828 -0.073975 0.077393
1.025879 -0.328003 -0.305176 0.027588 -0.015991 0.077271
1.022217 -0.340454 -0.300415 0.001831 0.043823 0.082520
1.028198 -0.351196 -0.288452 -0.020020 0.077515 0.091797
1.039795 -0.356689 -0.270264 -0.026245 0.084229 0.098633
1.048218 -0.358398 -0.258911 -0.013794 0.069946 0.093750
1.053833 -0.354248 -0.260132 0.010742 0.038574 0.077881
1.050293 -0.347900 -0.271118 0.039795 -0.011597 0.055786
1.058350 -0.351440 -0.282837 0.064453 -0.058350 0.029663
1.082764 -0.354248 -0.310059 0.081909 -0.116455 0.007202
0.984009 -0.388794 -0.299927 0.093750 -0.174805 -0.009644
1.024902 -0.357788 -0.316162 0.088501 0.032837 0.010742
1.051147 -0.314575 -0.271362 0.078979 -0.028931 0.010498
1.017700 -0.340454 -0.311401 0.073608 -0.131958 -0.045288
0.994507 -0.354248 -0.304810 0.070923 -0.096069 -0.073730
0.979614 -0.365479 -0.302490 0.079956 -0.047974 -0.068726
0.967407 -0.375366 -0.299316 0.082397 -0.065552 -0.061279
0.946899 -0.387695 -0.291504 0.079224 -0.065674 -0.044922
0.951294 -0.392212 -0.281616 0.081177 0.001831 -0.005737
0.973877 -0.392944 -0.268066 0.085693 0.081543 0.032593
0.986938 -0.384033 -0.256104 0.089844 0.110840 0.050171
0.992065 -0.376831 -0.257935 0.097168 0.117065 0.054932
0.989868 -0.376709 -0.271851 0.108154 0.130859 0.059204
0.993164 -0.362793 -0.286133 0.113647 0.136597 0.064453
0.997070 -0.362061 -0.291382 0.109131 0.132324 0.059448
0.996704 -0.364014 -0.289795 0.101563 0.119751 0.047119
0.998779 -0.366333 -0.280884 0.094849 0.101807 0.033569
0.997681 -0.366089 -0.265625 0.092773 0.085938 0.018677
0.993652 -0.363892 -0.250122 0.094482 0.067261 0.004639
0.991699 -0.366943 -0.237915 0.099243 0.048096 -0.009155
0.987183 -0.367920 -0.237671 0.106201 0.036499 -0.020386
0.977417 -0.375000 -0.235474 0.110107 0.026611 -0.026123
0.965210 -0.381470 -0.228027 0.109009 0.022217 -0.027344
0.951172 -0.388794 -0.222900 0.106445 0.028198 -0.023926
0.943481 -0.401001 -0.217651 0.101807 0.035400 -0.013672
0.950317 -0.407104 -0.206299 0.093750 0.043335 0.003296
0.969727 -0.407104 -0.188965 0.092896 0.046021 0.016602
0.978271 -0.405151 -0.174805 0.099487 0.037964 0.020508
0.982910 -0.400269 -0.161987 0.111084 0.024780 0.016357
0.982910 -0.401245 -0.150513 0.128174 0.009155 0.006836
0.980713 -0.400391 -0.147583 0.148438 -0.005859 -0.004272
0.987427 -0.396240 -0.156250 0.168823 -0.014893 -0.011108
0.990234 -0.387939 -0.182617 0.185669 -0.003052 -0.014282
0.989624 -0.390869 -0.191162 0.195679 0.015503 -0.016235
0.988281 -0.385376 -0.208008 0.196045 0.031128 -0.014526
0.992554 -0.382324 -0.225220 0.188843 0.046387 -0.009888
0.995728 -0.378784 -0.228271 0.175171 0.066772 -0.005249
0.999390 -0.376831 -0.235107 0.153320 0.085327 -0.002319
0.997925 -0.374023 -0.229614 0.125488 0.102173 -0.000244
0.992554 -0.376709 -0.219971 0.098755 0.113281 -0.000732
0.986816 -0.384644 -0.196045 0.079224 0.111450 -0.006104
0.973755 -0.393921 -0.181396 0.070068 0.097778 -0.012451
0.964600 -0.401978 -0.168945 0.068848 0.079224 -0.015991
0.957153 -0.411499 -0.153198 0.069092 0.061035 -0.015259
0.956177 -0.422241 -0.143311 0.070190 0.045532 -0.009277
