0.398315 0.116333 0.399048 -0.314819 -0.219971 -0.071777
0.408691 0.046387 0.417969 -0.284546 -0.190918 -0.038574
0.358765 0.057983 0.533813 -0.300537 -0.093506 -0.036621
0.275391 0.102417 0.615479 -0.288940 -0.054565 0.015869
0.239136 0.085449 0.717407 -0.276001 -0.017700 0.125977
0.319214 0.000977 0.766357 -0.242310 -0.029053 0.252075
0.431641 -0.078247 0.928955 -0.177002 -0.139526 0.326782
0.490845 -0.100342 1.052490 -0.020996 -0.345215 0.359009
0.573975 -0.130249 1.061279 0.206909 -0.548828 0.385010
0.605347 -0.167114 0.992065 0.427979 -0.642944 0.407715
0.618042 -0.213257 0.913696 0.637085 -0.701050 0.444336
0.651611 -0.255127 0.840454 0.827393 -0.677246 0.517944
0.687500 -0.295532 0.781128 1.010132 -0.597412 0.616699
0.755981 -0.320190 0.709106 1.197998 -0.511108 0.713257
0.829956 -0.347900 0.606812 1.391724 -0.452759 0.781860
0.876343 -0.371948 0.466553 1.576172 -0.449097 0.801025
0.897461 -0.379761 0.306152 1.745728 -0.491821 0.775513
0.929321 -0.354126 0.114258 1.894409 -0.544312 0.724365
0.963257 -0.302612 -0.098022 2.013184 -0.552856 0.660400
0.991699 -0.220947 -0.342041 2.100952 -0.521729 0.607788
1.042114 -0.136230 -0.634766 2.161743 -0.463379 0.574219
1.091431 -0.026367 -0.932007 2.177856 -0.342773 0.543579
0.913818 0.028442 -1.226074 2.130859 -0.097412 0.513428
1.133545 0.193970 -1.417480 2.047363 -0.149658 0.566772
1.166382 0.320435 -1.667847 1.912598 -0.058960 0.609253
1.150146 0.394043 -1.753174 1.687988 0.247681 0.613770
1.118408 0.433838 -1.713867 1.430786 0.486694 0.631836
1.146729 0.433838 -1.688354 1.190308 0.514893 0.689209
1.206177 0.441772 -1.693726 0.984619 0.352173 0.731689
1.225098 0.466919 -1.721436 0.826050 0.177002 0.734497
1.302734 0.481445 -1.756958 0.674927 0.259277 0.710938
1.320923 0.457031 -1.756348 0.516968 0.344849 0.674927
1.293213 0.435181 -1.737305 0.338989 0.396240 0.670776
1.265747 0.413940 -1.722046 0.147705 0.416382 0.691650
1.253784 0.379272 -1.702881 -0.038086 0.406982 0.702026
1.230225 0.333740 -1.662598 -0.219360 0.374512 0.685913
1.204956 0.294800 -1.596436 -0.398682 0.338867 0.648438
1.167969 0.244507 -1.502686 -0.565552 0.305298 0.600098
1.098877 0.192383 -1.413818 -0.710693 0.252563 0.549927
1.031494 0.142700 -1.338379 -0.838135 0.174316 0.507568
0.964844 0.085693 -1.274780 -0.953369 0.085571 0.483276
0.916138 0.037598 -1.219971 -1.060791 0.003174 0.483276
0.889160 -0.009888 -1.171997 -1.166016 -0.058716 0.511108
0.903442 -0.057495 -1.109131 -1.277954 -0.077393 0.561890
0.926392 -0.100708 -1.038086 -1.395142 -0.055664 0.616943
0.949707 -0.137451 -0.948975 -1.510742 -0.015259 0.666626
0.976685 -0.191650 -0.854370 -1.620239 0.020142 0.707642
1.001099 -0.254883 -0.757690 -1.709595 0.046753 0.731812
1.027832 -0.318726 -0.646973 -1.770752 0.066772 0.734985
1.051514 -0.371094 -0.538940 -1.802246 0.089478 0.721069
1.072876 -0.436646 -0.443481 -1.815918 0.104492 0.692505
1.080078 -0.490234 -0.337280 -1.825317 0.094849 0.669678
1.098633 -0.514160 -0.219482 -1.834473 0.061523 0.674194
1.117188 -0.527710 -0.100586 -1.832642 0.027222 0.701416
1.144775 -0.535278 -0.008057 -1.808716 0.003174 0.729614
1.192627 -0.541992 0.063599 -1.766602 -0.004272 0.746948
1.246460 -0.541382 0.120117 -1.717651 -0.023682 0.748901
1.302490 -0.549683 0.178223 -1.668945 -0.075073 0.737427
1.377441 -0.579834 0.233643 -1.623657 -0.150391 0.723267
1.454346 -0.601563 0.301514 -1.578735 -0.205322 0.690918
1.514526 -0.598633 0.382202 -1.520996 -0.229004 0.633423
1.557739 -0.595825 0.475586 -1.441040 -0.230469 0.552612
1.578003 -0.604126 0.561890 -1.344849 -0.223633 0.457886
1.587036 -0.605957 0.639771 -1.233276 -0.212402 0.360962
1.589233 -0.588623 0.692383 -1.090332 -0.199097 0.264160
1.573853 -0.570679 0.712158 -0.920654 -0.195190 0.161133
1.547607 -0.542358 0.708862 -0.741577 -0.206055 0.057495
1.515259 -0.525879 0.670410 -0.567017 -0.228516 -0.027344
1.506836 -0.525391 0.617310 -0.411743 -0.256470 -0.074463
1.522461 -0.498657 0.566895 -0.284546 -0.273315 -0.086304
1.558350 -0.473511 0.516602 -0.181396 -0.255859 -0.077271
1.619019 -0.429932 0.470215 -0.100464 -0.194336 -0.058716
1.689819 -0.382202 0.437988 -0.037720 -0.100464 -0.056885
1.734253 -0.341675 0.416016 0.021606 0.005127 -0.091187
1.759033 -0.312012 0.379028 0.084229 0.092529 -0.167603
1.762207 -0.288818 0.351318 0.148071 0.135010 -0.284668
1.730347 -0.260132 0.324341 0.213135 0.129883 -0.420044
1.683960 -0.263916 0.327271 0.276733 0.028931 -0.538086
1.609863 -0.311279 0.294678 0.343506 -0.175903 -0.643677
1.522583 -0.358398 0.253784 0.411865 -0.414673 -0.755737
1.486450 -0.358521 0.210327 0.485596 -0.635132 -0.859131
1.451904 -0.393066 0.149902 0.555420 -0.706177 -0.904541
1.444824 -0.390015 0.069458 0.603271 -0.600830 -0.856812
1.515747 -0.330078 0.078735 0.612793 -0.372803 -0.731445
1.588745 -0.321411 0.067139 0.622070 -0.177002 -0.581665
1.612793 -0.325317 0.049927 0.663452 -0.079834 -0.532471
1.622192 -0.327515 -0.001953 0.757690 -0.149292 -0.619385
1.603638 -0.341797 -0.105957 0.887573 -0.286743 -0.795166
1.517822 -0.372925 -0.259766 1.029419 -0.472046 -0.993408
1.360596 -0.352051 -0.459229 1.120728 -0.687500 -1.156372
1.174072 -0.305786 -0.628052 1.118408 -0.894775 -1.270752
0.989258 -0.257690 -0.745605 1.026367 -0.977905 -1.342896
0.887451 -0.187012 -0.793335 0.899658 -0.845093 -1.403442
0.809570 -0.144043 -0.797729 0.787231 -0.678589 -1.456421
0.773193 -0.109741 -0.842773 0.706665 -0.589844 -1.467651
0.723022 -0.071411 -0.808350 0.647949 -0.636475 -1.430054
0.671753 -0.021362 -0.830078 0.597534 -0.626099 -1.363403
0.620972 0.015869 -0.857910 0.546875 -0.538940 -1.292969
0.519653 -0.001831 -0.885864 0.497559 -0.460693 -1.213745
0.433716 0.057617 -0.871704 0.438599 -0.400146 -1.104492
0.368896 0.104248 -0.864258 0.387207 -0.321655 -1.008667
0.321411 0.142944 -0.848633 0.346680 -0.180664 -0.960938
0.294800 0.152466 -0.841919 0.315308 -0.026978 -0.951782
0.286255 0.184082 -0.824219 0.282959 0.055420 -0.944824
0.268921 0.218140 -0.820801 0.243286 0.073853 -0.910156
0.255127 0.234863 -0.823486 0.191284 0.063354 -0.843872
0.225830 0.237793 -0.809448 0.132935 0.046875 -0.761719
0.218628 0.241821 -0.776978 0.076782 0.050537 -0.666504
0.246216 0.262573 -0.750977 0.034668 0.083618 -0.558472
0.288696 0.282715 -0.704712 0.005981 0.145264 -0.454346
0.344971 0.300537 -0.644775 -0.005859 0.177002 -0.368774
0.391479 0.298706 -0.637695 0.000488 0.177490 -0.310303
0.397827 0.288940 -0.631104 0.005737 0.150269 -0.261963
0.422241 0.272583 -0.611328 0.005371 0.126953 -0.213135
0.471436 0.282227 -0.609741 0.009033 0.102539 -0.185791
0.505005 0.311646 -0.614624 0.015503 0.071533 -0.179688
0.518188 0.322876 -0.640015 0.018555 0.047852 -0.173340
0.503174 0.341797 -0.642456 0.011108 -0.001221 -0.153809
0.508057 0.338745 -0.642334 -0.006714 -0.047729 -0.116211
0.544678 0.342773 -0.642822 -0.031372 -0.069458 -0.081787
0.583862 0.341309 -0.626953 -0.064087 -0.072388 -0.059937
0.617310 0.347900 -0.601074 -0.094971 -0.065308 -0.044800
0.641113 0.335938 -0.579590 -0.112549 -0.058594 -0.033447
0.663940 0.318481 -0.572510 -0.120605 -0.039063 -0.021729
0.678833 0.302002 -0.566040 -0.120850 -0.001587 0.003296
0.698242 0.291260 -0.568115 -0.107544 0.025757 0.037964
0.749268 0.309814 -0.567505 -0.084595 0.035400 0.061890
0.789917 0.321289 -0.577637 -0.066772 0.035889 0.074341
0.796387 0.332031 -0.580933 -0.054077 0.023193 0.083618
0.782349 0.337891 -0.582031 -0.047607 -0.004639 0.094727
0.778809 0.352295 -0.581299 -0.054077 -0.043335 0.105469
0.787354 0.367310 -0.568604 -0.068848 -0.087036 0.106201
0.801758 0.387329 -0.555908 -0.078491 -0.122925 0.100220
0.803345 0.400269 -0.545654 -0.078613 -0.141479 0.098755
0.809570 0.408569 -0.544922 -0.073486 -0.141724 0.110718
0.837158 0.414551 -0.549927 -0.066284 -0.125000 0.130249
0.868164 0.415283 -0.558716 -0.063232 -0.105469 0.143677
0.886841 0.414917 -0.563477 -0.061279 -0.101074 0.147583
0.910156 0.406982 -0.570190 -0.058838 -0.100220 0.151245
0.930664 0.399780 -0.560913 -0.060547 -0.073242 0.162720
0.950439 0.391479 -0.550903 -0.062256 -0.036377 0.177734
0.956299 0.389648 -0.542236 -0.058960 -0.008789 0.179810
0.943481 0.364014 -0.550781 -0.054199 0.000366 0.171509
0.926392 0.351318 -0.557129 -0.058350 0.000000 0.165161
0.933716 0.354248 -0.566895 -0.069702 0.006348 0.168945
0.948608 0.346436 -0.563721 -0.087158 0.022705 0.167480
0.947632 0.334595 -0.552002 -0.108154 0.029297 0.148926
0.940063 0.321777 -0.546875 -0.122314 0.024658 0.122192
0.932007 0.312256 -0.539795 -0.130493 0.016235 0.096436
0.902588 0.304565 -0.537720 -0.133423 0.018433 0.075562
