0.152344 -0.054321 0.878418 -0.109863 -0.777954 0.428345
0.275635 -0.135986 0.929810 -0.052856 -0.724121 0.579102
0.274902 -0.176880 0.959717 0.021118 -0.614990 0.686768
0.274780 -0.223755 0.987305 0.114868 -0.540771 0.806274
0.309937 -0.295166 0.967163 0.216675 -0.505371 0.934204
0.359375 -0.323120 1.005371 0.317627 -0.521362 1.070313
0.452515 -0.421021 0.821655 0.426636 -0.579102 1.199707
0.463623 -0.351074 0.982300 0.484863 -0.553101 1.305664
0.561401 -0.358398 1.032349 0.627563 -0.525024 1.447754
0.734863 -0.414429 0.942749 0.835693 -0.558105 1.550415
0.865356 -0.483765 0.838623 1.056152 -0.668823 1.565918
0.946411 -0.523804 0.738525 1.267700 -0.773926 1.539307
1.023682 -0.549683 0.630249 1.458374 -0.821777 1.514893
1.099731 -0.592529 0.497925 1.621826 -0.797729 1.498779
1.168945 -0.622314 0.350586 1.757568 -0.704224 1.480835
1.226440 -0.593506 0.211914 1.876465 -0.581421 1.449585
1.257935 -0.547607 0.077393 1.998291 -0.491577 1.386963
1.291382 -0.522217 -0.143555 2.145020 -0.520874 1.318359
1.382202 -0.521851 -0.427490 2.300537 -0.650146 1.298584
1.583862 -0.449829 -0.769531 2.426270 -0.752563 1.323242
1.782471 -0.307983 -1.097900 2.468994 -0.698853 1.304810
1.863770 -0.151611 -1.305420 2.393066 -0.520508 1.206787
1.854858 -0.023315 -1.414429 2.203247 -0.327271 1.055176
1.798950 0.068115 -1.491089 1.932251 -0.200562 0.875366
1.671021 0.133789 -1.523804 1.618530 -0.143677 0.688721
1.529907 0.169678 -1.520020 1.305298 -0.127441 0.547729
1.403809 0.168457 -1.475342 1.035034 -0.165894 0.476440
1.303711 0.125732 -1.407837 0.839844 -0.311157 0.463257
1.327637 0.033081 -1.431274 0.708862 -0.474854 0.469360
1.315552 -0.057617 -1.423462 0.563721 -0.460083 0.463623
1.341431 -0.157349 -1.381470 0.390991 -0.364380 0.556030
1.392456 -0.195557 -1.294678 0.183472 -0.265015 0.715454
1.426392 -0.190308 -1.214722 -0.034790 -0.070435 0.837158
1.458984 -0.213379 -1.162964 -0.225098 0.103149 0.886353
1.417480 -0.181519 -1.113770 -0.389771 0.244629 0.847046
1.352173 -0.164063 -1.041626 -0.546997 0.334961 0.770142
1.287964 -0.178711 -0.983398 -0.688965 0.344238 0.673706
1.206421 -0.190186 -0.932373 -0.803223 0.304443 0.549927
1.096558 -0.221924 -0.910400 -0.886963 0.241699 0.424927
0.989624 -0.278809 -0.895752 -0.958130 0.178223 0.336792
0.925049 -0.335815 -0.872192 -1.048950 0.135742 0.302612
0.888794 -0.396606 -0.824219 -1.165405 0.117065 0.315918
0.884888 -0.443970 -0.751831 -1.298218 0.149292 0.368896
0.900391 -0.468506 -0.661011 -1.432007 0.220825 0.437256
0.914429 -0.488892 -0.575806 -1.556641 0.285034 0.495117
0.923340 -0.504883 -0.487305 -1.663818 0.300293 0.530884
0.929810 -0.507324 -0.418457 -1.742310 0.240845 0.533813
0.942017 -0.507080 -0.372559 -1.790771 0.126831 0.494141
0.985107 -0.512451 -0.305908 -1.813599 -0.083130 0.409180
1.024536 -0.534302 -0.245605 -1.807739 -0.416748 0.286499
1.047607 -0.544312 -0.196533 -1.782959 -0.763062 0.169800
1.084961 -0.547974 -0.138428 -1.745728 -1.038940 0.107910
1.100220 -0.564941 -0.093750 -1.701538 -1.207031 0.087769
1.104858 -0.608765 -0.080811 -1.664429 -1.254028 0.111206
1.118896 -0.646362 -0.080444 -1.643921 -1.167603 0.194214
1.151611 -0.638672 -0.066772 -1.634399 -0.990967 0.306396
1.198242 -0.590576 -0.028076 -1.615234 -0.840820 0.387451
1.242432 -0.555664 -0.003906 -1.575928 -0.808105 0.407959
1.266357 -0.548218 0.006348 -1.515015 -0.862061 0.381958
1.302612 -0.563232 0.011719 -1.443848 -0.959961 0.359985
1.350342 -0.580811 0.030273 -1.381836 -1.026978 0.372070
1.399170 -0.590332 0.046509 -1.330322 -0.989136 0.414673
1.437378 -0.569702 0.072632 -1.279053 -0.841187 0.462646
1.450928 -0.541138 0.086914 -1.215698 -0.640259 0.494019
1.476196 -0.526733 0.104858 -1.139771 -0.449463 0.500732
1.495850 -0.530640 0.124268 -1.040405 -0.295166 0.478882
1.497437 -0.505737 0.123657 -0.901001 -0.182373 0.429443
1.489746 -0.482666 0.107178 -0.736572 -0.115967 0.366211
1.466309 -0.455078 0.032471 -0.591309 -0.088013 0.298096
1.444946 -0.410645 -0.039307 -0.484985 -0.067749 0.231079
1.428467 -0.381836 -0.087402 -0.416626 -0.049927 0.165161
1.412476 -0.380127 -0.118286 -0.376343 -0.036865 0.099731
1.411621 -0.377197 -0.129883 -0.347778 -0.027466 0.044800
1.419678 -0.375977 -0.135376 -0.314941 -0.006836 0.004395
1.423584 -0.386719 -0.127808 -0.277954 0.045654 -0.019287
1.432251 -0.392456 -0.107056 -0.236572 0.133789 -0.031006
1.446045 -0.400269 -0.121704 -0.187012 0.218750 -0.038330
1.470093 -0.407227 -0.154785 -0.142578 0.249023 -0.052246
1.525024 -0.406738 -0.182251 -0.110352 0.172974 -0.078857
1.589355 -0.388550 -0.196655 -0.079712 -0.010498 -0.134399
1.670410 -0.367065 -0.234131 -0.047241 -0.231567 -0.230103
1.720703 -0.342896 -0.296265 -0.020752 -0.512817 -0.356323
1.556396 -0.380371 -0.300659 -0.011475 -0.407837 -0.504028
1.843506 -0.410034 -0.242554 -0.025635 -0.307739 -0.569336
1.749268 -0.298584 -0.255127 0.026611 -1.140259 -0.660522
1.662598 -0.346802 -0.283325 0.005859 -0.753418 -0.856689
1.806396 -0.415527 -0.211426 -0.010864 0.084229 -0.932251
1.812134 -0.437012 -0.168945 0.065063 0.214111 -0.928955
1.762329 -0.407959 -0.190063 0.164795 -0.006592 -0.984253
1.668457 -0.380737 -0.234253 0.260864 -0.169067 -1.104126
1.575562 -0.405273 -0.289429 0.365234 -0.088013 -1.227417
1.540894 -0.424194 -0.345337 0.474365 -0.003662 -1.319458
1.446533 -0.439209 -0.413330 0.582397 -0.151489 -1.406738
1.284302 -0.392334 -0.509399 0.674194 -0.262939 -1.480713
1.170410 -0.201660 -0.641602 0.733154 -0.089722 -1.485962
1.182007 -0.296997 -0.704346 0.734863 -0.040649 -1.394775
1.197388 -0.311646 -0.714478 0.668945 -0.195068 -1.329956
1.136841 -0.280396 -0.748657 0.573364 -0.331177 -1.368164
1.026245 -0.261108 -0.784180 0.485229 -0.201538 -1.453247
0.946533 -0.265381 -0.779541 0.416382 0.052368 -1.496460
0.833984 -0.257690 -0.750854 0.384644 0.141968 -1.508911
0.685059 -0.266846 -0.753540 0.376099 0.130127 -1.522949
0.489868 -0.190186 -0.755249 0.376099 0.150635 -1.533569
0.399170 -0.135254 -0.756470 0.380249 0.117310 -1.473633
0.362671 -0.099731 -0.765869 0.365356 0.013794 -1.379517
0.305908 -0.074829 -0.771851 0.326904 -0.063843 -1.292358
0.265259 -0.045532 -0.769531 0.281982 -0.080933 -1.197632
0.253784 -0.004272 -0.760864 0.243652 -0.041992 -1.100220
0.246704 0.020874 -0.757446 0.210205 0.031128 -1.003418
0.237915 0.037354 -0.762085 0.176514 0.104248 -0.905884
0.230347 0.051392 -0.761719 0.144165 0.155029 -0.808228
0.227661 0.055908 -0.759888 0.116211 0.181396 -0.711914
0.254639 0.078735 -0.755371 0.101318 0.183228 -0.612793
0.301636 0.121338 -0.733643 0.098267 0.177856 -0.520996
0.332275 0.153320 -0.718750 0.098022 0.179932 -0.452637
0.341675 0.169678 -0.711426 0.096558 0.184448 -0.405273
0.346191 0.178101 -0.705811 0.091064 0.173828 -0.369507
0.351929 0.178101 -0.715576 0.079834 0.139648 -0.332031
0.377441 0.184326 -0.715088 0.064209 0.100830 -0.288818
0.417480 0.206055 -0.705933 0.047363 0.066772 -0.248901
0.445801 0.217285 -0.696899 0.029297 0.032349 -0.214600
0.483276 0.228638 -0.679321 0.011963 0.005493 -0.177368
0.531738 0.247192 -0.659790 -0.000854 0.002930 -0.140869
0.560181 0.261108 -0.642334 -0.005249 0.029053 -0.112427
0.560059 0.265625 -0.630859 -0.001099 0.065674 -0.087769
0.558960 0.275879 -0.623657 0.006470 0.096436 -0.057495
0.585205 0.298828 -0.619995 0.009033 0.107300 -0.016602
0.610718 0.307129 -0.605225 0.006958 0.109009 0.014160
0.621338 0.304810 -0.604980 0.009033 0.103149 0.028809
0.632568 0.315674 -0.612671 0.014160 0.078247 0.042114
0.667480 0.331909 -0.619263 0.013062 0.062866 0.069580
0.702881 0.332642 -0.613403 0.005127 0.073486 0.097290
0.722900 0.327148 -0.618164 0.000122 0.084717 0.115112
0.763794 0.339355 -0.614746 -0.002319 0.081665 0.135864
0.804199 0.354248 -0.613159 -0.005859 0.079712 0.158691
0.830933 0.361816 -0.608032 -0.007324 0.079102 0.167847
0.846680 0.364990 -0.616943 -0.011230 0.071289 0.168823
0.875610 0.366455 -0.619385 -0.027832 0.070190 0.175049
0.903564 0.370239 -0.610962 -0.052612 0.084839 0.181274
0.916870 0.353516 -0.608887 -0.073608 0.100342 0.175659
0.926636 0.344727 -0.613159 -0.089478 0.093628 0.160522
0.953491 0.352173 -0.608032 -0.105713 0.073975 0.145996
0.969604 0.342529 -0.603394 -0.122437 0.057495 0.125610
0.972290 0.322510 -0.598755 -0.136597 0.038452 0.099365
0.981445 0.319824 -0.594360 -0.150024 0.009399 0.080444
0.984985 0.319092 -0.584473 -0.164185 -0.002563 0.068970
0.984009 0.307129 -0.557373 -0.173462 0.005737 0.058350
0.973511 0.302490 -0.548828 -0.174561 0.022583 0.051025
0.963989 0.301392 -0.537720 -0.167480 0.024658 0.052612
0.945923 0.295776 -0.536621 -0.154541 0.019165 0.055298
