0.628906 -0.412842 0.938843 0.419678 -0.537720 0.430908
0.675537 -0.425049 0.931274 0.647095 -0.415405 0.600098
0.746460 -0.441650 0.863281 0.881714 -0.299805 0.744385
0.798340 -0.460815 0.770386 1.106567 -0.238647 0.852661
0.855347 -0.456177 0.666992 1.327515 -0.224731 0.921143
0.948608 -0.511963 0.534058 1.546387 -0.250977 0.954956
1.003174 -0.529541 0.406616 1.760620 -0.241577 0.944824
1.005737 -0.522827 0.281982 1.973389 -0.195435 0.900024
0.995117 -0.520752 0.130371 2.161865 -0.123169 0.849365
0.997314 -0.479858 -0.018921 2.305298 -0.065308 0.805786
0.982178 -0.469360 -0.195435 2.392578 -0.053467 0.779785
1.004761 -0.434937 -0.369019 2.430786 -0.015137 0.801758
1.060913 -0.346924 -0.541626 2.436157 0.056274 0.862305
1.133423 -0.270264 -0.693604 2.407593 0.168701 0.924194
1.197021 -0.170776 -0.866211 2.368774 0.314697 0.951172
1.244751 -0.084351 -1.034546 2.283569 0.458008 0.948486
1.306152 -0.017334 -1.205322 2.110840 0.545044 0.919189
1.347290 0.019897 -1.327637 1.859619 0.571289 0.865112
1.368652 0.004517 -1.322021 1.571533 0.562744 0.819824
1.420166 -0.043457 -1.212402 1.307129 0.497314 0.787354
1.483521 -0.049805 -1.112549 1.134277 0.316772 0.741699
1.532837 -0.019897 -1.060425 1.076294 0.062744 0.670044
1.578735 0.038452 -1.069946 1.069580 -0.160645 0.578125
1.618408 0.105713 -1.128906 1.057617 -0.282349 0.480591
1.640503 0.159912 -1.221191 1.018433 -0.239990 0.389404
1.614014 0.204834 -1.310181 0.936768 -0.095581 0.319336
1.540405 0.242920 -1.401733 0.810059 0.021240 0.263428
1.432495 0.275269 -1.454346 0.648804 0.124634 0.207764
1.291260 0.278198 -1.488647 0.479248 0.194702 0.154297
1.140137 0.275269 -1.514893 0.308472 0.198486 0.116455
1.003662 0.261841 -1.519043 0.127197 0.147217 0.109009
0.887695 0.216064 -1.506958 -0.071533 0.050293 0.140015
0.824951 0.118042 -1.450684 -0.295654 -0.013062 0.219482
0.826172 0.038452 -1.355103 -0.526733 0.010010 0.357544
0.876831 -0.003906 -1.220947 -0.739990 0.156616 0.535645
0.917236 -0.057739 -1.106689 -0.920898 0.383057 0.698120
0.927490 -0.121094 -1.029175 -1.067749 0.606445 0.822144
0.926270 -0.174683 -0.977295 -1.195313 0.782837 0.912720
0.930176 -0.227539 -0.927612 -1.309937 0.903931 0.967773
0.942505 -0.261719 -0.887451 -1.416382 0.984375 0.979736
0.940796 -0.295410 -0.838501 -1.524902 1.008057 0.937500
0.927856 -0.332642 -0.783081 -1.635010 0.968018 0.844482
0.889038 -0.385986 -0.722534 -1.732422 0.857910 0.725464
0.844238 -0.433960 -0.641113 -1.806641 0.650635 0.608154
0.811646 -0.498901 -0.549927 -1.875244 0.375244 0.524048
0.807861 -0.571655 -0.436157 -1.961060 0.160034 0.504395
0.819946 -0.657227 -0.304199 -2.047852 0.057739 0.545410
0.863647 -0.732300 -0.151489 -2.112549 0.075073 0.624878
0.932861 -0.786011 -0.004883 -2.137451 0.149658 0.716187
1.024292 -0.780884 0.099487 -2.115845 0.232056 0.781738
1.129639 -0.772705 0.211182 -2.058350 0.324585 0.810547
1.252197 -0.822144 0.303711 -1.968994 0.306274 0.793579
1.325317 -0.838745 0.372437 -1.873779 0.252075 0.708618
1.364868 -0.852051 0.452271 -1.759399 0.200684 0.607056
1.365601 -0.820190 0.504395 -1.635864 0.152466 0.517334
1.361938 -0.799561 0.532593 -1.519775 0.141968 0.437256
1.358765 -0.793579 0.551514 -1.404541 0.127563 0.358765
1.354492 -0.793457 0.583252 -1.295166 0.097534 0.280396
1.337524 -0.788696 0.612915 -1.182007 0.044556 0.212891
1.328979 -0.776367 0.639893 -1.062866 -0.034058 0.161255
1.336670 -0.755493 0.652832 -0.941528 -0.111572 0.125488
1.328735 -0.733398 0.664307 -0.825439 -0.153564 0.098267
1.326904 -0.735352 0.656860 -0.715942 -0.151855 0.086060
1.340698 -0.725586 0.650269 -0.613770 -0.126953 0.084717
1.365234 -0.708374 0.642822 -0.516846 -0.111084 0.079224
1.384399 -0.664185 0.633179 -0.424072 -0.109619 0.062012
1.394775 -0.608521 0.622925 -0.342651 -0.094971 0.045654
1.416748 -0.661377 0.619385 -0.271851 -0.099487 0.030029
1.424561 -0.678101 0.632568 -0.188721 -0.078369 -0.017212
1.431030 -0.669434 0.633301 -0.073853 -0.093262 -0.068604
1.422974 -0.630127 0.599243 0.049316 -0.146118 -0.121338
1.429810 -0.628540 0.581543 0.156982 -0.199219 -0.171265
1.443237 -0.623535 0.557129 0.267456 -0.295776 -0.227295
1.463257 -0.650879 0.531860 0.375854 -0.391846 -0.282227
1.487061 -0.652832 0.513306 0.484009 -0.498535 -0.326782
1.512939 -0.634888 0.484375 0.596802 -0.598633 -0.372559
1.544312 -0.625610 0.440308 0.711670 -0.705811 -0.430542
1.561890 -0.620728 0.377319 0.817261 -0.805176 -0.504883
1.569214 -0.616089 0.294556 0.907593 -0.897217 -0.591797
1.604126 -0.610229 0.180542 0.971680 -0.959839 -0.681274
1.541260 -0.641724 0.065674 1.003784 -0.948730 -0.781982
1.655396 -0.552734 -0.053101 0.986816 -0.827026 -0.880371
1.564087 -0.560181 -0.099365 0.939453 -0.823730 -1.015381
1.569458 -0.507324 -0.218750 0.871948 -0.789673 -1.161255
1.484741 -0.490112 -0.232544 0.799438 -1.120605 -1.335449
1.346436 -0.520996 -0.301025 0.722656 -1.280884 -1.471924
1.308716 -0.561157 -0.358398 0.649414 -1.003052 -1.516846
1.314087 -0.541748 -0.339966 0.600586 -0.583252 -1.507446
1.226318 -0.501343 -0.338989 0.588989 -0.392700 -1.503174
1.116211 -0.472778 -0.348511 0.601685 -0.390137 -1.516602
1.037720 -0.440186 -0.381470 0.614746 -0.379150 -1.518188
0.996216 -0.434448 -0.378296 0.629272 -0.235474 -1.499390
0.939819 -0.351929 -0.431030 0.663696 -0.064941 -1.492310
0.794067 -0.332642 -0.496216 0.711304 -0.055786 -1.493896
0.690186 -0.301636 -0.608154 0.745728 -0.154297 -1.475708
0.646606 -0.239014 -0.680908 0.744019 -0.362793 -1.445801
0.603638 -0.181274 -0.735229 0.700195 -0.534424 -1.408325
0.526123 -0.184570 -0.787231 0.621460 -0.570679 -1.347900
0.448730 -0.130737 -0.775391 0.537842 -0.517334 -1.257690
0.447998 -0.090088 -0.786621 0.466309 -0.358521 -1.145020
0.467529 -0.068359 -0.748047 0.404663 -0.278320 -1.039917
0.449463 -0.039917 -0.726318 0.353882 -0.268555 -0.970947
0.412598 -0.026978 -0.716675 0.315430 -0.279297 -0.922974
0.385864 -0.011963 -0.728516 0.289551 -0.289185 -0.878784
0.365356 0.018921 -0.743774 0.265625 -0.308838 -0.826782
0.356445 0.049805 -0.754761 0.233521 -0.333740 -0.767456
0.331177 0.068970 -0.765747 0.190063 -0.357300 -0.716431
0.312378 0.110352 -0.760376 0.133911 -0.381958 -0.652344
0.332153 0.117554 -0.747925 0.069824 -0.409668 -0.561646
0.363159 0.125000 -0.711304 0.013672 -0.421143 -0.496826
0.376465 0.133423 -0.689819 -0.014771 -0.424316 -0.466553
0.365234 0.126831 -0.684937 -0.022949 -0.423950 -0.432373
0.364746 0.123413 -0.700928 -0.024292 -0.420532 -0.373657
0.410767 0.147705 -0.686523 -0.031372 -0.400269 -0.298706
0.463257 0.173706 -0.672241 -0.039429 -0.350830 -0.234985
0.496094 0.186279 -0.669067 -0.039917 -0.292480 -0.192017
0.477417 0.171021 -0.680054 -0.036377 -0.241943 -0.155029
0.466553 0.170166 -0.689209 -0.029175 -0.215576 -0.102783
0.521606 0.184814 -0.693970 -0.024048 -0.191772 -0.037109
0.598755 0.208740 -0.692993 -0.022583 -0.156860 0.012085
0.646973 0.224854 -0.700317 -0.026123 -0.128784 0.029907
0.645386 0.225464 -0.700928 -0.038574 -0.114014 0.034790
0.639771 0.221802 -0.696289 -0.051392 -0.119873 0.043457
0.661255 0.229980 -0.696777 -0.060791 -0.123901 0.059937
0.687500 0.246216 -0.700439 -0.069336 -0.112061 0.086060
0.701782 0.258423 -0.708618 -0.078857 -0.066650 0.118408
0.719482 0.268799 -0.716309 -0.088867 -0.007446 0.154663
0.737793 0.263794 -0.723877 -0.101318 0.039063 0.190796
0.774780 0.279907 -0.720215 -0.116333 0.072266 0.216309
0.794678 0.285767 -0.715210 -0.134888 0.107544 0.227173
0.782837 0.271240 -0.701416 -0.154541 0.131348 0.231201
0.797607 0.255371 -0.698608 -0.171875 0.122314 0.240356
0.824219 0.240234 -0.680176 -0.185791 0.105835 0.241943
0.845703 0.228516 -0.671143 -0.191650 0.092651 0.231445
0.847412 0.216919 -0.673096 -0.190552 0.077759 0.219482
0.846558 0.213623 -0.683350 -0.186646 0.053345 0.213623
0.824341 0.221558 -0.678467 -0.186768 0.011475 0.212036
0.845459 0.216187 -0.680664 -0.192749 -0.013794 0.219849
0.889160 0.213379 -0.673462 -0.199219 -0.054565 0.230713
0.927368 0.221558 -0.669067 -0.199463 -0.070313 0.229126
0.947876 0.219727 -0.667358 -0.193359 -0.061890 0.215576
0.943970 0.226440 -0.673950 -0.182983 -0.071167 0.201660
0.932373 0.231445 -0.685791 -0.175415 -0.085693 0.187622
0.928345 0.235229 -0.701660 -0.171631 -0.094482 0.175415
0.925659 0.250854 -0.712769 -0.172363 -0.100098 0.162109
0.912231 0.259033 -0.718018 -0.180420 -0.100586 0.152588
0.902588 0.267822 -0.718018 -0.195801 -0.101563 0.150513
0.891724 0.269043 -0.712036 -0.210571 -0.103149 0.141968
0.872925 0.273804 -0.703247 -0.223877 -0.102539 0.133057
0.857910 0.261230 -0.694824 -0.237427 -0.112671 0.134155
