0.696777 0.062012 0.297485 0.122314 -0.383179 0.093506
0.703369 0.086426 0.320923 0.192505 -0.371704 0.109131
0.718506 0.081787 0.338013 0.272949 -0.380859 0.145508
0.765991 0.044922 0.304810 0.350220 -0.395386 0.164307
0.755737 0.093384 0.331787 0.413452 -0.411377 0.159546
0.778198 0.033203 0.299194 0.492798 -0.487061 0.160767
0.789307 -0.026733 0.281860 0.562744 -0.537354 0.138794
0.804077 -0.066162 0.282471 0.636597 -0.571045 0.113770
0.809448 -0.113281 0.271362 0.734497 -0.579224 0.098999
0.799561 -0.166138 0.245117 0.849609 -0.540771 0.099731
0.772583 -0.204224 0.229980 0.968018 -0.435303 0.124146
0.742310 -0.231079 0.206665 1.095825 -0.286377 0.179199
0.741821 -0.244507 0.170288 1.243652 -0.157593 0.264404
0.789307 -0.251221 0.067383 1.414429 -0.084717 0.361206
0.859131 -0.236450 -0.075684 1.587036 -0.027100 0.442139
0.928101 -0.196655 -0.266724 1.758545 0.017822 0.495117
0.976318 -0.143188 -0.494629 1.913574 0.076660 0.501953
1.009399 -0.081543 -0.734375 2.013672 0.159546 0.465576
1.042725 -0.005615 -0.981567 2.038818 0.239014 0.432495
1.034546 0.054443 -1.230347 1.978271 0.348511 0.404785
0.979492 0.092896 -1.371338 1.851196 0.412598 0.407471
1.021851 0.117676 -1.441284 1.683594 0.438965 0.429077
1.036987 0.131836 -1.473755 1.491089 0.427612 0.427979
1.050537 0.120850 -1.459839 1.286133 0.416138 0.470215
1.086670 0.118896 -1.427368 1.090088 0.445801 0.567139
1.170532 0.128174 -1.418213 0.919800 0.621826 0.663452
1.230347 0.156250 -1.401245 0.807129 0.752197 0.712891
1.242676 0.193481 -1.360107 0.751831 0.805664 0.724121
1.238403 0.195679 -1.381836 0.728760 0.719482 0.729858
1.192993 0.167358 -1.425049 0.683472 0.602051 0.708374
1.133301 0.121216 -1.466064 0.591553 0.506958 0.657715
1.079590 0.077515 -1.497314 0.471436 0.414673 0.598999
1.050537 0.034424 -1.563477 0.353516 0.292725 0.543579
1.043091 -0.015747 -1.648071 0.248535 0.125000 0.495605
1.058472 -0.037964 -1.726807 0.146606 -0.070557 0.466309
1.109009 -0.063110 -1.741821 0.025635 -0.209839 0.457886
1.182251 -0.098389 -1.698975 -0.129761 -0.212036 0.472168
1.229980 -0.121094 -1.578369 -0.310547 -0.068359 0.522705
1.216797 -0.148682 -1.441406 -0.485596 0.169922 0.605347
1.170044 -0.170410 -1.312622 -0.642212 0.425659 0.706787
1.106934 -0.178345 -1.190552 -0.770264 0.645508 0.793945
1.039429 -0.167725 -1.120361 -0.864380 0.788574 0.837158
0.974854 -0.158813 -1.058105 -0.928345 0.848389 0.829468
0.922852 -0.145630 -1.012817 -0.974121 0.840942 0.778198
0.885010 -0.145508 -0.980469 -1.013916 0.769775 0.701050
0.868286 -0.149902 -0.954956 -1.056396 0.644409 0.619507
0.871948 -0.169800 -0.922119 -1.110840 0.470337 0.553345
0.897583 -0.197632 -0.882813 -1.175415 0.265747 0.507080
0.919800 -0.226563 -0.835693 -1.238647 0.068115 0.473389
0.942261 -0.254761 -0.791626 -1.295044 -0.069824 0.450195
0.962158 -0.279297 -0.721558 -1.349243 -0.140625 0.441528
0.986084 -0.301270 -0.652954 -1.395386 -0.183716 0.447266
1.015747 -0.328003 -0.592651 -1.430908 -0.216064 0.459595
1.032349 -0.359985 -0.543701 -1.460815 -0.223511 0.481934
1.057739 -0.405518 -0.499634 -1.491455 -0.188599 0.528564
1.097900 -0.436157 -0.441040 -1.529907 -0.113159 0.597778
1.140137 -0.445923 -0.370972 -1.567383 -0.009888 0.668823
1.166626 -0.449097 -0.306274 -1.594116 0.101563 0.721680
1.194092 -0.446655 -0.242065 -1.608643 0.195557 0.743774
1.216431 -0.455078 -0.188843 -1.606445 0.246094 0.726685
1.247192 -0.478394 -0.142944 -1.584106 0.226929 0.675659
1.297729 -0.507935 -0.082642 -1.544067 0.148193 0.608398
1.358765 -0.534790 0.000977 -1.481567 0.013550 0.527710
1.408813 -0.543823 0.086914 -1.391357 -0.161011 0.438843
1.434814 -0.547363 0.171021 -1.278076 -0.323730 0.349609
1.442505 -0.547119 0.235229 -1.152100 -0.425171 0.275269
1.433716 -0.541138 0.284912 -1.020630 -0.447876 0.225586
1.416992 -0.541626 0.309937 -0.884399 -0.394409 0.196289
1.397217 -0.545654 0.313721 -0.745972 -0.300903 0.183228
1.402100 -0.534302 0.300171 -0.609131 -0.191284 0.192139
1.422485 -0.499023 0.269043 -0.471069 -0.080444 0.212036
1.459839 -0.452271 0.218506 -0.343506 0.013184 0.218384
1.505859 -0.391479 0.145996 -0.246094 0.080322 0.194702
1.537109 -0.359863 0.084473 -0.184204 0.117554 0.135132
1.561401 -0.357544 0.041626 -0.153809 0.128540 0.053223
1.572388 -0.372925 0.041626 -0.137695 0.122681 -0.029419
1.584839 -0.383667 0.067505 -0.118530 0.107910 -0.099243
1.587402 -0.392212 0.094482 -0.079224 0.087524 -0.161133
1.600342 -0.393921 0.118652 -0.021240 0.056763 -0.220581
1.549805 -0.287720 0.099243 0.047729 0.012085 -0.272583
1.596558 -0.375122 0.100220 0.102539 -0.046631 -0.271484
1.650269 -0.455444 0.129517 0.147827 -0.080688 -0.276978
1.689941 -0.479248 0.118896 0.222168 -0.078857 -0.333252
1.706543 -0.468872 0.087402 0.332764 -0.050293 -0.423828
1.725220 -0.452881 0.020874 0.451904 -0.056274 -0.525513
1.739746 -0.462036 -0.039429 0.535522 -0.097290 -0.636230
1.732666 -0.461670 -0.090210 0.586304 -0.108398 -0.762207
1.702148 -0.471313 -0.154907 0.633545 -0.088501 -0.901001
1.609375 -0.475708 -0.135742 0.699463 -0.220703 -1.051270
1.496704 -0.486328 -0.216064 0.773926 -0.331909 -1.188843
1.348999 -0.488037 -0.267700 0.843628 -0.378662 -1.299194
1.212158 -0.465088 -0.357910 0.920776 -0.463989 -1.371216
1.064697 -0.440674 -0.390503 0.982056 -0.556519 -1.407471
1.170654 -0.344482 -0.474243 1.030396 -0.628052 -1.411865
0.999146 -0.395996 -0.465576 1.055542 -0.748901 -1.439575
1.015137 -0.369019 -0.562012 1.050293 -0.347900 -1.332642
1.029053 -0.252930 -0.607178 1.027710 -0.200562 -1.224731
0.977173 -0.185669 -0.671143 0.989380 -0.418091 -1.230957
0.799683 -0.161621 -0.746216 0.938843 -0.595581 -1.266968
0.656860 -0.172363 -0.843628 0.853149 -0.482300 -1.252686
0.538086 -0.154419 -0.841187 0.723755 -0.069702 -1.215088
0.488770 -0.100098 -0.791626 0.631226 0.199463 -1.195435
0.471680 -0.080688 -0.779053 0.604492 0.239014 -1.167725
0.453125 -0.054443 -0.790894 0.616699 0.167480 -1.115356
0.436768 -0.026733 -0.818115 0.632446 0.061768 -1.031860
0.410645 0.023560 -0.848633 0.620239 -0.024536 -0.937744
0.389526 0.054565 -0.855835 0.574585 -0.097900 -0.840820
0.388306 0.073608 -0.859863 0.502319 -0.121948 -0.749878
0.410034 0.074097 -0.848755 0.417969 -0.083252 -0.682983
0.423584 0.083130 -0.829590 0.345703 -0.044434 -0.638184
0.427246 0.107544 -0.821777 0.291870 -0.035767 -0.616089
0.433716 0.120850 -0.811523 0.243530 -0.017090 -0.609009
0.434204 0.127197 -0.813965 0.191650 0.052612 -0.597168
0.442505 0.124023 -0.809448 0.137207 0.086182 -0.567871
0.465576 0.129272 -0.784302 0.088257 0.109863 -0.521851
0.474243 0.151123 -0.756104 0.057129 0.146118 -0.476318
0.464844 0.162598 -0.720581 0.038696 0.173340 -0.428955
0.458374 0.176758 -0.679321 0.025635 0.184570 -0.368774
0.491943 0.184082 -0.663452 0.013794 0.175903 -0.297363
0.539673 0.185913 -0.628540 -0.000977 0.188965 -0.226074
0.582275 0.180176 -0.608765 -0.009644 0.214111 -0.163940
0.615845 0.178101 -0.585205 -0.004150 0.227905 -0.120117
0.649780 0.185791 -0.567261 0.016968 0.202759 -0.104614
0.683228 0.197754 -0.559814 0.043213 0.167114 -0.106079
0.683716 0.204102 -0.563965 0.064697 0.149170 -0.109985
0.676514 0.204834 -0.580811 0.075317 0.146729 -0.105225
0.679810 0.211670 -0.584229 0.071045 0.155151 -0.078125
0.711060 0.215576 -0.572021 0.056396 0.175293 -0.035645
0.755737 0.192261 -0.551270 0.043701 0.197510 0.004395
0.783081 0.183472 -0.525757 0.039063 0.220947 0.027954
0.786255 0.184326 -0.508789 0.046997 0.234741 0.044189
0.798950 0.191650 -0.503296 0.064331 0.228638 0.064087
0.817871 0.206665 -0.490723 0.078613 0.212280 0.079712
0.817261 0.202271 -0.492065 0.088867 0.183960 0.085205
0.827759 0.220581 -0.497437 0.098022 0.151978 0.087646
0.842529 0.229004 -0.512573 0.109985 0.144897 0.089600
0.858154 0.224121 -0.519653 0.109253 0.166382 0.092285
0.879761 0.224609 -0.514648 0.090088 0.207642 0.087646
0.893433 0.227417 -0.495850 0.068237 0.236938 0.078613
0.901733 0.212891 -0.475464 0.054810 0.254517 0.069458
0.911987 0.200684 -0.451782 0.051147 0.270752 0.060547
0.925537 0.196289 -0.438477 0.059814 0.286377 0.048462
0.938477 0.193481 -0.439697 0.076538 0.306885 0.039917
0.959229 0.194214 -0.445557 0.092651 0.332642 0.040771
0.975708 0.192017 -0.453369 0.100952 0.373291 0.047852
1.000488 0.163086 -0.532227 0.098145 0.433350 0.049072
0.976563 0.168213 -0.477295 0.060547 0.704468 0.021362
1.001587 0.228271 -0.391968 0.056519 0.879150 -0.031006
1.047607 0.239624 -0.422974 0.095581 0.919312 -0.085815
1.021606 0.258789 -0.421509 0.111816 0.924438 -0.152466
