0.841675 0.310669 0.146484 -0.284180 -0.068848 -0.093872
0.759521 0.365234 0.184326 -0.210327 0.037842 -0.065308
0.704956 0.340576 0.189331 -0.146606 0.134155 -0.006592
0.674927 0.354736 0.247437 -0.090210 0.158081 0.062500
0.569214 0.279053 0.268799 -0.014771 -0.009155 0.135010
0.556030 0.247925 0.222168 0.043335 -0.057007 0.208130
0.586792 0.220215 0.221436 0.070435 -0.031006 0.280518
0.625122 0.194946 0.252197 0.095825 0.026245 0.323608
0.632935 0.178467 0.280396 0.119873 0.042847 0.327515
0.612671 0.175293 0.310791 0.144409 0.049438 0.295654
0.587402 0.173096 0.336426 0.179321 0.034180 0.251099
0.551025 0.159180 0.348145 0.219482 -0.012695 0.208740
0.517944 0.132202 0.351685 0.258301 -0.070068 0.179810
0.443848 0.073364 0.350586 0.298828 -0.129395 0.168091
0.364380 0.009399 0.334351 0.342407 -0.198975 0.190918
0.330933 -0.035400 0.329102 0.378418 -0.249268 0.260010
0.335815 -0.067383 0.337646 0.398926 -0.266968 0.361572
0.379272 -0.104126 0.360596 0.415649 -0.261353 0.476318
0.434814 -0.149902 0.392334 0.451904 -0.239014 0.582397
0.489136 -0.190308 0.425415 0.522095 -0.226318 0.666748
0.543091 -0.208618 0.438843 0.625244 -0.238403 0.729126
0.598511 -0.222046 0.422241 0.758301 -0.278687 0.767334
0.647827 -0.240723 0.384399 0.907715 -0.338379 0.784668
0.679688 -0.266357 0.318237 1.056519 -0.399902 0.787598
0.699341 -0.306030 0.228149 1.180786 -0.455200 0.787354
0.719116 -0.370605 0.147095 1.273682 -0.501099 0.809082
0.772949 -0.444946 0.058960 1.341187 -0.531006 0.874634
0.887329 -0.498779 -0.039063 1.401489 -0.535767 0.959351
1.042847 -0.511963 -0.138428 1.460938 -0.519287 1.026367
1.225952 -0.494263 -0.275757 1.530762 -0.504395 1.059082
1.405884 -0.447510 -0.484985 1.611206 -0.442505 1.023804
1.563599 -0.400391 -0.710205 1.670654 -0.254272 0.884155
1.683594 -0.314697 -0.940674 1.704712 -0.058960 0.712158
1.743164 -0.209595 -1.157959 1.716187 0.070923 0.554932
1.701172 -0.134033 -1.298584 1.699829 0.104614 0.436279
1.590088 -0.110474 -1.357056 1.633301 0.093018 0.375977
1.496338 -0.120850 -1.368408 1.500000 0.142944 0.380249
1.450439 -0.132446 -1.361450 1.314819 0.249756 0.417236
1.458130 -0.124756 -1.345581 1.140747 0.307617 0.467896
1.501709 -0.111572 -1.321411 1.015015 0.314697 0.512817
1.414063 -0.093506 -1.229858 0.946045 0.295776 0.528809
1.553711 -0.110596 -1.281128 0.914795 0.141846 0.535400
1.583740 -0.109741 -1.354614 0.834351 0.144653 0.426147
1.520142 -0.083008 -1.382080 0.715332 0.137695 0.300781
1.449585 -0.086670 -1.386841 0.576904 0.065308 0.245361
1.378540 -0.100342 -1.377197 0.434326 0.000854 0.197632
1.301147 -0.107910 -1.383911 0.310547 -0.071777 0.125244
1.192017 -0.120361 -1.390015 0.218262 -0.175171 0.052368
1.075073 -0.161499 -1.384033 0.152954 -0.288330 0.021729
0.962891 -0.209106 -1.398193 0.089233 -0.370850 0.045898
0.873413 -0.225342 -1.406372 -0.000122 -0.389160 0.121216
0.797974 -0.226196 -1.384644 -0.132690 -0.312500 0.228760
0.746704 -0.241577 -1.320801 -0.302246 -0.187256 0.349121
0.702393 -0.270508 -1.243286 -0.490967 -0.067383 0.461182
0.671509 -0.307617 -1.145020 -0.677002 0.051270 0.547607
0.636475 -0.363159 -1.049438 -0.836548 0.153076 0.604858
0.605957 -0.420654 -0.962891 -0.964478 0.208008 0.640137
0.581787 -0.468140 -0.886230 -1.066284 0.195801 0.671997
0.582520 -0.505615 -0.819336 -1.152100 0.147095 0.708984
0.617310 -0.552246 -0.764648 -1.235474 0.101074 0.765503
0.679932 -0.567261 -0.714355 -1.317139 0.079224 0.846069
0.731689 -0.566528 -0.666504 -1.388062 0.084351 0.921265
0.773071 -0.581177 -0.623291 -1.443115 0.111694 0.966797
0.798096 -0.590210 -0.603516 -1.483032 0.137573 0.990845
0.829224 -0.592163 -0.599609 -1.519531 0.133057 1.006470
0.865845 -0.594727 -0.577881 -1.566406 0.121704 1.012329
0.908325 -0.614380 -0.536255 -1.632080 0.112183 1.009521
0.933960 -0.655762 -0.454224 -1.701294 0.096191 1.005981
0.993164 -0.677612 -0.354980 -1.745117 0.060425 1.009644
1.071411 -0.691895 -0.256226 -1.755005 0.023071 1.010620
1.148804 -0.708374 -0.166504 -1.739746 -0.032593 0.994019
1.222534 -0.732666 -0.064697 -1.704834 -0.089355 0.960083
1.294922 -0.751465 0.032837 -1.657104 -0.108643 0.932495
1.367065 -0.769165 0.122925 -1.591553 -0.087280 0.916626
1.434448 -0.789307 0.213623 -1.504639 -0.032349 0.895630
1.497192 -0.782837 0.291138 -1.388184 0.013672 0.844849
1.526367 -0.777222 0.349854 -1.242676 0.031616 0.765015
1.532227 -0.776489 0.376221 -1.072021 0.028931 0.674438
1.531738 -0.766724 0.381104 -0.882935 0.003052 0.586426
1.554688 -0.755005 0.353516 -0.689453 -0.037109 0.505981
1.593384 -0.739136 0.295776 -0.512695 -0.077148 0.441162
1.649658 -0.714600 0.241577 -0.366455 -0.074707 0.389526
1.706665 -0.676514 0.182495 -0.255249 -0.011597 0.337158
1.752930 -0.631226 0.135864 -0.177124 0.100464 0.271729
1.768799 -0.582275 0.109253 -0.117432 0.238892 0.187378
1.759766 -0.547241 0.063599 -0.060181 0.357666 0.080200
1.735474 -0.529663 0.023682 -0.003662 0.419189 -0.045288
1.706177 -0.512573 -0.019531 0.043701 0.420410 -0.174805
1.679199 -0.508179 -0.034180 0.083374 0.385742 -0.298462
1.656982 -0.524048 -0.046875 0.121460 0.329712 -0.405151
1.654419 -0.542358 -0.058960 0.160400 0.282959 -0.483765
1.653809 -0.551270 -0.078125 0.204590 0.250488 -0.545166
1.665039 -0.555298 -0.100708 0.254883 0.224365 -0.609375
1.582275 -0.462646 -0.142334 0.293579 0.204956 -0.680298
1.645874 -0.596191 -0.165161 0.305298 0.099731 -0.685791
1.708374 -0.672974 -0.133179 0.303223 0.023315 -0.715210
1.724365 -0.690796 -0.098145 0.335815 0.046631 -0.813232
1.678711 -0.677490 -0.087158 0.429199 0.083740 -0.951172
1.611694 -0.636475 -0.083008 0.563599 -0.014893 -1.083252
1.586670 -0.611816 -0.188721 0.688721 -0.245972 -1.200439
1.416260 -0.669312 -0.296875 0.774658 -0.463623 -1.306641
1.361328 -0.616089 -0.345093 0.809570 -0.419922 -1.358276
1.286133 -0.573853 -0.366211 0.834229 -0.621216 -1.395996
1.192139 -0.572632 -0.431030 0.844238 -0.957886 -1.369263
1.164673 -0.537598 -0.499390 0.814087 -1.104736 -1.290771
1.151978 -0.541138 -0.531982 0.755005 -1.053711 -1.245361
1.093506 -0.552002 -0.559692 0.682861 -0.808472 -1.271729
1.033325 -0.550049 -0.548828 0.614258 -0.412354 -1.351685
0.996582 -0.489258 -0.556274 0.576050 -0.010742 -1.454346
0.917969 -0.394653 -0.529541 0.572632 0.216431 -1.538086
0.831055 -0.314453 -0.544312 0.615112 0.258057 -1.565308
0.743896 -0.278076 -0.590210 0.649414 0.245361 -1.535645
0.653076 -0.241821 -0.596069 0.643311 0.157715 -1.461914
0.568848 -0.216553 -0.605347 0.591553 -0.015991 -1.359497
0.510864 -0.183105 -0.610229 0.510742 -0.161621 -1.256714
0.484497 -0.151855 -0.568115 0.439087 -0.197144 -1.165405
0.503174 -0.120728 -0.583984 0.386230 -0.084106 -1.080322
0.529541 -0.084839 -0.551147 0.358154 -0.112549 -1.005615
0.522217 -0.059570 -0.550415 0.347046 -0.182739 -0.952393
0.492676 -0.054688 -0.559814 0.342163 -0.195313 -0.917236
0.470459 -0.049194 -0.577148 0.332764 -0.176270 -0.886841
0.459106 -0.025024 -0.596558 0.315796 -0.156250 -0.839966
0.466187 -0.008789 -0.602417 0.292114 -0.118164 -0.771973
0.486816 0.020630 -0.598877 0.259277 -0.060547 -0.702271
0.487915 0.046265 -0.587036 0.225220 -0.024048 -0.654053
0.481567 0.046021 -0.574951 0.204468 -0.026978 -0.617310
0.480225 0.049927 -0.578979 0.193115 -0.059937 -0.582520
0.491089 0.063354 -0.578125 0.180908 -0.096191 -0.542603
0.497925 0.072266 -0.567749 0.165771 -0.112183 -0.496948
0.503296 0.082397 -0.573486 0.154785 -0.103271 -0.450317
0.505981 0.094849 -0.571411 0.146973 -0.085327 -0.403687
0.513062 0.106079 -0.567505 0.140625 -0.066772 -0.359497
0.531982 0.121216 -0.566040 0.137817 -0.043823 -0.313477
0.543823 0.137085 -0.569702 0.139282 -0.022583 -0.266113
0.555908 0.169312 -0.571777 0.139648 0.004150 -0.219360
0.570190 0.196899 -0.570068 0.132202 0.040649 -0.175415
0.578491 0.205566 -0.563721 0.121704 0.080811 -0.138306
0.577148 0.206055 -0.563721 0.110840 0.109131 -0.107178
0.579956 0.216919 -0.561646 0.097900 0.122192 -0.076050
0.604492 0.201050 -0.559448 0.087280 0.129395 -0.042847
0.647827 0.197754 -0.552490 0.070923 0.141724 -0.010620
0.692261 0.200317 -0.534668 0.051514 0.162598 0.016113
0.713867 0.190918 -0.524902 0.037476 0.185181 0.030518
0.720581 0.172852 -0.515137 0.030518 0.200439 0.041504
0.745850 0.172485 -0.505615 0.025879 0.212524 0.056641
0.770630 0.179810 -0.491821 0.026733 0.229248 0.071777
0.776489 0.178345 -0.485229 0.032349 0.241211 0.077759
0.782471 0.193115 -0.474731 0.041382 0.236206 0.078003
0.798828 0.201050 -0.476440 0.052002 0.241211 0.080322
0.820801 0.214844 -0.470947 0.061646 0.227661 0.082764
