1.469238 -0.534790 -0.150757 -0.066772 -0.472900 -0.033813
1.490723 -0.507080 -0.141724 -0.012329 -0.358154 -0.004150
1.535278 -0.364746 -0.189453 0.065430 -0.293701 0.077026
1.803101 -0.448975 -0.347412 0.102905 -0.319092 0.171265
1.981689 -0.449341 -0.468994 0.040405 -0.271973 0.107666
2.079590 -0.401489 -0.523682 -0.059326 -0.164917 -0.029175
2.138672 -0.398682 -0.489502 -0.149780 -0.061523 -0.181763
2.199707 -0.415405 -0.380493 -0.231201 -0.071411 -0.350586
2.242432 -0.438599 -0.270264 -0.273926 -0.193237 -0.552612
2.252930 -0.458252 -0.175659 -0.262695 -0.334595 -0.776611
2.228760 -0.459961 -0.118042 -0.212524 -0.422852 -1.008789
2.176514 -0.484863 -0.117065 -0.155518 -0.442383 -1.224487
2.125244 -0.508423 -0.145386 -0.120483 -0.399902 -1.396851
2.050293 -0.533569 -0.150391 -0.108521 -0.275269 -1.525391
1.979248 -0.565674 -0.167236 -0.094727 -0.114868 -1.620117
1.911499 -0.578735 -0.200928 -0.067383 0.011475 -1.697388
1.875244 -0.563354 -0.250854 -0.022583 0.095093 -1.774170
1.853394 -0.558838 -0.334106 0.022827 0.122192 -1.861450
1.811279 -0.570190 -0.385376 0.033569 0.113159 -1.953369
1.757813 -0.569458 -0.389526 0.013916 0.108032 -2.036011
1.693604 -0.551880 -0.363647 -0.017212 0.115845 -2.109375
1.617432 -0.540405 -0.324707 -0.042358 0.116577 -2.185425
1.536743 -0.518555 -0.290161 -0.054810 0.102173 -2.261475
1.447388 -0.479004 -0.252075 -0.056274 0.105957 -2.342773
1.359009 -0.459961 -0.234863 -0.048096 0.131226 -2.426636
1.259033 -0.465210 -0.230835 -0.041016 0.149292 -2.495728
1.151123 -0.447998 -0.232788 -0.039307 0.181274 -2.536255
1.042725 -0.413818 -0.211304 -0.035645 0.259155 -2.557373
0.931519 -0.390991 -0.199463 -0.027344 0.336792 -2.568604
0.833862 -0.374878 -0.199097 -0.026245 0.379639 -2.552979
0.752441 -0.343140 -0.202759 -0.032349 0.415527 -2.504395
0.658447 -0.302856 -0.197632 -0.031860 0.459229 -2.447388
0.524048 -0.227783 -0.209229 -0.021606 0.488159 -2.389404
0.436157 -0.174072 -0.191650 -0.014771 0.474487 -2.314697
0.386841 -0.137085 -0.182983 -0.010132 0.393188 -2.235229
0.318359 -0.078247 -0.182129 -0.011841 0.313477 -2.168335
0.253296 -0.011230 -0.166138 -0.023560 0.253052 -2.093872
0.205078 0.029175 -0.148682 -0.045898 0.195435 -2.009766
0.151978 0.049438 -0.134888 -0.082153 0.158813 -1.935547
0.078491 0.075806 -0.105469 -0.120239 0.151245 -1.865967
-0.003418 0.097290 -0.082642 -0.140625 0.158691 -1.783569
-0.053955 0.115234 -0.065063 -0.152710 0.157837 -1.680786
-0.108398 0.149658 -0.047119 -0.158813 0.149048 -1.569824
-0.167358 0.170166 -0.040283 -0.154663 0.140625 -1.460815
-0.212524 0.165527 -0.039429 -0.147095 0.118286 -1.341309
-0.236084 0.196045 -0.028442 -0.140015 0.082642 -1.197021
-0.251709 0.225952 -0.025269 -0.123169 0.057129 -1.032471
-0.234985 0.251709 -0.014771 -0.105713 0.055298 -0.856201
-0.207886 0.295166 0.002197 -0.096436 0.071167 -0.687378
-0.191406 0.334961 0.017822 -0.087891 0.111816 -0.535278
-0.199829 0.345459 0.017700 -0.078247 0.159912 -0.404175
-0.227539 0.348267 0.010986 -0.064453 0.188843 -0.285400
-0.257935 0.357544 0.000610 -0.046143 0.206909 -0.172119
-0.293701 0.371094 -0.027344 -0.029785 0.223145 -0.066528
-0.336182 0.368896 -0.043457 -0.020996 0.223389 0.029541
-0.368042 0.347900 -0.056274 -0.015503 0.189209 0.123291
-0.392700 0.331909 -0.065552 -0.005493 0.128906 0.233398
-0.387573 0.320557 -0.065186 0.008545 0.061646 0.364624
-0.364868 0.307983 -0.062134 0.025513 0.000732 0.508423
-0.302612 0.288330 -0.053467 0.041016 -0.050049 0.661621
-0.212646 0.282593 -0.038086 0.056274 -0.083618 0.822144
-0.130127 0.280640 -0.030640 0.073975 -0.081543 0.975098
-0.056274 0.274292 -0.039307 0.084595 -0.043335 1.110596
-0.009644 0.279297 -0.057983 0.085938 0.012207 1.228882
0.022339 0.275513 -0.075562 0.092285 0.064453 1.330444
0.053101 0.250488 -0.104248 0.113281 0.088257 1.419434
0.098511 0.222778 -0.147949 0.145508 0.068115 1.507813
0.172607 0.204468 -0.186768 0.181763 0.017334 1.601440
0.260864 0.182373 -0.233643 0.208374 -0.043579 1.698853
0.386108 0.132080 -0.279785 0.215942 -0.109985 1.804077
0.561035 0.108398 -0.294312 0.199097 -0.181519 1.934692
0.719604 0.161621 -0.277100 0.165039 -0.190674 2.060303
0.815796 0.223267 -0.253906 0.111694 -0.103516 2.122070
0.866577 0.252686 -0.221680 0.030029 -0.005127 2.108765
0.855835 0.241089 -0.191772 -0.057983 0.054565 2.044556
0.826904 0.197754 -0.150269 -0.114380 0.072754 1.968872
0.778442 0.127563 -0.140747 -0.116089 0.034302 1.893799
0.815918 -0.035645 -0.173950 -0.073364 -0.101807 1.852417
0.948853 -0.061401 -0.159912 -0.011230 -0.297119 1.895020
1.053345 -0.049316 -0.185425 0.062988 -0.372070 1.955566
1.171265 -0.121338 -0.221802 0.094971 -0.354492 2.011353
1.302002 -0.111084 -0.191895 0.071533 -0.325928 2.089600
1.359863 -0.037598 -0.151367 0.046021 -0.187012 2.143555
1.363647 0.002563 -0.124268 0.022949 0.016602 2.134888
1.351074 -0.013672 -0.094849 0.000854 0.176270 2.058472
1.276367 -0.042236 -0.142822 0.019409 0.263062 1.917725
1.228027 -0.099976 -0.196411 0.073975 0.252197 1.782715
1.241699 -0.284058 -0.295410 0.125244 0.145264 1.705566
1.354980 -0.437378 -0.372559 0.114868 0.036499 1.754639
1.535522 -0.432373 -0.356201 0.050171 0.078003 1.921875
1.732178 -0.347290 -0.265625 -0.033081 0.327759 2.065552
1.758423 -0.206543 -0.137695 -0.109863 0.548096 2.010010
1.646484 -0.113892 -0.169556 -0.136963 0.534180 1.783081
1.494141 -0.145142 -0.191650 -0.114868 0.359009 1.503418
1.371338 -0.222900 -0.226929 -0.056030 0.052368 1.268921
1.318604 -0.333374 -0.280884 0.012695 -0.248657 1.092529
1.332275 -0.488281 -0.349487 0.045044 -0.516724 1.017822
1.422119 -0.584106 -0.373047 -0.002808 -0.607422 1.084473
1.552246 -0.568970 -0.324951 -0.116455 -0.430908 1.245361
1.627197 -0.498535 -0.273071 -0.247070 -0.074097 1.391724
1.681763 -0.473389 -0.196533 -0.358521 0.242310 1.436890
1.665039 -0.448975 -0.187134 -0.404297 0.403198 1.341919
1.580444 -0.430908 -0.208008 -0.378296 0.396240 1.163940
1.518799 -0.435425 -0.225830 -0.314575 0.206787 0.978149
1.457031 -0.468750 -0.247070 -0.249023 -0.034424 0.781006
1.404297 -0.527344 -0.270996 -0.207520 -0.249390 0.613403
1.386597 -0.588867 -0.265259 -0.208740 -0.405151 0.520752
1.421387 -0.654419 -0.231567 -0.250977 -0.467896 0.502686
1.475708 -0.640137 -0.168823 -0.315063 -0.422974 0.539429
1.551025 -0.621460 -0.094604 -0.367310 -0.276733 0.581787
1.567383 -0.605957 0.005615 -0.378906 -0.101440 0.559937
1.520874 -0.563965 0.022583 -0.325562 0.010742 0.467529
1.416260 -0.533569 0.002441 -0.229614 0.078369 0.343140
1.316040 -0.531128 -0.055664 -0.125854 0.076904 0.237427
1.226563 -0.524780 -0.110229 -0.040894 0.038574 0.148804
1.151367 -0.526611 -0.170044 0.018677 -0.010010 0.081665
1.102417 -0.516968 -0.221680 0.041870 -0.042847 0.045410
1.077637 -0.519653 -0.240356 0.029297 -0.053101 0.033447
1.064087 -0.525879 -0.239258 0.000610 -0.067139 0.034546
1.060425 -0.525757 -0.226807 -0.029785 -0.076538 0.042114
1.066528 -0.519409 -0.208130 -0.053711 -0.077026 0.048462
1.067017 -0.515747 -0.187012 -0.065674 -0.079224 0.046753
1.070557 -0.508545 -0.178101 -0.066895 -0.084839 0.034302
1.058716 -0.504761 -0.172607 -0.061890 -0.087891 0.012817
1.036011 -0.504761 -0.182251 -0.054565 -0.080811 -0.009521
1.011841 -0.508179 -0.186035 -0.050049 -0.066650 -0.025391
0.982300 -0.514038 -0.193359 -0.050049 -0.047974 -0.031738
0.962524 -0.514648 -0.196167 -0.054810 -0.018921 -0.030762
0.950562 -0.523315 -0.199829 -0.062500 0.011353 -0.025269
0.941650 -0.521484 -0.194580 -0.070435 0.039429 -0.017578
0.937134 -0.525757 -0.188843 -0.075439 0.066040 -0.010742
0.934814 -0.529053 -0.189209 -0.077393 0.085205 -0.004761
0.926758 -0.527710 -0.184448 -0.077881 0.092407 -0.001831
0.924805 -0.527710 -0.177002 -0.076782 0.092163 -0.002319
0.915771 -0.526855 -0.175537 -0.075439 0.086670 -0.005371
0.906372 -0.522827 -0.168213 -0.074219 0.078735 -0.009644
0.902100 -0.526978 -0.170898 -0.075195 0.069946 -0.013428
0.895508 -0.525146 -0.161011 -0.078125 0.061890 -0.013550
0.889648 -0.521973 -0.155273 -0.078125 0.057373 -0.012085
0.886597 -0.521729 -0.151611 -0.075439 0.047607 -0.011963
0.886353 -0.522095 -0.146851 -0.069824 0.033569 -0.009766
0.893677 -0.518799 -0.139282 -0.061768 0.018921 -0.004639
0.897461 -0.510010 -0.143677 -0.051758 0.001343 -0.000610
0.899902 -0.508667 -0.153564 -0.043457 -0.011963 -0.000366
0.904053 -0.501465 -0.161377 -0.037720 -0.020020 -0.002808
0.895264 -0.499390 -0.164429 -0.037964 -0.025391 -0.007446
0.884399 -0.499512 -0.170166 -0.043335 -0.022339 -0.011353
0.874390 -0.508423 -0.168457 -0.049683 -0.017212 -0.011108
0.863159 -0.511841 -0.168701 -0.051025 -0.019653 -0.006836
0.856567 -0.513428 -0.168701 -0.049072 -0.029907 -0.000122
