1.697388 -0.552612 -0.175537 -0.086914 -0.164795 -0.070435
1.888916 -0.561279 -0.203613 -0.135498 -0.066162 -0.019897
2.069580 -0.544067 -0.183350 -0.203735 0.035889 -0.021240
2.248535 -0.615601 -0.185181 -0.234985 0.045898 -0.061401
2.411621 -0.698120 -0.162354 -0.224487 0.045288 -0.177246
2.570313 -0.674561 -0.116211 -0.176025 0.029663 -0.406982
2.586060 -0.647949 -0.155273 -0.063232 -0.046143 -0.734375
2.465210 -0.661865 -0.263550 0.048218 -0.106689 -1.079102
2.332886 -0.677612 -0.336426 0.109253 -0.131714 -1.368042
2.252808 -0.669434 -0.396484 0.119629 -0.136841 -1.587158
2.162842 -0.667236 -0.459473 0.091553 -0.106567 -1.764648
2.060547 -0.677979 -0.496094 0.025269 -0.060547 -1.907471
1.984253 -0.692261 -0.491211 -0.058716 -0.027466 -2.012695
1.906250 -0.707275 -0.451172 -0.128906 -0.034546 -2.101807
1.831055 -0.709229 -0.401367 -0.173706 -0.080078 -2.181274
1.760864 -0.699341 -0.360474 -0.196289 -0.128296 -2.249634
1.661987 -0.670288 -0.323486 -0.204346 -0.150146 -2.313477
1.592163 -0.620605 -0.312256 -0.208862 -0.134521 -2.385254
1.464111 -0.600586 -0.324707 -0.224121 -0.050781 -2.487061
1.291382 -0.594971 -0.335571 -0.260376 0.011597 -2.579712
1.129150 -0.588623 -0.308594 -0.317017 0.093506 -2.631104
0.975342 -0.574707 -0.263794 -0.357422 0.181396 -2.650146
0.815674 -0.544067 -0.235596 -0.362671 0.241699 -2.652466
0.678955 -0.515747 -0.201538 -0.354492 0.262939 -2.635742
0.550903 -0.472290 -0.172729 -0.347900 0.258911 -2.593750
0.451660 -0.415161 -0.147827 -0.341553 0.261108 -2.531372
0.341431 -0.375122 -0.108887 -0.331421 0.267944 -2.472534
0.242432 -0.327515 -0.089233 -0.312866 0.233765 -2.412231
0.151733 -0.275879 -0.062012 -0.294922 0.193237 -2.343018
0.072632 -0.234497 -0.029297 -0.274170 0.142822 -2.252686
0.020752 -0.177124 -0.003906 -0.251221 0.097290 -2.140381
-0.051270 -0.112915 -0.003174 -0.235840 0.079712 -2.033325
-0.116699 -0.073486 -0.032715 -0.240723 0.095093 -1.931030
-0.184448 -0.048706 -0.004639 -0.271240 0.145264 -1.815063
-0.231323 -0.006348 0.028076 -0.294067 0.130371 -1.658813
-0.242432 0.015137 0.083130 -0.295532 0.075439 -1.471680
-0.204102 0.052368 0.108765 -0.268433 -0.003296 -1.270264
-0.179443 0.110352 0.139893 -0.232544 -0.004150 -1.077637
-0.163330 0.167969 0.132935 -0.189941 0.034424 -0.899292
-0.174805 0.205811 0.133179 -0.150269 0.077881 -0.737549
-0.148560 0.230469 0.082764 -0.115112 0.073242 -0.584351
-0.153320 0.255371 0.048950 -0.091675 0.096191 -0.459229
-0.180908 0.275757 0.034058 -0.076172 0.119751 -0.348999
-0.221680 0.289185 0.026855 -0.068115 0.136841 -0.247070
-0.266113 0.285645 0.043213 -0.061890 0.130859 -0.157227
-0.315430 0.284058 0.051514 -0.052979 0.094971 -0.066284
-0.354858 0.273438 0.067993 -0.031006 0.040771 0.044067
-0.362305 0.257813 0.070435 0.006836 -0.031372 0.188110
-0.342407 0.246216 0.068970 0.053589 -0.104004 0.364990
-0.281860 0.237427 0.079224 0.104736 -0.152710 0.558105
-0.201416 0.229126 0.077271 0.154907 -0.162231 0.752686
-0.130981 0.224487 0.060303 0.195679 -0.129883 0.930542
-0.084473 0.213745 0.040283 0.217773 -0.066162 1.084106
-0.044800 0.188843 0.003540 0.230225 -0.010376 1.222412
-0.002441 0.169434 -0.042358 0.245239 0.003052 1.357666
0.059082 0.142944 -0.086914 0.272827 -0.019775 1.493896
0.153198 0.119507 -0.122803 0.305542 -0.057861 1.640503
0.235352 0.097534 -0.153931 0.330566 -0.067017 1.782227
0.292236 0.051514 -0.178345 0.333496 -0.051270 1.919922
0.386719 -0.044556 -0.168945 0.296997 -0.029053 2.093140
0.489014 -0.096313 -0.140015 0.239746 0.058472 2.275757
0.564453 -0.133179 -0.098877 0.195068 0.212891 2.426758
0.652954 -0.202148 -0.088623 0.182739 0.315063 2.571411
0.767090 -0.292847 -0.132080 0.197021 0.320801 2.722168
0.915649 -0.388428 -0.204346 0.213989 0.306763 2.887695
1.115112 -0.399292 -0.230347 0.218628 0.328735 3.047363
1.285400 -0.331787 -0.243896 0.210815 0.433960 3.110474
1.341675 -0.253662 -0.230225 0.175171 0.580200 3.037354
1.282959 -0.234131 -0.211060 0.127197 0.681763 2.887939
1.218018 -0.281494 -0.194214 0.070801 0.661743 2.763184
1.131714 -0.402466 -0.194946 0.054932 0.535645 2.663574
1.039307 -0.704468 -0.203979 0.094849 0.325562 2.636108
1.055054 -0.942505 -0.094116 0.132202 0.129639 2.807373
1.179565 -1.095581 -0.010254 0.198364 0.014404 3.086792
1.388428 -1.268677 0.058105 0.268555 -0.060059 3.348511
1.706909 -1.311890 0.114746 0.326294 -0.078369 3.530762
2.040283 -1.178345 0.135254 0.403442 0.068359 3.507690
2.297119 -0.952026 0.105469 0.495850 0.308960 3.217651
2.436035 -0.688110 -0.023193 0.563354 0.446655 2.695068
2.305542 -0.516968 -0.241699 0.553955 0.425415 2.020264
1.979004 -0.502808 -0.423340 0.435425 0.327393 1.366455
1.662964 -0.573853 -0.544067 0.245361 0.136597 0.863892
1.419922 -0.676392 -0.577148 0.031128 -0.152710 0.529785
1.288086 -0.763306 -0.509277 -0.190063 -0.462158 0.350708
1.272461 -0.849243 -0.364868 -0.375122 -0.755493 0.300903
1.337891 -0.904541 -0.231079 -0.480713 -1.031250 0.345093
1.453369 -0.909180 -0.115967 -0.504272 -1.176636 0.419434
1.551758 -0.864136 -0.016846 -0.467163 -1.088989 0.454468
1.591431 -0.822632 0.041870 -0.394531 -0.884033 0.421875
1.559326 -0.788208 0.047363 -0.307373 -0.659668 0.339111
1.455811 -0.762817 0.011963 -0.235474 -0.459717 0.240234
1.342529 -0.765259 -0.050659 -0.181274 -0.322754 0.164795
1.254639 -0.768066 -0.098877 -0.139038 -0.223145 0.123901
1.204712 -0.758423 -0.118164 -0.103516 -0.186401 0.106323
1.184448 -0.744019 -0.142700 -0.066528 -0.210205 0.086670
1.166748 -0.720947 -0.172241 -0.035034 -0.252319 0.057373
1.156982 -0.689575 -0.183228 -0.010132 -0.271973 0.027588
1.148804 -0.668213 -0.187622 0.008057 -0.259766 -0.000366
1.127808 -0.655884 -0.197144 0.018311 -0.234985 -0.030029
1.105469 -0.650391 -0.213013 0.014771 -0.189819 -0.058960
1.088989 -0.638184 -0.218994 0.000244 -0.146851 -0.079468
1.072021 -0.641846 -0.228760 -0.021973 -0.112793 -0.096802
1.061523 -0.648315 -0.236450 -0.051025 -0.083374 -0.109985
1.053955 -0.634399 -0.219727 -0.081665 -0.049194 -0.125488
1.041992 -0.621094 -0.197998 -0.106323 -0.010498 -0.152222
1.009888 -0.620361 -0.164917 -0.126465 0.026123 -0.188843
0.967651 -0.632202 -0.135498 -0.139893 0.066040 -0.220947
0.928589 -0.638306 -0.112061 -0.137817 0.108765 -0.231445
0.896118 -0.640625 -0.099121 -0.122803 0.141968 -0.223999
0.868530 -0.635254 -0.092407 -0.104004 0.155884 -0.212646
0.854126 -0.635498 -0.101685 -0.085815 0.148438 -0.195190
0.837524 -0.630127 -0.101929 -0.069458 0.141113 -0.176514
0.827881 -0.624268 -0.110962 -0.053223 0.128540 -0.160034
0.829956 -0.617432 -0.125244 -0.039551 0.107544 -0.147827
0.827637 -0.615845 -0.145874 -0.031860 0.083130 -0.142944
0.823364 -0.612671 -0.151001 -0.032715 0.071411 -0.139648
0.818359 -0.605957 -0.145874 -0.036377 0.067627 -0.134399
0.817627 -0.600708 -0.138672 -0.040894 0.059448 -0.127930
0.821533 -0.595215 -0.129883 -0.038208 0.046997 -0.121338
0.824219 -0.593506 -0.132813 -0.028564 0.036621 -0.115112
0.826172 -0.587280 -0.143921 -0.019775 0.036499 -0.108398
0.822754 -0.581421 -0.150513 -0.020630 0.044678 -0.099854
0.823364 -0.578491 -0.159790 -0.027222 0.053467 -0.090454
0.819580 -0.578735 -0.161133 -0.035156 0.054321 -0.081665
0.824463 -0.575073 -0.163940 -0.038452 0.049561 -0.073608
0.829956 -0.566284 -0.174561 -0.038574 0.043823 -0.070557
0.832275 -0.566040 -0.185425 -0.044189 0.029541 -0.073975
0.832397 -0.577881 -0.180786 -0.057495 0.015259 -0.079346
0.838013 -0.583130 -0.160278 -0.071167 0.002930 -0.080078
0.837646 -0.583130 -0.146484 -0.074951 -0.005371 -0.077271
0.836304 -0.580688 -0.137817 -0.066284 -0.012329 -0.073486
0.836670 -0.578613 -0.149414 -0.054688 -0.018921 -0.067749
0.842163 -0.574463 -0.158447 -0.045410 -0.020752 -0.057861
0.853149 -0.572876 -0.172729 -0.036743 -0.015869 -0.045410
0.858765 -0.572388 -0.183350 -0.034546 -0.002808 -0.034180
0.864990 -0.569824 -0.183228 -0.042603 0.014771 -0.025269
0.867310 -0.574463 -0.174927 -0.056885 0.034668 -0.017334
0.873413 -0.573120 -0.164551 -0.067505 0.049927 -0.011841
0.875732 -0.576782 -0.159180 -0.070923 0.055054 -0.011597
0.875000 -0.572876 -0.148438 -0.068848 0.055786 -0.018677
0.865967 -0.567261 -0.144165 -0.064575 0.042725 -0.028564
0.864746 -0.569946 -0.148926 -0.059570 0.011841 -0.033203
0.862793 -0.575806 -0.147949 -0.055054 -0.005005 -0.034424
0.857178 -0.574341 -0.145874 -0.051636 -0.002075 -0.030273
0.859497 -0.572876 -0.145020 -0.047241 0.000610 -0.021606
0.866089 -0.576660 -0.149902 -0.046143 -0.000244 -0.012573
0.872925 -0.575928 -0.145874 -0.049927 0.000977 -0.006714
0.878784 -0.580811 -0.145752 -0.055664 0.006226 -0.003540
0.883301 -0.580078 -0.135864 -0.058594 0.006714 -0.002197
0.889160 -0.577271 -0.133789 -0.053955 0.001587 -0.001099
