1.961060 -0.573242 -0.097900 -0.224121 -0.256226 -0.146362
2.139893 -0.562134 -0.155396 -0.220581 -0.220947 -0.160889
2.339355 -0.505737 -0.194458 -0.231323 -0.180176 -0.260620
2.518433 -0.472900 -0.283569 -0.231079 -0.208252 -0.433228
2.550171 -0.471191 -0.358154 -0.246826 -0.182495 -0.709595
2.443726 -0.473999 -0.425537 -0.279663 -0.142334 -1.041504
2.322388 -0.530396 -0.487671 -0.310059 -0.166748 -1.324463
2.262695 -0.608032 -0.518921 -0.351807 -0.250366 -1.520142
2.298340 -0.666260 -0.532349 -0.412109 -0.342041 -1.627808
2.383057 -0.688232 -0.526733 -0.486084 -0.377319 -1.695068
2.422363 -0.695923 -0.494019 -0.560547 -0.324219 -1.776489
2.410767 -0.675781 -0.447754 -0.611938 -0.218994 -1.897827
2.310303 -0.640625 -0.386475 -0.615234 -0.107422 -2.085571
2.097900 -0.619995 -0.349976 -0.570801 -0.009521 -2.315796
1.818604 -0.597900 -0.323730 -0.508301 0.081787 -2.520142
1.530396 -0.583496 -0.328857 -0.445923 0.173096 -2.663452
1.272461 -0.556885 -0.336426 -0.390991 0.232422 -2.743530
1.052124 -0.516113 -0.330200 -0.344971 0.302979 -2.774536
0.853882 -0.481567 -0.327881 -0.304932 0.385986 -2.770752
0.682007 -0.441162 -0.321045 -0.283691 0.452026 -2.741821
0.524902 -0.389893 -0.303711 -0.286255 0.502563 -2.704224
0.358643 -0.369995 -0.295288 -0.301514 0.540283 -2.677246
0.185791 -0.362305 -0.279053 -0.322754 0.521851 -2.639282
-0.011963 -0.267090 -0.214111 -0.341675 0.413452 -2.546143
-0.070923 -0.250244 -0.212036 -0.346680 0.275513 -2.407349
-0.164917 -0.231812 -0.152710 -0.366211 0.207642 -2.309326
-0.258423 -0.181763 -0.095093 -0.384033 0.094116 -2.155762
-0.298340 -0.127930 -0.037109 -0.412109 0.016602 -1.940552
-0.311279 -0.085205 0.041870 -0.435059 -0.002930 -1.712646
-0.309204 -0.036377 0.125244 -0.441284 -0.009521 -1.484985
-0.265869 0.015503 0.181885 -0.423462 -0.025635 -1.246704
-0.231689 0.072876 0.215942 -0.390137 -0.003174 -1.021362
-0.209595 0.112183 0.214722 -0.354736 0.070557 -0.820557
-0.171143 0.147095 0.203369 -0.327759 0.150757 -0.636719
-0.157471 0.182373 0.183838 -0.303955 0.212524 -0.483154
-0.160889 0.198120 0.159302 -0.278320 0.251221 -0.367676
-0.156372 0.215332 0.145752 -0.256592 0.248291 -0.273438
-0.154541 0.234253 0.134644 -0.233032 0.216309 -0.192505
-0.165527 0.244385 0.130127 -0.202393 0.159912 -0.126099
-0.165405 0.245117 0.122925 -0.166382 0.070557 -0.071533
-0.181274 0.234985 0.123779 -0.121338 -0.049194 -0.023071
-0.190308 0.217041 0.122803 -0.068359 -0.181763 0.030151
-0.206299 0.187866 0.109619 -0.013306 -0.305298 0.100586
-0.222412 0.152710 0.099487 0.039429 -0.406494 0.200073
-0.218384 0.106934 0.087280 0.092773 -0.486694 0.343872
-0.192505 0.082397 0.066040 0.143311 -0.538818 0.532959
-0.143677 0.065186 0.048218 0.185425 -0.542603 0.739990
-0.086670 0.033813 0.006104 0.211304 -0.510376 0.944214
-0.030273 -0.010376 -0.037964 0.210938 -0.452148 1.138306
0.003418 -0.050659 -0.068848 0.188599 -0.371948 1.313843
0.018311 -0.109253 -0.086182 0.163696 -0.284546 1.474731
0.052124 -0.194214 -0.110229 0.143555 -0.227295 1.634521
0.101318 -0.286255 -0.123413 0.133789 -0.213257 1.808105
0.209595 -0.374390 -0.126587 0.138550 -0.229858 2.020386
0.340820 -0.416626 -0.115845 0.157349 -0.245728 2.265015
0.418335 -0.421387 -0.136719 0.188354 -0.204834 2.528076
0.616821 -0.473633 -0.174316 0.210205 -0.130859 2.821655
0.830688 -0.502441 -0.198608 0.196167 -0.041138 3.053101
1.057129 -0.467285 -0.228516 0.148804 0.052002 3.164307
1.248779 -0.370239 -0.241333 0.081299 0.173096 3.135498
1.320557 -0.308228 -0.238770 0.015869 0.330078 2.977539
1.311401 -0.356445 -0.242188 -0.030640 0.396118 2.759888
1.352051 -0.466797 -0.241211 -0.039917 0.238037 2.577026
1.481567 -0.553833 -0.237915 0.007690 -0.090942 2.465820
1.597900 -0.565552 -0.186646 0.106934 -0.340820 2.395264
1.685669 -0.511719 -0.080322 0.232300 -0.409668 2.335205
1.724243 -0.431396 -0.021362 0.359375 -0.360352 2.236938
1.642944 -0.410645 -0.063477 0.463745 -0.301270 2.080322
1.457764 -0.491211 -0.145142 0.529175 -0.237915 1.925049
1.397949 -0.706909 -0.226196 0.566284 -0.239746 1.868896
1.544312 -0.821655 -0.312988 0.596191 -0.383911 1.947754
1.685547 -0.822144 -0.378418 0.610229 -0.318848 2.008423
1.781128 -0.796143 -0.363281 0.561279 0.168579 1.984131
1.898682 -0.680054 -0.247559 0.417236 0.712036 1.925537
1.939697 -0.555542 -0.149414 0.239136 0.991699 1.781128
1.847412 -0.526245 -0.133911 0.100830 0.975952 1.516968
1.674561 -0.563232 -0.174927 0.026978 0.753540 1.196899
1.502319 -0.607178 -0.269897 0.014160 0.483154 0.893188
1.367310 -0.663208 -0.331177 0.025269 0.187256 0.654053
1.292236 -0.722900 -0.380249 0.016846 -0.124023 0.501953
1.277832 -0.756836 -0.362061 -0.031982 -0.411377 0.434326
1.330200 -0.744385 -0.306641 -0.103271 -0.562500 0.424194
1.399536 -0.731079 -0.236206 -0.168335 -0.648682 0.434326
1.446655 -0.711792 -0.184814 -0.212036 -0.740356 0.425171
1.449585 -0.701416 -0.165405 -0.233032 -0.738892 0.369629
1.401001 -0.688110 -0.171875 -0.223755 -0.604980 0.282104
1.311279 -0.685303 -0.196899 -0.189575 -0.422363 0.197754
1.208252 -0.688232 -0.231934 -0.150146 -0.264160 0.144775
1.123291 -0.691895 -0.274780 -0.120728 -0.160767 0.128540
1.071899 -0.699219 -0.308594 -0.108643 -0.127197 0.146362
1.053101 -0.696167 -0.328003 -0.110718 -0.113525 0.183105
1.061768 -0.679077 -0.339355 -0.125610 -0.087524 0.226807
1.082520 -0.656128 -0.331299 -0.147461 -0.050781 0.260010
1.096558 -0.627930 -0.313965 -0.171631 0.001465 0.268188
1.097656 -0.613281 -0.300049 -0.194702 0.065918 0.250366
1.078979 -0.607788 -0.284302 -0.215088 0.112183 0.219604
1.047363 -0.613403 -0.269775 -0.232422 0.123901 0.188477
1.019775 -0.625000 -0.261963 -0.244873 0.129761 0.163330
0.997314 -0.631104 -0.258301 -0.249756 0.117554 0.148560
0.982178 -0.636230 -0.264404 -0.254272 0.083374 0.141846
0.975952 -0.637573 -0.269897 -0.263550 0.065674 0.135132
0.978149 -0.634888 -0.275024 -0.277222 0.093018 0.123291
0.975098 -0.637939 -0.266479 -0.291626 0.134766 0.105713
0.969482 -0.652344 -0.256470 -0.306763 0.149780 0.088135
0.967041 -0.660400 -0.243530 -0.319702 0.135010 0.073730
0.956665 -0.664185 -0.232666 -0.328735 0.107910 0.058105
0.940674 -0.664551 -0.216919 -0.332397 0.076660 0.042603
0.925049 -0.660889 -0.209717 -0.332153 0.046021 0.026978
0.910278 -0.654785 -0.199585 -0.327393 0.020752 0.008423
0.891724 -0.652466 -0.183350 -0.318481 0.004517 -0.014282
0.872803 -0.648315 -0.165283 -0.306030 -0.003418 -0.037598
0.848145 -0.653931 -0.160889 -0.291138 -0.008545 -0.061157
0.820313 -0.661865 -0.162720 -0.275024 -0.014893 -0.077026
0.792969 -0.671875 -0.175415 -0.262573 -0.018677 -0.075439
0.779785 -0.672729 -0.180176 -0.256592 -0.012207 -0.057617
0.774048 -0.675293 -0.179199 -0.255371 0.004517 -0.028198
0.789063 -0.671387 -0.172974 -0.253296 0.024414 0.003906
0.807983 -0.674683 -0.167480 -0.246826 0.037720 0.026245
0.824829 -0.676880 -0.166748 -0.236694 0.040039 0.035889
0.839600 -0.681274 -0.170776 -0.226563 0.036011 0.037598
0.835327 -0.681763 -0.172852 -0.215088 0.027222 0.036133
0.834229 -0.678589 -0.172607 -0.199829 0.012939 0.035400
0.835815 -0.681763 -0.176636 -0.176636 -0.008179 0.030640
0.846802 -0.674316 -0.176880 -0.149414 -0.036865 0.020020
0.854736 -0.667480 -0.178589 -0.121948 -0.067383 0.001221
0.858643 -0.663208 -0.183960 -0.095947 -0.095459 -0.022217
0.856445 -0.663696 -0.192261 -0.074097 -0.119263 -0.046387
0.845581 -0.669067 -0.206421 -0.057861 -0.133423 -0.064941
0.840698 -0.668457 -0.213745 -0.048218 -0.138428 -0.071655
0.839722 -0.667725 -0.212891 -0.044189 -0.138916 -0.071655
0.836426 -0.666138 -0.216431 -0.039795 -0.140381 -0.071655
0.832520 -0.667480 -0.216797 -0.033936 -0.146240 -0.074951
0.834106 -0.667236 -0.223145 -0.024414 -0.156860 -0.078003
0.832153 -0.667114 -0.234619 -0.014893 -0.163574 -0.078369
0.830200 -0.669678 -0.237671 -0.011353 -0.160645 -0.071899
0.834839 -0.667114 -0.234619 -0.014282 -0.146729 -0.058960
0.834717 -0.665527 -0.236084 -0.017090 -0.127319 -0.046997
0.835327 -0.668579 -0.242310 -0.018066 -0.110352 -0.040771
0.831787 -0.669922 -0.242310 -0.018066 -0.095093 -0.037109
0.828735 -0.666382 -0.244751 -0.016724 -0.083618 -0.031494
0.832764 -0.667725 -0.247314 -0.014282 -0.077148 -0.026123
0.831909 -0.671387 -0.254639 -0.009766 -0.073242 -0.022339
0.833618 -0.668335 -0.256592 -0.004272 -0.068726 -0.018677
0.833130 -0.673340 -0.259277 0.000366 -0.063721 -0.015747
0.830444 -0.667114 -0.264038 0.005371 -0.060791 -0.015137
0.825928 -0.670044 -0.266479 0.010376 -0.065796 -0.016968
0.826050 -0.670044 -0.269409 0.015015 -0.075806 -0.020020
0.815918 -0.670776 -0.271851 0.020020 -0.083740 -0.022827
0.812256 -0.671509 -0.273560 0.025757 -0.090820 -0.024902
0.809814 -0.670166 -0.278320 0.030762 -0.096802 -0.026367
