1.806885 -0.498169 -0.184204 -0.059204 -0.182129 -0.284180
1.981934 -0.406372 -0.484985 -0.021362 -0.092529 -0.285889
2.124512 -0.469116 -0.528687 -0.102905 0.135010 -0.307861
2.309570 -0.484253 -0.444458 -0.228271 0.175415 -0.409912
2.436646 -0.481934 -0.459717 -0.281250 0.060669 -0.623169
2.473389 -0.488525 -0.535156 -0.305054 -0.038086 -0.893433
2.450195 -0.487915 -0.572876 -0.372681 -0.038818 -1.165405
2.359741 -0.507813 -0.542236 -0.470459 -0.004028 -1.429443
2.245117 -0.575562 -0.483643 -0.546997 -0.024780 -1.658325
2.176758 -0.635742 -0.443848 -0.583130 -0.127563 -1.818848
2.173950 -0.656860 -0.451416 -0.598145 -0.258057 -1.928101
2.186523 -0.647339 -0.477051 -0.621216 -0.371216 -2.028931
2.142090 -0.645142 -0.467896 -0.663208 -0.420044 -2.146240
2.046753 -0.630249 -0.428345 -0.702393 -0.409790 -2.270020
1.923706 -0.624268 -0.378174 -0.709717 -0.358032 -2.410400
1.748169 -0.628418 -0.333984 -0.680054 -0.305298 -2.556641
1.550415 -0.623535 -0.310669 -0.622192 -0.267212 -2.671509
1.323242 -0.612427 -0.296509 -0.550293 -0.209839 -2.753540
1.134521 -0.610107 -0.302612 -0.472534 -0.160767 -2.793701
0.984863 -0.587036 -0.333862 -0.406128 -0.156128 -2.779541
0.870117 -0.539307 -0.378296 -0.360229 -0.147949 -2.718384
0.757935 -0.485352 -0.424805 -0.337891 -0.101929 -2.642944
0.640625 -0.448853 -0.446045 -0.348511 -0.044800 -2.572510
0.524048 -0.404907 -0.433350 -0.396851 -0.005981 -2.479736
0.438599 -0.353516 -0.385986 -0.469116 0.039063 -2.361694
0.362305 -0.312256 -0.330200 -0.546143 0.102295 -2.246460
0.284546 -0.268677 -0.264160 -0.615845 0.173950 -2.145996
0.122070 -0.236572 -0.184448 -0.671021 0.241699 -2.060547
0.109619 -0.200195 -0.131104 -0.696655 0.242188 -1.958130
0.051636 -0.166260 -0.060791 -0.693848 0.265869 -1.874390
-0.025391 -0.129272 -0.018555 -0.661377 0.284546 -1.797974
-0.105591 -0.093994 0.003784 -0.616333 0.282349 -1.711914
-0.177856 -0.062134 0.033447 -0.567993 0.272461 -1.614014
-0.234985 -0.034790 0.033325 -0.512451 0.255005 -1.505615
-0.302734 -0.006592 0.050415 -0.457397 0.235107 -1.381714
-0.349854 0.035156 0.052612 -0.402710 0.186035 -1.227417
-0.383667 0.079834 0.080444 -0.359009 0.161987 -1.058105
-0.397827 0.113159 0.086914 -0.319824 0.137085 -0.878662
-0.431274 0.143188 0.148438 -0.283447 0.082764 -0.687012
-0.382202 0.161377 0.133545 -0.239990 0.013916 -0.476929
-0.327026 0.179199 0.104858 -0.210327 0.041992 -0.286255
-0.304565 0.189575 0.099243 -0.201660 0.160889 -0.109985
-0.341797 0.190063 0.144409 -0.195923 0.243896 0.069702
-0.334839 0.195557 0.189331 -0.156982 0.193237 0.265503
-0.254150 0.182861 0.161743 -0.079346 0.130005 0.440308
-0.215454 0.179443 0.142578 0.004883 0.100220 0.588135
-0.181396 0.184937 0.115845 0.085938 0.056885 0.754883
-0.107544 0.183960 0.082031 0.162476 0.047485 0.923340
-0.036865 0.199219 0.058472 0.236816 0.045654 1.064941
-0.003784 0.199829 0.013672 0.311523 0.019653 1.172729
0.031372 0.159668 -0.040039 0.380005 -0.029663 1.267944
0.084595 0.118408 -0.088623 0.443359 -0.099487 1.375854
0.180054 0.087158 -0.117920 0.513672 -0.184937 1.520874
0.310059 0.066772 -0.141235 0.589966 -0.241455 1.686035
0.396362 0.076538 -0.161133 0.657349 -0.232056 1.815186
0.460571 0.066162 -0.166748 0.694092 -0.165161 1.909668
0.512451 0.044312 -0.185913 0.694336 -0.073242 1.979736
0.532471 0.025146 -0.179443 0.663574 0.042603 2.023315
0.536377 -0.018188 -0.170654 0.625732 0.154297 2.052002
0.555176 -0.084961 -0.187256 0.599243 0.222900 2.091553
0.573486 -0.176392 -0.224731 0.588379 0.260498 2.158081
0.661621 -0.255737 -0.251099 0.594971 0.239014 2.294556
0.805786 -0.291260 -0.281494 0.619751 0.211914 2.456787
0.919922 -0.309692 -0.318481 0.653320 0.248779 2.567261
0.984863 -0.335815 -0.327148 0.656982 0.358276 2.626465
1.029907 -0.384399 -0.317993 0.608765 0.499146 2.691040
1.077637 -0.465576 -0.296997 0.488525 0.695801 2.813599
1.171631 -0.569946 -0.265015 0.299438 0.973877 3.017334
1.296753 -0.656494 -0.197754 0.073730 1.331177 3.257202
1.421265 -0.726685 -0.105835 -0.129883 1.670166 3.451904
1.570313 -0.762085 -0.006104 -0.222290 1.728149 3.535156
1.771851 -0.714844 0.055542 -0.107178 1.316406 3.405518
1.960815 -0.665283 0.010132 0.241943 0.472900 2.969727
2.073730 -0.636963 -0.169067 0.725952 -0.651001 2.276001
1.990112 -0.597046 -0.421753 1.151611 -1.559082 1.475098
1.744385 -0.561157 -0.560913 1.329102 -1.854492 0.815430
1.555420 -0.516113 -0.579712 1.224854 -1.611328 0.513916
1.473022 -0.600464 -0.514648 0.940063 -1.136719 0.535156
1.433350 -0.693359 -0.417725 0.560181 -0.690063 0.728638
1.423340 -0.757324 -0.292725 0.180176 -0.263062 0.947754
1.451416 -0.779297 -0.203491 -0.068237 0.009644 1.109619
1.516724 -0.766235 -0.187500 -0.140869 0.013428 1.184814
1.597290 -0.727417 -0.261108 -0.097046 -0.129150 1.150024
1.633301 -0.671387 -0.362305 -0.025146 -0.224976 1.017456
1.611938 -0.615234 -0.442871 0.020142 -0.230225 0.837402
1.532715 -0.600342 -0.474976 0.023438 -0.280884 0.649292
1.455811 -0.607788 -0.494629 -0.014404 -0.338257 0.474731
1.389404 -0.632813 -0.482422 -0.092163 -0.353394 0.347778
1.349976 -0.649780 -0.433594 -0.208740 -0.294800 0.283936
1.322266 -0.671753 -0.353882 -0.345947 -0.174438 0.251709
1.287354 -0.701294 -0.282104 -0.468262 -0.062012 0.226440
1.237305 -0.718140 -0.233887 -0.549683 0.033081 0.197998
1.173340 -0.732422 -0.204468 -0.577148 0.106567 0.162598
1.104126 -0.752686 -0.193481 -0.554443 0.131592 0.127808
1.049805 -0.757202 -0.203491 -0.496582 0.110229 0.108154
1.021484 -0.744751 -0.210449 -0.422485 0.072998 0.099976
1.005615 -0.729614 -0.220703 -0.347046 0.037476 0.092651
0.996826 -0.717285 -0.230957 -0.281616 0.000854 0.087158
0.990356 -0.704102 -0.242188 -0.232178 -0.028809 0.084229
0.978760 -0.694946 -0.248047 -0.197388 -0.026855 0.078979
0.956787 -0.691040 -0.250122 -0.170776 -0.037842 0.074219
0.935303 -0.684692 -0.263184 -0.145752 -0.074585 0.076294
0.921509 -0.675171 -0.274170 -0.125244 -0.111816 0.079468
0.909668 -0.664307 -0.285522 -0.107910 -0.135864 0.078491
0.902954 -0.654907 -0.298340 -0.092407 -0.142212 0.069336
0.895996 -0.653320 -0.308960 -0.076904 -0.154663 0.058838
0.889282 -0.648071 -0.320679 -0.068848 -0.173462 0.059082
0.885620 -0.639038 -0.326050 -0.073853 -0.172363 0.070313
0.889893 -0.641968 -0.323853 -0.090210 -0.156006 0.087158
0.886963 -0.642822 -0.324097 -0.111572 -0.133423 0.108521
0.884277 -0.642578 -0.320557 -0.132935 -0.103638 0.130981
0.884644 -0.638916 -0.316895 -0.150879 -0.068604 0.147339
0.889160 -0.627808 -0.312256 -0.164063 -0.031494 0.154419
0.879639 -0.627197 -0.320068 -0.174561 0.005493 0.151367
0.866455 -0.631104 -0.315674 -0.187378 0.039063 0.143555
0.849731 -0.638184 -0.320801 -0.202026 0.060791 0.139404
0.842651 -0.647217 -0.318848 -0.218994 0.070435 0.142700
0.843750 -0.655396 -0.309204 -0.236938 0.072144 0.150757
0.853271 -0.660522 -0.296143 -0.253174 0.070801 0.157349
0.856323 -0.661377 -0.281006 -0.264771 0.072998 0.156372
0.852661 -0.660156 -0.264893 -0.268677 0.075562 0.148560
0.846558 -0.651367 -0.245972 -0.265991 0.076294 0.135864
0.866699 -0.637817 -0.243042 -0.261963 0.073242 0.121216
0.896240 -0.625000 -0.242188 -0.259155 0.078125 0.101074
0.897583 -0.618286 -0.241211 -0.266235 0.112183 0.074829
0.855225 -0.624878 -0.240723 -0.278198 0.158081 0.046875
0.807983 -0.634155 -0.229492 -0.275513 0.170532 0.024780
0.726196 -0.620483 -0.223022 -0.253296 0.106323 0.026855
0.784790 -0.642578 -0.173950 -0.215088 0.023682 0.049927
0.835205 -0.651123 -0.192261 -0.142578 -0.082031 0.045532
0.830566 -0.639893 -0.208252 -0.089722 -0.126465 0.035645
0.838989 -0.624512 -0.227417 -0.057617 -0.145020 0.028809
0.863281 -0.622681 -0.236938 -0.036255 -0.153687 0.024780
0.871948 -0.624878 -0.250610 -0.024658 -0.136230 0.018555
0.865845 -0.619385 -0.255859 -0.026367 -0.104858 0.017090
0.862427 -0.619751 -0.256836 -0.032593 -0.095337 0.020630
0.875488 -0.625244 -0.273071 -0.035278 -0.089722 0.021973
0.885986 -0.624268 -0.280396 -0.036499 -0.060669 0.019531
0.889648 -0.619141 -0.286743 -0.037109 -0.028809 0.014526
0.890869 -0.615356 -0.293457 -0.038574 -0.002441 0.001099
0.878784 -0.616821 -0.286743 -0.036255 0.015991 -0.018188
0.864868 -0.622070 -0.268066 -0.028320 -0.007690 -0.032471
0.866333 -0.620239 -0.285522 -0.013916 -0.060547 -0.044556
0.866943 -0.619019 -0.292114 -0.004272 -0.075806 -0.060547
0.857178 -0.614990 -0.294678 -0.000854 -0.061279 -0.066284
0.849243 -0.617554 -0.292236 -0.005005 -0.044434 -0.061279
0.850220 -0.619141 -0.288086 -0.011230 -0.036377 -0.053955
0.856323 -0.619873 -0.284790 -0.012817 -0.031494 -0.048462
0.861450 -0.619629 -0.282959 -0.009644 -0.020020 -0.047607
0.861328 -0.617310 -0.280029 0.000000 -0.005127 -0.052734
