1.742798 -0.416748 -0.136597 -0.002319 -0.346558 0.287109
1.947266 -0.360840 -0.115723 0.040039 -0.218994 0.276611
2.176636 -0.330566 -0.286011 0.092529 -0.205933 0.280640
2.424316 -0.372070 -0.505737 0.071167 -0.136230 0.244385
2.592285 -0.360107 -0.480103 -0.042114 0.062256 0.095825
2.789429 -0.325439 -0.464966 -0.109131 0.090576 -0.110596
2.900757 -0.335449 -0.519043 -0.135376 -0.022461 -0.422485
2.882202 -0.354370 -0.592041 -0.166382 -0.128540 -0.765991
2.795044 -0.371338 -0.597290 -0.217529 -0.134521 -1.092773
2.705322 -0.428345 -0.570435 -0.274292 -0.150757 -1.370728
2.655518 -0.499390 -0.544189 -0.325195 -0.213379 -1.591431
2.623291 -0.560547 -0.525635 -0.370972 -0.261230 -1.778687
2.597534 -0.588745 -0.502686 -0.409790 -0.261475 -1.959961
2.524780 -0.587769 -0.482788 -0.430298 -0.222534 -2.169312
2.367065 -0.578979 -0.489502 -0.437500 -0.186523 -2.416504
2.128784 -0.595703 -0.478394 -0.447632 -0.187134 -2.669678
1.875977 -0.625488 -0.463989 -0.469971 -0.215576 -2.864502
1.640625 -0.637085 -0.437744 -0.502441 -0.224609 -2.972900
1.442993 -0.622559 -0.396851 -0.531494 -0.171387 -3.014771
1.267456 -0.618774 -0.374023 -0.543945 -0.106079 -3.023682
1.108154 -0.590942 -0.351929 -0.548218 -0.062134 -3.005737
0.954712 -0.544067 -0.329590 -0.549072 -0.005737 -2.983032
0.797729 -0.494995 -0.293945 -0.547974 0.040771 -2.968628
0.657959 -0.441406 -0.239258 -0.552490 0.084473 -2.960571
0.497070 -0.411621 -0.197998 -0.562012 0.117188 -2.958008
0.323853 -0.387329 -0.167114 -0.578735 0.127441 -2.930176
0.154053 -0.366089 -0.132935 -0.602905 0.132446 -2.851807
0.041138 -0.334961 -0.106567 -0.624390 0.127441 -2.711182
-0.051758 -0.276855 -0.069092 -0.636475 0.145386 -2.537720
-0.123535 -0.221436 -0.030029 -0.637939 0.185059 -2.361328
-0.186279 -0.158447 0.012573 -0.632080 0.235474 -2.196655
-0.250488 -0.105957 0.055786 -0.618896 0.269775 -2.053589
-0.309082 -0.068848 0.082642 -0.599365 0.264160 -1.915894
-0.328857 -0.030640 0.112305 -0.571533 0.234619 -1.761353
-0.348267 0.010620 0.132446 -0.527954 0.229126 -1.606323
-0.357666 0.050903 0.138550 -0.468628 0.253906 -1.462158
-0.394165 0.095703 0.135010 -0.415283 0.295654 -1.328613
-0.426147 0.119995 0.130493 -0.377686 0.326538 -1.193726
-0.463867 0.126587 0.123657 -0.348633 0.330200 -1.057251
-0.503418 0.129761 0.116699 -0.318970 0.311279 -0.913086
-0.544312 0.158569 0.103516 -0.286255 0.270508 -0.756348
-0.570679 0.183716 0.097534 -0.262085 0.217285 -0.583374
-0.589355 0.190430 0.096802 -0.250977 0.171997 -0.401489
-0.583496 0.183105 0.102783 -0.241333 0.136719 -0.217896
-0.578125 0.178833 0.103271 -0.223633 0.106323 -0.040405
-0.568115 0.170532 0.125366 -0.201294 0.081055 0.134766
-0.540039 0.169678 0.142700 -0.169678 0.065186 0.312622
-0.511353 0.167603 0.149170 -0.125610 0.056763 0.483154
-0.489868 0.157349 0.140503 -0.077759 0.048950 0.641846
-0.464722 0.130737 0.134766 -0.032837 0.022949 0.789917
-0.431641 0.104370 0.138306 0.018066 -0.009521 0.932861
-0.386719 0.105835 0.131958 0.079102 -0.038330 1.069824
-0.342651 0.101074 0.129150 0.148682 -0.065674 1.199829
-0.295166 0.087646 0.110596 0.217773 -0.097534 1.327148
-0.230225 0.061768 0.089966 0.283203 -0.130493 1.457275
-0.174805 0.045288 0.052856 0.346191 -0.171021 1.591187
-0.115723 0.025513 0.025146 0.410156 -0.211182 1.727173
-0.037964 -0.002319 -0.006958 0.472656 -0.255249 1.872925
0.058350 -0.038940 -0.039307 0.531372 -0.300781 2.034180
0.176880 -0.079468 -0.082642 0.585205 -0.326782 2.208984
0.307861 -0.110107 -0.135010 0.627441 -0.325073 2.384888
0.425293 -0.083130 -0.218872 0.646118 -0.305298 2.554810
0.579956 -0.134399 -0.281372 0.618652 -0.262695 2.746094
0.712158 -0.183228 -0.336914 0.551514 -0.196899 2.907593
0.866699 -0.232910 -0.354980 0.464844 -0.104004 3.031860
1.006470 -0.266602 -0.368286 0.374512 -0.012329 3.119873
1.142090 -0.295776 -0.354004 0.281982 0.079468 3.174805
1.302124 -0.290039 -0.326294 0.214111 0.124512 3.178223
1.433472 -0.301636 -0.309326 0.189941 0.104614 3.100952
1.529297 -0.337646 -0.308105 0.191528 0.051147 2.979004
1.598145 -0.343872 -0.311523 0.190918 0.013672 2.856689
1.605103 -0.382690 -0.308594 0.185547 0.044800 2.722168
1.578369 -0.489990 -0.315674 0.164917 0.122437 2.616089
1.578857 -0.542969 -0.297119 0.119141 0.234985 2.585571
1.551025 -0.585327 -0.296753 0.084106 0.407349 2.574219
1.539063 -0.647583 -0.312134 0.081421 0.464600 2.561401
1.458618 -0.661133 -0.317871 0.110474 0.339111 2.531494
1.299072 -0.799683 -0.392944 0.171143 0.004150 2.484497
1.573364 -0.969971 -0.437500 0.230347 -0.656372 2.548462
2.049927 -0.873657 -0.445801 0.298096 -1.116211 2.574219
2.244751 -0.781006 -0.453491 0.357422 -0.779907 2.294312
2.214600 -0.720093 -0.406616 0.293091 0.005615 1.880493
2.088013 -0.643066 -0.267822 0.123901 0.532104 1.564819
1.926025 -0.678345 -0.202637 -0.007080 0.697021 1.348633
1.788452 -0.746216 -0.194946 -0.054932 0.722412 1.186768
1.682983 -0.759277 -0.207520 -0.042114 0.663818 1.052368
1.610474 -0.747803 -0.255127 0.000610 0.450439 0.926758
1.605591 -0.753662 -0.379028 0.028687 0.128052 0.798462
1.607910 -0.788574 -0.417480 -0.004150 -0.207275 0.694092
1.651978 -0.786011 -0.393433 -0.095703 -0.370972 0.638550
1.711304 -0.754028 -0.297729 -0.201782 -0.367676 0.591919
1.750488 -0.728271 -0.203369 -0.274048 -0.349121 0.510864
1.734497 -0.697998 -0.116211 -0.301880 -0.356201 0.378174
1.672607 -0.660522 -0.050049 -0.284424 -0.338867 0.214722
1.571899 -0.632935 -0.014648 -0.226440 -0.241943 0.052002
1.452759 -0.626343 -0.018799 -0.142944 -0.176025 -0.081177
1.335571 -0.618774 -0.058838 -0.060425 -0.145508 -0.166504
1.226563 -0.606567 -0.108276 0.002930 -0.086914 -0.206299
1.145630 -0.592651 -0.147827 0.047363 -0.017456 -0.210449
1.086792 -0.575806 -0.185913 0.071411 0.042847 -0.191650
1.052368 -0.559937 -0.220947 0.074219 0.112061 -0.166260
1.036987 -0.540527 -0.242188 0.061157 0.180664 -0.144897
1.026855 -0.527588 -0.247070 0.039795 0.217896 -0.135254
1.015869 -0.509277 -0.233643 0.014282 0.204102 -0.140625
1.001099 -0.503540 -0.225464 -0.014404 0.150513 -0.154541
0.985962 -0.499878 -0.210449 -0.043457 0.116333 -0.169312
0.969604 -0.493652 -0.181030 -0.068970 0.118530 -0.187134
0.946289 -0.493774 -0.160645 -0.087524 0.079102 -0.202271
0.925659 -0.503418 -0.151367 -0.098145 -0.042358 -0.211426
0.912476 -0.516724 -0.160278 -0.105591 -0.112671 -0.219727
0.907715 -0.514771 -0.139648 -0.107300 -0.059326 -0.225830
0.910400 -0.522217 -0.123291 -0.103882 0.024292 -0.217163
0.909790 -0.526123 -0.109375 -0.110962 0.087769 -0.196899
0.904907 -0.517456 -0.087646 -0.121582 0.121948 -0.176636
0.892212 -0.520386 -0.080444 -0.120483 0.125000 -0.158813
0.880981 -0.527100 -0.079956 -0.113281 0.126587 -0.141602
0.870117 -0.527222 -0.075317 -0.102295 0.127319 -0.124268
0.859619 -0.518677 -0.081421 -0.087402 0.115112 -0.111694
0.854004 -0.513184 -0.079590 -0.071167 0.090820 -0.104614
0.848877 -0.510986 -0.086792 -0.054321 0.062256 -0.101440
0.839355 -0.510376 -0.101685 -0.039185 0.034424 -0.098877
0.842651 -0.504272 -0.111084 -0.029419 0.007446 -0.087891
0.855103 -0.493774 -0.119995 -0.023071 -0.014038 -0.075439
0.858765 -0.490479 -0.128662 -0.017090 -0.031372 -0.072144
0.858887 -0.495483 -0.140991 -0.018188 -0.042969 -0.074097
0.861816 -0.496460 -0.149292 -0.030396 -0.044556 -0.069336
0.868286 -0.489502 -0.146484 -0.045898 -0.034058 -0.058594
0.868896 -0.497803 -0.143066 -0.059448 -0.020874 -0.047485
0.869507 -0.500244 -0.147583 -0.073120 -0.020020 -0.040894
0.874390 -0.503784 -0.143066 -0.086792 -0.027954 -0.035767
0.875610 -0.497803 -0.139404 -0.094849 -0.033203 -0.030396
0.878784 -0.500244 -0.135864 -0.096436 -0.037231 -0.026489
0.881104 -0.509644 -0.137085 -0.097290 -0.050537 -0.022217
0.890991 -0.512695 -0.136841 -0.100098 -0.059937 -0.014648
0.899658 -0.517700 -0.141602 -0.102417 -0.053711 -0.006958
0.913208 -0.517090 -0.135376 -0.102295 -0.036499 0.000977
0.926636 -0.520508 -0.128784 -0.100342 -0.017944 0.004761
0.938965 -0.524292 -0.127197 -0.093384 -0.007568 0.005371
0.947266 -0.523926 -0.125732 -0.081177 0.003296 0.007568
0.957886 -0.519043 -0.131226 -0.067139 0.019043 0.009888
0.967773 -0.516479 -0.133667 -0.055908 0.038208 0.008667
0.973145 -0.515503 -0.140381 -0.048218 0.057739 0.004883
0.966675 -0.507935 -0.153076 -0.043335 0.076782 -0.001099
0.960205 -0.507690 -0.155884 -0.043091 0.093506 -0.005981
0.953613 -0.503540 -0.163086 -0.044189 0.104858 -0.007080
0.943237 -0.499512 -0.163940 -0.045410 0.109375 -0.007202
0.940918 -0.502319 -0.171631 -0.048828 0.110229 -0.004272
0.952271 -0.496094 -0.171509 -0.053833 0.107300 0.000610
0.958618 -0.486816 -0.167236 -0.060303 0.105103 0.001587
0.959473 -0.481567 -0.166504 -0.066650 0.103882 -0.003052
