1.340454 -0.324707 -0.371338 0.221802 -0.452759 0.298706
1.609863 -0.448242 -0.443726 0.285278 -0.510254 0.346680
1.524536 -0.322998 -0.556274 0.306763 -0.417480 0.320801
1.532837 -0.403442 -0.615601 0.315308 -0.194458 0.422607
1.832886 -0.486694 -0.677124 0.328369 -0.122559 0.527100
2.115112 -0.546753 -0.827026 0.344360 -0.269531 0.473999
2.283325 -0.595825 -0.955933 0.335449 -0.353882 0.314941
2.433228 -0.632080 -1.066528 0.287354 -0.273804 0.106079
2.549072 -0.672363 -1.096558 0.196167 -0.231201 -0.167603
2.611938 -0.707886 -1.078369 0.080933 -0.297852 -0.516602
2.589722 -0.717407 -1.019043 -0.029663 -0.453247 -0.930420
2.443726 -0.704956 -0.930786 -0.122192 -0.626465 -1.382202
2.192383 -0.670654 -0.835083 -0.187134 -0.739502 -1.816650
1.868164 -0.628052 -0.771362 -0.227783 -0.765259 -2.176880
1.529175 -0.622803 -0.743652 -0.272827 -0.685181 -2.411011
1.250366 -0.617554 -0.726807 -0.348511 -0.506836 -2.482300
1.029907 -0.583862 -0.723999 -0.446167 -0.218262 -2.410645
0.848511 -0.550171 -0.722900 -0.543213 0.139282 -2.262817
0.721191 -0.527100 -0.747681 -0.619507 0.436768 -2.085083
0.567383 -0.478516 -0.810791 -0.678467 0.613770 -1.905029
0.581909 -0.360840 -0.804810 -0.737061 0.717896 -1.729492
0.614746 -0.305176 -0.782227 -0.789795 0.773926 -1.608643
0.595215 -0.223633 -0.766479 -0.842041 0.716309 -1.563477
0.543701 -0.148071 -0.738159 -0.911987 0.598267 -1.583740
0.479004 -0.132202 -0.708984 -0.984253 0.433960 -1.646973
0.411865 -0.149414 -0.676147 -1.058472 0.249268 -1.711914
0.324585 -0.170166 -0.643677 -1.137085 0.081543 -1.736450
0.245728 -0.169189 -0.613892 -1.214233 -0.042603 -1.700439
0.181519 -0.157959 -0.584595 -1.291260 -0.084717 -1.614258
0.148926 -0.139160 -0.541260 -1.370117 -0.075317 -1.496094
0.123413 -0.118286 -0.492432 -1.450684 -0.069214 -1.367432
0.104126 -0.104492 -0.425781 -1.529907 -0.070557 -1.236206
0.091187 -0.092651 -0.339111 -1.597412 -0.041382 -1.110718
0.074341 -0.122803 -0.272095 -1.646118 0.057861 -1.014282
-0.002319 -0.096069 -0.159546 -1.668457 0.169067 -0.942749
-0.043457 -0.088379 -0.083984 -1.668457 0.150635 -0.830322
-0.095215 -0.076782 -0.005493 -1.665039 0.049683 -0.703003
-0.094116 -0.071655 0.054810 -1.648071 -0.093140 -0.565308
-0.099243 -0.056885 0.129639 -1.609131 -0.170288 -0.455811
-0.126465 -0.039917 0.179077 -1.536255 -0.213135 -0.373291
-0.138428 -0.033203 0.240967 -1.450562 -0.250366 -0.284546
-0.149048 -0.034790 0.298950 -1.368164 -0.283813 -0.175415
-0.148193 -0.040527 0.360474 -1.281738 -0.312256 -0.043213
-0.141602 -0.041504 0.423828 -1.179321 -0.352173 0.104126
-0.114380 -0.054688 0.474854 -1.060791 -0.389771 0.257568
-0.066162 -0.064941 0.532349 -0.932007 -0.424805 0.412109
-0.023560 -0.057983 0.578735 -0.795166 -0.442505 0.562622
0.017456 -0.068604 0.614014 -0.645386 -0.442261 0.708008
0.084717 -0.078857 0.639648 -0.481689 -0.459717 0.848022
0.164429 -0.067871 0.649170 -0.301270 -0.509521 0.974487
0.221924 -0.051758 0.633545 -0.102417 -0.539429 1.064453
0.254272 -0.072876 0.563721 0.102173 -0.578491 1.126099
0.295898 -0.151001 0.476440 0.289917 -0.660278 1.197510
0.397705 -0.204102 0.406372 0.438354 -0.726807 1.314453
0.512573 -0.188232 0.363892 0.555908 -0.715942 1.459839
0.582031 -0.162476 0.304321 0.662109 -0.621460 1.598999
0.626831 -0.167725 0.239014 0.755615 -0.464722 1.713013
0.624634 -0.207764 0.141235 0.834717 -0.321899 1.803711
0.631592 -0.293823 0.018921 0.899292 -0.214600 1.897461
0.657837 -0.354736 -0.063477 0.942139 -0.143799 2.025513
0.724243 -0.398315 -0.147583 0.986938 -0.178955 2.173096
0.801636 -0.513184 -0.216919 1.044800 -0.237793 2.290771
0.921509 -0.614746 -0.254761 1.120605 -0.335083 2.403320
1.066528 -0.709717 -0.305786 1.228760 -0.457520 2.515625
1.322021 -0.800049 -0.453613 1.360718 -0.560303 2.615723
1.637573 -0.740112 -0.699829 1.454102 -0.569092 2.670044
1.856445 -0.559204 -0.920898 1.461670 -0.334717 2.596802
1.932983 -0.414795 -1.055908 1.390503 0.004272 2.380737
1.863892 -0.364258 -1.073608 1.266235 0.173706 2.082764
1.838501 -0.484985 -1.070923 1.104248 0.095947 1.822754
1.868652 -0.739136 -1.048584 0.906006 0.113647 1.702393
1.972778 -0.873047 -0.963257 0.728394 0.051270 1.783813
2.129150 -0.920166 -0.859863 0.593994 -0.013184 1.911011
2.273315 -0.922852 -0.798340 0.494019 -0.006104 1.922485
2.413452 -0.951050 -0.721558 0.425659 -0.088623 1.816772
2.575317 -0.973145 -0.748779 0.396362 -0.390503 1.616821
2.731445 -0.911743 -0.890015 0.362915 -0.736572 1.309692
2.766235 -0.835327 -1.007813 0.253540 -0.933716 0.918457
2.656982 -0.779785 -0.942383 0.056763 -0.923096 0.514648
2.489380 -0.773193 -0.852173 -0.149414 -0.844238 0.165039
2.300293 -0.826416 -0.786499 -0.299805 -0.747925 -0.134888
2.093262 -0.888428 -0.752930 -0.373901 -0.608643 -0.386230
1.922363 -0.926514 -0.757080 -0.388184 -0.517700 -0.565308
1.807129 -0.940430 -0.776611 -0.373047 -0.528320 -0.682739
1.739258 -0.927612 -0.799194 -0.360596 -0.584229 -0.775391
1.688110 -0.887085 -0.792358 -0.373657 -0.608398 -0.848877
1.656616 -0.828125 -0.769531 -0.407104 -0.596069 -0.908569
1.623291 -0.779785 -0.754150 -0.445068 -0.551514 -0.977295
1.581909 -0.735596 -0.759277 -0.486816 -0.474731 -1.059326
1.534668 -0.671387 -0.759155 -0.539673 -0.404297 -1.143921
1.460815 -0.611450 -0.770996 -0.599243 -0.327148 -1.233765
1.370850 -0.619873 -0.767944 -0.669312 -0.219849 -1.325073
1.246582 -0.595703 -0.797607 -0.757324 -0.113770 -1.400879
1.113647 -0.582397 -0.776733 -0.866333 -0.030884 -1.431885
1.030518 -0.578247 -0.736816 -0.974365 -0.012939 -1.413940
0.957275 -0.565674 -0.697632 -1.066772 0.001343 -1.387817
0.900879 -0.542358 -0.617798 -1.132324 0.016602 -1.363525
0.869263 -0.524658 -0.581177 -1.154907 -0.042847 -1.340576
0.842285 -0.475098 -0.538208 -1.166382 -0.118286 -1.331787
0.815308 -0.421143 -0.500122 -1.178467 -0.173828 -1.338989
0.778931 -0.389038 -0.469238 -1.193726 -0.211182 -1.350586
0.748413 -0.372681 -0.435547 -1.225464 -0.220215 -1.358398
0.680786 -0.333252 -0.397949 -1.272705 -0.175049 -1.350464
0.640259 -0.323120 -0.359497 -1.328369 -0.138062 -1.298340
0.604004 -0.304321 -0.306152 -1.380859 -0.065918 -1.239014
0.550293 -0.267578 -0.245850 -1.416992 0.029419 -1.197021
0.499634 -0.257935 -0.198364 -1.427246 0.083618 -1.162842
0.450562 -0.245972 -0.155396 -1.423096 0.100220 -1.124146
0.416382 -0.211426 -0.091431 -1.411987 0.096191 -1.071167
0.379150 -0.170410 -0.036499 -1.367432 0.068970 -1.014648
0.337891 -0.136963 -0.001099 -1.285278 0.028931 -0.963623
0.290283 -0.098999 0.008301 -1.191040 -0.009155 -0.914673
0.268799 -0.075195 0.021484 -1.109253 -0.016235 -0.863281
0.190918 -0.003540 0.042358 -1.048096 0.027588 -0.812134
0.116699 0.056274 0.040649 -1.013306 0.043213 -0.720093
0.105103 0.046753 0.043457 -1.016479 0.028564 -0.591919
0.090332 0.047729 0.085571 -1.038086 0.055420 -0.467163
0.072754 0.066895 0.133545 -1.030640 0.092407 -0.346436
0.060547 0.080811 0.183350 -0.974243 0.110840 -0.224243
0.060547 0.103027 0.197144 -0.876343 0.102905 -0.109497
0.053467 0.131470 0.203857 -0.761963 0.078491 -0.010376
0.034180 0.158691 0.194824 -0.653564 0.048218 0.075928
0.011230 0.156250 0.178101 -0.565430 0.024292 0.158203
-0.018188 0.128418 0.151245 -0.505737 0.012695 0.253052
-0.030396 0.091553 0.143799 -0.475098 0.019897 0.382446
-0.015137 0.049316 0.147583 -0.453613 0.043335 0.541992
0.028931 0.007935 0.164673 -0.421387 0.063599 0.708862
0.098755 -0.033691 0.174683 -0.380493 0.057861 0.867065
0.177856 -0.072266 0.189209 -0.339844 0.018799 1.013672
0.264160 -0.114502 0.210205 -0.284668 -0.040405 1.145874
0.352417 -0.152954 0.226929 -0.202026 -0.112061 1.265869
0.441895 -0.156982 0.242676 -0.093628 -0.172974 1.367920
0.502075 -0.133911 0.243286 0.040161 -0.222046 1.436768
0.534302 -0.117920 0.201050 0.196167 -0.255493 1.464722
0.537842 -0.122803 0.140503 0.351563 -0.271118 1.467896
0.518555 -0.158569 0.028564 0.481445 -0.280151 1.473755
0.519653 -0.209229 -0.082153 0.563965 -0.293091 1.511841
0.561279 -0.286499 -0.183105 0.593018 -0.294800 1.601563
0.678223 -0.388428 -0.251221 0.581055 -0.278320 1.745972
0.867310 -0.412109 -0.260742 0.568481 -0.331177 1.934326
1.200073 -0.408569 -0.342651 0.601318 -0.448975 2.096313
1.365112 -0.341309 -0.407959 0.653320 -0.481079 2.109985
1.508911 -0.277832 -0.551392 0.699341 -0.366577 1.984497
1.521118 -0.261597 -0.606689 0.686890 -0.241211 1.796387
1.512207 -0.246704 -0.745605 0.620972 -0.166504 1.638062
1.542847 -0.418579 -0.819580 0.496094 0.208252 1.457397
1.638916 -0.541870 -0.700073 0.341431 0.347168 1.378052
1.696533 -0.556519 -0.678589 0.202026 0.369385 1.393677
1.654541 -0.537109 -0.614502 0.101563 0.191772 1.415771
1.619385 -0.480103 -0.543091 0.038940 0.170532 1.406006
