1.434692 -0.501709 -0.592041 0.183228 -0.756104 -0.434570
1.474487 -0.454834 -0.525513 0.204956 -0.597412 -0.400269
1.496948 -0.488647 -0.588867 0.275513 -0.691040 -0.313721
1.536499 -0.595459 -0.800903 0.307495 -0.730957 -0.242432
1.714233 -0.561523 -0.880127 0.253052 -0.596924 -0.194702
1.876953 -0.539063 -0.958862 0.191406 -0.473145 -0.204956
1.953491 -0.543335 -1.016479 0.098022 -0.372681 -0.306641
1.979492 -0.544067 -1.038696 -0.019775 -0.275879 -0.474976
1.959961 -0.567871 -1.047729 -0.133301 -0.189697 -0.667480
1.907593 -0.607788 -1.023560 -0.231201 -0.145264 -0.852905
1.832642 -0.633667 -0.970703 -0.308594 -0.115234 -1.033447
1.751831 -0.651123 -0.902588 -0.356323 -0.103760 -1.204346
1.677002 -0.668579 -0.846802 -0.378906 -0.117432 -1.344971
1.615356 -0.669800 -0.808350 -0.385742 -0.137085 -1.454956
1.542114 -0.661133 -0.802612 -0.386597 -0.138062 -1.551636
1.481201 -0.629028 -0.817993 -0.387939 -0.128784 -1.638428
1.395874 -0.595337 -0.869141 -0.405029 -0.106201 -1.721802
1.294189 -0.546143 -0.928223 -0.471436 -0.056763 -1.789307
1.173096 -0.497681 -0.967896 -0.587158 0.012207 -1.843384
1.051880 -0.476929 -0.966064 -0.729980 0.070435 -1.891357
0.757202 -0.450562 -0.972046 -0.889282 0.084839 -1.911987
0.729126 -0.441040 -0.924683 -1.066162 0.021606 -1.839722
0.726807 -0.459961 -0.815308 -1.217041 0.020874 -1.788940
0.638062 -0.458374 -0.754272 -1.315308 -0.045044 -1.766724
0.554932 -0.428467 -0.715576 -1.396362 -0.131348 -1.721558
0.478638 -0.397583 -0.686890 -1.469727 -0.186401 -1.669556
0.387939 -0.388794 -0.640503 -1.544434 -0.216553 -1.621338
0.314575 -0.393799 -0.571167 -1.628052 -0.212891 -1.559448
0.256592 -0.390625 -0.489746 -1.716064 -0.180542 -1.468506
0.186401 -0.365112 -0.404175 -1.793091 -0.103882 -1.358032
0.114380 -0.356567 -0.337036 -1.849854 -0.005371 -1.250732
0.043579 -0.343994 -0.250244 -1.894409 0.076050 -1.138794
-0.019043 -0.317505 -0.159302 -1.919556 0.116333 -1.020142
-0.073486 -0.286133 -0.061646 -1.913696 0.137085 -0.902954
-0.109985 -0.260742 0.036865 -1.877930 0.147461 -0.790161
-0.150513 -0.238037 0.115234 -1.819092 0.145874 -0.680420
-0.187134 -0.210693 0.182617 -1.741211 0.142212 -0.566284
-0.216797 -0.169678 0.254272 -1.648193 0.138428 -0.439209
-0.237793 -0.124878 0.310669 -1.538940 0.130737 -0.304932
-0.255981 -0.093140 0.360718 -1.416260 0.116821 -0.177612
-0.271484 -0.077148 0.405151 -1.292480 0.084839 -0.048096
-0.274658 -0.068848 0.444702 -1.167236 0.029907 0.097778
-0.251709 -0.063232 0.485229 -1.028320 -0.035034 0.259644
-0.220337 -0.062500 0.513428 -0.866333 -0.098389 0.423462
-0.168213 -0.061646 0.535034 -0.681396 -0.170654 0.592896
-0.083130 -0.091797 0.544800 -0.484619 -0.223389 0.771729
0.021362 -0.091919 0.542725 -0.288818 -0.251831 0.961060
0.127686 -0.086792 0.524902 -0.096313 -0.252563 1.159546
0.243774 -0.093018 0.486694 0.089233 -0.213257 1.355713
0.346558 -0.109497 0.453979 0.262207 -0.149902 1.534302
0.438721 -0.112671 0.415527 0.434570 -0.076538 1.690552
0.513306 -0.112183 0.375854 0.623047 -0.020996 1.814697
0.574463 -0.129883 0.308350 0.829346 -0.011719 1.891235
0.617798 -0.169556 0.217285 1.031250 -0.046753 1.926758
0.664185 -0.232788 0.098999 1.197266 -0.110229 1.955322
0.748779 -0.319702 -0.013428 1.323242 -0.167236 2.012085
0.879761 -0.395508 -0.115967 1.402954 -0.194580 2.110840
1.053833 -0.411987 -0.216919 1.439209 -0.187866 2.225464
1.229858 -0.375854 -0.321899 1.449341 -0.152344 2.307983
1.359619 -0.280273 -0.395996 1.454102 -0.088867 2.315796
1.432617 -0.229980 -0.452637 1.436646 -0.033081 2.225952
1.453003 -0.258911 -0.489014 1.390869 -0.075195 2.066650
1.457397 -0.307129 -0.502563 1.345825 -0.198853 1.906372
1.474976 -0.362061 -0.531128 1.330688 -0.328613 1.771362
1.536743 -0.386230 -0.616943 1.325806 -0.459717 1.661621
1.587280 -0.356323 -0.694580 1.293823 -0.567505 1.570435
1.634888 -0.364136 -0.766235 1.220947 -0.549927 1.489868
1.695313 -0.446533 -0.901245 1.078003 -0.459473 1.450073
1.813354 -0.527588 -0.946411 0.829102 -0.382813 1.479614
1.964844 -0.557983 -0.916748 0.516113 -0.295532 1.536499
2.108154 -0.554565 -0.835205 0.239746 -0.244507 1.532959
2.222168 -0.546875 -0.742920 0.032349 -0.265991 1.435425
2.300293 -0.539307 -0.668945 -0.120117 -0.343506 1.257446
2.333984 -0.560425 -0.614868 -0.226074 -0.430786 1.022461
2.345581 -0.581787 -0.562866 -0.296021 -0.502808 0.765259
2.342285 -0.611084 -0.529419 -0.318237 -0.566528 0.498535
2.276245 -0.654541 -0.553589 -0.313354 -0.623901 0.239990
2.195679 -0.665771 -0.568115 -0.328491 -0.620972 0.017944
2.099731 -0.649292 -0.561768 -0.354858 -0.563843 -0.168945
1.992798 -0.650269 -0.581787 -0.370605 -0.508911 -0.339478
1.898804 -0.636719 -0.605469 -0.381226 -0.478882 -0.496094
1.793213 -0.643311 -0.643921 -0.393677 -0.422119 -0.634766
1.688599 -0.679810 -0.683594 -0.413086 -0.353760 -0.748901
1.604126 -0.708374 -0.729492 -0.444336 -0.320801 -0.818970
1.560059 -0.703369 -0.775757 -0.479248 -0.330200 -0.859131
1.534058 -0.684692 -0.828857 -0.513306 -0.398438 -0.911133
1.501343 -0.675781 -0.889771 -0.559570 -0.521362 -0.984863
1.463501 -0.678345 -0.926392 -0.630859 -0.670166 -1.060791
1.442017 -0.651489 -0.936890 -0.719482 -0.823608 -1.120972
1.421387 -0.615479 -0.923218 -0.811523 -0.961670 -1.176392
1.395386 -0.576538 -0.916260 -0.899658 -1.072021 -1.243042
1.375488 -0.532593 -0.923096 -0.983032 -1.145020 -1.319458
1.322754 -0.506348 -0.935425 -1.072632 -1.142578 -1.394775
1.248413 -0.492554 -0.929810 -1.175415 -1.065552 -1.454956
1.170776 -0.478394 -0.902100 -1.277954 -0.953857 -1.494019
1.080444 -0.441284 -0.869141 -1.355713 -0.835571 -1.518921
0.985718 -0.413696 -0.833496 -1.415649 -0.711548 -1.532593
0.898926 -0.396484 -0.822998 -1.473145 -0.589844 -1.534546
0.810059 -0.370239 -0.804810 -1.539795 -0.475952 -1.513428
0.713867 -0.338135 -0.758667 -1.616943 -0.353882 -1.463135
0.623779 -0.310303 -0.694946 -1.696655 -0.218140 -1.394531
0.527954 -0.294189 -0.628540 -1.762329 -0.091431 -1.321655
0.455078 -0.253662 -0.536499 -1.810303 0.011719 -1.244873
0.382324 -0.206543 -0.438354 -1.834229 0.079468 -1.178833
0.320801 -0.159302 -0.349976 -1.835693 0.101929 -1.128052
0.261108 -0.113281 -0.262939 -1.821655 0.089355 -1.089111
0.200806 -0.073242 -0.190308 -1.798706 0.078369 -1.052979
0.151123 -0.039673 -0.139404 -1.773926 0.081299 -1.006592
0.100220 -0.019409 -0.093018 -1.753418 0.105225 -0.941650
0.065063 0.008301 -0.048950 -1.733276 0.157471 -0.862671
0.022583 0.026367 -0.000977 -1.705322 0.216064 -0.781860
-0.017090 0.037964 0.037354 -1.670776 0.266357 -0.702637
-0.065430 0.053467 0.075928 -1.629639 0.294067 -0.621826
-0.122681 0.060913 0.088989 -1.579346 0.301147 -0.530884
-0.173584 0.064575 0.103760 -1.532227 0.293457 -0.420166
-0.186523 0.071655 0.127319 -1.488525 0.271484 -0.285645
-0.191040 0.080200 0.155151 -1.436279 0.243652 -0.138428
-0.178345 0.076294 0.174927 -1.368164 0.205566 0.008179
-0.165649 0.060913 0.200806 -1.294434 0.162109 0.156982
-0.137695 0.048096 0.207886 -1.212646 0.117065 0.318604
-0.099487 0.047729 0.214478 -1.121948 0.086304 0.494263
-0.046875 0.055542 0.214600 -1.033203 0.089966 0.668091
0.006226 0.055054 0.214478 -0.962769 0.129395 0.829102
0.046509 0.050903 0.213745 -0.916992 0.182373 0.975586
0.082520 0.027222 0.217773 -0.884155 0.232666 1.111816
0.122070 -0.004395 0.212769 -0.841919 0.255371 1.236694
0.161865 -0.073486 0.198608 -0.779785 0.224365 1.357178
0.213867 -0.111816 0.183228 -0.720337 0.155640 1.493896
0.285645 -0.123291 0.182617 -0.666748 0.084106 1.641846
0.381958 -0.122681 0.187500 -0.599854 0.003784 1.780151
0.487305 -0.121582 0.183228 -0.506714 -0.097290 1.885010
0.603149 -0.137573 0.151489 -0.397095 -0.214600 1.947144
0.703613 -0.157715 0.108521 -0.291260 -0.336914 1.983887
0.801636 -0.186157 0.073120 -0.199219 -0.438354 2.024048
0.881104 -0.171143 0.019043 -0.128418 -0.470825 2.083374
0.979736 -0.199219 -0.041260 -0.089722 -0.457764 2.180664
1.131592 -0.259155 -0.124390 -0.093018 -0.383911 2.287964
1.261108 -0.253784 -0.124146 -0.121704 -0.234863 2.323120
1.321899 -0.206177 -0.127808 -0.114624 -0.102295 2.267456
1.362061 -0.172729 -0.178467 -0.058716 -0.117310 2.149658
1.462036 -0.176758 -0.253540 0.013550 -0.302612 1.986938
1.393555 -0.189209 -0.317749 0.078735 -0.586304 1.786499
1.378174 -0.295166 -0.436646 0.109131 -0.700928 1.593628
1.392578 -0.369629 -0.391602 0.082764 -0.829468 1.505859
1.482178 -0.455200 -0.428833 0.035645 -0.494629 1.482544
1.618652 -0.563354 -0.364258 -0.031128 0.160522 1.470215
1.740479 -0.540771 -0.241089 -0.102417 0.208862 1.544067
1.712036 -0.538208 -0.245361 -0.150757 0.000122 1.564697
1.662109 -0.500000 -0.279541 -0.148560 -0.068237 1.547241
1.716675 -0.514160 -0.296753 -0.105713 0.092285 1.547241
