1.353760 -0.381226 -0.307861 0.251709 -0.214233 0.023071
1.383423 -0.400757 -0.297607 0.252930 -0.175781 0.030273
1.383301 -0.356567 -0.311035 0.278931 -0.262207 0.007324
1.344971 -0.361206 -0.459351 0.292725 -0.222778 0.003540
1.380493 -0.382813 -0.404175 0.257324 -0.122803 0.042358
1.559692 -0.386230 -0.421509 0.259033 -0.197021 0.094482
1.678467 -0.366089 -0.468262 0.284424 -0.327271 0.065186
1.758667 -0.353394 -0.539063 0.316895 -0.383545 -0.005493
1.838867 -0.365479 -0.594727 0.334717 -0.356934 -0.074219
1.934326 -0.393311 -0.643555 0.330933 -0.305420 -0.145020
2.044434 -0.409302 -0.688965 0.301758 -0.272583 -0.227051
2.161499 -0.416748 -0.746460 0.248047 -0.224854 -0.332886
2.241943 -0.411621 -0.802734 0.163940 -0.144287 -0.483887
2.253906 -0.397095 -0.809082 0.061401 -0.056152 -0.695557
2.173950 -0.388428 -0.794556 -0.034180 -0.000366 -0.955688
2.054321 -0.401489 -0.806641 -0.110107 -0.009155 -1.223877
1.935059 -0.398682 -0.881226 -0.190063 -0.061279 -1.463745
1.817017 -0.388306 -0.947144 -0.314697 -0.076050 -1.656860
1.707642 -0.388428 -0.966431 -0.490479 -0.037231 -1.798706
1.622681 -0.396729 -0.978149 -0.695557 0.014038 -1.897339
1.555176 -0.396729 -0.972290 -0.907349 0.067871 -1.978027
1.456299 -0.397705 -0.930176 -1.109131 0.154419 -2.071045
1.339844 -0.423828 -0.892456 -1.283691 0.256714 -2.174072
1.108643 -0.443604 -0.891602 -1.440796 0.320923 -2.265015
0.936768 -0.430664 -0.813354 -1.602905 0.382935 -2.309937
0.809570 -0.463013 -0.701538 -1.742554 0.436157 -2.314819
0.674561 -0.523438 -0.632324 -1.850220 0.426636 -2.291138
0.567261 -0.546509 -0.582397 -1.954346 0.428467 -2.225830
0.457886 -0.544434 -0.513428 -2.054932 0.495361 -2.133057
0.330444 -0.564575 -0.407959 -2.141113 0.596069 -2.025879
0.221924 -0.595459 -0.283203 -2.194214 0.666138 -1.899414
0.126709 -0.580566 -0.153320 -2.195923 0.702881 -1.765747
0.043701 -0.566406 -0.032227 -2.130737 0.721558 -1.636475
-0.027100 -0.547119 0.086060 -2.008667 0.708374 -1.505981
-0.079224 -0.493408 0.197876 -1.853271 0.633301 -1.369751
-0.099731 -0.442261 0.273682 -1.675903 0.514648 -1.236328
-0.140381 -0.408447 0.329956 -1.485474 0.421143 -1.110596
-0.189697 -0.360962 0.380005 -1.295898 0.368774 -0.964844
-0.210327 -0.318726 0.407715 -1.109375 0.310181 -0.782593
-0.231689 -0.273071 0.417236 -0.927979 0.259888 -0.592407
-0.251953 -0.244019 0.413696 -0.757935 0.203613 -0.394409
-0.241577 -0.212158 0.412720 -0.605469 0.164429 -0.179077
-0.223389 -0.170532 0.413086 -0.460327 0.148804 0.030640
-0.200928 -0.144287 0.402466 -0.313477 0.115967 0.225342
-0.157959 -0.123779 0.379028 -0.171143 0.052734 0.401489
-0.114380 -0.111450 0.365112 -0.044800 -0.023193 0.562134
-0.057129 -0.112183 0.359131 0.068848 -0.091675 0.724121
0.005371 -0.127686 0.352417 0.182007 -0.156250 0.892822
0.082397 -0.156372 0.347168 0.299683 -0.214355 1.069336
0.165527 -0.162964 0.338379 0.424927 -0.257690 1.250854
0.250122 -0.164063 0.324951 0.551880 -0.294678 1.426636
0.321899 -0.174194 0.296265 0.676514 -0.324707 1.583130
0.382568 -0.183838 0.276245 0.802124 -0.327271 1.727417
0.444092 -0.199097 0.247437 0.931885 -0.320923 1.869507
0.519897 -0.222412 0.215698 1.070557 -0.319092 1.998779
0.579468 -0.263550 0.164795 1.232300 -0.339844 2.101929
0.615112 -0.326660 0.103760 1.400391 -0.374878 2.197021
0.671997 -0.428101 0.022827 1.544312 -0.390381 2.318481
0.773804 -0.476074 -0.053345 1.651489 -0.391235 2.485352
0.925049 -0.494385 -0.135132 1.735962 -0.368042 2.657593
1.091187 -0.507813 -0.231201 1.787109 -0.336060 2.786011
1.227783 -0.527954 -0.317627 1.804565 -0.333496 2.832031
1.329224 -0.517700 -0.396606 1.798584 -0.404663 2.792114
1.417480 -0.512817 -0.481934 1.757202 -0.559570 2.703247
1.479736 -0.478760 -0.534424 1.652466 -0.704224 2.604980
1.536255 -0.407715 -0.566528 1.482788 -0.764038 2.502686
1.585938 -0.384155 -0.576904 1.254150 -0.749146 2.378418
1.725464 -0.474365 -0.526245 0.984253 -0.646851 2.260376
1.776367 -0.536133 -0.403076 0.720337 -0.477783 2.171509
1.859619 -0.559692 -0.279175 0.538452 -0.432861 2.050903
1.922485 -0.636841 -0.160889 0.463623 -0.482788 1.845581
1.950928 -0.724121 -0.216675 0.477295 -0.447876 1.631714
1.992676 -0.810913 -0.270142 0.507568 -0.551270 1.459473
2.024292 -0.865723 -0.350952 0.513428 -0.605347 1.323975
2.056274 -0.884033 -0.426025 0.483276 -0.588379 1.213501
2.120483 -0.864136 -0.513794 0.424561 -0.576050 1.107788
2.189941 -0.842651 -0.604980 0.337036 -0.657349 0.962036
2.203247 -0.832886 -0.691040 0.211426 -0.802246 0.769043
2.258667 -0.838379 -0.783081 0.080078 -0.995605 0.568604
2.285767 -0.816284 -0.861938 -0.063965 -1.156250 0.330444
2.312744 -0.821899 -0.911743 -0.244385 -1.217896 0.066895
2.324219 -0.858887 -0.966431 -0.455200 -1.056885 -0.211426
2.211304 -0.884155 -0.949341 -0.687500 -0.803345 -0.484497
2.126099 -0.942627 -0.934204 -0.916504 -0.580444 -0.697266
2.027832 -1.013428 -0.925171 -1.121582 -0.431641 -0.875977
1.932007 -1.044189 -0.936890 -1.299194 -0.383667 -1.030396
1.851440 -1.053833 -0.961304 -1.456055 -0.416626 -1.165161
1.767700 -1.049438 -0.968994 -1.617188 -0.490112 -1.283325
1.717651 -1.010010 -0.962524 -1.777832 -0.574463 -1.386475
1.644043 -0.963257 -0.913208 -1.924438 -0.671997 -1.498413
1.542358 -0.925537 -0.853516 -2.046021 -0.754272 -1.614380
1.480225 -0.877686 -0.787842 -2.137085 -0.829102 -1.713745
1.434814 -0.828491 -0.761475 -2.198120 -0.886353 -1.813721
1.351807 -0.782104 -0.735962 -2.255615 -0.898193 -1.912476
1.246704 -0.746216 -0.703369 -2.325562 -0.831299 -1.990479
1.118164 -0.746338 -0.662109 -2.395020 -0.725098 -2.034546
0.997925 -0.736694 -0.593628 -2.451416 -0.619629 -2.028809
0.886230 -0.689941 -0.475708 -2.471924 -0.536255 -1.974609
0.804443 -0.626221 -0.397705 -2.432129 -0.480591 -1.910889
0.721069 -0.552612 -0.366089 -2.356812 -0.455078 -1.861938
0.649780 -0.469727 -0.328735 -2.287842 -0.435059 -1.814697
0.583984 -0.396606 -0.298828 -2.240234 -0.390503 -1.760620
0.531250 -0.329590 -0.273071 -2.203735 -0.330566 -1.699219
0.458984 -0.282349 -0.229004 -2.175659 -0.252319 -1.634399
0.382690 -0.238159 -0.181519 -2.142822 -0.157593 -1.563843
0.294800 -0.193604 -0.136719 -2.099609 -0.049927 -1.495728
0.195923 -0.170898 -0.075684 -2.041870 0.053101 -1.423950
0.129272 -0.131348 -0.032227 -1.967407 0.119873 -1.333740
0.066650 -0.112549 0.009888 -1.879517 0.122070 -1.222656
0.035034 -0.095947 0.043457 -1.776855 0.090698 -1.086670
0.034790 -0.059692 0.081787 -1.668091 0.056885 -0.934570
0.056885 -0.003540 0.119019 -1.548706 0.025391 -0.779175
0.080688 0.062012 0.131592 -1.423462 0.008301 -0.649658
0.103027 0.112793 0.133789 -1.307373 0.018433 -0.550049
0.107422 0.156738 0.119995 -1.213623 0.041504 -0.472534
0.086670 0.187012 0.102539 -1.140381 0.072876 -0.411011
0.063477 0.207886 0.072388 -1.088379 0.114868 -0.351074
0.032715 0.215454 0.039063 -1.063232 0.166016 -0.283691
0.002319 0.213379 0.026367 -1.060059 0.209839 -0.199219
-0.000977 0.219482 0.035767 -1.063232 0.232300 -0.095825
-0.003662 0.223389 0.053467 -1.058105 0.236694 0.006226
-0.010132 0.221924 0.070068 -1.042603 0.219849 0.102539
-0.006714 0.208618 0.086060 -1.020752 0.184082 0.204224
0.000977 0.196411 0.091431 -0.994995 0.147827 0.318604
0.007446 0.177612 0.105591 -0.965942 0.137451 0.444092
0.027954 0.153564 0.139404 -0.933960 0.137695 0.578369
0.049927 0.132324 0.157959 -0.890259 0.126099 0.717651
0.080444 0.123169 0.192017 -0.833374 0.110718 0.860107
0.120239 0.110962 0.210205 -0.765381 0.097290 1.001099
0.150757 0.077759 0.207275 -0.690796 0.069702 1.137451
0.194702 0.036621 0.197021 -0.614136 0.024414 1.281738
0.241333 0.014893 0.169434 -0.539917 -0.020752 1.437256
0.307617 0.010864 0.137573 -0.478882 -0.051514 1.589844
0.383789 0.013306 0.107178 -0.434814 -0.064331 1.726074
0.458252 0.030640 0.072510 -0.406616 -0.058350 1.837036
0.486328 0.040527 0.034790 -0.385742 -0.036621 1.917480
0.486694 0.034302 -0.022827 -0.370117 -0.026733 1.972046
0.483276 -0.042236 -0.092285 -0.365356 -0.065674 2.014404
0.518066 -0.139648 -0.135864 -0.387085 -0.167725 2.091187
0.603394 -0.178589 -0.121094 -0.438599 -0.271729 2.220581
0.706909 -0.211792 -0.068848 -0.489258 -0.286865 2.354614
0.749512 -0.250366 -0.036377 -0.519287 -0.294189 2.461304
0.889526 -0.354248 0.012207 -0.538940 -0.398438 2.569580
1.012329 -0.466187 0.039795 -0.536255 -0.425049 2.650635
1.118774 -0.570190 0.077881 -0.506470 -0.379883 2.717896
1.361328 -0.577271 0.082642 -0.443481 -0.333984 2.781250
1.420166 -0.519165 0.129028 -0.355591 -0.291382 2.784180
1.432373 -0.566162 0.036987 -0.250000 -0.139526 2.698853
1.568237 -0.604492 -0.074097 -0.171509 0.073120 2.627319
1.668213 -0.712524 -0.111084 -0.150757 0.571777 2.502075
