1.792847 -0.578369 -0.587769 0.359375 -0.387207 -0.444824
1.758789 -0.655151 -0.642212 0.356323 -0.384888 -0.477539
1.738281 -0.641235 -0.697754 0.342041 -0.342529 -0.530396
1.667969 -0.612915 -0.752563 0.305176 -0.263916 -0.529053
1.774536 -0.653687 -0.820557 0.237305 -0.228027 -0.465576
1.873901 -0.705444 -0.864258 0.125610 -0.172607 -0.458008
1.947754 -0.725220 -0.826904 -0.006836 -0.019043 -0.486938
1.988892 -0.723877 -0.751343 -0.110718 0.136841 -0.549072
1.991943 -0.717285 -0.692993 -0.172974 0.200928 -0.654785
1.962402 -0.715576 -0.661133 -0.200562 0.218018 -0.798462
1.899170 -0.708618 -0.670654 -0.202515 0.208496 -0.963745
1.820923 -0.670532 -0.701294 -0.191528 0.182617 -1.142578
1.721191 -0.626099 -0.727539 -0.192749 0.158813 -1.333862
1.607056 -0.590942 -0.747070 -0.217773 0.127930 -1.522339
1.487793 -0.567017 -0.762329 -0.268066 0.085938 -1.695923
1.354370 -0.537231 -0.767090 -0.342651 0.041748 -1.843506
1.218384 -0.505737 -0.755615 -0.438110 0.017700 -1.952881
1.103516 -0.492065 -0.749634 -0.546997 0.009277 -2.023193
1.016113 -0.461792 -0.756348 -0.680786 -0.006470 -2.052246
0.937744 -0.420532 -0.726807 -0.839722 -0.001709 -2.061401
0.839355 -0.402710 -0.670898 -1.007324 0.039307 -2.074585
0.731567 -0.395630 -0.601807 -1.164795 0.081177 -2.083496
0.628296 -0.390747 -0.529663 -1.305664 0.110718 -2.077881
0.523682 -0.404053 -0.441528 -1.428345 0.132446 -2.053223
0.429077 -0.422852 -0.352905 -1.523193 0.157227 -2.006958
0.346313 -0.423828 -0.263428 -1.590454 0.184204 -1.936523
0.286987 -0.407227 -0.184204 -1.628906 0.217529 -1.839844
0.248291 -0.391235 -0.120361 -1.642578 0.237549 -1.730957
0.116821 -0.334473 -0.050415 -1.640869 0.210449 -1.610596
0.145996 -0.297241 0.014526 -1.622681 0.187500 -1.472778
0.117188 -0.259155 0.107544 -1.578613 0.200317 -1.379395
0.070068 -0.230469 0.142456 -1.503296 0.163818 -1.291748
0.021484 -0.201538 0.181885 -1.416382 0.119629 -1.187744
-0.005615 -0.172607 0.215332 -1.320190 0.082275 -1.077637
-0.039185 -0.143311 0.236938 -1.219482 0.042969 -0.965332
-0.067505 -0.110474 0.235352 -1.121582 -0.002197 -0.843872
-0.088379 -0.072998 0.227051 -1.038574 -0.047119 -0.712036
-0.123169 -0.036621 0.202148 -0.974854 -0.073486 -0.578125
-0.146851 -0.012207 0.161743 -0.940308 -0.088257 -0.434326
-0.162476 0.010742 0.135254 -0.940796 -0.090820 -0.273682
-0.163330 0.035400 0.135254 -0.964844 -0.078369 -0.104736
-0.152832 0.048950 0.162476 -0.990845 -0.068359 0.052002
-0.143066 0.045044 0.207275 -0.994385 -0.104858 0.189941
-0.153564 0.053589 0.241943 -0.969849 -0.172485 0.320801
-0.128540 0.009399 0.285522 -0.925171 -0.244141 0.464966
-0.115723 -0.027832 0.322021 -0.851563 -0.325928 0.615723
-0.057251 -0.085083 0.321777 -0.759277 -0.408936 0.782959
0.008667 -0.122192 0.329834 -0.664673 -0.496948 0.962646
0.082153 -0.150513 0.337158 -0.575073 -0.562134 1.165894
0.170044 -0.165527 0.343384 -0.487427 -0.594116 1.381836
0.267212 -0.184570 0.351318 -0.395020 -0.596436 1.570801
0.364258 -0.182861 0.350220 -0.294678 -0.585327 1.711548
0.441650 -0.181885 0.347412 -0.185913 -0.584473 1.806152
0.499146 -0.186401 0.330933 -0.068115 -0.600220 1.857178
0.532227 -0.245605 0.295776 0.052979 -0.626587 1.883545
0.558594 -0.331177 0.266479 0.170898 -0.664795 1.927368
0.601929 -0.391235 0.248047 0.291138 -0.687622 2.018677
0.675415 -0.442749 0.223145 0.427734 -0.672729 2.136841
0.761597 -0.490723 0.193604 0.575928 -0.642944 2.268677
0.862305 -0.527100 0.139282 0.729248 -0.614136 2.387329
0.937866 -0.578979 0.052612 0.885620 -0.584229 2.473389
1.057739 -0.641724 -0.067871 1.034668 -0.599609 2.532471
1.250244 -0.674316 -0.207520 1.161987 -0.686401 2.536987
1.427124 -0.660278 -0.333740 1.273560 -0.798218 2.444092
1.494385 -0.656982 -0.436523 1.344360 -0.846436 2.272339
1.502808 -0.666138 -0.526855 1.355713 -0.805786 2.100952
1.555664 -0.753540 -0.571533 1.302856 -0.663086 1.996460
1.764404 -0.856812 -0.585083 1.188232 -0.419189 1.999146
1.977173 -0.872314 -0.621216 1.023193 -0.121826 2.060059
2.091064 -0.829224 -0.583618 0.835938 0.255859 2.059448
2.111084 -0.786865 -0.490112 0.654419 0.691040 1.953735
2.100220 -0.838501 -0.444214 0.526978 0.884033 1.813110
2.134766 -0.971191 -0.440186 0.447876 0.772949 1.691772
2.225220 -1.030518 -0.405151 0.397461 0.541992 1.575439
2.347778 -1.018188 -0.386963 0.387451 0.234131 1.419312
2.468384 -1.005005 -0.401489 0.423462 -0.148560 1.186768
2.546265 -0.974731 -0.400269 0.473389 -0.494507 0.866699
2.552490 -0.955933 -0.424683 0.527466 -0.770264 0.492188
2.466431 -0.961914 -0.467407 0.553589 -1.020264 0.126587
2.363770 -0.984619 -0.529907 0.529297 -1.179810 -0.191528
2.262817 -1.023926 -0.609131 0.470093 -1.151611 -0.465210
2.161255 -1.067261 -0.690430 0.374634 -1.091797 -0.673218
2.073608 -1.094849 -0.761841 0.233398 -1.057251 -0.802124
2.067383 -1.103760 -0.820068 0.054443 -1.053467 -0.876465
2.109131 -1.080322 -0.846069 -0.147583 -1.060303 -0.951538
2.143677 -1.057373 -0.808594 -0.354248 -1.110840 -1.062500
2.137939 -1.026855 -0.707520 -0.538940 -1.211060 -1.217651
2.071289 -1.011475 -0.595337 -0.662476 -1.290283 -1.401611
1.958252 -1.012573 -0.526611 -0.723022 -1.298340 -1.582397
1.816895 -1.012695 -0.476318 -0.757324 -1.209229 -1.716553
1.692505 -0.963135 -0.429443 -0.785034 -1.025513 -1.783569
1.584839 -0.903198 -0.414429 -0.798950 -0.793701 -1.818970
1.489014 -0.853638 -0.424805 -0.808838 -0.568237 -1.854980
1.390503 -0.785889 -0.424683 -0.830566 -0.365967 -1.891235
1.284058 -0.723755 -0.426758 -0.857910 -0.187622 -1.927124
1.199829 -0.660400 -0.442749 -0.894165 -0.084351 -1.966675
1.110107 -0.591553 -0.437866 -0.952026 -0.038818 -2.019653
1.008545 -0.545654 -0.436035 -1.025146 -0.024048 -2.079590
0.905762 -0.537720 -0.418823 -1.114746 -0.056274 -2.125977
0.835815 -0.510864 -0.370728 -1.212769 -0.121704 -2.142456
0.785522 -0.463867 -0.299805 -1.294312 -0.182373 -2.145020
0.738403 -0.429321 -0.236938 -1.347290 -0.238647 -2.152100
0.680176 -0.395386 -0.187744 -1.384521 -0.297119 -2.164917
0.567383 -0.344727 -0.144287 -1.405518 -0.343262 -2.164307
0.535278 -0.305420 -0.094971 -1.408569 -0.373047 -2.135376
0.463501 -0.292603 -0.038086 -1.394287 -0.352173 -2.121094
0.347900 -0.266357 -0.022583 -1.365112 -0.304810 -2.084595
0.255371 -0.241089 -0.004395 -1.332031 -0.229980 -1.993652
0.180054 -0.218750 0.015137 -1.298340 -0.146973 -1.872437
0.133179 -0.182983 0.020752 -1.263428 -0.082520 -1.729004
0.099487 -0.131592 0.026855 -1.230835 -0.023926 -1.572266
0.068481 -0.066406 0.055664 -1.194946 0.030762 -1.418091
0.047852 -0.009277 0.079346 -1.145386 0.069214 -1.285400
0.030396 0.034180 0.094360 -1.080322 0.075317 -1.183228
0.002930 0.059814 0.097900 -1.013550 0.054077 -1.101318
-0.020386 0.081177 0.093140 -0.951416 0.022827 -1.021973
-0.047607 0.109131 0.093506 -0.897949 -0.007324 -0.936279
-0.066772 0.131104 0.091675 -0.852783 -0.027222 -0.848877
-0.094116 0.144531 0.102905 -0.810669 -0.048096 -0.761108
-0.127319 0.158447 0.105225 -0.769409 -0.075439 -0.667847
-0.166260 0.167725 0.095093 -0.730347 -0.105103 -0.553833
-0.188599 0.158936 0.092163 -0.701294 -0.146851 -0.414429
-0.190186 0.166016 0.099854 -0.684814 -0.172119 -0.246216
-0.176025 0.185791 0.115234 -0.667236 -0.170654 -0.063599
-0.154785 0.208008 0.122681 -0.640869 -0.148438 0.112549
-0.136353 0.207275 0.137207 -0.607422 -0.118286 0.270508
-0.109741 0.192871 0.134521 -0.574463 -0.093628 0.424805
-0.084106 0.189575 0.137573 -0.543213 -0.060425 0.585205
-0.067139 0.180786 0.131592 -0.507202 -0.009888 0.744263
-0.043701 0.163574 0.127686 -0.463257 0.028442 0.895996
-0.013916 0.129639 0.102539 -0.417358 0.037598 1.048706
0.036133 0.092163 0.072144 -0.375366 0.020752 1.210938
0.097656 0.060059 0.039917 -0.335327 -0.018188 1.380859
0.182861 0.029541 0.018677 -0.297485 -0.074829 1.550781
0.290283 0.004761 -0.007446 -0.266235 -0.137329 1.707764
0.400757 0.001587 -0.019287 -0.239990 -0.207397 1.841553
0.486084 0.018799 -0.045654 -0.216797 -0.279297 1.958618
0.574951 -0.024536 -0.074341 -0.200806 -0.357544 2.061890
0.629639 -0.082275 -0.088989 -0.195679 -0.386719 2.116699
0.685059 -0.147949 -0.098633 -0.194580 -0.409546 2.180420
0.726929 -0.175903 -0.080933 -0.183838 -0.435669 2.273560
0.749146 -0.189331 -0.074097 -0.153809 -0.427002 2.351440
0.755981 -0.173096 -0.072388 -0.124756 -0.425659 2.399536
0.787842 -0.201660 -0.067139 -0.099609 -0.429077 2.439453
0.895752 -0.337524 -0.028687 -0.073120 -0.455933 2.514160
1.073853 -0.428345 0.038574 -0.022339 -0.455566 2.624512
1.256348 -0.551147 0.073730 0.075806 -0.345337 2.729370
1.457520 -0.656006 0.101196 0.191650 -0.149902 2.831421
1.636108 -0.675293 0.105835 0.333740 0.057373 2.880371
1.765381 -0.713989 0.001099 0.498169 0.180420 2.812012
