1.788208 -0.585449 -0.501221 0.391235 -0.218872 -0.259521
1.634766 -0.465088 -0.708618 0.455566 -0.177856 -0.282471
1.609375 -0.476440 -0.760620 0.434204 0.062134 -0.171753
1.836060 -0.502808 -0.695190 0.389771 0.138672 -0.044678
2.063843 -0.484619 -0.774292 0.379272 -0.015259 -0.076904
2.094360 -0.429932 -0.899658 0.357910 -0.138306 -0.247681
2.021362 -0.403564 -0.982910 0.279541 -0.079346 -0.460571
1.947510 -0.414795 -0.985962 0.141113 -0.011719 -0.670532
1.875977 -0.448364 -0.953125 -0.018433 -0.031616 -0.856812
1.811035 -0.468018 -0.895874 -0.165405 -0.073853 -1.021606
1.715454 -0.487671 -0.826660 -0.279419 -0.103149 -1.180786
1.612915 -0.508911 -0.773804 -0.360107 -0.151123 -1.328003
1.526245 -0.502563 -0.747681 -0.423218 -0.224609 -1.449951
1.446899 -0.472778 -0.757202 -0.485962 -0.288696 -1.559814
1.359131 -0.437256 -0.761841 -0.573975 -0.296265 -1.666992
1.264893 -0.403931 -0.778809 -0.699341 -0.239014 -1.771484
1.144287 -0.364014 -0.791748 -0.862305 -0.136475 -1.872681
1.031128 -0.337891 -0.792969 -1.057739 0.015381 -1.960938
0.927124 -0.335693 -0.773560 -1.274902 0.166992 -2.033325
0.794800 -0.368530 -0.721802 -1.499756 0.297363 -2.091064
0.650879 -0.420044 -0.628662 -1.707397 0.389038 -2.118408
0.506104 -0.449097 -0.513794 -1.862671 0.441528 -2.099609
0.239868 -0.447510 -0.446777 -1.951050 0.467285 -2.032104
0.182617 -0.414185 -0.311035 -1.982056 0.481323 -1.888306
0.173218 -0.407471 -0.190918 -1.933838 0.448486 -1.736694
0.142578 -0.389526 -0.147583 -1.830933 0.344727 -1.605225
0.108154 -0.348389 -0.111084 -1.733887 0.235718 -1.470703
0.107544 -0.301880 -0.066528 -1.652710 0.179810 -1.336914
0.099121 -0.256348 -0.043945 -1.588013 0.175415 -1.218872
0.078613 -0.220093 -0.025024 -1.554199 0.203247 -1.105225
0.043213 -0.196655 0.037720 -1.547119 0.274414 -0.992432
0.011597 -0.178345 0.108154 -1.533447 0.344238 -0.877808
-0.030396 -0.176270 0.193481 -1.483521 0.385254 -0.767456
-0.077881 -0.168457 0.265991 -1.390259 0.383423 -0.658325
-0.086548 -0.176758 0.312622 -1.261841 0.340454 -0.529541
-0.106934 -0.167114 0.353271 -1.112793 0.321777 -0.397461
-0.136475 -0.118652 0.392822 -0.952881 0.281982 -0.241455
-0.148315 -0.094971 0.399780 -0.798340 0.226929 -0.055908
-0.113159 -0.081909 0.408936 -0.648438 0.160767 0.140625
-0.085205 -0.072632 0.420776 -0.500854 0.116943 0.328491
-0.040771 -0.067749 0.414551 -0.343750 0.102905 0.496582
-0.000122 -0.056274 0.380005 -0.183350 0.067505 0.649780
0.034180 -0.057861 0.339966 -0.031128 0.011841 0.789917
0.072876 -0.091187 0.306030 0.111328 -0.046631 0.935547
0.125122 -0.135864 0.269653 0.254395 -0.102295 1.097168
0.167480 -0.165039 0.234741 0.397583 -0.137817 1.274414
0.222412 -0.183960 0.206909 0.538452 -0.135864 1.480835
0.308960 -0.224854 0.163208 0.682739 -0.138794 1.692261
0.401245 -0.239014 0.122681 0.820557 -0.165039 1.873535
0.511719 -0.241211 0.095093 0.936035 -0.193359 2.027344
0.637329 -0.248657 0.067383 1.032837 -0.233887 2.157959
0.744263 -0.248657 0.042603 1.118042 -0.282104 2.237305
0.808838 -0.239258 -0.001953 1.221313 -0.338867 2.255005
0.838745 -0.242188 -0.058594 1.334961 -0.410645 2.229248
0.843628 -0.297363 -0.145630 1.451538 -0.515137 2.188354
0.860229 -0.386475 -0.258423 1.553101 -0.615479 2.182007
0.915161 -0.470947 -0.378906 1.616455 -0.676270 2.237183
0.990356 -0.555908 -0.495850 1.624756 -0.674194 2.332397
1.104980 -0.639404 -0.581299 1.562012 -0.606445 2.453613
1.272461 -0.713867 -0.617065 1.429932 -0.522949 2.584961
1.471558 -0.717407 -0.590698 1.259521 -0.473267 2.685669
1.636475 -0.665527 -0.521118 1.110840 -0.472656 2.692505
1.712769 -0.635010 -0.463257 1.024170 -0.587402 2.576294
1.772949 -0.665161 -0.426758 1.013306 -0.800049 2.386597
1.951660 -0.814697 -0.508423 1.028320 -0.968384 2.221191
2.152954 -0.926025 -0.594849 0.981445 -0.955444 2.071411
2.337280 -0.897339 -0.585449 0.846924 -0.696411 1.884277
2.447998 -0.867554 -0.612793 0.683716 -0.390381 1.655640
2.556030 -0.898682 -0.712524 0.522461 -0.341309 1.398193
2.651489 -0.923462 -0.796265 0.347290 -0.507080 1.121216
2.703003 -0.924194 -0.862183 0.160278 -0.763794 0.817871
2.702271 -0.938965 -0.923096 -0.026978 -1.093262 0.503052
2.672241 -0.942871 -0.946655 -0.214355 -1.344482 0.202271
2.597168 -0.927246 -0.926636 -0.396729 -1.442749 -0.084961
2.510254 -0.868652 -0.903931 -0.547241 -1.486328 -0.343628
2.406494 -0.825928 -0.899780 -0.665405 -1.470581 -0.578735
2.296143 -0.827515 -0.926636 -0.773926 -1.315430 -0.800415
2.155029 -0.845825 -0.932861 -0.883911 -0.980347 -1.017822
1.997803 -0.832520 -0.959595 -0.983154 -0.646240 -1.205811
1.869507 -0.813843 -0.987305 -1.092041 -0.446533 -1.345825
1.754272 -0.800293 -0.997070 -1.222900 -0.344360 -1.452026
1.661133 -0.791870 -0.992432 -1.370361 -0.283447 -1.545532
1.580444 -0.769165 -0.972900 -1.523682 -0.279785 -1.634521
1.509766 -0.722534 -0.935669 -1.677124 -0.291748 -1.720703
1.417847 -0.702515 -0.874756 -1.822144 -0.267700 -1.813721
1.310303 -0.699341 -0.791748 -1.948730 -0.225586 -1.906128
1.199707 -0.688354 -0.714478 -2.052002 -0.194092 -1.981689
1.091187 -0.673340 -0.631348 -2.134766 -0.164551 -2.035278
0.985229 -0.679688 -0.564453 -2.195923 -0.131348 -2.065186
0.889648 -0.668457 -0.487061 -2.234009 -0.100952 -2.057129
0.810059 -0.642090 -0.415405 -2.241577 -0.080811 -2.016968
0.735840 -0.600342 -0.355103 -2.220459 -0.074829 -1.960327
0.659912 -0.554565 -0.293945 -2.182007 -0.052490 -1.895264
0.607056 -0.482788 -0.216553 -2.130493 0.008301 -1.822754
0.551270 -0.391479 -0.165894 -2.054321 0.093506 -1.760010
0.470947 -0.312012 -0.133545 -1.966675 0.171631 -1.716187
0.396484 -0.253296 -0.106689 -1.894043 0.230469 -1.685547
0.299438 -0.204834 -0.094849 -1.841675 0.268066 -1.658325
0.190552 -0.172729 -0.074951 -1.796387 0.293213 -1.614746
0.099121 -0.154663 -0.045288 -1.753418 0.308594 -1.532837
0.038940 -0.122803 -0.005737 -1.702637 0.315918 -1.417725
-0.019409 -0.087402 0.053467 -1.634766 0.302368 -1.283691
-0.047485 -0.039673 0.093628 -1.535522 0.257446 -1.134521
-0.063843 0.016235 0.129272 -1.411499 0.207520 -0.995117
-0.077759 0.072632 0.137451 -1.275879 0.150024 -0.874268
-0.083374 0.113892 0.126099 -1.143921 0.072632 -0.764771
-0.083740 0.143066 0.101440 -1.033691 -0.004517 -0.660645
-0.085815 0.163940 0.093140 -0.952637 -0.050293 -0.552246
-0.093018 0.185425 0.069092 -0.892334 -0.061279 -0.440796
-0.104858 0.201538 0.044434 -0.848267 -0.048096 -0.329468
-0.124023 0.198853 0.019165 -0.823242 -0.017578 -0.216064
-0.151855 0.167725 -0.000977 -0.818848 0.014771 -0.090332
-0.170776 0.133423 -0.019897 -0.838379 0.032593 0.064575
-0.171997 0.116821 -0.010254 -0.877441 0.034912 0.245972
-0.153931 0.087769 0.023804 -0.922729 0.034180 0.435547
-0.117676 0.043335 0.086548 -0.957397 0.013916 0.632813
-0.057251 0.013794 0.133667 -0.962769 -0.015137 0.831665
0.000488 0.001587 0.184570 -0.937744 -0.032471 1.016479
0.047241 -0.018677 0.218750 -0.885498 -0.044800 1.174927
0.097534 -0.036987 0.236938 -0.814209 -0.075806 1.312378
0.145142 -0.040283 0.249756 -0.721313 -0.135132 1.439575
0.188354 -0.058594 0.242920 -0.609619 -0.160278 1.559692
0.242432 -0.093628 0.207275 -0.485352 -0.198364 1.684570
0.302734 -0.155518 0.137207 -0.367188 -0.261963 1.815674
0.395630 -0.226318 0.072266 -0.291016 -0.314453 1.977783
0.516479 -0.274048 0.025146 -0.275757 -0.301758 2.175903
0.650879 -0.272827 0.005249 -0.321899 -0.239990 2.407227
0.876343 -0.332520 0.057129 -0.405640 -0.157104 2.656128
1.068359 -0.338379 0.114136 -0.455566 -0.015625 2.789063
1.127197 -0.273315 0.132202 -0.435669 0.156738 2.760254
1.131470 -0.164307 0.097412 -0.364502 0.221191 2.649292
1.104858 -0.131836 0.026001 -0.287109 0.171875 2.510010
1.070557 -0.219116 -0.063477 -0.225708 0.042114 2.374268
1.085815 -0.488403 -0.164307 -0.178589 -0.145874 2.293213
1.186890 -0.699585 -0.149902 -0.198608 -0.302490 2.382690
1.444824 -0.742310 -0.024780 -0.260986 -0.335327 2.623413
1.686035 -0.792114 0.162231 -0.297119 -0.139648 2.796875
1.805908 -0.782349 0.315063 -0.261963 0.068848 2.808105
1.852661 -0.705566 0.297363 -0.114014 0.092163 2.675171
1.859497 -0.623779 0.199097 0.103638 -0.138428 2.456421
1.846436 -0.553589 0.004517 0.318237 -0.321777 2.169678
1.743286 -0.556152 -0.199341 0.457520 -0.220825 1.827515
1.635620 -0.628540 -0.358276 0.475708 -0.013672 1.524048
1.630127 -0.700806 -0.438721 0.353271 0.070435 1.331543
1.674683 -0.780029 -0.390625 0.116211 0.114380 1.218750
1.718018 -0.787476 -0.202881 -0.152100 0.209229 1.120117
1.726074 -0.789185 0.008423 -0.351807 0.273560 0.989502
1.667969 -0.798584 0.161621 -0.420776 0.235962 0.799438
1.556152 -0.796387 0.237183 -0.368774 0.132202 0.588135
1.429810 -0.779541 0.231934 -0.247192 -0.028809 0.408936
